2013-02-08,21.07,25.28,21.07,24.9,3342838.0,41794348.0
2013-02-18,23.65,23.65,23.65,23.65,305800.0,3776630.0
2013-02-19,22.46,23.63,22.46,22.46,4510163.0,53238740.0
2013-02-20,21.74,22.12,21.34,21.35,3773305.0,42225656.0
2013-02-21,21.39,21.62,20.34,20.34,2613478.0,28522566.0
2013-02-22,20.19,20.61,20.01,20.3,1876545.0,19848450.0
2013-02-25,20.2,20.4,19.46,19.52,2139594.0,22122618.0
2013-02-26,19.25,19.98,19.09,19.5,1722881.0,17649398.0
2013-02-27,19.42,20.47,19.42,20.47,1891136.0,19942216.0
2013-02-28,20.97,21.26,20.34,20.51,2950511.0,31948890.0
2013-03-01,20.49,21.55,20.3,21.53,3232607.0,35669636.0
2013-03-04,20.88,20.88,20.45,20.45,1688130.0,18066856.0
2013-03-05,19.5,21.47,19.44,21.09,2702039.0,28560966.0
2013-03-06,21.07,21.45,20.84,21.01,1659675.0,18317558.0
2013-03-07,21.07,21.07,20.32,20.47,1915832.0,20743550.0
2013-03-08,21.07,21.07,19.46,19.69,1429590.0,15176873.0
2013-03-11,19.61,19.8,19.19,19.44,1026472.0,10432606.0
2013-03-12,19.42,19.67,18.46,18.46,1504496.0,14836459.0
2013-03-13,18.48,18.71,17.54,17.72,1621161.0,15100683.0
2013-03-14,17.56,17.95,17.47,17.7,979964.0,9076022.0
2013-03-15,17.54,17.85,17.2,17.5,869618.0,7980208.0
2013-03-18,17.49,17.6,17.24,17.27,521956.0,4744471.0
2013-03-19,17.27,18.14,17.06,17.95,1533303.0,14148738.0
2013-03-20,17.87,18.37,17.75,18.23,1428426.0,13514655.0
2013-03-21,18.23,18.33,17.91,18.0,1052945.0,9956262.0
2013-03-22,17.98,18.39,17.72,18.37,1704834.0,16126691.0
2013-03-25,18.21,18.94,18.19,18.41,1408033.0,13652790.0
2013-03-26,18.39,18.58,18.06,18.33,948406.0,9032757.0
2013-03-27,18.27,18.46,17.96,18.12,1108152.0,10522338.0
2013-03-28,18.0,18.04,17.22,17.22,1565970.0,14259717.0
2013-03-29,17.33,17.62,17.08,17.29,724595.0,6569799.0
2013-04-01,17.31,17.58,17.26,17.41,665316.0,6042009.0
2013-04-02,17.41,17.79,17.33,17.47,862045.0,7901384.0
2013-04-03,17.5,17.56,16.74,16.91,811350.0,7237376.0
2013-04-08,16.74,16.76,16.07,16.39,911732.0,7725804.0
2013-04-09,16.39,16.76,16.3,16.62,570450.0,4925977.0
2013-04-10,16.59,16.76,16.47,16.64,558869.0,4841001.0
2013-04-11,16.72,17.45,16.55,17.14,1506774.0,13505435.0
2013-04-12,17.05,17.68,16.93,17.41,899406.0,8130139.0
2013-04-15,17.29,17.75,17.29,17.49,931608.0,8517366.0
2013-04-16,17.24,17.29,16.61,17.08,770113.0,6802215.0
2013-04-17,17.39,17.72,17.2,17.54,943783.0,8621035.0
2013-04-18,17.37,17.56,17.24,17.27,788232.0,7163278.0
2013-04-19,17.35,17.85,17.27,17.83,1054878.0,9733620.0
2013-04-22,17.81,18.65,17.73,18.39,1404002.0,13437205.0
2013-04-23,18.39,18.52,17.95,18.02,1167015.0,11094760.0
2013-04-24,18.02,18.02,17.26,17.7,1480748.0,13545420.0
2013-04-25,17.58,17.83,17.39,17.49,811528.0,7447354.0
2013-04-26,17.43,17.91,17.35,17.49,594616.0,5446193.0
2013-05-02,17.33,17.72,16.62,16.7,875485.0,7778431.0
2013-05-03,17.1,17.54,17.06,17.54,853288.0,7741602.0
2013-05-06,17.64,18.35,17.64,17.98,1205065.0,11379986.0
2013-05-07,17.91,18.71,17.91,18.6,1246080.0,11916205.0
2013-05-08,18.58,18.88,18.16,18.42,1222277.0,11832971.0
2013-05-09,18.58,19.06,18.12,19.02,1369181.0,13293078.0
2013-05-10,18.94,19.88,18.79,19.8,1513279.0,15319770.0
2013-05-14,20.11,21.78,19.84,21.78,5592907.0,61372488.0
2013-05-15,22.79,23.82,21.89,23.17,8489920.0,101145816.0
2013-05-16,22.31,22.71,21.95,22.41,4984473.0,58230760.0
2013-05-17,22.22,22.87,22.02,22.62,4374197.0,51283736.0
2013-05-20,22.35,22.35,21.32,21.62,4637077.0,52294220.0
2013-05-21,21.7,21.93,21.37,21.68,2700716.0,30508152.0
2013-05-22,21.89,22.7,21.49,22.64,3980026.0,45699416.0
2013-05-23,22.41,22.64,21.89,22.08,2406973.0,27863796.0
2013-05-24,21.97,22.14,21.43,21.8,1979589.0,22391950.0
2013-05-27,21.85,21.89,21.53,21.81,1627601.0,18436716.0
2013-05-28,21.72,24.0,21.72,23.39,6761265.0,82317536.0
2013-05-29,22.98,22.98,22.31,22.46,4068441.0,47897440.0
2013-05-30,22.33,22.45,21.64,21.85,2727316.0,31226710.0
2013-05-31,21.85,22.06,21.57,21.87,1683887.0,19199508.0
2013-06-03,21.87,22.41,21.6,22.06,1839430.0,21199974.0
2013-06-04,22.01,22.04,19.96,20.23,2278819.0,24653662.0
2013-06-05,20.13,20.38,19.77,19.82,1341752.0,14065212.0
2013-06-06,19.84,20.09,19.42,19.42,957406.0,9899423.0
2013-06-07,19.5,19.73,19.11,19.46,930351.0,9424485.0
2013-06-13,19.27,19.27,18.0,18.14,1611089.0,15363457.0
2013-06-14,18.31,18.81,18.16,18.54,843505.0,8131359.0
2013-06-17,18.56,18.83,18.29,18.39,825143.0,8005933.0
2013-06-18,18.39,18.77,18.39,18.6,513178.0,4984455.0
2013-06-19,18.67,18.67,18.1,18.54,635671.0,6074809.0
2013-06-20,18.39,20.3,18.31,19.73,2408787.0,24414242.0
2013-06-21,19.21,20.24,18.96,19.92,1835476.0,18938328.0
2013-06-24,19.96,20.01,17.93,17.95,1285889.0,12707912.0
2013-06-25,17.29,17.72,16.14,16.89,1631508.0,14312459.0
2013-06-26,16.93,17.33,16.72,17.29,960535.0,8576852.0
2013-06-27,17.54,17.72,16.95,16.97,1215519.0,10997851.0
2013-06-28,16.78,17.56,16.78,17.12,801226.0,7206951.0
2013-07-01,17.12,17.39,16.85,17.33,677368.0,6029856.0
2013-07-02,17.33,17.5,17.12,17.43,605463.0,5479861.0
2013-07-03,17.47,17.47,16.82,17.16,672402.0,6011643.0
2013-07-04,17.18,17.68,16.87,17.47,980941.0,8940889.0
2013-07-05,17.43,18.33,17.39,17.83,1371971.0,12881183.0
2013-07-08,17.58,17.68,16.18,16.7,812998.0,7215879.0
2013-07-09,16.85,16.85,16.39,16.82,444701.0,3866411.0
2013-07-10,16.82,17.56,16.7,17.43,821146.0,7364874.0
2013-07-11,17.33,18.19,17.33,17.87,1166985.0,10918359.0
2013-07-12,17.98,18.08,17.6,17.62,859410.0,8025725.0
2013-07-15,17.43,17.83,17.27,17.72,781194.0,7186905.0
2013-07-16,17.45,17.95,17.45,17.89,809637.0,7496115.0
2013-07-17,17.77,18.48,17.77,17.96,971616.0,9164781.0
2013-07-18,17.73,18.04,17.41,17.58,829305.0,7641548.0
2013-07-19,17.58,17.7,16.95,17.01,570083.0,5172156.0
2013-07-22,16.95,17.39,16.78,17.18,453010.0,4017080.0
2013-07-23,17.18,17.62,17.08,17.6,564228.0,5158457.0
2013-07-24,17.52,17.93,17.52,17.89,923685.0,8577387.0
2013-07-25,17.98,17.98,17.49,17.49,784129.0,7237730.0
2013-07-26,17.33,17.52,17.24,17.45,534074.0,4838324.0
2013-07-29,17.43,17.79,17.16,17.7,691257.0,6348278.0
2013-07-30,17.72,17.81,17.24,17.54,426495.0,3903092.0
2013-07-31,17.68,18.19,17.62,17.68,768826.0,7149104.0
2013-08-01,17.56,18.1,17.56,18.04,997763.0,9302542.0
2013-08-02,18.12,18.88,17.93,18.73,2051999.0,19893280.0
2013-08-05,18.75,18.79,18.31,18.75,1124790.0,10925876.0
2013-08-06,18.73,19.02,18.42,18.85,1095788.0,10712481.0
2013-08-07,18.79,19.07,18.5,18.58,973837.0,9523156.0
2013-08-08,18.54,18.69,18.37,18.46,768726.0,7411957.0
2013-08-09,18.48,18.86,18.29,18.75,1079284.0,10480109.0
2013-08-12,18.67,19.54,18.67,19.36,1778845.0,17745160.0
2013-08-13,19.5,20.95,19.34,20.68,3108599.0,32689004.0
2013-08-14,20.76,20.76,19.94,20.07,1955730.0,20629770.0
2013-08-15,20.07,20.3,19.15,19.29,1569913.0,16085468.0
2013-08-16,19.15,19.61,18.54,18.65,1302237.0,12999104.0
2013-08-19,18.44,19.15,18.44,18.86,815858.0,8073175.0
2013-08-20,18.79,19.42,18.73,19.34,1318852.0,13235109.0
2013-08-21,19.32,19.59,18.98,19.44,875150.0,8808976.0
2013-08-22,19.34,20.01,19.21,19.94,1778662.0,18279348.0
2013-08-23,19.78,19.82,18.94,19.63,1363792.0,13795025.0
2013-08-26,19.54,19.73,19.23,19.65,867313.0,8832578.0
2013-08-27,19.67,20.09,19.55,19.77,1061056.0,10949431.0
2013-08-28,19.54,19.73,19.21,19.3,1139739.0,11529507.0
2013-08-29,19.25,19.5,19.19,19.38,699692.0,7071950.0
2013-08-30,19.38,20.07,19.15,19.63,1247935.0,12800427.0
2013-09-02,19.32,19.52,18.73,19.09,1125510.0,11147297.0
2013-09-03,19.04,19.71,19.04,19.67,1087321.0,11001015.0
2013-09-04,19.67,19.82,19.34,19.48,695234.0,7103844.0
2013-09-05,19.38,19.55,19.34,19.44,511557.0,5186236.0
2013-09-06,19.3,19.61,19.21,19.46,760674.0,7677935.0
2013-09-09,19.46,19.84,19.34,19.73,981484.0,10067008.0
2013-09-10,19.61,21.05,17.75,20.34,2488357.0,26489340.0
2013-09-11,20.2,20.2,19.73,20.03,1281712.0,13343215.0
2013-09-12,20.05,20.24,19.67,20.05,709146.0,7402281.0
2013-09-13,19.92,20.45,19.75,20.26,936807.0,9832666.0
2013-09-16,20.2,20.65,20.09,20.36,1055203.0,11243240.0
2013-09-17,20.36,20.53,19.96,19.96,695700.0,7318668.0
2013-09-18,19.82,20.01,19.77,19.92,527988.0,5479960.0
2013-09-23,21.91,21.91,21.91,21.91,961008.0,10993932.0
2013-09-24,24.09,24.09,24.09,24.09,584479.0,7352746.0
2013-09-25,26.51,26.51,26.43,26.51,4690236.0,64912056.0
2013-09-26,26.49,29.15,26.07,28.88,12730134.0,187023024.0
2013-09-27,26.77,28.15,25.99,26.43,7301860.0,102195264.0
2013-09-30,25.78,26.74,25.11,26.55,4940577.0,67119440.0
2013-10-08,26.28,26.7,25.49,26.55,4755170.0,64969964.0
2013-10-09,26.32,29.21,26.07,29.21,8003825.0,114495024.0
2013-10-10,28.34,28.61,26.62,27.37,5905420.0,85699280.0
2013-10-11,27.39,27.92,27.04,27.75,3462118.0,49661956.0
2013-10-14,27.75,27.75,26.81,27.21,2618418.0,37149652.0
2013-10-15,27.31,28.57,26.07,27.77,5314200.0,75483696.0
2013-10-16,27.37,27.39,25.28,25.64,2439410.0,33504320.0
2013-10-17,25.97,26.24,23.94,24.86,2466686.0,32447786.0
2013-10-18,24.94,25.01,24.36,24.48,1536015.0,19789740.0
2013-10-21,24.48,25.45,24.38,25.28,2016562.0,26266434.0
2013-10-22,25.3,25.3,24.44,24.55,1533273.0,19802618.0
2013-10-23,24.67,24.67,23.71,23.92,1359530.0,17057054.0
2013-10-24,23.77,24.38,23.69,24.07,844128.0,10626506.0
2013-10-25,23.94,24.19,22.37,22.71,1298403.0,15721296.0
2013-10-28,22.6,22.98,22.5,22.81,811251.0,9633581.0
2013-10-29,22.87,23.04,21.14,21.83,1192420.0,13643787.0
2013-10-30,21.93,23.14,21.62,22.6,1131695.0,13224723.0
2013-10-31,22.43,22.83,21.87,22.22,784798.0,9145847.0
2013-11-01,22.12,22.16,21.47,21.74,603196.0,6885391.0
2013-11-04,21.76,21.95,21.62,21.87,692467.0,7884395.0
2013-11-05,21.6,22.41,21.6,22.41,802135.0,9208012.0
2013-11-06,22.22,23.79,22.22,22.85,1490176.0,17881716.0
2013-11-07,22.73,22.85,21.93,22.02,941915.0,11007787.0
2013-11-08,21.97,22.27,21.55,21.55,651590.0,7429215.0
2013-11-11,21.55,21.91,21.22,21.74,477422.0,5369926.0
2013-11-12,21.58,21.97,21.58,21.91,485677.0,5528175.0
2013-11-13,21.64,21.87,21.07,21.26,566659.0,6348920.0
2013-11-14,21.16,21.57,20.88,21.57,591788.0,6595476.0
2013-11-15,21.51,22.37,21.45,21.99,787224.0,9046639.0
2013-11-18,22.35,23.25,21.95,23.12,1633891.0,19488178.0
2013-11-19,23.1,23.4,22.7,23.36,1022459.0,12300081.0
2013-11-20,23.36,23.44,22.91,23.33,634610.0,7673014.0
2013-11-21,23.21,23.36,22.89,23.23,863087.0,10416789.0
2013-11-22,23.71,23.84,23.17,23.33,596773.0,7303410.0
2013-11-25,23.21,23.5,23.02,23.17,477959.0,5795641.0
2013-11-26,23.08,23.35,23.06,23.21,424209.0,5138096.0
2013-11-27,23.06,23.71,23.06,23.56,868996.0,10630607.0
2013-11-28,23.31,24.0,23.31,23.65,935566.0,11619676.0
2013-11-29,23.67,25.61,23.56,24.42,2122522.0,27351232.0
2013-12-02,23.94,23.96,22.16,22.27,1805587.0,21658320.0
2013-12-03,22.1,23.25,21.93,23.1,699031.0,8302475.0
2013-12-04,23.0,23.63,22.98,23.4,690369.0,8447237.0
2013-12-05,23.46,23.63,23.14,23.46,466129.0,5698044.0
2013-12-06,23.29,23.71,23.21,23.67,526011.0,6478147.0
2013-12-09,23.67,24.32,23.56,23.9,523741.0,6571574.0
2013-12-10,23.92,24.23,23.88,24.09,627175.0,7882962.0
2013-12-11,24.19,24.23,23.69,23.88,734324.0,9211095.0
2013-12-12,23.75,24.52,23.71,24.19,807178.0,10164074.0
2013-12-13,24.17,24.29,23.69,23.79,591448.0,7404320.0
2013-12-16,24.07,24.44,23.56,23.77,613517.0,7647245.0
2013-12-17,23.77,23.77,23.14,23.21,510905.0,6203665.0
2013-12-18,23.54,23.54,22.94,23.19,375701.0,4534864.0
2013-12-19,23.65,23.65,23.06,23.21,264005.0,3204230.0
2013-12-20,23.1,23.65,22.6,22.73,352189.0,4216542.0
2013-12-23,22.73,22.89,21.95,22.89,291130.0,3423573.0
2013-12-24,22.94,23.14,22.41,23.04,373864.0,4488051.0
2013-12-25,23.1,23.75,22.98,23.75,455501.0,5565627.0
2013-12-26,23.71,23.71,23.14,23.52,306030.0,3725386.0
2013-12-27,23.46,23.88,23.46,23.86,430044.0,5326583.0
2013-12-30,23.9,24.13,23.63,23.63,346010.0,4309595.0
2013-12-31,23.75,24.09,23.48,23.94,591687.0,7385076.0
2014-01-02,24.09,24.13,23.65,24.09,466148.0,5825268.0
2014-01-03,24.07,24.13,23.58,23.94,382090.0,4750728.0
2014-01-06,23.65,23.86,23.17,23.33,292293.0,3564831.0
2014-01-07,23.37,23.37,22.6,22.85,561277.0,6707913.0
2014-01-08,22.94,24.42,22.79,24.42,475130.0,5758618.0
2014-01-09,23.84,24.23,23.29,23.56,686364.0,8499937.0
2014-01-10,23.21,23.65,22.87,22.98,396800.0,4783784.0
2014-01-13,22.87,23.17,22.79,23.17,207670.0,2491982.0
2014-01-14,23.27,23.42,23.02,23.39,311918.0,3779843.0
2014-01-15,23.42,23.42,22.98,23.25,309085.0,3733438.0
2014-01-16,23.29,23.42,23.14,23.29,202349.0,2452922.0
2014-01-17,23.23,23.23,22.89,23.16,309775.0,3720082.0
2014-01-20,23.06,23.16,22.7,22.93,210306.0,2507865.0
2014-01-21,22.83,23.25,22.6,23.17,206500.0,2491012.0
2014-01-22,23.36,24.21,22.98,24.07,925712.0,11483873.0
2014-01-23,24.04,24.32,23.59,24.04,550119.0,6877361.0
2014-01-24,23.94,24.8,23.82,24.61,1654638.0,21148302.0
2014-01-27,24.52,24.53,24.04,24.25,880957.0,11138825.0
2014-01-28,24.25,24.59,23.65,23.86,724302.0,9043534.0
2014-01-29,23.96,24.23,23.36,24.04,468900.0,5854630.0
2014-01-30,24.09,24.25,23.52,24.05,524143.0,6501450.0
2014-02-07,23.94,24.25,23.84,24.15,565247.0,7084141.0
2014-02-10,24.27,25.45,24.27,24.88,1562689.0,20200408.0
2014-02-11,24.99,25.76,24.55,25.62,2729976.0,36198348.0
2014-02-12,25.62,26.72,25.28,25.62,1676416.0,22436846.0
2014-02-13,25.62,27.41,25.11,27.02,3722258.0,51192676.0
2014-02-14,27.2,27.27,26.12,27.08,1970005.0,27488416.0
2014-02-17,27.08,28.11,26.89,27.81,2454856.0,35140712.0
2014-02-18,27.83,28.21,27.16,27.71,1386077.0,19929344.0
2014-02-19,27.69,28.04,26.81,27.2,1254950.0,17857406.0
2014-02-20,27.29,29.11,26.47,26.58,1219857.0,17341842.0
2014-02-21,26.85,26.85,25.09,25.59,1049685.0,14135367.0
2014-02-24,25.72,25.72,24.94,25.17,708134.0,9301709.0
2014-02-25,25.18,25.47,24.36,24.4,765369.0,9991497.0
2014-02-26,24.36,25.4,24.23,25.32,892226.0,11695129.0
2014-02-27,25.18,25.45,24.71,24.95,840752.0,11034034.0
2014-02-28,24.99,25.24,24.53,25.15,439021.0,5697584.0
2014-03-03,25.03,25.66,25.03,25.47,862983.0,11428322.0
2014-03-04,25.59,25.59,24.95,25.22,670581.0,8810006.0
2014-03-05,25.32,25.59,25.05,25.41,617384.0,8140362.0
2014-03-06,25.45,25.72,25.09,25.66,607221.0,8050504.0
2014-03-07,25.66,26.35,25.51,25.99,894363.0,12118634.0
2014-03-10,26.09,26.09,24.82,25.28,518652.0,6857671.0
2014-03-11,25.22,25.51,24.61,24.92,461344.0,6019432.0
2014-03-12,25.18,25.32,24.53,24.9,428827.0,5563997.0
2014-03-13,24.99,25.26,24.71,24.9,450848.0,5854840.0
2014-03-14,24.86,25.09,24.57,24.9,360813.0,4676393.0
2014-03-17,24.88,25.36,24.71,25.2,394168.0,5169867.0
2014-03-18,25.24,25.93,24.99,25.45,1172512.0,15593117.0
2014-03-19,25.47,25.66,25.09,25.66,492201.0,6537149.0
2014-03-20,25.8,26.28,25.49,25.55,943417.0,12779611.0
2014-03-21,25.45,26.37,25.13,26.32,971071.0,13149667.0
2014-03-24,26.47,26.47,25.78,26.33,794516.0,10849689.0
2014-03-25,26.51,26.51,25.68,25.78,621154.0,8438922.0
2014-03-26,25.8,26.24,25.8,25.99,404424.0,5473594.0
2014-03-27,25.82,26.49,25.49,26.33,1044026.0,14239148.0
2014-03-28,26.09,26.2,25.66,25.72,509969.0,6883648.0
2014-03-31,25.55,26.05,25.47,25.87,245220.0,3306271.0
2014-04-01,25.86,26.05,25.53,25.97,370221.0,5000167.0
2014-04-02,26.05,28.57,25.89,26.75,2221080.0,31216940.0
2014-04-03,26.72,26.81,25.89,26.12,1111323.0,15304562.0
2014-04-04,26.3,26.37,25.76,26.3,374172.0,5109686.0
2014-04-08,26.28,26.62,25.95,26.58,532782.0,7321902.0
2014-04-09,26.55,26.91,26.39,26.83,693521.0,9625821.0
2014-04-10,26.87,27.18,26.55,26.77,547024.0,7648855.0
2014-04-11,26.81,27.0,26.37,26.66,380144.0,5279490.0
2014-04-14,26.79,27.0,26.41,27.0,823644.0,11491303.0
2014-04-15,27.2,27.52,26.85,27.1,1260469.0,17821218.0
2014-04-16,27.2,27.39,26.85,27.35,1052606.0,14931389.0
2014-04-17,27.39,27.56,27.12,27.27,731831.0,10407492.0
2014-04-18,27.39,27.39,26.62,26.95,460750.0,6480791.0
2014-04-21,26.93,27.0,26.26,26.62,667320.0,9265402.0
2014-04-22,26.66,27.48,26.45,27.1,1082553.0,15190443.0
2014-04-23,27.77,27.77,25.86,26.53,688168.0,9652269.0
2014-04-24,26.43,26.53,25.86,26.07,419804.0,5700557.0
2014-04-25,26.22,26.37,25.89,25.93,389407.0,5283054.0
2014-04-28,26.05,26.05,23.75,23.98,540756.0,6930131.0
2014-04-29,24.0,24.92,23.82,24.92,496841.0,6274232.0
2014-04-30,24.86,24.86,24.17,24.46,446564.0,5690063.0
2014-05-05,24.44,24.48,24.09,24.34,281742.0,3564445.0
2014-05-06,24.4,24.9,24.32,24.82,429690.0,5531291.0
2014-05-07,24.8,24.88,24.42,24.5,281616.0,3619901.0
2014-05-08,24.5,24.86,24.36,24.67,240275.0,3089888.0
2014-05-09,24.71,24.71,23.92,24.27,174236.0,2197638.0
2014-05-12,24.52,24.92,23.92,24.61,744233.0,9474666.0
2014-05-13,24.5,25.57,24.29,24.82,900532.0,11665588.0
2014-05-14,24.9,25.22,24.63,24.8,405451.0,5247153.0
2014-05-15,24.86,24.86,24.25,24.4,245150.0,3143701.0
2014-05-16,24.48,24.5,24.05,24.32,156153.0,1973882.0
2014-05-19,24.32,24.32,23.94,24.21,322211.0,4054996.0
2014-05-20,24.23,24.5,24.13,24.29,469799.0,5952192.0
2014-05-21,24.23,24.59,24.0,24.5,369700.0,4698077.0
2014-05-22,24.55,24.78,24.38,24.61,282122.0,3629486.0
2014-05-23,24.69,24.82,24.38,24.71,411161.0,5298464.0
2014-05-26,24.8,25.01,24.73,24.95,385988.0,5015583.0
2014-05-27,25.01,25.01,24.71,24.84,369135.0,4781778.0
2014-05-28,24.88,24.99,24.57,24.99,402160.0,5221091.0
2014-05-29,25.05,25.09,24.63,24.76,812322.0,10526392.0
2014-05-30,24.8,24.92,24.52,24.78,604752.0,7809424.0
2014-06-03,24.78,24.9,24.69,24.69,216696.0,2804167.0
2014-06-04,24.84,24.84,24.19,24.61,262653.0,3347806.0
2014-06-05,24.61,24.82,24.27,24.76,215360.0,2766074.0
2014-06-06,24.8,24.99,24.57,24.9,543155.0,7041379.0
2014-06-09,24.95,25.09,24.74,24.9,320186.0,4166216.0
2014-06-10,24.99,25.28,24.78,25.11,797127.0,10395748.0
2014-06-11,25.15,25.53,24.86,25.4,1580324.0,20774654.0
2014-06-12,25.43,25.51,25.09,25.45,374692.0,4956023.0
2014-06-13,25.45,26.03,25.36,25.84,1159869.0,15629080.0
2014-06-16,25.84,26.18,25.68,26.14,968932.0,13140859.0
2014-06-17,26.05,26.55,25.95,26.18,426805.0,5826132.0
2014-06-18,26.18,26.24,25.47,25.74,712549.0,9575952.0
2014-06-19,25.78,25.87,25.15,25.38,342599.0,4530561.0
2014-06-20,25.4,25.53,25.2,25.53,236358.0,3126877.0
2014-06-23,25.55,26.33,25.38,26.24,757347.0,10284405.0
2014-06-24,26.24,26.53,25.99,26.51,490142.0,6738789.0
2014-06-25,26.53,26.77,26.37,26.76,593068.0,8236313.0
2014-06-26,26.75,27.02,26.45,26.98,491420.0,6868960.0
2014-06-27,26.95,27.39,26.77,26.81,757033.0,10713670.0
2014-06-30,26.85,27.46,26.58,27.2,505499.0,7172233.0
2014-07-01,27.27,27.39,26.85,27.37,539999.0,7693054.0
2014-07-02,27.43,27.56,26.83,26.93,723982.0,10205986.0
2014-07-03,26.89,27.54,26.7,27.41,803595.0,11382614.0
2014-07-04,27.45,28.44,27.45,28.21,2698731.0,39502168.0
2014-07-07,28.25,28.73,27.81,28.38,1508962.0,22436206.0
2014-07-08,28.38,29.59,28.38,29.3,1860706.0,28216026.0
2014-07-09,29.3,29.93,28.46,28.46,1830718.0,27536578.0
2014-07-10,28.29,28.65,28.17,28.48,824158.0,12228938.0
2014-07-11,28.25,28.88,28.25,28.8,903116.0,13457444.0
2014-07-14,28.63,29.11,28.38,28.92,667475.0,10015964.0
2014-07-15,28.92,29.02,28.36,28.86,1088125.0,16300076.0
2014-07-16,28.82,29.3,28.46,28.86,522130.0,7888714.0
2014-07-17,28.67,28.9,28.34,28.34,527929.0,7853298.0
2014-07-18,28.34,28.57,27.96,28.14,729204.0,10775807.0
2014-07-21,27.96,28.4,27.96,28.15,1309974.0,19227920.0
2014-07-22,28.25,28.88,28.08,28.63,636316.0,9436854.0
2014-07-23,28.63,28.82,27.6,27.79,819084.0,12057610.0
2014-07-24,27.77,28.34,27.45,28.34,569422.0,8276564.0
2014-07-25,28.33,28.33,27.46,28.15,845595.0,12274553.0
2014-07-28,28.15,28.63,27.6,28.61,1296509.0,19101948.0
2014-07-29,28.52,29.02,28.19,28.94,1482559.0,22069472.0
2014-07-30,28.73,29.88,28.4,29.59,1656454.0,25151952.0
2014-07-31,29.44,29.84,28.82,29.38,846172.0,12917272.0
2014-08-01,29.42,29.63,28.88,29.49,966001.0,14789832.0
2014-08-04,29.44,29.97,28.92,29.4,986311.0,15057091.0
2014-08-05,29.4,29.46,29.02,29.44,854392.0,13034522.0
2014-08-06,29.32,31.03,29.07,30.93,2396565.0,37682908.0
2014-08-07,30.82,31.18,30.18,30.51,988045.0,15748382.0
2014-08-08,30.62,31.03,30.41,30.8,669967.0,10721532.0
2014-08-11,30.93,31.41,30.45,31.41,1703817.0,27406246.0
2014-08-12,31.2,31.68,30.43,31.54,1401787.0,22581230.0
2014-08-13,31.33,32.35,30.8,31.89,1829178.0,30167382.0
2014-08-14,31.89,31.89,30.93,31.03,2106200.0,34469964.0
2014-08-15,31.07,33.13,28.73,32.56,1843887.0,30242540.0
2014-08-18,32.16,32.56,31.72,32.39,1934532.0,32305074.0
2014-08-19,32.31,32.46,31.79,32.29,914423.0,15327462.0
2014-08-20,32.33,33.08,32.06,33.06,1508819.0,25718220.0
2014-08-21,32.73,33.5,32.42,32.79,1192300.0,20350474.0
2014-08-22,32.77,33.08,32.23,32.37,1132740.0,19218648.0
2014-08-25,32.37,32.37,31.41,31.6,1025467.0,16998520.0
2014-08-26,31.41,31.7,30.41,30.68,1428802.0,23180804.0
2014-08-27,30.68,32.73,30.57,32.52,1264138.0,20893024.0
2014-08-28,32.18,32.71,31.66,31.72,1128042.0,18882014.0
2014-08-29,31.95,32.46,31.43,31.98,537390.0,8934540.0
2014-09-01,31.98,32.37,31.56,32.16,1150277.0,19167182.0
2014-09-02,32.21,32.65,32.14,32.56,1118931.0,18919554.0
2014-09-03,32.65,33.42,32.44,33.08,1519700.0,26114390.0
2014-09-04,33.11,33.57,32.54,33.08,1488410.0,25609914.0
2014-09-05,32.85,32.88,32.27,32.71,744808.0,12657438.0
2014-09-09,32.83,35.43,32.62,34.57,3469597.0,61838776.0
2014-09-10,34.47,34.82,33.88,34.57,1723702.0,30836474.0
2014-09-11,34.59,35.99,34.17,35.78,1797863.0,33238278.0
2014-09-12,35.76,36.35,35.45,36.1,1194712.0,22338724.0
2014-09-15,36.1,36.31,34.99,35.81,1904514.0,35140240.0
2014-09-16,35.72,35.72,33.52,33.52,1863234.0,33761680.0
2014-09-17,33.53,35.09,33.15,34.78,1346962.0,24192178.0
2014-09-18,34.78,35.07,34.38,34.72,1066918.0,19372530.0
2014-09-19,34.66,36.72,34.49,35.47,1752747.0,32737210.0
2014-09-22,35.24,35.53,34.61,34.61,1337505.0,24470078.0
2014-09-23,34.63,35.24,34.21,35.09,957045.0,17441378.0
2014-09-24,35.09,36.75,34.76,36.39,1605025.0,30138886.0
2014-09-25,36.39,37.16,35.7,36.35,1693515.0,32012736.0
2014-09-26,36.27,36.37,35.45,35.68,935282.0,17503046.0
2014-09-29,35.68,36.29,35.47,35.76,1390444.0,25922524.0
2014-09-30,35.81,36.26,35.66,36.16,1178910.0,22166864.0
2014-10-08,36.24,38.3,35.6,37.92,1809023.0,34331064.0
2014-10-09,37.44,38.25,36.39,37.54,1983056.0,38415208.0
2014-10-10,37.31,37.52,36.73,37.1,1466269.0,28280978.0
2014-10-13,36.73,36.91,35.81,36.26,965011.0,18272538.0
2014-10-14,36.26,37.35,35.83,36.58,1107303.0,21265048.0
2014-10-15,36.58,39.43,36.35,38.69,2074359.0,40751280.0
2014-10-16,38.28,42.56,37.6,42.56,3849158.0,79384536.0
2014-10-17,41.85,46.73,39.3,45.83,5818580.0,131880104.0
2014-10-20,42.86,43.97,41.25,41.25,6919080.0,151959168.0
2014-10-21,39.97,40.58,38.69,38.69,5362812.0,109986640.0
2014-10-22,38.27,38.98,38.11,38.5,3054297.0,61352520.0
2014-10-23,38.27,38.53,36.41,37.33,3344815.0,64913860.0
2014-10-24,37.1,38.07,36.58,37.9,2531936.0,49288428.0
2014-10-27,37.4,38.3,36.91,38.02,1884974.0,37203496.0
2014-10-28,38.02,39.41,37.98,39.09,4200926.0,84628656.0
2014-10-29,38.94,40.22,38.55,39.8,3657401.0,74827296.0
2014-10-30,39.8,41.22,39.28,40.79,4290380.0,90349464.0
2014-10-31,40.79,41.73,39.32,39.99,2850683.0,60246400.0
2014-11-03,40.03,40.22,38.73,39.19,2088844.0,42738964.0
2014-11-04,39.26,39.26,38.34,38.63,1467234.0,29640686.0
2014-11-05,38.59,39.22,38.55,38.8,893350.0,18131716.0
2014-11-06,38.82,38.84,37.56,38.78,1509662.0,30101126.0
2014-11-07,38.63,39.55,38.32,38.42,1134826.0,22992520.0
2014-11-10,38.27,38.98,37.96,38.98,1769810.0,35640800.0
2014-11-11,38.99,39.24,36.24,38.76,3505405.0,69884264.0
2014-11-12,38.32,39.4,37.65,39.03,3955773.0,80028776.0
2014-11-13,39.24,39.82,37.06,37.31,2095244.0,41573756.0
2014-11-14,37.44,37.81,36.68,37.06,667140.0,12921009.0
2014-11-17,37.31,37.92,37.0,37.31,837041.0,16327915.0
2014-11-18,37.54,37.88,37.17,37.71,716166.0,14017884.0
2014-11-19,37.92,38.05,37.48,37.94,828389.0,16354699.0
2014-11-20,38.27,38.27,37.73,37.94,562001.0,11133741.0
2014-11-21,38.27,39.43,37.96,38.82,1727440.0,34953612.0
2014-11-24,42.71,42.71,34.93,39.47,4604522.0,96608280.0
2014-11-25,39.34,39.34,38.02,38.21,2040551.0,40810872.0
2014-11-26,38.21,38.38,37.63,38.17,1232801.0,24425284.0
2014-11-27,38.11,38.78,37.92,38.34,1093127.0,21866690.0
2014-11-28,38.34,38.59,37.92,38.42,1139261.0,22688774.0
2014-12-01,38.3,38.3,36.58,36.87,1118895.0,21843382.0
2014-12-02,36.98,38.9,36.98,38.11,1494595.0,29545358.0
2014-12-03,38.11,38.65,37.16,37.6,1098073.0,21664404.0
2014-12-04,37.88,37.88,37.16,37.21,1481741.0,28874160.0
2014-12-05,37.25,37.25,33.57,34.86,1703253.0,31495016.0
2014-12-08,34.86,34.9,33.73,33.82,1610158.0,28668564.0
2014-12-09,33.9,33.9,30.91,31.31,2884752.0,48374936.0
2014-12-10,31.12,33.33,30.99,32.92,1205959.0,20464054.0
2014-12-11,32.92,33.63,32.37,33.52,1001972.0,17316670.0
2014-12-12,33.86,34.88,33.23,34.59,1947602.0,34579276.0
2014-12-15,34.84,34.84,34.09,34.78,893534.0,16081495.0
2014-12-16,35.09,35.24,34.3,35.24,1056575.0,19191446.0
2014-12-17,35.16,36.01,34.4,35.8,1785283.0,32849000.0
2014-12-18,35.8,39.28,35.68,38.11,5943423.0,116606584.0
2014-12-19,37.65,37.65,34.47,35.2,2957015.0,54321736.0
2014-12-22,34.49,34.49,31.68,31.68,2049989.0,34259448.0
2014-12-23,31.07,32.56,30.2,31.7,1009566.0,16486013.0
2014-12-24,31.72,32.75,31.14,32.73,720771.0,12071248.0
2014-12-25,32.71,33.63,32.18,33.63,857599.0,14717401.0
2014-12-26,33.8,34.05,32.83,33.38,639710.0,11132220.0
2014-12-29,33.36,33.36,31.79,32.44,1087644.0,18287940.0
2014-12-30,32.33,32.85,31.81,32.18,451477.0,7558898.0
2014-12-31,32.37,32.85,32.0,32.75,797630.0,13475112.0
2015-01-05,32.9,33.52,32.41,33.29,760351.0,13032329.0
2015-01-06,33.23,33.33,32.56,33.13,635861.0,10914465.0
2015-01-07,33.33,33.42,32.85,33.13,614014.0,10608851.0
2015-01-08,33.19,33.19,32.37,32.9,398935.0,6822424.0
2015-01-09,32.94,33.52,32.75,32.94,709452.0,12265801.0
2015-01-12,32.92,33.21,31.5,32.29,592462.0,9921235.0
2015-01-13,32.31,32.92,32.02,32.67,937723.0,15916938.0
2015-01-14,32.71,32.92,32.29,32.75,450300.0,7663803.0
2015-01-15,32.9,33.04,32.42,33.04,475204.0,8141585.0
2015-01-16,33.21,33.67,32.71,33.52,832395.0,14381140.0
2015-01-19,32.56,33.9,31.98,33.13,755387.0,13044200.0
2015-01-20,33.23,33.78,32.56,33.78,1144747.0,19949326.0
2015-01-21,33.8,35.93,33.42,35.91,3111656.0,56633260.0
2015-01-22,35.91,37.33,35.14,37.16,2800395.0,52991956.0
2015-01-23,37.16,37.16,35.32,35.87,4232716.0,80460728.0
2015-01-26,35.45,35.45,33.71,35.28,1704886.0,30838972.0
2015-01-27,34.9,35.97,34.59,35.8,1282050.0,23530554.0
2015-01-28,35.05,35.35,34.32,35.01,814606.0,14837035.0
2015-01-29,34.86,35.32,34.32,34.45,799840.0,14501331.0
2015-01-30,34.45,35.55,34.45,35.2,1270229.0,23223430.0
2015-02-02,35.18,36.56,34.47,36.12,3126797.0,58326612.0
2015-02-03,35.81,36.1,34.74,35.49,1303146.0,23997728.0
2015-02-04,35.62,36.39,34.97,35.91,1491520.0,27842604.0
2015-02-05,36.5,36.81,35.7,35.74,2029001.0,38480732.0
2015-02-06,35.91,35.91,35.03,35.39,708511.0,13065370.0
2015-02-09,35.43,35.81,34.34,35.34,566400.0,10313658.0
2015-02-10,35.01,35.01,34.47,34.76,497113.0,8994294.0
2015-02-11,34.86,35.22,34.44,34.76,923266.0,16719876.0
2015-02-12,34.93,35.32,34.47,35.01,757550.0,13808125.0
2015-02-13,35.18,35.81,35.03,35.39,705591.0,13006348.0
2015-02-16,35.3,35.76,35.2,35.62,808528.0,14985080.0
2015-02-17,35.81,37.33,35.53,36.89,2172722.0,41485936.0
2015-02-25,36.87,37.25,36.16,36.62,888991.0,16955822.0
2015-02-26,36.68,36.96,36.58,36.95,834698.0,16023911.0
2015-02-27,36.96,39.07,36.66,38.48,2458706.0,48234196.0
2015-03-02,38.5,42.33,38.11,42.13,4162487.0,87776304.0
2015-03-03,41.37,45.54,40.77,42.79,5439876.0,121796792.0
2015-03-04,42.67,43.09,41.77,43.0,1373271.0,30457564.0
2015-03-05,42.96,43.09,42.19,42.38,818880.0,18171002.0
2015-03-06,42.48,42.48,39.45,40.89,1985046.0,42333088.0
2015-03-09,41.31,41.85,40.24,41.41,1788147.0,38220528.0
2015-03-10,41.66,42.98,40.87,42.23,1604516.0,35170960.0
2015-03-11,42.13,43.25,41.85,42.67,1290979.0,28852192.0
2015-03-12,42.79,43.21,41.37,41.79,1581000.0,34695692.0
2015-03-13,41.96,43.25,41.96,42.98,1231406.0,27527822.0
2015-03-16,43.0,45.62,43.0,45.56,1536868.0,35772916.0
2015-03-17,45.03,46.44,43.97,44.99,1621074.0,38261912.0
2015-03-18,44.99,46.66,44.11,45.97,1898133.0,44566732.0
2015-03-19,45.73,47.88,45.08,47.88,2684787.0,65114828.0
2015-03-20,47.88,50.33,46.92,50.18,2631648.0,67001148.0
2015-03-23,50.37,54.77,49.89,51.79,5600564.0,150342736.0
2015-08-12,56.96,56.96,56.96,56.96,259374.0,7713783.0
2015-08-13,62.65,62.65,62.65,62.65,42205.0,1380526.0
2015-08-14,68.91,68.91,68.91,68.91,44254.0,1592259.0
2015-08-17,75.8,75.8,75.8,75.8,64267.0,2543688.0
2015-08-18,83.39,83.39,78.54,83.39,11305161.0,489977024.0
2015-08-19,79.67,88.46,75.84,84.94,13000883.0,558648128.0
2015-08-20,81.78,84.1,76.46,76.46,9311428.0,385266880.0
2015-08-21,71.53,77.76,68.81,68.81,6761985.0,256493776.0
2015-08-24,64.2,65.41,61.94,61.94,3749348.0,123640520.0
2015-08-25,56.17,58.4,55.75,55.75,5069802.0,149172272.0
2015-08-26,53.88,57.78,50.79,50.79,6284368.0,178427152.0
2015-08-27,53.11,54.3,45.72,49.03,7075764.0,183489712.0
2015-08-28,50.18,53.93,49.8,53.93,6089033.0,165613280.0
2015-08-31,51.71,53.05,48.67,49.99,4548296.0,122349880.0
2015-09-01,49.47,54.99,48.91,54.99,10336828.0,294065344.0
2015-09-02,50.56,55.35,49.49,49.49,9943919.0,261935280.0
2015-09-07,48.07,51.98,47.02,47.78,6669182.0,173070704.0
2015-09-08,47.36,51.0,47.33,50.47,4819860.0,124860272.0
2015-09-09,50.31,55.52,49.49,53.82,7346050.0,203354992.0
2015-09-10,51.71,57.32,51.71,55.54,6178318.0,176057360.0
2015-09-11,54.58,56.69,51.73,55.12,5437065.0,153989440.0
2015-09-14,54.09,54.77,49.6,49.6,3300159.0,89177048.0
2015-09-15,45.45,47.88,44.64,45.01,6032269.0,142558912.0
2015-09-16,44.99,48.99,43.32,47.88,5324230.0,128819184.0
2015-09-17,47.0,49.59,44.64,45.1,5561610.0,135738256.0
2015-09-18,45.1,47.08,44.74,45.76,2578019.0,61593364.0
2015-09-21,44.66,50.33,44.66,50.33,4975027.0,127341792.0
2015-09-22,51.14,53.44,49.6,51.84,4490472.0,119964112.0
2015-09-23,50.06,53.99,49.8,52.9,4165088.0,113873544.0
2015-09-24,52.99,56.48,51.77,53.24,4075162.0,115515960.0
2015-09-25,52.44,54.95,48.32,48.57,3392609.0,91983136.0
2015-09-28,48.72,50.91,46.39,50.56,3832028.0,97346168.0
2015-09-29,48.44,55.62,47.88,55.62,4795921.0,132532936.0
2015-09-30,56.86,61.17,56.79,61.17,6927728.0,212662352.0
2015-10-08,62.4,67.28,62.05,67.28,5008282.0,170402288.0
2015-10-09,70.54,74.0,69.92,74.0,2406261.0,91108272.0
2015-10-12,80.82,81.4,76.23,81.4,14247468.0,592585664.0
2015-10-13,77.38,79.29,74.64,76.32,9304834.0,373787648.0
2015-10-14,74.69,78.47,73.98,75.46,8121237.0,323419296.0
2015-10-15,73.26,77.91,73.26,77.64,8346222.0,332539520.0
2015-10-16,76.8,83.85,75.9,77.38,10457019.0,428468096.0
2015-10-19,77.36,85.11,76.07,85.11,9250187.0,400668608.0
2015-10-20,90.59,93.62,82.39,84.46,13171180.0,605242816.0
2015-10-21,80.92,82.78,76.02,76.02,8043134.0,334405856.0
2015-10-22,73.07,82.3,73.07,78.94,7950359.0,320616768.0
2015-10-23,77.95,86.84,76.42,86.84,9759794.0,424186112.0
2015-10-26,82.35,84.27,78.16,78.16,9555510.0,395109824.0
2015-10-27,74.69,76.03,70.35,74.25,7135759.0,272054464.0
2015-10-28,74.48,76.57,70.88,72.66,5134724.0,197909248.0
2015-10-29,73.43,77.57,72.97,74.18,5170703.0,203977776.0
2015-10-30,72.39,72.39,67.32,69.73,5611078.0,205654464.0
2015-11-02,66.08,69.2,63.32,64.68,5095832.0,177722784.0
2015-11-03,65.79,67.38,64.68,66.08,4233865.0,146411328.0
2015-11-04,66.27,72.68,66.27,72.68,4938989.0,184707856.0
2015-11-05,77.18,79.31,72.8,74.85,7957029.0,316076640.0
2015-11-06,72.49,79.1,72.24,77.47,7092109.0,285758144.0
2015-11-09,74.89,76.99,73.16,75.8,5552684.0,218171408.0
2015-11-10,75.65,81.59,74.69,80.06,6200943.0,254464240.0
2015-11-11,80.06,81.22,77.68,79.29,4299212.0,177533248.0
2015-11-12,79.14,80.67,77.39,77.83,3853181.0,157712912.0
2015-11-13,78.05,85.61,76.61,85.61,7216168.0,315646848.0
2015-11-23,94.17,94.17,89.82,94.17,3725873.0,181168864.0
2015-11-24,99.94,103.59,98.44,103.59,2362857.0,124646264.0
2015-11-25,113.95,113.95,113.95,113.95,977994.0,58190644.0
2015-11-26,114.91,114.91,102.56,102.56,14192585.0,793293184.0
2015-11-27,100.66,104.94,92.33,96.41,8936596.0,465414336.0
2015-11-30,95.78,99.02,92.47,98.23,6319349.0,315952960.0
2015-12-01,96.53,98.19,90.03,90.97,5666482.0,279995488.0
2015-12-02,91.55,96.72,88.12,92.5,4830474.0,233890224.0
2015-12-03,91.14,96.32,90.02,94.71,4821169.0,236326640.0
2015-12-04,93.46,95.76,91.93,94.96,4539314.0,222339168.0
2015-12-07,95.19,101.51,94.04,96.93,5821813.0,298212064.0
2015-12-08,94.23,95.74,91.59,93.27,4323332.0,210574912.0
2015-12-09,93.35,97.29,91.55,94.25,4140375.0,204651760.0
2015-12-10,93.65,93.69,88.16,89.34,3873588.0,184926880.0
2015-12-11,89.59,91.83,89.13,90.51,2318396.0,109546496.0
2015-12-14,87.87,91.01,86.87,90.78,1999469.0,93244344.0
2015-12-15,90.63,99.86,90.59,99.86,4670580.0,239720288.0
2015-12-16,101.51,107.58,99.86,103.31,8059771.0,436936768.0
2015-12-17,103.54,113.63,103.54,113.63,7595434.0,437203008.0
2015-12-18,115.31,118.74,106.87,106.95,7301889.0,422630016.0
2015-12-21,108.78,112.02,106.39,108.98,5252823.0,300268256.0
2016-06-22,98.08,98.08,98.08,98.08,115100.0,5894271.0
2016-06-23,91.93,107.88,91.93,100.45,12205416.0,616258048.0
2016-06-24,95.68,97.29,90.42,92.31,9435597.0,457488846.0
2016-06-27,91.53,98.83,90.57,96.56,7085119.0,354589318.0
2016-06-28,96.56,106.22,95.97,106.22,6169222.0,330680609.0
2016-06-29,106.87,116.85,106.22,113.19,11017326.0,652286776.0
2016-06-30,110.7,124.51,108.4,119.26,11136810.0,680655329.0
2016-07-01,118.84,122.33,114.34,120.66,8514621.0,525178095.0
2016-07-04,112.39,115.87,112.39,112.98,6752119.0,401733541.0
2016-07-05,114.24,116.22,108.94,113.72,6983534.0,408561955.0
2016-07-06,112.44,113.0,109.47,110.95,4641758.0,269275038.0
2016-07-07,110.12,111.06,105.53,110.53,4641892.0,262616096.0
2016-07-08,108.94,111.66,108.25,109.42,3137903.0,180513859.0
2016-07-11,110.6,110.83,100.51,100.55,4918184.0,269309715.0
2016-07-12,100.99,110.6,99.61,110.6,6098385.0,333145556.0
2016-07-13,112.63,117.78,110.32,111.25,8295546.0,494209614.0
2016-07-14,110.64,113.32,105.53,107.08,4886764.0,275936546.0
2016-07-15,108.23,109.13,104.53,106.7,3838927.0,213673961.0
2016-07-18,106.2,109.72,105.01,107.52,3367081.0,189505689.0
2016-07-19,106.47,112.81,104.49,111.37,5063389.0,288816446.0
2016-07-20,111.08,112.23,107.25,107.67,3677270.0,209589460.0
2016-07-21,106.91,108.59,105.72,105.76,2682559.0,149347627.0
2016-07-22,105.41,106.54,100.24,100.66,3898580.0,209103229.0
2016-07-25,99.78,104.69,99.51,101.12,2667777.0,142114554.0
2016-07-26,101.51,102.96,101.16,101.74,1713552.0,91054354.0
2016-07-27,101.51,101.75,92.6,93.84,3529970.0,177410861.0
2016-07-28,94.57,94.78,89.42,90.7,2835922.0,135690099.0
2016-07-29,91.26,93.42,90.15,90.88,1824726.0,87369358.0
2016-08-01,90.05,90.74,84.31,85.25,2489059.0,111802933.0
2016-08-02,85.17,87.24,85.17,86.41,1845000.0,83275716.0
2016-08-03,86.47,95.05,86.47,95.05,3553155.0,171392927.0
2016-08-04,98.63,100.55,95.42,95.97,5940960.0,305027862.0
2016-08-05,95.09,95.34,90.49,93.27,4329393.0,210199116.0
2016-08-08,93.81,93.85,90.02,91.66,2410786.0,115119948.0
2016-08-09,90.44,93.85,90.44,92.72,2634539.0,127379171.0
2016-08-10,93.04,93.17,90.97,91.01,2434181.0,116664442.0
2016-08-11,90.02,92.85,89.29,90.32,1830014.0,87174812.0
2016-08-12,90.36,91.32,87.24,91.32,2880470.0,134358106.0
2016-08-15,91.36,100.45,91.32,95.55,5511693.0,278637213.0
2016-08-16,95.0,98.63,93.69,96.14,4495316.0,225065778.0
2016-08-17,96.28,101.89,94.92,98.54,5120264.0,265753397.0
2016-08-18,97.68,101.45,96.35,98.83,4212309.0,217818214.0
2016-08-19,97.69,98.44,95.78,95.99,3014115.0,152347745.0
2016-08-22,96.6,99.17,94.96,96.85,3432547.0,174825861.0
2016-08-23,95.19,95.76,91.93,93.33,3057106.0,149363953.0
2016-08-24,92.91,95.19,92.91,93.71,1821549.0,89207047.0
2016-08-25,93.84,93.94,89.78,92.03,1913668.0,91233157.0
2016-08-26,91.91,96.14,91.43,93.08,2329276.0,113723221.0
2016-08-29,90.97,93.81,90.97,91.32,1409323.0,67389535.0
2016-08-30,91.74,92.26,90.07,91.3,1182564.0,56321990.0
2016-08-31,91.3,94.13,90.7,92.85,2194140.0,106277541.0
2016-09-01,92.89,93.77,90.49,90.49,1973295.0,93927159.0
2016-09-02,91.14,91.36,87.91,88.39,1550501.0,72428030.0
2016-09-05,88.14,90.57,88.14,88.87,1049145.0,48979491.0
2016-09-06,88.87,90.32,87.14,90.25,1159401.0,53919805.0
2016-09-07,90.28,91.74,89.63,90.34,1408666.0,66535213.0
2016-09-08,90.28,92.81,89.8,91.57,1826963.0,87210373.0
2016-09-09,91.16,92.18,89.06,89.08,1739547.0,81833126.0
2016-09-12,86.95,88.69,86.17,86.76,1176742.0,53543787.0
2016-09-13,88.0,88.0,86.61,86.8,820799.0,37278194.0
2016-09-14,86.8,87.14,86.28,86.45,739571.0,33456056.0
2016-09-19,86.97,88.67,86.76,88.18,1027793.0,47093272.0
2016-09-20,88.29,89.02,87.45,88.35,911312.0,42034583.0
2016-09-21,88.29,88.9,87.72,87.75,705900.0,32434548.0
2016-09-22,88.12,91.55,87.81,90.63,2176570.0,102234405.0
2016-09-23,90.72,90.72,88.5,88.67,1331145.0,62106329.0
2016-09-26,89.42,89.42,85.23,85.55,1188168.0,54033167.0
2016-09-27,85.42,87.33,85.42,87.14,1082558.0,48849926.0
2016-09-28,87.62,87.72,85.95,86.13,690301.0,31094364.0
2016-09-29,86.38,87.89,86.2,87.03,1079367.0,49188899.0
2016-09-30,87.45,90.69,86.59,90.15,2080841.0,97348714.0
2016-10-10,90.97,91.91,89.44,90.69,1932613.0,91362032.0
2016-10-11,90.97,91.72,90.03,90.57,1678853.0,79563881.0
2016-10-12,90.7,92.12,90.05,92.01,1998082.0,95347367.0
2016-10-13,92.12,92.12,90.59,90.78,1612878.0,76650486.0
2016-10-14,90.4,91.03,89.82,90.34,1331304.0,62714117.0
2016-10-17,90.02,90.02,87.16,87.45,2467279.0,113398430.0
2016-10-18,87.33,88.22,86.95,88.16,1153832.0,52901354.0
2016-10-19,88.67,88.79,87.53,88.18,1309687.0,60041560.0
2016-10-20,87.85,90.32,87.58,89.33,1547461.0,72013344.0
2016-10-21,89.77,89.84,86.99,88.12,1630217.0,74894904.0
2016-10-24,87.91,89.78,87.26,89.19,1639701.0,75787586.0
2016-10-25,89.34,89.58,88.37,89.25,1283608.0,59661051.0
2016-10-26,89.06,89.34,87.72,88.2,1382241.0,63669432.0
2016-10-27,88.46,97.03,88.1,97.03,2369088.0,117210800.0
2016-10-28,99.59,106.49,99.17,101.49,11393348.0,608503740.0
2016-10-31,97.69,100.11,92.12,94.44,5508423.0,274402559.0
2016-11-01,93.65,103.88,93.65,103.88,4331393.0,229206854.0
2016-11-02,109.17,114.26,107.65,114.26,10093416.0,588216334.0
2016-11-03,120.66,123.0,109.97,110.12,15757592.0,965826002.0
2016-11-04,107.1,115.83,106.64,112.23,10406569.0,610397661.0
2016-11-07,110.7,118.86,110.34,114.43,8469375.0,511034976.0
2016-11-08,113.59,118.51,111.1,113.25,6066532.0,360630656.0
2016-11-09,113.28,115.49,110.6,113.28,6565536.0,385665025.0
2016-11-10,113.92,114.68,111.85,113.57,5724973.0,338686886.0
2016-11-11,115.58,119.13,112.04,113.52,6432336.0,386251060.0
2016-11-14,111.6,112.17,106.29,107.08,5562815.0,313843332.0
2016-11-15,107.44,109.15,106.14,107.5,3077581.0,172916929.0
2016-11-16,107.27,109.17,104.95,106.75,3835556.0,213840744.0
2016-11-17,106.24,107.46,104.38,106.58,2380241.0,131756168.0
2016-11-18,110.12,114.91,108.32,112.23,6902494.0,404141567.0
2016-11-21,112.46,114.55,109.8,113.71,5056472.0,296689043.0
2016-11-22,113.0,113.57,111.18,112.27,3661972.0,214165151.0
2016-11-23,111.29,112.14,108.23,108.4,3816844.0,218294424.0
2016-11-24,107.35,108.21,103.82,104.25,3424857.0,188754235.0
2016-11-25,104.0,106.39,103.42,104.94,2591925.0,142375475.0
2016-11-28,105.34,111.06,105.34,107.21,3347258.0,189473057.0
2016-11-29,105.51,106.29,101.53,101.55,3096786.0,167711671.0
2016-11-30,101.31,103.04,98.67,102.35,1866192.0,98178721.0
2016-12-01,102.27,102.52,100.2,100.7,1477094.0,77915010.0
2016-12-02,101.1,102.08,98.67,99.04,1350297.0,70758208.0
2016-12-05,97.29,100.09,96.35,99.11,1099271.0,56654258.0
2016-12-06,99.57,101.45,98.83,100.3,1123631.0,58685736.0
2016-12-07,100.36,101.16,98.73,100.84,1247858.0,65279999.0
2016-12-08,100.93,101.03,97.68,98.1,1477000.0,76472213.0
2016-12-09,98.1,101.12,98.1,99.59,1506630.0,78483711.0
2016-12-12,99.4,104.49,98.63,100.72,3551091.0,187935222.0
2016-12-13,97.71,98.25,90.74,94.86,2699254.0,133384268.0
2016-12-14,93.94,95.67,91.93,92.05,1956163.0,95449787.0
2016-12-15,91.57,94.04,91.55,92.45,1357797.0,65775968.0
2016-12-16,93.16,94.11,92.22,93.65,1195605.0,58432819.0
2016-12-19,93.77,96.68,93.27,94.9,1715980.0,85295639.0
2016-12-20,94.06,94.61,92.35,93.42,1118460.0,54570182.0
2016-12-21,93.17,94.52,92.12,93.62,1304956.0,63558353.0
2016-12-22,94.27,94.4,92.64,93.23,853647.0,41573156.0
2016-12-23,93.27,93.41,88.58,89.25,1461709.0,69441654.0
2016-12-26,88.67,92.31,88.67,91.41,1422082.0,67735534.0
2016-12-27,90.21,91.97,90.21,91.26,996190.0,47470186.0
2016-12-28,90.84,92.12,90.78,90.97,663832.0,31650059.0
2016-12-29,90.97,91.61,90.21,90.42,671289.0,31866734.0
2016-12-30,90.38,91.53,88.12,88.77,973710.0,45365989.0
2017-01-03,88.96,89.92,88.29,88.98,696176.0,32362934.0
2017-01-04,89.4,91.45,88.44,90.57,1163992.0,54825706.0
2017-01-05,90.03,90.8,89.21,89.29,983823.0,46058691.0
2017-01-06,89.31,89.78,87.72,88.02,1044527.0,48074174.0
2017-01-09,87.33,87.37,85.8,86.34,1108353.0,50052501.0
2017-01-10,86.38,86.91,86.19,86.3,684236.0,30906720.0
2017-01-11,86.19,86.55,84.27,84.31,1021202.0,45430396.0
2017-01-12,83.89,84.67,81.59,81.88,1468753.0,63274611.0
2017-01-13,82.64,83.89,81.55,82.93,1379631.0,59580791.0
2017-01-16,82.93,83.31,74.64,75.27,1613842.0,65376870.0
2017-01-17,75.25,78.45,73.74,77.16,1197392.0,47898779.0
2017-01-18,76.92,77.51,75.38,76.17,668591.0,26619561.0
2017-01-19,75.65,75.65,72.62,72.76,1087149.0,42121987.0
2017-01-20,72.97,77.38,72.97,77.14,1779266.0,70514719.0
2017-01-23,77.13,78.29,75.69,76.8,951205.0,38132935.0
2017-01-24,76.86,77.99,76.19,76.23,710476.0,28506384.0
2017-01-25,76.61,77.11,75.75,76.34,738667.0,29519444.0
2017-01-26,76.23,77.16,75.46,76.28,933541.0,37034565.0
2017-02-03,76.55,83.91,75.71,83.91,2505737.0,108336873.0
2017-02-06,85.23,90.97,83.37,87.72,5623022.0,254550008.0
2017-02-07,87.85,89.54,85.23,88.04,3328671.0,150818860.0
2017-02-08,87.2,87.2,85.61,86.87,2121153.0,95721078.0
2017-02-09,86.86,88.44,85.82,86.95,2158423.0,98056130.0
2017-02-10,86.22,86.53,83.92,84.19,1861199.0,82397504.0
2017-02-13,83.18,85.17,81.49,84.61,1870549.0,81541689.0
2017-02-14,84.46,84.46,82.58,83.18,1156708.0,50225504.0
2017-02-15,82.47,85.0,82.47,83.18,1829219.0,80191576.0
2017-02-16,82.85,84.08,81.49,82.72,1350326.0,58153139.0
2017-02-17,82.72,83.25,80.46,80.71,1173460.0,49888036.0
2017-02-20,79.88,80.71,77.91,79.77,1435068.0,59302159.0
2017-02-21,79.75,81.17,79.64,80.61,1114124.0,46812688.0
2017-02-22,80.61,86.19,80.44,82.99,2295645.0,100312442.0
2017-02-23,81.63,82.74,80.75,81.51,1357399.0,57744306.0
2017-02-24,80.63,81.36,80.48,80.97,952908.0,40204163.0
2017-02-27,80.57,81.49,80.21,80.5,824955.0,34848317.0
2017-02-28,79.88,80.97,79.88,80.15,877622.0,36815099.0
2017-03-01,80.44,81.93,79.77,80.23,1194429.0,50490991.0
2017-03-02,79.83,80.34,77.78,78.58,1234464.0,50795919.0
2017-03-03,77.72,78.29,77.11,78.18,1048166.0,42534421.0
2017-03-06,78.33,79.39,77.8,79.12,783956.0,32349787.0
2017-03-07,79.31,81.4,79.25,81.15,1588828.0,66761739.0
2017-03-08,81.4,81.68,78.91,79.02,1571327.0,65455177.0
2017-03-09,79.27,79.39,76.99,77.43,1505126.0,61168029.0
2017-03-10,77.68,78.87,77.68,77.99,939107.0,38353713.0
2017-03-13,78.16,79.08,76.63,78.47,1030539.0,42096205.0
2017-03-14,78.72,79.44,78.24,78.58,814625.0,33532364.0
2017-03-15,78.75,83.83,77.61,80.02,2396656.0,101603575.0
2017-03-16,78.72,80.77,78.52,80.42,1634480.0,68077198.0
2017-03-17,80.25,81.3,79.0,79.19,1607300.0,67335949.0
2017-03-20,79.19,79.62,78.1,78.64,952173.0,39017587.0
2017-03-21,79.1,79.25,78.24,78.72,852356.0,34963503.0
2017-03-22,78.24,78.52,77.2,77.61,1038420.0,42085819.0
2017-03-23,77.85,78.33,76.23,76.99,1225930.0,49420179.0
2017-03-24,76.9,77.99,76.63,77.38,780233.0,31461279.0
2017-03-27,78.14,78.14,76.99,77.62,676814.0,27404874.0
2017-03-28,77.74,78.12,76.95,77.09,690804.0,27868394.0
2017-03-29,76.7,77.66,76.51,76.59,942123.0,37834388.0
2017-03-30,76.34,76.76,72.78,74.27,1242345.0,48068225.0
2017-03-31,74.9,74.9,73.47,73.85,620643.0,23998644.0
2017-04-05,74.14,75.04,73.58,74.96,938952.0,36449260.0
2017-04-06,74.5,75.56,73.6,74.66,877146.0,34072041.0
2017-04-07,74.23,75.13,74.04,74.37,825381.0,32120866.0
2017-04-10,74.39,74.89,72.8,72.86,1137207.0,43708591.0
2017-04-11,72.78,74.98,71.82,74.81,1217184.0,46996435.0
2017-04-12,74.85,80.06,74.54,78.72,3632567.0,148580061.0
2017-04-13,78.75,79.21,75.9,76.4,2096806.0,84023630.0
2017-04-14,76.8,76.8,73.74,74.98,1280305.0,50014708.0
2017-04-17,75.27,75.4,71.97,72.72,1076085.0,41207797.0
2017-04-18,72.82,73.49,70.92,71.3,846588.0,31968009.0
2017-04-19,71.25,71.25,67.72,69.08,1100316.0,39673225.0
2017-04-20,69.06,69.66,68.12,68.37,651969.0,23371604.0
2017-04-21,68.56,69.22,68.37,68.6,464850.0,16688904.0
2017-04-24,68.64,68.64,63.49,64.35,942398.0,32121504.0
2017-04-25,64.73,65.65,64.22,64.28,616298.0,20815826.0
2017-04-26,64.66,65.83,64.16,65.63,900229.0,30616466.0
2017-04-27,65.6,67.03,64.35,66.4,1101176.0,37785350.0
2017-04-28,66.08,67.05,65.65,66.78,646984.0,22479982.0
2017-05-02,66.76,68.6,66.04,67.38,819654.0,28695403.0
2017-05-03,67.4,68.95,66.52,67.36,772952.0,27242196.0
2017-05-04,67.99,67.99,66.23,66.23,626137.0,21833869.0
2017-05-05,65.46,66.23,64.16,64.64,620605.0,21201550.0
2017-05-08,64.5,69.77,63.93,66.65,1859633.0,64244194.0
2017-05-09,65.48,65.94,63.22,64.66,1282570.0,42974496.0
2017-05-10,63.95,64.66,63.3,63.35,1041301.0,34712764.0
2017-05-11,62.26,62.26,58.32,60.79,1226385.0,38745633.0
2017-11-13,64.44,66.87,61.98,66.87,7806028.0,167146038.0
2017-11-14,71.67,73.36,68.28,68.84,11116453.0,255423315.0
2017-11-15,64.63,67.09,62.17,63.31,7147874.0,149673133.0
2017-11-16,64.17,69.64,63.8,69.64,4260479.0,95121886.0
2017-11-17,72.74,73.94,69.61,70.25,14271554.0,335441947.0
2017-11-20,66.07,77.29,63.92,77.29,10339316.0,239347195.0
2017-11-21,76.95,83.1,76.92,80.79,17564675.0,459009580.0
2017-11-22,78.03,80.42,77.38,78.46,9873614.0,253350331.0
2017-11-23,77.26,78.21,72.93,73.08,9191990.0,224003683.0
2017-11-24,73.3,75.69,70.1,70.22,6809256.0,161762221.0
2017-11-27,70.5,74.83,70.22,72.37,7029025.0,166437203.0
2017-11-28,71.6,74.65,70.31,73.82,6656220.0,156835494.0
2017-11-29,72.83,73.33,70.68,71.3,5014599.0,116851192.0
2017-11-30,70.31,70.31,66.72,67.67,6294245.0,139063147.0
2017-12-01,67.03,67.89,65.73,67.42,3881302.0,84500427.0
2017-12-04,67.55,67.55,61.83,63.09,5225534.0,109658668.0
2017-12-05,63.98,66.07,61.95,62.54,3472738.0,72341429.0
2017-12-06,61.92,64.14,60.88,63.46,3187474.0,64900550.0
2017-12-07,62.6,69.82,62.6,69.82,3418119.0,75540121.0
2017-12-08,70.9,75.97,70.53,73.42,13366091.0,314016790.0
2017-12-11,72.5,73.26,71.02,72.13,8373408.0,196390399.0
2017-12-12,71.39,73.6,70.71,71.02,5506326.0,128695056.0
2017-12-13,70.34,72.4,70.31,71.64,4350017.0,100848079.0
2017-12-14,71.08,71.91,70.41,71.6,4374837.0,101348625.0
2017-12-15,72.22,74.37,71.14,71.76,7313072.0,172812699.0
2017-12-18,70.84,70.93,65.03,65.33,6541212.0,141418899.0
2017-12-19,65.37,67.0,64.66,66.32,3942994.0,84798115.0
2017-12-20,66.59,66.87,64.84,65.03,3333120.0,71083247.0
2017-12-21,65.46,66.04,63.0,65.83,4017208.0,84797013.0
2017-12-22,66.32,70.59,65.92,67.0,5553175.0,122742105.0
2017-12-25,65.98,66.81,65.09,65.77,3120731.0,66997728.0
2017-12-26,65.0,66.47,65.0,66.1,3272070.0,70031285.0
2017-12-27,65.61,66.5,64.01,64.57,3592645.0,76232530.0
2017-12-28,63.8,65.61,63.09,64.14,2957730.0,62196724.0
2017-12-29,63.89,65.03,63.65,63.83,2229890.0,46561534.0
2018-01-02,64.32,64.47,62.42,64.47,2709616.0,56188823.0
2018-01-03,64.17,66.38,64.17,66.1,4683497.0,99739817.0
2018-01-04,66.23,66.75,64.91,65.21,3201101.0,68147027.0
2018-01-05,65.18,67.46,64.87,66.35,5350879.0,115600554.0
2018-01-08,65.52,66.04,63.71,64.6,3878805.0,81350079.0
2018-01-09,64.41,64.54,63.22,64.08,2555578.0,53067742.0
2018-01-10,63.77,64.08,61.8,62.48,3122604.0,63633848.0
2018-01-11,62.02,64.5,61.92,63.86,3392740.0,70246932.0
2018-01-12,63.4,64.14,62.26,62.38,2318016.0,47364255.0
2018-01-15,61.92,62.97,59.31,60.51,3048017.0,60836840.0
2018-01-16,60.94,61.0,59.47,60.33,2145440.0,42012014.0
2018-01-17,60.33,60.79,57.68,59.25,2769800.0,53138809.0
2018-01-18,58.57,63.0,58.57,60.3,2540598.0,50323384.0
2018-01-19,60.11,61.16,59.53,59.77,1657704.0,32567270.0
2018-01-22,58.7,63.24,58.39,61.37,3412882.0,67749409.0
2018-01-23,60.48,61.28,60.2,60.6,1893421.0,37425661.0
2018-01-24,60.85,62.38,60.63,61.83,3105083.0,62427206.0
2018-01-25,61.86,62.85,60.54,60.54,2332743.0,46563966.0
2018-01-26,60.2,60.85,59.47,59.53,1857280.0,36207919.0
2018-01-29,59.68,60.08,59.25,59.77,1457302.0,28223875.0
2018-01-30,59.83,59.96,58.82,58.88,1399763.0,26926366.0
2018-01-31,58.54,59.68,58.48,59.68,1531876.0,29407770.0
2018-02-01,59.62,60.05,55.78,56.55,3276062.0,61646660.0
2018-02-02,56.7,58.39,56.39,58.14,1710469.0,31984149.0
2018-02-05,57.41,57.77,56.45,57.28,1101039.0,20459886.0
2018-02-06,57.16,57.77,55.62,57.13,1567176.0,28928067.0
2018-02-07,57.68,58.85,56.45,57.25,1682882.0,31390008.0
2018-02-08,57.16,58.24,56.55,57.99,1173787.0,21989226.0
2018-02-09,56.85,57.5,56.27,56.7,1249225.0,23053079.0
2018-02-12,56.88,58.02,56.58,57.38,919322.0,17170429.0
2018-02-13,57.34,59.5,57.34,58.08,1961620.0,37294158.0
2018-02-14,57.87,58.7,56.85,57.34,694280.0,12988675.0
2018-02-22,57.87,58.82,57.16,58.45,2003654.0,37707384.0
2018-02-23,58.45,59.01,56.79,56.85,3074100.0,57576839.0
2018-08-24,51.29,51.29,51.29,51.29,111500.0,1816335.0
2018-08-27,46.16,46.16,46.16,46.16,206200.0,3022892.0
2018-08-28,41.53,44.84,41.53,43.01,7427647.0,100484244.0
2018-08-29,41.84,42.7,41.44,42.38,3863768.0,51390625.0
2018-08-30,41.94,42.48,40.65,40.74,3651976.0,48183956.0
2018-08-31,40.3,40.33,37.0,39.92,6444353.0,79780003.0
2018-09-03,39.83,39.99,38.73,39.48,3423472.0,42818353.0
2018-09-04,39.96,41.25,39.52,40.93,3103658.0,39579056.0
2018-09-05,40.62,41.25,40.11,40.21,2065926.0,26706112.0
2018-09-06,39.96,40.37,38.98,39.58,2299951.0,28808970.0
2018-09-07,39.52,39.96,38.98,39.01,1593315.0,20003232.0
2018-09-10,38.88,42.92,38.45,42.88,12076417.0,163293653.0
2018-09-11,41.09,41.47,38.98,39.96,8201199.0,104316683.0
2018-09-12,39.7,40.08,38.45,39.96,4245778.0,53091577.0
2018-09-13,39.67,40.74,39.39,39.99,2824901.0,35736093.0
2018-09-14,40.02,40.3,38.82,39.55,3030300.0,37936151.0
2018-09-17,39.42,40.08,38.35,39.36,2633791.0,32955669.0
2018-09-18,38.95,39.83,38.88,39.61,1780339.0,22253449.0
2018-09-19,39.14,41.56,39.14,40.46,4924175.0,63462784.0
2018-09-20,39.8,41.91,39.17,40.52,4867242.0,62668266.0
2018-09-21,40.21,41.25,39.86,40.9,4450021.0,57319430.0
2018-09-25,40.21,40.77,39.77,39.96,2161141.0,27528568.0
2018-09-26,40.08,40.08,39.52,39.8,1937320.0,24510166.0
2018-09-27,39.55,39.83,38.76,39.36,2260282.0,28274049.0
2018-09-28,39.36,40.81,39.07,40.15,2031632.0,25679279.0
2018-10-08,39.64,39.99,38.66,39.17,1745760.0,21816105.0
2018-10-09,39.33,39.45,38.92,38.98,1144660.0,14214887.0
2018-10-10,38.98,39.26,38.76,39.14,1405173.0,17411901.0
2018-10-11,38.16,39.8,35.23,38.66,4789791.0,58521195.0
2018-10-12,37.78,38.73,37.19,38.13,1322907.0,16035132.0
2018-10-15,40.3,41.94,39.07,39.52,10536856.0,136427708.0
2018-10-16,37.63,40.02,36.15,37.97,6901893.0,83664641.0
2018-10-17,37.72,39.55,37.5,38.03,2484284.0,30286955.0
2018-10-18,34.63,38.22,34.63,37.75,3269252.0,38513157.0
2018-10-19,37.15,38.41,36.37,37.63,2825184.0,33550863.0
2018-10-22,38.88,39.14,37.81,38.95,3843272.0,47132592.0
2018-10-23,39.3,39.3,37.63,38.57,3038840.0,37056197.0
2018-10-24,39.07,39.07,37.94,38.29,1631540.0,19839916.0
2018-10-25,37.47,38.92,36.52,38.45,2199337.0,26685149.0
2018-10-26,38.16,38.57,37.78,38.38,1421185.0,17276357.0
2018-10-29,37.97,38.48,37.0,37.88,1674440.0,20185288.0
2018-10-30,38.38,38.38,37.63,37.94,1133391.0,13628203.0
2018-10-31,38.1,38.32,37.72,38.0,1585900.0,19200177.0
2018-11-01,38.73,38.98,37.97,38.29,3837302.0,46724412.0
2018-11-02,38.51,38.7,38.1,38.22,7870965.0,95529472.0
2018-11-05,38.1,38.44,37.66,38.13,3725584.0,45069964.0
2018-11-06,38.13,38.44,37.75,38.13,3788360.0,45898783.0
2018-11-07,38.41,38.41,37.75,37.97,3226120.0,38952715.0
2018-11-08,38.03,38.07,37.75,37.91,1602832.0,19292443.0
2018-11-09,38.03,38.03,37.44,37.72,1758280.0,21022904.0
2018-11-12,37.75,38.03,37.47,38.03,2328974.0,28000342.0
2018-11-13,38.03,38.7,37.81,38.7,9395774.0,114520594.0
