2012-10-19,18.61,22.37,18.61,22.37,31664808.0,429241280.0
2012-10-22,22.74,24.6,20.97,23.58,32778656.0,492058368.0
2012-10-23,21.68,22.89,21.22,21.22,24882354.0,348939744.0
2012-10-24,20.46,20.77,19.64,20.16,16444261.0,213710624.0
2012-10-25,19.85,20.32,18.38,18.43,16130607.0,199671744.0
2012-10-26,18.26,19.0,17.92,18.27,9783597.0,116298288.0
2012-10-29,17.98,17.98,17.02,17.37,10954067.0,122910928.0
2012-10-30,17.47,17.71,17.19,17.47,7574520.0,85357408.0
2012-10-31,17.5,17.5,16.52,16.86,10054400.0,109095824.0
2012-11-01,16.89,17.33,16.68,17.03,11211944.0,123168640.0
2012-11-02,16.86,17.75,16.75,17.12,14749998.0,165147232.0
2012-11-05,16.88,16.88,15.96,16.16,13204607.0,138445312.0
2012-11-06,16.09,16.74,15.91,16.58,11728185.0,123533488.0
2012-11-07,16.39,16.54,16.05,16.54,8023530.0,84425408.0
2012-11-08,16.6,18.2,16.44,18.2,25433038.0,287498176.0
2012-11-09,17.67,18.82,17.47,18.27,20607674.0,240544096.0
2012-11-12,18.54,19.19,17.76,18.09,14261626.0,169587424.0
2012-11-13,17.99,18.27,16.88,17.11,11895984.0,134747536.0
2012-11-14,16.63,17.51,16.57,17.39,11741795.0,129984624.0
2012-11-15,16.91,19.12,16.83,18.01,21793902.0,260160528.0
2012-11-16,17.95,17.95,16.21,16.43,18129074.0,193009920.0
2012-11-19,15.82,16.07,15.25,15.59,8572435.0,86171552.0
2012-11-20,15.82,15.98,15.17,15.17,7929882.0,79562736.0
2012-11-21,14.91,15.25,14.64,15.25,7087943.0,68255568.0
2012-11-22,15.05,15.05,14.69,14.74,5352830.0,51156876.0
2012-11-23,14.78,14.97,14.74,14.8,4144724.0,39716176.0
2012-11-26,14.94,15.43,14.8,14.94,8659808.0,84915672.0
2012-11-27,14.88,14.88,13.45,13.45,9121010.0,81175328.0
2012-11-28,13.19,13.29,12.7,12.8,6276921.0,52187300.0
2012-11-29,12.87,13.15,12.63,12.67,5818767.0,48234712.0
2012-11-30,12.53,13.11,12.5,12.92,5192179.0,42973176.0
2012-12-03,12.92,12.92,11.99,12.05,5934006.0,47555512.0
2012-12-04,11.87,12.63,11.85,12.55,5786284.0,45805808.0
2012-12-05,12.41,13.26,12.35,12.98,8524693.0,70969896.0
2012-12-06,12.87,13.32,12.67,13.03,7161425.0,59805552.0
2012-12-07,13.08,13.7,12.84,13.53,9777675.0,83905360.0
2012-12-10,13.53,14.22,13.22,14.22,10690931.0,94660344.0
2012-12-11,13.96,14.07,13.62,13.63,7151407.0,63753192.0
2012-12-12,13.49,13.91,13.39,13.73,4942193.0,43468984.0
2012-12-13,13.59,14.05,13.4,13.45,4191903.0,37103528.0
2012-12-14,13.42,14.24,13.42,14.04,8220754.0,74285488.0
2012-12-17,13.96,15.12,13.7,14.71,10386311.0,96559144.0
2012-12-31,16.13,16.18,15.37,16.18,16305853.0,168873792.0
2013-01-04,17.06,17.79,16.58,17.79,19312052.0,216336304.0
2013-01-07,18.16,19.57,18.09,19.57,19951328.0,244271968.0
2013-01-08,20.24,21.53,20.24,21.53,11212427.0,152880048.0
2013-01-09,22.65,22.65,19.56,20.21,27595628.0,367119104.0
2013-01-10,20.24,22.23,19.7,22.23,27555168.0,370855552.0
2013-01-11,21.72,24.2,21.11,22.49,31470044.0,460530400.0
2013-01-14,22.34,23.67,21.27,22.8,22930560.0,333441888.0
2013-01-15,22.62,23.42,22.29,22.34,18872456.0,276344544.0
2013-01-16,21.7,21.84,20.82,21.09,16780110.0,230921776.0
2013-01-17,21.09,21.48,20.55,20.89,10916078.0,148027712.0
2013-01-18,20.86,21.28,20.71,21.09,7342815.0,99186408.0
2013-01-21,21.17,21.22,20.71,20.88,6797778.0,91692240.0
2013-01-22,20.94,22.6,20.09,22.24,20464532.0,283051328.0
2013-01-23,21.59,24.46,21.5,24.46,27720104.0,421122176.0
2013-01-24,25.08,26.76,24.94,25.24,26544888.0,441226560.0
2013-01-25,24.04,27.77,23.93,27.77,28965548.0,501865440.0
2013-01-28,27.28,28.09,25.95,26.99,23635206.0,409673568.0
2013-01-29,26.59,29.18,26.21,26.77,21267650.0,378306336.0
2013-01-30,26.18,26.6,24.99,25.39,15825008.0,260727008.0
2013-01-31,25.05,25.95,24.8,24.9,10337914.0,168337664.0
2013-02-01,24.93,26.37,24.93,25.75,13217063.0,219139664.0
2013-02-04,25.62,26.4,23.53,24.29,11168845.0,178138016.0
2013-02-05,24.06,24.06,22.6,23.28,10922407.0,163218784.0
2013-02-06,23.25,24.2,22.83,23.66,9183907.0,140191424.0
2013-02-07,23.58,23.86,22.85,23.44,6511311.0,97701320.0
2013-02-08,23.47,23.7,23.11,23.44,5781178.0,87477224.0
2013-02-18,23.55,25.78,23.55,25.78,15989099.0,260044368.0
2013-02-19,25.87,27.91,25.87,26.97,19554494.0,341718112.0
2013-02-20,26.9,27.27,25.36,26.85,12314319.0,208394064.0
2013-02-21,26.51,28.4,25.84,27.92,16989164.0,298908000.0
2013-02-22,27.58,28.7,26.12,26.31,14201426.0,251100704.0
2013-02-25,25.38,26.29,25.34,25.64,8363943.0,138549680.0
2013-02-26,25.38,26.84,24.79,25.5,9311964.0,154887024.0
2013-02-27,25.38,25.89,24.86,25.67,6723206.0,110193184.0
2013-02-28,25.59,26.9,25.52,26.51,9790035.0,167290112.0
2013-03-01,26.52,27.07,25.98,26.76,9492558.0,162250704.0
2013-03-04,26.25,26.65,24.86,25.04,7832413.0,129613048.0
2013-03-05,25.04,25.84,24.9,25.38,5076516.0,82822064.0
2013-03-06,25.3,25.83,25.27,25.8,5246719.0,86513008.0
2013-03-07,26.03,26.68,25.44,25.9,7547727.0,127349384.0
2013-03-08,25.9,28.36,25.62,27.14,16218356.0,285404768.0
2013-03-11,27.14,27.49,25.75,25.9,9090369.0,153830752.0
2013-03-12,25.76,25.9,23.45,24.26,9566724.0,151249696.0
2013-03-13,23.87,25.59,23.59,24.86,6195030.0,98358040.0
2013-03-14,24.74,25.21,24.52,24.62,3089302.0,49355644.0
2013-03-15,23.81,24.65,23.53,23.9,4659230.0,72025368.0
2013-03-18,23.58,24.15,23.45,23.47,3108436.0,47615140.0
2013-03-19,23.5,23.86,22.3,22.83,4267042.0,63003156.0
2013-03-20,22.72,24.18,22.72,23.78,5392677.0,82488936.0
2013-03-21,23.89,24.26,23.66,24.07,4131966.0,63930376.0
2013-03-22,24.17,24.27,23.73,24.04,3609681.0,55778384.0
2013-03-25,24.14,24.17,23.44,23.69,2517085.0,38541272.0
2013-03-26,23.59,24.49,23.59,24.46,5673118.0,88410584.0
2013-03-27,24.35,24.79,23.87,24.15,4381067.0,68587496.0
2013-03-28,23.89,23.89,22.49,22.49,4726779.0,69993744.0
2013-03-29,22.49,23.2,22.49,22.72,3562730.0,52626960.0
2013-04-01,22.94,23.27,22.58,23.11,2493605.0,37007172.0
2013-04-02,23.13,24.18,23.13,23.92,6065745.0,93022648.0
2013-04-03,23.93,24.12,23.33,23.7,2496523.0,38067448.0
2013-04-08,23.73,26.07,23.73,25.39,13834255.0,225362240.0
2013-04-09,25.02,26.37,24.86,25.07,12570696.0,205340144.0
2013-04-10,24.68,24.73,23.1,23.73,7188250.0,110416792.0
2013-04-11,23.96,24.11,23.27,23.5,3012236.0,46003744.0
2013-04-12,23.36,23.9,23.36,23.58,2600694.0,39666748.0
2013-04-15,23.67,23.73,22.63,22.77,3159301.0,46733300.0
2013-04-16,22.77,23.11,22.35,22.96,2187299.0,32074100.0
2013-04-17,22.96,23.13,22.82,23.11,2182484.0,32361772.0
2013-04-18,23.11,23.55,22.97,23.14,2613001.0,39131532.0
2013-04-19,23.14,23.75,23.14,23.53,3454985.0,52475844.0
2013-04-22,23.5,24.26,23.27,24.23,5521688.0,85517488.0
2013-04-23,24.34,24.34,23.0,23.07,4768663.0,72162672.0
2013-04-24,23.08,24.11,23.08,23.59,4427640.0,67691632.0
2013-04-25,23.44,23.84,22.93,22.93,3611740.0,54081820.0
2013-04-26,22.72,23.22,22.61,22.65,2060316.0,30328782.0
2013-05-02,22.51,22.96,22.51,22.75,1287475.0,18881026.0
2013-05-03,22.65,23.25,22.65,23.0,2075044.0,30776418.0
2013-05-06,23.08,24.18,22.91,23.9,6106143.0,93997168.0
2013-05-07,23.69,23.78,23.3,23.47,4010182.0,60566316.0
2013-05-08,23.5,25.75,23.5,25.58,13976468.0,222850720.0
2013-05-09,25.44,25.44,24.43,24.8,9684704.0,154878736.0
2013-05-10,25.81,27.14,25.18,25.19,13964478.0,235095392.0
2013-05-13,24.04,25.07,23.89,24.65,6417560.0,101434376.0
2013-05-14,24.32,24.79,23.66,23.87,4531209.0,70291416.0
2013-05-15,23.96,25.07,23.76,24.88,6479312.0,102636576.0
2013-05-16,24.82,25.25,24.35,24.63,6581215.0,105088856.0
2013-05-17,24.88,26.6,24.83,26.06,13196821.0,220478544.0
2013-05-20,28.09,28.66,27.42,28.66,14580913.0,266357616.0
2013-05-21,30.06,31.18,29.67,30.71,25106586.0,490386944.0
2013-05-22,29.73,30.32,28.7,29.47,11863338.0,225672080.0
2013-05-23,29.55,29.7,28.17,28.25,11235519.0,208045984.0
2013-05-24,28.23,29.7,28.18,28.98,10183856.0,189933664.0
2013-05-27,28.65,29.29,27.92,29.18,8759304.0,161148048.0
2013-05-28,28.71,28.84,28.07,28.28,5742625.0,105138592.0
2013-05-29,28.74,29.63,28.59,28.93,8095729.0,152330352.0
2013-05-30,28.32,28.7,27.98,28.31,6417106.0,117037240.0
2013-05-31,28.32,28.7,27.7,27.72,5099663.0,92687688.0
2013-06-03,27.77,28.7,27.77,28.43,5798327.0,106019344.0
2013-06-04,28.25,28.39,26.97,27.11,5295057.0,94265584.0
2013-06-05,27.08,27.35,26.52,26.9,3227908.0,55816064.0
2013-06-06,26.99,27.56,26.65,26.65,3612968.0,63324160.0
2013-06-07,26.51,26.94,25.3,25.52,4276980.0,71394152.0
2013-06-13,25.22,25.41,23.3,25.36,3758119.0,59008956.0
2013-06-14,25.59,27.77,25.45,27.36,7871250.0,135859568.0
2013-06-17,27.14,29.29,27.1,27.47,10433820.0,190145264.0
2013-06-18,27.3,28.17,26.45,27.61,4923671.0,86816912.0
2013-06-19,27.16,28.09,26.57,27.44,3260737.0,57707036.0
2013-06-20,26.97,28.48,26.63,27.45,7271225.0,131375312.0
2013-06-21,26.6,28.73,25.75,28.49,7283071.0,130537240.0
2013-06-24,28.85,29.44,25.9,26.21,8181419.0,146074784.0
2013-06-25,25.13,26.82,23.59,26.39,7198632.0,117257384.0
2013-06-26,26.39,28.32,25.8,27.64,7856943.0,137518768.0
2013-06-27,27.45,28.07,25.36,25.36,9131658.0,157371104.0
2013-06-28,24.82,26.15,24.01,24.97,7039924.0,114042280.0
2013-07-01,24.54,26.17,24.54,25.87,4981312.0,82496096.0
2013-07-02,26.06,27.47,25.75,26.71,7557696.0,130082832.0
2013-07-03,26.68,27.84,26.01,27.58,9271507.0,161898128.0
2013-07-04,27.16,30.34,27.16,29.91,17693374.0,336014528.0
2013-07-05,29.44,29.86,27.73,27.77,13616728.0,252492256.0
2013-07-08,27.45,27.45,25.75,26.23,6918651.0,118294600.0
2013-07-09,25.93,27.18,25.93,26.8,4503989.0,77578312.0
2013-07-10,26.83,28.36,26.8,27.83,6209027.0,110365376.0
2013-07-11,27.83,28.39,26.93,27.72,7505596.0,133918288.0
2013-07-12,27.77,29.38,27.77,28.26,10129012.0,186588432.0
2013-07-15,27.92,29.84,27.8,29.63,10714664.0,200847248.0
2013-07-16,29.6,32.57,28.85,31.75,17033186.0,340935072.0
2013-07-17,31.67,34.93,31.16,34.93,23094836.0,497183936.0
2013-07-18,38.41,38.42,37.6,38.42,7680872.0,189867856.0
2013-07-19,41.83,42.27,40.34,42.27,25413338.0,685184256.0
2013-07-22,41.9,46.5,41.29,46.3,27941624.0,785075456.0
2013-07-23,44.98,46.5,43.74,45.53,21432172.0,621444672.0
2013-07-24,47.08,50.09,45.45,50.05,29186642.0,917116800.0
2013-07-25,48.98,49.12,46.22,46.22,19958792.0,610285376.0
2013-07-26,46.72,47.6,43.14,44.67,19057258.0,555536128.0
2013-07-29,43.51,45.15,42.83,43.04,12463955.0,350869728.0
2013-07-30,43.43,43.9,40.14,41.62,13871565.0,372023712.0
2013-07-31,41.96,42.69,41.18,41.31,12060495.0,326052128.0
2013-08-01,41.09,44.8,41.01,44.02,16091376.0,446380160.0
2013-08-02,43.74,44.42,41.43,41.69,13286571.0,368711104.0
2013-08-05,42.16,42.97,41.1,42.64,10128873.0,274493504.0
2013-08-06,42.05,45.25,42.05,44.5,15687181.0,446141696.0
2013-08-07,44.05,44.05,41.85,42.1,10607804.0,293182432.0
2013-08-08,41.41,42.75,41.1,41.76,6385569.0,172689616.0
2013-08-09,42.13,42.62,38.86,40.17,10284360.0,268411328.0
2013-08-12,40.19,40.47,38.58,40.16,8143234.0,207155568.0
2013-08-13,40.14,43.38,39.72,41.94,13210550.0,357567296.0
2013-08-14,41.41,43.28,40.64,42.25,11849279.0,321287040.0
2013-08-15,41.48,45.85,41.12,44.08,20037196.0,568223360.0
2013-08-16,44.05,45.57,42.36,42.49,14763075.0,418235584.0
2013-08-19,41.34,43.26,40.81,42.69,7651910.0,208819712.0
2013-08-20,42.53,46.69,42.22,45.53,17329596.0,499290496.0
2013-08-21,44.98,46.19,44.18,44.91,9994648.0,289877536.0
2013-08-22,44.53,45.6,44.33,44.92,8821916.0,256389136.0
2013-08-23,44.94,46.64,43.74,45.93,14742548.0,432513088.0
2013-08-26,46.07,47.39,45.09,45.9,12470407.0,370409952.0
2013-08-27,45.84,47.23,44.05,46.69,14546941.0,428096256.0
2013-08-28,46.21,49.09,45.59,46.94,18255384.0,562009920.0
2013-08-29,45.8,48.33,44.98,47.63,12400476.0,371806560.0
2013-08-30,47.6,47.63,42.87,42.87,13106057.0,378965792.0
2013-09-02,40.8,44.36,40.8,43.56,7135589.0,197109200.0
2013-09-03,43.17,44.84,43.17,44.04,6637422.0,187917552.0
2013-09-04,43.82,43.82,42.62,42.97,6170089.0,171953856.0
2013-09-05,43.43,44.97,42.83,43.98,9054410.0,258364544.0
2013-09-06,43.9,44.7,43.22,44.53,7393604.0,210040080.0
2013-09-09,45.57,45.85,43.17,43.82,6789122.0,194033472.0
2013-09-10,43.4,44.04,41.91,42.35,8086654.0,222280272.0
2013-09-11,42.31,42.66,39.59,40.62,6363488.0,166610304.0
2013-09-12,40.48,41.77,40.36,40.64,3853726.0,102010384.0
2013-09-13,40.44,41.62,39.65,41.29,4551860.0,119692688.0
2013-09-16,41.35,43.2,40.9,42.24,6647080.0,181903152.0
2013-09-17,42.22,42.24,41.14,41.23,3713530.0,99658056.0
2013-09-18,41.23,44.01,41.23,43.34,8527233.0,236767328.0
2013-09-23,44.21,45.73,42.67,45.35,12131546.0,347364672.0
2013-09-24,45.43,47.2,44.56,45.42,12566971.0,370736768.0
2013-09-25,45.43,49.96,44.52,49.96,23317544.0,725616960.0
2013-09-26,51.19,51.65,46.38,46.75,20795424.0,662703296.0
2013-09-27,46.49,48.05,45.79,46.7,10388529.0,316921440.0
2013-09-30,46.15,49.54,45.79,47.51,10662184.0,328429664.0
2013-10-08,47.88,48.53,45.99,46.64,8838495.0,268342544.0
2013-10-09,46.22,46.77,45.29,46.35,7996173.0,237498240.0
2013-10-10,46.52,47.29,44.63,44.92,7971292.0,235214128.0
2013-10-11,44.69,45.68,42.81,45.51,7668404.0,218758016.0
2013-10-14,45.06,45.79,44.52,45.46,4527329.0,132119856.0
2013-10-15,45.46,45.6,43.9,44.21,4590593.0,132535656.0
2013-10-16,44.18,44.46,40.31,41.34,6073234.0,163288832.0
2013-10-17,41.31,42.1,40.36,41.03,3807727.0,101501960.0
2013-10-18,41.26,42.1,40.89,41.73,2849391.0,76737824.0
2013-10-21,41.73,43.11,41.34,42.61,3089267.0,84632536.0
2013-10-22,42.5,42.5,40.3,40.41,5216722.0,138012848.0
2013-10-23,40.47,40.93,39.32,40.42,2640404.0,68248880.0
2013-10-24,40.27,40.8,39.97,40.41,1565395.0,40811904.0
2013-10-25,40.41,40.69,36.45,38.33,3164022.0,78512760.0
2013-10-28,38.16,39.86,38.02,39.8,2416247.0,60677280.0
2013-10-29,39.55,40.1,37.71,38.69,2941766.0,73404176.0
2013-10-30,38.1,39.83,38.1,38.78,2358464.0,59489740.0
2013-10-31,38.31,38.47,36.89,36.89,2011992.0,48921784.0
2013-11-01,36.92,37.46,35.46,36.03,2084042.0,48512908.0
2013-11-04,35.68,36.42,35.51,35.57,1936482.0,44790948.0
2013-11-05,35.52,36.99,35.07,36.79,2597231.0,60598220.0
2013-11-06,36.73,37.3,35.99,35.99,2554210.0,60474200.0
2013-11-07,35.82,37.38,35.6,36.22,2314061.0,54761556.0
2013-11-08,36.27,36.84,35.83,36.61,1943508.0,45641552.0
2013-11-11,36.61,37.52,35.65,36.84,2413683.0,56991220.0
2013-11-12,37.15,37.21,36.27,36.99,1993967.0,47303728.0
2013-11-13,36.7,38.06,36.56,36.95,2730508.0,65900980.0
2013-11-14,37.09,37.83,36.55,37.72,2968499.0,71619432.0
2013-11-15,37.71,39.55,37.48,38.45,4448608.0,110529320.0
2013-11-18,38.78,39.01,38.13,38.93,3647653.0,90824376.0
2013-11-19,38.93,39.66,38.61,39.03,3471266.0,87876216.0
2013-11-20,39.1,39.54,38.28,38.7,2630925.0,65738764.0
2013-11-21,38.64,38.7,38.02,38.1,2468551.0,60878652.0
2013-11-22,38.13,38.39,36.72,37.13,3309731.0,79614048.0
2013-11-25,36.87,37.12,36.28,36.3,1876255.0,44470224.0
2013-11-26,36.3,36.87,36.3,36.61,1854459.0,43839980.0
2013-11-27,36.68,38.67,36.45,38.36,4368053.0,106820424.0
2013-11-28,38.41,38.67,37.76,37.97,2791121.0,68544104.0
2013-11-29,38.02,38.52,38.0,38.36,2613140.0,64610496.0
2013-12-02,37.76,37.76,34.56,34.61,3471294.0,80251808.0
2013-12-03,34.44,35.29,33.95,34.82,2018574.0,45041960.0
2013-12-04,34.59,35.52,34.59,34.85,2442045.0,55226456.0
2013-12-05,34.85,35.27,34.45,34.53,1811539.0,40581816.0
2013-12-06,34.51,34.64,32.42,33.64,3579048.0,77189752.0
2013-12-09,33.64,34.47,33.58,34.25,2222899.0,48968612.0
2013-12-10,34.25,34.67,33.89,34.05,2215167.0,48894428.0
2013-12-11,34.06,34.47,33.69,34.14,1969274.0,43200248.0
2013-12-12,33.74,36.44,33.69,35.48,5955836.0,135933840.0
2013-12-13,35.23,35.23,34.42,34.62,2488442.0,55854308.0
2013-12-16,34.7,35.43,34.51,35.35,3188987.0,72008552.0
2013-12-17,35.24,35.24,33.29,34.09,2472463.0,54515312.0
2013-12-18,34.05,34.05,32.57,33.26,2298809.0,49143676.0
2013-12-19,33.1,33.8,32.85,32.88,1451405.0,31199386.0
2013-12-20,32.96,33.09,31.38,31.6,1880319.0,38763388.0
2013-12-23,31.61,31.91,29.78,30.71,2847432.0,55839120.0
2013-12-24,30.31,30.99,30.03,30.5,1647556.0,32437708.0
2013-12-25,30.59,31.44,30.03,31.44,2512129.0,50148040.0
2013-12-26,31.47,31.64,30.6,31.18,2092692.0,42171700.0
2013-12-27,31.05,31.95,31.02,31.95,2945608.0,59748592.0
2013-12-30,31.89,32.05,31.49,31.67,2015154.0,41264312.0
2013-12-31,31.57,32.09,31.18,31.89,2086675.0,42706720.0
2014-01-02,32.05,33.47,31.95,33.32,3537655.0,75392360.0
2014-01-03,33.04,33.35,32.7,33.35,2533344.0,53972724.0
2014-01-06,32.88,33.29,32.19,32.19,1798107.0,37716648.0
2014-01-07,31.94,32.37,31.75,32.02,1159973.0,23956406.0
2014-01-08,32.02,33.41,31.95,33.26,3909850.0,82263448.0
2014-01-09,33.09,36.27,32.81,34.81,7580209.0,169748048.0
2014-01-10,34.12,34.81,33.5,33.58,3667600.0,80371472.0
2014-01-13,33.85,34.16,33.04,33.23,1967070.0,42629780.0
2014-01-14,33.33,34.11,33.19,34.11,2366476.0,51322772.0
2014-01-15,34.12,34.36,33.66,34.11,2324497.0,50955564.0
2014-01-16,34.19,34.56,33.83,34.05,2692499.0,59207760.0
2014-01-17,33.91,34.31,32.76,33.94,2393967.0,51741576.0
2014-01-20,33.57,33.61,32.68,32.88,1570677.0,33494560.0
2014-01-21,33.04,34.47,32.9,34.47,3931781.0,86045264.0
2014-01-22,34.31,36.34,34.14,35.83,5651037.0,128837752.0
2014-01-30,38.78,39.41,37.46,39.41,3435600.0,86102736.0
2014-02-07,41.2,43.28,40.48,41.88,11848035.0,320457568.0
2014-02-10,44.05,44.83,41.59,42.21,11298295.0,311326624.0
2014-02-11,41.26,41.85,40.31,40.84,9513177.0,251115552.0
2014-02-12,40.7,41.1,39.4,40.52,7122481.0,184401456.0
2014-02-13,40.41,40.92,39.59,40.31,6132001.0,159511024.0
2014-02-14,40.22,41.09,39.66,40.7,5953217.0,155401584.0
2014-02-17,41.0,41.1,39.83,40.67,5674832.0,147920864.0
2014-02-18,40.61,40.61,39.09,39.31,5187238.0,132656320.0
2014-02-19,39.27,39.97,39.01,39.79,4197614.0,106983288.0
2014-02-20,39.55,39.73,37.85,37.85,4138072.0,102531416.0
2014-02-21,37.79,38.47,37.6,38.47,2781976.0,68211016.0
2014-02-24,38.0,39.79,37.69,39.62,5612911.0,141549072.0
2014-04-09,43.57,43.57,43.57,43.57,627103.0,17615324.0
2014-04-10,47.93,47.93,47.93,47.93,438235.0,13541462.0
2014-04-11,52.72,52.72,52.72,52.72,6184972.0,210227200.0
2014-04-14,52.74,56.62,49.67,54.57,25476800.0,878198336.0
2014-04-15,52.72,56.62,51.7,54.37,16707062.0,582075840.0
2014-04-16,53.51,54.2,51.5,51.73,10832887.0,368256448.0
2014-04-17,51.76,52.2,49.47,49.9,10153788.0,331248480.0
2014-04-18,49.45,50.94,49.17,50.26,5773216.0,187457328.0
2014-04-21,49.64,50.63,48.86,49.23,5019997.0,160471968.0
2014-04-22,49.26,50.57,48.55,49.87,5895293.0,188644416.0
2014-04-23,50.1,50.1,46.86,47.22,5713228.0,178421104.0
2014-04-24,47.22,48.04,46.22,47.31,4953571.0,150750208.0
2014-04-25,46.97,47.67,46.32,46.58,3420550.0,103511024.0
2014-04-28,46.21,46.21,41.93,41.96,7372882.0,206097664.0
2014-04-29,42.66,43.14,41.97,42.89,4037464.0,111103520.0
2014-04-30,42.64,44.86,42.44,44.59,5189160.0,147651616.0
2014-05-05,44.07,45.42,43.88,45.09,3513527.0,101539416.0
2014-05-06,45.11,45.14,44.27,44.36,3421060.0,98447272.0
2014-05-07,44.52,48.8,44.52,46.67,9700581.0,295534432.0
2014-05-08,45.76,46.84,44.36,46.15,4387974.0,129543048.0
2014-05-09,45.08,45.74,42.21,43.12,4879616.0,138315680.0
2014-05-12,43.62,44.66,42.5,44.24,3733229.0,105241328.0
2014-05-13,44.28,44.8,43.43,43.87,2898970.0,82253848.0
2014-05-14,43.51,44.19,43.12,43.22,2287887.0,64133608.0
2014-05-15,43.2,43.35,41.71,41.96,3296365.0,90183512.0
2014-05-16,42.19,42.33,41.14,41.65,1836924.0,49355864.0
2014-05-19,41.71,42.75,41.57,42.27,2525337.0,68678992.0
2014-05-20,42.11,43.84,42.11,43.04,3671859.0,102016968.0
2014-05-21,43.38,43.48,42.22,43.12,2129471.0,58867476.0
2014-05-22,43.11,43.63,42.72,42.81,2789496.0,77845776.0
2014-05-23,42.47,43.65,42.39,43.59,3108810.0,86646304.0
2014-05-26,43.87,45.73,43.43,45.63,6455546.0,185202368.0
2014-05-27,45.14,45.51,44.36,44.55,4110299.0,118672272.0
2014-05-28,44.39,45.71,44.21,45.43,4623915.0,134246768.0
2014-05-29,45.53,46.01,43.93,43.96,4320908.0,125115912.0
2014-05-30,43.71,44.36,42.78,43.25,2987916.0,83529304.0
2014-06-03,44.32,46.01,44.32,44.59,5269745.0,153314736.0
2014-06-04,44.83,45.37,43.74,45.26,3930443.0,112862656.0
2014-06-05,44.98,48.29,44.64,47.47,9853831.0,295433568.0
2014-06-06,47.16,47.16,45.91,46.21,5468586.0,163834352.0
2014-06-09,46.24,47.16,45.57,45.76,3567613.0,106888632.0
2014-06-10,46.19,46.72,44.55,46.67,4631930.0,137088528.0
2014-06-11,46.19,47.26,46.05,46.38,3834826.0,115360888.0
2014-06-12,46.4,47.06,45.77,47.0,4816016.0,144570752.0
2014-06-13,47.16,47.36,46.61,46.8,4245876.0,128640264.0
2014-06-16,46.84,48.29,46.38,48.15,6049178.0,184251680.0
2014-06-17,47.77,47.77,46.49,46.52,4628681.0,140208336.0
2014-06-18,46.77,46.77,44.8,45.14,4467855.0,131163064.0
2014-06-19,44.95,45.4,42.94,43.37,3374962.0,95714192.0
2014-06-20,43.38,44.5,43.38,43.94,2013574.0,57003116.0
2014-06-23,43.99,44.55,43.56,44.02,1733239.0,49419060.0
2014-06-24,43.74,44.46,42.98,44.04,2563302.0,72202600.0
2014-06-25,43.46,43.66,42.98,43.11,2402558.0,66862740.0
2014-06-26,43.18,44.33,43.14,44.01,3118336.0,88253392.0
2014-06-27,44.01,44.27,43.48,43.79,1912180.0,54042896.0
2014-06-30,43.79,43.99,43.2,43.57,2425317.0,68071056.0
2014-07-01,43.57,47.28,43.45,46.53,8784511.0,258649584.0
2014-07-02,46.22,46.78,45.57,46.19,5670312.0,168529488.0
2014-07-03,46.44,46.75,45.77,46.08,3836166.0,114405312.0
2014-07-04,46.1,46.67,45.73,46.26,3261188.0,97269592.0
2014-07-07,47.03,48.01,46.26,46.67,3645946.0,110057576.0
2014-07-08,46.22,46.46,45.29,46.08,2505333.0,74101872.0
2014-07-09,45.76,46.49,44.41,44.61,2599886.0,76137040.0
2014-07-10,43.99,44.83,43.43,43.51,2360829.0,67330384.0
2014-07-11,43.43,44.47,43.37,44.08,2235201.0,63440328.0
2014-07-14,43.59,44.64,43.59,44.07,2195653.0,62332084.0
2014-07-15,44.7,45.82,44.24,45.22,4148511.0,120876240.0
2014-07-16,46.66,48.36,45.91,46.35,9494672.0,288103360.0
2014-07-17,46.41,46.47,43.9,44.15,4292409.0,123226152.0
2014-07-18,43.59,44.36,42.81,43.99,2809121.0,79043280.0
2014-07-21,43.82,44.44,43.74,44.07,1815624.0,51609556.0
2014-07-22,43.9,44.15,43.51,44.08,2372403.0,67229632.0
2014-07-23,44.01,44.35,43.26,43.51,2383397.0,67243624.0
2014-07-24,43.56,43.98,42.86,43.08,2966428.0,82973280.0
2014-07-25,43.31,43.35,42.81,43.31,1718955.0,47778532.0
2014-07-28,43.31,44.25,43.31,43.99,2384326.0,67345624.0
2014-07-29,43.99,45.54,43.96,44.91,4094817.0,118169712.0
2014-07-30,44.91,44.91,44.36,44.69,2516751.0,72278208.0
2014-07-31,44.67,45.71,44.52,45.65,5171079.0,151057808.0
2014-08-01,46.43,46.47,44.75,44.77,3176757.0,92785192.0
2014-08-04,43.23,45.19,43.17,44.67,2489266.0,71075544.0
2014-08-05,44.69,45.54,44.15,45.06,3270749.0,94514208.0
2014-08-06,45.06,45.39,44.67,45.06,2278908.0,66070156.0
2014-08-07,44.97,45.34,44.59,44.66,2326240.0,67336544.0
2014-08-08,44.73,44.97,44.33,44.63,1955423.0,56175560.0
2014-08-11,44.81,45.29,44.61,45.08,2309296.0,66992492.0
2014-08-12,44.98,45.26,44.69,45.23,2396314.0,69453608.0
2014-08-13,45.29,46.35,44.97,46.33,6189429.0,182806480.0
2014-08-14,45.91,46.21,45.23,45.37,3322786.0,97892616.0
2014-08-15,45.35,45.74,44.67,45.31,2862505.0,83528680.0
2014-08-18,45.29,46.69,45.06,46.5,6671499.0,199007728.0
2014-08-19,48.86,51.16,48.09,51.16,21957242.0,711383552.0
2014-08-20,49.71,50.15,48.4,48.78,11739503.0,371920864.0
2014-08-21,48.4,52.57,47.45,51.58,14992945.0,482550464.0
2014-08-22,50.26,52.04,49.78,49.82,10402014.0,339158528.0
2014-08-25,49.81,50.52,48.78,49.16,5452833.0,174950240.0
2014-08-26,49.02,49.02,46.84,47.62,6292115.0,193426704.0
2014-08-27,47.4,48.46,47.19,47.65,3141158.0,96830864.0
2014-08-28,48.24,50.1,47.31,49.48,6430174.0,201881680.0
2014-08-29,49.45,49.45,48.12,48.95,3848611.0,121031872.0
2014-09-01,49.02,50.2,48.57,49.78,4697888.0,149876208.0
2014-09-02,49.78,50.07,49.17,49.81,5480974.0,175312320.0
2014-09-03,49.98,51.34,49.48,50.71,8984480.0,292655200.0
2014-09-04,50.07,50.49,49.48,50.24,5830613.0,187879696.0
2014-09-05,50.04,50.38,49.31,49.51,3893568.0,124608000.0
2014-09-09,49.56,51.16,49.36,50.61,5640052.0,183346304.0
2014-09-10,50.75,51.03,50.23,50.65,3994703.0,130441560.0
2014-09-11,50.26,51.68,50.26,50.72,6740218.0,221315264.0
2014-09-12,50.85,50.92,49.68,50.15,3989032.0,128950584.0
2014-09-15,50.65,51.45,50.4,51.19,6450415.0,212402976.0
2014-09-16,51.03,51.45,48.36,48.69,5310327.0,172352240.0
2014-09-17,48.69,50.12,48.69,49.64,3224540.0,102868968.0
2014-09-18,49.76,51.2,49.34,51.16,6011245.0,196870752.0
2014-09-19,51.5,52.04,50.16,50.94,4194805.0,137334928.0
2014-09-22,51.2,51.48,48.95,49.09,3962512.0,126931352.0
2014-09-23,49.09,50.4,48.83,49.33,2666981.0,85239584.0
2014-09-24,49.33,49.33,48.05,49.03,4161966.0,130661736.0
2014-09-25,49.05,49.42,48.12,48.67,4010486.0,126150248.0
2014-09-26,48.67,49.64,48.3,49.09,3506551.0,110969240.0
2014-09-29,49.44,49.45,48.71,48.83,2577941.0,81473688.0
2014-09-30,48.88,50.1,48.88,49.96,4269888.0,136436208.0
2014-10-08,49.96,50.44,49.65,49.85,3527822.0,113682840.0
2014-10-09,49.81,50.05,49.02,49.26,3973426.0,126585840.0
2014-10-10,48.92,48.98,47.91,48.1,3787201.0,117914136.0
2014-10-13,48.13,48.47,47.9,48.26,2023049.0,62905784.0
2014-10-14,48.27,48.43,47.63,47.74,2128490.0,65812208.0
2014-10-15,47.77,48.13,47.25,47.93,2366855.0,72527248.0
2014-10-16,47.93,47.99,47.0,47.16,1827702.0,56076664.0
2014-10-17,47.15,47.33,46.07,46.16,2140790.0,64164340.0
2014-10-20,46.53,46.81,46.19,46.66,1650797.0,49448508.0
2014-10-21,46.56,46.72,45.65,45.66,1878956.0,55845552.0
2014-10-22,45.71,46.05,45.22,45.31,1554560.0,45691732.0
2014-10-23,45.34,45.34,43.9,44.01,2185754.0,62530704.0
2014-10-24,43.96,45.14,43.42,44.52,2154971.0,61741320.0
2014-10-27,44.49,44.81,43.74,44.42,1387454.0,39462300.0
2014-10-28,44.69,45.31,44.69,45.31,2658064.0,77292896.0
2014-10-29,45.32,45.66,44.98,45.63,2777329.0,81296400.0
2014-10-30,45.6,45.79,45.26,45.32,2361518.0,69256768.0
2014-10-31,45.32,45.53,44.61,45.03,2724499.0,79056216.0
2014-11-03,44.86,45.45,44.69,44.98,1617698.0,47027912.0
2014-11-04,45.15,45.29,44.28,44.47,2088600.0,60268700.0
2014-11-05,44.52,44.81,44.21,44.21,1353077.0,38841600.0
2014-11-06,44.21,44.61,43.71,44.59,2396715.0,68175880.0
2014-11-07,44.52,44.91,43.98,44.04,1957328.0,56134056.0
2014-11-10,44.36,44.77,44.05,44.5,1780410.0,51003000.0
2014-11-11,44.67,44.92,41.41,41.99,4638624.0,128111072.0
2014-11-12,42.01,42.47,41.74,42.28,1802185.0,49040476.0
2014-11-13,42.3,42.66,40.66,40.95,2474855.0,65957980.0
2014-11-14,41.12,41.41,40.8,41.26,1400771.0,37184772.0
2014-11-17,41.26,43.94,41.07,42.89,3416201.0,94629264.0
2014-11-18,42.81,43.74,42.52,42.97,1907813.0,53142184.0
2014-11-19,43.84,44.35,43.28,44.04,3303723.0,93472304.0
2014-11-20,43.46,43.99,43.09,43.22,1634310.0,45703904.0
2014-11-21,43.22,44.19,43.08,43.84,2956832.0,83410712.0
2014-11-24,44.55,44.67,43.57,43.84,2976397.0,84372488.0
2014-11-25,43.9,44.05,43.12,43.73,2836793.0,79549800.0
2014-11-26,43.73,43.87,43.09,43.28,2769602.0,77258592.0
2014-11-27,43.4,43.88,43.17,43.35,2470019.0,69211056.0
2014-11-28,43.59,43.59,42.81,43.15,2587951.0,71904168.0
2014-12-01,44.7,46.55,44.67,45.35,8793967.0,257985088.0
2014-12-02,45.2,45.2,44.13,44.86,4151312.0,119749456.0
2014-12-03,44.98,46.38,44.21,45.56,6135907.0,179091232.0
2014-12-04,45.45,45.87,44.52,45.57,5197790.0,152697936.0
2014-12-05,45.53,45.53,43.28,44.18,4580088.0,131193384.0
2014-12-08,44.18,45.68,43.12,44.7,4291207.0,123473048.0
2014-12-09,43.74,46.53,43.46,44.05,8696142.0,256213312.0
2014-12-10,44.05,46.61,43.91,46.61,9643864.0,286241984.0
2014-12-11,46.63,47.14,45.03,45.6,5749939.0,169984032.0
2014-12-12,46.53,47.47,45.76,46.58,6505656.0,195255744.0
2014-12-15,46.81,48.36,46.04,48.01,7646598.0,235113840.0
2014-12-16,48.32,48.36,46.78,47.4,4531606.0,138568304.0
2014-12-17,46.97,47.31,45.8,46.16,3890265.0,116195648.0
2014-12-18,47.7,47.7,46.22,46.22,3737513.0,112730056.0
2014-12-19,46.15,46.15,43.43,44.77,3346039.0,96011992.0
2014-12-22,44.75,44.75,41.96,43.31,3435603.0,95691616.0
2014-12-23,43.15,43.93,42.3,42.66,1995787.0,55467696.0
2014-12-24,42.66,43.26,42.28,42.95,2038358.0,56186400.0
2014-12-25,42.87,43.74,42.7,43.28,1853516.0,51723704.0
2014-12-26,43.29,43.48,42.53,43.25,1996183.0,55311724.0
2014-12-29,43.46,44.98,43.35,43.68,3604917.0,102251808.0
2014-12-30,43.56,44.02,41.77,42.75,2681968.0,73718976.0
2014-12-31,38.47,38.47,38.47,38.47,3324400.0,82445120.0
2015-01-05,38.47,38.75,36.81,38.52,4730104.0,115381800.0
2015-01-06,38.1,39.21,37.69,38.9,4406651.0,109255384.0
2015-01-07,40.31,42.73,40.02,40.72,7852883.0,208119312.0
2015-01-08,40.02,40.55,39.57,40.11,3953039.0,101928888.0
2015-01-09,39.97,40.8,39.55,39.85,4426639.0,115095392.0
2015-01-12,39.94,40.39,39.04,39.2,2481288.0,63226532.0
2015-01-13,39.2,40.31,39.1,40.02,2363594.0,60621340.0
2015-01-14,40.07,40.14,39.52,39.83,1680658.0,43044148.0
2015-01-15,39.83,40.0,39.37,39.82,2440162.0,62341232.0
2015-01-16,39.72,40.7,39.65,40.33,4171699.0,108384392.0
2015-01-19,39.94,40.17,37.91,37.99,5222338.0,132089872.0
2015-01-20,38.03,39.69,38.03,39.66,4502475.0,113780064.0
2015-01-21,40.0,41.88,39.71,41.26,8294142.0,218409632.0
2015-01-22,42.17,43.2,41.59,42.14,7960604.0,216931776.0
2015-01-23,41.88,42.66,41.57,42.27,5830630.0,158428208.0
2015-01-26,42.66,43.15,41.97,43.15,4271226.0,117148728.0
2015-01-27,43.15,44.35,42.84,44.13,6465963.0,182329664.0
2015-01-28,44.36,45.23,43.59,44.47,6387625.0,183663712.0
2015-01-29,44.16,44.27,43.45,43.66,3596825.0,101607320.0
2015-01-30,43.62,44.02,43.12,43.45,3199701.0,90089320.0
2015-02-02,42.84,43.65,42.35,43.09,2268797.0,63249792.0
2015-02-03,43.42,43.6,42.36,43.37,4191479.0,115838512.0
2015-02-04,43.15,44.66,42.66,43.91,5458367.0,154297280.0
2015-02-05,44.75,45.29,43.08,44.21,6691962.0,191715152.0
2015-02-06,44.59,44.59,43.45,43.79,2902350.0,82201288.0
2015-02-09,43.45,44.13,42.87,42.92,2432229.0,67949536.0
2015-02-10,42.94,43.57,42.44,43.34,1292376.0,36031640.0
2015-02-11,43.34,44.94,43.34,44.49,3855834.0,110761184.0
2015-02-12,44.52,48.05,44.52,47.23,9877100.0,297580928.0
2015-02-13,47.43,51.96,46.63,51.96,15861587.0,515488928.0
2015-02-16,52.74,57.16,51.23,57.16,17871200.0,650035328.0
2015-02-17,59.25,61.16,57.31,60.01,20365536.0,781790400.0
2015-02-25,59.87,59.87,58.09,58.94,8518032.0,322845024.0
2015-02-26,57.9,60.0,57.34,59.61,7742213.0,292628640.0
2015-02-27,59.39,60.77,57.44,58.35,7754325.0,293635872.0
2015-03-02,58.14,59.87,57.39,59.64,7882465.0,298771200.0
2015-03-03,58.94,64.29,57.73,61.58,10453259.0,415984896.0
2015-03-04,60.31,64.2,58.94,62.05,7859417.0,314271680.0
2015-03-05,61.44,62.22,59.72,61.12,5577423.0,218425136.0
2015-03-06,60.7,61.73,59.72,60.03,3916665.0,152432368.0
2015-03-09,58.94,61.16,57.47,61.05,3128617.0,120348296.0
2015-03-10,60.48,64.92,60.18,63.36,5599004.0,227386144.0
2015-03-11,63.15,64.53,61.08,61.16,3648620.0,147629552.0
2015-03-12,60.31,62.96,60.23,62.4,4480538.0,178241104.0
2015-03-13,62.42,63.95,60.08,62.51,4658480.0,185295568.0
2015-03-16,62.53,68.22,62.53,67.82,6422142.0,268358928.0
2015-03-17,68.3,69.27,66.08,67.21,4661118.0,202127120.0
2015-03-18,68.06,68.06,65.92,67.06,3447035.0,148346976.0
2015-03-19,67.01,73.37,64.84,72.25,7351411.0,331527296.0
2015-03-20,72.05,75.65,70.7,74.92,4152100.0,198494608.0
2015-03-23,75.94,81.85,75.94,79.39,6267867.0,321814656.0
2015-03-24,79.79,79.79,74.39,76.94,7299323.0,359161216.0
2015-03-25,76.94,80.47,74.47,77.43,6045698.0,303929376.0
2015-03-26,78.88,78.88,73.07,73.66,3851710.0,187022704.0
2015-03-27,73.82,76.55,73.69,74.14,2673321.0,128523320.0
2015-03-30,75.91,76.01,73.82,75.17,3116096.0,150069664.0
2015-03-31,75.69,76.84,74.53,76.01,4149650.0,203440288.0
2015-04-01,76.05,76.89,75.14,76.44,2505692.0,123346496.0
2015-04-02,76.78,78.32,76.01,77.76,4505231.0,224167264.0
2015-04-03,77.68,79.42,75.82,77.09,4637224.0,231027456.0
2015-04-07,77.09,77.54,75.22,76.77,6669705.0,329443200.0
2015-04-08,76.77,76.77,72.86,75.31,6688118.0,323695488.0
2015-04-09,74.92,75.23,69.89,71.76,3931796.0,182415488.0
2015-04-10,71.97,75.23,71.77,74.84,3024197.0,144515552.0
2015-04-13,74.84,75.54,73.21,74.22,3041004.0,145414992.0
2015-04-14,73.97,74.19,71.97,72.8,3714913.0,174036976.0
2015-04-15,72.9,73.26,68.93,68.93,4361982.0,199050032.0
2015-04-16,68.25,71.01,65.8,69.26,6101933.0,264807232.0
2015-04-17,68.59,69.38,67.8,69.13,4407844.0,194629120.0
2015-04-20,68.36,69.44,65.07,65.61,4182917.0,180164848.0
2015-04-21,65.63,68.56,65.63,67.94,4571306.0,198107712.0
2015-04-22,68.17,72.34,67.74,71.74,6648854.0,299991680.0
2015-04-23,71.76,73.18,69.96,71.17,4557966.0,209845840.0
2015-04-24,74.28,76.78,71.48,74.92,10760675.0,511742336.0
2015-04-27,77.59,78.16,73.59,74.44,6804248.0,330994272.0
2015-04-28,73.99,74.61,70.7,70.75,6157341.0,285673408.0
2015-04-29,70.11,72.72,69.8,71.72,4266863.0,197152272.0
2015-04-30,71.97,72.87,70.34,70.36,4452080.0,204818496.0
2015-05-04,71.34,71.34,68.5,69.2,3404868.0,152257328.0
2015-05-05,68.27,70.89,66.7,66.7,3272490.0,144097776.0
2015-05-06,68.09,69.74,65.46,67.55,3307763.0,144921936.0
2015-05-07,67.5,69.1,66.82,68.25,2936679.0,128945112.0
2015-05-08,68.87,73.29,68.87,72.67,8856674.0,410060192.0
2015-05-11,74.61,75.22,72.7,73.82,11942523.0,569535360.0
2015-05-12,75.35,81.2,74.78,81.2,7544274.0,388405920.0
2015-05-13,89.33,89.33,86.37,89.33,3919929.0,224689264.0
2015-05-14,98.25,98.26,86.68,88.11,22058484.0,1321191040.0
2015-05-15,86.86,92.14,79.29,87.78,19809530.0,1075331840.0
2015-05-19,89.72,89.72,83.27,86.82,14375361.0,804537152.0
2015-05-20,86.86,88.69,84.23,84.63,14944574.0,832400384.0
2015-05-21,83.11,85.92,83.06,85.13,9578505.0,522689632.0
2015-05-22,87.61,87.61,83.76,85.7,9707191.0,534115776.0
2015-05-25,85.31,88.1,82.21,87.02,10959610.0,603092224.0
2015-05-26,86.06,92.29,86.01,90.56,11808893.0,685366080.0
2015-05-27,90.9,93.04,87.79,89.21,9680937.0,559038336.0
2015-05-28,89.17,89.17,80.29,80.29,13497902.0,735136832.0
2015-05-29,79.08,81.3,74.14,78.41,8106944.0,407897152.0
2015-06-01,78.56,83.75,76.78,82.78,8978387.0,466024320.0
2015-06-02,82.21,86.09,81.75,86.06,11329283.0,616807104.0
2015-06-03,86.24,86.85,82.23,82.81,7373687.0,399789760.0
2015-06-04,83.92,86.24,76.01,84.54,7754793.0,416699776.0
2015-06-05,92.99,92.99,89.19,92.99,11445375.0,683256448.0
2015-06-08,94.62,94.62,85.23,86.49,14454513.0,829363456.0
2015-06-09,85.3,86.4,84.33,85.31,6568086.0,360609280.0
2015-06-10,84.33,89.16,81.45,88.1,9346144.0,525456640.0
2015-06-11,87.42,88.72,85.59,86.17,6716783.0,375037024.0
2015-06-12,86.68,89.42,83.9,88.01,8728135.0,493380096.0
2015-06-15,87.41,94.46,86.27,90.29,12170818.0,713315776.0
2015-06-16,90.66,90.66,82.99,83.27,8273534.0,453547264.0
2015-06-17,83.31,84.69,77.25,83.3,6103638.0,318521568.0
2015-06-18,81.75,83.62,77.56,77.63,4670904.0,242368448.0
2015-06-19,74.69,76.72,69.88,69.88,5128610.0,242985568.0
2015-06-23,69.8,70.7,62.9,68.65,6725693.0,288652096.0
2015-06-24,67.58,71.66,67.58,70.69,5788273.0,260261792.0
2015-06-25,71.04,71.04,64.19,65.58,5105279.0,224539872.0
2015-06-26,62.05,63.98,59.02,59.02,5189056.0,201145696.0
2015-06-29,59.87,60.74,53.13,53.13,6671825.0,235970192.0
2015-06-30,50.15,56.91,47.82,55.5,9147706.0,304191232.0
2015-07-01,53.98,58.0,51.19,52.06,7935497.0,286042720.0
2015-07-02,51.81,52.96,46.84,47.7,8093962.0,256312288.0
2015-07-03,46.98,50.8,43.15,46.22,10257172.0,313550048.0
2015-07-06,50.85,50.85,41.6,44.55,9499054.0,281094592.0
2015-07-07,42.66,44.24,40.1,42.53,19053548.0,508036992.0
2015-07-08,38.28,39.74,38.28,39.15,19932312.0,498237312.0
2015-07-09,35.85,43.06,35.85,43.06,8028239.0,209849776.0
2015-07-10,46.18,47.37,45.0,47.37,3022997.0,91418560.0
2015-07-13,52.1,52.1,52.1,52.1,1643543.0,55206608.0
2015-07-14,57.31,57.31,53.95,57.31,15700793.0,574781120.0
2015-07-15,57.31,57.39,51.59,51.79,9549079.0,334269504.0
2015-07-16,51.79,55.84,47.31,54.74,9023414.0,304779424.0
2015-07-17,55.22,59.41,54.3,58.71,9297075.0,339561344.0
2015-07-20,57.58,60.17,55.87,57.48,9949507.0,373055584.0
2015-07-21,56.15,58.73,55.06,57.24,5582244.0,205086624.0
2015-07-22,56.93,58.84,55.84,57.59,5540719.0,205067536.0
2015-07-23,58.35,63.21,57.08,61.24,8115254.0,312750944.0
2015-07-24,60.96,62.82,57.41,57.55,8025861.0,310062368.0
2015-07-27,56.03,59.72,51.79,51.79,5829137.0,209613264.0
2015-07-28,48.09,52.74,47.12,49.28,5699560.0,180794016.0
2015-07-29,49.98,52.51,47.67,52.29,5144978.0,164608672.0
2015-07-30,52.27,52.71,48.92,49.56,4076850.0,135498896.0
2015-07-31,48.72,50.72,48.57,48.91,3248334.0,103237952.0
2015-08-03,48.07,48.81,44.21,44.98,3477352.0,103721968.0
2015-08-04,45.12,49.48,45.12,49.47,3817891.0,116741192.0
2015-08-05,49.47,50.99,48.09,48.4,3776351.0,120510936.0
2015-08-06,47.03,49.82,46.56,48.33,2151159.0,67340152.0
2015-08-07,48.57,51.19,48.57,50.4,3973520.0,128773040.0
2015-08-10,51.5,55.03,50.57,53.81,5759053.0,194733152.0
2015-08-11,53.82,54.83,52.78,53.59,4876022.0,169655440.0
2015-08-12,52.89,53.87,51.76,52.02,3748787.0,127041288.0
2015-08-13,51.88,54.24,51.48,54.04,4492821.0,153331824.0
2015-08-14,54.41,55.72,53.69,54.13,4830893.0,170183504.0
2015-08-17,54.13,54.13,52.04,53.59,3135525.0,107464464.0
2015-08-18,53.67,54.26,48.24,48.29,4861756.0,162511808.0
2015-08-19,46.98,49.47,44.61,48.89,4285458.0,130481568.0
2015-08-20,48.1,50.13,47.53,47.77,2984614.0,93495408.0
2015-08-21,46.61,48.98,44.21,44.36,3424371.0,101184616.0
2015-08-24,41.93,41.93,39.93,39.93,3116945.0,80901544.0
2015-08-25,35.99,38.73,35.94,35.94,5591584.0,131341200.0
2015-08-26,36.02,38.31,33.63,34.95,4333117.0,101606424.0
2015-08-27,35.41,38.0,35.41,37.69,4287406.0,101038120.0
2015-08-28,38.45,40.75,37.72,40.75,3948487.0,98946576.0
2015-08-31,40.33,43.17,38.42,42.94,5255704.0,138159552.0
2015-09-01,41.41,43.12,38.79,43.11,7224157.0,194238976.0
2015-09-02,40.25,47.42,39.55,47.42,6999884.0,204111616.0
2015-09-07,48.86,51.96,45.76,46.01,5882555.0,187837360.0
2015-09-08,43.6,49.59,42.3,48.41,4692891.0,135985040.0
2015-09-09,47.76,49.95,46.84,48.46,5603362.0,175070576.0
2015-09-10,45.91,47.73,45.45,45.68,3105394.0,93580584.0
2015-09-11,46.69,46.86,45.0,45.45,2251412.0,66657324.0
2015-09-14,45.43,46.84,40.9,40.9,3674077.0,103330408.0
2015-09-15,39.55,39.88,36.81,36.81,2928674.0,72189816.0
2015-09-16,36.61,40.48,36.45,40.48,3294459.0,82537352.0
2015-09-17,40.72,42.27,39.24,39.24,3219664.0,85538824.0
2015-09-18,39.91,40.33,38.86,39.69,2006025.0,51356688.0
2015-09-21,38.84,41.24,38.47,41.09,2180553.0,56934892.0
2015-09-22,41.12,42.61,41.09,41.68,2564636.0,69110888.0
2015-09-23,40.72,41.57,40.02,40.28,2218906.0,57963632.0
2015-09-24,40.36,42.19,40.36,41.45,2061603.0,54991524.0
2015-09-25,41.24,41.24,37.91,39.07,3002657.0,76649216.0
2015-09-28,39.09,40.33,38.3,40.2,1769604.0,45247388.0
2015-09-29,39.71,41.43,39.09,40.33,2604003.0,67941456.0
2015-09-30,40.33,44.36,40.33,44.36,4800750.0,133767680.0
2015-10-08,46.52,47.77,43.85,46.29,7010236.0,207671296.0
2015-10-09,46.01,46.27,44.55,45.6,4001173.0,117367360.0
2015-10-12,45.77,50.09,45.76,48.7,5496319.0,168714144.0
2015-10-13,48.21,50.05,47.87,48.72,3396462.0,106962704.0
2015-10-14,48.09,48.55,46.33,46.35,3392658.0,103476880.0
2015-10-15,45.88,47.71,45.59,47.51,3084894.0,93857992.0
2015-10-16,48.84,49.02,47.31,48.01,4512574.0,139860256.0
2015-10-19,49.62,52.82,49.03,52.24,15118242.0,504833120.0
2015-10-20,51.4,51.73,49.36,51.19,9781001.0,320287904.0
2015-10-21,51.47,51.56,46.07,46.07,7705743.0,240888736.0
2015-10-22,45.76,47.02,44.49,46.61,8139856.0,242143712.0
2015-10-23,46.63,47.93,45.51,47.48,13026030.0,391375296.0
2015-10-26,47.4,47.4,45.76,46.38,9032032.0,271970080.0
2015-10-27,45.68,46.22,43.97,45.42,11930233.0,347269472.0
2015-10-28,45.76,46.61,44.21,44.27,14753119.0,433081344.0
2015-10-29,44.41,44.95,42.66,43.74,14042376.0,395864384.0
2015-10-30,44.91,46.27,44.36,45.14,18512514.0,541039232.0
2015-11-02,44.5,45.31,42.56,42.95,15001205.0,428368544.0
2015-11-03,43.12,43.43,41.23,42.35,14820039.0,402586976.0
2015-11-04,42.25,44.44,42.25,44.36,23270170.0,652238784.0
2015-11-05,44.35,46.22,43.15,45.73,34507064.0,991925760.0
2015-11-06,45.6,50.3,45.06,50.3,41808740.0,1273589760.0
2015-11-09,49.64,51.61,48.6,51.11,40204292.0,1295885312.0
2015-11-10,50.05,53.65,50.05,50.49,38524892.0,1275452800.0
2015-11-11,50.57,51.96,50.1,51.11,26808520.0,881163712.0
2015-11-12,51.11,51.5,49.33,49.65,31794624.0,1026197120.0
2015-11-13,49.25,49.25,47.77,48.01,23337354.0,729975040.0
2015-11-16,46.56,50.6,46.53,50.54,27328868.0,864672384.0
2015-11-17,51.45,51.78,48.88,49.11,31788080.0,1034912640.0
2015-11-18,49.12,49.47,47.71,47.82,17543468.0,546954048.0
2015-11-19,47.81,50.57,47.81,50.33,25121746.0,802134016.0
2015-11-20,50.46,51.67,49.65,51.67,29886626.0,975134336.0
2015-11-23,52.38,55.27,51.93,52.91,35613232.0,1226097408.0
2015-11-24,52.37,54.48,51.19,53.56,25805818.0,879998080.0
2015-11-25,53.59,53.95,52.75,53.51,20924120.0,720345344.0
2015-11-26,54.1,55.81,53.06,53.45,24643880.0,863655488.0
2015-11-27,53.05,55.1,51.03,51.7,36102816.0,1242062336.0
2015-11-30,52.44,52.78,46.53,49.87,27903192.0,894852800.0
2015-12-01,49.25,51.47,48.86,50.41,19179512.0,626303232.0
2015-12-02,50.33,50.64,46.66,48.94,15510378.0,486271936.0
2015-12-03,49.02,50.33,48.55,49.98,13579470.0,434228352.0
2015-12-04,49.82,51.14,49.11,49.56,14857637.0,479025792.0
2015-12-07,49.33,52.74,49.22,52.48,26273364.0,869524608.0
2015-12-08,51.87,53.06,50.18,50.32,18386840.0,610044736.0
2015-12-09,50.07,51.08,49.3,49.71,13031779.0,421745152.0
2015-12-10,50.02,53.98,49.79,52.09,28698064.0,959124224.0
2015-12-11,51.5,53.95,51.2,52.66,25034960.0,852820544.0
2015-12-14,51.67,54.35,50.57,54.35,22396080.0,757062976.0
2015-12-15,55.08,55.92,53.36,55.61,39601080.0,1397204352.0
2015-12-16,55.53,58.17,54.77,55.53,43219832.0,1573381888.0
2015-12-17,55.81,56.93,54.83,56.12,38487656.0,1384246656.0
2015-12-18,55.96,56.31,53.84,53.92,26440554.0,935088768.0
2015-12-21,53.51,54.62,53.36,53.99,15745885.0,549100928.0
2015-12-22,54.57,56.27,53.99,56.0,23859500.0,847602880.0
2015-12-23,55.84,56.4,54.72,54.91,19791376.0,706314496.0
2015-12-24,54.52,54.65,52.51,53.64,14836345.0,511212512.0
2015-12-25,53.64,54.18,53.27,53.84,9479880.0,328432672.0
2015-12-28,54.03,54.57,51.34,51.34,17781500.0,609556032.0
2015-12-29,50.91,52.12,50.66,52.12,9952590.0,330974656.0
2015-12-30,52.27,52.44,51.58,52.06,9053742.0,303342816.0
2015-12-31,52.26,52.43,50.88,50.88,10684685.0,355577152.0
2016-01-04,51.39,52.24,45.79,45.8,13114800.0,421327232.0
2016-01-05,41.34,45.65,41.34,43.74,20066792.0,565226240.0
2016-01-06,44.27,44.61,42.62,44.25,14269750.0,402181856.0
2016-01-07,43.14,43.42,39.83,39.83,4011900.0,106224216.0
2016-01-08,40.61,41.57,36.16,39.49,15924279.0,405061152.0
2016-01-11,38.62,38.72,35.54,35.54,16147959.0,386197248.0
2016-01-12,35.68,36.33,34.12,35.81,15772109.0,360800480.0
2016-01-13,36.13,36.31,32.71,33.32,13844869.0,313328960.0
2016-01-14,31.8,35.32,31.15,34.74,14307010.0,306876704.0
2016-01-15,34.58,34.58,31.78,32.31,12024207.0,258828000.0
2016-01-18,31.19,33.47,31.18,32.93,10143010.0,214439904.0
2016-01-19,32.62,35.07,32.62,34.82,14603082.0,321066432.0
2016-01-20,34.59,35.15,33.83,34.31,12679661.0,281851424.0
2016-01-21,33.94,34.92,32.88,32.91,13129624.0,287753088.0
2016-01-22,33.38,33.78,32.31,33.52,10013782.0,214133840.0
2016-01-25,33.8,34.28,33.43,33.94,8713061.0,190164192.0
2016-01-26,33.49,33.49,30.54,30.54,12578079.0,259342576.0
2016-01-27,30.64,30.96,28.25,30.11,13753594.0,260701104.0
2016-01-28,29.58,30.09,28.15,28.37,9084459.0,170935184.0
2016-01-29,28.4,30.18,28.31,29.78,9126308.0,172682032.0
2016-02-01,29.83,29.91,28.6,29.16,7474145.0,141081520.0
2016-02-02,29.24,30.95,29.16,30.6,9747785.0,190514592.0
2016-02-03,30.17,30.84,29.75,30.56,7579124.0,147361856.0
2016-02-04,30.62,31.88,30.62,31.29,9438894.0,190271648.0
2016-02-05,31.46,32.34,31.09,31.1,9080510.0,185238304.0
2016-02-15,29.66,30.93,29.66,30.6,6956334.0,135387184.0
2016-02-16,30.79,32.54,30.79,32.25,11476841.0,234944704.0
2016-02-17,32.2,32.73,31.61,32.5,12425246.0,256948864.0
2016-02-18,32.65,33.1,32.12,32.48,17317772.0,363743072.0
2016-02-19,32.42,32.56,31.86,32.22,9904886.0,205962240.0
2016-02-22,32.59,33.38,32.59,33.21,15293013.0,325007872.0
2016-02-23,33.16,33.47,31.94,32.51,11171652.0,235030048.0
2016-02-24,32.42,32.81,31.69,32.65,9404645.0,196107680.0
2016-02-25,32.5,32.62,29.39,29.39,16135253.0,318100192.0
2016-02-26,29.38,29.7,27.98,28.7,13151747.0,244618896.0
2016-02-29,28.7,28.7,25.83,25.9,13392332.0,227980416.0
2016-03-01,26.18,27.1,25.52,26.59,9276469.0,156900688.0
2016-03-02,26.65,28.21,26.48,28.14,11631541.0,205359760.0
2016-03-03,28.49,29.46,28.21,28.21,12639338.0,234464880.0
2016-03-04,28.32,28.57,26.74,27.35,10998150.0,196522224.0
2016-03-07,27.87,28.96,27.64,28.37,10200790.0,186086064.0
2016-03-08,28.31,28.31,26.68,28.2,10295386.0,181885408.0
2016-03-09,27.69,27.92,27.14,27.47,6432378.0,114164152.0
2016-03-10,27.7,27.92,26.94,27.0,5656634.0,100021952.0
2016-03-11,26.68,27.75,26.49,27.38,6776886.0,118659840.0
2016-03-14,27.8,28.96,27.8,28.46,11247315.0,206377088.0
2016-03-15,28.39,28.68,27.77,27.95,8083124.0,146828736.0
2016-03-16,28.34,28.49,27.42,27.59,6588545.0,118268856.0
2016-03-17,27.77,29.15,27.67,29.05,13807749.0,253726656.0
2016-03-18,29.44,31.8,29.43,30.91,20064186.0,396069344.0
2016-03-21,31.25,31.91,31.1,31.72,20649660.0,419833056.0
2016-03-22,31.39,33.1,31.07,31.8,18360516.0,381114144.0
2016-03-23,31.64,32.33,31.33,32.12,12417906.0,255215936.0
2016-03-24,31.64,35.34,31.19,35.34,32634304.0,700541696.0
2016-03-25,36.02,38.42,34.9,35.43,37236696.0,879506688.0
2016-03-28,34.93,35.66,33.63,33.74,27729076.0,618275648.0
2016-03-29,33.5,33.72,32.42,32.51,16172228.0,343413888.0
2016-03-30,33.19,33.85,32.56,33.77,20535010.0,440028096.0
2016-03-31,33.92,34.88,33.53,33.74,19023458.0,419925856.0
2016-04-01,33.5,33.5,32.42,32.87,15871200.0,335565856.0
2016-04-05,32.96,35.68,32.51,34.99,20628432.0,452172704.0
2016-04-06,34.44,34.9,33.97,34.42,16195535.0,359175616.0
2016-04-07,34.64,34.73,33.07,33.13,15128580.0,328095488.0
2016-04-08,32.88,32.98,32.42,32.87,9519633.0,200802480.0
2016-04-11,33.43,34.31,33.37,33.63,11854189.0,258748256.0
2016-04-12,33.38,33.94,32.88,33.43,8691937.0,186460096.0
2016-04-13,33.52,34.67,33.52,34.11,18819546.0,416302240.0
2016-04-14,34.47,34.51,33.77,34.37,17809150.0,391591104.0
2016-04-15,34.45,34.58,33.97,34.36,10407087.0,229695760.0
2016-04-18,34.3,34.3,33.21,33.33,11417487.0,248195152.0
2016-04-19,33.5,33.75,32.87,33.12,9181287.0,196469200.0
2016-04-20,33.33,33.61,29.81,30.06,21123122.0,422167776.0
2016-04-21,30.06,30.22,29.29,29.59,11745527.0,226195728.0
2016-04-22,29.33,30.01,29.13,29.95,7189674.0,137924368.0
2016-04-25,29.95,29.97,28.93,29.63,7217272.0,137482288.0
2016-04-26,29.75,30.11,29.56,30.11,7045974.0,135586720.0
2016-04-27,30.39,30.87,30.01,30.14,7344178.0,144069648.0
2016-04-28,30.31,30.37,29.32,29.81,6771624.0,129843888.0
2016-04-29,29.63,29.94,29.38,29.77,4544762.0,87152952.0
2016-05-03,29.75,30.79,29.7,30.77,8328111.0,163314976.0
2016-05-04,30.76,30.91,30.43,30.6,7846221.0,155153104.0
2016-05-05,30.64,32.11,30.45,31.8,13825458.0,279707968.0
2016-05-06,31.78,32.08,30.09,30.09,15305781.0,306786080.0
2016-05-09,29.63,29.64,28.35,28.65,11296646.0,210686544.0
2016-05-10,28.63,29.32,28.45,28.85,5761133.0,107186440.0
2016-05-11,29.16,29.16,28.21,28.21,8259547.0,152375429.0
2016-05-12,27.87,28.06,27.16,27.97,7400076.0,131693601.0
2016-05-13,27.81,28.26,27.39,27.72,5239192.0,94212495.0
2016-05-16,27.61,28.12,27.32,28.06,5046848.0,90318671.0
2016-05-17,28.12,28.54,27.69,28.26,7041889.0,127696562.0
2016-05-18,27.92,27.98,26.86,27.18,6420081.0,113759028.0
2016-05-19,27.27,28.18,27.27,27.53,7561379.0,135606695.0
2016-05-20,27.18,27.91,27.16,27.87,5088729.0,90701517.0
2016-05-23,28.04,28.68,28.04,28.54,9011993.0,164827762.0
2016-05-24,28.39,28.46,27.77,28.03,6001509.0,108362088.0
2016-05-25,28.14,28.54,27.72,28.01,5826412.0,105805245.0
2016-05-26,28.04,28.46,27.35,28.37,7279012.0,131088499.0
2016-05-27,28.07,28.46,28.07,28.23,5527470.0,100843731.0
2016-05-30,28.06,28.39,27.66,28.07,4375520.0,79119017.0
2016-05-31,28.29,29.72,28.11,29.67,12216733.0,229719841.0
2016-06-01,29.7,29.77,29.3,29.39,12748580.0,242374270.0
2016-06-02,29.32,29.69,29.27,29.67,7723216.0,146805749.0
2016-06-03,29.7,30.32,29.59,29.92,13762536.0,265282227.0
2016-06-06,29.92,30.09,29.47,29.66,9539644.0,182810850.0
2016-06-07,29.86,29.89,29.38,29.75,6647306.0,127341322.0
2016-06-08,29.63,29.8,29.33,29.58,7307564.0,139220986.0
2016-06-13,29.08,29.41,27.24,27.25,10208729.0,188262394.0
2016-06-14,27.25,27.56,27.05,27.41,6823787.0,120303890.0
2016-06-15,27.04,28.54,27.02,28.17,6778617.0,122397048.0
2016-06-16,28.14,28.23,27.7,27.8,5757370.0,103674912.0
2016-06-17,27.89,28.48,27.77,28.0,5033805.0,91327194.0
2016-06-20,28.0,28.11,27.35,27.84,4572719.0,81766036.0
2016-06-21,28.0,28.43,27.39,27.69,6633148.0,120029284.0
2016-06-22,27.58,28.32,27.45,28.2,4955655.0,89081940.0
2016-06-23,28.21,28.39,27.92,28.2,5965669.0,108395315.0
2016-06-24,28.2,28.51,27.16,27.89,8121647.0,146229087.0
2016-06-27,27.56,28.88,27.56,28.88,9511771.0,174181586.0
2016-06-28,28.48,29.1,28.42,28.93,9810088.0,181928930.0
2016-06-29,29.01,29.07,28.62,28.74,11548001.0,214716936.0
2016-06-30,28.73,28.93,28.54,28.77,10202765.0,188851282.0
2016-07-01,28.88,28.93,28.46,28.51,8504501.0,157095082.0
2016-07-04,28.43,29.16,28.26,29.07,10821314.0,201286235.0
2016-07-05,29.01,29.75,28.87,29.46,12439406.0,234975577.0
2016-07-06,29.32,29.91,29.04,29.64,11215852.0,213295039.0
2016-07-07,29.53,29.64,29.01,29.29,9449970.0,178591860.0
2016-07-08,29.29,29.59,29.07,29.3,8266502.0,156445469.0
2016-07-11,29.32,29.94,29.3,29.33,10647014.0,203245161.0
2016-07-12,29.32,29.78,28.85,29.75,11081664.0,209673328.0
2016-07-13,29.86,31.01,29.83,30.67,19738450.0,387501320.0
2016-07-14,30.53,30.71,30.32,30.71,9950655.0,195780848.0
2016-07-15,30.64,30.93,30.28,30.45,8151636.0,161016493.0
2016-07-18,30.34,30.91,29.78,30.91,13299109.0,261245643.0
2016-07-19,30.95,31.15,30.25,30.79,12151276.0,240510345.0
2016-07-20,30.71,31.67,30.48,31.32,16427506.0,329396250.0
2016-07-21,31.07,31.91,31.02,31.33,14915130.0,303063803.0
2016-07-22,31.18,31.29,30.71,30.8,9633168.0,192402400.0
2016-07-25,30.74,30.96,30.5,30.57,7627721.0,150983390.0
2016-07-26,30.59,30.95,30.43,30.95,7936260.0,157100404.0
2016-07-27,31.02,31.1,28.88,29.21,15771340.0,303245767.0
2016-07-28,29.13,29.41,28.4,28.98,9775006.0,182372000.0
2016-07-29,28.96,29.24,28.84,29.01,5318346.0,99549016.0
2016-08-01,28.96,28.99,27.94,28.34,5898785.0,108066410.0
2016-08-02,28.25,28.65,28.25,28.63,3680090.0,67662953.0
2016-08-03,28.56,28.8,28.46,28.51,3651624.0,67273691.0
2016-08-04,28.48,28.94,28.35,28.77,4470776.0,82563321.0
2016-08-05,28.59,29.32,28.59,28.93,5189733.0,96873877.0
2016-08-08,28.94,30.05,28.74,29.84,9044563.0,172772970.0
2016-08-09,29.86,29.97,29.55,29.91,5771739.0,110916585.0
2016-08-10,29.98,30.04,29.46,29.57,5684368.0,108741839.0
2016-08-11,29.49,29.82,29.17,29.34,5694414.0,108049019.0
2016-08-12,29.21,30.12,29.21,30.02,6951460.0,133059097.0
2016-08-15,30.12,30.68,29.91,30.58,10908391.0,213350385.0
2016-08-16,30.64,30.66,30.32,30.44,7000485.0,137314378.0
2016-08-17,30.46,30.82,30.33,30.54,7887672.0,155139749.0
2016-08-18,30.43,31.14,30.3,31.09,13581429.0,269266550.0
2016-08-19,30.89,31.16,30.55,30.72,8332145.0,165015156.0
2016-08-22,31.06,32.63,31.06,31.72,24811375.0,510112307.0
2016-08-23,31.22,31.5,30.64,30.97,13472422.0,269196233.0
2016-08-24,30.75,31.33,30.61,30.78,8245787.0,164206198.0
2016-08-25,30.32,30.57,30.04,30.43,7366697.0,143909299.0
2016-08-26,30.54,31.06,30.5,30.68,7394681.0,146670146.0
2016-08-29,30.61,30.75,30.27,30.4,5528260.0,108433651.0
2016-08-30,30.46,30.66,30.18,30.3,5856411.0,114661250.0
2016-08-31,30.38,30.41,29.99,30.29,5735197.0,111511775.0
2016-09-01,30.35,30.35,29.82,29.84,7316202.0,141632110.0
2016-09-02,29.77,30.3,29.73,29.91,6168165.0,119007585.0
2016-09-05,29.95,30.21,29.79,29.88,3898037.0,75089916.0
2016-09-06,29.93,30.29,29.37,30.29,6671670.0,128232740.0
2016-09-07,30.26,30.36,30.12,30.15,5715167.0,111346689.0
2016-09-08,30.21,30.47,30.1,30.3,5047315.0,98291557.0
2016-09-09,30.3,30.36,29.84,29.84,6872791.0,132992055.0
2016-09-12,29.14,29.32,28.8,28.81,6678032.0,124884536.0
2016-09-13,28.93,29.09,28.84,28.98,3500139.0,65244943.0
2016-09-14,28.83,29.25,28.76,29.0,2798127.0,52238603.0
2016-09-19,29.0,29.37,29.0,29.2,2614993.0,49169270.0
2016-09-20,29.2,29.32,29.0,29.06,2150317.0,40249446.0
2016-09-21,29.15,29.42,29.03,29.14,2388978.0,44916313.0
2016-09-22,29.36,29.46,29.2,29.25,3319712.0,62612051.0
2016-09-23,29.25,29.32,29.07,29.15,2481300.0,46637654.0
2016-09-26,29.14,29.14,28.0,28.03,6905388.0,126688285.0
2016-09-27,28.02,28.24,27.75,28.24,4360538.0,78589325.0
2016-09-28,28.36,28.36,27.96,28.08,2196776.0,39703333.0
2016-09-29,28.2,28.2,27.97,28.03,3183708.0,57549308.0
2016-09-30,27.94,28.13,27.89,28.0,2751056.0,49639302.0
2016-10-10,28.25,28.83,28.16,28.7,4522841.0,82997505.0
2016-10-11,28.7,28.84,28.62,28.73,3667145.0,67826732.0
2016-10-12,28.66,29.03,28.55,28.87,3137982.0,58163491.0
2016-10-13,28.86,29.11,28.69,28.87,3083820.0,57279426.0
2016-10-14,28.87,29.01,28.53,28.75,2439427.0,45084311.0
2016-10-17,28.87,29.8,28.87,29.63,15087595.0,285729533.0
2016-10-18,29.51,31.25,29.37,31.2,20875894.0,406884228.0
2016-10-19,31.33,31.33,30.47,30.68,10046929.0,199058895.0
2016-10-20,30.74,31.69,30.36,31.13,21350772.0,426681150.0
2016-10-21,30.97,31.31,30.13,30.15,13074776.0,257740731.0
2016-10-24,30.27,30.5,29.98,30.29,8560323.0,166654694.0
2016-10-25,30.32,30.44,30.01,30.36,6240160.0,121439070.0
2016-10-26,30.38,30.38,29.79,29.84,6645135.0,128373462.0
2016-10-27,29.91,30.3,29.79,29.99,7809643.0,150945997.0
2016-10-28,29.85,30.27,29.71,29.77,8302755.0,159707121.0
2016-10-31,29.65,29.77,29.4,29.74,5377286.0,102377278.0
2016-11-01,29.76,30.21,29.71,30.1,6789914.0,131384286.0
2016-11-02,30.12,30.26,29.77,29.79,5393409.0,104331341.0
2016-11-03,29.87,30.41,29.74,30.23,7607855.0,147697947.0
2016-11-04,30.24,30.3,29.88,30.1,4386571.0,85072089.0
2016-11-07,30.15,30.26,29.57,29.7,5513967.0,106099236.0
2016-11-08,29.82,29.99,29.65,29.85,5203729.0,99805459.0
2016-11-09,29.85,29.85,28.78,29.12,8280063.0,156227655.0
2016-11-10,29.42,29.56,29.12,29.32,8773920.0,165544564.0
2016-11-11,29.37,29.51,29.21,29.45,5977414.0,112901157.0
2016-11-14,29.49,29.9,29.42,29.74,6127383.0,117117358.0
2016-11-15,29.65,30.01,29.62,29.99,6860963.0,131667582.0
2016-11-16,30.01,30.26,29.82,29.84,9399020.0,181396652.0
2016-11-17,29.88,29.95,29.53,29.68,4996455.0,95396626.0
2016-11-18,29.63,29.77,29.56,29.59,3810350.0,72707522.0
2016-11-21,29.68,29.71,29.37,29.4,4902925.0,93167453.0
2016-11-22,29.51,29.84,29.28,29.84,9426549.0,179072675.0
2016-11-23,29.88,29.93,29.23,29.34,12325402.0,234743016.0
2016-11-24,29.43,29.49,29.09,29.15,5664626.0,106830405.0
2016-11-25,29.17,29.4,28.75,29.36,7387213.0,138384661.0
2016-11-28,29.53,29.66,29.37,29.5,8654001.0,164472597.0
2016-11-29,29.53,29.65,29.32,29.36,5919850.0,112170459.0
2016-11-30,29.28,29.59,29.25,29.48,4710052.0,89156636.0
2016-12-01,29.49,29.9,29.43,29.77,9686735.0,185401214.0
2016-12-02,29.68,29.77,29.17,29.2,7321873.0,138504813.0
2016-12-05,28.97,29.34,28.9,29.21,3808657.0,71524779.0
2016-12-06,29.32,29.32,29.04,29.06,3704000.0,69454917.0
2016-12-07,29.14,30.88,29.07,30.13,12531444.0,241504353.0
2016-12-08,30.15,30.23,29.73,29.91,9348885.0,180051681.0
2016-12-09,29.93,30.21,29.82,29.95,8710904.0,168147050.0
2016-12-12,30.3,30.46,28.25,28.45,11968992.0,226030015.0
2016-12-13,28.38,28.87,28.24,28.56,4442785.0,81469460.0
2016-12-14,28.45,28.64,28.24,28.31,4227258.0,77331099.0
2016-12-15,28.36,28.67,28.24,28.36,4305172.0,78780546.0
2016-12-16,28.42,29.2,28.33,28.92,4990129.0,92586807.0
2016-12-19,28.75,28.98,28.62,28.87,3831577.0,71154719.0
2016-12-20,29.03,29.03,28.78,29.0,3295723.0,61275165.0
2016-12-21,28.95,29.15,28.92,28.98,3701521.0,69085853.0
2016-12-22,29.04,29.11,28.53,28.69,3553593.0,65707201.0
2016-12-23,28.72,28.86,28.44,28.44,3105439.0,57098517.0
2016-12-26,28.42,28.42,27.86,28.22,5002605.0,90374932.0
2016-12-27,28.28,28.33,28.17,28.19,2409823.0,43796576.0
2016-12-28,28.19,28.33,27.85,27.93,3190895.0,57681903.0
2016-12-29,27.93,28.19,27.75,27.82,4084900.0,73430073.0
2016-12-30,27.82,27.97,27.79,27.83,2610659.0,46828720.0
2017-01-03,27.94,28.08,27.83,28.03,3741749.0,67318718.0
2017-01-04,28.08,28.27,27.96,28.27,4138341.0,74936970.0
2017-01-05,28.3,28.3,28.07,28.1,3782774.0,68530015.0
2017-01-06,28.19,28.38,28.05,28.13,4735963.0,85944755.0
2017-01-09,28.16,28.3,28.08,28.27,3358462.0,61019660.0
2017-01-10,28.25,28.34,28.05,28.07,2483233.0,45078212.0
2017-01-11,28.07,28.16,27.91,27.94,2679569.0,48303425.0
2017-01-12,27.94,28.03,27.63,27.64,2693210.0,48238111.0
2017-01-13,27.75,27.8,27.04,27.05,4200031.0,73836799.0
2017-01-16,27.16,27.21,25.64,26.39,5204096.0,88751874.0
2017-01-17,26.39,26.96,26.11,26.85,3001007.0,51299525.0
2017-01-18,26.81,26.95,26.53,26.76,2125970.0,36698478.0
2017-01-19,26.81,27.18,26.65,26.87,2016343.0,34910595.0
2017-01-20,26.87,27.2,26.67,27.04,1836545.0,31997445.0
2017-01-23,27.05,27.3,27.05,27.2,2229397.0,38996515.0
2017-01-24,27.2,27.34,27.01,27.01,1738556.0,30333757.0
2017-01-25,27.01,27.23,26.95,27.09,1295811.0,22598750.0
2017-01-26,27.34,27.34,27.01,27.09,1805852.0,31501089.0
2017-02-03,27.09,27.37,26.96,27.12,1498908.0,26156976.0
2017-02-06,27.13,27.29,27.01,27.29,2244831.0,39258433.0
2017-02-07,27.29,27.3,27.02,27.18,1746767.0,30508580.0
2017-02-08,27.18,27.34,26.88,27.29,2433719.0,42451004.0
2017-02-09,27.29,27.75,27.2,27.49,4501391.0,79556243.0
2017-02-10,27.58,27.72,27.4,27.43,2904299.0,51455615.0
2017-02-13,27.44,27.61,27.3,27.46,3757770.0,66318466.0
2017-02-14,27.46,27.75,27.43,27.64,3460101.0,61292496.0
2017-02-15,27.64,27.71,27.16,27.21,3362593.0,59420773.0
2017-02-16,27.16,27.6,27.1,27.38,3973413.0,69636695.0
2017-02-17,27.35,27.47,27.04,27.04,3457007.0,60601154.0
2017-02-20,27.07,27.3,27.01,27.27,3464234.0,60441367.0
2017-02-21,27.29,27.58,27.18,27.52,4524631.0,79907969.0
2017-02-22,27.5,27.74,27.41,27.63,4653465.0,82588195.0
2017-02-23,27.57,27.61,27.32,27.41,5830884.0,102933195.0
2017-02-24,27.41,27.69,27.37,27.66,5049450.0,89562970.0
2017-02-27,27.66,27.82,27.5,27.54,4705236.0,83731928.0
2017-02-28,27.55,28.08,27.55,27.88,7213139.0,129348856.0
2017-03-01,27.94,28.11,27.71,28.02,5637308.0,101455098.0
2017-03-02,28.02,28.03,27.61,27.69,2981007.0,53312594.0
2017-03-03,27.69,27.72,27.47,27.58,2898480.0,51398765.0
2017-03-06,27.66,27.99,27.6,27.86,3505593.0,62789810.0
2017-03-07,27.89,28.0,27.71,27.86,2864658.0,51258149.0
2017-03-08,27.86,27.86,27.5,27.63,2797652.0,49828929.0
2017-03-09,27.63,27.71,27.35,27.4,2391009.0,42357610.0
2017-03-10,27.43,27.57,27.27,27.35,2311055.0,40748433.0
2017-03-13,27.35,27.58,27.01,27.54,3067189.0,53883586.0
2017-03-14,27.66,27.69,27.13,27.23,3455447.0,60834217.0
2017-03-15,27.49,27.5,27.02,27.23,2940961.0,51512167.0
2017-03-16,27.23,27.46,27.21,27.43,2646486.0,46563524.0
2017-03-17,27.52,27.54,27.2,27.23,3460229.0,61000712.0
2017-03-20,27.18,27.26,27.07,27.2,2718545.0,47470117.0
2017-03-21,27.21,27.29,26.99,27.05,2763702.0,48204025.0
2017-03-22,26.98,27.09,26.81,26.84,3524994.0,61064925.0
2017-03-23,26.96,27.13,26.77,26.91,3026218.0,52445174.0
2017-03-24,26.95,26.95,26.73,26.87,2957829.0,51069192.0
2017-03-27,27.02,27.4,26.81,27.16,5344154.0,93273853.0
2017-03-28,27.05,27.15,26.62,26.65,4887753.0,84403283.0
2017-03-29,26.71,26.79,26.48,26.5,3922900.0,67049061.0
2017-03-30,26.42,26.59,26.01,26.15,4158367.0,70332890.0
2017-03-31,26.31,26.54,26.12,26.34,2141378.0,36230621.0
2017-04-05,26.32,26.6,26.23,26.54,3160679.0,53834559.0
2017-04-06,26.57,26.82,26.4,26.57,3081001.0,52734799.0
2017-04-07,26.57,26.68,26.46,26.57,2227619.0,38060484.0
2017-04-10,26.5,26.59,26.23,26.28,3428538.0,58175047.0
2017-04-11,26.26,26.4,25.94,26.31,4350682.0,73229915.0
2017-04-12,26.17,26.4,26.05,26.11,3151843.0,53201608.0
2017-04-13,26.05,26.36,26.03,26.22,2920954.0,49318603.0
2017-04-14,26.22,26.29,26.08,26.2,3023381.0,50923660.0
2017-04-17,26.18,26.36,26.05,26.2,2632324.0,44358845.0
2017-04-18,26.17,26.34,26.06,26.14,3059679.0,51650243.0
2017-04-19,26.12,26.37,25.42,25.83,3794462.0,62839111.0
2017-04-20,25.81,25.83,25.41,25.64,2890203.0,47611407.0
2017-04-21,25.64,25.91,25.5,25.66,2282622.0,37760205.0
2017-04-24,25.66,25.8,24.86,25.08,3909597.0,63214408.0
2017-04-25,25.04,25.38,25.04,25.14,2303819.0,37269268.0
2017-04-26,25.04,25.38,24.69,25.21,3210513.0,51585845.0
2017-04-27,25.19,25.48,24.79,25.31,4136909.0,66796996.0
2017-04-28,25.28,25.28,24.97,25.24,1839482.0,29768638.0
2017-05-02,25.22,25.22,24.75,24.91,2526590.0,40631639.0
2017-05-03,24.96,24.99,24.26,24.35,4998446.0,78866257.0
2017-05-04,24.32,24.61,24.29,24.43,3195004.0,50283072.0
2017-05-05,24.41,24.41,23.81,23.81,5002126.0,77252082.0
2017-05-08,23.85,24.06,23.64,23.73,2850332.0,43710564.0
2017-05-09,23.65,23.82,23.56,23.68,2407468.0,36697553.0
2017-05-10,23.7,23.96,23.39,23.4,4341137.0,66262563.0
2017-05-11,23.78,24.37,23.42,23.9,6968563.0,107510575.0
2017-05-12,23.78,23.79,23.12,23.2,5565221.0,83850727.0
2017-05-15,23.28,23.42,23.08,23.31,2936044.0,43987950.0
2017-05-16,23.26,23.62,22.88,23.57,4693079.0,69949852.0
2017-05-17,23.45,23.67,23.39,23.45,3789226.0,57348677.0
2017-05-18,23.23,23.48,23.15,23.36,2371947.0,35628973.0
2017-05-19,23.4,23.42,23.12,23.36,2449577.0,36704973.0
2017-05-22,23.37,23.37,22.61,22.73,3248579.0,48139271.0
2017-05-23,22.78,22.84,22.13,22.14,3634247.0,52662530.0
2017-05-24,22.1,22.42,21.91,22.33,2402315.0,34294291.0
2017-05-25,22.25,22.7,22.07,22.59,3117967.0,44899887.0
2017-05-26,22.58,22.72,22.41,22.63,2538458.0,36958464.0
2017-05-31,22.78,22.95,22.5,22.56,2705858.0,39657221.0
2017-06-01,22.63,22.77,21.74,21.91,3252143.0,46716857.0
2017-06-02,21.83,22.35,21.8,22.24,2797934.0,39708100.0
2017-06-05,22.3,22.5,22.02,22.42,2813037.0,40404177.0
2017-06-06,22.67,22.81,22.38,22.55,3220553.0,46660272.0
2017-06-07,22.56,23.23,22.47,23.15,4939881.0,72843407.0
2017-06-08,23.12,23.31,22.84,22.88,4439473.0,65853871.0
2017-06-09,22.81,23.0,22.7,22.97,3832426.0,56285764.0
2017-06-12,22.94,22.97,22.41,22.45,4400213.0,64339373.0
2017-06-13,22.41,22.78,22.41,22.69,2911687.0,42448771.0
2017-06-14,22.75,22.88,22.59,22.69,2796163.0,40834533.0
2017-06-15,22.69,23.11,22.61,22.95,5235811.0,77273846.0
2017-06-16,22.97,23.29,22.91,23.05,5995003.0,89006760.0
2017-06-19,23.08,23.37,23.0,23.28,5175407.0,77341219.0
2017-06-20,23.31,23.42,23.11,23.15,4687454.0,69952932.0
2017-06-21,23.23,23.29,22.83,22.94,4044056.0,59815837.0
2017-06-22,22.84,23.12,22.84,22.92,3997287.0,59119598.0
2017-06-23,22.91,23.05,22.38,22.97,3432568.0,50244438.0
2017-06-26,22.94,23.23,22.83,23.14,3741973.0,55508282.0
2017-06-27,23.14,23.37,23.06,23.18,3051655.0,45635709.0
2017-06-28,23.17,23.26,23.11,23.18,2030913.0,30285866.0
2017-06-29,23.12,23.36,22.94,23.31,2195542.0,32844143.0
2017-06-30,23.39,23.46,23.08,23.17,2252888.0,33668113.0
2017-07-03,23.17,23.34,23.05,23.22,2358664.0,35142397.0
2017-07-04,23.22,23.22,22.98,23.0,2624600.0,38939026.0
2017-07-05,23.22,23.34,23.0,23.34,5058056.0,75528663.0
2017-07-06,23.23,23.31,23.09,23.26,2559619.0,38237603.0
2017-07-07,23.18,23.26,23.08,23.2,2346001.0,34969691.0
2017-07-10,23.22,23.34,23.09,23.14,3180125.0,47440722.0
2017-07-11,23.12,23.15,22.92,22.94,2465786.0,36559111.0
2017-07-12,22.91,23.0,22.38,22.58,3380536.0,49203947.0
2017-07-13,22.56,22.75,22.47,22.61,1671543.0,24311678.0
2017-07-14,22.64,22.67,22.45,22.5,1604541.0,23288724.0
2017-07-17,22.39,22.49,21.59,21.62,6160660.0,86707784.0
2017-07-18,21.63,21.76,21.49,21.71,2308691.0,32131673.0
2017-07-19,21.69,21.99,21.55,21.9,2566809.0,35906719.0
2017-07-20,21.88,22.07,21.77,22.02,1553972.0,21970369.0
2017-07-21,21.99,22.28,21.91,22.22,1935659.0,27538894.0
2017-07-24,22.11,22.25,22.0,22.22,1777078.0,25305700.0
2017-07-25,22.21,22.56,22.1,22.36,2975191.0,42780822.0
2017-07-26,22.33,22.55,22.16,22.33,1697501.0,24381609.0
2017-07-27,22.25,22.94,22.22,22.77,4432785.0,64533680.0
2017-07-28,22.77,22.78,22.52,22.53,2785971.0,40535887.0
2017-07-31,22.61,22.83,22.42,22.77,2630705.0,38409821.0
2017-08-01,22.81,22.84,22.63,22.81,2347319.0,34355871.0
2017-08-02,22.81,22.89,22.53,22.59,2320036.0,33906877.0
2017-08-03,22.49,22.78,22.22,22.67,2670885.0,38820831.0
2017-08-04,22.72,22.81,22.53,22.56,2336300.0,34072518.0
2017-08-07,22.56,23.45,22.52,23.25,6186745.0,92198445.0
2017-08-08,23.25,23.34,22.98,23.29,4215800.0,62768290.0
2017-08-09,23.28,23.46,23.12,23.25,4137805.0,61953009.0
2017-08-10,23.18,23.26,22.67,22.73,3714833.0,54750355.0
2017-08-11,22.84,23.03,22.56,22.61,2806484.0,41236545.0
2017-08-14,22.56,23.14,22.56,23.08,2095095.0,30934200.0
2017-08-15,23.08,23.09,22.58,22.91,3275577.0,48087893.0
2017-08-16,22.83,23.37,22.78,23.37,5708720.0,85117065.0
2017-08-17,23.34,23.54,23.15,23.43,4628867.0,69587220.0
2017-08-18,23.43,23.51,23.26,23.28,3795478.0,56584913.0
2017-08-21,23.29,23.61,22.92,23.47,3741306.0,55817443.0
2017-08-22,23.47,23.5,23.17,23.25,3510918.0,52215940.0
2017-08-23,23.25,23.36,22.98,23.09,2769200.0,40837758.0
2017-08-24,23.14,23.22,22.95,23.01,2203298.0,32406042.0
2017-08-25,23.01,23.37,23.0,23.34,2759860.0,40912324.0
2017-08-28,23.48,23.64,23.25,23.48,4741663.0,71050820.0
2017-08-29,23.53,23.75,23.36,23.45,4139640.0,62157843.0
2017-08-30,23.37,23.73,23.37,23.73,3792088.0,56867793.0
2017-08-31,23.64,23.72,23.53,23.56,3207915.0,48256256.0
2017-09-01,23.56,23.58,23.33,23.44,4536808.0,67721526.0
2017-09-04,23.45,23.92,23.37,23.91,6566405.0,99335156.0
2017-09-05,23.86,23.94,23.67,23.7,3752711.0,56796985.0
2017-09-06,23.72,23.89,23.53,23.75,3920111.0,59158747.0
2017-09-07,23.78,23.84,23.45,23.45,4680764.0,70474248.0
2017-09-08,23.47,23.64,23.4,23.53,3771673.0,56530951.0
2017-09-11,23.5,23.64,23.37,23.48,3560976.0,53327172.0
2017-09-12,23.53,23.58,23.18,23.28,6320211.0,94025224.0
2017-09-13,23.28,23.33,23.09,23.18,3307516.0,48902245.0
2017-09-14,23.12,23.26,22.98,23.11,3963879.0,58409153.0
2017-09-15,23.07,23.25,22.98,23.11,4416513.0,65044405.0
2017-09-18,23.12,23.23,22.9,23.07,4704660.0,69154323.0
2017-09-19,23.09,23.15,22.95,23.04,3906615.0,57428774.0
2017-09-20,22.96,23.12,22.96,23.09,3221356.0,47337110.0
2017-09-21,23.12,23.18,22.84,22.84,4579401.0,67229879.0
2017-09-22,22.81,22.84,22.53,22.75,3583330.0,51719626.0
2017-09-25,22.82,22.87,22.49,22.54,2521229.0,36448600.0
2017-09-26,22.49,22.6,22.48,22.57,1767626.0,25399537.0
2017-09-27,22.56,22.67,22.51,22.62,1505463.0,21690339.0
2017-09-28,22.64,22.64,22.42,22.42,2135500.0,30673988.0
2017-09-29,22.46,22.65,22.37,22.64,2207004.0,31771611.0
2017-10-09,22.78,23.15,22.68,23.07,4978533.0,72969465.0
2017-10-10,23.14,23.25,22.95,23.23,4232207.0,62363442.0
2017-10-11,23.2,23.42,23.06,23.14,4140125.0,61365455.0
2017-10-12,23.18,23.45,23.06,23.23,3331807.0,49339792.0
2017-10-13,23.33,23.34,23.14,23.28,2512038.0,37228165.0
2017-10-16,23.26,23.33,22.76,22.79,3660912.0,53737808.0
2017-10-17,22.98,22.98,22.71,22.81,2071871.0,30134023.0
2017-10-18,22.81,22.89,22.59,22.62,2104958.0,30519380.0
2017-10-19,22.75,22.79,22.2,22.23,4219319.0,60263106.0
2017-10-20,22.21,22.4,22.01,22.4,3125021.0,44278402.0
2017-10-23,22.29,22.43,22.24,22.34,2837659.0,40334057.0
2017-10-24,22.35,22.35,21.96,22.12,3532470.0,49814694.0
2017-10-25,22.09,22.31,22.09,22.29,4376124.0,61776563.0
2017-10-26,22.29,22.29,22.15,22.21,3112790.0,44082854.0
2017-10-27,22.24,22.35,22.13,22.35,5658078.0,80286608.0
2017-10-30,22.35,22.39,21.8,21.93,4363054.0,61046510.0
2017-10-31,21.82,22.01,21.8,21.98,2677974.0,37445970.0
2017-11-01,22.04,22.04,21.9,21.99,2530275.0,35432218.0
2017-11-02,21.95,22.05,21.8,21.84,2278486.0,31721794.0
2017-11-03,21.8,21.98,21.58,21.73,1974642.0,27399949.0
2017-11-06,21.69,21.82,21.57,21.77,1924782.0,26667337.0
2017-11-07,21.77,22.1,21.71,22.01,2115172.0,29571351.0
2017-11-08,22.1,22.35,21.95,22.13,3971002.0,56180613.0
2017-11-09,22.1,22.24,22.07,22.13,2872493.0,40589197.0
2017-11-10,22.16,22.18,22.05,22.09,3498485.0,49306567.0
2017-11-13,22.1,22.18,21.77,21.91,3028314.0,42366812.0
2017-11-14,21.93,21.98,21.73,21.76,2474894.0,34437231.0
2017-11-15,21.73,22.23,21.73,21.91,3438269.0,48328529.0
2017-11-16,21.91,21.99,21.74,21.77,1860846.0,25873377.0
2017-11-17,21.76,21.87,20.49,20.57,6497499.0,87412048.0
2017-11-20,20.55,20.94,20.42,20.88,3237404.0,42655919.0
2017-11-21,20.91,21.14,20.74,21.08,2693752.0,35999740.0
2017-11-22,21.08,21.3,20.83,21.21,1888913.0,25433503.0
2017-11-23,21.14,21.43,20.94,21.05,3412572.0,46003752.0
2017-11-24,20.91,21.21,20.91,21.04,1802243.0,24190241.0
2017-11-27,20.91,21.04,20.75,20.83,2148174.0,28547259.0
2017-11-28,20.83,21.08,20.83,20.97,1050150.0,14041470.0
2017-11-29,20.91,20.99,20.61,20.91,1921980.0,25505599.0
2017-11-30,20.86,20.99,20.78,20.83,1356600.0,18077164.0
2017-12-01,20.83,21.05,20.58,20.96,2118737.0,28253574.0
2017-12-04,20.89,21.19,20.85,21.1,3524681.0,47410622.0
2017-12-05,21.08,21.08,20.39,20.55,3270699.0,43171377.0
2017-12-06,20.45,20.63,20.08,20.31,2987530.0,38653282.0
2017-12-07,20.28,20.39,20.11,20.24,4573478.0,59148774.0
2017-12-08,20.3,20.47,20.11,20.2,5070482.0,65577050.0
2017-12-11,20.28,20.44,20.27,20.34,4933902.0,63998130.0
2017-12-12,20.34,20.42,19.88,19.98,5647603.0,72329235.0
2017-12-13,19.86,19.98,19.72,19.81,4720528.0,59560320.0
2017-12-14,19.73,19.81,19.45,19.81,5138710.0,64268136.0
2017-12-15,19.75,19.78,19.47,19.59,3901769.0,48737707.0
2017-12-18,19.69,19.69,19.0,19.12,4911551.0,60238371.0
2017-12-19,19.12,19.22,18.82,18.9,8415642.0,101851769.0
2017-12-20,18.93,18.95,18.75,18.81,4975514.0,59774919.0
2017-12-21,18.6,18.75,18.43,18.59,4929323.0,58434811.0
2017-12-22,18.57,18.71,18.51,18.65,2575585.0,30597277.0
2017-12-25,18.54,18.62,17.76,17.88,6094399.0,70490145.0
2018-06-26,16.09,16.09,16.09,16.09,1551900.0,15922494.0
2018-06-27,14.89,15.83,14.89,15.22,17960277.0,175284766.0
2018-06-28,15.09,15.29,14.63,14.67,7704010.0,73759389.0
2018-06-29,14.7,15.34,14.7,15.12,5523822.0,52908545.0
2018-07-02,15.14,15.48,15.06,15.22,4432552.0,43122898.0
2018-07-03,15.15,15.42,14.84,15.26,5409963.0,52443959.0
2018-07-04,15.26,16.71,15.2,15.67,9901234.0,99499621.0
2018-07-05,15.8,15.8,14.9,14.96,6165959.0,60089229.0
2018-07-06,14.9,15.14,14.49,14.81,6763241.0,64100464.0
2018-07-09,14.92,15.14,14.86,15.04,5514043.0,52619117.0
2018-07-10,15.14,15.15,14.9,15.04,4730125.0,45302107.0
2018-07-11,14.98,14.98,14.48,14.56,5201548.0,48611130.0
2018-07-12,14.63,15.07,14.63,14.93,8343046.0,79043285.0
2018-07-13,14.93,15.07,14.84,14.98,4122696.0,39211894.0
2018-07-16,14.96,14.98,14.62,14.67,6906355.0,64830596.0
2018-07-17,14.74,14.74,14.34,14.53,6616852.0,61416188.0
2018-07-18,14.43,14.6,14.31,14.37,7478361.0,68707950.0
2018-07-19,14.59,14.73,14.37,14.42,6402200.0,59311523.0
2018-07-20,14.31,14.35,13.95,14.29,8436435.0,75916492.0
2018-07-23,14.31,14.46,14.15,14.43,5515470.0,50383059.0
2018-07-24,14.46,14.73,14.38,14.71,6331834.0,59032014.0
2018-07-25,14.71,14.98,14.67,14.74,6534737.0,61635852.0
2018-07-26,14.62,15.12,14.62,14.9,9794448.0,93040660.0
2018-07-27,14.92,14.92,14.71,14.73,4263460.0,40224560.0
2018-07-30,14.7,14.76,14.4,14.48,3883637.0,36092905.0
2018-07-31,14.57,14.57,14.34,14.42,4561576.0,42002582.0
2018-08-01,14.4,14.46,14.04,14.05,6664100.0,60505202.0
2018-08-02,13.99,14.02,13.16,13.46,7654404.0,65964568.0
2018-08-03,13.44,13.6,13.37,13.41,3176960.0,27238665.0
2018-08-06,13.44,13.57,13.14,13.22,4476686.0,38199467.0
2018-08-07,13.32,13.44,13.05,13.44,6881209.0,58415938.0
2018-08-08,13.41,13.43,13.14,13.24,4772839.0,40469445.0
2018-08-09,13.24,13.54,13.1,13.44,7370245.0,63038944.0
2018-08-10,13.46,13.51,13.35,13.46,5320879.0,45517847.0
2018-08-13,13.33,13.43,13.14,13.38,4804756.0,40647531.0
2018-08-14,13.44,13.57,13.33,13.49,4765450.0,40820133.0
2018-08-15,13.47,13.55,13.18,13.22,3620840.0,30816208.0
2018-08-16,13.1,13.26,12.94,13.04,3055181.0,25502596.0
2018-08-17,13.13,13.18,12.85,12.91,2971400.0,24701246.0
2018-08-20,12.94,13.14,12.71,13.11,3831824.0,31555056.0
2018-08-21,13.14,13.22,13.0,13.21,4223416.0,34521874.0
2018-08-22,13.22,13.27,13.11,13.14,2501801.0,20516017.0
2018-08-23,13.18,13.34,13.1,13.3,3041864.0,25012475.0
2018-08-24,13.26,13.26,13.0,13.18,3665795.0,29949398.0
2018-08-27,13.19,13.5,13.13,13.46,5480491.0,45522827.0
2018-08-28,13.42,13.53,13.4,13.43,2428859.0,20347137.0
2018-08-29,13.4,13.61,13.4,13.51,2512902.0,21092850.0
2018-08-30,13.5,13.5,13.27,13.37,3133871.0,26066730.0
2018-08-31,13.35,13.38,13.19,13.22,3223348.0,26606284.0
2018-09-03,13.22,13.34,13.05,13.19,3116061.0,25511540.0
2018-09-04,13.21,13.77,13.18,13.71,6951756.0,58538256.0
2018-09-05,13.77,13.82,13.5,13.51,4083035.0,34667767.0
2018-09-06,13.51,13.69,13.32,13.61,4466524.0,37554258.0
2018-09-07,13.53,13.72,13.35,13.51,3835557.0,32350003.0
2018-09-10,13.45,13.51,13.16,13.19,3162948.0,26147177.0
2018-09-11,13.21,13.58,13.16,13.54,3973213.0,33188206.0
2018-09-12,13.53,13.72,13.43,13.64,3242360.0,27468642.0
2018-09-13,13.69,13.79,13.56,13.79,4249944.0,36287723.0
2018-09-14,13.75,14.03,13.71,13.77,4041794.0,34929784.0
2018-09-17,13.79,13.84,13.42,13.66,4419932.0,37418714.0
2018-09-18,13.66,13.85,13.53,13.84,2455485.0,20980416.0
2018-09-19,13.84,14.14,13.79,13.96,4494736.0,39175281.0
2018-09-20,13.96,14.09,13.87,14.01,3275759.0,28520631.0
2018-09-21,14.08,14.3,13.91,14.24,4036271.0,35420466.0
2018-09-25,14.16,14.16,13.95,14.08,3612600.0,31594763.0
2018-09-26,14.12,14.29,13.98,14.24,5256900.0,46322921.0
2018-09-27,14.2,14.32,14.09,14.19,4491831.0,39752020.0
2018-09-28,14.14,14.32,14.11,14.32,3387907.0,30017189.0
2018-10-08,14.14,14.35,13.98,14.29,4802668.0,42368119.0
2018-10-09,14.27,14.41,14.06,14.11,2828726.0,25045511.0
2018-10-10,14.08,14.22,13.84,14.12,4083122.0,35645938.0
2018-10-11,13.84,13.99,13.19,13.27,6625069.0,56173828.0
2018-10-12,13.21,13.43,12.87,13.26,3300803.0,27112551.0
2018-10-15,13.26,13.34,12.9,12.95,2388996.0,19584214.0
2018-10-16,12.95,13.05,12.56,12.6,2829509.0,22513684.0
2018-10-17,12.76,12.77,12.34,12.6,2590804.0,20263249.0
2018-10-18,12.44,12.73,12.29,12.53,3375001.0,26341679.0
2018-10-19,12.21,12.81,12.21,12.77,2027343.0,15884910.0
2018-10-22,12.82,13.43,12.77,13.27,4667843.0,38279315.0
2018-10-23,13.27,13.3,13.03,13.1,2350395.0,19244104.0
2018-10-24,13.1,13.3,13.02,13.13,2094977.0,17154790.0
2018-10-25,12.84,13.1,12.74,13.05,2266533.0,18220394.0
2018-10-26,13.1,13.29,13.06,13.21,2164388.0,17756684.0
2018-10-29,13.14,13.21,12.94,12.97,2756511.0,22406096.0
2018-10-30,13.0,13.08,12.87,12.98,3674192.0,29711866.0
2018-10-31,13.0,13.13,12.95,13.06,4332424.0,35181665.0
2018-11-01,13.14,13.24,13.03,13.08,5455495.0,44625290.0
2018-11-02,13.16,13.38,13.14,13.34,5682854.0,46971479.0
2018-11-05,13.3,13.43,13.18,13.4,5535105.0,45904830.0
2018-11-06,13.3,13.37,13.14,13.29,4551337.0,37495777.0
2018-11-07,13.32,13.38,13.18,13.21,4705262.0,38941723.0
2018-11-08,13.29,13.3,13.02,13.03,4696568.0,38534633.0
2018-11-09,13.02,13.13,12.87,13.02,4734739.0,38338203.0
2018-11-12,13.02,13.66,12.97,13.66,7440934.0,62042437.0
2018-11-13,13.51,14.25,13.46,14.06,12753540.0,110926677.0
