2009-01-05,3.58,3.6,3.41,3.52,972500.0,3301533.0
2009-01-06,3.51,3.7,3.47,3.7,1066748.0,3739670.0
2009-01-07,3.7,3.82,3.65,3.72,787065.0,2861790.0
2009-01-08,3.73,3.73,3.53,3.61,718400.0,2505944.0
2009-01-09,3.61,3.78,3.55,3.7,667721.0,2386379.0
2009-01-12,3.73,3.88,3.67,3.84,895772.0,3338392.0
2009-01-13,3.83,3.86,3.69,3.73,523499.0,1902587.0
2009-01-14,3.7,3.81,3.7,3.79,526999.0,1918046.0
2009-01-15,3.76,3.97,3.76,3.88,881301.0,3300748.0
2009-01-16,3.87,4.08,3.86,4.03,1105544.0,4315162.0
2009-01-19,4.1,4.16,4.03,4.13,1256727.0,4990139.0
2009-01-21,4.12,4.34,3.98,4.22,1347207.0,5495065.0
2009-01-22,4.18,4.3,4.14,4.21,812390.0,3322916.0
2009-01-23,4.14,4.18,4.01,4.17,1395665.0,5561747.0
2009-02-02,4.17,4.34,4.16,4.26,880447.0,3628462.0
2009-02-03,4.25,4.31,4.21,4.28,1095992.0,4517839.0
2009-02-04,4.27,4.43,4.26,4.4,1440462.0,6095821.0
2009-02-05,4.44,4.57,4.34,4.41,1399447.0,5979816.0
2009-02-06,4.36,4.63,4.36,4.63,1681852.0,7449406.0
2009-02-09,4.67,4.86,4.58,4.75,1383672.0,6309229.0
2009-02-10,4.7,4.8,4.55,4.73,1124001.0,5067936.0
2009-02-11,4.65,4.97,4.6,4.95,2186947.0,10323236.0
2009-02-12,4.96,5.14,4.7,5.01,1352577.0,6468598.0
2009-02-13,5.01,5.26,4.81,5.26,4369785.0,21843094.0
2009-02-16,5.32,5.52,5.28,5.47,3095735.0,16293548.0
2009-02-17,5.42,5.46,5.21,5.21,3934189.0,19978444.0
2009-02-18,5.16,5.46,5.11,5.46,4838217.0,25166544.0
2009-02-19,5.57,5.73,5.47,5.73,3633093.0,20110276.0
2011-08-26,15.5,15.81,13.38,13.42,26976548.0,377784384.0
2011-08-29,13.07,13.28,12.75,12.75,10652574.0,132334472.0
2011-08-30,12.42,12.59,12.12,12.12,10596179.0,126374616.0
2011-08-31,12.09,12.24,11.51,11.52,9665207.0,109363288.0
2011-09-01,11.77,12.1,11.62,11.71,7913559.0,91175112.0
2011-09-02,11.54,11.56,11.12,11.12,5567948.0,60420488.0
2011-09-05,10.74,11.24,10.62,10.95,3557273.0,37511292.0
2011-09-06,10.78,11.02,10.41,10.48,3757852.0,38781364.0
2011-09-07,10.53,10.69,10.43,10.64,3170168.0,32460638.0
2011-09-08,10.64,10.67,10.34,10.34,4187825.0,42494328.0
2011-09-09,10.33,10.4,9.96,9.98,3435072.0,33848208.0
2011-09-13,9.71,9.85,9.61,9.72,2885334.0,27180776.0
2011-09-14,9.74,10.21,9.74,10.21,5887376.0,57989744.0
2011-09-15,10.22,10.68,10.21,10.4,5497118.0,55464544.0
2011-09-16,10.32,10.92,9.92,10.92,8051667.0,81824320.0
2011-09-19,10.85,11.45,10.61,11.13,9621843.0,103610288.0
2011-09-20,10.9,11.68,10.9,11.68,8683015.0,97048976.0
2011-09-21,12.27,12.27,11.93,12.27,6840821.0,81234424.0
2011-09-22,12.76,12.88,12.6,12.88,2281726.0,28284156.0
2011-09-23,13.44,13.52,12.24,13.17,20351692.0,255374416.0
2011-09-26,12.61,12.85,12.51,12.51,4147981.0,50409388.0
2011-09-27,11.88,12.11,11.88,11.88,2356756.0,27128540.0
2011-09-28,11.3,12.04,11.29,11.29,9950893.0,110322704.0
2011-09-29,10.72,10.95,10.72,10.72,4173880.0,43360344.0
2011-09-30,10.45,10.54,10.19,10.19,5304567.0,52671352.0
2011-10-10,10.05,10.58,10.05,10.22,3035570.0,30236956.0
2011-10-11,10.43,10.53,9.71,9.71,4336959.0,42076416.0
2011-10-12,9.59,9.99,9.24,9.87,3915788.0,36607400.0
2011-10-13,9.84,10.36,9.77,10.36,1919374.0,18967996.0
2011-10-14,10.54,10.68,10.26,10.5,4677097.0,47263440.0
2011-10-17,10.42,10.52,10.13,10.13,3190460.0,31718456.0
2011-10-19,9.66,9.86,9.63,9.63,3202109.0,29961752.0
2011-10-20,9.75,10.11,9.67,10.11,3183799.0,31001468.0
2011-10-21,10.33,10.62,10.15,10.17,7315793.0,73674192.0
2011-10-24,9.72,9.87,9.66,9.81,4225038.0,39701280.0
2011-10-25,9.64,10.15,9.63,10.07,3795027.0,36529968.0
2011-10-26,10.03,10.18,9.88,9.91,4023130.0,38828160.0
2011-10-27,9.86,9.93,9.74,9.79,2113101.0,20106146.0
2011-10-28,9.92,10.18,9.88,9.99,3231908.0,31260642.0
2011-10-31,9.98,10.31,9.97,10.23,2786415.0,27390762.0
2011-11-01,10.18,10.74,10.11,10.74,3628053.0,37343660.0
2011-11-02,10.74,11.27,10.65,11.25,9706767.0,104236952.0
2011-11-03,11.16,11.29,10.75,11.0,6271073.0,67244152.0
2011-11-04,10.97,11.18,10.93,11.09,2968535.0,31765780.0
2011-11-07,11.09,11.09,10.64,10.65,3153308.0,32924886.0
2011-11-08,10.71,10.77,10.33,10.4,3205642.0,32516430.0
2011-11-09,10.56,10.92,10.44,10.92,3672886.0,38002484.0
2011-11-10,10.84,11.22,10.82,10.9,4127728.0,44144416.0
2011-11-11,10.75,11.34,10.66,11.01,3713708.0,39556736.0
2011-11-14,11.15,11.33,11.07,11.23,3168695.0,34350692.0
2011-11-15,11.16,11.79,11.13,11.79,4510536.0,50653872.0
2011-11-16,11.94,12.03,11.27,11.31,6571063.0,73902528.0
2011-11-17,11.37,11.62,11.31,11.5,3293949.0,36587572.0
2011-11-18,11.4,11.46,10.92,10.95,3461561.0,37145416.0
2011-11-21,11.04,11.14,10.83,10.96,1847138.0,19546458.0
2011-11-22,10.91,11.47,10.77,11.34,2877460.0,31173570.0
2011-11-23,11.29,11.76,11.28,11.49,3507046.0,39223288.0
2011-11-24,11.4,11.43,11.17,11.3,1839593.0,20124388.0
2011-11-25,11.29,11.49,10.99,11.0,1770198.0,19258084.0
2011-11-28,10.9,11.11,10.57,10.6,2125302.0,22212436.0
2011-11-29,10.64,10.72,10.34,10.71,1583348.0,16206908.0
2011-11-30,10.64,10.67,10.18,10.18,2698456.0,26909572.0
2011-12-01,10.35,10.6,10.35,10.39,1678547.0,17006254.0
2011-12-02,10.37,10.41,9.89,9.95,1513733.0,14673532.0
2011-12-05,9.91,9.97,9.53,9.58,1059804.0,9945851.0
2011-12-06,9.59,9.84,9.59,9.84,860561.0,8088390.0
2011-12-07,9.77,10.07,9.72,9.96,795803.0,7671340.0
2011-12-08,9.79,10.07,9.76,9.91,717600.0,6869515.0
2011-12-09,9.9,10.08,9.85,9.96,669131.0,6462003.0
2011-12-12,9.99,10.02,9.64,9.64,721304.0,6844436.0
2011-12-13,9.56,9.62,9.21,9.25,1065059.0,9574860.0
2011-12-14,9.24,9.25,8.97,8.99,639729.0,5618661.0
2011-12-15,9.02,9.02,8.66,8.66,811474.0,6925482.0
2011-12-16,8.59,8.85,8.59,8.84,558768.0,4711610.0
2011-12-19,8.84,8.84,8.6,8.76,514954.0,4338148.0
2011-12-20,8.78,9.03,8.72,8.9,663357.0,5732104.0
2011-12-21,8.79,9.07,8.71,8.73,785494.0,6751986.0
2011-12-22,8.62,8.67,8.3,8.33,1093859.0,8878014.0
2011-12-23,8.33,8.55,8.27,8.39,624953.0,5100621.0
2011-12-26,8.36,8.44,8.34,8.39,427400.0,3475044.0
2011-12-27,8.36,8.37,8.18,8.21,452767.0,3624012.0
2011-12-28,8.08,8.18,7.96,8.11,506018.0,3961597.0
2011-12-29,8.05,8.22,8.05,8.11,244343.0,1926751.0
2011-12-30,8.12,8.31,8.12,8.25,619145.0,4934592.0
2012-01-04,8.27,8.47,8.27,8.32,636375.0,5149196.0
2012-01-05,8.29,8.37,8.03,8.04,507982.0,4031922.0
2012-01-06,8.08,8.24,8.0,8.24,434074.0,3394283.0
2012-01-09,8.18,8.66,8.17,8.66,1069884.0,8903401.0
2012-01-10,8.68,9.07,8.63,9.07,1084832.0,9285238.0
2012-01-11,9.08,9.21,8.92,9.03,940900.0,8235450.0
2012-01-12,9.03,9.26,8.99,9.02,584131.0,5132284.0
2012-01-13,8.95,9.13,8.65,8.71,654540.0,5640536.0
2012-01-16,8.61,8.87,8.61,8.69,340507.0,2889611.0
2012-01-17,8.78,9.09,8.67,9.07,845125.0,7297707.0
2012-01-18,9.06,9.18,8.88,8.88,712080.0,6230217.0
2012-01-19,8.86,9.04,8.81,8.88,493485.0,4264650.0
2012-01-20,8.97,9.25,8.94,9.2,430167.0,3811606.0
2012-01-30,9.21,9.47,9.1,9.34,917740.0,8311996.0
2012-01-31,9.28,9.45,9.25,9.44,552579.0,5018165.0
2012-02-01,9.44,9.67,9.26,9.29,780673.0,7143561.0
2012-02-02,9.35,9.45,9.26,9.45,710423.0,6431337.0
2012-02-03,9.49,9.6,9.38,9.57,765323.0,7064044.0
2012-02-06,9.48,9.65,9.48,9.6,772618.0,7161579.0
2012-02-07,9.59,9.59,9.31,9.39,854904.0,7791711.0
2012-02-08,9.4,9.56,9.35,9.53,715541.0,6557814.0
2012-02-09,9.56,9.71,9.46,9.63,1287596.0,11973107.0
2012-02-10,9.63,9.81,9.57,9.79,1417447.0,13385304.0
2012-02-13,9.68,10.28,9.57,10.28,3147755.0,30763604.0
2012-02-14,10.33,10.7,10.23,10.43,3016036.0,30657666.0
2012-02-15,10.34,10.53,10.29,10.49,1822883.0,18372290.0
2012-02-16,10.49,10.51,10.18,10.33,1704697.0,17059106.0
2012-02-17,10.43,10.85,10.26,10.85,2792731.0,28964440.0
2012-02-20,11.17,11.39,11.04,11.39,2472536.0,27107882.0
2012-02-21,11.57,11.69,11.0,11.44,5452578.0,59738788.0
2012-02-22,11.32,11.77,11.23,11.53,4004767.0,44555384.0
2012-02-23,11.42,11.47,11.21,11.43,2322666.0,25531508.0
2012-02-24,11.37,11.99,11.33,11.99,5376626.0,61520812.0
2012-02-27,11.91,12.23,11.74,11.76,4006050.0,46322808.0
2012-02-28,11.71,11.83,11.53,11.58,2063494.0,23283776.0
2012-02-29,11.55,11.7,11.44,11.46,1615340.0,18011874.0
2012-03-01,11.46,11.56,11.36,11.46,1124521.0,12496645.0
2012-03-02,11.46,11.75,11.46,11.63,1497695.0,16823234.0
2012-03-05,11.64,11.97,11.55,11.7,1768864.0,20183168.0
2012-03-06,11.7,11.73,11.37,11.51,1770364.0,19713118.0
2012-03-07,11.42,11.49,11.21,11.22,1820832.0,19968156.0
2012-03-08,11.34,11.54,11.28,11.49,1500635.0,16616081.0
2012-03-09,11.53,11.88,11.45,11.76,1952130.0,22095986.0
2012-03-12,11.86,12.35,11.84,12.35,1687677.0,20041052.0
2012-03-13,12.54,12.82,12.24,12.69,4740379.0,57745176.0
2012-03-14,12.74,12.74,12.06,12.06,4155678.0,49931756.0
2012-03-15,11.8,11.98,11.46,11.46,3091773.0,34480376.0
2012-03-16,11.24,11.53,10.94,11.27,2726022.0,29691704.0
2012-03-19,11.28,11.35,11.11,11.31,1961878.0,21286312.0
2012-03-20,11.24,11.39,11.16,11.16,1367757.0,14918771.0
2012-03-21,11.17,11.24,10.6,10.6,2437917.0,25382116.0
2012-03-22,10.59,10.91,10.51,10.68,1241220.0,12923640.0
2012-03-23,10.62,10.81,10.62,10.71,783221.0,8109342.0
2012-03-26,10.69,11.05,10.64,10.92,1008490.0,10668542.0
2012-03-27,10.93,11.09,10.72,10.77,712813.0,7514050.0
2012-03-28,10.66,10.77,10.23,10.23,1193744.0,11960196.0
2012-03-29,10.08,10.29,9.81,9.82,1504713.0,14561358.0
2012-03-30,9.89,9.89,9.74,9.87,859180.0,8161859.0
2012-04-05,9.9,10.31,9.82,10.26,1074961.0,10503103.0
2012-04-09,11.28,11.28,11.28,11.28,1192625.0,13023465.0
2012-04-10,11.77,11.77,10.8,11.12,5975249.0,65445552.0
2012-04-11,10.49,11.88,10.49,11.74,6665784.0,73619688.0
2012-04-12,11.5,11.82,11.43,11.71,4287118.0,48250156.0
2012-04-13,11.53,11.77,11.27,11.44,3790085.0,42320248.0
2012-04-16,11.24,11.27,10.94,11.1,2682905.0,28807722.0
2012-04-17,11.18,11.18,10.7,10.74,1583533.0,16620222.0
2012-04-18,10.82,11.1,10.64,10.95,1402726.0,14756097.0
2012-04-19,10.95,11.02,10.74,10.79,1611077.0,16940712.0
2012-04-20,10.84,10.89,10.72,10.81,1465930.0,15332892.0
2012-04-23,10.77,10.83,10.3,10.42,1617784.0,16508945.0
2012-04-24,10.33,10.61,10.03,10.37,1008784.0,10059361.0
2012-04-25,10.37,10.83,10.29,10.67,1479601.0,15215271.0
2012-04-26,10.66,10.83,10.42,10.42,1014718.0,10434392.0
2012-04-27,10.33,10.53,10.22,10.26,749181.0,7486078.0
2012-05-02,10.26,10.52,10.26,10.37,816770.0,8199614.0
2012-05-03,10.33,10.41,10.25,10.35,689116.0,6875041.0
2012-05-04,10.3,10.32,9.98,10.23,773267.0,7610571.0
2012-05-07,10.23,10.42,10.07,10.37,1046617.0,10397412.0
2012-05-08,10.44,10.44,10.29,10.38,590284.0,5915181.0
2012-05-09,10.34,10.38,10.18,10.23,536571.0,5319476.0
2012-05-10,10.21,10.27,10.14,10.2,577387.0,5696761.0
2012-05-11,10.2,10.29,10.08,10.12,455201.0,4490945.0
2012-05-14,10.13,10.23,10.0,10.01,548291.0,5358239.0
2012-05-15,9.92,10.0,9.64,9.77,748678.0,7081953.0
2012-05-16,9.74,9.76,9.62,9.63,519652.0,4870342.0
2012-05-17,9.76,9.77,9.61,9.71,425839.0,3998511.0
2012-05-18,9.73,10.15,9.41,10.15,1261214.0,11962864.0
2012-05-21,10.15,10.3,10.01,10.14,1469654.0,14441125.0
2012-05-22,9.95,10.23,9.95,10.09,921042.0,9007809.0
2012-05-23,10.08,10.09,9.97,10.05,399799.0,3885445.0
2012-05-24,10.05,10.09,9.67,9.76,708940.0,6760123.0
2012-05-25,9.79,9.89,8.79,9.82,702181.0,6639361.0
2012-05-28,9.72,9.89,9.59,9.84,666065.0,6293290.0
2012-05-29,9.84,9.97,9.73,9.89,777355.0,7441142.0
2012-05-30,9.9,10.0,9.86,9.94,596900.0,5744792.0
2012-05-31,9.82,9.97,9.7,9.82,363814.0,3458433.0
2012-06-01,9.76,9.9,9.74,9.81,363700.0,3445015.0
2012-06-04,9.66,9.68,9.42,9.43,476492.0,4404053.0
2012-06-05,9.56,9.67,9.43,9.44,481498.0,4438327.0
2012-06-06,9.43,9.54,9.09,9.35,518200.0,4671724.0
2012-06-07,9.41,9.43,9.22,9.28,275610.0,2495292.0
2012-06-08,9.52,9.52,9.26,9.26,436399.0,3949019.0
2012-06-11,9.27,9.35,9.09,9.26,294877.0,2640878.0
2012-06-12,9.19,9.47,9.17,9.31,452209.0,4085021.0
2012-06-13,9.31,9.4,9.28,9.39,405753.0,3669372.0
2012-06-14,9.35,9.47,9.35,9.38,515999.0,4698060.0
2012-06-15,9.42,9.42,9.26,9.33,345733.0,3122372.0
2012-06-18,9.4,9.4,9.33,9.33,295699.0,2681006.0
2012-06-19,9.31,9.31,9.19,9.24,283380.0,2534145.0
2012-06-20,9.25,9.4,9.19,9.26,299280.0,2690120.0
2012-06-21,9.26,9.26,9.09,9.21,208152.0,1843115.0
2012-06-25,9.05,9.21,8.94,8.95,216146.0,1890689.0
2012-06-26,8.88,9.01,8.77,8.96,181635.0,1559413.0
2012-06-27,9.04,9.07,8.93,9.05,263200.0,2291944.0
2012-06-28,8.99,9.04,8.83,8.83,214270.0,1848743.0
2012-06-29,8.82,8.86,8.73,8.85,290991.0,2479168.0
2012-07-02,8.88,8.9,8.83,8.89,211150.0,1812349.0
2012-07-03,8.81,8.93,8.81,8.88,198881.0,1709648.0
2012-07-04,8.96,8.96,8.83,8.85,170551.0,1466656.0
2012-07-05,8.89,8.89,8.45,8.52,325355.0,2724727.0
2012-07-06,8.59,8.78,8.54,8.73,447579.0,3742188.0
2012-07-09,8.67,8.68,8.37,8.4,430400.0,3539722.0
2012-07-10,8.4,8.47,8.29,8.4,228719.0,1854591.0
2012-07-11,8.4,8.41,8.24,8.38,490686.0,3955349.0
2012-07-12,8.39,9.21,8.34,9.18,2595322.0,22360188.0
2012-07-13,8.95,9.09,8.68,8.78,1738980.0,14977544.0
2012-07-16,8.78,8.87,8.43,8.55,652072.0,5431316.0
2012-07-17,8.6,8.67,8.52,8.64,467179.0,3892465.0
2012-07-18,8.64,8.64,8.41,8.57,530849.0,4384713.0
2012-07-19,8.55,8.74,8.46,8.57,754190.0,6293444.0
2012-07-20,8.57,8.81,8.47,8.68,1100795.0,9239690.0
2012-07-23,8.68,8.68,8.38,8.42,863987.0,7118283.0
2012-07-24,8.33,8.52,8.29,8.37,245567.0,2000542.0
2012-07-25,8.37,8.44,8.16,8.37,371501.0,3000795.0
2012-07-26,8.37,8.37,8.22,8.3,458590.0,3694841.0
2012-07-27,8.32,8.34,8.12,8.16,226215.0,1800097.0
2012-07-30,8.21,8.22,7.93,7.99,398112.0,3095779.0
2012-07-31,7.99,8.01,7.66,7.75,219001.0,1656322.0
2012-08-01,7.91,7.91,7.64,7.8,237420.0,1801215.0
2012-08-02,7.88,7.88,7.69,7.75,208360.0,1561929.0
2012-08-03,7.78,7.87,7.69,7.83,305350.0,2295365.0
2012-08-06,7.82,7.97,7.79,7.97,500298.0,3821992.0
2012-08-07,7.94,8.31,7.89,8.17,524816.0,4123531.0
2012-08-08,8.08,8.19,8.0,8.1,358210.0,2800877.0
2012-08-09,8.06,8.19,8.01,8.16,353449.0,2780214.0
2012-08-10,8.18,8.19,8.05,8.16,380325.0,2984427.0
2012-08-13,8.08,8.1,7.85,7.86,358591.0,2771514.0
2012-08-14,7.78,7.89,7.72,7.89,240259.0,1815937.0
2012-08-15,7.87,8.27,7.76,8.01,538748.0,4194636.0
2012-08-16,8.01,8.01,7.83,7.96,323473.0,2481911.0
2012-08-17,7.85,7.99,7.78,7.85,214700.0,1637048.0
2012-08-20,7.91,7.91,7.77,7.87,171828.0,1304371.0
2012-08-21,7.94,8.07,7.88,8.01,271900.0,2107871.0
2012-08-22,7.96,8.09,7.96,8.03,277928.0,2157425.0
2012-08-23,7.97,8.17,7.97,8.14,268447.0,2095219.0
2012-08-24,8.08,8.18,8.01,8.06,390892.0,3044754.0
2012-08-27,8.04,8.12,7.96,7.99,281159.0,2189788.0
2012-08-28,8.47,8.78,8.47,8.78,878651.0,7447200.0
2012-08-29,9.09,9.62,9.09,9.21,6321917.0,57074172.0
2012-08-30,9.31,10.13,9.29,9.62,6717863.0,63291088.0
2012-08-31,9.52,9.56,8.66,9.13,5567711.0,48835172.0
2012-09-03,9.03,9.24,8.86,9.18,3983737.0,35003048.0
2012-09-04,9.09,9.25,8.9,9.22,3855218.0,33851096.0
2012-09-05,9.09,9.18,9.0,9.12,2791654.0,24536848.0
2012-09-06,9.18,9.18,9.01,9.11,2530946.0,22271882.0
2012-09-07,9.3,9.66,9.17,9.4,5058981.0,45988576.0
2012-09-10,9.31,9.53,9.27,9.39,2845023.0,25890050.0
2012-09-11,9.37,9.37,8.99,9.04,2147171.0,18902460.0
2012-09-12,9.03,9.12,8.82,8.93,2271181.0,19620612.0
2012-09-13,8.94,9.15,8.94,9.0,2054793.0,18041560.0
2012-09-14,9.0,9.08,8.76,8.8,1467131.0,12604214.0
2012-09-17,8.84,8.88,8.6,8.6,782125.0,6576848.0
2012-09-18,8.6,8.67,8.46,8.67,685276.0,5688845.0
2012-09-19,8.64,8.77,8.62,8.72,591133.0,4972442.0
2012-09-20,8.68,8.72,8.42,8.6,1042820.0,8606499.0
2012-09-21,8.62,9.44,8.5,9.3,3574524.0,31207592.0
2012-09-24,9.1,9.4,9.04,9.33,2633648.0,23564976.0
2012-09-25,9.21,9.66,9.12,9.49,2997550.0,27299032.0
2012-09-26,9.47,9.62,8.89,9.1,2145312.0,19257164.0
2012-09-27,9.15,9.15,8.88,9.09,1417801.0,12427116.0
2012-09-28,9.06,9.17,9.0,9.13,1326649.0,11662917.0
2012-10-08,9.25,9.25,9.0,9.1,873718.0,7685548.0
2012-10-09,9.0,9.3,9.0,9.3,1294536.0,11498453.0
2012-10-10,9.26,9.45,9.21,9.45,1214377.0,10955452.0
2012-10-11,9.47,9.63,9.35,9.54,1645893.0,15147793.0
2012-10-12,9.57,9.57,9.31,9.35,924431.0,8389553.0
2012-10-15,9.43,9.43,9.1,9.29,620303.0,5546009.0
2012-10-16,9.21,9.35,9.14,9.28,403756.0,3614039.0
2012-10-17,9.27,9.29,9.12,9.24,387025.0,3448488.0
2012-10-18,9.27,9.49,9.21,9.4,1861640.0,16906230.0
2012-10-19,9.39,9.53,9.34,9.4,1098900.0,10017607.0
2012-10-22,9.42,9.44,9.31,9.41,691194.0,6272384.0
2012-10-23,9.44,9.68,9.37,9.47,1587201.0,14628196.0
2012-10-24,9.4,9.41,9.29,9.31,1149825.0,10392246.0
2012-10-25,9.35,9.35,9.17,9.18,860560.0,7701903.0
2012-10-26,9.1,9.37,8.83,9.03,720599.0,6282146.0
2012-10-29,8.84,9.18,8.84,9.06,882291.0,7665552.0
2012-10-30,9.1,9.1,8.92,8.96,285220.0,2480114.0
2012-10-31,9.07,9.16,8.9,9.13,618851.0,5410519.0
2012-11-01,9.14,9.47,9.09,9.39,1197409.0,10835632.0
2012-11-02,9.37,9.64,9.29,9.57,2188196.0,20096014.0
2012-11-05,9.56,9.59,9.4,9.47,1010682.0,9262531.0
2012-11-06,9.43,9.5,9.0,9.25,1208786.0,10770026.0
2012-11-07,9.21,9.36,9.12,9.21,768727.0,6865392.0
2012-11-08,9.04,9.48,8.89,9.3,1965320.0,17628342.0
2012-11-09,9.17,9.29,8.98,9.24,824079.0,7287929.0
2012-11-12,9.17,9.44,9.17,9.44,969072.0,8771302.0
2012-11-13,9.58,10.38,9.5,10.03,7230282.0,70874704.0
2012-11-14,9.62,9.79,9.36,9.43,3821545.0,35266344.0
2012-11-15,9.26,9.34,9.09,9.09,1820382.0,16195848.0
2012-11-16,8.92,9.09,8.61,8.8,2177916.0,18472682.0
2012-11-19,8.72,9.13,8.63,8.97,1796216.0,15374930.0
2012-11-20,8.9,9.04,8.86,8.95,636286.0,5498600.0
2012-11-21,9.07,9.07,8.68,9.02,876215.0,7539979.0
2012-11-22,8.98,9.02,8.82,8.93,519399.0,4471733.0
2012-11-23,8.88,8.97,8.76,8.88,611490.0,5248794.0
2012-11-26,8.79,8.9,8.72,8.84,499400.0,4248749.0
2012-11-27,8.73,8.8,8.57,8.62,424790.0,3562465.0
2012-11-28,8.62,8.62,8.11,8.4,1004999.0,8041924.0
2012-11-29,8.2,8.43,8.15,8.3,407300.0,3266689.0
2012-11-30,8.19,8.55,8.19,8.46,1290667.0,10488569.0
2012-12-03,8.38,8.53,8.27,8.35,684509.0,5537652.0
2012-12-04,8.32,8.42,8.15,8.37,352235.0,2810844.0
2012-12-05,8.33,8.74,8.33,8.6,972794.0,8085408.0
2012-12-06,8.57,8.72,8.57,8.64,653920.0,5456703.0
2012-12-07,8.59,8.76,8.57,8.67,957163.0,8021567.0
2012-12-10,8.7,8.84,8.61,8.77,675400.0,5716133.0
2012-12-11,8.71,8.97,8.69,8.86,869035.0,7451431.0
2012-12-12,8.85,8.93,8.73,8.82,695394.0,5935531.0
2012-12-13,8.78,9.09,8.7,8.96,1362432.0,11842246.0
2012-12-14,9.06,9.25,8.91,9.24,1080800.0,9566849.0
2012-12-17,9.59,9.65,9.24,9.26,2094426.0,19064138.0
2012-12-18,9.15,9.36,9.04,9.04,1149230.0,10196440.0
2012-12-19,9.02,9.19,9.01,9.13,400920.0,3534557.0
2012-12-20,9.13,9.15,8.99,9.04,689499.0,6049969.0
2012-12-21,9.04,9.12,8.99,9.04,417800.0,3658488.0
2012-12-24,8.94,9.08,8.91,8.96,357611.0,3117072.0
2012-12-25,8.96,9.34,8.96,9.22,1390396.0,12379461.0
2012-12-26,9.22,9.33,9.14,9.29,751615.0,6747349.0
2012-12-27,9.29,9.44,9.25,9.34,1590604.0,14412781.0
2012-12-28,9.29,9.4,9.19,9.33,2202500.0,19831958.0
2012-12-31,9.28,10.22,9.28,9.81,4698527.0,44255772.0
2013-01-04,9.79,9.92,9.61,9.9,2786514.0,26395328.0
2013-01-07,9.85,10.29,9.76,9.9,2180975.0,21205462.0
2013-01-08,9.82,9.84,9.69,9.7,1624448.0,15334988.0
2013-01-09,9.66,9.99,9.63,9.8,1784654.0,17050130.0
2013-01-10,9.75,9.97,9.74,9.82,1165162.0,11105037.0
2013-01-11,9.82,9.87,9.46,9.47,1433783.0,13319170.0
2013-01-14,9.43,9.78,9.4,9.75,1217503.0,11399381.0
2013-01-15,9.69,9.95,9.69,9.8,1394433.0,13296740.0
2013-01-16,9.8,9.88,9.57,9.6,1319543.0,12379612.0
2013-01-17,9.61,9.81,9.57,9.61,1176142.0,10977940.0
2013-01-18,9.68,9.79,9.52,9.75,1162347.0,10903311.0
2013-01-21,9.75,10.14,9.75,10.08,2500507.0,24133160.0
2013-01-22,10.07,10.1,9.61,9.81,1469726.0,14054570.0
2013-01-23,9.76,9.91,9.63,9.76,924935.0,8745287.0
2013-01-24,9.76,9.87,9.36,9.38,1723967.0,15962017.0
2013-01-25,9.35,9.61,9.3,9.44,996301.0,9136581.0
2013-01-28,9.44,9.66,9.44,9.66,650009.0,6035950.0
2013-01-29,9.69,10.01,9.67,9.84,1094591.0,10443392.0
2013-01-30,9.87,9.87,9.68,9.79,1163862.0,10992291.0
2013-01-31,9.79,9.87,9.53,9.56,806010.0,7555269.0
2013-02-01,9.64,9.66,9.46,9.56,529682.0,4907282.0
2013-02-04,9.5,9.62,9.39,9.39,876451.0,8041989.0
2013-02-05,9.35,9.64,9.33,9.58,975220.0,8959379.0
2013-02-06,9.53,9.67,9.52,9.57,422103.0,3910995.0
2013-02-07,9.56,9.64,9.54,9.64,352179.0,3269886.0
2013-02-08,9.64,9.8,9.45,9.68,717760.0,6690344.0
2013-02-18,9.78,9.89,9.61,9.8,1060873.0,10018688.0
2013-02-19,9.81,9.87,9.49,9.56,616782.0,5749555.0
2013-02-20,9.49,9.59,9.35,9.49,1476050.0,13488589.0
2013-02-21,9.44,9.44,9.17,9.21,890725.0,8029936.0
2013-02-22,9.31,9.35,9.19,9.26,424272.0,3803497.0
2013-02-25,9.24,9.35,9.19,9.32,637844.0,5714292.0
2013-02-26,9.3,9.32,8.88,8.98,731491.0,6466422.0
2013-02-27,9.01,9.15,8.93,9.15,675896.0,5916686.0
2013-02-28,9.15,9.7,9.11,9.44,1498025.0,13632266.0
2013-03-01,9.45,9.45,9.17,9.36,1359589.0,12199013.0
2013-03-04,9.1,9.1,8.52,8.62,1568654.0,13294630.0
2013-03-05,8.5,8.79,8.5,8.73,500286.0,4209571.0
2013-03-06,8.72,8.83,8.72,8.8,660083.0,5608391.0
2013-03-07,8.79,9.04,8.75,9.02,985422.0,8471225.0
2013-03-08,8.97,9.15,8.9,8.99,861077.0,7517872.0
2013-03-11,8.94,9.06,8.84,8.97,417452.0,3619508.0
2013-03-12,8.96,9.4,8.95,9.17,1418485.0,12632992.0
2013-03-13,9.18,9.45,9.04,9.43,1747426.0,15762553.0
2013-03-14,9.38,9.48,9.21,9.33,792638.0,7150092.0
2013-03-15,9.37,9.37,9.12,9.12,692730.0,6159308.0
2013-03-18,9.09,9.09,8.89,9.0,479002.0,4159558.0
2013-03-19,9.07,9.07,8.78,8.94,509134.0,4392581.0
2013-03-20,8.8,9.18,8.8,9.11,385842.0,3373973.0
2013-03-21,9.1,9.16,9.01,9.14,348441.0,3064964.0
2013-03-22,9.09,9.18,9.04,9.13,374313.0,3298990.0
2013-03-25,9.15,9.15,9.03,9.08,610045.0,5359146.0
2013-03-26,8.97,9.09,8.95,9.0,392562.0,3420906.0
2013-03-27,9.04,9.15,8.97,8.97,242550.0,2122438.0
2013-03-28,8.96,8.96,8.68,8.68,400890.0,3410695.0
2013-03-29,8.83,8.89,8.68,8.86,397625.0,3377272.0
2013-04-01,8.9,9.08,8.84,9.04,528147.0,4592131.0
2013-04-02,9.04,9.08,8.94,9.04,300244.0,2619442.0
2013-04-03,9.09,9.3,8.9,9.0,332347.0,2909625.0
2013-04-08,9.04,9.04,8.63,8.82,658943.0,5588162.0
2013-04-09,8.87,8.95,8.79,8.88,218621.0,1876001.0
2013-04-10,8.9,8.93,8.82,8.89,192809.0,1657433.0
2013-04-11,8.97,8.97,8.74,8.82,265300.0,2266840.0
2013-04-12,8.76,8.87,8.74,8.76,286401.0,2434115.0
2013-04-15,8.81,8.93,8.75,8.82,179733.0,1534598.0
2013-04-16,8.82,8.86,8.69,8.85,214646.0,1826936.0
2013-04-17,8.8,8.89,8.78,8.85,366626.0,3132718.0
2013-04-18,8.76,8.9,8.73,8.79,444670.0,3787158.0
2013-04-19,8.9,8.93,8.79,8.89,752851.0,6460879.0
2013-04-22,8.86,8.86,8.73,8.83,582805.0,4961175.0
2013-04-23,8.94,8.94,8.75,8.75,437360.0,3731429.0
2013-04-24,8.52,8.82,8.52,8.74,496297.0,4191650.0
2013-04-25,8.68,8.77,8.64,8.66,343984.0,2900892.0
2013-04-26,8.64,8.77,8.64,8.68,269230.0,2273321.0
2013-05-02,8.47,8.78,8.27,8.55,317897.0,2634334.0
2013-05-03,8.66,8.68,8.54,8.61,292020.0,2427806.0
2013-05-06,8.65,8.73,8.55,8.59,542992.0,4514134.0
2013-05-07,8.66,8.66,8.54,8.55,409960.0,3407349.0
2013-05-08,8.55,8.65,8.55,8.61,431352.0,3587087.0
2013-05-09,8.6,8.6,8.49,8.5,396574.0,3274470.0
2013-05-10,8.57,8.68,8.5,8.67,373032.0,3104065.0
2013-05-13,8.71,8.71,8.57,8.67,222558.0,1859730.0
2013-05-14,8.68,8.68,8.51,8.65,271500.0,2265994.0
2013-05-15,8.68,8.68,8.62,8.65,170839.0,1428847.0
2013-05-16,8.64,8.83,8.6,8.77,628414.0,5317216.0
2013-05-17,8.76,9.04,8.76,8.92,838767.0,7250220.0
2013-05-20,8.97,9.03,8.86,8.94,509007.0,4408003.0
2013-05-21,8.95,9.14,8.86,9.08,1351342.0,11782364.0
2013-05-22,9.06,9.13,8.96,9.01,570553.0,5002446.0
2013-05-23,8.97,9.13,8.88,8.89,563381.0,4918189.0
2013-05-24,8.99,9.02,8.84,8.89,420404.0,3626000.0
2013-05-27,8.89,8.97,8.88,8.94,329536.0,2843223.0
2013-05-28,8.94,9.11,8.88,9.1,765031.0,6684327.0
2013-05-29,9.11,9.14,9.01,9.08,786964.0,6917717.0
2013-05-30,9.02,9.11,8.99,9.05,507244.0,4435707.0
2013-05-31,9.07,9.28,9.03,9.12,1690832.0,15000234.0
2013-06-03,9.12,9.27,9.03,9.27,1185500.0,10551154.0
2013-06-04,9.25,9.46,9.25,9.38,2037245.0,18437942.0
2013-06-05,9.39,9.43,9.22,9.34,805996.0,7261330.0
2013-06-06,9.27,9.37,9.14,9.21,950272.0,8493820.0
2013-06-07,9.21,9.26,8.88,8.88,662750.0,5811808.0
2013-06-13,8.76,8.77,8.56,8.6,702289.0,5871760.0
2013-06-14,8.55,8.71,8.55,8.67,482038.0,4021801.0
2013-06-17,8.63,8.71,8.42,8.55,575480.0,4753745.0
2013-06-18,8.47,8.67,8.47,8.57,202170.0,1676023.0
2013-06-19,8.51,8.52,8.3,8.39,483415.0,3928769.0
2013-06-20,8.34,8.42,8.19,8.36,586810.0,4727109.0
2013-06-21,8.21,8.32,8.16,8.31,250727.0,1996605.0
2013-06-24,8.19,8.22,7.5,7.68,838987.0,6380417.0
2013-06-25,7.59,7.84,6.94,7.47,618428.0,4402821.0
2013-06-26,7.46,7.59,7.3,7.4,598941.0,4276190.0
2013-06-27,7.29,7.5,7.27,7.33,543732.0,3875413.0
2013-06-28,7.23,7.54,6.61,7.37,562702.0,4043062.0
2013-07-01,7.3,7.52,7.25,7.37,603524.0,4300633.0
2013-07-02,7.47,7.47,7.23,7.33,918497.0,6474169.0
2013-07-03,7.37,7.37,7.11,7.31,372316.0,2593346.0
2013-07-04,7.38,7.51,7.24,7.38,545235.0,3820665.0
2013-07-05,7.41,7.56,7.41,7.51,639690.0,4575351.0
2013-07-08,7.51,7.51,7.1,7.3,548500.0,3822262.0
2013-07-09,7.33,7.33,7.14,7.28,176998.0,1219186.0
2013-07-10,7.18,7.5,7.18,7.45,220390.0,1546597.0
2013-07-11,7.48,7.71,7.4,7.63,1069356.0,7763748.0
2013-07-12,7.58,7.67,7.45,7.45,718610.0,5166026.0
2013-07-15,7.44,7.54,7.4,7.5,813966.0,5791066.0
2013-07-16,7.5,7.66,7.41,7.66,1009435.0,7264374.0
2013-07-17,7.71,7.79,7.58,7.64,863636.0,6311635.0
2013-07-18,7.62,7.71,7.48,7.54,451174.0,3246243.0
2013-07-19,7.54,7.63,7.38,7.43,314357.0,2247328.0
2013-07-22,7.18,7.52,7.17,7.42,654181.0,4625189.0
2013-07-23,7.39,7.57,7.39,7.51,536631.0,3827963.0
2013-07-24,7.54,7.54,7.38,7.45,390755.0,2763429.0
2013-07-25,7.49,7.5,7.39,7.45,329919.0,2344132.0
2013-07-26,7.48,7.48,7.33,7.44,200800.0,1420402.0
2013-07-29,7.43,7.43,7.28,7.37,260402.0,1824049.0
2013-07-30,7.37,7.47,7.25,7.36,382301.0,2669336.0
2013-07-31,7.4,7.61,7.39,7.56,724127.0,5174327.0
2013-08-01,7.58,7.61,7.47,7.59,490960.0,3536301.0
2013-08-02,7.6,7.66,7.57,7.57,257887.0,1870415.0
2013-08-05,7.54,7.61,7.5,7.6,278696.0,2010277.0
2013-08-06,7.54,7.65,7.54,7.64,292030.0,2116450.0
2013-08-07,7.64,7.79,7.63,7.71,1109859.0,8154624.0
2013-08-08,7.7,7.95,7.7,7.73,1096568.0,8160673.0
2013-08-09,7.83,7.83,7.61,7.73,524240.0,3849348.0
2013-08-12,7.73,7.87,7.67,7.86,981449.0,7285802.0
2013-08-13,7.86,7.91,7.8,7.9,647289.0,4864152.0
2013-08-14,7.86,8.49,7.86,8.34,2938111.0,22774506.0
2013-08-15,8.22,9.12,8.08,8.96,5595084.0,46464580.0
2013-08-16,8.76,8.92,8.52,8.87,3770203.0,31231832.0
2013-08-19,8.64,8.75,8.57,8.7,2701889.0,22330408.0
2013-08-20,8.65,8.67,8.42,8.46,1629660.0,13159990.0
2013-08-21,8.45,8.48,8.28,8.38,1177829.0,9398970.0
2013-08-22,8.33,8.42,8.26,8.33,1073025.0,8528170.0
2013-08-23,8.33,8.37,8.01,8.13,1188294.0,9252546.0
2013-08-26,8.19,8.34,8.08,8.3,826323.0,6468900.0
2013-08-27,8.33,8.48,8.24,8.44,947615.0,7608709.0
2013-08-28,8.38,8.44,8.2,8.24,848210.0,6710596.0
2013-08-29,8.21,8.59,8.14,8.58,1802337.0,14472874.0
2013-08-30,8.52,8.67,8.25,8.27,1259846.0,10166408.0
2013-09-02,8.24,8.27,7.97,8.22,687507.0,5294603.0
2013-09-03,8.09,8.3,8.08,8.27,709940.0,5566173.0
2013-09-04,8.37,8.37,8.19,8.24,570782.0,4492297.0
2013-09-05,8.16,8.24,8.14,8.21,422547.0,3292823.0
2013-09-06,8.29,8.3,8.16,8.18,477074.0,3740165.0
2013-09-09,8.22,8.6,8.14,8.48,1267584.0,10088966.0
2013-09-10,8.45,8.55,8.35,8.48,1069221.0,8596553.0
2013-09-11,8.5,8.53,8.31,8.39,1137709.0,9104504.0
2013-09-12,8.39,8.48,8.36,8.39,471492.0,3777800.0
2013-09-13,8.39,8.47,8.25,8.41,449710.0,3603028.0
2013-09-16,8.42,8.47,8.3,8.36,465051.0,3699372.0
2013-09-17,8.34,8.38,8.14,8.21,517518.0,4055136.0
2013-09-18,8.19,8.25,8.1,8.22,296773.0,2309605.0
2013-09-23,8.25,8.43,8.19,8.33,950261.0,7520432.0
2013-09-24,8.33,8.33,8.14,8.19,482898.0,3779821.0
2013-09-25,8.19,8.36,8.08,8.13,653243.0,5087264.0
2013-09-26,8.24,8.24,8.03,8.04,383900.0,2953115.0
2013-09-27,8.13,8.25,7.99,8.1,410088.0,3156126.0
2013-09-30,8.09,8.29,8.04,8.26,835782.0,6535288.0
2013-10-08,8.25,8.48,8.19,8.44,711306.0,5667380.0
2013-10-09,8.47,8.48,8.34,8.48,459789.0,3681907.0
2013-10-10,8.53,8.53,8.36,8.43,618785.0,4956598.0
2013-10-11,8.39,8.48,8.36,8.41,541756.0,4345222.0
2013-10-14,8.44,8.44,8.24,8.35,792017.0,6285931.0
2013-10-15,8.35,8.39,8.29,8.34,520415.0,4128659.0
2013-10-16,8.3,8.3,8.02,8.14,705900.0,5480071.0
2013-10-17,8.19,8.23,8.11,8.13,389934.0,3034982.0
2013-10-18,8.18,8.21,8.13,8.15,292603.0,2280367.0
2013-10-21,8.13,8.24,8.03,8.18,644790.0,5024189.0
2013-10-22,8.23,8.34,8.15,8.25,816040.0,6442593.0
2013-10-23,8.33,8.33,8.13,8.3,804365.0,6330040.0
2013-10-24,8.3,8.34,8.24,8.3,652943.0,5151202.0
2013-10-25,8.33,8.34,8.13,8.26,585010.0,4585269.0
2013-10-28,8.29,8.43,8.25,8.34,1489740.0,11824153.0
2013-10-29,8.34,8.72,8.33,8.71,4586015.0,37568192.0
2013-10-30,8.73,8.77,8.46,8.65,1939937.0,15886710.0
2013-10-31,8.63,8.99,8.52,8.68,2565111.0,21451772.0
2013-11-01,8.68,8.68,8.26,8.53,1931602.0,15451556.0
2013-11-04,8.45,8.47,8.32,8.42,830887.0,6657917.0
2013-11-05,8.41,8.57,7.6,8.55,1676617.0,13156026.0
2013-11-06,8.46,8.89,8.42,8.76,3381307.0,28180230.0
2013-11-07,8.9,8.99,8.61,8.85,2763526.0,23222670.0
2013-11-08,8.71,8.86,8.52,8.7,1082480.0,8980632.0
2013-11-11,8.7,9.09,8.57,9.05,3572560.0,30403702.0
2013-11-12,9.1,9.21,8.63,8.99,3232945.0,27532938.0
2013-11-13,8.98,8.98,8.55,8.8,1518896.0,12640180.0
2013-11-14,8.64,9.18,8.64,8.99,4565025.0,39118316.0
2013-11-15,8.91,9.11,8.79,8.86,3219762.0,27312664.0
2013-11-18,8.78,8.9,8.66,8.86,2217072.0,18597558.0
2013-11-19,8.86,8.93,8.7,8.91,1501040.0,12621314.0
2013-11-20,8.9,9.21,8.76,9.15,2980136.0,25369390.0
2013-11-21,9.05,9.73,8.94,9.51,5930867.0,53075140.0
2013-11-22,9.39,9.64,9.32,9.6,2686200.0,24371810.0
2013-11-25,9.55,10.47,9.48,10.24,7485155.0,72056464.0
2013-11-26,10.18,10.34,9.69,9.72,6741353.0,63637372.0
2013-11-27,9.58,9.71,9.38,9.56,4076402.0,36860624.0
2013-11-28,9.51,9.6,9.39,9.4,3102564.0,28050756.0
2013-11-29,9.4,9.42,9.21,9.26,2695025.0,23847370.0
2013-12-02,9.07,9.07,8.35,8.77,2997479.0,25009176.0
2013-12-03,8.61,8.81,8.61,8.76,1371654.0,11414764.0
2013-12-04,8.74,8.9,8.72,8.8,1539304.0,12934599.0
2013-12-05,8.81,8.85,8.67,8.73,1137711.0,9492854.0
2013-12-06,8.76,8.79,8.64,8.71,727832.0,6040663.0
2013-12-09,8.61,8.72,8.55,8.68,1231707.0,10125745.0
2013-12-10,8.73,8.79,8.65,8.7,838132.0,6955792.0
2013-12-11,8.7,8.87,8.67,8.73,1031786.0,8601710.0
2013-12-12,8.72,8.78,8.64,8.76,745146.0,6194845.0
2013-12-13,8.76,9.01,8.76,8.88,2112448.0,17889072.0
2013-12-16,8.86,8.9,8.63,8.69,1056314.0,8765661.0
2013-12-17,8.74,8.77,8.56,8.68,720720.0,5920725.0
2013-12-18,8.66,8.67,8.57,8.64,641534.0,5256417.0
2013-12-19,8.52,8.64,8.41,8.5,707289.0,5732539.0
2013-12-20,8.48,8.53,8.27,8.39,888419.0,7058554.0
2013-12-23,8.45,8.45,8.2,8.31,432929.0,3421143.0
2013-12-24,8.3,8.57,8.3,8.54,872662.0,7003567.0
2013-12-25,8.49,8.82,8.41,8.77,1578970.0,13035323.0
2013-12-26,8.77,8.77,8.58,8.71,662000.0,5457845.0
2013-12-27,8.73,9.0,8.67,8.89,2049844.0,17312816.0
2013-12-30,8.89,8.89,8.7,8.8,2125020.0,17815920.0
2013-12-31,8.73,8.81,8.66,8.76,795763.0,6628644.0
2014-01-02,8.76,8.85,8.62,8.77,1339679.0,11175757.0
2014-01-03,8.75,8.76,8.58,8.69,621518.0,5146182.0
2014-01-06,8.71,8.71,8.2,8.54,713472.0,5767259.0
2014-01-07,8.21,8.81,8.21,8.74,2003870.0,16489587.0
2014-01-08,8.78,8.97,8.58,8.86,2632385.0,22120378.0
2014-01-09,8.81,9.12,8.79,8.91,3246118.0,27739264.0
2014-01-10,8.82,8.95,8.69,8.93,1701690.0,14315008.0
2014-01-13,8.93,9.19,8.81,9.05,4310782.0,37086956.0
2014-01-14,9.05,9.16,8.88,9.04,3083253.0,26581254.0
2014-01-15,9.03,9.13,8.92,9.08,3364194.0,28933564.0
2014-01-16,9.03,9.1,8.91,9.0,2867450.0,24612758.0
2014-01-17,8.97,9.12,8.66,8.87,3032770.0,25675468.0
2014-01-20,8.8,8.8,8.27,8.27,1965048.0,15873556.0
2014-01-21,8.22,8.38,8.16,8.33,1208618.0,9561543.0
2014-01-22,8.35,8.75,8.28,8.75,2046719.0,16685143.0
2014-01-23,8.77,8.98,8.61,8.92,3481609.0,29394140.0
2014-01-24,8.9,8.99,8.79,8.88,3359149.0,28362666.0
2014-01-27,8.85,8.85,8.41,8.46,1741498.0,14280305.0
2014-01-28,8.45,8.55,8.42,8.51,837955.0,6777315.0
2014-01-29,8.55,8.55,8.43,8.45,931950.0,7528668.0
2014-01-30,8.49,8.49,8.34,8.48,481752.0,3872002.0
2014-02-07,8.39,8.5,8.27,8.48,702874.0,5614560.0
2014-02-10,8.49,8.67,8.43,8.63,1287509.0,10539359.0
2014-02-11,8.67,8.7,8.58,8.62,1231719.0,10119599.0
2014-02-12,8.67,8.73,8.6,8.72,1660210.0,13718265.0
2014-02-13,8.72,8.9,8.71,8.8,2986986.0,25053990.0
2014-02-14,8.84,9.03,8.76,9.0,2442465.0,20762624.0
2014-02-17,9.01,9.45,8.95,9.34,5091231.0,44746808.0
2014-02-18,9.37,9.39,9.14,9.34,5251552.0,46379792.0
2014-02-19,9.34,9.56,9.2,9.53,7283517.0,65521616.0
2014-02-20,9.45,9.7,9.3,9.33,8397179.0,75575928.0
2014-02-21,9.28,9.31,8.95,9.1,3309806.0,28698802.0
2014-02-24,9.05,9.07,8.64,8.98,7978565.0,67378624.0
2014-02-25,8.91,9.21,8.87,9.21,9393020.0,81053032.0
2014-02-26,9.14,9.4,9.06,9.4,8737095.0,77219808.0
2014-02-27,9.38,9.59,9.27,9.46,9205233.0,82683160.0
2014-02-28,9.43,9.59,9.22,9.51,7670612.0,69307632.0
2014-03-03,9.46,9.52,9.18,9.45,7025306.0,63079324.0
2014-03-04,9.34,9.42,9.14,9.3,7091679.0,62962740.0
2014-03-05,9.28,9.31,9.14,9.14,2022140.0,17775156.0
2014-03-06,9.07,9.4,8.9,9.19,6584079.0,57505980.0
2014-03-07,9.13,9.17,8.86,8.86,2417701.0,20733280.0
2014-03-10,8.78,8.78,8.42,8.47,2332198.0,19070418.0
2014-03-11,8.42,8.55,8.29,8.44,1645475.0,13236570.0
2014-03-12,8.36,8.48,8.3,8.34,1539500.0,12312583.0
2014-03-13,8.34,8.5,8.31,8.46,1582089.0,12636653.0
2014-03-14,8.45,8.52,8.3,8.34,945688.0,7567933.0
2014-03-17,8.38,8.46,8.26,8.42,2121241.0,16893290.0
2014-03-18,8.43,8.45,8.32,8.41,1195603.0,9540603.0
2014-03-19,8.41,8.44,8.27,8.36,1190682.0,9466493.0
2014-03-20,8.42,8.69,8.35,8.35,2078525.0,16871172.0
2014-03-21,8.29,8.58,8.27,8.51,1928337.0,15568043.0
2014-03-24,8.49,8.74,8.43,8.65,2123017.0,17378370.0
2014-03-25,8.66,8.7,8.52,8.57,1503459.0,12358758.0
2014-03-26,8.66,8.66,8.5,8.55,998760.0,8136586.0
2014-03-27,8.52,8.7,8.48,8.57,1892075.0,15493258.0
2014-03-28,8.52,8.68,8.48,8.48,1431228.0,11699855.0
2014-03-31,8.46,8.55,8.41,8.5,1041761.0,8433198.0
2014-04-01,8.45,8.55,8.45,8.54,1215753.0,9861127.0
2014-04-02,8.54,8.8,8.54,8.69,1496862.0,12416328.0
2014-04-03,8.68,8.71,8.5,8.51,1051841.0,8587665.0
2014-04-04,8.5,8.66,8.46,8.61,558940.0,4556809.0
2014-04-08,8.52,8.61,8.46,8.56,1149743.0,9346878.0
2014-04-09,8.56,8.62,8.51,8.61,808300.0,6606085.0
2014-04-10,8.56,8.67,8.55,8.58,756763.0,6202509.0
2014-04-11,8.58,8.67,8.52,8.58,966766.0,7918750.0
2014-04-14,8.58,8.64,8.51,8.62,623917.0,5099415.0
2014-04-15,8.63,9.4,8.58,8.96,4284687.0,36896388.0
2014-04-16,8.93,9.0,8.79,8.91,1148403.0,9746897.0
2014-04-17,8.92,9.01,8.84,8.84,751675.0,6385462.0
2014-04-18,8.91,8.99,8.84,8.94,856697.0,7300507.0
2014-04-21,8.92,8.93,8.66,8.71,879653.0,7368451.0
2014-04-22,8.69,8.69,8.31,8.62,2052130.0,16550222.0
2014-04-23,8.55,8.56,8.3,8.56,992084.0,7980860.0
2014-04-24,8.52,8.58,8.41,8.47,696342.0,5628180.0
2014-04-25,8.43,8.5,8.32,8.45,730738.0,5874174.0
2014-04-28,8.39,8.39,8.21,8.3,731750.0,5775499.0
2014-04-29,8.36,8.36,8.23,8.34,349821.0,2764660.0
2014-04-30,8.34,8.35,8.25,8.35,534598.0,4222763.0
2014-05-05,8.33,8.34,8.26,8.32,406854.0,3214834.0
2014-05-06,8.3,8.38,8.29,8.31,551413.0,4378439.0
2014-05-07,8.32,8.32,8.14,8.23,895407.0,7016272.0
2014-05-08,8.21,8.29,8.09,8.24,646732.0,5041116.0
2014-05-09,8.24,8.63,8.12,8.61,1937297.0,15619022.0
2014-05-12,8.82,9.23,8.72,9.03,7531709.0,64510144.0
2014-05-13,8.82,8.95,8.55,8.63,4412908.0,36504856.0
2014-05-14,8.52,8.61,8.46,8.49,1855704.0,15067224.0
2014-05-15,8.45,8.48,8.2,8.28,2248915.0,17768652.0
2014-05-16,8.24,8.33,8.19,8.28,608609.0,4786366.0
2014-05-19,8.29,8.29,8.16,8.27,773639.0,6056943.0
2014-05-20,8.28,8.33,8.2,8.23,567637.0,4462521.0
2014-05-21,8.23,8.38,8.19,8.3,599120.0,4742379.0
2014-05-22,8.3,8.37,8.24,8.32,742210.0,5884664.0
2014-05-23,8.29,8.37,8.29,8.35,618337.0,4913677.0
2014-05-26,8.37,8.45,8.3,8.43,1043901.0,8335461.0
2014-05-27,8.42,8.44,8.29,8.38,1458099.0,11669973.0
2014-05-28,8.38,8.41,8.31,8.38,639321.0,5097155.0
2014-05-29,8.36,8.36,8.26,8.26,723365.0,5730091.0
2014-05-30,8.24,8.27,8.19,8.22,709753.0,5558097.0
2014-06-03,8.25,8.26,8.19,8.22,772004.0,6042465.0
2014-06-04,8.22,8.23,8.1,8.22,611090.0,4748795.0
2014-06-05,8.24,8.32,8.19,8.3,621244.0,4880012.0
2014-06-06,8.24,8.33,8.24,8.25,412367.0,3253340.0
2014-06-09,8.28,8.28,8.21,8.24,312229.0,2449504.0
2014-06-10,8.22,8.3,8.2,8.3,381840.0,3001446.0
2014-06-11,8.24,8.28,8.21,8.26,479988.0,3768377.0
2014-06-12,8.25,8.28,8.19,8.26,587865.0,4614165.0
2014-06-13,8.26,8.3,8.21,8.28,612422.0,4823738.0
2014-06-16,8.31,8.32,8.26,8.31,667270.0,5271251.0
2014-06-17,8.31,8.32,8.24,8.26,503600.0,3974765.0
2014-06-18,8.22,8.31,8.2,8.31,628831.0,4941942.0
2014-06-19,8.24,8.3,8.05,8.06,627400.0,4884591.0
2014-06-20,8.01,8.05,7.93,8.03,441396.0,3365023.0
2014-06-23,8.03,8.1,8.03,8.08,430315.0,3304283.0
2014-06-24,8.08,8.12,8.05,8.09,303811.0,2341876.0
2014-06-25,8.06,8.1,8.01,8.05,266046.0,2037157.0
2014-06-26,8.02,8.13,8.01,8.11,542055.0,4178613.0
2014-06-27,8.09,8.2,8.09,8.16,571615.0,4435808.0
2014-06-30,8.24,8.36,8.21,8.27,1003657.0,7921985.0
2014-07-01,8.27,8.32,8.22,8.31,803668.0,6339675.0
2014-07-02,8.33,8.36,8.29,8.32,480631.0,3813516.0
2014-07-03,8.34,8.36,8.26,8.3,868120.0,6876335.0
2014-07-04,8.33,8.34,8.22,8.26,648714.0,5106191.0
2014-07-07,8.26,8.31,8.26,8.29,459568.0,3624391.0
2014-07-08,8.29,8.32,8.25,8.29,606049.0,4787944.0
2014-07-09,8.3,8.48,8.26,8.33,1727266.0,13778762.0
2014-07-10,8.3,8.32,8.23,8.28,816710.0,6432264.0
2014-07-11,8.26,8.33,8.25,8.31,766021.0,6046237.0
2014-07-14,8.3,8.39,8.3,8.37,1273571.0,10154514.0
2014-07-15,8.37,8.42,8.3,8.36,1658024.0,13166268.0
2014-07-16,8.38,8.55,8.38,8.52,2493581.0,20222378.0
2014-07-17,8.5,8.54,8.29,8.43,1356970.0,10867103.0
2014-07-18,8.44,8.48,8.32,8.47,1075022.0,8647012.0
2014-07-21,8.51,8.51,8.36,8.42,1275025.0,10068641.0
2014-07-22,8.4,8.58,8.34,8.52,1760468.0,13981814.0
2014-07-23,8.52,8.53,8.45,8.52,1227124.0,9788541.0
2014-07-24,8.51,8.77,8.48,8.74,3570246.0,29064174.0
2014-07-25,8.69,8.77,8.61,8.7,2049642.0,16716461.0
2014-07-28,8.7,8.84,8.66,8.78,4540217.0,37336720.0
2014-07-29,8.89,8.97,8.66,8.74,3984336.0,32911986.0
2014-07-30,8.74,8.84,8.69,8.81,3719615.0,30603244.0
2014-07-31,8.83,8.88,8.71,8.8,2999799.0,24687154.0
2014-08-01,8.74,8.77,8.59,8.59,2715917.0,22177618.0
2014-08-04,8.6,8.66,8.55,8.66,2518441.0,20326178.0
2014-08-05,8.66,8.72,8.61,8.72,2456212.0,20021474.0
2014-08-06,8.7,8.74,8.65,8.71,1938956.0,15825726.0
2014-08-07,8.7,8.74,8.65,8.66,1740551.0,14202910.0
2014-08-08,8.67,8.7,8.63,8.69,1643379.0,13363436.0
2014-08-11,8.69,9.54,8.68,8.9,7412326.0,62103140.0
2014-08-12,8.84,8.93,8.77,8.81,6079714.0,50452600.0
2014-08-13,8.79,8.88,8.74,8.84,5209743.0,43100276.0
2014-08-14,8.84,8.91,8.77,8.82,4401470.0,36528460.0
2014-08-15,8.82,9.11,8.8,9.04,6829338.0,57600352.0
2014-08-18,9.04,9.15,8.95,9.05,4305626.0,36707700.0
2014-08-19,9.05,9.29,9.03,9.23,4207136.0,36302592.0
2014-08-20,9.24,9.29,9.15,9.19,3607566.0,31178374.0
2014-08-21,9.17,9.36,9.17,9.26,3550232.0,30895790.0
2014-08-22,9.24,9.34,9.05,9.12,3955773.0,34065808.0
2014-08-25,9.12,9.17,8.95,8.97,3211495.0,27290736.0
2014-08-26,9.07,9.87,9.02,9.87,14110969.0,128465552.0
2014-08-27,10.23,10.28,9.65,9.74,16444422.0,152828496.0
2014-08-28,9.77,9.8,9.29,9.29,8694006.0,77779488.0
2014-08-29,9.25,9.75,9.17,9.73,6779813.0,60636112.0
2014-09-01,9.69,9.89,9.57,9.66,5427778.0,49332820.0
2014-09-02,9.66,9.85,9.59,9.77,5921842.0,54096412.0
2014-09-03,9.66,9.85,9.64,9.78,5958463.0,54373164.0
2014-09-04,9.9,9.93,9.74,9.85,4498014.0,41520776.0
2014-09-05,9.81,9.89,9.73,9.8,2866669.0,26356756.0
2014-09-09,10.01,10.78,9.97,10.31,8514116.0,83041680.0
2014-09-10,10.18,10.26,9.96,10.17,3742396.0,35546632.0
2014-09-11,10.15,10.24,9.92,9.97,4396261.0,41589728.0
2014-09-12,9.94,10.12,9.94,10.0,2541650.0,23890616.0
2014-09-15,10.01,10.23,10.0,10.19,3105223.0,29545616.0
2014-09-16,10.2,10.4,9.99,10.01,5344375.0,51412488.0
2014-09-17,10.0,10.15,9.89,10.05,2770500.0,26068692.0
2014-09-18,10.07,10.29,10.0,10.23,3774853.0,35969200.0
2014-09-19,10.23,10.44,10.12,10.44,3894516.0,37788788.0
2014-09-22,10.39,10.85,10.23,10.63,5661882.0,56253016.0
2014-09-23,10.63,11.03,10.52,10.65,3875774.0,39015464.0
2014-09-24,10.65,10.76,10.49,10.64,2448324.0,24460062.0
2014-09-25,10.73,10.73,10.54,10.56,2103961.0,20928856.0
2014-09-26,10.64,10.64,10.38,10.56,1860684.0,18344308.0
2014-09-29,10.65,10.86,10.53,10.83,3044389.0,30620164.0
2014-09-30,10.82,10.99,10.74,10.91,1968182.0,20169784.0
2014-10-08,10.98,11.71,10.97,11.29,3869951.0,41424788.0
2014-10-09,11.2,11.7,11.06,11.56,4278098.0,45978760.0
2014-10-10,11.45,11.59,11.29,11.44,2691084.0,28933784.0
2014-10-13,11.44,12.58,11.4,12.41,6514689.0,73782832.0
2014-10-14,12.3,13.29,12.17,12.92,6888857.0,81657176.0
2014-10-15,12.95,13.32,12.78,13.05,5300890.0,64879240.0
2014-10-16,12.92,12.99,12.52,12.57,5972171.0,71331136.0
2014-10-17,12.47,12.74,11.91,12.04,5443841.0,62112748.0
2014-10-20,12.17,12.46,11.88,11.97,3913913.0,44320888.0
2014-10-21,11.92,12.04,11.82,11.94,2500963.0,28024540.0
2014-10-22,11.98,12.01,11.57,11.61,3523650.0,38946148.0
2014-10-23,11.63,11.68,11.4,11.41,2188810.0,23667562.0
2014-10-24,11.29,11.51,11.24,11.38,1413096.0,15100005.0
2014-10-27,11.4,11.69,11.16,11.62,2844796.0,30716588.0
2014-10-28,11.62,11.93,11.62,11.85,3460096.0,38352272.0
2014-10-29,11.86,12.25,11.85,12.01,4943305.0,55958036.0
2014-10-30,12.01,12.46,12.01,12.18,4236836.0,48736736.0
2014-10-31,12.2,12.3,11.93,12.1,2634915.0,29811716.0
2014-11-03,12.11,12.17,11.93,12.01,2940009.0,33133478.0
2014-11-04,12.01,12.99,11.97,12.69,5663777.0,66749936.0
2014-11-05,12.63,12.72,12.3,12.41,3478811.0,40959844.0
2014-11-06,12.42,12.89,12.42,12.75,2617218.0,31188334.0
2014-11-07,12.79,13.2,12.5,12.57,5019714.0,60346376.0
2014-11-10,12.63,12.73,12.29,12.58,2299794.0,26930436.0
2014-11-11,12.69,12.87,11.8,12.26,3219570.0,37876708.0
2014-11-12,12.27,12.57,12.27,12.55,2393935.0,27929390.0
2014-11-13,12.55,12.98,12.55,12.96,4782643.0,57564488.0
2014-11-14,13.03,13.09,12.78,13.05,4003543.0,48678392.0
2014-11-17,13.06,13.19,12.91,13.04,2985282.0,36637988.0
2014-11-18,13.0,13.1,12.9,12.91,1656222.0,20178410.0
2014-11-19,12.89,12.93,12.4,12.46,4325907.0,51188436.0
2014-11-20,12.37,12.41,12.09,12.12,2999239.0,34397780.0
2014-11-21,12.09,12.4,12.09,12.35,1810047.0,20906142.0
2014-11-24,12.73,12.89,12.49,12.66,4864091.0,58120584.0
2014-11-25,12.62,12.76,12.46,12.52,3251320.0,38370288.0
2014-11-26,12.52,12.73,12.03,12.73,4493092.0,51615904.0
2014-11-27,12.64,12.99,12.4,12.78,7805229.0,93179352.0
2014-11-28,12.83,12.83,12.44,12.77,4338777.0,51600336.0
2014-12-01,12.76,12.76,12.51,12.53,3738907.0,44242792.0
2014-12-02,12.34,12.9,12.34,12.57,3547750.0,42351176.0
2014-12-03,12.57,12.74,12.47,12.61,2948719.0,34900888.0
2014-12-04,12.61,12.67,12.46,12.62,3580339.0,42251860.0
2014-12-05,12.78,12.78,11.96,11.96,4428438.0,50861492.0
2014-12-08,11.72,12.23,11.53,12.14,3590302.0,40383320.0
2014-12-09,12.06,12.06,11.39,11.4,4457297.0,49397328.0
2014-12-10,11.4,11.9,11.25,11.8,2883510.0,31325894.0
2014-12-11,11.76,12.36,11.52,12.19,3764817.0,42653400.0
2014-12-12,12.14,12.67,12.05,12.62,3874587.0,44895748.0
2014-12-15,12.46,12.88,12.44,12.78,3252875.0,38582644.0
2014-12-16,12.82,12.82,12.64,12.77,2146217.0,25691664.0
2014-12-17,12.7,13.1,12.69,12.95,3563189.0,43080824.0
2014-12-18,12.95,14.25,12.89,14.25,6618083.0,85165896.0
2014-12-19,14.81,14.91,13.91,14.81,8952524.0,121318512.0
2014-12-22,14.54,14.87,13.54,13.84,5826053.0,78012448.0
2014-12-23,13.78,14.38,13.51,13.74,3354900.0,43955736.0
2014-12-24,13.66,14.2,13.66,14.18,2204632.0,28983264.0
2014-12-25,14.06,15.52,14.06,15.23,5209232.0,73063256.0
2014-12-26,15.32,15.64,14.73,15.38,5037373.0,72415328.0
2014-12-29,15.37,16.08,15.24,15.97,5370648.0,79060128.0
2014-12-30,15.95,16.61,14.39,14.88,9084539.0,132437840.0
2014-12-31,14.45,14.87,13.74,14.06,6973005.0,91703552.0
2015-01-05,14.15,14.48,13.93,14.02,4989492.0,66450476.0
2015-01-06,14.02,14.55,13.32,14.02,4756432.0,61768324.0
2015-01-07,13.72,14.33,13.53,13.55,6366371.0,82344184.0
2015-01-08,13.6,13.87,13.49,13.7,2959873.0,38034600.0
2015-01-09,13.81,14.17,13.58,13.62,6319322.0,82189312.0
2015-01-12,13.41,13.41,12.37,12.54,6755933.0,80702840.0
2015-01-13,12.54,12.64,12.14,12.33,4572380.0,52811240.0
2015-01-14,12.33,13.09,12.3,12.76,4523223.0,53993748.0
2015-01-15,12.79,13.38,12.79,13.33,4275602.0,52834300.0
2015-01-16,13.37,13.48,12.98,13.08,2871477.0,35327348.0
2015-01-19,12.47,12.76,11.82,12.45,2596156.0,30322864.0
2015-01-20,12.46,12.75,12.46,12.71,2101552.0,24919200.0
2015-01-21,12.72,13.08,12.26,13.07,3339346.0,40403916.0
2015-01-22,13.04,13.21,12.89,13.16,2942744.0,36209672.0
2015-01-23,13.48,13.48,12.87,13.02,3518467.0,43224564.0
2015-01-26,13.0,13.42,12.85,13.29,3787839.0,46617772.0
2015-01-27,13.32,14.63,13.21,14.63,14203477.0,191108144.0
2015-01-28,14.65,14.65,14.06,14.25,6810589.0,91087512.0
2015-01-29,14.07,14.81,13.85,14.73,9735263.0,132248056.0
2015-01-30,14.82,16.16,14.49,15.6,11229511.0,159077440.0
2015-02-02,15.29,15.57,14.38,15.18,5112497.0,72508672.0
2015-02-03,15.11,15.29,14.51,14.99,4654872.0,65108588.0
2015-02-04,14.99,15.34,14.68,15.23,4348695.0,61372548.0
2015-02-05,15.45,15.64,14.91,14.93,3939736.0,56081472.0
2015-02-06,14.91,15.12,14.18,14.9,3877051.0,53623128.0
2015-02-09,14.99,15.21,14.54,14.61,1571990.0,21689950.0
2015-02-10,14.54,14.8,14.17,14.44,2201484.0,29904816.0
2015-02-11,14.45,14.85,14.38,14.72,2216674.0,30477860.0
2015-02-12,14.85,14.85,14.3,14.55,2943113.0,40179952.0
2015-02-13,14.57,15.04,14.57,14.99,3662032.0,51004844.0
2015-02-16,14.97,15.0,14.54,14.69,5072323.0,70006760.0
2015-02-17,14.7,14.7,14.44,14.6,2769972.0,37951224.0
2015-02-25,14.61,14.69,14.08,14.3,3397042.0,45977652.0
2015-02-26,14.31,14.44,13.91,14.4,2773194.0,36853036.0
2015-02-27,14.44,14.46,14.22,14.38,2412268.0,32402048.0
2015-03-02,14.66,14.91,14.38,14.91,5617017.0,77627552.0
2015-03-03,15.03,15.03,14.52,14.55,3877123.0,53507488.0
2015-03-04,14.55,14.55,13.96,14.31,3949974.0,52615940.0
2015-03-05,14.3,14.3,14.07,14.11,2898111.0,38563092.0
2015-03-06,14.11,14.35,13.98,14.12,2680071.0,35529248.0
2015-03-09,14.12,14.19,13.96,14.17,3082369.0,40725840.0
2015-03-10,14.28,14.3,14.08,14.2,2387034.0,31769968.0
2015-03-11,14.2,14.2,13.85,13.94,3656117.0,47993004.0
2015-03-12,13.95,14.12,13.87,13.91,2608693.0,34150204.0
2015-03-13,14.01,14.65,14.0,14.6,6794724.0,91903432.0
2015-03-16,14.73,15.99,14.73,15.35,9461180.0,136360064.0
2015-03-17,15.35,15.93,15.35,15.79,10211266.0,150120768.0
2015-03-18,15.81,15.97,15.46,15.72,5548644.0,81408992.0
2015-03-19,15.46,15.7,15.35,15.53,5976536.0,86989704.0
2015-03-20,15.52,15.73,15.37,15.45,4935357.0,71882176.0
2015-03-23,15.46,15.68,15.44,15.55,6668799.0,97141840.0
2015-03-24,15.72,15.72,14.82,15.29,7644326.0,109892176.0
2015-03-25,15.29,15.29,14.98,15.15,4918226.0,69760528.0
2015-03-26,15.11,15.28,14.83,15.24,4395127.0,62334056.0
2015-03-27,15.3,15.77,15.3,15.45,4796290.0,69552688.0
2015-03-30,15.45,16.33,15.39,15.97,11166028.0,165720752.0
2015-03-31,16.33,16.6,15.55,15.6,12003677.0,180467888.0
2015-04-01,15.57,15.68,15.27,15.51,5496776.0,79847912.0
2015-04-02,15.61,15.73,15.29,15.44,6116867.0,88801176.0
2015-04-03,15.3,16.98,15.18,16.98,15679235.0,237437504.0
2015-04-07,17.2,17.77,16.68,17.2,18394136.0,295949664.0
2015-04-08,17.05,17.41,16.86,17.14,11379464.0,182097264.0
2015-04-09,17.05,18.86,16.34,18.54,16927950.0,278358656.0
2015-04-10,18.11,20.08,17.9,19.47,15623618.0,279139136.0
2015-04-13,19.45,20.02,18.91,19.75,9521255.0,173693744.0
2015-04-14,19.72,19.72,18.75,19.05,7970431.0,143171008.0
2015-04-15,19.16,19.16,17.84,17.88,5664118.0,97478200.0
2015-04-16,17.68,18.66,17.22,18.22,6949949.0,116627768.0
2015-04-17,18.25,18.46,17.91,18.29,5828865.0,99686288.0
2015-04-20,18.15,19.98,17.99,19.29,11617951.0,209176960.0
2015-04-21,19.26,19.58,18.59,19.37,7621146.0,137057824.0
2015-04-22,19.37,19.95,19.12,19.56,6594631.0,121224744.0
2015-04-23,19.72,19.84,18.91,19.05,7619069.0,137039824.0
2015-04-24,18.91,19.26,18.16,18.73,5239267.0,92097680.0
2015-04-27,18.59,19.05,18.55,18.62,5600392.0,98840928.0
2015-04-28,18.54,20.1,18.54,20.02,12542867.0,227606160.0
2015-04-29,19.92,19.92,19.32,19.42,7121442.0,130345792.0
2015-04-30,19.2,21.36,19.11,21.36,15321511.0,298679936.0
2015-06-23,22.47,22.64,20.25,21.19,23306062.0,473613440.0
2015-06-24,21.17,23.31,20.99,23.31,11073320.0,229418256.0
2015-06-25,24.08,25.64,23.54,25.64,5166694.0,121342904.0
2015-06-26,27.7,28.21,26.63,28.21,26832964.0,702642176.0
2015-06-29,28.76,30.77,25.52,27.8,26300776.0,698606208.0
2015-06-30,26.85,27.78,25.02,27.06,18610328.0,454813504.0
2015-07-01,26.96,29.3,25.9,27.94,15568764.0,415856256.0
2015-07-02,27.85,27.88,25.15,25.15,10380244.0,255574864.0
2015-07-03,22.66,24.48,22.64,22.64,7806101.0,166860640.0
2015-07-06,24.5,24.84,20.38,20.38,6278299.0,127510264.0
2015-07-21,22.4,22.4,22.4,22.4,329917.0,6898565.0
2015-07-22,24.64,24.64,24.64,24.64,106905.0,2458815.0
2015-07-23,27.11,27.11,27.11,27.11,409691.0,10365182.0
2015-07-24,29.82,29.82,29.82,29.82,4975822.0,138477120.0
2015-07-27,31.69,32.8,30.95,31.13,38607608.0,1162733440.0
2015-07-28,28.24,33.94,28.02,31.23,36215532.0,1006347520.0
2015-07-29,31.5,32.34,28.11,30.84,30701552.0,852189184.0
2015-07-30,29.33,30.19,27.75,27.75,19030976.0,517542976.0
2015-07-31,26.83,28.55,26.46,27.96,14990722.0,383137472.0
2015-08-03,26.79,27.24,25.17,25.17,10783893.0,262633488.0
2015-08-04,24.75,27.54,24.66,27.54,10395265.0,256243344.0
2015-08-05,26.79,27.54,25.54,25.7,9954010.0,245982224.0
2015-08-06,24.73,26.18,24.65,25.27,5298038.0,126057088.0
2015-08-07,25.5,26.98,25.5,26.13,6894341.0,169344224.0
2015-08-10,26.57,28.37,26.27,27.73,9954378.0,252139216.0
2015-08-11,27.71,28.91,27.11,27.73,8169604.0,214712624.0
2015-08-12,27.03,28.8,26.96,27.87,7443882.0,194671344.0
2015-08-13,27.96,29.46,27.96,28.98,7991610.0,213545872.0
2015-08-14,29.14,29.27,28.37,28.52,6598230.0,177272896.0
2015-08-17,28.55,29.46,28.5,28.78,5087351.0,136866016.0
2015-08-18,28.48,28.93,25.9,26.25,6917820.0,176140576.0
2015-08-19,25.61,27.3,25.3,26.98,4629744.0,113854872.0
2015-08-20,27.1,27.27,26.14,26.21,2861929.0,71066408.0
2015-08-21,25.93,26.21,24.32,24.32,3883130.0,91686992.0
2016-03-16,26.78,26.78,23.24,26.58,36033244.0,289317440.0
2016-03-17,25.71,27.0,25.39,26.39,19511348.0,159592736.0
2016-03-18,26.42,28.45,25.81,27.48,23438840.0,195879248.0
2016-03-21,27.45,30.25,27.03,30.25,31736996.0,289473280.0
2016-03-22,30.86,32.79,30.7,31.18,42880256.0,419870944.0
2016-03-23,30.6,32.11,29.8,31.63,34634708.0,332883648.0
2016-03-24,31.02,33.75,30.15,32.02,39471772.0,393223776.0
2016-03-25,32.5,33.53,31.15,31.24,23618948.0,233918000.0
2016-03-28,31.02,31.63,29.8,30.25,18977926.0,181182128.0
2016-03-29,30.21,30.89,29.8,30.66,13401024.0,126555960.0
2016-03-30,30.66,31.5,30.31,31.4,15608878.0,150400304.0
2016-03-31,31.4,31.66,30.79,30.92,15685845.0,151835504.0
2016-04-01,30.38,30.7,29.51,29.83,10320868.0,96534960.0
2016-04-05,29.89,30.5,29.83,30.15,9897298.0,92938256.0
2016-04-06,30.28,30.6,29.89,30.09,7767993.0,72925568.0
2016-04-07,30.44,30.44,29.38,29.41,8173267.0,75596848.0
2016-04-08,29.28,29.7,28.99,29.28,5986032.0,54658936.0
2016-04-11,29.38,31.24,29.38,30.38,8997121.0,85281896.0
2016-04-12,30.5,30.54,29.51,29.57,6062433.0,56329232.0
2016-04-13,29.77,30.34,29.73,29.73,6123928.0,57196616.0
2016-04-14,30.47,31.15,30.12,30.92,13270251.0,126636688.0
2016-04-15,31.08,31.4,30.57,30.7,7998915.0,76894064.0
2016-04-18,30.47,30.54,29.83,29.89,5424040.0,50697924.0
2016-04-19,29.96,30.5,29.77,29.89,4470388.0,41732864.0
2016-04-20,30.18,30.38,27.77,29.41,10077351.0,90671968.0
2016-04-21,29.32,29.67,28.74,28.9,4636237.0,42198872.0
2016-04-22,28.86,29.41,28.45,28.8,3115653.0,27967824.0
2016-04-25,29.06,29.12,28.48,28.93,2765790.0,24801034.0
2016-04-26,28.86,29.25,28.64,29.25,2822741.0,25390200.0
2016-04-27,29.48,29.54,29.09,29.19,3295658.0,30064224.0
2016-04-28,29.25,29.28,28.54,28.8,3058616.0,27454736.0
2016-04-29,28.8,29.19,28.61,28.96,2184932.0,19722016.0
2016-05-03,29.38,29.83,28.96,29.57,4194021.0,38488888.0
2016-05-04,29.57,30.54,29.57,30.38,6826937.0,64297548.0
2016-05-05,30.15,31.34,30.15,30.63,7094217.0,68163944.0
2016-05-06,30.79,30.79,29.12,29.19,5675672.0,52591776.0
2016-05-09,28.93,28.93,27.29,27.58,5855452.0,51254496.0
2016-05-10,27.68,28.86,27.68,28.86,4546763.0,40032632.0
2016-05-11,29.32,30.5,29.03,30.18,8137320.0,75801439.0
2016-05-12,30.12,30.6,29.25,30.57,8658720.0,81403746.0
2016-05-13,30.99,31.05,30.12,30.66,7014423.0,66626353.0
2016-05-16,30.15,30.79,30.15,30.66,4444348.0,42232812.0
2016-05-17,30.63,31.11,30.25,31.11,6876801.0,65978302.0
2016-05-18,31.18,31.24,30.38,31.05,7121573.0,68233960.0
2016-05-19,31.02,31.11,30.7,31.05,4948484.0,47580714.0
2016-05-20,31.05,31.34,30.66,31.34,4624250.0,44809343.0
2016-05-23,32.11,34.49,32.11,34.49,16936963.0,179396602.0
2016-05-24,35.52,36.42,33.75,33.94,22063340.0,241920730.0
2016-05-25,34.55,34.55,32.37,33.56,13373976.0,139302895.0
2016-05-26,33.2,33.49,32.14,32.98,7228522.0,73655195.0
2016-05-27,32.98,34.17,32.98,33.27,8353030.0,87652363.0
2016-05-30,32.95,33.04,31.63,31.82,6630569.0,66246194.0
2016-05-31,31.57,33.4,31.53,32.82,9310506.0,93984795.0
2016-06-01,32.82,33.49,32.56,32.63,7328422.0,75200426.0
2016-06-02,32.53,33.27,32.18,32.37,6231060.0,63063269.0
2016-06-03,32.4,33.04,32.3,32.37,6408332.0,65005994.0
2016-06-06,32.4,33.04,32.14,32.69,6373401.0,64853489.0
2016-06-07,33.01,33.04,32.08,32.37,5201572.0,52357854.0
2016-06-08,32.43,32.43,31.28,31.82,6489626.0,63936002.0
2016-06-13,31.15,31.76,28.93,29.12,7920450.0,75108388.0
2016-06-14,29.12,30.12,29.12,29.54,5663349.0,52062835.0
2016-06-15,29.32,30.18,29.28,30.05,3629695.0,33682630.0
2016-06-16,29.89,31.37,29.89,31.02,5964824.0,56912725.0
2016-06-17,31.02,31.98,30.95,31.37,7358309.0,72141856.0
2016-06-20,31.66,31.79,30.7,31.4,5754582.0,55768008.0
2016-06-21,31.69,31.89,30.7,31.11,4676592.0,45483179.0
2016-06-22,31.24,31.34,30.83,31.18,2877321.0,27890519.0
2016-06-23,31.18,31.4,30.31,30.86,4790686.0,45760383.0
2016-06-24,30.83,31.02,29.48,30.28,4600158.0,43294224.0
2016-06-27,30.18,30.86,29.96,30.34,7254706.0,68244745.0
2016-06-28,30.44,30.57,29.89,30.12,4674726.0,43760847.0
2016-06-29,30.21,30.31,29.89,30.21,4090637.0,38293549.0
2016-06-30,30.38,30.41,29.57,30.18,6225856.0,58000161.0
2016-07-01,30.12,31.44,29.96,31.15,9528760.0,91292114.0
2016-07-04,30.86,32.59,30.86,31.82,10161514.0,100786242.0
2016-07-05,31.98,34.91,31.98,34.01,16424917.0,172084247.0
2016-07-06,33.62,34.72,33.27,33.62,9875861.0,103933895.0
2016-07-07,33.27,34.23,33.01,33.43,7431572.0,77451580.0
2016-07-08,33.53,34.17,33.33,33.56,5806344.0,60848177.0
2016-07-11,33.17,33.75,32.47,32.91,6098774.0,63142750.0
2016-07-12,33.08,33.4,32.05,32.95,6314795.0,64252424.0
2016-07-13,32.91,35.36,32.47,35.13,17819215.0,190235946.0
2016-07-14,35.42,36.19,34.72,35.01,12010782.0,132083732.0
2016-07-15,34.78,36.16,34.75,35.84,12297358.0,136362421.0
2016-07-18,35.84,36.97,35.65,36.0,11125184.0,125337440.0
2016-07-19,35.36,36.1,34.88,35.81,6480266.0,71938890.0
2016-07-20,35.78,36.48,35.62,36.23,6041107.0,67782016.0
2016-07-21,36.45,37.83,36.32,37.16,9719757.0,112542199.0
2016-07-22,36.97,37.67,36.68,36.97,7777153.0,89779053.0
2016-07-25,36.97,38.51,36.9,38.25,8126458.0,95802971.0
2016-07-26,38.25,38.89,37.77,38.25,9386923.0,111792708.0
2016-07-27,38.25,38.64,34.88,36.1,11979617.0,135600315.0
2016-07-28,36.16,37.0,35.36,36.32,8579065.0,95959728.0
2016-07-29,36.32,36.77,35.84,36.13,3846451.0,43417576.0
2016-08-01,36.1,36.23,35.33,35.78,4894322.0,54155633.0
2016-08-02,35.78,36.23,35.36,35.81,4691708.0,52212488.0
2016-08-03,35.81,36.16,35.29,35.52,5341033.0,59336170.0
2016-08-04,35.55,36.0,35.36,35.81,6537821.0,72871595.0
2016-08-05,35.84,36.16,35.36,35.74,4032335.0,44826252.0
2016-08-08,35.74,35.91,35.39,35.84,4087782.0,45305261.0
2016-08-09,35.94,36.13,35.78,35.94,3819868.0,42679308.0
2016-08-10,35.94,36.19,35.52,35.71,4631100.0,51606357.0
2016-08-11,35.68,35.94,35.07,35.52,4716750.0,52129285.0
2016-08-12,35.62,35.62,33.81,34.88,12250545.0,132110169.0
2016-08-15,34.88,35.29,34.01,34.81,9740860.0,104947569.0
2016-08-16,34.78,35.23,34.72,34.84,6060400.0,65840306.0
2016-08-17,34.81,38.31,34.17,36.77,12701861.0,142334625.0
2016-08-18,36.74,37.41,36.35,36.8,9952956.0,114322648.0
2016-08-19,36.77,37.48,36.32,37.16,10436543.0,119487756.0
2016-08-22,37.06,40.89,37.06,40.89,55452918.0,703095864.0
2016-08-23,41.02,42.66,40.85,40.89,70250101.0,906775586.0
2016-08-24,40.98,44.97,40.69,43.81,89145718.0,1178092572.0
2016-08-25,41.79,41.79,39.44,39.44,100541724.0,1238143949.0
2016-08-26,36.97,38.25,35.49,35.78,160663051.0,1788268035.0
2016-08-29,34.39,35.81,33.11,35.81,86064677.0,918013693.0
2016-08-30,35.26,35.26,34.07,34.07,53598653.0,574875050.0
2016-08-31,33.72,34.78,33.72,34.43,38580516.0,412463619.0
2016-09-01,34.46,34.55,33.27,33.43,39032460.0,409007212.0
2016-09-02,33.24,33.37,32.11,32.43,34446895.0,350429304.0
2016-09-05,32.5,32.88,32.18,32.69,18772802.0,190334302.0
2016-09-06,32.69,32.79,32.21,32.72,18329382.0,185545951.0
2016-09-07,32.69,33.27,32.56,32.76,18694212.0,191598963.0
2016-09-08,32.88,33.3,32.66,33.01,18970562.0,195018082.0
2016-09-09,32.98,33.27,32.79,32.85,18312360.0,188161143.0
2016-09-12,32.21,32.43,31.5,31.53,20021793.0,199215074.0
2016-09-13,31.63,32.24,31.5,31.82,12897740.0,127595458.0
2016-09-14,31.57,31.76,31.21,31.73,10822393.0,106125339.0
2016-09-19,31.69,32.05,31.53,31.73,7965224.0,78790490.0
2016-09-20,31.73,31.82,31.5,31.63,6863184.0,67612134.0
2016-09-21,31.66,31.95,31.5,31.57,7910082.0,78023233.0
2016-09-22,31.57,31.85,31.53,31.53,11849730.0,116715714.0
2016-09-23,31.6,31.66,30.86,30.89,15576886.0,150990451.0
2016-09-26,30.89,31.34,30.25,31.18,19629712.0,187445180.0
2016-09-27,30.89,31.92,30.86,31.69,17274368.0,169789230.0
2016-09-28,31.85,31.95,31.4,31.5,9130571.0,89933336.0
2016-09-29,31.47,31.6,31.21,31.21,9892706.0,96524126.0
2016-09-30,31.44,31.98,31.44,31.79,13128598.0,129837342.0
2016-10-10,31.79,32.98,31.79,32.21,15445503.0,155211496.0
2016-10-11,32.56,32.66,32.02,32.18,8777191.0,87926297.0
2016-10-12,32.18,32.18,31.73,31.95,7172903.0,71151629.0
2016-10-13,31.89,32.05,31.66,31.82,6521367.0,64602499.0
2016-10-14,31.79,32.47,31.76,32.11,9879103.0,98907892.0
2016-10-17,32.4,32.5,31.57,31.69,8154353.0,81382507.0
2016-10-18,31.69,31.89,31.5,31.82,7724810.0,76102157.0
2016-10-19,31.82,31.92,31.57,31.63,5210779.0,51374100.0
2016-10-20,31.69,31.92,31.57,31.63,6262867.0,61795714.0
2016-10-21,31.76,31.89,31.34,31.82,8158202.0,80456658.0
2016-10-24,31.82,32.47,31.66,32.43,15663958.0,156442206.0
2016-10-25,32.27,32.79,32.24,32.4,10157238.0,102826516.0
2016-10-26,32.43,32.56,32.02,32.21,9253300.0,92696588.0
2016-10-27,32.37,32.43,31.79,31.82,8355200.0,83229384.0
2016-10-28,31.69,31.98,31.5,31.6,6620533.0,65338653.0
2016-10-31,31.5,32.72,31.44,32.63,14052971.0,140267440.0
2016-11-01,32.63,33.81,32.47,33.59,35663270.0,370959125.0
2016-11-02,33.75,33.81,32.72,33.11,18437194.0,191201845.0
2016-11-03,33.11,33.4,32.82,33.24,11952142.0,123294965.0
2016-11-04,33.17,33.46,32.66,32.72,7531160.0,77298509.0
2016-11-07,32.79,33.3,32.34,33.27,9534834.0,96992054.0
2016-11-08,33.17,33.62,32.95,32.95,9299000.0,96446878.0
2016-11-09,32.98,33.2,32.21,32.53,7228234.0,73476129.0
2016-11-10,32.66,33.04,32.53,32.66,5550864.0,56532594.0
2016-11-11,32.72,33.01,32.43,32.72,10839578.0,110076115.0
2016-11-14,32.79,32.88,32.3,32.47,10988615.0,111160758.0
2016-11-15,32.69,33.17,32.37,33.14,13745047.0,139969559.0
2016-11-16,33.04,36.45,32.95,36.42,50658440.0,550593738.0
2016-11-17,36.16,37.74,35.36,36.71,67048023.0,765397197.0
2016-11-18,36.64,36.64,35.36,35.84,27330032.0,306548958.0
2016-11-21,35.87,37.8,35.84,36.77,23071512.0,264827514.0
2016-11-22,36.9,37.54,36.39,36.87,13897516.0,158863941.0
2016-11-23,37.22,37.35,35.36,35.52,19387734.0,217157272.0
2016-11-24,35.65,35.78,34.65,35.33,13906625.0,151417234.0
2016-11-25,35.45,36.61,34.94,35.84,13788700.0,153435715.0
2016-11-28,35.87,36.26,35.36,35.42,8081339.0,89611286.0
2016-11-29,35.58,35.58,34.55,34.59,10458998.0,113578562.0
2016-11-30,34.62,36.35,34.62,35.97,18755586.0,207603884.0
2016-12-01,36.0,36.48,35.62,35.94,12634987.0,141604150.0
2016-12-02,35.94,39.54,35.13,35.94,23644994.0,268422782.0
2016-12-05,35.78,35.78,34.46,34.52,13695068.0,149191802.0
2016-12-06,34.97,35.26,34.39,34.59,8769509.0,95018406.0
2016-12-07,34.72,35.97,34.01,35.33,12940288.0,140165434.0
2016-12-08,35.29,35.87,34.55,34.55,15151390.0,166486400.0
2016-12-09,34.68,34.97,34.23,34.46,7037967.0,75625473.0
2016-12-12,34.46,34.68,32.95,33.37,11425700.0,119345907.0
2016-12-13,33.4,33.65,32.72,33.14,7177980.0,74104332.0
2016-12-14,33.08,33.91,32.79,33.27,6734064.0,69998370.0
2016-12-26,34.07,35.26,33.27,33.27,17144999.0,181542237.0
2016-12-27,33.4,33.4,32.14,32.24,10884560.0,110107389.0
2016-12-28,32.24,32.66,32.05,32.37,5670620.0,57112392.0
2016-12-29,32.4,33.4,32.14,32.21,8290371.0,84193304.0
2016-12-30,32.43,32.5,31.76,31.89,6429778.0,64071610.0
2017-01-03,31.92,32.4,31.92,32.11,3578783.0,35778914.0
2017-01-04,32.02,32.3,31.5,32.08,4893521.0,48766842.0
2017-01-05,32.11,32.14,30.63,31.08,14069676.0,137540141.0
2017-01-06,30.92,31.5,29.8,31.44,18455272.0,174137432.0
2017-01-09,31.15,31.5,30.86,31.18,7131193.0,69037988.0
2017-01-10,31.15,31.57,30.95,31.34,5696667.0,55485457.0
2017-01-11,31.34,31.53,30.89,30.95,4554847.0,44204505.0
2017-01-12,30.99,31.44,30.7,31.08,7506345.0,72491485.0
2017-01-13,31.15,31.15,30.41,31.05,6323898.0,60427766.0
2017-01-16,31.02,31.11,27.93,30.83,12537765.0,117509585.0
2017-01-17,30.54,30.95,29.64,30.54,9189415.0,86963530.0
2017-01-18,30.83,30.99,30.21,30.7,5453900.0,51927707.0
2017-01-19,30.7,30.73,30.02,30.63,8328700.0,78678083.0
2017-01-20,30.57,30.79,30.34,30.73,7722460.0,73428166.0
2017-01-23,30.73,31.66,30.73,30.89,10807721.0,104518572.0
2017-01-24,30.79,31.31,30.7,30.86,4991435.0,48025308.0
2017-01-25,31.02,31.21,30.86,30.86,5134349.0,49536751.0
2017-01-26,30.86,31.11,30.83,30.86,3317346.0,31918399.0
2017-02-03,31.05,31.82,30.99,31.53,5544900.0,54391221.0
2017-02-06,31.44,32.85,31.31,32.59,10365447.0,104210513.0
2017-06-15,29.41,32.12,29.41,31.6,21940267.0,209885221.0
2017-06-16,31.6,32.15,31.12,31.86,9711792.0,95269970.0
2017-06-19,32.12,33.02,31.95,32.24,7850124.0,78711664.0
2017-06-20,32.15,32.44,32.12,32.18,4304139.0,43040316.0
2017-06-21,32.31,32.83,31.57,32.41,6990807.0,69662771.0
2017-06-22,32.41,32.86,32.15,32.15,4823915.0,48509361.0
2017-06-23,32.05,32.63,31.83,32.28,5081777.0,50904037.0
2017-06-26,32.28,32.37,31.86,31.92,3594170.0,35738150.0
2017-06-27,31.99,32.18,31.57,31.83,3433966.0,33867794.0
2017-06-28,31.66,31.89,31.18,31.66,5111859.0,50032968.0
2017-06-29,31.73,31.73,30.99,31.02,3167940.0,30752394.0
2017-06-30,31.18,31.73,30.8,31.47,5764983.0,55975769.0
2017-07-03,31.63,31.63,31.15,31.5,3281780.0,31905482.0
2017-07-04,31.5,31.66,31.02,31.41,4167400.0,40495465.0
2017-07-05,31.41,31.41,30.8,31.38,5539518.0,53549671.0
2017-07-06,32.15,32.6,31.83,32.15,13071395.0,130613509.0
2017-07-07,31.89,32.37,31.89,32.31,6540607.0,65268727.0
2017-07-10,32.21,32.76,32.18,32.34,5075415.0,51054319.0
2017-07-11,32.37,32.5,31.95,31.95,2781200.0,27743355.0
2017-07-12,31.83,32.21,31.41,32.02,3757900.0,37133151.0
2017-07-13,31.99,31.99,31.57,31.99,4448115.0,43873237.0
2017-07-14,31.6,31.99,31.6,31.86,2262551.0,22291343.0
2017-07-17,31.83,31.86,30.47,31.44,6740390.0,65270703.0
2017-07-18,30.8,31.41,30.8,31.38,4513672.0,43572096.0
2017-07-19,31.54,31.54,31.02,31.34,2737090.0,26541077.0
2017-07-20,31.18,31.5,31.02,31.38,4287300.0,41609053.0
2017-07-21,31.34,31.44,31.09,31.31,4523170.0,43865636.0
2017-07-24,31.31,31.34,30.73,31.31,5395595.0,51972293.0
2017-07-25,31.34,31.34,31.05,31.28,3769540.0,36503803.0
2017-07-26,31.18,31.25,30.76,31.09,4744450.0,45686544.0
2017-07-27,30.8,30.92,30.57,30.7,3988150.0,38013593.0
2017-07-28,30.7,30.7,30.05,30.67,8364090.0,78838061.0
2017-07-31,30.57,30.8,30.34,30.63,5181507.0,49167692.0
2017-08-01,30.57,33.18,30.28,32.05,10950251.0,108339629.0
2017-08-02,31.95,32.5,31.73,32.31,7294769.0,72934791.0
2017-08-03,32.15,32.41,31.73,31.89,2585700.0,25690077.0
2017-08-04,31.89,32.15,31.38,31.38,2518200.0,24779763.0
2017-08-07,31.28,32.53,31.09,31.89,4867318.0,48000716.0
2017-08-08,31.92,32.15,31.73,31.86,2879097.0,28488365.0
2017-08-09,31.89,32.02,31.66,31.86,2715917.0,26885528.0
2017-08-10,31.73,32.08,31.66,31.66,1898800.0,18741945.0
2017-08-11,31.7,31.99,31.09,31.12,2388990.0,23302968.0
2017-08-14,31.63,31.63,31.09,31.28,1697937.0,16535721.0
2017-08-15,31.7,31.73,31.15,31.57,2630067.0,25725951.0
2017-08-16,31.63,31.63,31.34,31.54,1554680.0,15211258.0
2017-08-17,31.6,31.66,31.34,31.38,2314568.0,22585976.0
2017-08-18,31.34,31.34,30.92,31.21,2971402.0,28708660.0
2017-08-21,31.05,31.38,31.05,31.15,2281500.0,22099789.0
2017-08-22,31.12,31.25,30.83,30.86,2002700.0,19242681.0
2017-08-23,30.86,30.86,30.54,30.57,2005270.0,19107190.0
2017-08-24,30.6,30.86,30.44,30.6,2022143.0,19232271.0
2017-08-25,30.6,30.83,30.47,30.73,1979130.0,18842054.0
2017-08-28,30.7,30.8,30.47,30.76,3076770.0,29299608.0
2017-08-29,30.8,30.86,30.67,30.76,2153107.0,20563384.0
2017-08-30,30.67,30.83,30.41,30.8,3447474.0,32804638.0
2017-09-07,32.37,32.57,31.21,32.15,14008356.0,138709149.0
2017-09-08,32.24,32.47,31.66,32.15,7759836.0,77484519.0
2017-09-11,31.76,32.15,31.38,31.57,4301460.0,42247617.0
2017-09-12,31.57,31.66,31.28,31.31,3793288.0,37057847.0
2017-09-13,31.5,31.6,30.86,31.05,4360303.0,42163728.0
2017-09-14,31.31,31.6,31.05,31.25,4291092.0,41742396.0
2017-09-15,31.25,31.54,31.09,31.28,4246031.0,41379360.0
2017-09-18,31.15,31.47,31.09,31.31,2907770.0,28217969.0
2017-09-19,31.25,31.47,31.12,31.28,2928090.0,28500771.0
2017-09-20,31.28,31.38,31.12,31.31,2938800.0,28523426.0
2017-09-21,31.18,31.38,30.76,30.89,3596120.0,34633439.0
2017-09-22,30.89,30.89,30.6,30.67,1895812.0,18060953.0
2017-09-25,30.7,30.7,30.44,30.51,1908788.0,18089240.0
2017-09-26,30.57,31.34,30.47,30.83,2984603.0,28672972.0
2017-09-27,31.02,31.02,30.57,30.7,1710850.0,16297800.0
2017-09-28,30.8,30.8,30.38,30.41,2196616.0,20781797.0
2017-09-29,30.44,30.73,30.44,30.57,1490530.0,14144341.0
2017-10-09,30.7,31.09,30.63,30.83,2759002.0,26484340.0
2017-10-10,30.83,31.05,30.57,30.67,2296379.0,21879503.0
2017-10-11,30.67,30.76,30.34,30.38,2505900.0,23700358.0
2017-10-12,30.51,30.51,30.31,30.44,1796700.0,16950309.0
2017-10-13,30.54,30.54,30.22,30.22,2134750.0,20085373.0
2017-10-16,30.25,30.41,29.8,29.8,3316000.0,30925968.0
2017-10-17,29.96,30.09,29.41,29.93,2880608.0,26644778.0
2017-10-18,30.09,30.09,29.6,29.6,1840000.0,17023138.0
2017-10-19,29.6,29.8,28.35,29.7,5752778.0,51999126.0
2017-10-20,29.48,29.57,29.35,29.54,1802900.0,16488745.0
2017-10-23,29.6,31.83,29.57,30.67,9867713.0,94870394.0
2017-10-24,30.8,31.21,30.6,30.96,5111387.0,49145723.0
2017-10-25,30.73,31.05,30.51,30.54,3404160.0,32511940.0
2017-10-26,30.76,30.76,30.02,30.15,2747740.0,25830819.0
2017-10-27,30.12,30.15,29.54,29.99,3473552.0,32094340.0
2017-10-30,29.86,30.02,29.25,29.67,3826000.0,34948079.0
2017-10-31,29.57,29.67,29.25,29.6,1826400.0,16699764.0
2017-11-01,29.54,29.54,29.12,29.51,2910506.0,26474189.0
2017-11-02,29.48,29.48,28.67,28.8,4686512.0,42064109.0
2017-11-03,28.77,28.99,28.28,28.99,4529200.0,40128961.0
2017-11-06,28.89,28.89,28.48,28.83,2642373.0,23539464.0
2017-11-07,28.77,28.83,28.41,28.8,3200833.0,28448534.0
2017-11-08,28.83,28.86,28.19,28.57,6684207.0,59042834.0
2017-11-09,28.64,28.64,28.02,28.48,4754028.0,41784566.0
2017-11-10,28.51,29.48,28.35,29.28,7352312.0,66154947.0
2017-11-13,29.28,31.57,29.28,30.47,14120312.0,135055062.0
2017-11-14,30.86,31.41,29.8,29.96,9544565.0,90745259.0
2017-11-15,30.18,30.34,29.31,29.31,2781200.0,25654995.0
2017-11-16,29.28,29.54,28.61,28.99,3705700.0,33547988.0
2017-11-17,28.8,29.48,28.61,29.06,3871733.0,34809106.0
2017-11-20,28.93,29.12,28.41,29.06,3817120.0,33979502.0
2017-11-21,28.67,29.25,28.41,28.83,6007702.0,53651323.0
2017-11-22,28.96,28.99,28.51,28.83,3243600.0,28871962.0
2017-11-23,28.86,29.93,28.83,29.25,9408770.0,86144533.0
2017-11-24,28.99,29.8,28.99,29.73,4336700.0,39750055.0
2017-11-27,29.96,29.96,29.09,29.09,3896300.0,35640719.0
2017-11-28,29.15,29.44,29.15,29.38,3768300.0,34281734.0
2017-11-29,29.22,29.38,29.06,29.25,2549200.0,23121950.0
2017-11-30,29.25,29.31,28.54,29.28,6448900.0,57746923.0
2017-12-01,29.09,29.31,28.99,29.22,2380806.0,21541208.0
2017-12-04,29.18,29.31,28.77,29.06,3289180.0,29582991.0
2017-12-05,29.06,29.06,28.51,28.7,3624065.0,32303617.0
2017-12-06,28.67,28.7,28.32,28.64,2714890.0,24018017.0
2017-12-07,28.54,29.25,28.48,29.09,3495548.0,31469677.0
2017-12-08,29.18,29.41,28.89,28.99,4427690.0,40128063.0
2017-12-11,29.28,29.28,28.93,28.99,3287132.0,29696324.0
2017-12-12,28.86,29.12,28.51,28.8,4156959.0,37036414.0
2017-12-13,28.83,28.83,28.41,28.73,2769730.0,24590407.0
2017-12-14,28.64,28.77,28.48,28.67,2057400.0,18241722.0
2017-12-15,28.67,28.93,28.51,28.77,2273000.0,20234751.0
2017-12-18,28.7,28.8,28.38,28.57,2268100.0,20058304.0
2017-12-19,28.51,28.51,28.25,28.35,2362600.0,20804474.0
2017-12-20,28.35,28.48,26.67,28.44,11756143.0,101538396.0
2017-12-21,28.89,29.18,28.02,28.51,8472349.0,75118248.0
2017-12-22,28.25,28.51,28.19,28.51,2553600.0,22460079.0
2017-12-25,28.35,28.73,28.19,28.51,2514600.0,22231058.0
2017-12-26,28.38,28.54,28.32,28.48,1870500.0,16499864.0
2017-12-27,28.32,28.51,28.25,28.41,1951800.0,17193876.0
2017-12-28,27.93,28.35,27.93,28.28,1711980.0,14997339.0
2017-12-29,28.15,28.61,27.86,28.44,3001400.0,26300968.0
2018-01-02,28.35,28.67,28.06,28.64,4657340.0,41063081.0
2018-01-03,28.57,28.64,28.02,28.35,8200860.0,72111841.0
2018-01-04,28.19,28.35,28.06,28.32,2562439.0,22452007.0
2018-01-05,28.15,28.83,28.15,28.51,4126023.0,36524887.0
2018-01-08,28.67,28.83,28.54,28.67,4007230.0,35716293.0
2018-01-09,28.67,28.93,28.54,28.67,2232920.0,19895462.0
2018-01-10,28.8,28.83,28.41,28.54,2050600.0,18187180.0
2018-01-11,28.54,28.54,28.15,28.38,2093399.0,18404440.0
2018-01-12,28.38,28.54,28.22,28.38,3090080.0,27251159.0
2018-01-15,28.32,28.35,27.83,28.02,4788603.0,41740056.0
2018-01-16,27.96,28.09,27.38,28.06,3610205.0,31172826.0
2018-01-17,27.96,27.96,27.45,27.7,3661655.0,31515415.0
2018-01-18,27.06,27.67,26.9,27.38,6533042.0,55181883.0
2018-01-19,28.12,28.15,27.22,27.51,5802700.0,49776733.0
2018-01-22,26.58,27.35,26.38,26.54,7025417.0,58160452.0
2018-01-23,26.99,26.99,26.38,26.54,3228203.0,26654865.0
2018-01-24,26.67,26.67,25.87,26.25,5276977.0,43062150.0
2018-01-25,26.25,26.99,26.25,26.67,4717443.0,38988531.0
2018-01-26,26.74,27.86,26.7,27.16,5034307.0,42737215.0
2018-01-29,27.22,27.93,26.99,27.35,4504413.0,38284524.0
2018-01-30,27.22,27.54,26.9,27.03,2093663.0,17645728.0
2018-01-31,26.8,27.09,26.29,26.77,3451658.0,28489486.0
2018-02-01,26.58,26.77,24.09,26.74,6243000.0,50709386.0
2018-02-02,26.58,26.74,25.84,26.74,5923600.0,48351815.0
2018-02-05,26.29,26.74,26.22,26.74,2576240.0,21191564.0
2018-02-06,26.41,26.51,25.74,25.74,2287429.0,18629068.0
2018-02-07,26.41,26.8,25.19,26.8,7471871.0,60816664.0
2018-02-08,26.54,26.9,26.48,26.87,2740520.0,22744261.0
2018-02-09,26.64,26.64,25.87,26.54,3209802.0,26201980.0
2018-02-12,26.41,26.64,26.29,26.51,1225100.0,10083990.0
2018-02-13,26.41,26.67,26.22,26.25,1377200.0,11297405.0
2018-02-14,26.38,26.58,26.22,26.45,1428800.0,11687778.0
2018-02-22,26.45,26.58,26.41,26.58,992600.0,8163033.0
2018-02-23,26.64,26.64,26.32,26.54,1412400.0,11600455.0
2018-02-26,26.51,26.58,26.35,26.54,1896366.0,15596921.0
2018-02-27,26.32,26.7,26.32,26.51,1594500.0,13084877.0
2018-02-28,26.54,26.54,26.29,26.35,1614800.0,13216718.0
2018-03-01,26.16,27.22,26.16,27.06,5183674.0,43324870.0
2018-03-02,26.93,27.09,26.87,26.9,1314005.0,11002541.0
2018-03-05,26.77,27.64,26.77,27.25,2977196.0,25203192.0
2018-03-06,27.32,27.57,27.16,27.25,1509530.0,12801152.0
2018-03-07,27.45,27.51,26.96,27.06,1570600.0,13249798.0
2018-03-08,26.8,27.06,26.8,26.9,1375600.0,11496241.0
2018-03-09,26.77,27.19,26.77,27.0,1501903.0,12590740.0
2018-03-12,27.12,27.48,26.83,27.09,2134080.0,18007357.0
2018-03-13,27.35,27.35,26.8,27.0,1678290.0,14078658.0
2018-03-14,27.06,27.06,26.45,26.48,2070600.0,17180758.0
2018-03-15,26.32,26.7,26.32,26.61,2459040.0,20267454.0
2018-03-16,26.61,26.87,26.41,26.58,1764480.0,14592165.0
2018-03-19,26.67,26.87,26.45,26.61,1205663.0,9980231.0
2018-03-20,26.67,26.7,26.32,26.64,1070900.0,8829338.0
2018-03-21,26.54,26.67,26.29,26.45,2205620.0,18108497.0
2018-03-22,26.48,26.67,26.35,26.58,2131200.0,17509903.0
2018-03-23,26.45,26.45,25.55,25.93,4879300.0,39164854.0
2018-03-26,25.51,25.93,25.38,25.84,3245660.0,25789384.0
2018-03-27,25.77,26.51,25.64,26.12,3314093.0,26788094.0
2018-03-28,26.19,26.61,25.96,26.38,2428776.0,19861216.0
2018-03-29,26.25,27.22,26.22,26.96,5786153.0,47808471.0
2018-03-30,27.03,28.77,26.77,28.73,9468625.0,82744119.0
2018-04-02,28.73,29.28,28.35,28.77,6008862.0,53545227.0
2018-04-03,28.57,30.09,28.06,29.86,10399534.0,94933979.0
2018-04-04,30.73,30.73,29.31,29.41,6197903.0,57224711.0
2018-04-09,29.41,29.44,27.7,28.77,6824706.0,61292795.0
2018-04-10,28.99,29.83,28.86,29.31,6083483.0,55186708.0
2018-04-11,29.31,29.73,29.02,29.15,3752730.0,34217360.0
2018-04-12,29.15,29.38,29.09,29.22,2700370.0,24523409.0
2018-04-13,29.28,29.28,28.25,28.51,8308800.0,73621297.0
2018-04-16,28.77,28.93,28.54,28.83,4784760.0,42798222.0
2018-04-17,28.83,28.93,28.44,28.83,5297281.0,47335130.0
2018-04-18,28.96,29.02,28.54,28.96,5992891.0,53574432.0
2018-04-19,29.12,29.8,28.86,29.44,6427300.0,58517454.0
2018-04-20,29.7,29.73,29.25,29.67,6680082.0,61480597.0
2018-04-23,29.54,30.18,29.54,29.86,4951453.0,45875914.0
2018-04-24,29.89,30.67,29.8,30.41,4434349.0,41601938.0
2018-04-25,30.57,30.93,30.12,30.67,4253005.0,40328582.0
2018-04-26,30.6,31.63,30.6,31.31,7654869.0,74573364.0
2018-04-27,31.31,32.44,31.31,32.44,9794058.0,97679925.0
2018-05-02,32.86,33.02,31.76,32.47,12268705.0,123627900.0
2018-05-03,32.18,33.47,32.08,33.47,10472776.0,107778029.0
2018-05-04,33.28,33.53,33.02,33.44,5904777.0,60956867.0
2018-05-07,33.34,34.11,32.99,33.95,10807300.0,113540207.0
2018-05-08,34.18,34.98,33.86,34.56,15880700.0,170640503.0
2018-05-09,34.69,34.76,34.18,34.47,9280806.0,99481559.0
2018-05-10,34.4,35.3,34.37,34.6,9456233.0,101954542.0
2018-05-11,34.6,34.92,34.24,34.31,8935690.0,95576263.0
2018-05-14,33.92,34.63,33.92,34.31,6896283.0,73522124.0
2018-05-15,34.27,34.37,33.98,34.15,6444509.0,68353513.0
2018-05-16,34.66,35.43,34.11,34.37,8079718.0,86300128.0
2018-05-17,34.37,34.79,33.66,33.82,7461970.0,78623983.0
2018-05-18,34.21,34.4,33.21,33.66,5177260.0,53923376.0
2018-05-21,34.31,34.31,33.5,33.63,4985800.0,52308841.0
2018-05-22,33.7,33.92,32.86,33.76,7074681.0,73382914.0
2018-05-23,33.73,33.95,32.83,32.99,6344120.0,65711112.0
2018-05-24,33.18,33.31,32.76,32.99,7001632.0,71784436.0
2018-05-25,33.28,34.08,32.86,33.34,5447300.0,56487539.0
2018-05-28,33.34,33.5,31.57,32.79,9579302.0,96303994.0
2018-05-29,32.47,33.21,31.57,32.83,12194927.0,121855947.0
2018-05-30,32.18,32.53,31.02,32.15,14818100.0,145376013.0
2018-05-31,31.54,31.54,29.99,30.6,13019700.0,123191967.0
2018-06-01,30.09,30.38,29.54,29.77,9095289.0,84370088.0
2018-06-04,29.86,29.86,28.83,29.25,6249860.0,56658061.0
2018-06-05,29.38,29.57,28.99,29.22,5128943.0,46523344.0
2018-06-06,29.35,29.38,28.86,29.12,4677480.0,42243528.0
2018-06-07,29.25,30.12,28.96,28.99,12715177.0,116673657.0
2018-06-08,28.35,28.93,28.35,28.73,6447128.0,57397324.0
2018-06-11,28.64,28.96,28.09,28.25,7654525.0,67585721.0
2018-06-12,28.64,30.96,28.64,30.31,16756788.0,154636808.0
2018-06-13,30.28,30.41,29.51,30.09,7057726.0,65801110.0
2018-06-14,30.02,30.76,29.44,30.57,9804086.0,91660898.0
2018-06-15,30.6,31.34,29.89,30.54,11041187.0,104175993.0
2018-06-19,29.46,30.79,27.7,27.7,23845300.0,197646794.0
2018-06-20,24.93,27.88,24.93,27.7,57289075.0,412734182.0
2018-06-21,25.91,27.7,24.93,26.3,36629088.0,271806380.0
2018-06-22,25.42,27.0,23.67,27.0,54453184.0,384719730.0
2018-06-25,25.91,27.53,25.91,26.79,33802100.0,256594181.0
2018-06-26,26.3,26.62,25.46,25.95,23085268.0,170504020.0
2018-06-27,25.77,26.12,25.21,25.6,18600348.0,136290285.0
2018-06-28,25.25,25.88,24.72,24.79,22303485.0,159562566.0
2018-06-29,25.04,27.28,24.76,26.12,19581200.0,144089498.0
2018-07-02,26.12,27.28,25.77,26.09,14280400.0,106891537.0
2018-07-03,26.16,26.41,25.7,25.74,10075993.0,74546138.0
2018-07-04,25.77,26.34,25.63,25.67,8458766.0,62750560.0
2018-07-05,25.63,26.12,25.14,25.25,5938733.0,43213532.0
2018-07-06,25.11,26.34,24.9,25.32,13390500.0,97908926.0
2018-07-09,25.18,26.65,25.18,26.48,12695924.0,94807946.0
2018-07-10,26.51,26.51,25.77,25.88,8354533.0,61992766.0
2018-07-11,25.25,25.81,25.25,25.77,4865700.0,35484882.0
2018-07-12,25.53,28.33,25.46,27.07,26502380.0,203365688.0
2018-07-13,27.18,28.58,26.62,27.53,25770903.0,201616326.0
2018-07-16,27.6,27.81,27.11,27.28,6782760.0,52918689.0
2018-07-17,27.14,27.35,26.83,27.0,4642600.0,35792760.0
2018-07-18,27.0,27.39,26.72,26.72,12606749.0,96829465.0
2018-07-19,26.72,27.56,25.91,27.0,43153100.0,325160845.0
2018-07-20,26.72,27.81,26.37,26.76,17276380.0,133040015.0
2018-07-23,26.72,26.86,26.37,26.37,8432903.0,63835363.0
2018-07-24,26.3,27.07,26.3,26.69,12960757.0,98961564.0
2018-07-25,26.58,26.93,26.23,26.3,8142370.0,61317416.0
2018-07-26,26.34,26.55,26.05,26.16,5246700.0,39218188.0
2018-07-27,26.16,26.23,25.88,25.88,5297139.0,39267566.0
2018-07-30,25.91,27.14,25.63,26.86,10938792.0,82061282.0
2018-07-31,26.93,27.0,26.41,26.58,7040200.0,53472014.0
2018-08-01,26.69,26.69,26.02,26.12,7999500.0,59885004.0
2018-08-02,25.95,26.16,25.46,25.6,9581000.0,70166402.0
2018-08-03,25.6,26.09,25.39,25.7,9225000.0,67528565.0
2018-08-06,25.74,26.02,25.49,25.91,7200700.0,52942158.0
2018-08-07,25.81,26.34,25.77,26.3,5681460.0,42360148.0
2018-08-08,26.3,26.58,26.09,26.23,5409390.0,40539536.0
2018-08-09,26.3,27.21,26.09,26.79,10473800.0,79593618.0
2018-08-10,26.69,27.14,26.51,26.9,9270100.0,70950502.0
2018-08-13,26.72,26.83,26.27,26.65,4782236.0,36239114.0
2018-08-14,26.51,26.51,25.84,26.16,10236800.0,76408752.0
2018-08-15,26.16,26.48,25.63,25.67,10220503.0,76222164.0
2018-08-16,25.6,25.7,24.76,24.76,14200470.0,101728063.0
2018-08-17,24.97,25.0,24.51,24.76,14397503.0,101588687.0
2018-08-20,24.76,24.97,24.2,24.41,11458300.0,79903986.0
2018-08-21,24.58,24.58,21.95,21.95,14443400.0,95151871.0
2018-08-22,19.74,19.74,19.74,19.74,1577800.0,8883014.0
