2011-06-10,19.6,19.7,18.18,18.43,16403193.0,307776544.0
2011-06-13,17.31,17.61,16.92,17.16,6733299.0,116113120.0
2011-06-14,17.22,17.67,17.05,17.21,4893265.0,84784392.0
2011-06-15,17.05,17.57,17.05,17.28,3999576.0,69294072.0
2011-06-16,17.12,17.74,17.0,17.4,3933188.0,68282472.0
2011-06-17,17.21,17.37,16.86,16.88,2561200.0,43837100.0
2011-06-20,16.9,17.32,16.28,17.1,3279835.0,55400456.0
2011-06-21,17.15,17.9,16.89,17.58,3817795.0,66448376.0
2011-06-22,17.51,17.51,17.05,17.15,2485596.0,42837236.0
2011-06-23,17.07,17.98,16.9,17.72,4443267.0,78360216.0
2011-06-24,17.6,18.49,17.52,18.22,4780152.0,86468960.0
2011-06-27,18.29,18.79,18.1,18.48,3756415.0,69183040.0
2011-06-28,18.3,18.44,18.03,18.29,2420297.0,44012928.0
2011-06-29,18.28,18.66,18.04,18.04,2566414.0,47071552.0
2011-06-30,17.9,18.38,17.88,18.18,2077871.0,37797568.0
2011-07-01,18.28,19.49,18.21,18.8,4398968.0,82975152.0
2011-07-04,18.91,19.38,18.86,19.12,3137106.0,60015316.0
2011-07-05,19.15,19.32,18.84,19.15,2290438.0,43639156.0
2011-07-06,19.28,20.94,19.05,20.55,5295796.0,107199920.0
2011-07-07,20.28,22.5,20.28,21.89,6220165.0,133601960.0
2011-07-08,21.58,22.17,21.2,21.8,3337487.0,72079328.0
2011-07-11,21.75,22.17,21.41,22.15,2147480.0,47067940.0
2011-07-12,21.88,22.8,21.69,21.89,2951652.0,65623500.0
2011-07-13,21.76,22.8,21.75,22.55,2663194.0,59717728.0
2011-07-14,22.81,22.81,22.2,22.7,2531393.0,56841992.0
2011-07-15,22.51,23.69,22.51,22.67,3241113.0,74828736.0
2011-07-18,22.75,22.9,21.91,22.38,2137951.0,47624096.0
2011-07-19,22.2,22.22,21.28,21.55,2505322.0,54199764.0
2011-07-20,21.9,21.96,21.18,21.62,1393618.0,30082448.0
2011-07-21,21.5,21.89,21.29,21.48,1176383.0,25358920.0
2011-07-22,21.62,21.98,21.49,21.7,1645416.0,35798020.0
2011-07-25,21.75,22.06,20.79,20.9,1939696.0,41551240.0
2011-07-26,20.9,21.13,20.08,20.68,1268289.0,26040422.0
2011-07-27,20.68,22.48,20.37,22.13,2685618.0,57978584.0
2011-07-28,21.7,22.43,21.66,22.18,1969335.0,43385356.0
2011-07-29,22.25,22.66,21.68,21.78,1865039.0,41284856.0
2011-08-01,21.82,22.8,21.51,22.7,2668308.0,59705788.0
2011-08-02,22.56,22.56,21.5,22.4,2566810.0,56573720.0
2011-08-03,21.7,22.4,21.7,21.85,1763875.0,38765512.0
2011-08-04,21.86,22.16,21.33,21.5,1569021.0,34087456.0
2011-08-05,20.85,21.26,20.64,20.88,1574622.0,32945288.0
2011-08-08,20.8,20.8,18.82,19.51,1797490.0,35657688.0
2011-08-09,18.85,19.87,18.58,19.48,1471705.0,28342268.0
2011-08-10,19.81,20.2,19.5,19.55,1390896.0,27618884.0
2011-08-11,18.77,20.05,18.77,20.0,1375448.0,26955558.0
2011-08-12,20.15,20.55,20.1,20.14,1285281.0,26076642.0
2011-08-15,20.33,20.69,20.1,20.64,1152273.0,23577334.0
2011-08-16,20.66,21.2,20.53,20.9,1418686.0,29565328.0
2011-08-17,20.84,20.95,20.5,20.58,1054269.0,21780994.0
2011-08-18,20.63,20.9,19.5,19.99,1083138.0,22061826.0
2011-08-19,19.52,20.65,19.45,20.65,1162592.0,23278296.0
2011-08-22,20.13,20.42,19.91,20.07,1915971.0,38650456.0
2011-08-23,20.09,20.83,19.62,20.77,2377125.0,48135640.0
2011-08-24,20.71,21.38,20.68,20.78,2398585.0,50317048.0
2011-08-25,21.05,21.15,20.43,20.92,1639377.0,33992988.0
2011-08-26,20.85,21.37,20.81,21.17,1753611.0,37098296.0
2011-08-29,21.08,21.38,20.73,21.26,1552480.0,32713408.0
2011-08-30,21.35,21.45,20.36,20.38,1459748.0,30512802.0
2011-08-31,20.29,20.47,19.9,20.05,840950.0,16935724.0
2011-09-01,20.09,20.27,19.67,19.75,681859.0,13597473.0
2011-09-02,19.75,19.86,19.44,19.71,468510.0,9180809.0
2011-09-05,19.59,19.98,19.12,19.19,489790.0,9472898.0
2011-09-06,19.0,19.28,18.75,18.89,684442.0,12942224.0
2011-09-07,19.05,19.4,18.91,19.28,754187.0,14454547.0
2011-09-08,19.31,19.4,18.64,18.64,782193.0,14885500.0
2011-09-09,18.46,18.86,18.46,18.64,481500.0,8997394.0
2011-09-13,18.29,18.29,17.5,17.58,1753107.0,31173726.0
2011-09-14,17.69,17.89,17.53,17.82,1183616.0,20953208.0
2011-09-15,17.83,18.07,17.75,17.82,1181002.0,21187406.0
2011-09-16,17.88,18.03,17.68,17.7,704649.0,12571258.0
2011-09-19,17.74,17.74,17.18,17.2,541280.0,9392618.0
2011-09-20,17.2,17.49,17.1,17.24,478128.0,8273835.0
2011-09-21,17.27,17.95,17.23,17.86,1245570.0,22103244.0
2011-09-22,17.74,17.85,17.2,17.2,876201.0,15359932.0
2011-09-23,16.9,17.18,16.81,17.07,558841.0,9492580.0
2011-09-26,16.99,18.3,16.91,18.26,2282810.0,40367500.0
2011-09-27,18.01,18.96,17.82,18.55,4454519.0,81847128.0
2011-09-28,18.5,18.5,17.65,17.74,1924561.0,34754464.0
2011-09-29,17.57,17.84,17.2,17.4,1086716.0,18967418.0
2011-09-30,17.4,17.56,16.92,17.05,706512.0,12137251.0
2011-10-10,17.05,17.33,17.05,17.18,581828.0,9996852.0
2011-10-11,17.54,17.71,16.8,16.92,868109.0,15051662.0
2011-10-12,16.8,17.55,16.35,17.48,1222601.0,20982096.0
2011-10-13,17.48,17.84,17.34,17.63,998790.0,17614286.0
2011-10-14,17.62,17.66,17.26,17.49,671506.0,11715674.0
2011-10-17,17.5,18.02,17.5,17.9,1244661.0,22159180.0
2011-10-18,17.64,17.96,17.17,17.19,1033566.0,18285406.0
2011-10-19,17.2,17.6,17.12,17.52,693176.0,12090989.0
2011-10-20,17.3,17.49,16.65,16.89,976917.0,16541550.0
2011-10-21,16.7,16.91,16.33,16.33,629048.0,10405889.0
2011-10-24,16.44,16.45,15.5,16.2,1154989.0,18444990.0
2011-10-25,16.2,16.78,15.9,16.68,1700871.0,27781724.0
2011-10-26,16.55,16.89,16.42,16.6,1535002.0,25523348.0
2011-10-27,16.6,16.84,16.57,16.62,919988.0,15348205.0
2011-10-28,16.8,17.07,16.65,17.0,1207718.0,20406118.0
2011-10-31,17.02,17.28,17.0,17.18,1073866.0,18391874.0
2011-11-01,17.07,17.7,16.7,17.54,1659834.0,28541654.0
2011-11-02,17.12,17.66,16.89,17.62,1642378.0,28393412.0
2011-11-03,17.69,17.94,17.45,17.49,1914173.0,33880012.0
2011-11-04,17.55,17.72,17.38,17.66,954702.0,16761918.0
2011-11-07,17.47,17.7,17.38,17.42,722173.0,12661830.0
2011-11-08,17.4,18.5,17.25,18.45,4525018.0,81684496.0
2011-11-09,18.09,18.28,17.79,18.03,3089025.0,55647392.0
2011-11-10,17.84,18.19,17.75,17.75,1906029.0,34236024.0
2011-11-14,17.85,18.25,17.85,18.14,1429318.0,25862554.0
2011-11-15,18.24,18.24,17.93,18.09,912388.0,16466276.0
2011-11-16,18.03,18.09,17.36,17.39,1425879.0,25249726.0
2011-11-17,17.54,17.76,17.2,17.37,865287.0,15121755.0
2011-11-18,17.29,17.49,16.71,16.75,1062328.0,18062624.0
2011-11-21,16.75,16.89,16.63,16.89,528664.0,8850017.0
2011-11-22,16.69,16.99,16.6,16.93,397334.0,6673541.0
2011-11-23,16.93,17.12,16.81,16.95,587887.0,9955538.0
2011-11-24,16.74,17.04,16.65,17.01,625860.0,10550972.0
2011-11-25,17.06,17.08,16.7,16.72,519509.0,8771890.0
2011-11-28,16.71,17.08,16.71,16.9,683910.0,11568405.0
2011-11-29,16.91,17.24,16.91,17.23,1150736.0,19683650.0
2011-11-30,17.01,17.21,16.02,16.21,1046178.0,17338586.0
2011-12-01,16.61,16.8,16.42,16.45,779347.0,12966096.0
2011-12-02,16.46,16.64,16.11,16.23,332744.0,5430743.0
2011-12-05,16.23,16.27,15.42,15.56,658804.0,10342903.0
2011-12-06,15.52,15.7,15.46,15.56,401755.0,6261408.0
2011-12-07,15.58,15.78,15.51,15.6,330263.0,5160698.0
2011-12-09,15.17,15.59,15.17,15.42,311924.0,4798948.0
2011-12-12,15.35,15.5,15.28,15.31,219547.0,3376110.0
2011-12-13,15.29,15.29,14.72,14.74,375467.0,5600121.0
2011-12-14,14.86,14.87,14.33,14.4,228350.0,3342892.0
2011-12-15,14.33,14.4,14.2,14.26,340047.0,4862624.0
2011-12-16,14.22,14.62,14.2,14.62,316270.0,4538244.0
2011-12-19,14.48,14.78,14.4,14.75,504017.0,7334755.0
2011-12-20,14.7,14.94,14.61,14.63,369862.0,5466059.0
2011-12-21,14.8,14.85,14.14,14.14,256490.0,3750921.0
2011-12-22,14.16,14.16,13.46,13.84,449889.0,6191142.0
2011-12-23,13.7,14.2,13.7,13.97,304449.0,4273856.0
2011-12-26,13.9,14.09,13.81,13.88,135204.0,1889632.0
2011-12-28,13.1,13.5,13.0,13.25,363042.0,4781293.0
2011-12-29,13.18,13.4,13.11,13.3,241989.0,3213232.0
2011-12-30,13.5,13.56,13.3,13.47,165980.0,2234259.0
2012-01-04,13.59,13.67,12.98,12.98,206000.0,2746639.0
2012-01-05,12.83,12.9,12.0,12.05,501329.0,6247927.0
2012-01-06,12.06,12.36,11.9,12.31,226352.0,2740179.0
2012-01-09,12.26,12.95,12.26,12.91,416474.0,5287728.0
2012-01-10,12.91,13.53,12.82,13.47,631959.0,8404246.0
2012-01-11,13.49,13.6,13.28,13.47,583610.0,7839759.0
2012-01-12,13.31,13.63,13.27,13.43,379733.0,5122809.0
2012-01-13,13.43,13.43,12.6,12.6,636440.0,8194637.0
2012-01-16,12.41,12.58,12.22,12.22,278011.0,3448056.0
2012-01-17,12.26,13.08,12.26,13.05,369749.0,4702383.0
2012-01-18,13.0,13.23,12.05,12.58,466080.0,6002126.0
2012-01-19,12.12,12.8,12.12,12.72,276399.0,3479017.0
2012-01-20,12.73,13.02,12.65,13.01,304082.0,3928984.0
2012-01-30,13.33,13.33,12.94,12.96,284058.0,3712829.0
2012-01-31,12.92,13.0,12.7,12.86,212621.0,2722821.0
2012-02-01,12.8,13.03,12.62,12.76,175750.0,2260781.0
2012-02-02,12.72,12.98,12.63,12.98,268236.0,3443982.0
2012-02-03,12.98,13.28,12.8,13.25,551490.0,7243277.0
2012-02-06,13.25,13.58,13.11,13.56,692969.0,9265924.0
2012-02-07,13.5,13.5,13.06,13.24,477034.0,6335501.0
2012-02-08,13.25,13.67,13.17,13.57,565757.0,7587457.0
2012-02-09,13.61,13.8,13.53,13.53,620425.0,8469165.0
2012-02-10,13.55,13.69,13.52,13.62,406530.0,5538633.0
2012-02-13,13.56,13.87,13.4,13.8,730896.0,10028092.0
2012-02-14,13.76,13.86,13.67,13.78,432874.0,5953234.0
2012-02-15,13.77,14.38,13.71,14.31,1337962.0,18899492.0
2012-02-17,14.29,14.62,14.05,14.59,1106154.0,15809915.0
2012-02-20,14.66,15.6,14.57,15.57,2017805.0,30031632.0
2012-02-21,15.02,15.56,14.87,15.23,3781214.0,57123720.0
2012-02-22,15.06,15.29,14.63,15.29,3049801.0,45664568.0
2012-02-23,15.11,15.19,14.83,15.0,1854356.0,27866142.0
2012-02-24,14.97,15.07,14.85,15.0,1318026.0,19741366.0
2012-02-27,15.05,15.21,14.95,14.99,1563424.0,23553364.0
2012-02-28,14.96,14.98,14.42,14.64,1164125.0,17083324.0
2012-02-29,14.64,14.77,14.4,14.45,649114.0,9461224.0
2012-03-01,14.41,14.68,14.36,14.63,636051.0,9256447.0
2012-03-02,14.62,14.97,14.59,14.92,889722.0,13193732.0
2012-03-05,14.98,14.99,14.74,14.77,896912.0,13298658.0
2012-03-06,14.77,14.77,14.38,14.43,655287.0,9495471.0
2012-03-07,14.4,14.64,14.24,14.43,583128.0,8428053.0
2012-03-08,14.43,14.7,14.43,14.64,548289.0,8009920.0
2012-03-09,14.7,15.56,14.68,15.4,3509855.0,53679572.0
2012-03-12,15.36,15.36,15.1,15.22,1601383.0,24326182.0
2012-03-13,15.22,15.44,15.1,15.42,1327534.0,20262804.0
2012-03-14,15.43,15.86,14.68,14.76,2759490.0,42607828.0
2012-03-15,14.68,14.88,14.16,14.58,1026272.0,14883430.0
2012-03-16,14.55,14.88,14.5,14.88,758899.0,11149885.0
2012-03-19,14.8,15.14,14.63,15.13,1190104.0,17673136.0
2012-03-20,15.09,15.09,14.52,14.55,851569.0,12577395.0
2012-03-21,14.51,14.71,14.33,14.56,639492.0,9275517.0
2012-03-22,14.54,14.74,14.1,14.4,492749.0,7148148.0
2012-03-23,13.98,14.0,13.16,13.46,2115649.0,28596174.0
2012-03-26,13.26,13.4,13.12,13.25,649490.0,8586618.0
2012-03-27,13.27,13.36,13.2,13.24,712178.0,9455939.0
2012-03-28,13.2,13.2,12.26,12.33,1066050.0,13493277.0
2012-03-29,12.33,12.48,12.08,12.26,586946.0,7229063.0
2012-03-30,12.26,12.38,12.12,12.19,380249.0,4645170.0
2012-04-05,12.18,12.52,12.18,12.52,518244.0,6422458.0
2012-04-06,12.4,12.85,12.39,12.78,803031.0,10160069.0
2012-04-09,12.78,12.78,12.49,12.49,562422.0,7083630.0
2012-04-10,12.45,12.7,12.3,12.68,479501.0,5986639.0
2012-04-11,12.55,13.2,12.44,13.0,966238.0,12443318.0
2012-04-12,13.0,13.27,12.87,13.16,935623.0,12265156.0
2012-04-13,13.18,13.35,12.98,13.03,882958.0,11610328.0
2012-04-16,12.94,13.08,12.9,13.04,399200.0,5202044.0
2012-04-17,12.98,13.0,12.71,12.79,554252.0,7101890.0
2012-04-18,12.8,13.19,12.8,13.08,689587.0,8966979.0
2012-04-19,13.1,13.23,12.93,13.1,648760.0,8514647.0
2012-04-20,13.16,13.33,13.03,13.23,651059.0,8599497.0
2012-04-23,13.23,13.23,12.66,12.69,890263.0,11488174.0
2012-04-24,12.51,12.71,12.1,12.51,778867.0,9749147.0
2012-04-25,12.48,12.81,12.39,12.77,538107.0,6804051.0
2012-04-26,12.77,12.85,12.63,12.71,435974.0,5564348.0
2012-04-27,12.7,13.24,12.7,12.92,1022690.0,13304794.0
2012-05-02,12.92,13.23,12.88,12.98,780990.0,10161740.0
2012-05-03,13.0,13.19,12.96,13.17,701775.0,9147550.0
2012-05-04,13.23,13.23,12.99,13.17,727875.0,9526493.0
2012-05-07,13.09,13.19,12.91,13.18,570526.0,7455902.0
2012-05-08,13.18,14.5,13.08,14.31,4291928.0,59900704.0
2012-05-09,14.09,14.2,13.58,13.67,2491193.0,34436376.0
2012-05-10,13.64,13.78,13.49,13.61,1032163.0,14053565.0
2012-05-11,13.65,13.73,13.48,13.54,743275.0,10109922.0
2012-05-14,13.6,14.05,13.53,13.81,859938.0,11810480.0
2012-05-15,13.7,13.8,13.38,13.75,536851.0,7276857.0
2012-05-16,13.74,13.74,13.41,13.48,432860.0,5855116.0
2012-05-17,13.54,14.7,13.4,14.13,1451488.0,20279500.0
2012-05-18,13.94,14.2,13.62,13.8,842205.0,11635972.0
2012-05-21,13.79,14.1,13.7,14.0,906981.0,12596551.0
2012-05-22,13.96,14.08,13.82,14.05,1133225.0,15848244.0
2012-05-23,14.0,14.2,13.85,14.04,1557197.0,21859604.0
2012-05-28,13.7,13.98,13.1,13.88,1646737.0,22380174.0
2012-05-29,13.91,14.11,13.6,13.94,2164634.0,30059514.0
2012-05-30,13.87,14.4,13.82,14.36,3936227.0,55618720.0
2012-05-31,14.2,14.21,13.9,14.01,1796716.0,25274130.0
2012-06-01,14.0,14.13,13.7,13.72,1048079.0,14534996.0
2012-06-04,13.42,13.42,12.88,12.89,1063601.0,13978999.0
2012-06-05,13.04,13.08,12.46,12.53,682894.0,6609183.0
2012-06-06,12.55,12.66,12.41,12.45,395601.0,3783253.0
2012-06-07,12.58,12.69,12.21,12.23,465681.0,4424533.0
2012-06-08,12.25,12.4,12.13,12.16,516764.0,4824521.0
2012-06-11,12.13,12.38,12.13,12.38,388307.0,3646235.0
2012-06-12,12.3,12.42,12.27,12.36,300010.0,2823674.0
2012-06-13,12.42,12.62,12.36,12.61,587391.0,5611675.0
2012-06-14,12.63,12.67,12.34,12.4,543600.0,5180758.0
2012-06-15,12.4,12.5,12.19,12.36,384905.0,3623321.0
2012-06-18,12.38,13.31,12.38,12.97,1941146.0,19141370.0
2012-06-19,12.8,12.88,12.66,12.74,921925.0,8967741.0
2012-06-20,12.74,13.04,12.71,12.86,760449.0,7464882.0
2012-06-21,12.82,13.62,12.61,13.24,1795353.0,18022130.0
2012-06-25,13.13,13.2,12.79,12.95,1047799.0,10374103.0
2012-06-26,12.72,12.84,12.46,12.74,603658.0,5837471.0
2012-06-27,12.82,12.86,12.57,12.57,635830.0,6180657.0
2012-06-29,12.52,12.52,11.94,12.29,497436.0,4629027.0
2012-07-02,12.32,12.44,12.3,12.35,366924.0,3460686.0
2012-07-03,12.3,12.58,12.16,12.54,558756.0,5306753.0
2012-07-04,12.54,12.54,12.33,12.48,441265.0,4194775.0
2012-07-05,12.38,12.88,12.11,12.78,1198696.0,11491196.0
2012-07-06,12.79,12.95,12.46,12.75,833161.0,8072872.0
2012-07-09,12.58,12.87,12.55,12.75,938051.0,9109043.0
2012-07-10,12.75,12.86,12.46,12.66,539999.0,5227823.0
2012-07-11,12.58,12.97,12.35,12.75,746331.0,7228639.0
2012-07-12,12.78,12.93,12.62,12.87,1401345.0,13695467.0
2012-07-13,12.82,12.91,12.66,12.69,635340.0,6199801.0
2012-07-16,12.82,12.82,11.41,11.41,1213550.0,10988769.0
2012-07-17,11.23,11.35,10.72,11.09,684988.0,5776655.0
2012-07-18,10.97,11.11,10.86,11.1,444005.0,3721093.0
2012-07-19,10.99,11.93,10.99,11.64,1191850.0,10524703.0
2012-07-20,11.49,12.12,11.48,11.66,773637.0,6959712.0
2012-07-23,11.64,11.64,10.75,10.8,1132719.0,9446895.0
2012-07-24,10.69,11.13,10.5,10.9,1223400.0,10175232.0
2012-07-25,10.81,11.05,10.77,10.89,640807.0,5324150.0
2012-07-26,10.9,10.98,10.72,10.75,373967.0,3093314.0
2012-07-27,10.79,10.93,10.71,10.81,306090.0,2524787.0
2012-07-30,10.89,11.2,10.69,11.13,1579748.0,13182838.0
2012-07-31,10.96,11.09,10.51,10.85,1012138.0,8330131.0
2012-08-01,10.76,10.97,10.55,10.86,578843.0,4774993.0
2012-08-02,10.71,10.98,10.69,10.88,454627.0,3750516.0
2012-08-03,10.9,11.2,10.79,11.01,1437454.0,12034116.0
2012-08-06,11.01,11.4,10.88,11.3,1378478.0,11719637.0
2012-08-07,11.22,11.28,11.03,11.2,972516.0,8285874.0
2012-08-08,11.18,11.78,11.02,11.52,2250115.0,19685274.0
2012-08-09,11.51,11.69,11.31,11.52,924157.0,8077517.0
2012-08-10,11.44,11.49,11.15,11.24,1447527.0,12452849.0
2012-08-13,11.24,11.27,10.99,10.99,610942.0,5198983.0
2012-08-14,11.05,11.05,10.75,10.99,475206.0,3947628.0
2012-08-15,10.89,10.99,10.81,10.82,267262.0,2222708.0
2012-08-16,10.89,10.89,10.68,10.85,245691.0,2028127.0
2012-08-17,10.85,10.9,10.8,10.88,236891.0,1962090.0
2012-08-20,10.85,10.93,10.77,10.93,308603.0,2555634.0
2012-08-21,10.94,11.16,10.88,11.06,518747.0,4378259.0
2012-08-22,11.03,11.16,10.96,10.99,520816.0,4402815.0
2012-08-23,10.98,11.23,10.98,11.18,717182.0,6087000.0
2012-08-24,11.14,11.22,10.82,10.84,745781.0,6249530.0
2012-08-27,10.81,11.01,10.67,10.67,490151.0,4029350.0
2012-08-28,10.75,10.81,10.51,10.72,433799.0,3533229.0
2012-08-29,10.65,10.81,10.62,10.65,323527.0,2642516.0
2012-08-30,10.59,10.72,10.26,10.39,470562.0,3747544.0
2012-08-31,10.37,10.48,10.3,10.4,304332.0,2410243.0
2012-09-03,10.4,11.07,10.31,10.9,859515.0,7010349.0
2012-09-04,10.81,11.13,10.71,10.88,979053.0,8105466.0
2012-09-05,10.82,11.01,10.72,10.89,915907.0,7588117.0
2012-09-06,10.89,11.03,10.81,11.02,725967.0,6053173.0
2012-09-07,11.11,11.47,11.05,11.32,1510352.0,13006753.0
2012-09-10,11.32,11.65,11.22,11.53,1242983.0,10841372.0
2012-09-11,11.45,11.47,11.31,11.47,834512.0,7251354.0
2012-09-12,11.53,11.76,11.44,11.54,1026629.0,9102564.0
2012-09-13,11.49,11.53,11.26,11.3,776920.0,6755237.0
2012-09-14,11.32,11.48,11.28,11.43,788533.0,6869661.0
2012-09-17,11.34,11.48,10.48,11.01,587271.0,5037064.0
2012-09-18,11.09,11.09,10.82,10.92,301609.0,2512512.0
2012-09-19,10.94,10.99,10.85,10.99,412318.0,3436204.0
2012-09-20,10.93,10.93,10.55,10.77,542619.0,4435002.0
2012-09-21,10.69,10.9,10.57,10.79,524914.0,4313524.0
2012-09-24,10.73,10.86,10.64,10.85,290184.0,2386616.0
2012-09-25,10.81,10.89,10.64,10.67,246007.0,2014557.0
2012-09-26,10.65,10.67,10.23,10.29,358949.0,2848407.0
2012-09-27,10.22,10.55,10.14,10.5,435261.0,3441088.0
2012-09-28,10.42,10.86,10.42,10.85,665402.0,5411381.0
2012-10-08,10.75,11.26,10.68,10.88,1033902.0,8672968.0
2012-10-09,10.9,11.06,10.75,11.03,865677.0,7244446.0
2012-10-10,11.02,11.31,10.97,11.22,971897.0,8261321.0
2012-10-11,11.15,11.22,10.84,10.9,608125.0,5127152.0
2012-10-12,10.98,11.13,10.88,10.94,419669.0,3526640.0
2012-10-15,10.96,10.98,10.54,10.73,376630.0,3071069.0
2012-10-16,10.72,10.88,10.64,10.79,207279.0,1702896.0
2012-10-17,10.85,10.85,10.71,10.79,144920.0,1192073.0
2012-10-18,10.81,11.02,10.8,10.98,524334.0,4381246.0
2012-10-19,11.06,11.06,10.94,11.01,363018.0,3044055.0
2012-10-22,11.03,11.13,10.9,11.07,360795.0,3032923.0
2012-10-23,11.1,11.2,10.98,10.98,485969.0,4092653.0
2012-10-24,10.93,11.02,10.88,10.97,414727.0,3465555.0
2012-10-25,10.85,10.98,10.71,10.71,322150.0,2674442.0
2012-10-26,10.67,10.67,10.39,10.51,411347.0,3299358.0
2012-10-29,10.48,10.55,10.26,10.35,222060.0,1766684.0
2012-10-30,10.48,10.67,10.42,10.63,502024.0,4044131.0
2012-10-31,10.63,10.72,10.51,10.71,328569.0,2671141.0
2012-11-01,10.75,11.27,10.75,11.07,1043019.0,8699066.0
2012-11-02,11.26,11.3,10.84,10.9,873850.0,7336409.0
2012-11-05,11.99,11.99,11.99,11.99,1983790.0,18151678.0
2012-11-06,12.52,13.2,12.42,13.2,12178319.0,119810048.0
2012-11-07,13.37,14.52,13.37,14.52,8662831.0,93037296.0
2012-11-08,15.07,15.07,13.46,13.65,12573444.0,133994008.0
2012-11-09,13.34,13.59,12.97,13.48,7790022.0,78797720.0
2012-11-12,13.24,14.83,13.09,14.83,13186175.0,142895536.0
2012-11-13,14.32,14.49,13.35,13.38,9782331.0,102354720.0
2012-11-14,12.95,13.01,12.25,12.58,7103568.0,68057216.0
2012-11-15,12.37,12.38,11.98,12.29,5629824.0,52197168.0
2012-11-16,12.11,12.45,11.89,12.08,3254122.0,29896808.0
2012-11-19,12.1,12.29,11.81,12.29,3773575.0,34926260.0
2012-11-20,12.33,12.65,11.89,12.02,5637347.0,52820520.0
2012-11-21,11.96,12.02,11.43,11.93,4744837.0,42422844.0
2012-11-22,11.81,11.81,11.6,11.65,2519332.0,22475886.0
2012-11-23,11.71,11.74,11.47,11.61,2404387.0,21293800.0
2012-11-26,11.58,11.98,11.43,11.87,4818626.0,43179532.0
2012-11-27,11.68,11.74,10.68,10.68,3737588.0,31387958.0
2012-11-28,10.34,10.48,10.17,10.35,3000856.0,23602760.0
2012-11-29,10.35,10.64,10.25,10.25,2547400.0,20323884.0
2012-11-30,10.27,10.42,9.95,10.39,2656332.0,20672608.0
2012-12-03,10.39,10.39,9.83,9.87,2275098.0,17623806.0
2012-12-04,9.66,10.44,9.51,10.33,3762947.0,28852532.0
2012-12-05,10.22,10.71,10.09,10.52,4704295.0,37488776.0
2012-12-06,10.31,11.01,10.31,10.59,3892863.0,31755558.0
2012-12-07,10.81,10.92,10.48,10.88,3907860.0,32019312.0
2012-12-10,10.75,11.96,10.68,11.96,7267007.0,63470132.0
2012-12-11,12.07,12.08,11.53,11.73,5984788.0,53594752.0
2012-12-12,11.6,11.83,11.35,11.73,4121986.0,36437436.0
2012-12-13,11.62,11.62,11.26,11.32,2705796.0,23586172.0
2012-12-14,11.23,11.77,11.23,11.68,3766847.0,33319314.0
2012-12-17,11.54,12.24,11.41,12.02,6035444.0,54463660.0
2012-12-18,11.86,12.06,11.4,11.56,3627524.0,32467406.0
2012-12-19,11.54,12.13,11.41,11.87,4329788.0,39135256.0
2012-12-20,11.79,12.23,11.48,12.23,5219448.0,47656816.0
2012-12-21,12.17,12.25,11.85,11.89,3457250.0,31689836.0
2012-12-24,11.89,11.95,11.66,11.74,2426166.0,21817514.0
2012-12-25,11.74,12.25,11.69,12.03,4036660.0,37175716.0
2012-12-26,11.95,12.83,11.95,12.52,5541734.0,52188116.0
2012-12-27,12.54,12.66,12.08,12.11,4077413.0,38255416.0
2012-12-28,12.2,12.4,11.95,12.25,2813023.0,26080496.0
2012-12-31,12.25,12.38,12.08,12.13,2067145.0,19267910.0
2013-01-04,12.25,12.27,11.83,12.11,2154598.0,19774198.0
2013-01-07,12.12,12.23,12.02,12.23,2251900.0,20866976.0
2013-01-08,12.19,12.5,12.15,12.42,3889620.0,36649480.0
2013-01-09,12.69,12.69,12.16,12.42,3942800.0,37340548.0
2013-01-10,12.41,12.5,12.23,12.37,2764407.0,26105046.0
2013-01-11,12.34,13.45,12.21,12.97,8019790.0,78226120.0
2013-01-14,12.7,13.5,12.52,13.35,6939217.0,69387752.0
2013-01-15,13.3,13.39,12.99,13.25,4837145.0,48655152.0
2013-01-16,13.13,13.37,12.71,13.35,3425928.0,34222332.0
2013-01-17,13.31,13.34,12.86,12.93,2346997.0,23464194.0
2013-01-18,12.91,13.13,12.75,13.01,1471725.0,14559499.0
2013-01-21,13.01,13.11,12.84,12.91,1509842.0,14928525.0
2013-01-22,12.83,12.97,12.38,12.42,1866313.0,17975622.0
2013-01-23,12.38,12.52,12.07,12.3,1639607.0,15339011.0
2013-01-24,12.32,12.5,11.99,12.03,1797552.0,16776661.0
2013-01-25,12.06,12.29,11.86,12.13,1070626.0,9860947.0
2013-01-28,12.11,12.46,12.08,12.42,2115628.0,19904768.0
2013-01-29,12.42,12.54,12.28,12.42,1338199.0,12673161.0
2013-01-30,12.49,12.55,12.29,12.49,1498091.0,14221376.0
2013-01-31,12.49,12.49,12.25,12.33,1138254.0,10721527.0
2013-02-01,12.32,12.48,12.15,12.42,1020345.0,9652566.0
2013-02-04,12.42,12.52,12.17,12.46,1140100.0,10760886.0
2013-02-05,12.45,12.53,12.21,12.45,1069980.0,10143709.0
2013-02-06,12.46,12.53,12.38,12.45,872305.0,8287204.0
2013-02-07,12.4,12.46,12.32,12.38,849385.0,8026763.0
2013-02-08,12.38,12.62,12.38,12.52,1039220.0,9940222.0
2013-02-18,12.61,12.91,12.45,12.71,1519649.0,14710950.0
2013-02-19,12.66,12.69,12.36,12.37,991411.0,9446205.0
2013-02-20,12.38,12.63,12.27,12.62,762619.0,7280641.0
2013-02-21,12.61,12.61,12.28,12.29,913594.0,8638927.0
2013-02-22,12.19,12.49,12.19,12.27,921368.0,8675330.0
2013-02-25,12.36,12.52,12.23,12.46,778600.0,7364015.0
2013-02-26,12.3,12.8,12.19,12.4,1939541.0,18625148.0
2013-02-27,12.45,13.28,12.41,12.96,4790736.0,47048216.0
2013-02-28,12.99,13.14,12.66,13.08,3358104.0,33261854.0
2013-03-01,12.91,13.3,12.79,13.18,3632857.0,36117020.0
2013-03-04,13.05,13.05,12.58,12.63,1658374.0,16197464.0
2013-03-05,12.52,12.91,12.52,12.84,1237184.0,12092461.0
2013-03-06,12.84,13.18,12.84,13.13,2738742.0,27254880.0
2013-03-07,13.2,13.41,12.84,13.06,2033627.0,20374180.0
2013-03-08,12.97,13.28,12.97,13.0,1528780.0,15335613.0
2013-03-11,12.97,12.97,12.65,12.76,976320.0,9539092.0
2013-03-12,12.82,12.92,12.19,12.35,1233020.0,11778639.0
2013-03-13,12.2,12.53,12.2,12.28,546985.0,5139945.0
2013-03-14,12.35,12.54,12.23,12.28,608421.0,5746620.0
2013-03-15,12.28,12.48,12.19,12.23,525797.0,4942996.0
2013-03-18,12.24,12.33,11.93,12.11,659939.0,6116693.0
2013-03-19,12.07,12.3,11.94,12.28,487099.0,4528974.0
2013-03-20,12.27,12.55,12.25,12.48,702889.0,6675117.0
2013-03-21,12.42,12.78,12.38,12.67,771942.0,7421905.0
2013-03-22,12.67,12.69,12.46,12.55,639132.0,6113651.0
2013-03-25,12.57,12.7,12.53,12.59,572518.0,5508867.0
2013-03-26,12.59,12.67,12.27,12.37,656141.0,6219757.0
2013-03-27,12.27,12.96,12.27,12.71,1074901.0,10340715.0
2013-03-28,12.65,12.65,12.25,12.28,669874.0,6358046.0
2013-03-29,12.19,12.41,12.19,12.3,322070.0,3023168.0
2013-04-01,11.98,12.33,11.98,12.21,391159.0,3643024.0
2013-04-02,12.23,12.74,12.07,12.53,1449956.0,13815207.0
2013-04-03,12.5,12.5,12.11,12.24,571452.0,5369832.0
2013-04-08,12.19,12.19,11.57,11.77,607462.0,5446864.0
2013-04-09,11.68,12.0,11.68,11.94,440962.0,3985891.0
2013-04-10,11.91,12.04,11.81,11.96,343477.0,3124428.0
2013-04-11,11.98,12.27,11.96,11.96,457440.0,4223442.0
2013-04-12,11.91,12.38,11.86,11.99,785581.0,7331377.0
2013-04-15,11.9,12.04,11.85,12.02,219741.0,2009655.0
2013-04-16,11.86,12.1,11.82,12.02,226453.0,2067256.0
2013-04-17,11.94,12.63,11.94,12.29,659078.0,6222434.0
2013-04-18,12.25,12.59,12.2,12.33,738135.0,6997429.0
2013-04-19,12.83,13.56,12.78,13.56,7809274.0,80566008.0
2013-04-22,13.42,13.55,12.97,13.47,8424282.0,84982344.0
2013-04-23,13.24,13.3,12.88,12.88,3500213.0,34961456.0
2013-04-24,12.88,13.47,12.65,13.39,4041551.0,40282692.0
2013-04-25,13.22,13.48,12.95,13.01,2824916.0,28351566.0
2013-04-26,13.03,13.16,11.79,11.99,2785338.0,26598552.0
2013-05-02,11.9,11.9,11.14,11.73,2466646.0,21466044.0
2013-05-03,11.64,12.07,11.57,11.95,1399237.0,12689274.0
2013-05-06,11.87,12.3,11.86,12.28,1458069.0,13577050.0
2013-05-07,12.21,12.38,12.12,12.38,1757724.0,16455209.0
2013-05-08,12.38,13.58,11.4,12.95,4031316.0,39859464.0
2013-05-09,12.84,13.05,12.55,13.03,2227040.0,21846446.0
2013-05-10,12.99,13.06,12.79,13.01,1334511.0,13217184.0
2013-05-13,12.89,13.31,12.89,13.09,2412338.0,24196626.0
2013-05-14,13.11,13.24,12.69,12.93,1614115.0,15886087.0
2013-05-15,12.89,13.43,12.82,13.29,2012905.0,20162010.0
2013-05-16,13.29,13.46,13.06,13.08,2275550.0,23079082.0
2013-05-17,13.06,13.5,12.93,13.35,2493818.0,25146376.0
2013-05-20,13.25,13.92,13.04,13.8,4971050.0,51228576.0
2013-05-21,13.65,14.07,13.54,13.89,3953311.0,41700852.0
2013-05-22,13.89,13.89,13.31,13.47,2844895.0,29538012.0
2013-05-23,13.47,13.72,13.28,13.31,1788239.0,18414870.0
2013-05-24,13.31,13.62,13.26,13.58,1882872.0,19341606.0
2013-05-27,13.45,13.71,13.45,13.63,1835688.0,19024474.0
2013-05-28,13.64,13.88,13.38,13.6,1705514.0,17740208.0
2013-05-29,13.54,13.9,13.54,13.68,2642780.0,27709070.0
2013-05-30,13.76,14.79,13.73,14.13,5061436.0,55222096.0
2013-05-31,14.11,14.13,13.63,13.64,2756227.0,29088108.0
2013-06-03,13.63,13.65,13.22,13.39,1737420.0,17799976.0
2013-06-04,13.34,13.41,12.87,13.01,1355058.0,13497756.0
2013-06-05,12.89,13.2,12.89,13.08,772397.0,7657750.0
2013-06-06,13.06,13.39,12.96,13.18,1084287.0,10825756.0
2013-06-07,13.22,13.32,12.64,12.91,1388044.0,13656988.0
2013-06-13,12.91,13.63,11.92,12.91,1526118.0,14803457.0
2013-06-14,12.91,14.08,12.91,13.69,3076067.0,31683864.0
2013-06-17,13.63,14.14,13.45,14.13,3305572.0,34816456.0
2013-06-18,14.13,14.59,13.67,14.28,5389811.0,58302992.0
2013-06-19,14.12,14.22,13.8,14.09,2029095.0,21527706.0
2013-06-20,14.04,14.17,13.24,13.33,1911151.0,19957328.0
2013-06-21,13.03,13.55,12.79,13.55,1715964.0,17279268.0
2013-06-24,13.43,13.54,12.35,12.76,1522992.0,15050358.0
2013-06-25,12.55,12.88,11.48,12.29,2155212.0,19655130.0
2013-06-26,12.18,12.67,11.98,12.58,1445905.0,13559836.0
2013-06-27,12.6,12.71,11.59,11.72,1963341.0,18085478.0
2013-06-28,11.58,12.0,11.35,11.85,886061.0,7915764.0
2013-07-01,11.84,12.45,11.72,12.42,1024306.0,9429064.0
2013-07-02,12.42,12.55,12.24,12.51,848907.0,8008223.0
2013-07-03,12.45,12.7,12.18,12.56,1045812.0,9833174.0
2013-07-04,12.45,13.76,12.31,13.46,3963023.0,39972420.0
2013-07-05,13.3,13.94,13.21,13.8,3434914.0,35773188.0
2013-07-08,13.57,13.96,13.28,13.57,2661593.0,27636746.0
2013-07-09,13.42,14.26,12.91,13.96,7762890.0,81241304.0
2013-07-10,13.5,14.05,13.5,13.94,4380704.0,45987292.0
2013-07-11,13.92,14.14,13.54,13.91,4079741.0,42915276.0
2013-07-12,13.89,14.29,13.72,14.22,4548274.0,48646836.0
2013-07-15,14.16,14.61,13.96,14.04,3904249.0,42155856.0
2013-07-16,14.03,14.45,13.83,14.41,3742993.0,39985760.0
2013-07-17,14.38,14.38,13.63,13.67,2702022.0,28801090.0
2013-07-18,13.64,13.92,13.39,13.7,2203004.0,22851894.0
2013-07-19,13.8,14.7,13.63,14.19,5822562.0,63280952.0
2013-07-22,14.17,15.15,14.03,14.99,5792043.0,65281524.0
2013-07-23,15.0,15.33,14.76,15.02,4190554.0,47754732.0
2013-07-24,15.0,15.98,14.8,15.66,5466495.0,64170360.0
2013-07-25,15.54,15.77,14.88,14.92,3944387.0,45707508.0
2013-07-26,14.7,14.97,14.26,14.82,2652194.0,29495098.0
2013-07-29,14.94,15.16,14.49,14.77,2210236.0,24982492.0
2013-07-30,14.63,14.79,13.8,14.22,2038331.0,22160960.0
2013-07-31,14.22,14.62,14.14,14.62,1825617.0,19880114.0
2013-08-01,14.62,15.38,14.49,15.29,2678431.0,30505442.0
2013-08-02,15.28,15.45,14.99,15.36,2641028.0,30509368.0
2013-08-05,15.4,15.73,15.21,15.48,2277208.0,26704048.0
2013-08-06,15.48,15.63,15.05,15.41,2603329.0,30289658.0
2013-08-07,15.28,15.48,14.82,14.88,2541680.0,29176906.0
2013-08-08,14.8,15.28,14.61,15.21,2062159.0,23586584.0
2013-08-09,15.21,15.29,14.7,14.79,1872263.0,21235616.0
2013-08-12,14.83,15.09,14.66,15.08,1867539.0,21101088.0
2013-08-13,15.05,15.08,14.77,14.87,1424019.0,16131235.0
2013-08-14,14.92,14.92,14.49,14.5,2676575.0,29675690.0
2013-08-15,14.5,14.8,14.29,14.57,1671339.0,18519054.0
2013-08-16,14.55,14.79,14.09,14.09,1686483.0,18474276.0
2013-08-19,14.09,14.42,14.03,14.41,939947.0,10209637.0
2013-08-20,14.41,14.66,14.3,14.42,987304.0,10846490.0
2013-08-21,14.38,14.75,14.29,14.74,1244274.0,13744330.0
2013-08-22,14.75,14.83,14.55,14.58,1103122.0,12301750.0
2013-08-23,14.55,14.78,14.17,14.51,1320142.0,14537640.0
2013-08-26,14.5,14.87,14.42,14.8,1454171.0,16248216.0
2013-08-27,14.87,14.94,14.65,14.84,1282611.0,14400620.0
2013-08-28,14.71,14.83,14.36,14.45,1411663.0,15606348.0
2013-08-29,14.4,14.46,14.14,14.32,1048426.0,11385985.0
2013-08-30,14.24,14.49,13.83,13.83,1055222.0,11280299.0
2013-09-02,13.89,14.25,13.72,14.24,848205.0,9032760.0
2013-09-03,14.33,14.42,14.22,14.41,735531.0,8006869.0
2013-09-04,14.42,14.66,14.29,14.54,1029493.0,11363691.0
2013-09-05,14.53,14.67,14.33,14.66,1040259.0,11466447.0
2013-09-06,14.58,14.82,14.53,14.8,1337619.0,14934382.0
2013-09-09,14.8,14.96,14.69,14.77,1162321.0,13036928.0
2013-09-10,14.74,14.75,14.42,14.53,1707261.0,18829772.0
2013-09-11,14.49,14.49,14.09,14.25,1326675.0,14333542.0
2013-09-12,14.16,14.5,14.16,14.36,824279.0,8992679.0
2013-09-13,14.36,14.58,14.16,14.55,823305.0,9004542.0
2013-09-16,14.61,14.96,14.45,14.83,1981911.0,22168506.0
2013-09-17,14.87,14.87,14.55,14.55,969900.0,10827430.0
2013-09-18,14.49,15.25,14.36,14.95,2809855.0,31768738.0
2013-09-23,14.92,15.34,14.87,15.32,2494865.0,28857434.0
2013-09-24,15.32,15.61,15.05,15.53,3984354.0,46461580.0
2013-09-25,15.41,15.48,15.02,15.11,1585613.0,18321416.0
2013-09-26,15.15,15.15,14.77,14.78,1146830.0,13020803.0
2013-09-27,14.65,15.02,14.65,14.97,735441.0,8305144.0
2013-09-30,14.99,15.28,14.96,15.03,801832.0,9175505.0
2013-10-08,15.03,15.2,14.95,15.13,977495.0,11201052.0
2013-10-09,15.15,15.58,15.02,15.5,1415697.0,16471146.0
2013-10-10,15.5,15.5,14.92,14.96,1467564.0,16941408.0
2013-10-11,14.95,15.36,14.95,15.23,1230992.0,14190671.0
2013-10-14,15.19,16.44,15.19,16.15,4290350.0,52089820.0
2013-10-15,15.94,16.08,15.66,15.82,2242440.0,26949470.0
2013-10-16,15.82,15.94,15.09,15.29,2333236.0,27242830.0
2013-10-17,15.34,15.78,15.22,15.62,1724545.0,20330456.0
2013-10-18,15.62,16.29,15.42,16.08,2471273.0,29968940.0
2013-10-21,16.07,17.65,15.92,16.74,3729378.0,47041948.0
2013-10-22,16.73,17.25,16.46,17.02,3726348.0,47730060.0
2013-10-23,16.83,17.77,16.46,16.5,3884408.0,50520296.0
2013-10-24,16.41,16.66,15.75,15.99,2456807.0,30057404.0
2013-10-25,15.91,16.54,15.82,16.17,2249292.0,27686986.0
2013-10-28,16.21,16.83,15.25,15.25,3301165.0,40160584.0
2013-10-29,15.09,15.09,13.82,14.29,2867178.0,31494170.0
2013-10-30,14.32,14.59,14.07,14.51,1074558.0,11706542.0
2013-10-31,14.53,14.8,13.91,14.75,1083388.0,11918995.0
2013-11-01,14.69,14.8,14.29,14.38,763447.0,8411777.0
2013-11-04,14.38,14.61,14.22,14.51,705602.0,7742130.0
2013-11-05,14.5,14.75,14.33,14.65,821130.0,9086829.0
2013-11-06,14.65,14.9,14.55,14.55,846560.0,9468711.0
2013-11-07,14.57,14.59,14.2,14.2,902355.0,9844419.0
2013-11-08,14.2,14.21,13.55,13.57,1348206.0,14145725.0
2013-11-11,13.76,14.08,13.57,14.04,607261.0,6371056.0
2013-11-12,13.94,14.51,13.91,14.33,672435.0,7285086.0
2013-11-13,14.33,14.46,13.96,13.97,514427.0,5553926.0
2013-11-14,13.8,14.86,13.7,14.7,1834460.0,20279036.0
2013-11-15,14.8,15.05,14.65,14.75,1471862.0,16604345.0
2013-11-18,14.83,15.66,14.79,15.5,2535260.0,29443416.0
2013-11-19,15.77,15.77,15.21,15.36,1865121.0,21787224.0
2013-11-20,15.28,16.67,15.21,16.23,5068044.0,62198952.0
2013-11-21,15.8,16.09,15.61,15.87,2838493.0,34118028.0
2013-11-22,15.8,16.15,15.7,15.96,1788521.0,21677898.0
2013-11-25,16.0,16.36,15.67,15.71,1866709.0,22710194.0
2013-12-03,14.54,15.5,14.15,15.28,2136066.0,23934704.0
2013-12-04,15.05,16.33,14.91,15.85,2169237.0,25793656.0
2013-12-05,15.78,16.78,15.71,16.37,2661060.0,32931480.0
2013-12-06,16.28,16.31,15.88,15.99,1570464.0,19117558.0
2013-12-09,15.98,16.21,15.84,16.15,1450076.0,17666074.0
2013-12-10,16.09,16.52,16.0,16.52,2156694.0,26712272.0
2013-12-11,16.5,16.75,15.78,16.05,1936975.0,23916052.0
2013-12-12,15.84,16.53,15.84,16.11,1331724.0,16393993.0
2013-12-13,16.16,16.95,16.03,16.91,3788562.0,47867396.0
2013-12-16,16.95,17.65,16.77,16.86,5053006.0,66038036.0
2013-12-17,16.86,16.86,15.91,16.05,2656846.0,32811150.0
2013-12-18,16.12,16.5,15.96,16.39,1417418.0,17502026.0
2013-12-19,16.33,16.5,15.98,16.03,1306109.0,16059324.0
2013-12-20,16.19,16.19,15.52,15.77,1078346.0,12948980.0
2013-12-23,15.82,15.92,15.54,15.75,679740.0,8118274.0
2013-12-24,15.8,16.17,15.66,16.05,947265.0,11489573.0
2013-12-25,16.07,16.7,15.99,16.59,2272617.0,28434908.0
2013-12-26,16.71,17.1,16.33,16.36,2822276.0,35897224.0
2013-12-27,16.27,17.65,16.23,17.41,3956814.0,51442048.0
2013-12-30,17.39,18.07,17.15,17.65,3801703.0,51044480.0
2013-12-31,17.27,17.91,17.2,17.36,2664664.0,35441940.0
2014-01-02,17.39,18.24,17.25,18.03,2991389.0,40297440.0
2014-01-03,18.04,18.04,17.52,17.66,2519670.0,33825476.0
2014-01-06,17.53,17.53,16.34,16.44,2532072.0,32458790.0
2014-01-07,16.4,16.83,16.33,16.73,1447785.0,18239678.0
2014-01-08,16.73,17.04,16.59,16.95,1395227.0,17881622.0
2014-01-09,16.9,17.4,16.82,16.82,1829657.0,23766822.0
2014-01-10,16.61,16.62,15.82,15.82,2423254.0,29691868.0
2014-01-13,15.63,16.07,15.34,15.54,1806249.0,21399032.0
2014-01-14,15.52,16.25,15.52,16.2,1434539.0,17460778.0
2014-01-15,16.2,17.07,16.08,16.85,3493255.0,43960112.0
2014-01-16,16.75,17.1,16.69,16.83,1394458.0,17862148.0
2014-01-17,16.83,17.12,16.49,16.9,1360232.0,17452372.0
2014-01-20,16.81,17.58,16.77,17.28,1623625.0,21320460.0
2014-01-21,17.29,17.65,17.12,17.56,1365993.0,18031678.0
2014-01-22,17.45,17.77,17.21,17.69,1899057.0,25273118.0
2014-01-23,17.65,18.41,17.43,17.91,2657910.0,36211648.0
2014-01-24,17.79,18.28,17.66,17.95,2373774.0,32498436.0
2014-01-27,18.2,19.49,18.04,18.83,6386181.0,91836720.0
2014-01-28,18.72,19.35,18.11,19.23,5501163.0,78429408.0
2014-01-29,19.18,19.23,18.81,19.14,2683422.0,38843616.0
2014-01-30,19.16,19.16,18.49,18.49,1177872.0,16733891.0
2014-02-07,18.37,19.09,18.21,18.99,1399311.0,19817898.0
2014-02-10,19.37,19.7,18.99,19.36,3194457.0,46948116.0
2014-02-11,19.16,19.43,18.47,19.1,2552876.0,36693080.0
2014-02-12,18.98,21.01,18.98,21.01,10032038.0,157825728.0
2014-02-13,21.36,21.36,20.09,20.26,6413520.0,99894760.0
2014-02-14,20.3,20.73,20.16,20.44,3750347.0,58030672.0
2014-02-17,20.53,21.17,20.19,21.05,5655481.0,89496968.0
2014-02-18,21.71,21.71,20.57,20.82,2695599.0,42806140.0
2014-02-19,20.48,20.81,20.15,20.48,2310174.0,35877560.0
2014-02-20,20.28,20.81,19.81,20.78,2697880.0,41772880.0
2014-02-21,20.74,20.88,20.19,20.69,1104298.0,17193034.0
2014-02-24,20.81,20.81,20.26,20.65,926360.0,14403861.0
2014-02-25,20.66,21.11,19.2,19.2,2311983.0,36066644.0
2014-02-26,19.2,19.52,18.32,19.36,1284150.0,18606702.0
2014-02-27,19.36,19.84,18.78,18.91,1135869.0,16707487.0
2014-02-28,18.93,19.34,18.68,19.26,737496.0,10678482.0
2014-03-03,19.12,19.76,19.1,19.65,817624.0,12156474.0
2014-03-04,19.66,19.89,19.26,19.73,919707.0,13721879.0
2014-03-05,19.68,19.88,19.34,19.56,617407.0,9154724.0
2014-03-06,19.4,19.51,18.83,19.09,1029564.0,14928439.0
2014-03-07,19.07,19.45,18.89,18.98,815217.0,11842699.0
2014-03-10,18.97,19.32,18.55,18.64,1009075.0,14485376.0
2014-03-11,18.61,19.14,18.6,18.9,667449.0,9596374.0
2014-03-12,18.83,19.11,17.91,18.64,919274.0,12908355.0
2014-03-13,18.64,18.8,18.52,18.78,372182.0,5274669.0
2014-03-14,18.78,18.97,18.47,18.87,301641.0,4297939.0
2014-03-17,18.44,19.23,18.44,19.19,863127.0,12535732.0
2014-03-18,19.26,19.84,19.19,19.76,1270341.0,18868246.0
2014-03-19,19.82,19.82,19.41,19.7,595807.0,8872949.0
2014-03-20,19.65,19.78,19.1,19.1,599194.0,8863224.0
2014-03-21,19.1,19.59,18.66,19.53,755647.0,10958857.0
2014-03-24,19.53,20.15,19.52,19.89,1507685.0,22817316.0
2014-03-25,21.34,21.88,19.47,19.47,10313631.0,163251776.0
2014-03-26,18.97,19.36,18.7,19.07,2335341.0,33744272.0
2014-03-27,19.0,19.73,18.91,19.49,3392531.0,49781168.0
2014-03-28,19.36,20.18,18.64,19.47,4022187.0,59470524.0
2014-03-31,19.48,19.56,18.7,18.74,1217558.0,17579584.0
2014-04-01,18.74,18.98,18.44,18.93,965086.0,13756494.0
2014-04-02,19.02,19.27,18.62,18.62,1018101.0,14677142.0
2014-04-03,18.82,18.97,18.64,18.69,718239.0,10223790.0
2014-04-04,18.69,18.89,18.58,18.72,921796.0,13083613.0
2014-04-08,18.69,19.1,18.65,18.99,734823.0,10544544.0
2014-04-09,18.91,19.35,18.91,19.35,1560833.0,22677872.0
2014-04-10,19.43,19.61,19.24,19.34,1474671.0,21766200.0
2014-04-11,19.23,19.32,19.1,19.3,823316.0,11997105.0
2014-04-14,19.53,19.62,19.24,19.6,1714445.0,25287186.0
2014-04-15,19.55,20.35,19.45,20.15,3414497.0,51652316.0
2014-04-16,20.15,21.28,19.9,21.03,4790409.0,75368848.0
2014-04-17,21.02,21.28,20.53,21.07,2740507.0,43613900.0
2014-04-18,21.01,21.18,20.57,20.78,1468252.0,23259070.0
2014-04-21,20.41,20.78,19.98,20.02,1812712.0,27946414.0
2014-04-22,20.02,20.26,19.61,19.95,1067004.0,16083348.0
2014-04-23,19.82,20.34,19.82,20.22,753122.0,11507352.0
2014-04-24,20.38,20.38,19.62,19.76,613529.0,9232598.0
2014-04-25,19.88,21.57,19.76,20.81,2969428.0,46766760.0
2014-04-28,20.48,21.05,19.22,19.22,1745545.0,26684464.0
2014-04-29,19.19,19.84,18.46,19.76,935637.0,13626941.0
2014-04-30,19.88,21.56,19.64,21.07,2312098.0,36410696.0
2014-05-05,21.07,22.79,21.01,22.51,5030738.0,83857800.0
2014-05-06,22.36,22.59,21.89,22.57,3602099.0,60983080.0
2014-05-07,22.39,22.85,21.9,22.06,3038071.0,51418644.0
2014-05-08,22.07,22.3,21.34,21.55,2969209.0,49097704.0
2014-05-09,21.47,21.86,20.53,21.05,2393983.0,38324244.0
2014-05-12,21.45,23.15,21.25,23.15,6684174.0,114075408.0
2014-05-13,22.98,23.37,22.36,23.16,9112228.0,92805400.0
2014-05-14,22.96,25.48,22.83,24.0,14150739.0,151069616.0
2014-05-15,23.88,26.4,23.73,26.4,14238372.0,161996512.0
2014-05-16,26.96,26.96,24.8,25.84,19067500.0,219476160.0
2014-05-19,25.84,26.4,24.24,24.67,14005120.0,158092320.0
2014-05-20,24.49,25.82,24.26,25.64,14378382.0,160566112.0
2014-05-21,24.94,24.96,23.84,24.67,9617483.0,104214488.0
2014-05-22,24.4,25.07,23.82,23.97,9048122.0,98142536.0
2014-05-23,23.55,24.42,23.25,24.22,7122530.0,75547432.0
2014-05-26,24.2,24.53,23.68,24.53,7054541.0,75872488.0
2014-05-27,24.35,24.67,23.7,24.22,6133471.0,66012380.0
2014-05-28,24.2,25.84,23.86,25.45,11978746.0,132816760.0
2014-05-29,24.98,25.34,23.59,23.95,9377230.0,102773000.0
2014-05-30,23.95,24.53,23.41,24.04,5511118.0,59077444.0
2014-06-03,24.0,24.11,23.48,23.64,3611612.0,38182832.0
2014-06-04,23.64,23.64,22.45,22.58,5549440.0,56376316.0
2014-06-05,22.51,22.71,21.46,22.67,6206221.0,60851816.0
2014-06-06,22.4,22.6,22.04,22.51,3957283.0,39409444.0
2014-06-09,22.24,22.6,22.02,22.04,2862822.0,28466938.0
2014-06-10,22.13,22.42,21.7,22.24,2857529.0,28148290.0
2014-06-11,22.24,23.03,22.13,22.87,4232359.0,42792152.0
2014-06-12,22.71,23.19,22.65,22.92,3467936.0,35335440.0
2014-06-13,22.87,23.1,22.65,22.94,3117017.0,31793908.0
2014-06-16,22.94,23.05,22.69,22.83,2529367.0,25676586.0
2014-06-17,22.83,22.92,21.97,22.2,2917915.0,29140724.0
2014-06-18,22.06,22.22,21.57,21.64,2474981.0,24032294.0
2014-06-19,21.64,21.88,20.29,20.69,2410063.0,22790684.0
2014-06-20,20.69,20.78,20.36,20.71,1532129.0,14015244.0
2014-06-23,20.76,21.21,20.76,21.07,1631875.0,15248645.0
2014-06-24,21.34,21.34,20.96,21.19,1177172.0,11041550.0
2014-06-25,21.16,21.19,20.56,20.67,1434346.0,13244513.0
2014-06-26,20.69,21.43,20.6,21.28,2732166.0,25703420.0
2014-06-27,21.23,21.7,21.07,21.52,2248819.0,21510240.0
2014-06-30,21.55,22.8,21.48,22.65,5304914.0,52659060.0
2014-07-01,22.53,22.83,22.24,22.45,3779191.0,37775972.0
2014-07-02,22.45,23.01,22.31,22.62,3216949.0,32416168.0
2014-07-03,22.65,23.01,22.42,22.98,4085685.0,41579568.0
2014-07-04,22.92,23.23,22.47,22.62,2914305.0,29705268.0
2014-07-07,22.62,22.76,22.24,22.53,1954403.0,19565210.0
2014-07-08,22.53,22.96,22.38,22.96,2753797.0,27778808.0
2014-07-09,23.05,23.05,22.33,22.38,2948917.0,29855530.0
2014-07-10,22.38,22.62,22.24,22.29,1882431.0,18786506.0
2014-07-11,22.29,23.21,22.15,23.21,2641163.0,26704426.0
2014-07-14,24.04,25.52,23.82,25.52,8285063.0,92227152.0
2014-07-15,26.69,26.69,24.87,25.23,10883274.0,124394896.0
2014-07-16,25.23,25.39,23.93,24.02,5355605.0,58639360.0
2014-07-17,23.84,24.85,23.61,24.04,4328718.0,46985016.0
2014-07-18,23.91,24.56,23.7,24.11,3097859.0,33325654.0
2014-07-21,24.11,25.21,24.0,24.94,4582447.0,50507764.0
2014-07-22,24.67,25.25,24.31,24.94,4275174.0,47203108.0
2014-07-23,24.69,25.45,24.67,25.03,3651927.0,40760936.0
2014-07-24,24.92,25.39,23.66,23.82,4286174.0,46437492.0
2014-07-25,23.77,24.22,23.7,24.04,1690114.0,17997730.0
2014-07-28,24.04,24.87,23.95,24.56,2781757.0,30110134.0
2014-07-29,24.6,24.94,24.53,24.85,3217665.0,35461588.0
2014-07-30,24.83,25.16,24.47,24.83,3023424.0,33221898.0
2014-07-31,25.59,27.32,25.59,27.32,14736629.0,175554272.0
2014-08-01,27.36,27.77,26.13,26.24,12675198.0,152468096.0
2014-08-04,26.22,26.67,25.95,26.53,5677473.0,66666064.0
2014-08-05,26.31,26.74,26.17,26.4,4602307.0,54119968.0
2014-08-06,26.29,26.62,25.88,26.47,3978465.0,46474992.0
2014-08-07,26.51,26.74,26.33,26.56,4292251.0,50723524.0
2014-08-08,26.71,28.76,26.69,27.77,9598363.0,119169096.0
2014-08-11,27.63,28.04,27.18,27.88,4784308.0,58947304.0
2014-08-12,27.72,28.08,27.52,27.9,3531318.0,43663404.0
2014-08-13,28.04,30.02,27.63,29.72,9830640.0,126616488.0
2014-08-14,29.21,30.44,28.82,29.09,8444977.0,111649544.0
2014-08-15,29.21,29.41,28.53,29.39,4409554.0,56877112.0
2014-08-18,29.45,29.81,29.21,29.79,4290734.0,56201236.0
2014-08-19,29.88,29.88,28.87,29.23,4336890.0,56628056.0
2014-08-20,29.16,29.23,28.6,28.85,3638827.0,46775844.0
2014-08-21,28.82,28.82,27.99,28.47,4103145.0,51631980.0
2014-08-22,28.42,28.78,28.33,28.64,2468893.0,31450318.0
2014-08-25,28.53,28.89,28.17,28.29,2553239.0,32370410.0
2014-08-26,28.33,28.64,28.08,28.62,3328650.0,42086936.0
2014-08-27,28.67,28.89,28.35,28.76,2509939.0,32054316.0
2014-08-28,28.69,28.82,27.23,27.32,3416801.0,42430156.0
2014-08-29,27.27,27.81,26.89,27.79,1367841.0,16738655.0
2014-09-01,27.97,28.69,27.63,28.51,1834567.0,23171064.0
2014-09-02,28.82,28.98,28.38,28.89,3607286.0,46159736.0
2014-09-03,28.98,29.09,28.53,28.64,3064242.0,39223372.0
2014-09-04,28.71,29.52,28.58,29.45,4731986.0,61603592.0
2014-09-05,29.34,29.43,28.87,29.25,2573812.0,33368170.0
2014-09-09,29.34,29.43,28.76,29.14,2677239.0,34740936.0
2014-09-10,29.39,30.2,29.21,29.86,4281247.0,56945024.0
2014-09-11,29.88,30.11,29.16,29.39,3864776.0,50949880.0
2014-09-12,29.25,29.5,28.85,29.45,2463304.0,31951874.0
2014-09-15,29.45,29.88,29.09,29.84,3104844.0,40814588.0
2014-09-16,29.86,30.04,28.22,28.38,3357479.0,43460608.0
2014-09-17,28.13,28.76,28.04,28.6,1423896.0,17993982.0
2014-09-18,28.62,28.96,28.31,28.53,1790492.0,22821528.0
2014-09-19,28.51,28.82,28.33,28.76,1224752.0,15602413.0
2014-09-22,28.69,28.85,27.97,28.76,1933781.0,24441480.0
2014-09-23,28.71,29.63,28.33,29.5,3512485.0,45782336.0
2014-09-24,29.43,30.02,29.23,29.86,4636876.0,61376808.0
2014-09-25,29.86,30.17,29.43,29.7,2770779.0,36786420.0
2014-09-26,29.43,30.8,29.41,30.62,5962835.0,80758576.0
2014-09-29,30.64,31.88,30.64,31.52,6257866.0,87201456.0
2014-09-30,31.63,31.68,30.91,31.27,3541164.0,49100240.0
2014-10-08,31.27,31.3,30.6,31.25,3640991.0,50171708.0
2014-10-09,31.12,31.68,30.6,31.18,3904574.0,54259600.0
2014-10-10,30.8,31.09,30.42,30.78,3011518.0,41193160.0
2014-10-13,30.73,30.73,29.88,30.4,2136326.0,28732578.0
2014-10-14,30.44,32.8,30.4,32.22,7273360.0,102708968.0
2014-10-15,32.24,32.24,31.18,31.72,3460046.0,48761468.0
2014-10-16,31.34,31.57,30.04,30.06,4793972.0,65774272.0
2014-10-17,30.13,30.73,29.5,30.46,2944115.0,39520780.0
2014-10-20,30.69,30.8,30.02,30.73,1742348.0,23687504.0
2014-10-21,30.6,30.69,29.97,30.08,1643587.0,22171416.0
2014-10-22,30.04,30.46,29.88,30.46,1762802.0,23695572.0
2014-10-23,30.15,31.36,30.11,31.36,3912398.0,53793856.0
2014-10-24,31.48,31.66,30.94,31.3,3396631.0,47286348.0
2014-10-27,30.91,30.91,29.84,30.22,2412209.0,32493482.0
2014-10-28,30.26,31.34,30.22,31.18,3105426.0,42624364.0
2014-10-29,31.45,32.02,31.09,31.61,4186049.0,59061752.0
2014-10-30,31.52,33.99,31.5,32.73,6730890.0,98132480.0
2014-10-31,32.58,32.67,31.39,31.88,3906808.0,55521040.0
2014-11-03,31.77,32.31,31.48,31.68,2972274.0,42094304.0
2014-11-04,31.68,31.79,31.18,31.34,2390500.0,33407078.0
2014-11-05,31.34,31.39,30.67,31.05,1865951.0,25694402.0
2014-11-06,31.03,31.99,30.82,31.93,2052195.0,28768692.0
2014-11-07,31.9,32.31,31.21,31.21,2469690.0,34948656.0
2014-11-10,31.0,31.57,30.87,31.03,2114588.0,29246456.0
2014-11-11,31.75,32.26,30.2,30.6,3625168.0,50499232.0
2014-11-12,30.62,31.41,30.35,30.94,1527748.0,20910926.0
2014-11-13,30.87,31.0,29.68,29.68,2127304.0,28523466.0
2014-11-14,29.66,29.84,28.62,29.18,2112307.0,27340016.0
2014-11-17,29.18,30.58,28.98,30.51,2085996.0,27841278.0
2014-11-18,30.44,30.94,30.24,30.53,1468756.0,20022058.0
2014-11-19,30.42,30.98,30.29,30.82,1271587.0,17396486.0
2014-11-20,30.76,31.09,30.46,30.98,1034140.0,14186190.0
2014-11-21,30.96,31.81,30.96,31.45,2982892.0,41879076.0
2014-11-24,31.77,31.84,31.3,31.5,1987559.0,27901012.0
2014-11-25,31.5,32.04,31.3,31.88,2088084.0,29528828.0
2014-11-26,31.9,32.2,31.21,31.34,2186714.0,30729754.0
2014-11-27,31.32,31.86,31.18,31.84,2947604.0,41507164.0
2014-11-28,31.84,31.9,31.34,31.41,1833209.0,25766116.0
2014-12-01,31.23,32.31,30.58,32.31,3670863.0,51689024.0
2014-12-02,32.22,33.66,31.93,32.78,5360463.0,78749640.0
2014-12-03,32.65,33.34,32.24,33.07,2800968.0,40712132.0
2014-12-04,33.18,34.31,33.16,34.02,3754742.0,56768608.0
2014-12-05,34.24,34.85,31.23,34.82,5903896.0,87848472.0
2014-12-08,34.58,36.35,34.04,35.95,6193196.0,97579440.0
2014-12-09,35.84,35.84,32.35,32.35,5395758.0,81458960.0
2014-12-10,31.43,33.0,31.18,32.35,2746944.0,39533308.0
2014-12-11,32.35,32.98,31.45,32.69,2085395.0,30135440.0
2014-12-12,32.71,33.0,32.26,32.85,1674683.0,24313380.0
2014-12-15,32.85,33.43,32.55,33.25,2047959.0,30138300.0
2014-12-16,33.43,33.43,32.26,32.35,2108341.0,30668800.0
2014-12-17,32.35,33.12,31.43,31.84,3759649.0,53821424.0
2014-12-18,31.84,32.4,31.84,31.9,1202486.0,17139406.0
2014-12-19,31.95,32.31,30.55,30.76,2109536.0,29162128.0
2014-12-22,30.46,31.0,27.68,27.68,3109621.0,39357708.0
2014-12-23,27.57,29.12,27.12,27.88,1549558.0,19470872.0
2014-12-24,28.31,28.96,27.9,28.73,1186430.0,14997605.0
2014-12-25,28.71,28.98,28.31,28.56,1062802.0,13524233.0
2014-12-26,28.53,28.53,27.77,27.93,1870521.0,23331472.0
2014-12-29,27.75,27.95,27.32,27.41,1203047.0,14741491.0
2014-12-30,27.36,27.36,26.17,26.24,1628823.0,19255300.0
2014-12-31,26.02,27.16,25.73,27.16,1277981.0,15319284.0
2015-01-05,27.32,27.61,26.56,27.41,1178414.0,14182624.0
2015-01-06,27.3,28.15,26.71,27.88,1319140.0,16183192.0
2015-01-07,27.63,27.93,27.18,27.45,1201266.0,14677487.0
2015-01-08,27.5,28.42,27.21,28.4,2157296.0,26895504.0
2015-01-09,29.21,30.31,28.42,28.78,3502565.0,45565088.0
2015-01-12,28.4,28.87,27.75,28.29,1088846.0,13592871.0
2015-01-13,28.29,28.44,27.61,28.24,1629019.0,20316640.0
2015-01-14,28.02,28.69,28.02,28.11,790324.0,9930198.0
2015-01-15,28.38,28.49,27.86,27.97,649711.0,8105519.0
2015-01-16,28.2,28.2,27.52,27.77,1453506.0,17917234.0
2015-01-19,27.72,28.04,26.53,27.23,1251378.0,15317684.0
2015-01-20,27.43,28.51,27.07,28.42,1999732.0,24928162.0
2015-01-21,28.71,29.43,28.47,29.16,2402042.0,30983324.0
2015-01-22,29.23,29.63,28.62,29.63,1902467.0,24731870.0
2015-01-23,29.54,29.77,28.98,28.98,1383644.0,17990254.0
2015-01-26,28.67,29.32,28.67,29.32,982406.0,12742912.0
2015-01-27,29.39,30.04,29.23,29.86,1954954.0,25841498.0
2015-01-28,32.85,32.85,32.85,32.85,1253701.0,18329108.0
2015-01-29,34.38,35.92,32.15,33.92,10593012.0,160707616.0
2015-01-30,33.48,33.48,32.4,32.53,3679424.0,53827128.0
2015-02-02,31.9,33.18,31.61,32.76,2442593.0,35614468.0
2015-02-03,32.91,33.63,32.31,33.14,2272193.0,33239690.0
2015-02-04,33.12,33.14,32.49,32.65,1858796.0,27138590.0
2015-02-05,32.82,33.14,32.49,32.94,1656293.0,24223856.0
2015-02-06,32.94,33.16,31.72,32.47,1417258.0,20640664.0
2015-02-09,32.13,32.55,31.36,31.39,1157169.0,16436372.0
2015-02-10,31.34,31.68,31.14,31.59,769634.0,10739961.0
2015-02-11,31.61,32.42,31.5,31.97,995740.0,14119086.0
2015-02-12,32.02,32.51,31.77,32.49,903276.0,12971720.0
2015-02-13,32.73,33.59,32.67,33.16,2034137.0,30094044.0
2015-02-16,33.03,33.92,33.03,33.7,1554867.0,23259980.0
2015-02-17,33.7,34.17,33.39,33.66,1395511.0,20908694.0
2015-02-25,33.66,34.02,33.03,33.21,1001473.0,14900161.0
2015-02-26,33.05,33.48,33.05,33.23,982830.0,14541707.0
2015-02-27,33.09,34.44,33.09,34.33,2508395.0,38006232.0
2015-03-02,34.44,36.51,34.44,35.7,4320034.0,68444264.0
2015-03-03,35.5,39.27,34.87,38.19,11198029.0,189249056.0
2015-03-04,38.08,38.08,36.85,37.5,6229045.0,103594784.0
2015-03-05,37.3,38.4,37.25,37.61,2289389.0,38430820.0
2015-03-06,37.72,38.06,36.4,36.44,2328591.0,38368004.0
2015-03-09,36.35,37.2,36.31,36.98,1535644.0,25238948.0
2015-03-10,36.91,38.37,36.73,38.13,2916366.0,49019592.0
2015-03-11,38.13,39.36,37.99,38.82,2545420.0,44029480.0
2015-03-12,39.32,39.97,36.62,37.38,2624755.0,43883056.0
2015-03-13,37.63,37.77,36.96,37.72,2259761.0,37585912.0
2015-03-16,37.88,38.82,37.88,38.4,2228620.0,38079856.0
2015-03-17,38.76,38.76,37.77,38.46,3034849.0,51693748.0
2015-03-18,38.55,39.9,38.1,39.77,3945017.0,68645736.0
2015-03-19,39.61,40.44,39.07,40.31,3593824.0,63610540.0
2015-03-20,40.13,41.12,39.59,40.37,3332507.0,59826416.0
2015-03-23,40.66,44.15,40.51,43.63,4178085.0,79024848.0
2015-03-24,43.99,44.15,40.84,43.07,4175720.0,79433728.0
2015-03-25,43.07,47.16,41.88,46.98,5558013.0,111069744.0
2015-03-26,46.08,51.43,44.93,49.38,6747288.0,145990208.0
2015-03-27,48.3,50.33,47.41,48.93,4862293.0,104932800.0
2015-03-30,48.75,48.91,47.59,48.53,3198900.0,68583976.0
2015-03-31,48.44,51.43,47.9,51.11,5469702.0,121641336.0
2015-04-01,51.67,53.45,49.99,52.84,6044733.0,138371712.0
2015-04-02,53.36,57.34,53.02,54.59,5959686.0,145356560.0
2015-04-03,53.92,56.05,53.02,55.45,5027556.0,123397968.0
2015-04-07,55.72,56.98,54.93,56.62,4565707.0,113735736.0
2015-04-08,56.59,58.37,55.72,57.29,5931728.0,151298976.0
2015-04-09,57.29,57.29,51.63,54.41,4815798.0,117112600.0
2015-04-10,53.58,57.29,53.29,56.17,3291882.0,81279720.0
2015-04-13,56.19,57.07,54.82,56.41,3576406.0,89632552.0
2015-04-14,55.9,62.05,54.15,62.05,5275211.0,134092368.0
2015-04-15,62.05,68.25,60.68,68.12,9860895.0,291469280.0
2015-04-16,65.83,74.93,62.01,74.93,7959930.0,255054992.0
2015-04-17,76.36,80.99,71.67,74.59,6295442.0,213601104.0
2015-04-20,71.92,79.76,68.86,78.07,5429188.0,175387504.0
2015-04-21,75.38,81.73,74.16,78.97,4291179.0,149282912.0
2015-04-22,78.3,80.7,76.39,78.19,3172589.0,109951544.0
2015-04-23,76.61,78.16,73.65,74.03,4528200.0,152210336.0
2015-04-24,72.75,74.7,71.96,74.68,2942784.0,96234160.0
2015-05-26,82.14,82.14,82.14,82.14,71240.0,2604535.0
2015-05-27,90.36,90.36,90.36,90.36,57105.0,2296763.0
2015-05-28,99.39,99.39,99.39,99.39,811183.0,35886736.0
2015-05-29,102.17,109.33,89.43,109.33,16334235.0,361902944.0
2015-06-01,113.42,120.26,108.88,109.73,20532804.0,525739264.0
2015-06-02,107.07,120.71,103.07,120.62,20175096.0,500744160.0
2015-06-03,117.02,119.95,112.47,114.32,13257905.0,342796448.0
2015-06-04,113.87,113.87,102.89,108.47,9140486.0,219188784.0
2015-06-05,110.31,112.43,107.12,109.82,7588068.0,185039840.0
2015-06-08,109.06,112.52,104.87,110.36,7268606.0,175337776.0
2015-06-09,109.5,114.1,106.04,110.81,8625682.0,214168064.0
2015-06-10,109.5,113.19,107.39,112.3,6756921.0,168272848.0
2015-06-11,112.3,119.27,112.3,116.35,9862052.0,253847856.0
2015-06-12,114.77,117.16,113.42,113.69,6634577.0,168570896.0
2015-06-15,112.07,112.52,105.77,106.04,7133134.0,172074416.0
2015-06-16,102.71,105.32,95.42,96.23,5543501.0,123638136.0
2015-06-17,96.36,99.65,90.02,98.12,5213700.0,110289464.0
2015-06-18,98.97,98.97,92.72,93.39,3019389.0,64849276.0
2015-06-19,93.84,93.84,84.08,84.08,4005514.0,77983280.0
2015-06-23,82.36,86.42,75.66,79.71,4125054.0,73785648.0
2015-06-24,81.83,84.08,79.26,81.47,3905459.0,71157544.0
2015-06-25,82.81,89.61,81.06,89.61,9324334.0,182147456.0
2015-06-26,88.67,98.3,85.47,96.32,19614712.0,408284864.0
2015-06-29,105.0,105.95,96.23,105.95,24186004.0,544194048.0
2015-06-30,103.52,110.22,95.37,102.17,19349228.0,430968576.0
2015-07-01,99.92,99.92,91.95,91.95,11288254.0,241647232.0
2015-07-02,83.72,87.45,82.77,82.77,6508931.0,120635880.0
2015-07-03,74.49,80.25,74.49,74.49,4743764.0,79222312.0
2015-07-06,81.02,81.02,67.06,67.06,8038110.0,127829496.0
2015-07-07,60.36,60.36,60.36,60.36,649400.0,8708454.0
2015-07-15,66.39,66.39,66.39,66.39,1433248.0,21140408.0
2015-07-16,61.57,67.96,59.77,63.78,10114990.0,143718256.0
2015-07-17,62.97,69.22,62.97,68.01,12924832.0,190254576.0
2015-07-20,68.23,71.29,66.16,70.62,12597083.0,193979488.0
2015-07-21,70.66,71.7,68.41,70.84,12669113.0,198506608.0
2015-07-22,71.11,72.69,67.51,69.99,10399177.0,163048400.0
2015-07-23,69.54,72.91,69.09,72.42,15022732.0,237470784.0
2015-07-24,72.82,77.37,71.25,75.03,20460532.0,335515264.0
2015-07-27,73.36,76.51,67.51,67.51,13852646.0,224981568.0
2015-07-28,61.53,68.82,60.76,61.66,12072731.0,168418224.0
2015-07-29,62.11,66.07,58.6,64.54,9484196.0,131483400.0
2015-07-30,64.68,64.81,59.32,59.46,9828027.0,137963824.0
2015-07-31,58.51,59.41,54.73,55.81,7889567.0,100146528.0
2015-08-03,54.95,54.95,50.23,50.36,7798999.0,89602480.0
2015-08-04,50.23,54.64,50.05,54.64,10270168.0,119511592.0
2015-08-05,54.69,56.22,52.43,53.92,10773037.0,130338864.0
2015-08-06,50.9,57.07,50.63,56.71,10084000.0,122524912.0
2015-08-07,58.1,59.41,56.89,59.05,12284845.0,158922256.0
2015-08-10,60.22,62.34,58.74,62.07,12166332.0,164020640.0
2015-08-11,64.54,67.51,63.64,64.63,16289358.0,236166896.0
2015-08-12,63.01,64.77,61.53,61.8,9914648.0,139026000.0
2015-08-13,61.57,63.6,60.81,63.6,7403707.0,103105304.0
2015-08-14,64.41,64.99,63.06,63.73,9413243.0,134079320.0
2015-08-17,63.28,64.36,62.11,64.36,7893959.0,110814024.0
2015-08-18,64.36,64.68,57.92,57.92,9672805.0,132133640.0
2015-08-19,54.33,59.91,52.66,59.01,8383563.0,104334536.0
2015-08-20,59.19,61.57,58.06,59.91,8268973.0,110428440.0
2015-08-21,58.6,59.82,53.92,53.97,6296283.0,79758400.0
2015-08-24,50.86,51.71,48.56,48.56,3646623.0,39904648.0
2015-08-25,43.7,44.33,43.7,43.7,4144502.0,40277660.0
2015-08-26,42.35,44.87,39.34,39.34,9547352.0,87779424.0
2015-08-27,38.39,41.36,35.96,39.65,9278353.0,80464024.0
2015-08-28,40.91,43.57,39.83,43.57,8994179.0,82492176.0
2015-08-31,44.02,44.02,40.51,40.55,6891397.0,64215464.0
2015-09-01,39.83,40.82,36.5,36.5,6405829.0,53335324.0
2015-09-02,33.76,37.58,33.13,33.76,7942899.0,61340132.0
2015-09-07,34.66,36.59,34.3,35.47,7944099.0,62718264.0
2015-09-08,34.66,39.02,34.66,39.02,9500485.0,77550648.0
2015-09-09,39.97,41.81,39.7,41.59,12760519.0,116135168.0
2015-09-10,40.51,45.14,40.28,44.11,16356338.0,156195920.0
2015-09-11,43.25,43.97,41.81,42.8,11466385.0,109079976.0
2015-09-14,42.8,43.3,38.53,38.53,9070714.0,81646104.0
2015-09-15,36.05,38.39,35.15,35.6,8593240.0,69725456.0
2015-09-16,35.96,39.16,35.96,39.16,7445422.0,61901332.0
2015-09-17,39.16,40.69,38.26,38.3,9430673.0,82671520.0
2015-09-18,38.44,39.38,37.4,38.71,5821082.0,49652452.0
2015-09-21,38.21,42.58,37.63,42.58,10375408.0,93128384.0
2015-09-22,43.21,43.61,41.41,42.04,11892745.0,112433904.0
2015-09-23,40.96,42.53,40.15,41.41,6857217.0,63008472.0
2015-09-24,41.41,43.66,41.32,42.76,10523082.0,100032920.0
2015-09-25,43.39,44.02,39.79,40.69,9504875.0,88537136.0
2015-09-28,41.63,42.31,39.83,42.04,6181343.0,57023524.0
2015-09-29,41.36,41.36,40.19,40.73,4770734.0,43285736.0
2015-09-30,41.18,42.22,40.87,41.45,4974264.0,45930912.0
2015-10-08,42.98,43.79,42.35,43.61,8023718.0,77146176.0
2015-10-09,44.38,44.83,43.25,44.78,9321677.0,91138616.0
2015-10-12,45.05,49.28,45.05,49.24,14515340.0,154443392.0
2015-10-13,48.16,51.8,48.16,50.9,14895455.0,165563968.0
2015-10-14,50.23,50.9,48.7,49.06,10411301.0,115487680.0
2015-10-15,48.7,53.97,48.65,52.88,13373748.0,155700400.0
2015-10-16,53.42,56.48,52.52,55.45,17762540.0,214734016.0
2015-10-19,55.63,56.58,52.93,54.05,11961472.0,144702912.0
2015-10-20,54.1,55.54,53.2,55.13,10402810.0,126979416.0
2015-10-21,54.73,55.36,49.64,49.64,13139027.0,152453760.0
2015-10-22,48.79,52.84,47.35,51.8,11692233.0,129696560.0
2015-10-23,52.21,53.88,50.18,53.16,11227211.0,129590328.0
2015-10-26,53.97,55.63,52.98,54.55,11394122.0,137250064.0
2015-10-27,53.47,54.69,50.14,53.65,8315841.0,97521184.0
2015-10-28,53.16,55.95,52.66,54.82,14631340.0,177889120.0
2015-11-03,53.47,53.52,50.23,51.04,9548785.0,109531888.0
2015-11-04,51.04,54.73,51.04,54.69,9666252.0,113756344.0
2015-11-05,54.37,58.28,54.05,57.34,16634906.0,208475888.0
2015-11-06,57.2,58.2,56.4,57.84,14087264.0,179327248.0
2015-11-09,56.94,59.86,55.59,58.42,11685575.0,149183328.0
2015-11-10,58.47,64.27,58.47,64.27,23019976.0,317955776.0
2015-11-11,64.36,64.36,62.02,63.91,16464327.0,230477088.0
2015-11-12,63.01,67.06,61.71,64.81,17960222.0,258158496.0
2015-11-13,63.46,64.27,60.54,61.53,10149705.0,141044192.0
2015-11-16,59.86,67.69,59.19,67.69,16453439.0,236500784.0
2015-11-17,69.76,72.82,66.66,66.75,21818272.0,339079872.0
2015-11-18,67.51,69.09,64.59,65.13,12750214.0,189454896.0
2015-11-19,65.13,69.85,63.51,69.04,11102916.0,164691888.0
2015-11-20,69.76,75.93,69.76,75.93,26239080.0,435362912.0
2015-11-23,78.54,83.0,74.26,78.85,21662532.0,372656000.0
2015-11-24,79.17,85.06,74.85,83.76,15693483.0,280794304.0
2015-11-25,82.81,92.13,82.68,92.13,11969721.0,238563744.0
2015-11-26,93.84,101.36,92.27,93.39,25164840.0,537760128.0
2015-11-27,92.31,97.67,88.71,93.62,20038942.0,412547904.0
2015-11-30,95.42,102.98,91.73,102.98,28118724.0,606605376.0
2015-12-01,101.27,102.62,92.72,93.17,19572394.0,427627776.0
2015-12-02,89.84,91.1,83.85,83.85,15563152.0,296852864.0
2015-12-03,83.85,89.07,81.06,87.5,16652026.0,313249408.0
2015-12-04,85.52,86.33,84.08,84.93,10161071.0,192290816.0
2015-12-07,84.93,86.06,83.85,84.84,8103759.0,153012928.0
2015-12-08,84.7,84.8,79.3,83.22,14634376.0,265463600.0
2015-12-09,83.27,89.16,82.81,88.08,19887464.0,380097856.0
2015-12-10,88.85,92.36,82.86,83.08,12951273.0,250495632.0
2015-12-11,80.79,90.02,76.51,85.47,16048589.0,297056832.0
2015-12-14,85.78,90.92,82.81,90.24,12740655.0,245286960.0
2015-12-15,88.49,98.48,88.31,98.43,18538160.0,390890176.0
2015-12-16,97.62,106.22,95.91,104.91,17041672.0,389626368.0
2015-12-17,107.03,107.61,103.38,104.82,16183308.0,378486816.0
2015-12-18,103.52,104.42,97.67,100.05,17973448.0,401424128.0
2015-12-21,100.01,100.01,95.87,96.72,12146569.0,262620464.0
2015-12-22,97.31,106.4,97.26,106.4,17687356.0,404009760.0
2015-12-23,107.84,110.99,102.17,102.44,18197772.0,431285376.0
2015-12-24,102.53,107.57,98.79,107.57,11323946.0,260338624.0
2015-12-25,107.57,112.2,105.81,110.05,15911736.0,390147456.0
2015-12-28,110.0,120.85,108.92,115.76,20477370.0,530413536.0
2015-12-29,113.51,125.12,112.3,119.72,19875672.0,530586944.0
2015-12-30,119.27,123.77,115.27,117.47,14992146.0,397551744.0
2015-12-31,115.67,118.28,111.08,112.07,11758849.0,296209888.0
2016-01-04,110.94,115.36,103.52,103.88,9173638.0,226547920.0
2016-01-05,95.46,112.52,95.46,108.92,16018865.0,379403872.0
2016-01-06,109.59,111.08,104.96,110.27,11543320.0,276940800.0
2016-01-07,107.57,108.02,99.24,99.24,2124588.0,48782760.0
2016-01-08,101.27,102.62,90.69,93.84,10302268.0,223799600.0
2016-01-11,90.06,90.15,84.48,84.48,10959087.0,207898544.0
2016-01-12,79.44,86.42,76.51,83.36,12090858.0,216614000.0
2016-01-13,85.29,86.42,81.02,83.22,9197413.0,171643632.0
2016-01-14,78.36,89.07,77.86,88.62,10460251.0,198888880.0
2016-01-15,87.9,93.62,83.27,85.47,11795432.0,233788240.0
2016-01-18,83.27,90.83,83.04,88.71,9984646.0,195197776.0
2016-01-19,88.67,92.72,87.36,92.13,9209412.0,185928560.0
2016-01-20,93.08,95.1,89.16,90.56,11076750.0,226543168.0
2016-01-21,88.71,90.33,81.51,81.56,9201017.0,176458880.0
2016-01-22,84.62,84.62,74.98,79.8,12142272.0,212741328.0
2016-01-25,79.67,83.27,79.67,81.15,9715900.0,176136720.0
2016-01-26,80.16,80.16,73.05,73.05,9412148.0,158154576.0
2016-01-27,73.05,73.5,65.85,68.28,8870036.0,134340336.0
2016-01-28,67.47,69.99,61.44,61.44,8025073.0,116554224.0
2016-01-29,59.86,66.07,59.5,63.55,8982202.0,125817016.0
2016-02-01,63.1,65.98,62.47,63.91,8515101.0,121844240.0
2016-02-02,64.54,69.27,63.87,68.91,10826093.0,162990672.0
2016-02-03,67.51,69.54,65.04,68.32,7727839.0,115314088.0
2016-02-04,68.19,75.16,67.96,75.16,11185342.0,182270448.0
2016-02-05,76.74,76.87,72.78,73.59,7728197.0,127152696.0
2016-02-15,70.89,76.51,69.81,74.35,9382750.0,154745664.0
2016-02-16,74.67,80.07,74.67,78.63,9565594.0,163990480.0
2016-02-17,78.4,80.2,76.51,78.67,8852404.0,154567952.0
2016-02-18,79.22,83.22,78.13,78.81,8980915.0,160882752.0
2016-02-19,77.68,82.77,77.46,81.38,10245910.0,182846416.0
2016-02-22,81.92,84.34,81.69,82.45,7275360.0,133632216.0
2016-02-23,83.36,83.53,77.37,79.35,8448680.0,149649520.0
2016-02-24,79.35,80.66,72.46,76.56,12407721.0,209598688.0
2016-02-25,76.51,76.51,68.91,68.91,10128904.0,162476720.0
2016-02-26,68.91,70.44,65.35,66.66,9330557.0,139290960.0
2016-02-29,65.53,66.97,60.0,60.0,10346783.0,140192720.0
2016-03-01,60.99,62.88,58.29,62.7,9410056.0,128552400.0
2016-03-02,62.47,68.91,62.02,68.68,11355698.0,165750832.0
2016-03-03,68.73,71.79,68.01,68.01,12038379.0,186451648.0
2016-03-04,67.33,69.67,62.11,63.55,12406963.0,180501296.0
2016-03-07,63.91,66.48,63.91,64.9,6787132.0,98350784.0
2016-03-08,64.05,68.68,59.77,66.84,10802087.0,152041440.0
2016-03-09,64.81,66.57,63.01,63.96,6475813.0,93268792.0
2016-03-10,64.18,65.53,62.47,62.61,5892132.0,83471232.0
2016-03-11,61.21,64.63,61.12,64.05,7142991.0,100196584.0
2016-03-14,65.94,68.95,65.04,67.29,11161127.0,166677584.0
2016-03-15,67.33,68.19,65.71,66.34,8349080.0,124433768.0
2016-03-16,67.24,67.74,63.51,64.36,7342852.0,106102208.0
2016-03-17,66.43,70.8,65.71,70.8,19420580.0,297310848.0
2016-03-18,72.46,77.86,71.61,77.86,18142762.0,304485440.0
2016-03-21,83.49,85.65,83.27,85.65,7417225.0,139769088.0
2016-03-22,90.02,90.02,84.21,88.22,32443768.0,628610048.0
2016-03-23,87.32,93.62,85.06,91.32,32669680.0,647415296.0
2016-03-24,88.49,100.46,87.81,100.46,30808196.0,667378368.0
2016-03-25,99.6,103.52,94.47,98.75,36453852.0,799775488.0
2016-03-28,99.02,99.96,95.28,96.23,22976252.0,495751776.0
2016-03-29,95.87,96.81,91.59,94.97,19392416.0,406855008.0
2016-03-30,96.32,104.46,95.42,101.76,33617780.0,740334400.0
2016-03-31,103.52,103.61,98.57,99.11,27721044.0,623103168.0
2016-04-01,97.22,101.04,96.27,99.87,18701882.0,410857920.0
2016-04-05,101.18,109.86,99.38,109.86,35754048.0,846423040.0
2016-04-06,107.66,111.03,107.12,110.09,32158944.0,779297920.0
2016-04-07,109.28,118.06,106.62,111.53,28374424.0,709309120.0
2016-04-08,108.92,110.54,105.09,106.94,18187856.0,435333376.0
2016-04-11,109.1,115.09,106.8,107.57,19443264.0,478153024.0
2016-04-12,106.08,109.33,103.7,108.25,14723240.0,348320320.0
2016-04-13,110.5,113.42,109.14,109.5,22002774.0,544117376.0
2016-04-14,110.09,112.47,106.89,110.72,15009371.0,366365024.0
2016-04-15,110.67,121.79,110.5,121.79,30497084.0,802593472.0
2016-04-18,118.6,133.99,115.49,130.52,41415652.0,1135234688.0
2016-04-19,127.01,137.05,126.92,132.77,34921032.0,1022301376.0
2016-04-20,134.57,134.93,121.52,132.77,36394168.0,1043616064.0
2016-04-21,130.97,138.53,126.47,130.52,29323112.0,862783552.0
2016-04-22,126.2,128.27,124.04,126.79,20251570.0,568484928.0
2016-04-25,126.7,130.12,119.14,126.92,23200304.0,645035200.0
2016-04-26,125.12,132.77,124.22,132.01,27431456.0,790547072.0
2016-04-27,131.65,137.28,129.85,133.4,27397774.0,812102656.0
2016-04-28,132.64,133.0,121.52,125.8,27416388.0,772925120.0
2016-04-29,123.55,126.56,120.94,121.66,16204394.0,444192448.0
2016-05-03,121.66,130.43,121.34,129.17,21779498.0,613268288.0
2016-05-04,129.13,140.78,128.27,135.93,32449452.0,977186048.0
2016-05-05,135.7,135.88,131.02,134.71,20683380.0,614645120.0
2016-05-06,136.15,143.49,130.97,132.05,32621640.0,1001638464.0
2016-05-09,127.19,133.36,125.62,130.07,19906516.0,573389632.0
2016-05-10,129.85,137.23,129.08,132.68,22790896.0,677562816.0
2016-05-11,126.02,126.34,119.41,119.41,22885942.0,616187929.0
2016-05-12,108.02,115.67,107.48,112.83,28992423.0,714602687.0
2016-05-13,111.17,118.78,108.06,114.55,22844883.0,576609158.0
2016-05-16,113.51,116.35,111.62,116.35,18020451.0,456576889.0
2016-05-17,116.75,117.38,112.52,112.75,17212805.0,436608442.0
2016-05-18,111.75,117.92,109.28,111.67,19477372.0,493626868.0
2016-05-19,110.27,114.46,109.86,112.88,18921911.0,473860591.0
2016-05-20,110.41,112.83,108.56,110.22,17802656.0,437074739.0
2016-05-23,111.12,121.25,110.94,121.25,25517965.0,664592893.0
2016-05-24,126.25,126.88,121.97,123.28,35409008.0,976074010.0
2016-05-25,125.71,128.19,121.7,123.59,26390108.0,731238023.0
2016-05-26,121.2,127.06,115.84,126.3,30609394.0,821619508.0
2016-05-27,124.85,128.59,123.28,123.55,26023565.0,725596578.0
2016-05-30,118.77,119.9,115.21,117.64,18756708.0,490841077.0
2016-05-31,117.73,128.24,117.73,125.31,25470885.0,702367483.0
2016-06-01,125.08,134.19,124.4,129.45,30769947.0,887824888.0
2016-06-02,129.27,132.97,128.24,130.8,24636639.0,712726098.0
2016-06-03,129.81,131.62,126.88,129.23,23464498.0,674139344.0
2016-06-06,132.07,137.02,130.71,130.98,26683687.0,791309205.0
2016-06-07,130.71,138.83,127.47,136.35,32925977.0,975869390.0
2016-06-08,135.22,144.15,134.32,139.86,33600126.0,1045381691.0
2016-06-13,135.22,141.08,125.89,127.02,26362523.0,791716826.0
2016-06-14,126.48,130.67,124.18,130.44,18395523.0,522329303.0
2016-06-15,128.01,143.47,127.69,143.47,23527104.0,721465108.0
2016-06-16,145.14,155.14,142.48,150.59,40407124.0,1328863440.0
2016-06-17,148.74,155.19,146.72,148.16,26549614.0,884870932.0
2016-06-20,146.62,152.12,146.58,148.16,16974632.0,562094406.0
2016-06-21,149.1,151.0,141.98,143.34,22664313.0,731437059.0
2016-06-22,143.38,148.29,141.22,148.29,14485033.0,464157902.0
2016-06-23,147.48,149.47,141.98,142.97,13889257.0,445971133.0
2016-06-24,142.7,144.19,130.26,139.73,16791407.0,519222342.0
2016-06-27,138.42,144.06,137.61,143.11,12952104.0,407215833.0
2016-06-28,147.3,150.55,143.51,143.78,17755638.0,576290145.0
2016-06-29,142.25,147.21,141.04,142.21,13846473.0,440502663.0
2016-06-30,141.58,143.38,139.28,140.31,9793003.0,305607170.0
2016-07-01,142.43,146.85,141.53,142.88,16521556.0,529350996.0
2016-07-04,142.66,142.66,137.02,141.89,16238750.0,503496961.0
2016-07-05,141.89,142.21,138.29,140.86,12637399.0,392060274.0
2016-07-06,141.22,141.98,139.19,139.91,10548572.0,328902659.0
2016-07-07,138.87,139.91,135.22,136.89,15053401.0,456583852.0
2016-07-08,137.7,140.18,137.11,137.25,9690389.0,297821798.0
2016-07-11,135.76,137.88,132.97,133.33,10894086.0,324823084.0
2016-07-12,133.15,136.03,131.3,135.18,10388317.0,309460727.0
2016-07-13,136.03,137.66,134.32,135.63,9052782.0,272653977.0
2016-07-14,137.16,139.05,135.67,136.8,10400709.0,316720067.0
2016-07-15,135.72,137.11,132.52,133.46,8522929.0,253306647.0
2016-07-18,133.01,133.01,130.58,132.07,6365676.0,186050622.0
2016-07-19,132.52,134.77,130.76,134.77,7823170.0,230954555.0
2016-07-20,134.46,137.97,133.87,135.49,10680890.0,322865202.0
2016-07-21,137.47,137.47,133.42,133.51,7453626.0,223203974.0
2016-07-22,134.82,138.15,134.77,136.98,15848615.0,481401631.0
2016-07-25,136.89,140.54,135.76,136.3,11026169.0,337418412.0
2016-07-26,135.27,136.44,133.78,135.36,7697220.0,229678382.0
2016-07-27,135.45,135.81,121.83,121.83,18208947.0,514045653.0
2016-07-28,120.57,120.57,112.69,116.74,13071293.0,337620107.0
2016-07-29,116.29,116.97,112.86,113.18,7321837.0,186031068.0
2016-08-01,112.69,112.69,103.72,107.5,9366120.0,221981601.0
2016-08-02,108.13,111.78,108.13,111.78,9209663.0,225242376.0
2016-08-03,112.46,112.64,109.53,110.3,5550907.0,136102095.0
2016-08-04,111.29,117.96,110.84,115.34,11110461.0,284704736.0
2016-08-05,114.89,114.89,112.82,113.63,6503303.0,163837351.0
2016-08-08,113.68,114.04,109.3,112.86,5958955.0,147395749.0
2016-08-09,113.45,114.94,112.14,113.59,7330513.0,184188853.0
2016-08-10,113.59,114.17,112.69,113.59,6409534.0,161102060.0
2016-08-11,113.5,113.72,109.53,109.58,5986129.0,147880414.0
2016-08-12,108.9,109.89,107.73,109.62,5504815.0,132902640.0
2016-08-15,109.71,114.94,109.3,113.45,10031699.0,250858235.0
2016-08-16,113.27,119.0,113.27,117.64,13908650.0,359185314.0
2016-08-17,116.74,116.74,114.04,115.34,9878114.0,252686165.0
2016-08-18,115.03,115.84,113.45,114.31,6706249.0,170078875.0
2016-08-19,114.94,115.84,113.59,114.62,5411608.0,137671073.0
2016-08-22,115.39,115.39,111.47,111.51,6027510.0,151054294.0
2016-08-23,111.33,112.69,109.62,110.57,4409238.0,108586493.0
2016-08-24,110.48,113.41,110.43,111.96,5993806.0,148904537.0
2016-08-25,111.78,111.78,108.27,109.44,6454197.0,156309732.0
2016-08-26,111.33,114.94,111.2,112.23,9854279.0,248034102.0
2016-08-29,111.33,111.33,109.53,110.16,5151128.0,126031602.0
2016-08-30,109.67,110.79,109.67,110.12,3562407.0,87068695.0
2016-08-31,110.57,111.29,110.03,110.39,3727097.0,91341625.0
2016-09-01,110.39,110.61,108.63,108.81,4280928.0,103784937.0
2016-09-02,108.4,109.67,106.28,106.92,5054819.0,120825804.0
2016-09-05,107.5,108.4,106.6,106.96,3526587.0,84140208.0
2016-09-06,107.28,109.03,106.38,109.03,5091157.0,122056238.0
2016-09-07,108.72,109.8,107.64,107.77,5037937.0,121382580.0
2016-09-08,107.55,109.03,106.83,108.0,3221365.0,77178766.0
2016-09-09,107.32,108.04,106.42,106.47,4168817.0,98915628.0
2016-09-12,103.67,104.48,100.29,100.29,6159915.0,139879076.0
2016-09-13,100.52,102.14,100.29,100.78,3415782.0,76454862.0
2016-09-14,99.16,102.27,98.8,101.15,3589139.0,80237879.0
2016-09-19,101.1,102.09,100.74,101.19,2534532.0,56989182.0
2016-09-20,100.88,101.6,100.25,100.42,2447836.0,54703356.0
2016-09-21,103.44,110.48,103.44,110.48,20818220.0,507211680.0
2016-09-22,109.75,113.45,108.72,111.96,22532546.0,558401555.0
2016-09-23,111.06,113.59,109.58,113.05,17054004.0,424312406.0
2016-09-26,112.64,117.6,112.23,113.5,21967014.0,559288063.0
2016-09-27,112.55,112.73,108.99,112.46,12591497.0,311112419.0
2016-09-28,112.23,114.62,110.48,112.59,10040848.0,250834678.0
2016-09-29,112.69,113.59,110.88,111.15,7474276.0,185073870.0
2016-09-30,110.93,112.05,110.12,110.66,5265319.0,129477355.0
2016-10-10,112.14,117.19,110.88,115.84,14018023.0,357661472.0
2016-10-11,114.76,117.91,114.76,116.74,10160452.0,262314908.0
2016-10-12,116.83,117.1,114.85,115.39,7567943.0,194127163.0
2016-10-13,115.34,116.52,112.19,112.28,8224022.0,208080901.0
2016-10-14,111.33,113.18,111.11,112.69,5482528.0,136333396.0
2016-10-17,112.64,112.69,109.8,109.8,6172031.0,152156956.0
2016-10-18,110.66,112.1,109.98,112.01,5794123.0,143368151.0
2016-10-19,112.55,114.26,111.02,111.56,6133953.0,152830594.0
2016-10-20,111.33,115.8,110.43,115.61,13216441.0,332930359.0
2016-10-21,114.62,116.61,112.95,113.9,11357903.0,289091891.0
2016-10-24,113.9,115.61,112.78,114.13,6066225.0,153278351.0
2016-10-25,114.26,114.49,111.47,111.96,8701087.0,217551524.0
2016-10-26,111.65,112.28,109.12,110.03,7393619.0,180677974.0
2016-10-27,110.52,111.78,109.12,111.56,6488548.0,159268041.0
2016-10-28,111.74,112.14,109.08,109.08,6164466.0,150359958.0
2016-10-31,108.45,108.45,105.92,106.64,5145340.0,121940197.0
2016-11-01,107.19,108.18,106.83,108.0,3547645.0,84628466.0
2016-11-02,108.63,108.67,106.19,106.42,3910620.0,92701431.0
2016-11-03,106.64,112.55,104.53,109.48,10099473.0,243842849.0
2016-11-04,110.43,111.06,107.73,108.18,5890731.0,142683004.0
2016-11-07,107.95,109.17,106.6,107.19,3395658.0,80988794.0
2016-11-08,107.41,109.08,106.83,107.37,3427156.0,81863496.0
2016-11-09,107.55,107.55,103.67,105.38,4700999.0,110334293.0
2016-11-10,106.38,106.92,105.56,106.24,3492104.0,82268834.0
2016-11-11,106.28,107.59,105.38,106.69,4414977.0,104013284.0
2016-11-14,106.28,107.19,105.7,106.24,4351376.0,102834001.0
2016-11-15,106.38,108.09,105.88,107.68,5786233.0,137667113.0
2016-11-16,108.04,112.14,108.04,110.66,13099798.0,321945090.0
2016-11-17,111.78,113.72,109.98,110.07,12082649.0,299629871.0
2016-11-18,109.39,109.44,107.05,107.19,6998051.0,167190073.0
2016-11-21,106.28,107.05,106.01,106.51,4382629.0,103428486.0
2016-11-22,106.38,107.46,105.38,107.23,4726966.0,111611392.0
2016-11-23,107.28,107.5,105.83,105.92,4466664.0,105568262.0
2016-11-24,105.92,106.33,103.67,104.48,4147228.0,96872230.0
2016-11-25,104.48,105.02,102.32,103.94,4118082.0,94609335.0
2016-11-28,103.94,105.65,103.67,104.03,2894868.0,66965648.0
2016-11-29,104.03,104.03,101.96,101.96,4165442.0,94968236.0
2016-11-30,101.42,103.27,101.42,101.96,2610350.0,59234802.0
2016-12-01,101.96,102.81,101.64,102.77,2495064.0,56621971.0
2016-12-02,102.81,104.08,100.52,100.79,3456192.0,78094474.0
2016-12-05,100.52,101.78,98.85,101.01,2445413.0,54522742.0
2016-12-06,101.96,102.32,100.79,101.51,2280916.0,51279911.0
2016-12-07,101.69,101.96,100.16,101.64,1924243.0,43148248.0
2016-12-08,101.64,101.96,100.16,100.16,1815172.0,40583929.0
2016-12-09,100.2,101.24,97.81,97.95,3337615.0,73679112.0
2016-12-12,97.95,98.62,88.48,89.11,6684259.0,137215305.0
2016-12-13,87.85,88.62,84.78,87.71,4366166.0,84228449.0
2016-12-14,88.12,88.57,87.04,87.17,2269331.0,44131300.0
2016-12-15,86.14,90.15,86.14,88.75,3547396.0,69695540.0
2016-12-16,89.07,97.63,88.93,94.57,8058150.0,169284040.0
2016-12-19,92.58,93.3,90.69,91.32,4441602.0,90337541.0
2016-12-20,91.23,92.76,89.65,90.37,2730303.0,55214770.0
2016-12-21,90.6,91.91,90.6,91.05,2158442.0,43575887.0
2016-12-22,92.76,98.62,91.68,95.96,8935841.0,188736595.0
2016-12-23,96.68,96.68,92.4,93.21,5531716.0,115347933.0
2016-12-26,91.05,94.52,88.8,93.48,3283300.0,66821660.0
2016-12-27,93.71,94.03,91.95,92.31,2352017.0,48374860.0
2016-12-28,92.22,92.27,91.0,91.32,1951971.0,39659941.0
2016-12-29,91.32,95.56,90.64,91.68,3467919.0,71481566.0
2016-12-30,90.82,92.72,90.6,91.59,2264035.0,46072078.0
2017-01-03,91.19,92.67,91.19,92.04,1717601.0,35089615.0
2017-01-04,92.45,95.38,91.95,94.47,5140894.0,107166231.0
2017-01-05,95.24,97.63,94.43,94.61,6070279.0,129092119.0
2017-01-06,94.47,94.47,91.64,92.18,4195021.0,86226706.0
2017-01-09,91.41,93.03,91.41,92.54,1914799.0,39243022.0
2017-01-10,92.54,93.26,91.5,91.55,1790859.0,36516218.0
2017-01-11,91.41,91.41,89.25,89.97,2561100.0,51297426.0
2017-01-12,89.34,90.73,87.08,87.13,3154132.0,62011966.0
2017-01-13,86.18,87.58,85.19,85.69,2692387.0,51553127.0
2017-01-16,85.64,86.45,77.53,80.55,4278204.0,78348616.0
2017-01-17,80.5,81.81,76.67,81.45,4391182.0,77721027.0
2017-01-18,81.58,88.71,81.13,86.5,4551694.0,84636305.0
2017-01-19,85.19,90.15,83.43,85.64,5760535.0,110939473.0
2017-01-20,86.09,87.85,84.78,86.77,3363901.0,64441635.0
2017-01-23,86.54,87.17,86.32,86.5,2043264.0,39286562.0
2017-01-24,86.5,89.88,86.09,87.04,2677770.0,52280984.0
2017-01-25,86.54,87.31,86.0,86.45,1541637.0,29561750.0
2017-01-26,87.44,88.25,86.59,87.62,1409085.0,27278035.0
2017-02-03,87.89,89.2,87.89,88.39,1671904.0,32792742.0
2017-02-06,87.44,89.25,87.44,88.98,2153569.0,42197221.0
2017-02-07,88.62,89.52,87.44,89.52,3366184.0,66232973.0
2017-02-08,89.07,90.78,88.21,90.28,4903104.0,97501700.0
2017-02-09,89.7,94.2,89.47,90.19,6737278.0,136848178.0
2017-02-10,89.92,90.06,88.34,88.57,3881357.0,76616927.0
2017-02-13,87.53,89.2,87.53,88.8,2200560.0,43161265.0
2017-02-14,88.93,89.7,87.94,88.39,2392965.0,47048647.0
2017-02-15,88.39,88.93,87.31,87.35,2861423.0,55823311.0
2017-02-16,87.13,89.92,87.13,87.35,3822305.0,74779727.0
2017-02-17,87.35,87.85,85.42,85.46,3556437.0,68104764.0
2017-02-20,85.46,86.41,84.2,85.96,2529669.0,47840453.0
2017-02-21,86.23,89.25,85.96,87.89,6352037.0,124170577.0
2017-02-22,87.49,87.89,86.45,87.31,3417710.0,65964675.0
2017-02-23,86.99,87.08,85.87,86.99,3178392.0,60960117.0
2017-02-24,86.9,87.67,86.36,87.13,2965137.0,57299210.0
2017-02-27,85.78,87.67,84.6,84.74,4232957.0,80515222.0
2017-02-28,84.78,85.19,83.39,83.93,3533916.0,66106882.0
2017-03-01,83.16,83.3,77.89,80.59,18886370.0,336011372.0
2017-03-02,80.23,81.09,78.88,80.5,9500504.0,169194944.0
2017-03-03,80.5,80.5,79.11,79.65,7714345.0,136370275.0
2017-03-06,80.1,81.13,79.78,81.13,9816146.0,175466980.0
2017-03-07,81.13,83.25,81.13,82.94,13469450.0,244729549.0
2017-03-08,83.84,85.5,82.49,82.49,17209406.0,319695496.0
2017-03-09,81.81,83.66,81.4,82.71,11865096.0,217019837.0
2017-03-10,83.61,84.06,82.71,82.89,9801569.0,181035201.0
2017-03-13,82.85,83.93,81.81,82.85,9448533.0,173729858.0
2017-03-14,85.64,88.12,84.69,85.87,30892505.0,589589224.0
2017-03-15,84.29,88.71,83.84,86.0,26581497.0,509982212.0
2017-03-16,85.33,86.5,84.78,85.51,20588238.0,389732182.0
2017-03-17,85.42,87.17,85.28,85.64,19779912.0,378798644.0
2017-03-20,85.73,88.25,85.73,88.21,22225053.0,428534131.0
2017-03-21,88.3,89.02,87.17,87.53,17014528.0,331488948.0
2017-03-22,86.72,86.99,85.14,85.69,14199612.0,270553833.0
2017-03-23,85.69,86.09,84.02,84.97,10895557.0,205747709.0
2017-03-24,84.78,85.55,84.06,85.23,7768492.0,146236661.0
2017-03-27,85.28,85.64,83.93,84.15,7796000.0,146198018.0
2017-03-28,83.93,83.93,81.31,81.58,11423212.0,209176468.0
2017-03-29,81.54,81.99,80.01,80.46,8522743.0,152951985.0
2017-03-30,80.28,80.91,78.43,78.56,7893024.0,139196575.0
2017-03-31,79.33,80.91,78.92,80.68,7811284.0,138874797.0
2017-04-05,80.68,82.48,80.32,82.12,6951268.0,126413492.0
2017-04-06,82.53,82.76,81.04,81.4,6334722.0,114782115.0
2017-04-07,81.13,81.72,80.05,80.1,6497523.0,116393660.0
2017-04-10,79.56,80.41,78.65,79.38,5905905.0,103950206.0
2017-04-11,79.11,82.17,78.92,81.99,8789724.0,157163377.0
2017-04-12,81.58,81.58,79.78,80.05,5335851.0,95638956.0
2017-04-13,80.14,80.82,79.65,80.05,3501335.0,62331121.0
2017-04-14,79.65,80.19,78.52,78.88,5087800.0,89116656.0
2017-04-17,78.56,78.56,76.72,76.94,4887368.0,84176065.0
2017-04-18,77.35,78.02,75.18,75.77,5158005.0,87890569.0
2017-04-19,74.42,75.09,72.25,72.89,7035374.0,114106605.0
2017-04-20,72.93,73.7,71.22,72.03,4948823.0,79423900.0
2017-04-21,72.16,72.75,70.68,70.95,3457900.0,54912077.0
2017-04-24,70.95,70.95,65.63,65.63,7657649.0,113374254.0
2017-04-25,65.36,66.94,65.31,66.26,4347479.0,63995107.0
2017-04-26,66.48,68.33,65.49,66.94,5689789.0,84235135.0
2017-04-27,66.57,66.94,63.87,66.48,6574717.0,95505594.0
2017-04-28,66.26,68.11,66.26,67.61,4567745.0,68122003.0
2017-05-02,67.97,67.97,66.39,67.11,3027577.0,44981454.0
2017-05-03,66.62,67.48,65.58,66.62,3895211.0,57382809.0
2017-05-04,66.8,68.38,66.12,67.03,6198936.0,92879362.0
2017-05-05,66.3,66.84,65.22,65.27,4036203.0,58996378.0
2017-05-08,65.27,66.03,64.46,64.82,3846711.0,55635821.0
2017-05-09,64.19,65.72,64.05,65.58,4124368.0,59664562.0
2017-05-10,65.76,66.21,63.1,63.51,4276494.0,61634795.0
2017-05-11,63.55,63.55,58.6,61.71,6435369.0,87599329.0
2017-05-12,62.83,62.83,60.58,60.94,4904852.0,66706948.0
2017-05-15,61.26,61.71,60.58,60.85,2635024.0,35701143.0
2017-05-16,60.67,64.0,59.95,63.96,7054859.0,97127674.0
2017-05-17,64.64,65.54,63.28,63.51,7197560.0,102805046.0
2017-05-18,63.06,63.96,62.2,62.88,4134585.0,57841384.0
2017-05-19,63.1,64.05,61.98,62.43,3495595.0,48717040.0
2017-05-22,61.98,62.65,59.63,59.95,4951345.0,66900535.0
2017-05-23,59.99,60.31,56.43,56.61,5958324.0,77191751.0
2017-05-24,56.66,57.2,54.31,57.11,4604680.0,57147391.0
2017-05-25,56.79,57.56,55.67,56.93,5312648.0,66745168.0
2017-05-26,56.88,62.43,55.35,58.82,9466749.0,125462761.0
2017-05-31,58.82,59.99,57.97,58.33,6740842.0,88456501.0
2017-06-01,57.74,58.28,55.62,55.8,4430677.0,55962630.0
2017-06-02,55.58,58.28,54.59,57.92,5638779.0,70791126.0
2017-06-05,58.01,59.05,57.7,58.37,3914588.0,50803465.0
2017-06-06,58.55,59.86,57.92,59.54,5206169.0,68184695.0
2017-06-07,59.95,61.17,59.23,60.85,6574479.0,87982326.0
2017-06-08,60.85,61.16,59.63,60.76,6394719.0,85523277.0
2017-06-09,60.22,60.85,59.54,60.62,4434053.0,59175179.0
2017-06-12,60.17,64.95,59.0,60.85,10218344.0,138460619.0
2017-06-13,60.58,64.55,60.17,63.51,14919397.0,207327437.0
2017-06-14,62.7,64.68,62.34,64.46,13695975.0,194118846.0
2017-06-15,66.39,67.48,63.96,64.46,14762522.0,213189741.0
2017-06-16,64.05,64.77,62.65,62.79,9978853.0,140128567.0
2017-06-19,62.65,63.69,62.43,63.19,5391875.0,75426003.0
2017-06-20,63.78,65.72,63.28,64.05,10190653.0,145432719.0
2017-06-21,63.96,64.23,62.43,63.15,7171771.0,100426306.0
2017-06-22,63.19,64.73,62.65,62.65,9169444.0,129271153.0
2017-06-23,62.25,62.43,60.9,62.02,6719038.0,91917909.0
2017-06-26,61.93,63.1,61.75,62.83,4833022.0,67049698.0
2017-06-27,62.79,65.18,62.65,65.13,13239277.0,188296712.0
2017-06-28,64.5,64.5,63.24,63.55,8510959.0,120368722.0
2017-06-29,63.6,64.23,63.37,63.65,5315515.0,75212266.0
2017-06-30,63.78,63.78,62.43,63.15,4675042.0,65339677.0
2017-07-03,63.6,64.73,63.6,64.41,7428648.0,105984207.0
2017-07-04,64.52,64.75,63.94,64.57,5561553.0,79267382.0
2017-07-05,64.25,71.03,63.94,71.03,29967911.0,464860985.0
2017-07-06,74.55,76.17,72.42,74.1,50120011.0,824091562.0
2017-07-07,71.88,73.6,71.34,71.52,26264327.0,418413698.0
2017-07-10,71.07,72.92,71.03,71.03,16975359.0,270736814.0
2017-07-11,69.99,69.99,67.82,68.45,17983198.0,273783480.0
2017-07-12,67.73,69.13,65.88,68.99,13823077.0,207395779.0
2017-07-13,68.18,69.99,67.95,69.13,13435816.0,206191814.0
2017-07-14,68.68,69.22,67.37,67.64,7798378.0,117719492.0
2017-07-17,67.64,67.64,60.87,60.87,14899584.0,206356520.0
2017-07-18,58.7,61.23,58.7,60.37,8147841.0,108199581.0
2017-07-19,60.28,61.81,60.05,60.96,6994364.0,94359667.0
2017-07-20,61.18,62.13,60.78,60.96,7434669.0,101245065.0
2017-07-21,61.09,62.13,60.46,60.59,5511210.0,74650036.0
2017-07-24,60.59,60.82,59.69,60.69,5477611.0,73024086.0
2017-07-25,60.55,61.99,60.14,61.0,6272761.0,84886933.0
2017-07-26,61.41,61.9,60.73,61.41,5100800.0,69149533.0
2017-07-27,61.14,63.98,60.96,63.76,10774667.0,149282982.0
2017-07-28,63.4,63.58,62.27,62.45,6504886.0,90508302.0
2017-07-31,61.86,63.48,61.86,62.63,4847573.0,67403960.0
2017-08-01,62.31,63.66,61.86,63.21,6744020.0,93835877.0
2017-08-02,63.21,63.26,61.0,61.14,7111482.0,97772454.0
2017-08-03,61.14,62.17,60.87,61.18,4695395.0,63851230.0
2017-08-04,60.59,61.54,60.59,60.69,4002996.0,54117100.0
2017-08-07,61.09,61.36,60.69,61.23,2617296.0,35455815.0
2017-08-08,61.27,62.45,61.09,62.09,4710134.0,64411149.0
2017-08-09,62.63,67.68,62.63,64.93,17768009.0,255611366.0
2017-08-10,64.03,67.55,63.44,67.55,23254875.0,339956555.0
2017-08-11,66.38,66.87,64.57,65.52,14344206.0,209518126.0
2017-08-14,65.56,67.46,65.52,66.38,12155188.0,178825409.0
2017-08-15,66.83,68.18,65.2,65.88,11116539.0,163798684.0
2017-08-16,65.97,66.65,64.93,66.38,7979214.0,116597612.0
2017-08-17,65.97,68.41,65.38,67.37,13202265.0,195943921.0
2017-08-18,66.78,66.78,65.92,66.24,7040285.0,103388159.0
2017-08-21,66.38,67.59,66.38,67.05,7326817.0,108709346.0
2017-08-22,66.74,70.12,66.06,68.5,16522996.0,249713469.0
2017-08-23,67.73,69.08,66.83,67.14,10439581.0,156579701.0
2017-08-24,66.47,67.1,64.57,64.93,9953797.0,144323136.0
2017-08-25,64.97,66.1,64.79,65.61,4896077.0,71148877.0
2017-08-28,65.65,67.1,65.65,66.24,6659200.0,98118562.0
2017-08-29,66.51,67.19,65.52,65.83,4956201.0,72640867.0
2017-08-30,66.38,66.92,65.61,66.15,4590292.0,67191857.0
2017-08-31,66.15,67.46,66.06,67.05,8110862.0,120156331.0
2017-09-01,67.1,67.14,66.42,66.87,5669803.0,83745506.0
2017-09-04,66.83,69.31,66.33,69.31,13820325.0,208434647.0
2017-09-05,70.12,70.8,68.36,68.5,15060402.0,232019254.0
2017-09-06,67.77,71.93,67.77,71.43,19993109.0,310768899.0
2017-09-07,71.88,73.73,69.9,70.03,19376889.0,307496341.0
2017-09-08,70.44,70.84,68.63,69.67,9925648.0,152798803.0
2017-09-11,70.44,72.65,70.44,72.47,17690235.0,281581756.0
2017-09-12,73.28,75.72,71.84,73.24,29743006.0,487289633.0
2017-09-13,72.38,73.15,70.98,73.1,13996786.0,223754101.0
2017-09-14,72.61,73.92,71.34,71.61,11879660.0,190649234.0
2017-09-15,71.43,74.95,69.58,74.1,18349560.0,292689144.0
2017-09-18,74.59,76.08,73.06,75.72,22856547.0,378626001.0
2017-09-19,75.0,75.68,73.19,73.24,12952805.0,213050376.0
2017-09-20,73.33,74.28,72.24,73.78,9400112.0,152748783.0
2017-09-21,74.05,75.99,73.24,74.28,15005956.0,248483327.0
2017-09-22,74.5,75.77,72.2,72.24,16131677.0,264762779.0
2017-09-25,71.48,71.57,69.49,69.76,11905865.0,185618784.0
2017-09-26,70.03,70.44,69.22,70.17,6250837.0,96678317.0
2017-09-27,70.35,72.52,69.44,72.24,8389972.0,131577769.0
2017-09-28,72.06,72.52,70.8,71.12,8222310.0,130417919.0
2017-09-29,70.48,71.88,70.44,71.52,5063410.0,79932467.0
2017-10-09,72.61,74.1,71.93,74.05,12677385.0,205429376.0
2017-10-10,73.42,74.19,72.7,73.78,8005021.0,130036998.0
2017-10-11,74.86,81.14,74.73,81.14,15547669.0,273088136.0
2017-10-12,82.54,82.54,77.44,78.79,35632532.0,624062617.0
2017-10-13,77.8,79.42,76.53,76.89,18824067.0,323436331.0
2017-10-16,77.71,77.98,74.1,74.19,14783579.0,247539783.0
2017-10-17,73.78,75.72,72.42,75.09,11607455.0,190386624.0
2017-10-18,74.73,75.54,72.7,74.28,10877170.0,178818012.0
2017-10-19,74.05,74.05,70.44,70.44,11739086.0,187236934.0
2017-10-20,69.99,71.52,69.99,71.3,5802826.0,90952790.0
2017-10-23,71.16,72.24,70.53,71.66,5594062.0,88544566.0
2017-10-24,71.88,72.7,70.57,70.94,6100815.0,96710076.0
2017-10-25,70.53,71.97,70.53,71.93,5066301.0,80182035.0
2017-10-26,72.02,72.56,71.16,72.2,5806701.0,92519761.0
2017-10-27,72.06,72.88,70.98,70.98,5643500.0,89881261.0
2017-10-30,70.44,71.03,66.92,67.01,10164600.0,153822972.0
2017-10-31,66.69,68.32,66.69,68.14,4618729.0,69292033.0
2017-11-01,68.14,68.59,67.55,68.05,4170500.0,62921348.0
2017-11-02,68.14,68.41,66.92,67.05,4061402.0,60796131.0
2017-11-03,65.52,66.56,63.76,64.66,8120463.0,117106066.0
2017-11-06,64.79,67.46,64.48,66.56,5105300.0,74680884.0
2017-11-07,66.37,67.5,65.74,67.46,5095304.0,75155834.0
2017-11-08,70.39,74.05,69.31,69.44,14516921.0,228255420.0
2017-11-09,69.08,72.33,69.08,71.03,10992119.0,172892512.0
2017-11-10,69.53,70.71,68.95,69.76,7402293.0,114129018.0
2017-11-13,69.81,71.57,69.62,71.34,7680440.0,120473939.0
2017-11-14,71.39,71.57,68.63,68.95,7110410.0,109980502.0
2017-11-15,68.95,69.53,66.87,66.87,6000000.0,90252770.0
2017-11-16,66.87,67.1,65.43,65.43,6612076.0,96618556.0
2017-11-17,65.79,68.14,64.43,64.57,8623470.0,126685413.0
2017-11-20,64.84,65.34,59.6,63.89,5642116.0,78016432.0
2017-11-21,63.21,65.61,63.12,63.71,4735240.0,67451477.0
2017-11-22,63.35,64.57,62.85,64.43,4256020.0,60241849.0
2017-11-23,64.43,67.41,62.27,64.75,9758070.0,140504740.0
2017-11-24,63.03,64.7,62.31,63.17,4217300.0,59250866.0
2017-11-27,63.66,64.07,62.45,62.76,3278200.0,46000120.0
2017-11-28,62.99,64.88,62.94,64.48,4535700.0,64424918.0
2017-11-29,64.66,64.88,63.26,64.16,4065044.0,57538058.0
2017-11-30,63.94,64.43,63.03,63.08,3517844.0,49659060.0
2017-12-01,62.99,64.12,62.67,63.48,2450700.0,34451554.0
2017-12-04,63.71,64.12,63.03,63.03,2779269.0,39137797.0
2017-12-05,62.94,63.03,59.38,59.92,6160674.0,83268156.0
2017-12-06,59.96,61.0,59.6,60.59,3307504.0,44140887.0
2017-12-07,60.91,60.91,60.19,60.23,2265901.0,30365219.0
2017-12-08,60.46,61.72,60.46,61.41,3082213.0,41776749.0
2017-12-11,61.86,62.22,61.36,61.9,3160001.0,43217669.0
2017-12-12,62.09,62.31,61.41,61.45,2758200.0,37721549.0
2017-12-13,61.45,62.22,61.41,61.86,2284502.0,31271400.0
2017-12-14,61.86,61.95,60.73,60.96,2736400.0,37074797.0
2017-12-15,61.45,62.04,61.14,61.45,2622005.0,35775099.0
2017-12-18,61.36,61.59,60.87,61.59,2055436.0,27886873.0
2017-12-19,62.31,62.4,61.63,61.86,2898200.0,39740461.0
2017-12-20,61.81,61.81,60.19,60.51,2529399.0,34059336.0
2017-12-21,60.5,60.73,59.01,59.96,2695900.0,35662724.0
2017-12-22,60.05,60.32,59.47,59.74,1728800.0,22889422.0
2017-12-25,59.6,59.78,57.34,57.39,3445805.0,44437647.0
2017-12-26,57.39,58.11,56.94,57.93,2069001.0,26404852.0
2017-12-27,57.93,58.83,57.39,57.98,2866980.0,36855010.0
2017-12-28,57.98,59.15,57.98,58.02,3336778.0,43206699.0
2017-12-29,58.7,59.96,58.7,59.33,3786795.0,49737046.0
2018-01-02,59.2,59.51,58.47,59.33,2639956.0,34482727.0
2018-01-03,59.24,60.14,58.79,59.96,3945015.0,52023785.0
2018-01-04,59.96,59.96,59.15,59.28,3032701.0,39919641.0
2018-01-05,59.06,59.83,58.92,59.42,2044400.0,26914424.0
2018-01-08,63.21,64.57,61.0,61.36,7982360.0,109735938.0
2018-01-09,61.9,62.76,60.59,61.05,5049309.0,68639983.0
2018-01-10,60.32,60.87,59.2,59.56,4234116.0,56063949.0
2018-01-11,59.38,60.64,58.79,60.01,3099416.0,41091457.0
2018-01-12,59.87,59.87,58.79,58.79,3061574.0,40170643.0
2018-01-15,58.47,58.47,56.98,57.16,3334518.0,42525795.0
2018-01-16,57.16,58.47,57.12,57.48,2212705.0,28184453.0
2018-01-17,57.52,58.02,56.76,57.93,2246140.0,28572546.0
2018-01-18,57.89,59.1,57.57,58.2,2559210.0,32992641.0
2018-01-19,57.89,58.56,57.34,57.48,2330338.0,29865893.0
2018-01-22,57.52,58.43,57.03,58.11,2736538.0,35098402.0
2018-01-23,57.21,58.2,57.21,57.66,2847111.0,36300073.0
2018-01-24,56.89,58.07,56.8,57.84,2272844.0,29007543.0
2018-01-25,58.07,58.7,57.43,57.84,2736053.0,35180293.0
2018-01-26,57.57,57.93,56.98,57.07,2720676.0,34540342.0
2018-01-29,56.8,57.3,55.09,55.31,3407221.0,42203126.0
2018-01-30,54.95,55.45,54.81,55.0,1876848.0,22895062.0
2018-01-31,55.09,55.13,51.92,52.06,4322505.0,50750116.0
2018-02-01,52.2,52.74,47.41,47.68,4436401.0,48945149.0
2018-02-02,47.77,48.45,45.42,47.5,2537200.0,26439703.0
2018-02-05,46.91,47.77,46.1,47.0,1835864.0,19164046.0
2018-02-06,46.01,46.42,42.94,42.94,4219648.0,41883400.0
2018-02-07,44.38,44.61,41.59,43.35,3277198.0,31462961.0
2018-02-08,43.75,44.52,43.71,44.43,2178663.0,21318860.0
2018-02-09,43.26,44.07,42.08,42.98,2181884.0,20789541.0
2018-02-12,43.12,44.66,43.12,44.43,2005500.0,19622753.0
2018-02-13,44.48,45.97,44.48,45.42,2864800.0,28700476.0
2018-02-14,45.42,45.97,45.15,45.78,1861600.0,18813352.0
2018-02-22,46.6,46.96,46.15,46.46,1635000.0,16852469.0
2018-02-23,46.6,46.82,45.92,46.19,1452700.0,14863312.0
2018-02-26,47.41,47.73,46.73,47.23,2453748.0,25640693.0
2018-02-27,47.27,48.0,46.87,47.5,2800404.0,29445346.0
2018-02-28,47.64,52.24,47.55,52.24,6989624.0,79184797.0
2018-03-01,53.64,53.91,51.66,52.33,14796630.0,172356014.0
2018-03-02,50.12,51.7,49.94,50.07,9744404.0,109550015.0
2018-03-05,50.07,51.16,50.07,50.71,5154719.0,57695908.0
2018-03-06,50.89,53.15,50.89,51.47,9197740.0,105544755.0
2018-03-07,51.02,53.05,50.12,52.24,9675223.0,109988095.0
2018-03-08,51.52,51.88,51.11,51.38,5320434.0,60626439.0
2018-03-09,51.43,52.6,51.43,52.29,6916211.0,79847471.0
2018-03-12,52.6,54.14,52.33,53.1,7961630.0,93687082.0
2018-03-13,53.33,54.0,52.38,52.56,5709444.0,67046699.0
2018-03-14,52.33,53.05,51.29,51.38,5292100.0,61104229.0
2018-03-15,51.92,52.24,49.76,50.84,5242301.0,59140149.0
2018-03-16,50.84,54.09,50.48,52.24,10416500.0,121434629.0
2018-03-19,51.66,53.42,50.93,52.47,7120846.0,82071517.0
2018-03-20,51.56,51.88,51.02,51.7,4873200.0,55494510.0
2018-03-21,51.61,52.78,51.2,51.34,5790356.0,66800837.0
2018-03-22,51.56,52.96,51.16,52.92,7312528.0,84684877.0
2018-03-23,51.97,52.06,47.64,47.68,10127471.0,111367463.0
2018-03-26,46.06,47.68,44.66,47.37,5039000.0,51666170.0
2018-03-27,48.13,49.62,48.13,48.95,5344296.0,57711320.0
2018-03-28,48.04,49.98,48.04,48.99,5536432.0,59994878.0
2018-03-29,49.22,49.85,48.77,49.49,4107424.0,44883500.0
2018-03-30,49.44,52.6,49.44,50.84,7346576.0,83118255.0
2018-04-02,50.57,53.28,50.57,52.83,11550387.0,133733105.0
2018-04-03,51.88,54.81,51.11,53.69,13231870.0,156005971.0
2018-04-04,54.86,55.09,51.92,51.92,9089502.0,106786106.0
2018-04-09,51.43,52.15,50.8,51.61,4871000.0,55547832.0
2018-04-10,51.61,52.92,51.29,52.33,5458652.0,63213749.0
2018-04-11,52.02,52.38,51.38,51.74,4700653.0,53911727.0
2018-04-12,51.84,52.47,50.48,52.33,5750326.0,65610122.0
2018-04-13,52.33,53.37,51.7,52.87,8610746.0,100402922.0
2018-04-16,52.24,52.6,51.47,52.06,4328540.0,49945823.0
2018-04-17,52.06,52.24,48.77,48.9,6104861.0,68135464.0
2018-04-18,49.22,50.03,47.64,49.62,4714426.0,50967189.0
2018-04-19,49.35,50.16,48.95,49.8,3894852.0,42845843.0
2018-04-20,49.71,49.8,47.77,47.82,3706798.0,39872375.0
2018-04-23,47.68,48.22,46.15,46.64,3157096.0,32895327.0
2018-04-24,46.91,48.4,46.64,47.95,2494723.0,26382960.0
2018-04-25,47.41,48.63,47.41,48.0,2680074.0,28522915.0
2018-04-26,48.18,48.67,46.51,46.51,3436095.0,36374337.0
2018-04-27,46.78,48.0,46.6,46.64,2254773.0,23481877.0
2018-05-02,46.87,47.41,46.28,46.96,1971400.0,20441403.0
2018-05-03,46.6,47.32,45.42,46.87,3326988.0,34144289.0
2018-05-04,46.82,47.0,46.1,46.1,2638365.0,27202850.0
2018-05-07,46.15,47.19,46.1,47.09,2887006.0,30006649.0
2018-05-08,47.19,47.82,47.14,47.55,2758959.0,29007234.0
2018-05-09,47.77,48.13,47.32,48.13,2711588.0,28564406.0
2018-05-10,48.0,48.27,47.37,47.95,3091516.0,32746937.0
2018-05-11,47.77,47.95,46.55,46.87,3268100.0,34116902.0
2018-05-14,47.05,47.46,46.51,46.82,2340886.0,24378988.0
2018-05-15,46.87,49.08,46.87,47.82,4340651.0,46231467.0
2018-05-16,47.5,47.5,46.78,46.82,3103261.0,32338403.0
2018-05-17,46.55,47.05,46.28,46.33,2236688.0,23049737.0
2018-05-18,46.82,47.19,46.37,46.87,2090888.0,21637247.0
2018-05-21,47.0,48.31,47.0,47.68,4271511.0,45026288.0
2018-05-22,47.64,47.86,47.14,47.73,2760811.0,29007654.0
2018-05-23,47.68,48.81,47.37,47.68,6206901.0,66268163.0
2018-05-24,47.55,47.86,46.73,46.78,3830813.0,39899140.0
2018-05-25,46.87,49.58,46.87,48.31,10345944.0,111605500.0
2018-05-28,48.49,48.85,47.32,47.95,5553703.0,58915160.0
2018-05-29,47.41,48.0,46.19,46.37,5183388.0,53834314.0
2018-05-30,45.2,45.29,43.84,44.02,5052123.0,50039316.0
2018-05-31,44.34,44.97,43.8,44.48,2413854.0,23783480.0
2018-06-01,44.39,44.57,43.16,43.44,2617088.0,25317458.0
2018-06-04,43.71,43.98,43.44,43.62,1283473.0,12361522.0
2018-06-05,43.53,44.3,43.44,44.25,2155213.0,20956533.0
2018-06-06,44.16,44.66,43.84,43.94,2030261.0,19765098.0
2018-06-07,43.98,45.07,43.8,43.89,2716804.0,26601820.0
2018-06-08,43.71,44.7,42.8,43.44,3266290.0,31504499.0
2018-06-11,42.8,44.52,42.8,43.8,2775000.0,26730090.0
2018-06-12,43.84,43.94,43.08,43.84,2350318.0,22597563.0
2018-06-13,43.75,43.84,42.44,42.49,2352588.0,22384194.0
2018-06-14,42.26,42.98,41.94,42.03,2156900.0,20160192.0
2018-06-15,41.94,42.3,40.36,40.49,2909285.0,26394388.0
2018-06-19,39.86,39.86,36.46,36.46,4098347.0,34029723.0
2018-06-20,35.38,37.1,35.38,36.51,2517015.0,20300882.0
2018-06-21,36.82,36.96,34.88,34.92,2688115.0,21364365.0
2018-06-22,34.74,35.78,34.29,35.74,2024169.0,15817664.0
2018-06-25,35.51,36.46,35.51,36.01,1894369.0,15115323.0
2018-06-26,35.69,36.69,35.15,36.46,2342578.0,18638832.0
2018-06-27,36.33,37.05,36.33,36.82,2634800.0,21377669.0
2018-06-28,36.69,37.05,35.87,35.92,1954010.0,15768228.0
2018-06-29,35.96,37.23,35.87,37.14,3066634.0,24913244.0
2018-07-02,37.23,37.82,36.91,37.32,3825300.0,31541753.0
2018-07-03,37.59,37.59,36.55,37.5,3681228.0,30215310.0
2018-07-04,37.37,37.37,36.15,36.28,2763700.0,22405944.0
2018-07-05,36.19,38.27,35.92,36.6,4103605.0,33587075.0
2018-07-06,36.42,37.1,35.33,36.15,3251497.0,26015293.0
2018-07-09,36.05,36.78,36.05,36.73,1544700.0,12475322.0
2018-07-10,37.55,37.77,36.91,37.37,2984228.0,24541431.0
2018-07-11,36.78,36.91,35.78,36.23,2937487.0,23581664.0
2018-07-12,36.23,37.37,35.83,37.23,3155451.0,25737179.0
2018-07-13,37.19,38.45,37.19,38.05,5039034.0,41986249.0
2018-07-16,37.82,38.18,37.41,37.64,2890788.0,24022181.0
2018-07-17,37.19,38.05,37.19,37.82,2075922.0,17261448.0
2018-07-18,38.09,38.09,37.37,37.46,2221000.0,18483990.0
2018-07-19,37.32,37.69,36.33,36.51,2613334.0,21237219.0
2018-07-20,36.55,37.46,36.28,37.1,2630588.0,21507194.0
2018-07-23,36.69,37.46,36.69,37.41,2359104.0,19350644.0
2018-07-24,37.64,38.14,37.19,38.14,3599234.0,30135077.0
2018-07-25,38.05,38.64,37.82,38.14,2622200.0,22098158.0
2018-07-26,40.77,41.94,40.77,41.94,5063734.0,46747251.0
2018-07-27,42.98,42.98,39.41,39.45,12786172.0,116003716.0
2018-07-30,38.5,39.09,37.96,38.23,6007384.0,51171966.0
2018-07-31,37.73,38.59,37.73,38.27,3314800.0,27980720.0
2018-08-01,38.59,40.99,38.45,38.73,6869000.0,59904875.0
2018-08-02,37.77,38.86,35.87,36.87,5761204.0,47390443.0
2018-08-03,36.46,37.14,36.28,36.37,2303400.0,18619894.0
2018-08-06,36.23,36.6,34.88,35.28,2440800.0,19240044.0
2018-08-07,35.33,36.28,35.33,36.28,1858800.0,14706480.0
2018-08-08,35.92,36.33,35.38,35.47,1827700.0,14457394.0
2018-08-09,35.47,36.6,35.28,36.28,2126500.0,16981778.0
2018-08-10,36.28,37.14,36.05,36.69,2319604.0,18731905.0
2018-08-13,36.1,37.32,35.92,37.23,2455300.0,19941818.0
2018-08-14,36.73,37.41,36.73,36.91,1559600.0,12739053.0
2018-08-15,37.14,37.14,35.96,36.05,1812000.0,14576672.0
2018-08-16,35.6,36.23,35.24,35.74,1388300.0,10965163.0
2018-08-17,36.23,36.37,35.01,35.28,1274635.0,10007914.0
2018-08-20,35.38,35.83,34.97,35.69,1091900.0,8543767.0
2018-08-21,35.69,36.05,35.33,35.87,1111200.0,8789523.0
2018-08-22,35.96,36.37,35.47,35.56,1139300.0,9054051.0
2018-08-23,35.69,36.01,35.42,35.69,1147400.0,9054582.0
2018-08-24,36.42,36.42,35.65,35.65,1325187.0,10539231.0
2018-08-27,35.65,36.46,35.56,36.23,1707153.0,13599606.0
2018-08-28,36.33,36.46,36.05,36.37,1285300.0,10285334.0
2018-08-29,36.6,36.6,35.92,36.05,882100.0,7033085.0
2018-08-30,36.05,36.23,35.19,35.19,1471400.0,11538724.0
2018-08-31,35.33,35.33,34.92,34.97,871300.0,6748287.0
2018-09-03,35.01,35.24,34.65,35.06,760200.0,5869392.0
2018-09-04,35.19,35.42,34.88,35.38,952300.0,7406824.0
2018-09-05,35.33,35.33,34.7,34.7,1252688.0,9659447.0
2018-09-06,34.65,34.88,34.38,34.51,1174700.0,8985625.0
2018-09-07,34.92,35.01,34.42,34.7,888600.0,6813067.0
2018-09-10,34.79,34.79,32.97,33.2,1883200.0,14008186.0
2018-09-11,33.29,33.47,33.11,33.34,968857.0,7129209.0
2018-09-12,33.61,33.88,32.97,33.47,951853.0,7036701.0
2018-09-13,33.97,34.29,33.43,33.84,1227197.0,9159550.0
2018-09-14,34.2,34.74,33.79,33.88,1581500.0,11956083.0
2018-09-17,33.88,33.88,33.06,33.06,1030600.0,7568494.0
2018-09-18,32.97,33.74,32.88,33.65,1557100.0,11465358.0
2018-09-19,33.61,34.11,33.25,33.84,1443300.0,10749277.0
2018-09-20,33.97,34.56,33.65,33.88,1666432.0,12515007.0
2018-09-21,33.7,34.2,33.56,34.2,1929332.0,14478915.0
2018-09-25,33.97,34.24,33.88,34.06,1049704.0,7889192.0
2018-09-26,34.15,34.29,33.92,33.92,1230030.0,9267985.0
2018-09-27,34.06,34.06,32.48,32.84,1933331.0,14196458.0
2018-09-28,33.06,34.33,32.97,33.56,2157000.0,15990519.0
2018-10-08,33.2,33.47,32.34,32.38,1814934.0,13159785.0
2018-10-09,32.48,32.79,32.25,32.52,860531.0,6181863.0
2018-10-10,32.52,32.75,32.3,32.43,811200.0,5814555.0
2018-10-11,31.89,31.89,29.17,29.3,3020469.0,20099258.0
2018-10-12,28.99,29.3,26.72,28.26,2288338.0,14248301.0
2018-10-15,28.31,28.99,27.9,28.04,1023828.0,6428472.0
2018-10-16,27.95,28.72,27.4,27.63,980362.0,6068644.0
2018-10-17,27.86,28.31,27.22,27.68,1197600.0,7334028.0
2018-10-18,27.63,27.72,26.95,26.95,2070800.0,12501852.0
2018-10-19,26.27,27.45,25.86,27.18,1524900.0,9065586.0
2018-10-22,27.81,28.76,27.45,28.4,2539400.0,15821030.0
2018-10-23,28.45,28.76,27.86,28.26,1741100.0,10893294.0
2018-10-24,27.99,28.49,27.95,28.26,1327194.0,8265437.0
2018-10-25,27.31,27.99,27.18,27.86,1462800.0,8895409.0
2018-10-26,28.08,28.4,27.81,28.22,1505368.0,9359594.0
2018-10-29,28.22,28.31,27.54,27.9,1423768.0,8758542.0
2018-10-30,27.95,28.49,27.72,28.35,1808872.0,11260918.0
2018-10-31,28.31,28.99,28.26,28.76,2141900.0,13576420.0
2018-11-01,29.4,31.61,29.4,29.58,6423368.0,43008029.0
2018-11-02,29.58,30.21,29.58,30.17,4507994.0,29724087.0
2018-11-05,30.12,30.39,29.58,30.12,2964400.0,19637031.0
2018-11-06,29.85,29.89,29.49,29.8,1603100.0,10525311.0
2018-11-07,29.85,30.53,29.71,29.94,2130400.0,14167310.0
2018-11-08,29.98,30.35,29.62,29.8,1676400.0,11095182.0
2018-11-09,30.07,31.16,29.76,30.44,4028494.0,27076466.0
2018-11-12,30.21,32.02,29.98,31.25,5043500.0,34409174.0
2018-11-13,30.71,32.16,30.62,31.71,5164110.0,35882845.0
