2010-12-03,46.0,48.5,43.01,43.02,19416658.0,886163520.0
2010-12-06,40.88,40.88,38.72,38.72,7283458.0,284544640.0
2010-12-07,36.18,36.93,35.07,36.38,7247653.0,260276592.0
2010-12-08,35.95,37.5,35.61,35.88,4567468.0,165988752.0
2010-12-09,35.11,35.19,33.5,33.51,4457629.0,152606336.0
2010-12-10,33.07,34.88,32.83,34.55,3599342.0,122353848.0
2010-12-13,34.31,36.14,34.31,35.58,4314188.0,152611504.0
2010-12-14,35.82,37.78,35.6,36.98,4686091.0,172890192.0
2010-12-15,36.58,37.18,35.85,35.86,2888393.0,105542344.0
2010-12-16,35.88,37.29,35.8,36.86,2756489.0,101096272.0
2010-12-17,36.8,37.25,36.6,37.18,2138455.0,78944600.0
2010-12-20,37.31,38.5,36.62,38.04,3837229.0,144494208.0
2010-12-21,37.96,38.38,37.41,37.7,1980637.0,74844296.0
2010-12-22,37.8,37.85,36.61,36.63,2055677.0,76126424.0
2010-12-23,36.51,37.1,35.23,35.3,1739350.0,63152776.0
2010-12-24,34.96,35.1,33.55,34.98,1629611.0,55823852.0
2010-12-27,34.8,35.48,33.14,33.85,1178754.0,40837636.0
2010-12-28,33.5,34.59,33.4,34.05,867306.0,29642310.0
2010-12-29,34.08,35.5,34.08,35.46,1189590.0,41572624.0
2010-12-30,35.4,35.76,35.01,35.14,999790.0,35348588.0
2010-12-31,35.02,35.57,35.0,35.5,903119.0,31989060.0
2011-01-04,35.8,36.35,35.19,36.25,1321038.0,47182940.0
2011-01-05,36.0,36.45,35.5,35.58,1176917.0,42350972.0
2011-01-06,35.5,35.64,34.48,34.6,1259088.0,43752240.0
2011-01-07,34.49,35.28,34.0,34.21,972620.0,33647652.0
2011-01-10,34.0,34.28,33.33,33.55,961225.0,32373224.0
2011-01-11,33.18,34.02,33.18,34.02,621591.0,20906438.0
2011-01-12,34.15,34.29,33.61,34.02,392835.0,13317418.0
2011-01-13,34.02,34.19,33.2,33.3,592928.0,19894332.0
2011-01-14,33.3,33.3,30.79,31.0,1556384.0,49279540.0
2011-01-17,30.85,31.2,29.24,29.6,1004691.0,30168074.0
2011-01-18,29.36,29.99,29.25,29.85,476818.0,14196350.0
2011-01-19,29.95,30.21,29.7,30.2,406086.0,12194420.0
2011-01-20,30.19,30.19,28.38,28.38,818309.0,23838834.0
2011-01-21,28.3,29.07,28.08,28.55,474789.0,13593596.0
2011-01-24,28.61,28.98,27.89,28.59,451475.0,12889364.0
2011-01-25,28.47,29.1,28.11,29.1,442434.0,12656571.0
2011-01-26,29.1,30.3,29.0,29.64,576685.0,17177952.0
2011-01-27,29.44,30.05,29.13,29.8,451238.0,13403000.0
2011-01-28,29.8,29.86,29.5,29.83,377609.0,11200587.0
2011-01-31,29.71,29.75,29.08,29.57,560493.0,16464088.0
2011-02-01,29.48,29.59,29.2,29.42,355021.0,10427718.0
2011-02-09,29.02,29.54,28.4,28.88,424117.0,12243850.0
2011-02-10,28.51,29.98,28.45,29.94,625136.0,18437542.0
2011-02-11,29.97,30.5,29.9,30.2,684844.0,20638552.0
2011-02-14,30.3,31.0,30.25,30.89,784624.0,24107698.0
2011-02-15,30.9,31.1,30.4,30.4,788120.0,24240210.0
2011-02-16,30.16,30.91,30.16,30.9,611066.0,18732364.0
2011-02-17,30.93,31.28,30.78,31.16,764885.0,23726034.0
2011-02-18,30.85,32.12,30.85,31.65,1162784.0,36797616.0
2011-02-21,31.6,32.1,31.13,31.94,806879.0,25482042.0
2011-02-22,31.93,32.48,30.9,30.97,922792.0,29023064.0
2011-02-23,30.58,31.3,30.58,31.1,464438.0,14374233.0
2011-02-24,30.96,31.27,30.72,31.23,545192.0,16882254.0
2011-02-25,31.7,32.46,30.9,32.05,1248271.0,39778844.0
2011-02-28,31.95,32.16,31.4,32.1,1099393.0,34853476.0
2011-03-01,32.0,32.39,31.8,32.19,937226.0,30100802.0
2011-03-02,32.1,32.1,31.45,31.71,692776.0,21941540.0
2011-03-03,31.55,31.55,29.51,29.51,2351719.0,71504888.0
2011-03-04,29.55,29.85,29.16,29.45,1114411.0,32781216.0
2011-03-07,29.4,29.7,29.25,29.66,1578542.0,46588440.0
2011-03-08,29.75,29.75,29.2,29.66,1024656.0,30181166.0
2011-03-09,29.68,29.94,29.51,29.9,1196618.0,35588300.0
2011-03-10,29.88,30.12,29.61,29.79,1199526.0,35811400.0
2011-03-11,29.88,30.25,29.7,29.78,1225048.0,36711608.0
2011-03-14,29.78,30.25,29.7,30.09,1004672.0,30139680.0
2011-03-15,30.13,30.15,29.4,29.6,1118318.0,33169680.0
2011-03-16,29.88,30.1,29.52,29.97,840387.0,25163206.0
2011-03-17,29.81,29.9,29.11,29.19,885520.0,26074530.0
2011-03-18,29.3,29.61,28.99,29.46,603086.0,17694672.0
2011-03-21,29.47,29.49,28.68,28.83,845632.0,24575302.0
2011-03-22,28.83,29.0,28.24,28.63,719341.0,20498078.0
2011-03-23,28.67,29.18,28.52,28.88,574043.0,16576240.0
2011-03-24,28.88,29.25,28.88,28.91,537630.0,15615483.0
2011-03-25,29.0,29.13,28.78,28.97,362129.0,10493077.0
2011-03-28,28.97,29.1,28.5,28.58,629939.0,18108736.0
2011-03-29,28.85,28.9,27.58,27.82,943016.0,26478142.0
2011-03-30,27.86,28.29,27.58,27.98,655046.0,18349844.0
2011-03-31,27.99,28.78,27.88,28.6,1233544.0,35105756.0
2011-04-01,28.6,29.58,28.32,29.58,2123187.0,61832708.0
2011-04-06,29.58,30.08,29.22,29.31,1844969.0,54715460.0
2011-04-07,29.5,29.68,28.9,29.1,845708.0,24688562.0
2011-04-08,29.02,29.52,29.0,29.24,561374.0,16451900.0
2011-04-11,29.26,29.81,28.84,29.7,1285512.0,37704620.0
2011-04-12,29.78,30.11,29.29,29.3,1018121.0,30119958.0
2011-04-13,29.32,31.05,29.06,30.77,2428692.0,73855528.0
2011-04-14,30.78,32.3,30.78,32.25,4612261.0,146937600.0
2011-04-15,32.26,32.39,31.41,31.97,2990350.0,95390328.0
2011-04-18,31.9,33.19,30.8,30.95,3611128.0,115905552.0
2011-04-19,30.55,30.75,29.38,29.76,2486557.0,74077104.0
2011-04-20,29.62,30.2,29.62,29.88,839657.0,25144126.0
2011-04-21,30.32,31.7,30.29,31.33,1871622.0,58269912.0
2011-04-22,31.4,31.42,30.4,30.7,1087688.0,33373686.0
2011-04-25,30.68,30.99,29.5,29.81,835104.0,25272824.0
2011-04-26,29.81,30.13,28.65,29.24,857767.0,25057584.0
2011-04-27,29.48,29.48,28.02,28.55,673475.0,19364458.0
2011-04-28,28.55,28.93,28.01,28.16,451072.0,12874029.0
2011-04-29,29.28,29.28,28.28,28.94,318952.0,9202177.0
2011-05-03,28.39,29.26,28.32,29.26,324186.0,9366238.0
2011-05-04,29.11,29.17,28.2,28.4,309001.0,8853827.0
2011-05-05,28.4,28.79,28.24,28.59,227162.0,6496479.0
2011-05-06,28.58,29.37,28.2,29.3,451960.0,13134433.0
2011-05-09,29.28,30.22,29.11,29.86,691226.0,20686816.0
2011-05-10,29.96,29.98,29.4,29.8,408014.0,12096339.0
2011-05-11,29.8,29.8,28.8,29.28,565404.0,16506136.0
2011-05-12,29.13,29.7,29.08,29.25,427770.0,12573619.0
2011-05-13,29.2,29.25,28.65,29.05,416408.0,12024330.0
2011-05-16,29.15,29.67,29.05,29.05,449122.0,13202834.0
2011-05-17,29.0,29.47,28.62,29.03,404421.0,11765986.0
2011-05-18,28.85,29.4,28.79,29.34,303278.0,8865440.0
2011-05-20,29.3,29.31,28.36,28.61,445165.0,12796829.0
2011-05-23,28.4,28.79,27.29,27.32,577246.0,16067476.0
2011-05-24,27.32,28.02,27.02,27.8,270926.0,7454223.0
2011-05-25,27.9,27.97,27.13,27.18,197422.0,5421084.0
2011-05-26,27.3,27.89,27.18,27.19,193999.0,5312291.0
2011-05-27,27.18,27.5,27.06,27.16,154976.0,4220233.0
2011-05-30,27.28,27.28,26.0,26.02,350436.0,9301329.0
2011-05-31,26.0,26.45,25.88,26.3,186917.0,4883415.0
2011-06-01,26.4,26.56,26.11,26.52,217733.0,5750866.0
2011-06-02,26.01,26.14,25.41,25.68,334549.0,8610970.0
2011-06-03,25.74,26.22,25.68,26.12,201942.0,5254097.0
2011-06-07,26.13,26.37,26.13,26.23,156531.0,4107438.0
2011-06-08,26.3,26.31,25.85,26.29,234883.0,6125584.0
2011-06-09,26.36,26.36,25.81,25.89,182314.0,4740615.0
2011-06-10,25.89,26.07,25.4,25.6,254089.0,6500000.0
2011-06-13,25.55,25.55,25.15,25.38,214920.0,5430129.0
2011-06-14,25.28,26.03,25.28,25.95,237446.0,6129558.0
2011-06-15,25.95,26.06,25.5,25.62,195166.0,5044790.0
2011-06-16,25.37,25.58,24.94,25.04,283178.0,7139403.0
2011-06-17,24.91,25.19,24.86,25.0,206655.0,5167801.0
2011-06-20,25.0,25.0,24.2,24.39,297629.0,7255856.0
2011-06-21,24.28,25.0,24.28,24.95,221293.0,5446729.0
2011-06-22,24.89,24.96,24.49,24.91,185991.0,4599756.0
2011-06-23,25.08,27.21,25.0,26.67,1221335.0,32147960.0
2011-06-24,26.3,27.28,26.08,26.92,830537.0,22168486.0
2011-06-27,27.1,27.45,26.65,27.27,613418.0,16675345.0
2011-06-28,27.27,27.75,26.91,27.75,970940.0,26616070.0
2011-06-29,27.45,28.45,27.45,28.27,2399633.0,37062620.0
2011-06-30,28.38,28.73,27.82,28.27,1943956.0,30096932.0
2011-07-01,28.29,29.03,27.65,28.18,2254132.0,35005376.0
2011-07-04,27.91,28.54,27.91,28.36,1916981.0,29781982.0
2011-07-05,28.67,29.96,28.45,29.89,3967279.0,63765636.0
2011-07-06,29.89,30.27,29.45,29.69,2821143.0,46162612.0
2011-07-07,29.51,30.16,29.12,29.38,2275530.0,37135964.0
2011-07-08,29.11,29.61,28.69,28.89,1702879.0,27151110.0
2011-07-11,28.91,29.4,28.71,29.29,1249676.0,19989176.0
2011-07-12,29.18,29.18,28.2,28.25,1456058.0,22863164.0
2011-07-13,28.25,28.93,28.25,28.89,1077097.0,16996492.0
2011-07-14,29.0,29.4,28.63,29.36,1418263.0,22607672.0
2011-07-15,29.23,30.09,29.12,29.71,2298595.0,37543988.0
2011-07-18,30.0,30.91,29.82,30.49,4281414.0,71752624.0
2011-07-19,30.38,31.45,30.2,30.78,4264302.0,72401424.0
2011-07-20,31.05,31.27,29.63,30.03,2454111.0,40790156.0
2011-07-21,30.0,30.0,29.2,29.25,1459542.0,23597622.0
2011-07-22,29.32,29.8,29.23,29.34,682598.0,11046756.0
2011-07-25,29.34,29.34,27.65,27.73,1594100.0,24720850.0
2011-07-26,27.73,28.32,27.45,28.18,803654.0,12345006.0
2011-07-27,28.0,28.51,27.89,28.36,703020.0,10909726.0
2011-07-28,28.05,28.12,27.78,28.0,648989.0,9973547.0
2011-07-29,28.0,28.69,27.89,28.27,778506.0,12092188.0
2011-08-01,28.18,28.54,28.18,28.36,739736.0,11555788.0
2011-08-02,28.12,28.34,27.31,27.96,831192.0,12608856.0
2011-08-03,27.54,29.69,27.54,28.85,1409354.0,22288220.0
2011-08-04,28.69,29.0,28.51,28.67,824863.0,13023484.0
2011-08-05,27.63,28.16,27.42,27.74,729429.0,11151593.0
2011-08-08,27.29,27.6,24.96,25.63,1425077.0,20509208.0
2011-08-09,24.73,25.2,23.83,24.82,1124696.0,15258882.0
2011-08-10,25.38,25.98,25.22,25.32,806115.0,11300600.0
2011-08-11,24.69,25.73,24.36,25.58,884994.0,12245666.0
2011-08-12,25.62,26.29,25.62,26.18,890496.0,12767925.0
2011-08-15,26.63,26.73,26.18,26.6,830560.0,12098103.0
2011-08-16,26.82,26.89,26.2,26.36,644565.0,9378577.0
2011-08-17,26.52,26.71,26.29,26.54,554050.0,8081028.0
2011-08-18,26.65,26.78,26.05,26.09,506299.0,7352148.0
2011-08-19,25.91,27.11,25.63,26.98,2268473.0,33334264.0
2011-08-22,26.91,27.42,26.63,26.74,1350612.0,20050006.0
2011-08-23,26.91,27.94,26.91,27.34,1298152.0,19540616.0
2011-08-24,27.47,27.82,27.2,27.73,1675926.0,25357908.0
2011-08-25,27.65,27.76,27.25,27.74,1410321.0,21355382.0
2011-08-26,27.71,27.93,27.42,27.52,867832.0,13166302.0
2011-08-29,27.54,27.82,27.09,27.11,780386.0,11726055.0
2011-08-30,27.23,27.54,26.71,26.89,925604.0,13794682.0
2011-08-31,26.63,27.0,25.96,26.51,627099.0,9126145.0
2011-09-01,26.51,26.82,26.22,26.34,312020.0,4557541.0
2011-09-02,26.25,26.56,25.47,25.6,668789.0,9532022.0
2011-09-05,25.6,25.63,24.83,24.87,459732.0,6321057.0
2011-09-06,24.43,25.0,24.38,24.49,337218.0,4569758.0
2011-09-07,24.54,25.18,24.51,25.07,461294.0,6318781.0
2011-09-08,25.4,25.42,24.58,24.58,346480.0,4765860.0
2011-09-09,24.62,24.96,24.05,24.09,439520.0,5900702.0
2011-09-13,24.14,26.51,23.87,26.51,2231682.0,31599958.0
2011-09-14,27.2,27.98,26.73,27.85,6868361.0,103721424.0
2011-09-15,27.8,28.09,27.32,28.0,5303148.0,80855280.0
2011-09-16,27.94,28.43,27.49,28.2,3994496.0,61355828.0
2011-09-19,27.91,28.76,27.05,27.05,4632301.0,71501496.0
2011-09-20,26.63,29.45,26.63,28.71,5867221.0,91204544.0
2011-09-21,28.21,29.6,28.0,29.49,5951989.0,94750256.0
2011-09-22,29.07,29.34,28.4,28.45,3371959.0,53639900.0
2011-09-23,27.91,28.67,27.09,28.67,3186294.0,48673976.0
2011-09-26,28.2,28.67,27.45,27.8,2270952.0,35028152.0
2011-09-27,27.87,28.4,27.47,28.4,2079576.0,32094328.0
2011-09-28,28.47,29.76,27.82,27.82,3966354.0,63088872.0
2011-09-29,27.27,27.27,25.05,25.07,3135355.0,44545148.0
2011-10-10,25.38,25.38,24.31,24.69,1198263.0,16258962.0
2011-10-11,25.43,25.82,24.42,24.94,1461228.0,20219342.0
2011-10-12,24.91,26.52,24.36,26.47,1945777.0,27694706.0
2011-10-13,26.42,28.14,26.18,28.09,3248795.0,48932308.0
2011-10-14,27.87,28.32,27.42,27.82,1996022.0,30446542.0
2011-10-17,27.94,28.89,27.62,28.83,3117238.0,48531740.0
2011-10-18,28.52,29.4,27.78,28.09,4856652.0,77264880.0
2011-10-19,28.2,29.27,26.78,27.09,3093804.0,47740108.0
2011-10-20,27.09,27.09,25.71,26.02,1712062.0,24573946.0
2011-10-21,26.02,26.71,25.27,25.29,1251049.0,17917220.0
2011-10-24,25.43,27.63,24.56,27.43,2053261.0,29462118.0
2011-10-25,27.43,28.98,27.43,28.32,3501504.0,54386288.0
2011-10-26,28.14,28.94,27.85,28.51,3684168.0,57669876.0
2011-10-27,28.61,29.92,28.21,29.18,6067410.0,97416160.0
2011-10-28,29.78,29.82,28.82,29.43,4715642.0,76014656.0
2011-10-31,29.63,29.82,29.02,29.63,3979477.0,64369408.0
2011-11-01,29.27,29.87,28.74,29.29,3839758.0,61825548.0
2011-11-02,28.54,32.22,28.21,32.22,8364007.0,144087136.0
2011-11-03,35.43,35.43,35.43,35.43,3394162.0,66152216.0
2011-11-04,36.62,38.81,36.07,38.18,28745814.0,590048832.0
2011-11-07,37.96,38.14,36.91,37.18,11954496.0,245935920.0
2011-11-08,37.69,37.8,35.87,36.09,9774266.0,196808304.0
2011-11-09,36.27,39.7,35.74,39.7,21620620.0,449168480.0
2011-11-10,39.78,41.03,38.0,38.0,22998416.0,501625984.0
2011-11-11,37.89,38.49,36.29,37.23,13267481.0,273170016.0
2011-11-14,37.63,38.45,36.96,38.14,10876879.0,226266640.0
2011-11-15,37.83,39.27,37.34,38.54,9022002.0,190372912.0
2011-11-16,38.51,38.52,36.0,36.4,8805431.0,180668176.0
2011-11-17,36.69,38.27,36.09,37.4,9181988.0,188231984.0
2011-11-18,36.91,36.91,34.81,35.14,7513551.0,147072160.0
2011-11-21,35.07,35.72,33.91,34.72,5209268.0,99663704.0
2011-11-23,34.72,35.81,33.81,34.8,6280074.0,119954016.0
2011-11-24,34.18,36.12,33.96,35.58,6063905.0,117473016.0
2011-11-25,35.2,35.41,33.63,33.87,5024851.0,95513240.0
2011-11-28,34.52,34.52,33.36,34.12,3254081.0,60668344.0
2011-11-29,34.72,34.91,33.96,34.85,4328690.0,82198728.0
2011-11-30,34.54,34.69,31.36,31.36,6188097.0,110621968.0
2011-12-01,32.36,32.69,31.16,31.23,5885342.0,103621616.0
2011-12-02,30.91,32.09,30.18,31.63,4740265.0,81486688.0
2011-12-05,31.56,31.56,30.12,30.38,2460340.0,41403844.0
2011-12-06,30.18,31.63,30.02,31.38,4052214.0,68974176.0
2011-12-07,31.18,32.32,30.61,32.09,5262081.0,91215144.0
2011-12-08,31.58,33.07,30.82,32.23,6114816.0,108187728.0
2011-12-09,31.83,33.02,31.67,31.74,4760151.0,84329672.0
2011-12-12,31.31,31.61,29.73,29.96,3624663.0,61539112.0
2011-12-13,29.4,29.63,28.0,28.36,4352790.0,68445248.0
2011-12-14,28.51,29.23,28.11,28.4,3604242.0,56886128.0
2011-12-15,28.0,29.4,27.82,28.07,4058364.0,63950600.0
2011-12-16,27.85,29.78,27.85,29.78,4725041.0,75036432.0
2011-12-19,29.27,30.54,28.82,30.43,5560127.0,90328728.0
2011-12-20,30.0,30.63,29.38,29.6,5032938.0,82797936.0
2011-12-21,29.98,30.29,28.18,28.25,4440343.0,71989672.0
2011-12-22,27.45,27.65,25.51,26.73,5558881.0,81445152.0
2011-12-23,26.18,27.45,26.18,26.73,3020315.0,44720112.0
2011-12-26,27.05,27.42,26.29,26.31,2631765.0,38957340.0
2011-12-27,26.02,26.02,24.69,24.69,3123827.0,43234912.0
2011-12-28,24.36,25.31,24.27,25.29,2256629.0,30898464.0
2011-12-29,25.05,25.42,24.54,24.73,2279672.0,31447892.0
2011-12-30,24.94,25.4,24.87,25.05,1955380.0,27007480.0
2012-01-04,25.29,25.4,23.2,23.29,2474414.0,33541672.0
2012-01-05,22.73,23.0,21.58,21.8,3467889.0,42684988.0
2012-01-06,21.87,22.91,21.36,22.65,2474971.0,30042832.0
2012-01-09,22.49,23.62,22.11,23.54,3001798.0,38188408.0
2012-01-10,23.29,25.03,23.29,24.58,4296136.0,57633060.0
2012-01-11,24.54,27.03,24.18,25.63,8936745.0,128609704.0
2012-01-12,25.09,25.58,24.8,25.22,5403328.0,74881872.0
2012-01-13,25.18,25.31,22.91,22.94,4789897.0,63147228.0
2012-01-16,22.38,23.45,22.22,23.09,2496437.0,31478530.0
2012-01-17,22.83,25.09,22.73,24.74,4581492.0,61132196.0
2012-01-18,24.54,24.93,23.65,23.65,3937087.0,52753604.0
2012-01-19,23.31,23.93,22.96,23.76,2621642.0,33946572.0
2012-01-20,23.74,24.76,23.74,24.12,2517372.0,33662872.0
2012-01-30,24.12,24.52,23.42,23.74,1742214.0,22914072.0
2012-01-31,23.63,23.85,22.87,23.85,1517025.0,19513688.0
2012-02-01,23.71,24.82,23.36,24.23,3937253.0,52704896.0
2012-02-02,24.32,25.09,24.14,25.05,4229592.0,57557472.0
2012-02-03,24.91,25.62,24.76,25.42,4849752.0,67244400.0
2012-02-06,25.42,25.51,24.83,25.25,3513679.0,48565560.0
2012-02-07,24.93,25.73,24.6,24.76,4558214.0,63240804.0
2012-02-08,24.63,26.09,24.51,25.78,5355502.0,74705456.0
2012-02-09,25.62,26.52,25.47,25.73,5959921.0,85043040.0
2012-02-10,25.47,26.07,25.32,25.69,3466279.0,48947124.0
2012-02-13,25.45,27.05,25.34,26.76,6448271.0,93531632.0
2012-02-14,26.73,26.73,26.09,26.36,4004239.0,58114500.0
2012-02-15,26.71,27.8,26.56,27.11,7547015.0,113199832.0
2012-02-16,26.74,28.03,26.65,27.31,6658849.0,100591568.0
2012-02-17,27.27,27.54,26.14,26.54,4432277.0,65087208.0
2012-02-20,27.07,27.45,26.51,26.58,3667984.0,54380968.0
2012-02-21,26.58,27.45,25.96,27.34,4287536.0,63056680.0
2012-02-22,27.18,30.07,27.09,30.07,8658656.0,139281792.0
2012-02-23,30.91,31.61,29.73,30.12,14680067.0,247644512.0
2012-02-24,29.82,30.27,29.43,29.87,6533131.0,107104136.0
2012-02-27,29.74,31.25,29.47,30.76,10479187.0,175863008.0
2012-02-28,30.69,32.27,30.63,31.0,11701814.0,202017056.0
2012-02-29,30.36,30.36,28.22,29.73,9275230.0,149845184.0
2012-03-01,29.38,32.54,29.38,30.91,10501180.0,178746336.0
2012-03-02,30.72,32.09,30.29,31.0,7939184.0,135470880.0
2012-03-05,31.03,31.18,30.16,30.45,5952985.0,100357168.0
2012-03-06,30.52,31.16,30.18,30.91,5540859.0,93660552.0
2012-03-07,30.61,31.61,30.2,30.69,6640060.0,113385344.0
2012-03-08,30.78,31.27,30.54,30.91,3939074.0,66881236.0
2012-03-09,31.09,31.54,30.92,31.36,5277495.0,90853248.0
2012-03-12,31.63,33.65,31.45,33.18,11341515.0,204385616.0
2012-03-13,32.81,33.0,32.22,32.63,5174223.0,92595440.0
2012-03-14,32.69,32.89,29.45,30.36,7536490.0,129937896.0
2012-03-15,30.34,30.72,28.82,29.47,3978795.0,65041756.0
2012-03-16,29.54,30.54,29.14,30.47,3475240.0,57246832.0
2012-03-19,30.4,30.67,29.83,30.54,2703769.0,44984220.0
2012-03-20,30.36,30.43,29.34,29.45,2717380.0,44496128.0
2012-03-21,29.49,30.83,29.11,30.69,4617318.0,76516600.0
2012-03-22,30.54,31.78,30.36,30.65,5372245.0,92138480.0
2012-03-23,30.38,30.69,29.63,29.91,2188034.0,36176688.0
2012-03-26,30.23,30.23,29.82,30.07,1281061.0,21135010.0
2012-03-27,30.45,31.23,30.18,30.76,2581699.0,43675912.0
2012-03-28,30.82,30.82,28.34,29.0,3277417.0,52679756.0
2012-03-29,28.76,28.8,27.36,27.82,1735601.0,26811048.0
2012-03-30,27.82,28.34,25.85,26.32,2049910.0,30347680.0
2012-04-05,26.54,27.42,26.18,27.25,1323700.0,19592190.0
2012-04-06,27.63,27.87,26.91,27.43,1779386.0,26843030.0
2012-04-09,27.11,27.45,26.11,26.18,1332855.0,19619650.0
2012-04-10,25.83,26.36,25.05,26.31,1942198.0,27480676.0
2012-04-11,26.0,26.51,25.62,26.31,1329992.0,19127754.0
2012-04-12,26.31,27.14,26.31,27.12,2199771.0,32495934.0
2012-04-13,27.54,27.63,26.91,27.12,1742342.0,26054502.0
2012-04-16,27.03,27.03,26.63,26.82,1537542.0,22666990.0
2012-04-17,26.87,27.71,26.73,26.89,2262497.0,33887616.0
2012-04-18,27.03,27.62,26.82,27.45,2032159.0,30480290.0
2012-04-20,27.47,28.32,27.36,28.18,3393395.0,52043964.0
2012-04-23,28.03,29.0,27.45,28.54,4737562.0,73879640.0
2012-04-24,28.18,29.96,27.82,29.58,6139345.0,98751136.0
2012-04-25,29.27,29.36,28.61,29.12,3617093.0,57719004.0
2012-04-26,29.23,29.34,28.49,28.6,2241872.0,35517000.0
2012-04-27,28.56,28.98,28.43,28.78,1144457.0,18081456.0
2012-05-02,28.96,29.63,28.82,29.63,2482305.0,39886324.0
2012-05-03,29.58,30.18,29.09,29.87,3042571.0,49559672.0
2012-05-04,30.27,31.03,29.78,30.0,4529264.0,75638632.0
2012-05-07,29.69,30.54,29.18,30.52,2865757.0,46597540.0
2012-05-08,30.82,30.82,29.82,29.83,2829417.0,47132172.0
2012-05-09,29.6,29.6,28.73,29.41,2557519.0,40912116.0
2012-05-10,29.34,29.89,29.14,29.31,1482508.0,24076906.0
2012-05-11,29.31,29.32,28.54,28.54,1556170.0,24698676.0
2012-05-14,28.85,29.02,28.4,28.54,1596016.0,25210346.0
2012-05-15,28.14,28.56,27.54,28.42,1539944.0,23697604.0
2012-05-16,28.4,28.65,28.03,28.03,1011568.0,15773888.0
2012-05-17,27.98,28.63,27.78,28.4,916386.0,14219915.0
2012-05-18,28.27,28.29,27.42,27.42,1079961.0,16496469.0
2012-05-21,27.42,27.52,26.36,26.65,1529199.0,22594970.0
2012-05-22,26.54,27.67,26.54,27.6,1359659.0,20388680.0
2012-05-23,27.45,27.73,26.54,27.11,1993614.0,29501770.0
2012-05-24,27.09,27.54,26.74,27.54,1133449.0,16960388.0
2012-05-25,27.36,28.14,27.27,27.91,2109995.0,32278396.0
2012-05-28,27.85,27.87,26.96,27.71,1347172.0,20320164.0
2012-05-29,27.54,28.0,27.54,27.87,1854257.0,28354194.0
2012-05-30,27.8,28.03,27.6,27.69,1133949.0,17365448.0
2012-05-31,27.6,28.22,27.54,27.98,1527945.0,23489656.0
2012-06-01,27.82,28.4,27.82,28.4,1929807.0,29841772.0
2012-06-04,28.02,28.03,26.91,26.94,1477736.0,22357334.0
2012-06-05,27.91,28.89,26.96,27.65,3400645.0,52833364.0
2012-06-06,27.27,27.49,26.47,26.71,2484946.0,36778544.0
2012-06-07,27.0,27.11,26.05,26.2,1361986.0,19940526.0
2012-06-08,26.63,26.63,25.73,25.74,975250.0,14025807.0
2012-06-11,25.74,26.18,25.58,26.11,1377167.0,19664058.0
2012-06-12,25.91,26.07,25.45,25.83,1117212.0,15817118.0
2012-06-13,25.91,26.36,25.91,26.22,1027518.0,14795606.0
2012-06-14,26.09,26.5,25.57,25.71,1302421.0,12351463.0
2012-06-15,25.98,26.34,25.6,26.17,1511055.0,14324185.0
2012-06-18,26.31,27.22,26.06,26.8,2462519.0,23947870.0
2012-06-19,26.64,27.05,26.5,26.7,1482117.0,14411229.0
2012-06-20,26.86,27.33,26.53,27.14,2393586.0,23612110.0
2012-06-21,27.05,27.05,25.82,26.2,1705082.0,16365628.0
2012-06-25,26.09,26.12,25.3,25.3,1083214.0,10128065.0
2012-06-26,24.99,25.65,24.96,25.32,875123.0,8083533.0
2012-06-27,25.32,25.95,25.13,25.16,917232.0,8540553.0
2012-06-28,25.21,25.41,24.75,24.77,937670.0,8563634.0
2012-06-29,24.86,25.35,24.77,25.18,988322.0,9039568.0
2012-07-02,25.41,25.68,25.27,25.43,814497.0,7549971.0
2012-07-03,25.43,25.9,25.3,25.73,1179003.0,11020227.0
2012-07-04,25.82,25.98,25.27,25.41,707195.0,6573898.0
2012-07-05,25.24,25.24,24.77,24.86,1033837.0,9392243.0
2012-07-06,24.99,25.54,24.77,25.38,957158.0,8751896.0
2012-07-09,25.35,25.35,24.17,24.25,1095643.0,9914628.0
2012-07-10,24.22,24.5,24.11,24.11,543910.0,4813090.0
2012-07-11,24.17,24.44,23.62,23.87,455354.0,3973066.0
2012-07-12,23.98,24.5,23.62,24.42,1174291.0,10289599.0
2012-07-13,24.36,24.5,23.76,23.87,739967.0,6503298.0
2012-07-16,23.87,24.03,21.48,21.48,2259343.0,18281552.0
2012-07-17,21.48,21.81,21.31,21.7,675647.0,5312389.0
2012-07-18,21.7,21.7,20.6,21.53,1302848.0,10016815.0
2012-07-19,21.42,22.19,21.29,21.78,1172753.0,9308918.0
2012-07-20,21.89,22.36,21.64,21.72,986202.0,7900010.0
2012-07-23,21.78,21.78,21.15,21.53,779242.0,6072815.0
2012-07-24,21.18,23.67,20.87,23.67,2483594.0,20890716.0
2012-07-25,24.39,25.38,24.28,24.44,9910149.0,89345184.0
2012-07-26,24.09,24.99,23.89,24.31,2531316.0,22617350.0
2012-07-27,24.55,25.07,22.55,22.91,5019435.0,43242380.0
2012-07-30,22.8,22.91,22.05,22.36,2686357.0,21967550.0
2012-07-31,22.19,22.47,21.56,22.47,1744871.0,14003177.0
2012-08-01,22.25,23.18,22.05,22.74,1896849.0,15684840.0
2012-08-02,22.71,23.48,22.11,23.23,3131243.0,26237478.0
2012-08-03,22.93,23.81,22.93,23.78,2862565.0,24449380.0
2012-08-06,23.4,24.44,23.4,24.25,2846241.0,24896970.0
2012-08-07,24.11,24.55,23.89,24.22,2903570.0,25594866.0
2012-08-08,24.22,24.86,23.98,24.36,2583816.0,23044684.0
2012-08-09,24.17,24.64,23.92,24.47,2084356.0,18484516.0
2012-08-10,24.86,24.86,23.95,24.28,2177118.0,19286378.0
2012-08-13,24.17,24.28,23.7,23.7,1596921.0,13904776.0
2012-08-14,23.84,24.22,23.07,24.03,1709371.0,14720119.0
2012-08-15,24.03,24.42,23.65,23.84,1703403.0,14978847.0
2012-08-16,23.67,24.03,22.88,22.99,1293653.0,11031740.0
2012-08-17,22.66,23.12,22.66,23.04,1015204.0,8473905.0
2012-08-20,22.8,23.34,22.63,23.23,894402.0,7479229.0
2012-08-21,23.21,24.22,23.1,24.17,2183413.0,18948026.0
2012-08-22,24.36,24.39,23.65,23.78,1463801.0,12778429.0
2012-08-23,23.78,24.31,23.54,24.2,1879104.0,16404962.0
2012-08-24,24.09,24.17,23.23,23.26,1386723.0,11916933.0
2012-08-27,23.29,23.34,22.52,22.55,939070.0,7784763.0
2012-08-28,22.74,23.1,22.52,22.85,505441.0,4203340.0
2012-08-29,22.8,25.13,22.69,24.31,10009405.0,90577960.0
2012-08-30,23.92,24.28,21.97,22.3,7330511.0,61970928.0
2012-08-31,22.25,23.32,21.92,23.02,3283412.0,27203914.0
2012-09-03,22.82,25.32,22.82,25.32,7957632.0,71631024.0
2012-09-04,27.11,27.85,26.91,27.85,8490052.0,85026424.0
2012-09-05,30.62,30.62,30.62,30.62,6044494.0,67396112.0
2012-09-06,32.77,33.7,32.02,32.68,43500896.0,518493408.0
2012-09-07,33.64,35.16,32.57,33.53,34577616.0,424133216.0
2012-09-10,32.82,36.88,32.74,34.44,37059568.0,470915552.0
2012-09-11,34.36,35.48,33.4,33.75,28592988.0,357828896.0
2012-09-12,33.95,34.22,33.12,34.06,19425016.0,238080800.0
2012-09-13,33.95,34.88,32.24,32.24,21430852.0,261606048.0
2012-09-14,31.89,34.28,31.23,32.77,23287032.0,278135520.0
2012-09-17,32.96,32.96,30.76,31.5,14010744.0,161077120.0
2012-09-18,31.5,32.46,30.79,31.47,10526810.0,121596136.0
2012-09-19,31.58,32.35,30.38,30.62,14566042.0,165689648.0
2012-09-20,30.21,30.43,29.47,29.96,11978471.0,130289376.0
2012-09-21,29.66,29.94,27.79,28.04,13230660.0,138595088.0
2012-09-24,27.74,28.98,27.6,28.64,10274097.0,106418304.0
2012-09-25,28.45,28.73,27.74,28.21,7477167.0,76949296.0
2012-09-26,28.18,29.2,27.02,27.11,11652926.0,119201392.0
2012-09-27,26.94,28.23,26.78,27.68,7853331.0,78643136.0
2012-09-28,27.36,27.88,27.08,27.85,6963298.0,69840520.0
2012-10-08,27.85,28.29,27.49,28.23,7155023.0,72952616.0
2012-10-09,28.1,30.07,28.07,29.61,17512488.0,186876192.0
2012-10-10,29.09,32.35,28.89,31.04,22648224.0,251216976.0
2012-10-11,30.46,30.46,27.93,28.12,17051792.0,182070320.0
2012-10-12,27.88,28.51,27.02,27.44,8528159.0,85909304.0
2012-10-15,27.46,27.74,26.37,26.94,4355533.0,42910932.0
2012-10-16,26.91,27.46,26.64,27.16,3732894.0,36849140.0
2012-10-17,27.19,27.74,26.94,27.71,4145846.0,41406064.0
2012-10-18,27.66,28.29,27.52,27.99,5150759.0,52379256.0
2012-10-19,28.04,28.43,27.46,27.46,4410929.0,44804444.0
2012-10-22,27.05,27.96,26.78,27.9,4334229.0,43112344.0
2012-10-23,27.99,28.26,27.02,27.08,5204982.0,52474464.0
2012-10-24,26.7,27.22,26.45,26.97,2518077.0,24704222.0
2012-10-25,27.0,27.08,25.21,25.24,6186352.0,58441924.0
2012-10-26,25.21,25.46,24.5,24.72,3159415.0,28685656.0
2012-10-29,24.96,24.99,24.5,24.83,2021586.0,18273254.0
2012-10-30,24.96,24.96,24.11,24.36,2566392.0,22980382.0
2012-10-31,24.31,25.1,24.17,24.94,2809147.0,25158064.0
2012-11-01,24.94,27.02,24.91,26.64,8737485.0,83474104.0
2012-11-02,26.67,26.7,25.73,26.09,5440809.0,51787216.0
2012-11-05,26.17,26.72,26.17,26.31,4923706.0,47349476.0
2012-11-06,26.34,26.48,25.54,26.42,4037129.0,38300692.0
2012-11-07,26.39,26.72,26.17,26.42,3379009.0,32605170.0
2012-11-08,26.17,26.5,25.1,25.13,4247592.0,39929288.0
2012-11-09,25.71,26.89,25.35,25.38,4159161.0,39557620.0
2012-11-12,24.66,25.21,24.44,25.13,2038431.0,18514058.0
2012-11-13,25.05,25.1,24.31,24.33,2044647.0,18363200.0
2012-11-14,24.33,24.61,24.17,24.58,1391777.0,12371026.0
2012-11-15,24.44,24.72,23.7,23.73,1867491.0,16505835.0
2012-11-16,23.84,23.84,22.91,23.29,2105103.0,17792000.0
2012-11-19,23.45,23.73,23.18,23.7,1182964.0,10119731.0
2012-11-20,23.89,24.31,23.65,23.78,1726690.0,15081769.0
2012-11-21,23.76,24.58,23.65,24.5,2713434.0,23978118.0
2012-11-22,24.14,24.88,24.03,24.8,3239042.0,29046118.0
2012-11-23,24.5,25.1,24.31,24.44,1986479.0,17842706.0
2012-11-26,24.06,24.39,23.89,24.0,1377530.0,12077391.0
2012-11-27,24.03,24.17,22.47,22.52,1877405.0,15734356.0
2012-11-28,22.25,22.71,21.64,21.78,1890839.0,15214986.0
2012-11-29,21.75,22.05,20.76,20.98,1911067.0,14884868.0
2012-11-30,20.98,21.97,20.68,21.42,2765898.0,21433294.0
2012-12-03,21.15,21.53,20.63,20.82,2196213.0,16852072.0
2012-12-04,20.73,21.83,20.32,21.81,3297239.0,25629192.0
2012-12-05,21.83,23.4,21.56,22.8,4665024.0,38400836.0
2012-12-06,25.07,25.07,23.76,23.89,8751949.0,77798816.0
2012-12-07,23.65,24.36,23.51,24.17,6282014.0,54844736.0
2012-12-10,24.03,25.49,23.84,25.13,7360653.0,66553804.0
2012-12-11,25.13,25.76,24.75,24.8,6704822.0,61583800.0
2012-12-12,24.53,24.58,23.78,24.39,4778068.0,42073560.0
2012-12-13,24.66,25.21,23.89,23.98,3280136.0,29403230.0
2012-12-14,23.89,25.54,23.89,25.07,6120506.0,55599668.0
2012-12-17,25.16,26.28,24.83,26.23,8365020.0,77463792.0
2012-12-18,26.5,26.78,25.16,25.4,7394631.0,69629456.0
2012-12-19,24.75,26.23,24.75,25.54,5065202.0,47225120.0
2012-12-20,25.35,25.43,24.44,25.4,5351130.0,48661660.0
2012-12-21,26.12,27.08,25.4,25.49,7665388.0,73246320.0
2012-12-24,25.46,25.82,25.35,25.68,4069386.0,37911852.0
2012-12-25,25.65,26.5,25.65,26.28,6634217.0,63332028.0
2012-12-26,26.28,26.78,26.09,26.75,5958944.0,57302380.0
2012-12-27,27.08,27.08,25.79,25.82,5870690.0,56243332.0
2012-12-28,25.71,26.04,25.38,25.95,3486996.0,32703292.0
2012-12-31,26.04,26.15,25.62,25.79,2923665.0,27511632.0
2013-01-04,25.87,26.04,25.46,25.65,2509890.0,23452074.0
2013-01-07,25.54,26.72,25.4,26.59,7059466.0,67681224.0
2013-01-08,26.56,28.04,26.31,27.63,11178316.0,110728392.0
2013-01-09,27.63,27.63,26.64,27.19,7845794.0,77567200.0
2013-01-10,27.05,28.01,26.8,28.01,9725908.0,96633800.0
2013-01-11,27.74,28.4,26.78,26.86,9481069.0,95610624.0
2013-01-14,26.45,27.74,26.39,27.52,6525424.0,64731704.0
2013-01-15,27.68,28.89,27.55,28.37,10799941.0,110928528.0
2013-01-16,28.29,31.17,27.27,31.14,15767563.0,166626800.0
2013-01-17,29.88,30.13,28.51,28.56,11863452.0,126570264.0
2013-01-18,28.51,28.98,28.12,28.67,6337379.0,66001672.0
2013-01-21,28.59,29.09,28.45,29.03,4834643.0,50673760.0
2013-01-22,29.03,29.03,27.49,27.82,5447955.0,55874016.0
2013-01-23,27.74,28.4,26.7,28.29,6384225.0,64111376.0
2013-01-24,28.29,28.67,27.02,27.02,5527899.0,56184044.0
2013-01-25,27.27,27.71,26.83,27.22,3103441.0,30857478.0
2013-01-28,27.44,28.01,27.22,27.88,3484222.0,35156308.0
2013-01-29,27.77,28.37,27.77,28.37,4427903.0,45325216.0
2013-01-30,28.78,29.94,28.37,29.3,11436358.0,120956336.0
2013-01-31,28.84,29.14,28.29,28.62,5293937.0,55093096.0
2013-02-01,28.84,29.17,28.32,28.84,5032935.0,52812316.0
2013-02-04,28.84,28.84,27.68,27.74,5138661.0,52558560.0
2013-02-05,27.46,28.32,27.27,28.04,3360422.0,34175228.0
2013-02-06,28.07,29.09,27.82,29.03,5591551.0,58357688.0
2013-03-08,31.94,31.94,31.94,31.94,1278861.0,14873153.0
2013-03-11,34.3,34.3,30.57,30.59,15115250.0,176684560.0
2013-03-12,29.94,30.59,28.04,28.92,8804120.0,94460512.0
2013-03-13,28.84,28.84,27.6,28.18,3645695.0,37474828.0
2013-03-14,28.18,28.73,28.07,28.26,2618769.0,27049230.0
2013-03-15,27.68,28.73,27.68,27.99,2993995.0,30804212.0
2013-03-18,27.96,28.43,26.97,27.11,4010361.0,40435504.0
2013-03-19,27.19,27.44,26.5,27.27,2340784.0,22983582.0
2013-03-20,27.27,28.23,27.14,28.15,2737487.0,27738458.0
2013-03-21,28.15,29.39,27.96,29.33,4986377.0,51968020.0
2013-03-22,30.02,31.04,29.41,29.52,10096057.0,110528376.0
2013-03-25,29.11,30.87,28.81,30.13,6295655.0,68894416.0
2013-03-26,29.83,30.05,29.06,29.74,3590901.0,38673064.0
2013-03-27,29.77,30.16,29.17,29.33,3149557.0,34005292.0
2013-03-28,29.17,29.17,27.68,27.9,3682953.0,37836148.0
2013-03-29,27.93,28.37,27.46,27.46,1958505.0,19917804.0
2013-04-01,27.41,28.4,27.41,28.29,2246272.0,22924658.0
2013-04-02,28.29,28.45,27.63,27.77,2032247.0,20726082.0
2013-04-03,27.96,28.34,27.66,27.96,1901523.0,19363814.0
2013-04-08,27.63,27.66,26.7,27.66,1935996.0,19159282.0
2013-04-09,27.9,29.3,27.57,28.98,3589921.0,37391488.0
2013-04-10,28.67,29.19,28.18,28.54,2339613.0,24382844.0
2013-04-11,28.56,29.22,28.29,28.29,2931409.0,30810532.0
2013-04-12,28.15,28.54,27.24,27.24,2895506.0,29276370.0
2013-04-15,27.22,27.71,27.19,27.6,1886398.0,18883756.0
2013-04-16,27.27,28.43,27.11,28.4,1979699.0,20079594.0
2013-04-17,28.29,28.54,27.77,28.26,2184738.0,22421940.0
2013-04-18,28.1,28.84,27.88,28.78,2941602.0,30578160.0
2013-04-19,28.78,29.36,28.64,29.17,4206337.0,44629872.0
2013-04-22,29.03,30.13,28.73,29.83,5414313.0,58298532.0
2013-04-23,30.16,30.16,28.48,28.56,4109980.0,43518076.0
2013-04-24,28.7,29.99,28.56,29.66,4123678.0,44199888.0
2013-04-25,29.66,30.07,28.59,28.84,4923070.0,53010056.0
2013-04-26,28.32,28.78,27.49,27.77,3768429.0,38283164.0
2013-05-02,27.74,28.43,27.46,28.4,1734483.0,17709978.0
2013-05-03,29.09,29.52,28.64,28.92,3608169.0,38207864.0
2013-05-06,28.98,30.38,28.92,30.07,7197930.0,78321552.0
2013-05-07,29.96,30.95,29.69,30.65,8803426.0,97361712.0
2013-05-08,30.76,31.83,30.21,31.06,11021756.0,124426912.0
2013-05-09,30.76,31.78,30.51,31.45,9584942.0,108681856.0
2013-05-10,31.67,32.13,30.9,31.06,7322657.0,83753344.0
2013-05-13,31.01,31.64,30.07,31.53,6748478.0,75609648.0
2013-05-14,31.53,32.0,30.48,30.87,5590364.0,63471572.0
2013-05-15,30.73,32.16,30.68,32.16,7590517.0,87396552.0
2013-05-16,32.19,32.49,31.47,31.97,7962923.0,92975552.0
2013-05-17,31.72,32.44,31.61,32.16,6169206.0,72013016.0
2013-05-20,32.08,33.45,31.89,32.98,9006710.0,107722216.0
2013-05-21,33.34,34.0,32.96,33.31,8523673.0,103906592.0
2013-05-22,33.04,33.92,32.13,32.27,8834188.0,105902072.0
2013-05-23,32.16,33.78,32.08,32.44,6652178.0,79710624.0
2013-05-24,32.44,33.64,32.44,33.37,7246816.0,87689360.0
2013-05-27,33.34,34.77,33.18,34.41,9845932.0,122557024.0
2013-05-28,34.41,34.41,33.12,33.26,7095561.0,86406216.0
2013-05-29,33.37,34.0,32.71,33.48,4840350.0,58864684.0
2013-05-30,33.45,34.33,32.93,34.19,6794309.0,83402520.0
2013-05-31,34.11,34.66,33.67,33.73,5759771.0,71714736.0
2013-06-03,33.48,34.99,33.12,34.47,7473484.0,93029704.0
2013-06-04,34.49,35.26,33.37,33.53,8055887.0,100599408.0
2013-06-05,33.51,33.64,31.61,32.13,7469483.0,87955600.0
2013-06-06,31.69,32.02,30.82,30.82,4595433.0,52204808.0
2013-06-07,31.53,32.38,30.73,32.05,5335900.0,61516972.0
2013-06-13,31.53,34.16,30.62,33.7,8866464.0,106153376.0
2013-06-14,33.26,34.72,33.15,34.25,7619500.0,94252736.0
2013-06-17,34.52,34.96,33.92,34.52,6641255.0,83225424.0
2013-06-18,34.19,34.52,32.96,33.29,6252157.0,76326808.0
2013-06-19,32.98,32.98,31.72,32.41,4651316.0,54641440.0
2013-06-20,32.71,35.51,32.44,33.92,12021966.0,150843232.0
2013-06-21,31.8,33.45,30.62,32.79,7870286.0,91830856.0
2013-06-24,32.85,35.37,32.13,33.67,13469245.0,166546112.0
2013-06-25,33.59,33.59,30.29,32.19,12719408.0,146320096.0
2013-06-26,32.22,35.4,31.45,35.4,17647154.0,220868320.0
2013-06-27,35.57,36.72,34.41,36.17,23110452.0,299914656.0
2013-06-28,35.35,35.84,33.51,34.33,12972015.0,164403760.0
2013-07-01,33.84,36.8,33.67,36.8,13750558.0,177994848.0
2013-07-02,36.53,37.49,35.98,36.47,13669170.0,182145408.0
2013-07-03,36.14,37.41,35.29,36.66,11939081.0,158254576.0
2013-07-04,36.12,37.08,35.37,35.37,9967069.0,130817920.0
2013-07-05,35.57,38.45,35.57,36.42,16477244.0,222667568.0
2013-07-08,35.13,36.01,34.0,34.49,10398723.0,132494528.0
2013-07-09,33.86,35.04,33.84,34.72,5120621.0,64427248.0
2013-07-10,34.55,36.12,34.49,35.81,7345987.0,94958528.0
2013-07-11,35.59,36.58,34.96,35.98,9243375.0,120458704.0
2013-07-12,35.7,38.01,35.46,36.36,11460368.0,154711168.0
2013-07-15,36.8,38.09,36.55,37.6,9110458.0,124273296.0
2013-07-16,37.52,39.74,37.38,38.78,14967791.0,210774480.0
2013-07-17,38.45,39.16,37.38,37.87,9455058.0,131508624.0
2013-07-18,37.54,38.89,37.08,38.31,8287351.0,115603800.0
2013-07-19,38.31,38.51,36.47,36.47,8430095.0,115115152.0
2013-07-22,35.7,37.85,35.62,37.63,5909785.0,79761096.0
2013-07-23,37.63,38.86,37.19,38.7,9627179.0,133574944.0
2013-07-24,38.4,39.55,38.12,38.92,8741530.0,123505024.0
2013-07-25,39.11,39.27,37.08,37.08,7618120.0,104675080.0
2013-07-26,36.94,38.92,36.36,38.78,7221340.0,98851000.0
2013-07-29,38.17,40.65,37.95,39.38,13372114.0,192439920.0
2013-07-30,38.94,39.49,36.77,37.9,8175990.0,113221208.0
2013-07-31,37.82,38.89,37.19,37.9,5615436.0,77740888.0
2013-08-01,38.04,40.04,37.54,39.82,9353461.0,133379736.0
2013-08-02,40.23,43.8,39.41,43.8,23865526.0,369881472.0
2013-08-05,45.15,46.41,44.05,45.73,23953834.0,394233632.0
2013-08-06,46.83,48.09,45.12,45.18,22730556.0,382595776.0
2013-08-07,45.18,47.16,44.79,45.1,17269332.0,287755488.0
2013-08-08,44.16,44.6,42.93,44.49,16069493.0,256128480.0
2013-08-09,44.08,44.44,42.21,42.84,12119418.0,190762320.0
2013-08-12,42.51,44.22,41.77,44.02,12033887.0,189713104.0
2013-08-13,43.67,44.77,43.37,43.75,6830877.0,109525848.0
2013-08-14,43.53,43.72,42.19,42.84,6746285.0,105327264.0
2013-08-15,43.01,44.16,42.76,42.82,7332351.0,116317944.0
2013-08-16,42.21,43.59,40.92,41.33,8853873.0,135899136.0
2013-08-19,40.67,42.95,40.67,42.62,5879616.0,90254512.0
2013-08-20,42.57,44.13,42.3,43.42,7848429.0,123989464.0
2013-08-21,43.26,43.39,42.19,42.79,5741745.0,89418704.0
2013-08-22,44.85,45.73,43.09,43.23,8719225.0,139714384.0
2013-08-23,42.87,43.61,41.74,43.31,6560672.0,102431680.0
2013-08-26,43.39,45.29,43.09,44.82,10922213.0,176947440.0
2013-08-27,44.77,44.77,43.61,44.19,6250129.0,100300024.0
2013-08-28,44.08,45.21,43.53,44.19,9017081.0,146692464.0
2013-08-29,43.7,44.0,42.24,42.38,7389059.0,115488408.0
2013-08-30,42.41,42.84,38.2,39.19,9773035.0,142598384.0
2013-09-02,39.58,40.07,38.89,39.55,3902467.0,56082860.0
2013-09-03,39.58,40.18,39.55,40.07,3838505.0,55855244.0
2013-09-04,40.7,40.7,39.69,40.04,3445621.0,50264932.0
2013-09-05,40.07,40.37,39.27,40.15,3520764.0,50989344.0
2013-09-06,39.71,40.34,39.69,40.18,3481691.0,50712772.0
2013-09-09,39.8,40.18,39.16,39.77,5005316.0,72194456.0
2013-09-10,39.69,39.99,38.34,38.45,5808017.0,82358512.0
2013-09-11,38.34,38.34,35.98,36.55,7312548.0,97862680.0
2013-09-12,36.53,37.46,36.42,36.86,3652082.0,49330852.0
2013-09-13,36.88,37.85,36.88,37.65,3132247.0,42740256.0
2013-09-16,37.65,38.37,37.38,38.2,2902837.0,40221064.0
2013-09-17,38.15,38.86,37.21,37.24,3018793.0,41846088.0
2013-09-18,37.57,37.82,36.94,37.68,1747590.0,23833112.0
2013-09-23,37.95,39.58,37.68,39.25,4686407.0,66216848.0
2013-09-24,38.94,39.58,38.78,39.22,3419076.0,48788292.0
2013-09-25,39.03,39.69,38.48,38.64,3169302.0,45000020.0
2013-09-26,38.7,39.27,37.49,37.52,2568951.0,36060868.0
2013-09-27,37.85,38.4,37.35,37.63,1910325.0,26347854.0
2013-09-30,37.68,39.38,37.68,39.0,2337527.0,32929192.0
2013-10-08,39.38,39.55,38.45,39.41,2638888.0,37720108.0
2013-10-09,39.55,39.93,38.97,39.58,2865080.0,41145744.0
2013-10-10,39.55,40.62,39.3,39.74,4542403.0,66113492.0
2013-10-11,39.69,40.76,39.49,40.43,5021592.0,73633632.0
2013-10-14,40.23,40.92,39.47,40.59,5052283.0,74047048.0
2013-10-15,40.45,40.95,39.69,39.99,2975754.0,43444664.0
2013-10-16,39.71,40.07,37.9,38.12,3744022.0,52743280.0
2013-10-17,38.42,38.7,37.54,37.54,2282378.0,31669100.0
2013-10-18,37.54,38.26,37.13,37.9,1806534.0,24815220.0
2013-10-21,37.08,38.42,36.14,38.26,3190829.0,43657728.0
2013-10-22,38.06,38.61,37.71,37.84,2486620.0,34503080.0
2013-10-23,37.63,37.84,36.25,36.53,2905647.0,39069876.0
2013-10-24,36.88,37.93,36.88,36.97,1858269.0,25258828.0
2013-10-25,36.97,37.6,35.7,36.45,2049329.0,27429970.0
2013-10-28,36.61,37.32,36.42,36.66,978558.0,13132010.0
2013-10-29,36.69,37.16,33.51,34.66,2695779.0,34436920.0
2013-10-30,34.66,35.65,34.33,35.43,1848187.0,23414116.0
2013-11-07,37.08,38.72,35.68,35.98,5179248.0,69575864.0
2013-11-08,35.79,37.52,35.18,35.98,2748106.0,36605824.0
2013-11-11,35.65,35.81,33.29,34.88,2494388.0,31411942.0
2013-11-12,34.44,34.93,33.84,34.58,1337777.0,16711773.0
2013-11-13,34.14,34.47,32.57,32.74,2493342.0,30228404.0
2013-11-14,32.82,33.51,32.6,33.23,5275774.0,63537604.0
2013-11-15,32.96,34.25,32.77,33.48,4482725.0,54700652.0
2013-11-18,33.78,34.47,33.53,34.41,2873295.0,35628460.0
2013-11-19,34.36,34.85,34.19,34.47,2790134.0,35043220.0
2013-11-20,34.58,34.99,34.25,34.85,2248749.0,28299166.0
2013-11-21,34.77,34.77,33.89,34.0,2891467.0,35986400.0
2013-11-22,34.05,34.3,33.42,33.75,2283285.0,28080114.0
2013-11-25,34.0,35.15,33.62,34.38,2350978.0,29438134.0
2013-11-26,34.38,35.65,33.86,35.48,4871022.0,62030852.0
2013-11-27,35.68,36.75,35.15,36.2,5575727.0,73178792.0
2013-11-28,36.14,36.94,35.7,36.88,6327239.0,83842992.0
2013-11-29,36.53,37.32,36.17,36.75,4706090.0,62707940.0
2013-12-02,35.57,35.79,33.07,33.07,5848369.0,72400256.0
2013-12-03,32.96,33.51,32.46,33.4,2463014.0,29615140.0
2013-12-04,33.23,34.27,32.87,33.73,5143915.0,62897516.0
2013-12-05,33.73,33.97,32.96,33.34,2412106.0,29353134.0
2013-12-06,33.29,33.45,32.57,32.63,3133058.0,37502676.0
2013-12-09,32.66,33.2,32.63,33.09,3069068.0,36692636.0
2013-12-10,33.18,33.34,32.68,33.09,1957167.0,23468660.0
2013-12-11,33.07,33.07,32.55,32.74,1674690.0,19947854.0
2013-12-12,32.74,33.34,32.66,32.9,2323926.0,27970558.0
2013-12-13,33.04,33.92,32.82,33.92,4983920.0,60987244.0
2013-12-16,33.95,34.14,33.12,33.31,2714082.0,33161372.0
2013-12-17,33.51,34.03,33.23,33.75,2897387.0,35561268.0
2013-12-18,33.75,33.75,32.44,32.6,3446092.0,41281064.0
2013-12-19,32.96,33.09,32.22,32.27,1551115.0,18466398.0
2013-12-20,32.27,32.57,30.92,30.92,2625239.0,30047560.0
2013-12-23,30.95,31.28,30.18,30.68,1588359.0,17685046.0
2013-12-24,30.62,31.53,30.62,31.42,1928096.0,21875500.0
2013-12-25,31.58,32.02,31.12,31.91,1931438.0,22194016.0
2013-12-26,31.94,32.0,30.92,31.01,1915121.0,21942510.0
2013-12-27,30.76,32.24,30.76,31.97,3921821.0,45433432.0
2013-12-30,32.3,33.23,32.08,32.98,4052159.0,48228800.0
2013-12-31,32.66,33.26,32.16,32.52,2956738.0,35332248.0
2014-01-02,32.52,33.29,32.38,33.12,4970724.0,59506688.0
2014-01-03,32.96,35.02,32.71,34.19,9740445.0,121007872.0
2014-01-06,33.64,34.82,32.44,34.19,10403621.0,127923824.0
2014-01-07,34.03,34.74,33.12,34.49,9615117.0,119181056.0
2014-01-08,35.84,36.94,35.15,36.2,18029502.0,237106384.0
2014-01-09,35.51,36.8,35.04,36.8,12372772.0,161696896.0
2014-01-10,36.09,37.21,34.8,34.93,10139656.0,133062952.0
2014-01-13,34.88,34.88,33.45,33.73,7154288.0,88225832.0
2014-01-14,33.78,35.98,33.75,35.73,8861108.0,112939304.0
2014-01-15,36.03,37.24,35.68,36.69,15584983.0,207255008.0
2014-01-16,36.61,38.15,36.2,36.8,11156570.0,151442848.0
2014-01-17,36.39,37.57,36.03,36.97,6018709.0,80880448.0
2014-01-20,36.61,38.86,36.61,38.23,11915738.0,164548720.0
2014-01-21,37.63,39.03,37.41,38.61,10175577.0,141775072.0
2014-01-22,38.17,39.8,38.06,39.38,10309194.0,146842800.0
2014-01-23,39.27,39.63,38.67,39.25,7883462.0,112265392.0
2014-01-24,39.14,39.96,38.59,38.72,8464298.0,120487192.0
2014-01-27,38.45,40.07,38.17,39.52,8435612.0,120618664.0
2014-01-28,39.49,40.1,38.4,38.86,5247012.0,74529352.0
2014-01-29,38.81,39.63,38.53,39.25,4881493.0,69362728.0
2014-01-30,39.27,40.32,39.22,39.6,5396704.0,78182376.0
2014-02-07,39.49,41.85,39.19,41.5,8526228.0,126304800.0
2014-02-10,41.74,42.54,41.2,41.91,8854746.0,135735936.0
2014-02-11,41.85,42.82,40.89,41.97,8287058.0,126517352.0
2014-02-12,41.99,43.12,41.47,42.79,7201982.0,111420224.0
2014-02-13,42.43,42.84,40.37,40.51,7963600.0,121311640.0
2014-02-14,40.67,41.55,40.4,41.42,5310242.0,79424896.0
2014-02-17,41.39,42.93,41.14,42.82,8410383.0,128588416.0
2014-02-18,42.98,43.94,42.29,42.9,8352832.0,131367696.0
2014-02-19,42.57,43.37,41.74,42.13,6195169.0,95424552.0
2014-02-20,42.08,42.6,40.37,40.92,5932092.0,88873912.0
2014-02-21,40.65,41.74,40.51,41.53,3800952.0,57020092.0
2014-02-24,41.53,42.3,41.25,42.24,5413618.0,82467568.0
2014-02-25,42.57,44.49,40.32,40.98,11484383.0,179936768.0
2014-02-26,40.62,40.89,39.38,40.51,4787262.0,69935248.0
2014-02-27,40.51,42.68,40.51,41.66,6257316.0,95218736.0
2014-02-28,41.66,43.06,40.07,43.06,5572652.0,84580432.0
2014-03-03,42.84,44.79,42.84,44.79,8458298.0,136317824.0
2014-03-04,43.97,45.34,43.42,44.49,5505317.0,88853128.0
2014-03-05,45.21,45.45,43.48,43.59,4625122.0,74355880.0
2014-03-06,43.23,44.41,42.16,43.26,4761372.0,74879472.0
2014-03-07,43.64,44.35,43.01,43.75,3391429.0,53898916.0
2014-03-10,43.42,43.42,41.14,41.14,4881396.0,74890736.0
2014-03-11,40.65,41.09,38.83,39.55,6163085.0,89061360.0
2014-03-12,39.49,39.96,38.37,39.19,2900435.0,41180544.0
2014-03-13,39.16,40.37,39.16,39.93,2797816.0,40513284.0
2014-03-14,39.8,40.59,39.52,40.1,3223964.0,47045372.0
2014-03-17,39.69,41.14,39.69,40.67,3352839.0,49536064.0
2014-03-18,40.65,42.65,40.48,42.27,4360344.0,66052456.0
2014-03-19,42.27,42.98,41.55,42.98,3017516.0,46320612.0
2014-03-20,44.11,44.74,41.97,42.43,6184758.0,98104424.0
2014-03-21,41.88,42.98,40.12,42.93,5253496.0,79468512.0
2014-03-24,42.71,43.94,42.1,43.5,5056094.0,79183920.0
2014-03-25,43.37,44.13,42.93,43.61,3989661.0,63109620.0
2014-03-26,43.89,44.0,42.57,42.65,4749248.0,74840472.0
2014-03-27,42.57,43.34,41.42,41.58,4765022.0,73605904.0
2014-03-28,41.58,41.58,39.74,40.12,5526149.0,81282768.0
2014-03-31,40.12,40.54,38.86,39.55,3309704.0,47992776.0
2014-04-01,39.41,40.4,39.41,40.32,2563587.0,37399376.0
2014-04-02,40.29,40.67,39.52,39.88,2088335.0,30408292.0
2014-04-03,39.96,40.23,39.05,39.52,3180548.0,45893940.0
2014-04-04,39.36,40.07,39.14,39.8,1917631.0,27682540.0
2014-04-08,39.47,40.67,39.47,40.62,2673999.0,39212780.0
2014-04-09,40.78,41.53,40.45,41.28,3458947.0,51810792.0
2014-04-10,41.11,42.57,41.0,41.42,4165057.0,63518560.0
2014-04-11,41.25,41.64,40.78,41.42,2741317.0,41023416.0
2014-04-14,41.09,41.44,40.92,41.44,1812995.0,27174442.0
2014-04-15,41.22,41.55,40.78,40.89,1983518.0,29635552.0
2014-04-16,40.56,40.87,39.63,39.74,2608957.0,38157772.0
2014-04-17,39.85,40.34,39.74,39.88,1581324.0,23013546.0
2014-04-18,39.55,41.53,39.49,41.47,3341194.0,49576080.0
2014-04-21,41.09,42.87,40.98,42.21,6905059.0,106341568.0
2014-04-22,41.97,42.65,41.63,42.54,3582699.0,54910204.0
2014-04-23,42.98,43.17,42.05,42.51,3108728.0,48148460.0
2014-04-24,42.43,42.76,41.42,42.3,3302685.0,50707616.0
2014-04-25,42.05,42.73,41.28,41.44,3052195.0,46513900.0
2014-04-28,40.98,41.0,37.3,37.3,5666000.0,79550152.0
2014-04-29,37.35,37.71,34.55,36.06,5111324.0,67535456.0
2014-04-30,36.06,36.5,35.7,36.03,2124749.0,27913920.0
2014-05-05,36.03,36.83,35.9,36.83,1569755.0,20807132.0
2014-05-06,36.61,37.27,36.58,36.64,2162942.0,29095578.0
2014-05-07,36.53,36.88,35.46,35.59,1772297.0,23400464.0
2014-05-08,35.59,36.03,35.15,35.65,1748753.0,22666148.0
2014-05-09,35.48,35.84,34.82,34.88,1476233.0,18906432.0
2014-05-12,35.21,36.25,35.21,36.12,1977865.0,25688750.0
2014-05-13,36.2,37.27,36.2,36.94,2694231.0,36227496.0
2014-05-14,36.94,37.02,36.45,37.02,1441548.0,19291172.0
2014-05-15,36.8,37.43,36.14,36.28,1244150.0,16611411.0
2014-05-16,36.23,36.23,35.15,35.43,1654514.0,21413324.0
2014-05-19,35.24,35.81,34.88,35.79,921013.0,11822217.0
2014-05-20,35.98,36.61,35.7,35.81,1058134.0,13908196.0
2014-05-21,35.92,36.5,35.46,36.28,1112396.0,14642592.0
2014-05-22,36.39,36.8,36.12,36.14,1144039.0,15172737.0
2014-05-23,36.01,36.8,36.01,36.72,1244198.0,16491552.0
2014-05-26,36.77,37.63,36.72,37.16,2032882.0,27482388.0
2014-05-27,37.24,37.35,36.61,36.8,1522767.0,20477608.0
2014-05-28,36.97,38.28,36.8,38.2,3810836.0,52276416.0
2014-05-29,37.9,38.15,37.38,37.6,2282304.0,31301804.0
2014-05-30,37.74,38.92,37.63,38.67,3346470.0,46829076.0
2014-06-03,38.45,38.81,37.82,37.95,2137664.0,29690548.0
2014-06-04,37.79,37.82,36.91,37.13,1859676.0,25246148.0
2014-06-05,37.08,38.01,36.75,37.79,1845189.0,25118672.0
2014-06-06,37.76,38.26,37.38,37.41,1579310.0,21777210.0
2014-06-09,37.1,37.63,36.97,37.08,1254695.0,17024380.0
2014-06-10,37.1,37.84,37.1,37.79,1644946.0,22493066.0
2014-06-11,37.35,38.12,37.35,37.9,1556678.0,21435086.0
2014-06-12,37.84,38.06,37.19,38.01,1960496.0,26837196.0
2014-06-13,37.79,38.72,37.79,38.51,3260270.0,45671900.0
2014-06-16,38.67,40.65,38.53,39.14,3194188.0,45831484.0
2014-06-17,38.75,39.52,38.75,38.89,1935307.0,27503056.0
2014-06-18,38.75,39.25,38.23,38.4,1969036.0,27706560.0
2014-06-19,38.4,38.4,36.53,36.53,2601528.0,35324772.0
2014-06-20,36.53,37.21,36.53,37.21,1554451.0,20942396.0
2014-06-23,37.21,37.95,36.5,36.66,2333938.0,31623520.0
2014-06-24,36.8,37.6,36.55,37.05,1733773.0,23325544.0
2014-06-25,36.86,37.16,36.45,36.86,1527167.0,20495764.0
2014-06-26,36.77,37.79,36.66,37.57,3060955.0,41591516.0
2014-06-27,37.57,38.17,36.99,37.71,2424210.0,33198656.0
2014-06-30,37.84,38.94,37.32,38.59,3831782.0,53437900.0
2014-07-01,38.97,39.08,38.31,38.92,3116154.0,43897172.0
2014-07-02,38.86,38.97,37.93,38.48,2879862.0,40298632.0
2014-07-03,38.48,38.97,38.37,38.86,4245851.0,59883984.0
2014-07-04,38.97,39.27,38.23,38.81,3379642.0,47502284.0
2014-07-07,38.75,39.19,38.31,39.14,3659960.0,51779732.0
2014-07-08,39.16,39.27,38.67,39.0,2894624.0,41053988.0
2014-07-09,39.03,39.08,38.04,38.2,4089869.0,57314156.0
2014-07-10,38.23,38.53,38.04,38.09,2163039.0,30118246.0
2014-07-11,38.4,38.7,38.06,38.42,1868303.0,26130854.0
2014-07-14,38.45,38.97,38.4,38.92,2209984.0,31228720.0
2014-07-15,38.92,39.11,38.31,38.67,2266005.0,31905354.0
2014-07-16,38.4,38.64,37.9,38.34,2743391.0,38152212.0
2014-07-17,38.31,38.78,38.17,38.31,1796728.0,25190690.0
2014-07-18,38.17,38.37,37.13,37.79,2367008.0,32684734.0
2014-07-21,37.79,38.12,37.49,38.04,1488866.0,20477514.0
2014-07-22,37.74,38.89,37.35,38.89,3903527.0,54204868.0
2014-07-23,38.83,40.21,38.42,39.55,5589814.0,80023728.0
2014-07-24,39.27,39.74,38.89,39.55,3555634.0,51002224.0
2014-07-25,39.55,40.34,39.44,39.8,2874743.0,41830016.0
2014-07-28,40.04,40.37,39.66,40.1,3358877.0,48987948.0
2014-07-29,40.1,40.84,39.85,40.15,4956066.0,72955496.0
2014-07-30,40.04,40.21,39.22,40.21,3832308.0,55394548.0
2014-07-31,39.69,40.65,39.49,40.51,3856955.0,56440748.0
2014-08-01,40.54,41.06,40.02,40.32,3632159.0,53691016.0
2014-08-04,40.65,41.14,40.37,40.81,2614481.0,38903072.0
2014-08-05,40.92,41.33,40.59,41.31,2711841.0,40535336.0
2014-08-06,41.25,42.05,41.0,41.69,3379268.0,51215808.0
2014-08-07,41.88,41.91,40.59,40.81,3092340.0,46383808.0
2014-08-08,41.17,42.38,40.81,42.1,3865135.0,58877988.0
2014-08-11,42.16,42.71,41.94,42.38,3125650.0,48234352.0
2014-08-12,42.38,42.84,42.21,42.71,2967260.0,46027888.0
2014-08-13,42.79,44.05,42.43,44.02,7004184.0,110928928.0
2014-08-14,44.02,45.84,43.61,45.32,7491981.0,122538152.0
2014-08-15,45.67,45.67,44.24,45.26,4829330.0,79304512.0
2014-08-18,45.18,46.83,45.18,46.66,4309916.0,72517864.0
2014-08-19,46.41,48.23,46.17,47.73,5450680.0,93969952.0
2014-08-20,47.68,47.9,46.77,47.79,2963522.0,51116348.0
2014-08-21,47.76,47.76,46.14,46.66,4582576.0,78007720.0
2014-08-22,46.66,47.13,45.59,46.14,5878578.0,98818880.0
2014-08-25,46.14,46.39,44.41,46.0,6638861.0,109353144.0
2014-08-26,45.73,47.38,45.45,46.03,4320399.0,72769584.0
2014-08-27,46.06,46.14,45.18,45.65,2557944.0,42353096.0
2014-08-28,45.32,47.24,45.32,46.28,5131776.0,85935816.0
2014-08-29,46.14,46.96,46.14,46.58,3703426.0,62770052.0
2014-09-01,46.41,47.59,46.14,46.8,5961614.0,101787992.0
2014-09-02,47.05,47.38,46.63,47.18,4593329.0,78737784.0
2014-09-03,47.4,47.51,46.77,47.21,3847463.0,66144496.0
2014-09-04,47.18,47.18,46.28,46.58,5075065.0,86072408.0
2014-09-05,46.58,47.18,45.87,46.44,3565383.0,60146364.0
2014-09-09,46.44,46.85,45.51,46.14,4250596.0,71345392.0
2014-09-10,46.11,46.58,45.29,46.11,5283900.0,88594072.0
2014-09-11,46.11,46.25,45.73,45.76,4771020.0,79959728.0
2014-09-12,45.84,46.83,45.59,46.47,5358350.0,90416624.0
2014-09-15,46.61,48.09,46.14,47.1,7529843.0,129199288.0
2014-09-16,46.85,47.38,45.84,45.98,6219258.0,105336824.0
2014-09-17,46.03,46.36,44.49,45.32,4161219.0,68719456.0
2014-09-18,45.87,45.92,45.07,45.81,3682933.0,60979512.0
2014-09-19,45.15,46.3,45.15,46.14,3267198.0,54534276.0
2014-09-22,46.0,46.0,45.26,45.65,3806136.0,63065752.0
2014-09-23,45.65,45.87,45.07,45.51,4446002.0,73650960.0
2014-09-24,45.48,47.65,45.37,47.46,7205296.0,123329528.0
2014-09-25,47.51,48.03,46.3,46.55,4946985.0,84377808.0
2014-09-26,46.58,46.58,45.84,46.0,3986405.0,66808152.0
2014-09-29,46.0,47.51,45.92,47.32,4456701.0,76291192.0
2014-09-30,47.1,47.95,46.96,47.32,4172988.0,72156104.0
2014-10-08,47.51,50.51,47.18,49.9,9626198.0,170225600.0
2014-10-09,49.98,50.73,49.16,50.34,9513057.0,172490352.0
2014-10-10,50.53,53.55,50.53,52.92,8919077.0,169818928.0
2014-10-13,52.7,53.42,51.22,53.28,5692426.0,108252720.0
2014-10-14,52.98,55.48,52.32,53.12,5872950.0,115138432.0
2014-10-15,53.53,53.61,51.85,52.46,2973402.0,56781460.0
2014-10-16,52.73,53.55,51.77,51.96,2742073.0,52203204.0
2014-10-17,51.99,52.73,51.0,52.37,3273950.0,61529548.0
2014-10-20,52.48,52.48,50.53,51.41,5272495.0,98662112.0
2014-10-21,51.49,53.23,51.49,52.18,4972822.0,94822760.0
2014-10-22,51.91,54.79,51.77,53.72,4698915.0,91761704.0
2014-10-23,53.83,55.34,52.92,53.42,4038620.0,79473944.0
2014-10-24,52.98,54.52,51.11,52.81,3060032.0,59239308.0
2014-10-27,53.5,53.5,52.1,52.73,1507340.0,28976738.0
2014-10-28,52.73,54.16,52.73,54.05,3051083.0,59378648.0
2014-10-29,54.02,54.71,53.42,53.8,3336788.0,65506584.0
2014-10-30,53.86,57.56,53.86,57.54,9067896.0,186093120.0
2014-10-31,57.56,58.11,56.3,57.18,4073136.0,84478376.0
2014-11-03,56.99,57.26,56.03,57.07,2485147.0,51313228.0
2014-11-04,57.62,59.6,57.12,57.78,3968266.0,84321264.0
2014-11-05,57.34,58.22,56.03,56.27,3105620.0,63910884.0
2014-11-06,56.3,57.02,55.75,56.27,3361473.0,68892496.0
2014-11-07,56.27,57.29,55.75,55.78,2545470.0,52296252.0
2014-11-10,56.08,56.22,54.16,55.2,3518391.0,70025784.0
2014-11-11,55.17,55.17,50.04,53.01,5224238.0,100402216.0
2014-11-12,52.35,53.42,51.91,52.9,1334533.0,25698990.0
2014-11-13,52.95,54.63,51.74,52.48,2879047.0,55930848.0
2014-11-14,52.48,52.9,51.36,52.29,1882935.0,35793916.0
2014-11-17,52.29,54.82,52.29,54.76,3100666.0,60940700.0
2014-11-18,54.9,56.0,54.38,56.0,2104481.0,42467296.0
2015-06-08,61.58,61.58,61.58,61.58,11840.0,264269.0
2015-06-09,67.73,67.73,67.73,67.73,104393.0,2562848.0
2015-06-10,74.51,74.51,74.51,74.51,765.0,20663.0
2015-06-11,81.96,81.96,81.96,81.96,5121.0,152145.0
2015-06-12,90.16,90.16,90.16,90.16,5609.0,183302.0
2015-06-15,99.18,99.18,99.18,99.18,156651.0,5631604.0
2015-06-16,109.11,109.11,109.11,109.11,370497.0,14653156.0
2015-06-17,120.03,120.03,120.03,120.03,313711.0,13649566.0
2015-06-18,132.03,132.03,120.83,132.03,17358290.0,810615104.0
2015-06-19,123.04,131.78,119.18,124.14,11779062.0,534999392.0
2015-06-23,124.14,128.25,111.73,121.38,7811411.0,331795136.0
2015-06-24,121.38,124.97,118.07,121.66,6319546.0,278453408.0
2015-06-25,121.38,121.63,113.11,116.97,6414131.0,273455552.0
2015-06-26,113.11,113.14,105.27,105.27,4800380.0,185080032.0
2015-06-29,106.27,107.59,94.73,94.73,2385710.0,82843152.0
2015-06-30,85.27,97.93,85.27,91.01,8609757.0,277317312.0
2015-07-01,93.88,100.11,91.01,95.45,12330352.0,440449536.0
2015-07-02,89.93,95.45,85.91,85.91,9451976.0,305573408.0
2015-08-04,77.33,93.8,77.33,91.59,20388304.0,583335488.0
2015-08-05,84.14,87.42,82.43,82.43,13109248.0,401354848.0
2015-08-06,77.38,80.83,75.53,78.62,10204423.0,287815232.0
2015-08-07,80.17,82.76,77.22,82.04,8425950.0,245067360.0
2015-08-10,81.91,90.24,81.66,90.24,10713792.0,339382208.0
2015-08-11,91.81,95.18,87.2,91.31,10833135.0,357808928.0
2015-08-12,88.42,90.32,85.52,88.17,7014163.0,223852912.0
2015-08-13,87.18,90.21,86.98,88.5,6128728.0,196936864.0
2015-08-14,90.49,90.73,87.67,88.36,4380378.0,141748464.0
2015-08-17,88.28,88.28,82.65,84.42,7428729.0,227835760.0
2015-08-18,85.24,85.47,76.06,79.67,9167404.0,271082400.0
2015-08-19,81.3,87.64,80.36,87.64,11217667.0,345037632.0
2015-08-20,88.28,96.28,86.43,93.88,13007405.0,425611008.0
2015-08-21,89.93,90.76,86.43,88.83,7424713.0,239963328.0
2015-08-24,86.76,86.76,79.95,79.95,2982310.0,87090504.0
2015-08-25,71.95,76.14,71.95,71.95,11445860.0,299799360.0
2015-08-26,71.92,74.54,64.75,73.24,10749837.0,277549888.0
2015-08-27,71.86,79.67,70.35,79.67,6532561.0,176795904.0
2015-08-28,77.74,85.55,77.74,84.64,7841508.0,230825888.0
2015-08-31,82.21,89.88,82.21,88.53,10046130.0,317523328.0
2015-09-01,86.07,88.42,80.58,85.96,8546371.0,262456048.0
2015-09-02,81.66,94.57,81.66,91.45,9675622.0,318189312.0
2015-09-07,93.3,99.95,91.56,98.21,8450154.0,295527488.0
2015-09-08,98.16,98.16,93.25,97.63,7184299.0,250240672.0
2015-09-09,101.0,101.0,95.45,97.22,9570144.0,337256480.0
2015-09-10,95.95,99.31,91.86,96.36,6671227.0,232952432.0
2015-09-11,94.9,104.53,93.8,104.22,8593797.0,315215808.0
2015-09-14,106.76,108.11,95.73,99.18,10894632.0,405024288.0
2015-09-15,93.8,96.0,90.35,92.42,8941470.0,299770592.0
2015-09-16,95.18,101.25,91.04,99.98,9999032.0,349725280.0
2015-09-17,101.94,101.94,90.65,98.65,9350606.0,327674048.0
2015-09-18,95.18,98.49,93.52,98.07,4745476.0,165471856.0
2015-09-21,96.53,97.47,93.8,96.58,3832088.0,133174328.0
2015-09-22,97.11,106.21,97.11,104.28,19262364.0,289265952.0
2015-10-09,112.76,114.69,106.9,114.69,13443224.0,219133632.0
2015-10-12,117.52,126.14,117.25,125.73,34955664.0,632427776.0
2015-10-13,125.73,126.56,117.8,117.94,36358308.0,639516352.0
2015-10-14,119.66,120.07,112.42,112.56,31467632.0,525731008.0
2015-10-15,109.73,115.31,109.73,113.45,23864920.0,391674688.0
2015-10-16,114.14,114.9,109.18,111.66,25994896.0,420374112.0
2015-10-19,112.69,116.56,110.97,113.8,25449886.0,420755872.0
2015-10-20,116.56,118.83,113.52,117.25,28771860.0,483086304.0
2015-10-21,119.31,119.31,105.52,110.21,31046236.0,503274848.0
2015-10-22,107.25,114.83,107.25,113.8,16348083.0,263703952.0
2015-10-23,114.21,116.21,112.76,114.49,16727965.0,278160832.0
2015-10-26,115.38,115.52,110.62,111.52,13098766.0,213260496.0
2015-10-27,111.73,112.97,107.04,112.76,12628025.0,201125344.0
2015-10-28,111.73,115.52,110.69,112.35,11494193.0,188791040.0
2015-10-29,111.73,118.28,110.35,114.83,18161994.0,302524096.0
2015-10-30,113.25,120.35,111.8,115.25,18364988.0,311651264.0
2015-11-02,110.76,114.42,109.31,111.73,11619161.0,188362288.0
2015-11-03,112.07,113.11,110.0,112.42,8749886.0,141086128.0
2015-11-04,113.11,118.62,112.49,118.28,16238188.0,274774304.0
2015-11-05,120.35,122.07,116.0,117.94,18029370.0,309922976.0
2015-11-06,118.28,129.73,116.49,129.73,25460892.0,445455040.0
2015-11-09,130.07,142.69,130.0,141.38,34857652.0,689223936.0
2015-11-10,141.38,150.35,135.52,144.76,30842250.0,639367488.0
2015-11-11,142.56,146.21,140.49,144.83,16422144.0,341066656.0
2015-11-12,145.52,150.9,142.76,146.56,17207648.0,365911264.0
2015-11-13,145.52,151.73,141.45,151.52,18117220.0,391262272.0
2015-11-16,144.83,156.97,144.83,155.8,15086696.0,333770240.0
2015-11-17,156.07,162.28,154.9,160.63,19678544.0,450400864.0
2015-11-18,160.28,161.38,146.9,154.49,12646342.0,285801184.0
2015-11-19,157.59,165.52,144.9,162.76,21977516.0,483831808.0
2015-11-20,162.28,163.45,157.45,160.35,14635690.0,340924288.0
2015-11-23,158.63,163.32,148.28,158.63,30928744.0,697190080.0
2015-11-24,157.25,157.25,147.38,151.52,26992808.0,587151616.0
2015-11-25,153.45,153.45,147.25,151.04,20138340.0,437653760.0
2015-11-26,150.63,150.69,146.21,148.97,15181594.0,325134336.0
2015-11-27,151.73,151.73,138.0,144.0,14346657.0,302405600.0
2015-11-30,141.04,147.73,135.8,146.97,20904772.0,436489248.0
2015-12-01,146.21,146.21,136.21,142.76,11989490.0,246738640.0
2015-12-02,140.63,143.45,136.97,142.07,7968453.0,162208640.0
2015-12-03,143.45,149.45,141.38,148.28,14011469.0,296847168.0
2015-12-04,150.49,150.49,145.52,147.59,9898583.0,212435136.0
2015-12-07,148.97,148.97,143.52,145.87,7053077.0,148620080.0
2015-12-08,145.66,146.9,140.83,144.83,8491900.0,177387776.0
2015-12-09,144.83,147.94,139.31,147.11,12393722.0,262499552.0
2015-12-10,146.9,148.97,144.83,146.14,9542261.0,202504000.0
2015-12-11,146.76,148.76,144.21,146.0,11470006.0,244475920.0
2015-12-14,146.0,146.76,139.18,146.21,10307995.0,215832720.0
2015-12-15,145.52,151.73,144.56,150.28,21238132.0,458005920.0
2015-12-16,150.9,157.8,149.66,151.66,16368967.0,364387968.0
2015-12-17,151.94,157.32,151.04,154.49,16050469.0,357514912.0
2015-12-18,155.38,156.9,153.11,154.49,15341359.0,344102880.0
2015-12-21,155.87,159.66,150.97,154.0,20562160.0,461314496.0
2015-12-22,155.45,157.25,152.21,155.18,12996709.0,291516352.0
2015-12-23,155.18,165.38,154.76,161.38,20386158.0,475236032.0
2015-12-24,161.38,167.45,160.63,163.52,14266614.0,338949984.0
2015-12-25,163.59,166.9,160.07,163.59,10886104.0,255693936.0
2015-12-28,165.11,165.11,148.63,153.11,16158252.0,370036192.0
2015-12-29,152.42,157.25,149.31,155.11,10769206.0,238413472.0
2015-12-30,155.32,157.87,154.35,156.9,7596732.0,171991840.0
2015-12-31,157.59,164.14,153.11,155.87,9973016.0,227369696.0
2016-01-04,155.73,157.87,140.28,140.69,6166524.0,131951976.0
2016-01-05,131.04,145.52,127.66,143.8,12125144.0,242840560.0
2016-01-06,144.83,148.28,142.42,146.9,8392632.0,177000720.0
2016-01-07,144.83,148.28,132.56,133.87,1637200.0,33636304.0
2016-01-08,137.94,142.63,123.31,140.14,12961124.0,255659840.0
2016-01-11,137.87,139.94,127.8,130.69,9198992.0,177536048.0
2016-01-12,128.62,134.49,124.14,132.42,8045665.0,152491824.0
2016-01-13,132.42,141.38,131.18,136.9,15474106.0,304989856.0
2016-03-10,124.9,147.8,124.9,134.49,21810868.0,427626208.0
2016-03-11,131.04,134.49,125.18,127.73,10835743.0,201382960.0
2016-03-14,128.9,135.18,126.76,134.49,16011537.0,304541696.0
2016-03-15,133.11,134.49,130.35,132.49,11373169.0,217971296.0
2016-03-16,133.31,134.42,129.66,131.45,4625719.0,88298520.0
2016-03-17,131.18,133.8,129.18,133.18,9533365.0,182252096.0
2016-03-18,133.8,139.73,131.38,138.35,10124797.0,199263040.0
2016-03-21,139.31,143.11,136.9,140.76,8971088.0,181033600.0
2016-03-22,139.45,143.45,137.66,141.45,8508857.0,173453872.0
2016-03-23,139.73,143.11,137.59,141.04,5466342.0,111656072.0
2016-03-24,138.07,142.76,138.07,141.73,8041579.0,164060256.0
2016-03-25,141.73,155.94,140.35,153.73,15368165.0,330471328.0
2016-03-28,157.25,158.28,149.66,152.42,17460356.0,389584448.0
2016-03-29,151.32,156.9,147.94,150.35,10683748.0,235672384.0
2016-03-30,151.32,155.11,149.38,152.97,12281369.0,271128352.0
2016-03-31,153.45,155.8,151.04,155.04,11348778.0,252523136.0
2016-04-01,155.52,155.73,150.35,152.9,7973503.0,176554272.0
2016-04-05,153.66,153.66,148.35,151.32,10437019.0,228353072.0
2016-04-06,151.04,153.45,149.66,152.42,12115991.0,266309264.0
2016-04-07,153.11,153.25,149.52,151.32,12702614.0,278358208.0
2016-04-08,151.73,153.18,144.83,151.04,15392135.0,338763584.0
2016-04-11,152.35,152.35,149.38,150.28,13084479.0,285832960.0
2016-04-12,149.04,152.35,146.97,149.04,9669490.0,209322288.0
2016-04-13,149.52,154.07,148.83,150.56,14840083.0,325249376.0
2016-04-14,152.42,165.59,151.59,163.18,38436612.0,890181056.0
2016-04-15,161.04,166.21,160.21,163.52,16120787.0,382203744.0
2016-04-18,162.76,162.9,155.32,157.94,12004379.0,275866144.0
2016-04-19,158.21,163.87,148.28,150.35,16994822.0,376280224.0
2016-04-20,151.04,151.04,135.32,135.32,30197416.0,613738368.0
2016-04-21,131.04,135.18,124.14,131.11,14501682.0,277026016.0
2016-04-22,131.31,135.8,127.59,134.9,7794896.0,150210416.0
2016-04-25,134.69,138.83,131.73,135.59,11385456.0,225220704.0
2016-04-26,135.52,138.28,133.11,137.38,5666773.0,112696768.0
2016-04-27,137.25,138.49,136.07,136.21,4819331.0,95783424.0
2016-04-28,136.21,137.87,130.35,132.21,5282369.0,101852960.0
2016-04-29,131.73,133.45,129.87,131.73,5638947.0,107529896.0
2016-05-03,131.8,135.73,130.69,134.83,10236450.0,197427920.0
2016-05-04,134.14,134.14,130.97,131.73,12985382.0,248155984.0
2016-05-05,131.59,132.21,128.97,130.97,10330099.0,195530592.0
2016-05-06,131.04,135.18,129.04,133.45,15325935.0,293357920.0
2016-05-09,131.04,133.73,129.31,132.07,9208395.0,175817280.0
2016-05-10,132.07,133.45,130.49,131.04,4322841.0,82308040.0
2016-05-11,134.49,134.49,130.35,132.42,7501642.0,143863565.0
2016-05-12,130.69,132.42,128.28,131.94,5114570.0,96909896.0
2016-05-13,131.73,142.07,131.04,137.94,12913203.0,255525946.0
2016-05-16,136.69,138.63,134.49,137.66,6402348.0,126822927.0
2016-05-17,136.63,139.11,135.25,136.56,5411685.0,107242485.0
2016-05-18,136.21,136.21,128.69,131.04,5144769.0,98298680.0
2016-05-19,132.42,133.18,130.0,130.42,3952156.0,75490004.0
2016-05-20,130.42,135.8,127.59,133.87,7550306.0,145936591.0
2016-05-23,134.49,144.76,132.83,138.9,13989189.0,281584971.0
2016-05-24,138.63,140.9,136.97,137.87,6452381.0,130115712.0
2016-05-25,137.94,142.07,137.25,137.87,4811534.0,97384527.0
2016-05-26,137.8,139.11,134.42,137.87,3280230.0,64937357.0
2016-05-27,137.38,138.28,136.42,137.25,1860828.0,37059437.0
2016-05-30,137.31,139.04,135.66,137.25,2990489.0,59635435.0
2016-05-31,137.38,142.42,137.38,142.42,8195473.0,167496713.0
2016-06-01,141.59,144.0,139.87,140.69,7662229.0,157248249.0
2016-06-02,141.59,142.76,136.62,138.42,9696292.0,194631962.0
2016-06-03,138.14,139.31,134.49,135.52,11116770.0,220289723.0
2016-06-06,135.45,136.0,132.42,132.62,9848792.0,190502222.0
2016-06-07,133.11,136.35,133.11,135.52,9367623.0,183885137.0
2016-06-08,135.45,137.52,133.87,135.87,10124935.0,199548772.0
2016-06-13,135.18,136.9,131.11,131.73,7424105.0,145167295.0
2016-06-14,132.35,132.35,128.76,130.97,5970836.0,112902146.0
2016-06-15,130.0,135.94,128.9,134.49,6316161.0,122390481.0
2016-06-16,134.56,136.69,133.04,134.42,7178817.0,140285877.0
2016-06-17,134.21,137.18,134.21,137.18,9824370.0,193158945.0
2016-06-20,137.11,141.25,135.66,139.87,12725966.0,256212382.0
2016-07-21,133.66,134.42,128.97,130.83,13813868.0,264120182.0
2016-07-22,130.9,131.45,124.97,127.66,13978602.0,255945864.0
2016-07-25,125.52,127.59,124.0,126.07,9757671.0,177317319.0
2016-07-26,125.52,127.45,124.76,125.8,5517034.0,100766306.0
2016-07-27,125.8,126.9,119.31,122.56,10599672.0,189413442.0
2016-07-28,122.35,122.97,118.07,120.62,7501857.0,130700458.0
2016-07-29,120.0,120.97,117.94,119.31,5011865.0,86564123.0
2016-08-01,119.59,119.59,114.49,114.56,8066992.0,136452258.0
2016-08-02,115.45,120.69,115.31,120.28,11830882.0,202023634.0
2016-08-03,121.38,125.18,118.69,123.73,9879195.0,176780996.0
2016-08-04,124.14,126.21,122.28,124.49,4905509.0,88141599.0
2016-08-05,124.56,126.07,123.38,124.49,4741920.0,85815615.0
2016-08-08,125.18,126.62,124.62,126.0,5695276.0,103350696.0
2016-08-09,125.25,127.31,125.25,126.62,5203281.0,95314603.0
2016-08-10,127.11,128.14,125.45,126.49,4470436.0,81827718.0
2016-08-11,125.73,126.9,125.52,126.28,2697957.0,49304115.0
2016-08-12,126.9,127.31,125.18,126.42,2931553.0,53562636.0
2016-08-15,126.83,128.0,125.38,127.59,5159361.0,94766807.0
2016-08-16,127.45,128.83,126.0,128.07,6232800.0,114793495.0
2016-08-17,127.87,128.07,123.52,124.28,8386792.0,151954544.0
2016-08-18,124.21,126.9,123.94,124.42,4194320.0,75827325.0
2016-08-19,125.18,127.59,124.56,125.38,10078620.0,184445791.0
2016-08-22,126.21,128.07,125.94,126.76,9655381.0,177704912.0
2016-08-23,128.28,131.04,127.45,128.35,9771307.0,183382843.0
2016-08-24,128.97,129.8,125.52,126.9,5773461.0,106208985.0
2016-08-25,127.11,128.0,124.97,126.9,4208135.0,77040684.0
2016-08-26,127.66,128.56,126.14,126.21,6417327.0,118282275.0
2016-08-29,126.21,126.35,124.28,126.07,5854300.0,106243235.0
2016-08-30,126.14,126.35,123.8,125.45,4664137.0,84525979.0
2016-08-31,125.52,126.76,125.52,126.62,3810052.0,69744440.0
2016-09-01,126.76,128.28,125.38,125.45,3663899.0,67177172.0
2016-09-02,125.45,125.45,122.42,123.04,5107215.0,91608057.0
2016-09-05,123.25,124.76,122.9,124.14,3453703.0,62026963.0
2016-09-06,124.14,124.69,122.83,124.42,5161172.0,92742110.0
2016-09-07,124.42,125.11,123.31,123.73,2872192.0,51524299.0
2016-09-08,123.18,124.83,123.18,124.07,2971567.0,53513050.0
2016-09-09,123.25,124.62,123.25,123.52,3742622.0,67327501.0
2016-09-12,124.21,127.31,121.38,126.42,12569761.0,228892363.0
2016-09-13,127.31,128.97,126.56,128.35,9205730.0,170545094.0
2016-09-14,128.42,128.83,126.21,127.18,4067769.0,75137694.0
2016-09-19,129.25,130.97,125.04,125.52,7841996.0,144527187.0
2016-09-20,125.52,125.73,124.0,124.97,4591647.0,83147470.0
2016-09-21,124.9,125.52,123.11,123.31,3737440.0,67173560.0
2016-09-22,124.14,126.49,123.73,125.8,6244082.0,113155473.0
2016-09-23,125.52,125.52,122.42,124.0,5817460.0,104268261.0
2016-09-26,130.21,136.07,128.07,128.69,19202298.0,362692325.0
2016-09-27,126.9,130.0,122.76,125.31,7670484.0,139278816.0
2016-09-28,123.87,125.18,123.18,124.14,5155225.0,92812057.0
2016-09-29,124.49,125.18,123.52,124.21,3509711.0,63167187.0
2016-09-30,123.45,125.66,123.31,124.14,4566975.0,82524003.0
2016-10-10,124.83,125.38,122.97,124.35,5025433.0,90291747.0
2016-10-11,124.49,124.97,123.45,124.42,5436300.0,98087686.0
2016-10-12,124.42,124.62,120.35,120.69,8225996.0,146192259.0
2016-10-13,120.9,122.42,118.83,121.38,9751596.0,170120384.0
2016-10-14,120.9,121.52,119.66,121.38,3965748.0,69285755.0
2016-10-17,121.38,121.52,118.97,119.94,3955175.0,68960594.0
2016-10-18,119.66,121.38,119.31,121.04,4881209.0,85119659.0
2016-10-19,121.04,123.45,120.49,121.52,6615983.0,117102094.0
2016-10-20,121.94,123.31,120.21,122.97,5454001.0,96426048.0
2016-10-21,122.76,123.38,120.76,122.9,5439122.0,96445831.0
2016-10-24,122.0,123.25,121.73,122.76,8121586.0,144136089.0
2016-10-25,122.76,124.56,121.31,122.07,9904835.0,176880458.0
2016-10-26,122.69,122.83,120.56,121.18,5864510.0,103072758.0
2016-10-27,121.38,121.52,120.0,120.97,4328575.0,75712062.0
2016-10-28,120.97,120.97,118.62,119.59,7653990.0,133417556.0
2016-10-31,120.49,122.0,119.73,122.0,6371665.0,111457911.0
2016-11-01,122.42,123.8,121.31,123.18,6809245.0,121504860.0
2016-11-02,123.18,125.87,122.14,123.94,11503439.0,207172139.0
2016-11-03,123.38,125.18,122.42,124.63,9273255.0,166666533.0
2016-11-04,125.18,125.52,121.87,124.28,7371855.0,132241992.0
2016-11-07,124.14,130.97,122.69,130.35,18678162.0,345311648.0
2016-11-08,131.04,133.11,129.11,131.04,27542073.0,523129898.0
2016-11-09,132.28,132.28,127.73,130.42,13787043.0,260743768.0
2016-11-10,130.83,132.0,129.87,130.9,10000307.0,189696867.0
2016-11-11,130.76,131.94,127.66,129.59,10837703.0,203627038.0
2016-11-14,128.83,133.45,127.8,131.04,10928100.0,207480356.0
2016-11-15,131.25,132.63,130.21,131.04,7680469.0,145800178.0
2016-11-16,131.04,132.0,129.8,131.38,9511474.0,180388591.0
2016-11-17,131.52,131.52,130.0,130.63,3971963.0,75090897.0
2016-11-18,130.83,130.83,129.04,130.0,5983469.0,112457949.0
2016-11-21,129.87,131.04,129.66,130.35,5095012.0,96245242.0
2016-11-22,130.42,130.97,129.25,130.49,6739396.0,127072075.0
2016-11-23,134.49,136.56,131.11,131.59,16165241.0,312942620.0
2016-11-24,130.63,132.35,129.32,130.0,9527667.0,179765830.0
2016-11-25,130.28,130.76,128.97,130.69,6071595.0,114164338.0
2016-11-28,130.97,143.8,130.9,143.8,57875255.0,1159498186.0
2016-11-29,158.21,158.21,144.9,158.21,88437348.0,2002322150.0
2016-11-30,156.35,157.11,142.42,142.42,108983511.0,2290135546.0
2016-12-01,132.76,137.94,128.21,128.9,118190311.0,2236693726.0
2016-12-02,124.83,126.14,118.42,118.83,64252800.0,1135765373.0
2016-12-05,115.8,118.14,112.97,116.21,30107715.0,505055813.0
2016-12-06,116.21,117.45,113.87,114.14,25812831.0,431868349.0
2016-12-07,114.49,114.9,111.04,113.73,27017671.0,441607936.0
2016-12-08,113.52,122.35,111.59,118.9,50723531.0,852607110.0
2016-12-09,116.69,117.66,113.8,114.0,31332924.0,524418877.0
2016-12-12,114.0,114.97,102.69,103.52,31008157.0,490986796.0
2016-12-13,103.66,106.49,99.38,104.28,24480525.0,366162364.0
2016-12-14,103.52,104.49,101.31,101.31,18467932.0,274623000.0
2016-12-15,100.69,104.0,100.0,102.21,14888202.0,221328137.0
2016-12-16,102.56,108.07,102.21,106.07,24049856.0,369288135.0
2016-12-19,106.21,110.07,104.28,107.52,22679122.0,353745577.0
2016-12-20,107.59,108.9,105.87,106.49,12193582.0,189204642.0
2016-12-21,106.97,109.11,106.56,107.94,13684271.0,213801734.0
2016-12-22,107.45,110.21,107.25,109.94,16810126.0,265451066.0
2016-12-23,109.18,110.07,105.52,105.59,15622315.0,244195106.0
2016-12-26,105.11,108.07,102.21,107.52,13126328.0,201226145.0
2016-12-27,107.66,110.9,107.18,108.49,16331229.0,258816478.0
2016-12-28,108.83,111.18,108.28,109.31,12235866.0,194813577.0
2016-12-29,109.59,112.97,109.04,111.45,18022971.0,291418119.0
2016-12-30,110.9,112.62,109.04,112.62,16352856.0,261900573.0
2017-01-03,110.97,111.38,107.87,108.83,21624363.0,342680804.0
2017-01-04,108.83,112.35,108.49,111.8,18594932.0,300307985.0
2017-01-05,111.8,113.45,109.8,113.11,15862199.0,256824238.0
2017-01-06,112.28,118.49,111.31,116.42,29244849.0,488595293.0
2017-01-09,115.18,116.9,113.87,116.42,11542182.0,193221656.0
2017-01-10,115.94,117.04,112.76,113.8,12346806.0,204958927.0
2017-01-11,119.18,124.0,115.11,116.49,24965375.0,428686062.0
2017-01-12,117.25,117.25,111.87,113.45,12623713.0,209248938.0
2017-01-13,114.9,118.62,114.42,114.76,15883352.0,267467669.0
2017-01-16,114.35,114.35,103.31,108.14,16338526.0,257124141.0
2017-01-17,106.21,109.18,102.76,108.62,10788303.0,166667793.0
2017-01-18,108.49,108.62,106.56,106.76,7248791.0,112793324.0
2017-01-19,107.25,107.45,104.14,104.83,7623501.0,116510338.0
2017-01-20,105.11,107.94,104.21,106.42,9239475.0,142567773.0
2017-01-23,106.9,108.76,106.42,107.59,8127630.0,126700429.0
2017-01-24,107.8,108.28,105.87,106.49,5931917.0,91861894.0
2017-01-25,106.28,108.07,105.38,105.59,4329386.0,66697640.0
2017-01-26,106.21,106.62,105.66,106.14,2806675.0,43206449.0
2017-02-03,106.56,106.56,105.45,105.52,2937850.0,44994652.0
2017-02-06,105.45,106.0,104.62,105.73,5303270.0,80901316.0
2017-02-07,105.66,105.66,103.66,104.14,5573877.0,84464062.0
2017-02-08,104.14,106.69,103.94,106.69,7827484.0,119805829.0
2017-02-09,106.83,107.8,106.28,107.18,6323834.0,98231726.0
2017-02-10,107.25,107.25,105.25,105.31,6527429.0,100166078.0
2017-02-13,105.11,105.73,104.56,105.31,5063490.0,77371809.0
2017-02-14,105.66,106.56,104.9,106.21,7291022.0,111761146.0
2017-02-15,106.21,106.62,104.83,105.66,6339206.0,97152786.0
2017-02-16,105.04,106.14,104.42,105.73,4528240.0,69186462.0
2017-02-17,106.0,106.21,104.42,104.9,4730043.0,72067099.0
2017-02-20,104.83,105.8,104.14,105.73,3866744.0,59078948.0
2017-02-21,106.07,110.69,105.73,109.73,13891267.0,218835353.0
2017-02-22,109.87,114.42,108.49,112.0,16180185.0,260445660.0
2017-02-23,110.76,111.87,110.28,111.31,7218745.0,116067591.0
2017-02-24,111.38,113.45,110.28,113.11,10305666.0,167273711.0
2017-02-27,113.31,115.04,112.0,113.73,9967783.0,163401107.0
2017-02-28,112.14,114.97,111.11,111.59,9352987.0,152833446.0
2017-03-01,111.45,111.59,109.31,110.97,10284402.0,164683546.0
2017-03-02,110.9,111.18,108.69,108.69,5793383.0,91988110.0
2017-03-03,109.18,110.14,108.28,109.18,4180859.0,66127176.0
2017-03-06,108.97,110.0,106.21,107.25,18053634.0,281318345.0
2017-03-07,107.04,109.52,106.42,109.38,13784881.0,216902198.0
2017-03-08,109.52,111.45,108.97,109.11,10160505.0,162372042.0
2017-03-09,108.9,108.9,106.9,107.8,6052410.0,94408650.0
2017-03-10,107.87,109.66,107.52,108.69,5559470.0,87550957.0
2017-03-13,108.69,109.31,107.25,108.83,4904802.0,77116772.0
2017-03-14,108.97,110.97,108.14,109.52,7926179.0,125804624.0
2017-03-15,110.14,110.28,108.62,109.18,6654689.0,105537439.0
2017-03-16,109.52,111.38,109.52,110.28,11665493.0,186946100.0
2017-03-17,110.62,113.04,110.35,111.18,12700762.0,205756437.0
2017-03-20,111.11,111.73,109.38,111.73,7686712.0,123141221.0
2017-03-21,111.59,112.76,110.0,110.42,8356057.0,135007802.0
2017-03-22,110.0,110.0,107.8,107.94,7125988.0,112295660.0
2017-03-23,109.52,109.87,106.28,107.38,7561523.0,118164574.0
2017-03-24,106.56,108.97,105.59,107.38,5608122.0,87156119.0
2017-03-27,107.38,108.21,106.56,107.11,4506990.0,70129518.0
2017-03-28,107.11,108.83,106.97,107.25,3775782.0,58904204.0
2017-03-29,107.31,107.73,105.04,105.31,5624011.0,86283140.0
2017-03-30,105.73,105.87,101.94,103.45,5915876.0,88527473.0
2017-03-31,101.25,103.31,100.42,102.07,5355898.0,79193959.0
2017-04-05,101.94,104.56,101.94,104.07,3779651.0,56715813.0
2017-04-06,103.87,105.59,103.87,105.31,4398897.0,67099160.0
2017-04-07,105.38,106.69,105.38,106.14,5311287.0,81751536.0
2017-04-10,106.28,106.28,104.49,104.62,3614197.0,54961360.0
2017-04-11,104.56,104.97,102.62,104.0,5010563.0,75288946.0
2017-04-12,103.04,103.87,102.62,102.76,2653807.0,39611628.0
2017-04-13,102.49,103.31,102.07,102.28,2416732.0,35939386.0
2017-04-14,102.49,103.94,102.07,103.04,2998943.0,44837751.0
2017-04-17,102.83,106.28,102.35,105.59,7279705.0,110585213.0
2017-04-18,106.42,109.52,103.87,106.76,10844105.0,168027585.0
2017-04-19,105.73,106.35,104.14,105.38,5585833.0,85225181.0
2017-04-20,105.38,108.28,104.83,106.56,6787775.0,104866581.0
2017-04-21,105.87,107.25,105.18,106.56,3809177.0,58639982.0
2017-04-24,106.28,106.56,100.76,102.97,6643824.0,99594731.0
2017-04-25,102.28,105.73,101.45,104.9,5995583.0,90860011.0
2017-04-26,105.59,105.66,104.28,104.56,2317086.0,35206454.0
2017-04-27,104.49,104.62,101.73,103.52,5100083.0,76226780.0
2017-04-28,102.83,107.38,102.35,106.76,4319600.0,65463225.0
2017-05-02,106.76,106.76,104.9,105.59,4193880.0,64231461.0
2017-05-03,105.52,105.66,103.8,104.69,3096016.0,47006819.0
2017-05-04,104.07,105.31,102.76,103.04,4209520.0,63410784.0
2017-05-05,103.04,104.07,102.76,103.52,5758109.0,86408807.0
2017-05-08,103.45,103.45,101.31,101.59,2450833.0,36292019.0
2017-05-09,101.52,102.56,100.62,102.49,2329681.0,34353395.0
2017-05-10,102.14,104.69,101.25,102.07,2794925.0,41630088.0
2017-05-11,101.31,102.28,95.18,102.07,4707007.0,68078204.0
2017-05-12,101.94,104.0,98.62,101.31,3026366.0,44492974.0
2017-05-15,100.83,102.49,100.42,101.52,3993119.0,58887304.0
2017-05-16,102.07,102.76,99.18,102.28,6417394.0,94095218.0
2017-05-17,102.0,110.42,101.66,104.56,6194008.0,94591026.0
2017-05-18,103.18,105.11,102.9,103.66,2131376.0,31985109.0
2017-05-19,103.45,104.21,102.42,103.52,2550000.0,38259520.0
2017-05-22,102.49,103.66,100.76,102.21,3195763.0,47287542.0
2017-05-23,101.94,101.94,99.38,100.97,3047900.0,44456415.0
2017-05-24,100.62,102.42,98.56,102.14,3031203.0,44269803.0
2017-05-25,102.0,103.45,101.25,103.18,3271238.0,48543028.0
2017-05-26,102.14,103.66,101.31,102.21,2306000.0,34165425.0
2017-05-31,102.76,104.56,101.38,102.49,3661400.0,54387691.0
2017-06-01,101.45,102.49,100.9,101.45,1952772.0,28736792.0
2017-06-02,100.56,102.76,100.56,101.73,2410866.0,35473801.0
2017-06-05,102.07,102.9,101.38,102.21,4613921.0,68346462.0
2017-06-06,102.62,102.62,101.45,102.0,3696710.0,54644566.0
2017-06-07,102.21,103.11,101.8,102.9,3304205.0,49157483.0
2017-06-08,103.66,105.52,102.9,104.21,4565870.0,68840672.0
2017-06-09,104.0,105.11,104.0,104.49,3315140.0,50153677.0
2017-06-12,104.83,105.25,103.52,105.11,5385530.0,81670463.0
2017-06-13,104.97,109.59,104.49,109.18,12151766.0,190643640.0
2017-06-14,109.52,112.42,108.28,108.28,9312069.0,148532770.0
2017-06-15,108.35,110.56,108.0,109.59,6592489.0,104439114.0
2017-06-16,109.52,111.18,108.83,111.04,6787905.0,108489358.0
2017-06-19,110.69,111.38,109.94,110.76,3500650.0,56118444.0
2017-06-20,110.76,111.73,109.94,111.38,4810590.0,77423174.0
2017-06-21,111.38,111.87,109.94,111.04,3214214.0,51636337.0
2017-06-22,111.59,111.59,109.25,110.0,4789367.0,76933305.0
2017-06-23,110.21,110.9,108.07,110.76,6330764.0,100137883.0
2017-06-26,110.69,111.87,110.28,111.04,3352978.0,53943357.0
2017-06-27,110.97,111.45,110.42,111.11,1455619.0,23394872.0
2017-06-28,111.11,111.11,109.66,110.49,1549002.0,24766338.0
2017-06-29,110.56,113.8,110.14,112.35,5890575.0,95557830.0
2017-06-30,112.21,112.35,110.14,111.38,4523979.0,72965029.0
2017-07-03,111.25,111.87,109.52,110.35,3748200.0,60124655.0
2017-07-04,110.69,110.9,109.11,110.42,3309351.0,52736232.0
2017-07-05,110.35,113.87,109.87,113.8,7949600.0,129243709.0
2017-07-06,113.87,116.42,113.25,115.45,7590084.0,126051828.0
2017-07-07,115.73,116.42,114.49,115.45,3245902.0,54218403.0
2017-07-10,115.45,115.45,113.94,114.76,3679900.0,61218550.0
2017-07-11,114.69,115.38,113.8,114.83,2898539.0,48055452.0
2017-07-12,114.21,115.94,113.8,115.11,4577390.0,76117077.0
2017-07-13,115.66,116.07,114.35,115.66,5305400.0,88438080.0
2017-07-14,115.66,116.35,113.11,115.87,4658795.0,77461587.0
2017-07-17,114.56,115.87,110.35,111.73,4771577.0,77944891.0
2017-07-18,111.66,113.66,110.76,112.14,3169100.0,51411605.0
2017-07-19,112.28,112.28,111.11,112.28,2920748.0,47368813.0
2017-07-20,112.83,113.11,112.14,112.56,3040644.0,49640592.0
2017-07-21,113.11,114.07,111.18,111.18,3559900.0,58146514.0
2017-07-24,110.62,111.66,106.9,111.52,11563318.0,182752740.0
2017-07-25,112.28,112.28,109.94,110.83,3857434.0,62159844.0
2017-07-26,111.31,111.38,109.66,110.35,2591001.0,41397640.0
2017-07-27,111.18,115.73,110.42,114.97,9766969.0,160760037.0
2017-07-28,114.76,116.42,113.94,116.07,6464706.0,108101771.0
2017-08-14,117.25,122.07,114.69,119.73,15437742.0,266272390.0
2017-08-15,119.59,120.9,118.42,119.52,6160210.0,106476715.0
2017-08-16,119.18,120.35,118.28,119.66,8111852.0,140452078.0
2017-08-17,119.66,121.59,119.31,121.04,9388545.0,164186201.0
2017-08-18,120.28,122.21,119.11,119.87,5565023.0,97359900.0
2017-08-21,119.31,119.87,116.97,117.73,6770034.0,115719040.0
2017-08-22,118.49,119.04,116.56,117.25,4917700.0,83849108.0
2017-08-23,117.25,118.14,115.73,116.76,4481401.0,75664414.0
2017-08-24,116.9,117.52,115.94,116.9,4206401.0,71068218.0
2017-08-25,116.9,117.94,116.42,117.73,5704919.0,97044511.0
2017-08-28,117.25,118.62,116.83,118.0,4016640.0,68714962.0
2017-08-29,118.14,118.28,116.97,117.18,2606349.0,44381354.0
2017-08-30,117.31,117.94,115.66,116.56,3540828.0,59841947.0
2017-08-31,116.83,118.28,116.35,117.73,2589780.0,44136501.0
2017-09-01,117.45,118.0,116.69,117.87,2388006.0,40744377.0
2017-09-04,118.14,120.56,117.38,120.0,6163639.0,106504830.0
2017-09-05,120.62,122.07,119.25,121.87,8015607.0,141069429.0
2017-09-06,121.87,125.66,120.97,125.31,9137357.0,164322566.0
2017-09-07,125.18,126.83,124.21,124.9,6255526.0,114010124.0
2017-09-08,124.14,125.87,123.8,125.66,3872026.0,70304214.0
2017-09-11,124.14,125.52,122.76,123.31,5804037.0,103892764.0
2017-09-12,124.14,124.28,121.87,124.14,5003513.0,89399508.0
2017-09-13,124.28,124.35,122.14,123.25,5271371.0,93969457.0
2017-09-14,124.0,124.14,122.76,124.14,5217397.0,93295125.0
2017-09-15,125.18,125.38,122.69,125.38,6018776.0,108255801.0
2017-09-18,124.76,126.9,123.45,126.76,6706321.0,122312755.0
2017-09-19,126.83,128.63,125.8,128.63,7363000.0,136525724.0
2017-09-20,128.28,128.28,125.8,127.59,11216399.0,206959048.0
2017-09-21,126.63,128.42,125.87,128.14,12622991.0,233363902.0
2017-09-22,128.69,130.56,128.0,130.21,18381609.0,343123986.0
2017-09-25,130.9,131.11,129.31,130.97,16035653.0,302841647.0
2017-09-26,131.59,132.56,130.07,132.28,16445909.0,313515996.0
2017-09-27,132.35,132.83,131.73,132.76,20019060.0,384866988.0
2017-09-28,132.97,133.04,132.21,132.83,13313576.0,256079869.0
2017-09-29,133.45,135.18,130.14,132.63,11610078.0,223736652.0
2017-10-09,134.49,134.9,132.83,133.18,14751739.0,285848459.0
2017-10-10,133.45,133.94,131.73,132.97,10257868.0,197885030.0
2017-10-11,133.04,133.8,132.42,133.31,7039663.0,135780959.0
2017-10-12,133.45,134.28,132.56,133.66,6940630.0,134133159.0
2017-10-13,133.73,134.14,133.38,133.8,5563441.0,107818923.0
2017-10-16,134.0,137.11,133.73,134.42,9215181.0,180206907.0
2017-10-17,134.69,136.07,134.42,135.59,5776377.0,113216853.0
2017-10-18,136.0,137.31,136.0,137.31,7914641.0,156747780.0
2017-10-19,137.11,137.66,135.38,137.38,5466025.0,108186921.0
2017-10-20,137.45,137.94,136.97,137.8,5619606.0,111984202.0
2017-10-23,137.87,137.94,137.18,137.87,6074245.0,121269515.0
2017-10-24,137.25,137.38,136.35,136.83,4613739.0,91513911.0
2017-10-25,136.28,136.97,135.8,136.56,5834995.0,115084456.0
2017-10-26,135.87,136.07,135.25,136.0,6646174.0,130693255.0
2017-10-27,136.21,140.0,136.0,139.18,18631895.0,370259127.0
2017-10-30,138.56,139.66,137.25,139.38,5980256.0,120087390.0
2017-10-31,137.87,138.56,137.52,138.49,5778958.0,115744098.0
2017-11-01,138.0,138.9,137.8,138.63,7018205.0,140654094.0
2017-11-02,138.83,138.97,138.42,138.83,6939961.0,139564385.0
2017-11-03,138.42,139.04,138.0,139.04,4092694.0,82112532.0
2017-11-06,138.76,139.25,138.49,139.18,4648445.0,93586431.0
2017-11-07,138.76,139.87,138.56,139.87,7190338.0,144993501.0
2017-11-08,138.83,139.25,138.56,139.18,5888286.0,118590350.0
2017-11-09,138.49,138.63,138.0,138.56,7936387.0,159240502.0
2017-11-10,137.87,138.63,137.38,138.63,9455061.0,188920790.0
2017-11-13,138.0,138.69,137.18,138.69,9676700.0,193401229.0
2017-11-14,138.07,138.21,137.25,137.8,5393900.0,107693419.0
2017-11-15,137.25,137.32,135.87,137.18,4664400.0,92502822.0
2017-11-16,137.25,139.32,137.18,139.18,7001175.0,140364299.0
2017-11-17,138.35,139.94,138.0,139.73,8200717.0,165161334.0
2017-11-20,139.18,139.31,137.8,139.25,7693500.0,154942976.0
2017-11-21,138.56,139.94,138.14,139.38,5842600.0,117835089.0
2017-11-22,139.59,140.07,139.38,139.87,5503768.0,111571345.0
2017-11-23,140.0,140.14,137.04,137.87,5098600.0,103064360.0
2017-11-24,137.94,140.42,135.38,140.42,7093400.0,141098730.0
2017-11-27,140.63,140.69,139.87,140.63,4860766.0,98885781.0
2017-11-28,140.69,141.04,137.11,140.83,5971305.0,121437784.0
2017-11-29,141.11,141.25,140.28,140.69,5034967.0,102775730.0
2017-11-30,140.76,141.11,139.94,141.04,4669027.0,95144749.0
2017-12-01,141.25,141.25,140.21,140.69,4766587.0,97207784.0
2017-12-04,140.42,140.49,135.11,138.49,6671642.0,133976771.0
2017-12-05,138.63,138.63,124.62,124.62,7722127.0,150183676.0
2018-03-06,112.14,112.14,112.14,112.14,578700.0,9409662.0
2018-03-07,100.9,100.9,100.9,100.9,701100.0,10257093.0
2018-03-08,90.83,90.83,90.83,90.83,1081800.0,14247306.0
2018-03-09,81.73,81.73,81.73,81.73,6501100.0,77038035.0
2018-03-12,76.62,85.45,76.62,82.69,149706519.0,1741890419.0
2018-03-13,80.28,88.35,80.28,86.35,105736195.0,1293115298.0
2018-03-14,84.97,87.25,83.93,85.18,52107784.0,643254690.0
2018-03-15,84.49,87.93,83.52,87.25,53586756.0,667673159.0
2018-03-16,88.14,89.52,85.93,86.97,43427502.0,550535956.0
2018-03-19,86.14,86.14,82.97,83.18,35344540.0,431675993.0
2018-03-20,82.35,85.11,80.0,84.69,32993093.0,398164476.0
2018-03-21,84.07,85.11,81.66,82.83,28608658.0,345718553.0
2018-03-22,82.83,83.45,81.11,82.97,18986227.0,226894247.0
2018-03-23,80.0,81.93,76.42,80.69,33745791.0,389390662.0
2018-03-26,79.52,81.86,78.62,81.45,19880419.0,232263253.0
2018-03-27,82.83,84.28,82.0,83.59,29674159.0,358432595.0
2018-03-28,82.83,83.04,80.62,80.76,20659158.0,244534209.0
2018-03-29,80.69,82.69,80.62,81.45,13905783.0,163836468.0
2018-03-30,81.86,82.35,80.9,81.73,15827529.0,187479359.0
2018-04-02,81.86,82.69,80.76,80.97,19446114.0,229921498.0
2018-04-03,78.28,80.97,77.24,80.62,18884390.0,216963901.0
2018-04-04,80.76,81.31,78.97,79.93,15236665.0,176654192.0
2018-04-09,79.38,80.42,78.07,79.66,12429963.0,143009283.0
2018-04-10,79.86,80.28,78.42,79.8,14961338.0,171635931.0
2018-04-11,79.93,80.14,78.97,79.04,12804440.0,147648857.0
2018-04-12,79.04,79.17,76.97,78.83,15265702.0,172908475.0
2018-04-13,78.49,79.59,78.14,78.76,9385811.0,107084832.0
2018-04-16,78.42,78.42,76.9,77.11,9776098.0,109587117.0
2018-04-17,77.11,77.52,73.66,74.49,16175070.0,176970568.0
2018-04-18,74.42,77.04,70.62,76.69,16160186.0,174060253.0
2018-04-19,76.56,78.21,75.93,78.0,11690873.0,130844656.0
2018-04-20,77.86,77.93,75.93,76.42,9700703.0,108141488.0
2018-04-23,75.73,76.42,73.11,76.28,10517505.0,113613563.0
2018-04-24,75.66,77.52,74.62,76.83,11033930.0,122645306.0
2018-04-25,77.31,77.31,75.52,75.73,7819600.0,86094472.0
2018-04-26,75.45,76.28,73.8,74.07,6944950.0,75644112.0
2018-04-27,74.35,75.52,74.07,75.17,8042005.0,87545997.0
2018-05-02,75.17,78.56,73.04,76.07,11087499.0,122105450.0
2018-05-03,75.31,75.93,73.86,75.59,9905900.0,107618387.0
2018-05-04,74.97,75.38,73.45,74.14,7563935.0,81591366.0
2018-05-07,74.0,75.04,73.93,74.28,7504316.0,81075986.0
2018-05-08,74.21,74.69,73.73,73.93,7330600.0,78730899.0
2018-05-09,73.66,74.9,72.35,74.9,12522833.0,133670602.0
2018-05-10,74.97,75.04,73.93,74.07,6254164.0,67382770.0
2018-05-11,74.0,74.62,73.59,74.62,7862250.0,84424723.0
2018-05-14,74.35,74.83,73.52,73.59,4538789.0,48716388.0
2018-05-15,73.86,75.04,73.11,74.42,8018191.0,86391533.0
2018-05-16,74.42,74.69,73.86,74.21,5143380.0,55366991.0
2018-05-17,73.8,74.35,66.76,71.73,62238442.0,625413396.0
2018-05-18,68.62,69.31,64.9,65.17,53197551.0,515853414.0
2018-05-21,65.52,67.59,63.45,67.59,26278647.0,252944819.0
2018-05-22,67.45,69.93,66.9,69.86,22976496.0,228114750.0
2018-05-23,69.86,71.04,69.04,70.56,15131307.0,153769652.0
2018-05-24,70.97,71.52,69.93,70.97,12195300.0,124860757.0
2018-05-25,70.83,71.24,70.07,71.04,8038968.0,82346905.0
2018-05-28,71.11,71.11,68.62,68.62,8907729.0,90039950.0
2018-05-29,68.48,70.0,67.86,69.93,12256649.0,122466376.0
2018-05-30,68.69,69.11,67.66,68.69,9283211.0,92110735.0
2018-05-31,68.69,69.24,66.21,68.83,11494536.0,113158599.0
2018-06-01,68.48,68.55,66.62,67.45,7142389.0,69725325.0
2018-06-04,67.59,67.59,64.83,65.11,10907900.0,104818335.0
2018-06-05,65.52,68.55,65.11,68.35,15699407.0,153199916.0
2018-06-06,68.42,71.31,68.07,70.14,13663983.0,138962185.0
2018-06-07,70.97,71.45,70.21,70.21,8466774.0,86848334.0
2018-06-08,71.11,71.17,69.11,69.93,5659705.0,57228400.0
2018-06-11,70.42,70.42,64.21,67.93,9523723.0,93310504.0
2018-06-12,67.59,68.42,66.62,67.8,7421005.0,72479721.0
2018-06-13,67.59,68.97,65.52,68.9,12377900.0,120984789.0
2018-06-14,68.14,69.93,67.04,68.07,11551297.0,114059559.0
2018-06-15,68.07,68.55,64.9,66.9,6402620.0,61742094.0
