2011-07-15,16.5,18.02,16.5,16.67,23172524.0,395263616.0
2011-07-18,16.5,17.7,16.36,17.02,13172568.0,224848480.0
2011-07-19,16.64,16.88,15.8,15.9,7937713.0,128332280.0
2011-07-20,15.96,16.48,15.96,16.3,5117919.0,82860480.0
2011-07-21,16.2,16.31,15.82,15.93,3648987.0,58321756.0
2011-07-22,15.95,16.14,15.92,15.98,2537564.0,40680268.0
2011-07-25,16.01,16.8,15.84,16.55,8452469.0,138133744.0
2011-07-26,16.38,17.29,16.11,17.07,9363657.0,157589488.0
2011-07-27,16.83,17.35,16.7,17.18,8164217.0,139268288.0
2011-07-28,16.94,17.09,16.3,16.73,5889083.0,98312792.0
2011-07-29,16.6,18.02,16.41,17.61,10734634.0,185510768.0
2011-08-01,17.32,18.35,17.2,17.79,9727574.0,172738192.0
2011-08-02,17.46,17.85,16.92,17.6,6095275.0,106462128.0
2011-08-03,17.3,17.5,17.0,17.38,4932335.0,85068552.0
2011-08-04,17.3,17.7,17.05,17.28,3946596.0,68355352.0
2011-08-05,16.6,17.25,16.0,16.55,3623989.0,60545800.0
2011-08-08,16.16,16.44,14.9,14.9,5313214.0,80930440.0
2011-08-09,14.01,14.75,13.45,14.2,4201260.0,58979744.0
2011-08-10,14.5,14.75,14.25,14.33,3451887.0,50070392.0
2011-08-11,13.8,14.49,13.68,14.35,3093568.0,43965888.0
2011-08-15,14.42,14.92,14.41,14.85,3474604.0,51034760.0
2011-08-16,14.85,15.29,14.7,15.04,3980451.0,59618012.0
2011-08-17,14.9,14.99,14.65,14.68,2201430.0,32539332.0
2011-08-18,14.72,14.8,14.0,14.16,1848526.0,26760806.0
2011-08-19,13.67,14.05,13.65,13.85,1819685.0,25167966.0
2011-08-22,13.92,14.27,13.81,14.17,2170565.0,30577290.0
2011-08-23,14.25,14.79,14.1,14.71,3000603.0,43434316.0
2011-08-24,14.8,14.83,14.43,14.47,2601549.0,38078324.0
2011-08-25,14.48,15.03,14.45,15.02,3989691.0,59085176.0
2011-08-26,14.98,15.15,14.81,15.05,2742704.0,41140876.0
2011-08-29,14.94,14.97,14.68,14.73,1966873.0,29124744.0
2011-08-30,14.82,14.96,14.3,14.3,1802649.0,26385834.0
2011-08-31,14.3,14.56,14.03,14.44,1338317.0,19133488.0
2011-09-01,14.46,14.65,14.23,14.32,1051857.0,15208411.0
2011-09-02,14.22,14.34,14.05,14.21,821491.0,11621760.0
2011-09-05,14.0,14.99,13.86,14.81,3479340.0,50655680.0
2011-09-06,14.56,15.33,14.55,14.91,7541017.0,112914152.0
2011-09-07,14.68,15.2,14.65,15.19,4278854.0,64068476.0
2011-09-08,15.19,15.19,14.11,14.24,3058499.0,45334076.0
2011-09-09,14.3,14.4,14.0,14.1,1962012.0,27785260.0
2011-09-13,13.98,13.98,13.51,13.64,1770837.0,24161020.0
2011-09-14,13.7,13.92,13.52,13.92,1324773.0,18160040.0
2011-09-15,13.93,14.14,13.85,13.91,1326876.0,18614150.0
2011-09-16,13.96,14.05,13.68,13.7,1390198.0,19215166.0
2011-09-19,13.61,13.61,13.15,13.23,1259337.0,16797718.0
2011-09-20,13.18,13.46,13.15,13.32,768783.0,10244248.0
2011-09-21,13.32,13.77,13.26,13.71,1260696.0,17163308.0
2011-09-22,13.61,13.69,13.17,13.17,1064350.0,14339373.0
2011-09-23,13.0,13.1,12.81,13.02,1044809.0,13535340.0
2011-09-26,13.07,13.19,12.82,12.89,595750.0,7746580.0
2011-09-27,12.99,13.25,12.92,13.2,984129.0,12895702.0
2011-09-28,13.25,13.26,12.9,13.1,1148647.0,15079188.0
2011-09-29,13.05,13.06,12.5,12.55,1071070.0,13762404.0
2011-09-30,12.57,12.74,12.18,12.32,646656.0,8028920.0
2011-10-10,12.4,12.5,12.22,12.26,196590.0,2429025.0
2011-10-11,12.51,12.69,12.23,12.28,609670.0,7574426.0
2011-10-12,12.26,12.69,12.0,12.62,1000896.0,12495964.0
2011-10-13,12.61,12.98,12.52,12.75,1163778.0,14872841.0
2011-10-14,12.68,12.75,12.5,12.6,779559.0,9815278.0
2011-10-17,12.7,13.2,12.58,13.05,3393268.0,43818696.0
2011-10-18,12.85,12.96,12.2,12.22,3016095.0,38027656.0
2011-10-19,12.33,13.44,12.31,13.44,9482342.0,126481872.0
2011-10-20,13.42,13.65,12.77,13.26,8982235.0,119324696.0
2011-10-21,13.01,13.1,11.93,11.93,5332358.0,65461680.0
2011-10-24,11.55,12.36,10.74,11.92,7106476.0,81138368.0
2011-10-25,11.62,12.75,11.55,12.51,7527024.0,91905560.0
2011-10-26,12.31,13.76,12.31,13.48,12547780.0,167139504.0
2011-10-27,13.22,13.42,13.04,13.31,8303400.0,109637440.0
2011-10-28,13.39,13.98,13.23,13.67,9124956.0,124142088.0
2011-10-31,13.66,13.99,13.41,13.74,6237506.0,85636328.0
2011-11-01,13.55,14.68,13.4,14.09,8215941.0,114162720.0
2011-11-02,13.7,14.59,13.55,14.41,7380099.0,104034960.0
2011-11-03,14.41,14.57,14.01,14.05,7105327.0,101360808.0
2011-11-04,14.05,14.36,13.75,13.86,4353238.0,61032124.0
2011-11-07,13.9,15.25,13.85,15.25,12657019.0,188327360.0
2011-11-08,15.1,15.18,14.43,14.45,8579387.0,126842576.0
2011-11-09,14.49,15.05,14.03,15.0,8545014.0,124887232.0
2011-11-10,14.7,14.79,14.38,14.38,5562681.0,81133272.0
2011-11-11,14.45,14.85,14.22,14.32,4282824.0,62347568.0
2011-11-14,14.55,14.9,14.4,14.72,3992684.0,58516044.0
2011-11-15,14.71,14.82,14.22,14.64,3635032.0,52898916.0
2011-11-16,14.58,14.6,13.91,14.12,3192974.0,45435368.0
2011-11-17,14.0,14.37,13.75,14.16,3199979.0,45126016.0
2011-11-18,14.0,14.1,13.13,13.23,2934328.0,39983192.0
2011-11-21,13.3,13.5,12.99,13.35,1599647.0,21075410.0
2011-11-22,13.2,13.5,13.05,13.33,1308465.0,17341984.0
2011-11-23,13.36,13.47,13.05,13.14,1582624.0,20938332.0
2011-11-24,12.94,13.22,12.71,13.13,1871828.0,24352536.0
2011-11-25,13.01,13.45,13.01,13.16,2118205.0,28093348.0
2011-11-28,13.14,13.2,12.75,12.85,1629260.0,21106186.0
2011-11-29,13.08,13.34,12.9,13.23,2160706.0,28414632.0
2011-11-30,13.24,13.85,12.4,12.82,4414346.0,58389884.0
2011-12-01,13.28,13.52,13.0,13.2,2813734.0,37371772.0
2011-12-02,13.08,13.22,12.55,12.6,2217390.0,28419396.0
2011-12-05,12.6,12.6,11.75,11.78,1721780.0,20691272.0
2011-12-06,11.78,12.2,11.6,12.0,1280014.0,15219985.0
2011-12-07,11.93,12.22,11.87,11.98,963026.0,11598450.0
2011-12-08,11.92,12.57,11.72,12.32,2342584.0,28709578.0
2011-12-09,12.16,12.31,11.83,11.9,1318490.0,15863235.0
2011-12-12,11.76,12.0,11.76,11.78,667839.0,7935334.0
2011-12-13,11.61,11.77,11.06,11.5,1462374.0,16640187.0
2011-12-14,11.41,11.81,11.3,11.5,1586462.0,18360116.0
2011-12-15,11.35,11.79,11.16,11.43,1435992.0,16561333.0
2011-12-16,11.51,12.1,11.43,12.1,1801280.0,21178796.0
2011-12-19,12.01,12.58,11.86,12.46,2815529.0,34342508.0
2011-12-20,12.33,12.45,11.97,12.0,1610562.0,19685252.0
2011-12-21,12.17,12.3,11.55,11.58,1660318.0,19878152.0
2011-12-22,11.35,11.95,10.83,11.68,1710967.0,19409050.0
2011-12-23,11.78,12.18,11.6,11.91,1824607.0,21809156.0
2011-12-26,11.9,12.07,11.45,11.52,1086258.0,12824849.0
2011-12-27,11.5,11.55,10.83,10.88,1308617.0,14533022.0
2011-12-28,10.71,10.75,10.2,10.59,1428536.0,14968595.0
2011-12-29,10.5,10.63,10.3,10.41,805919.0,8459092.0
2011-12-30,10.51,10.79,10.42,10.64,962160.0,10251666.0
2012-01-04,10.75,10.84,10.15,10.17,1033360.0,10891411.0
2012-01-05,10.01,10.12,9.21,9.29,1402965.0,13656581.0
2012-01-06,9.05,9.49,8.81,9.33,1134997.0,10336430.0
2012-01-09,9.29,9.71,9.08,9.61,2260017.0,21494842.0
2012-01-10,9.61,10.1,9.48,10.05,2544548.0,25077338.0
2012-01-11,10.0,10.21,9.92,10.05,1826168.0,18356764.0
2012-01-12,10.06,10.14,9.88,9.98,1306686.0,13069066.0
2012-01-13,9.93,10.02,9.16,9.27,1747390.0,16565133.0
2012-01-16,9.19,9.19,9.0,9.01,780394.0,7091732.0
2012-01-17,9.1,9.7,8.96,9.63,1132759.0,10563034.0
2012-01-18,9.72,9.72,9.25,9.34,1355959.0,12868771.0
2012-01-19,9.31,9.48,9.15,9.3,717649.0,6695399.0
2012-01-20,9.38,9.57,9.35,9.49,865503.0,8205982.0
2012-01-30,9.5,9.6,9.45,9.49,619074.0,5896440.0
2012-01-31,9.25,9.57,9.21,9.54,1134959.0,10650866.0
2012-02-01,9.52,9.55,9.29,9.33,751744.0,7097387.0
2012-02-02,9.35,9.54,9.34,9.53,683737.0,6468828.0
2012-02-03,9.49,9.82,9.47,9.73,1995156.0,19271014.0
2012-02-06,9.72,9.83,9.61,9.8,1577453.0,15336085.0
2012-02-07,9.75,9.75,9.56,9.65,1024830.0,9891015.0
2012-02-08,9.6,9.97,9.6,9.97,1550637.0,15204756.0
2012-02-09,9.9,10.29,9.9,10.07,2338542.0,23654538.0
2012-02-10,10.08,10.44,10.0,10.2,2061834.0,21039672.0
2012-02-13,10.1,10.33,10.01,10.32,1822426.0,18594892.0
2012-02-14,10.37,10.37,10.11,10.2,1260156.0,12876721.0
2012-02-15,10.12,10.4,10.11,10.38,1631336.0,16793242.0
2012-02-16,10.51,10.88,10.39,10.52,2769168.0,29394574.0
2012-02-17,10.46,10.57,10.21,10.34,1472204.0,15244911.0
2012-02-20,10.44,10.54,10.35,10.36,1439810.0,15017442.0
2012-02-21,10.3,10.62,10.26,10.6,1797671.0,18777972.0
2012-02-22,10.6,10.85,10.51,10.82,2362390.0,25270202.0
2012-02-23,10.77,11.09,10.72,10.81,2574645.0,27975672.0
2012-02-24,10.8,11.06,10.75,10.91,2111657.0,23032670.0
2012-02-27,10.9,11.12,10.8,10.92,2311768.0,25331268.0
2012-02-28,10.88,10.88,10.52,10.71,2105915.0,22542200.0
2012-02-29,10.79,10.97,10.59,10.61,1462540.0,15771318.0
2012-03-01,10.6,10.7,10.4,10.6,1221744.0,12937540.0
2012-03-02,10.63,10.89,10.63,10.88,1445844.0,15589889.0
2012-03-05,10.87,10.99,10.83,10.88,1467340.0,15988190.0
2012-03-06,10.84,10.9,10.63,10.67,1126404.0,12070056.0
2012-03-07,10.59,10.77,10.48,10.62,1117660.0,11890984.0
2012-03-08,10.61,11.0,10.61,10.98,2004035.0,21756968.0
2012-03-09,11.04,11.19,10.94,11.12,2585183.0,28580436.0
2012-03-12,11.08,11.3,11.01,11.25,2040353.0,22805848.0
2012-03-13,11.15,11.34,11.11,11.31,1912335.0,21422282.0
2012-03-14,11.3,11.38,10.3,10.5,3013377.0,33056778.0
2012-03-15,10.52,10.59,10.15,10.3,1717215.0,17696868.0
2012-03-16,10.3,10.65,10.22,10.61,1677426.0,17511918.0
2012-03-19,10.54,10.82,10.54,10.82,1588107.0,16973370.0
2012-03-20,10.79,10.94,10.55,10.75,1504372.0,16113992.0
2012-03-21,10.72,11.1,10.45,11.06,2445339.0,26370778.0
2012-03-22,11.0,11.17,10.9,11.07,2004452.0,22123574.0
2012-03-23,11.01,11.04,10.51,10.9,1422854.0,15372528.0
2012-03-26,10.83,11.6,10.75,11.1,4501148.0,50160108.0
2012-03-27,11.13,11.24,10.58,10.65,2957349.0,32137532.0
2012-03-28,10.63,10.63,9.88,10.2,2266331.0,22992526.0
2012-03-29,10.06,10.1,9.78,10.04,825060.0,8219999.0
2012-03-30,10.0,10.08,9.68,9.82,1127892.0,11140520.0
2012-04-05,9.81,10.5,9.76,10.41,1705232.0,17409972.0
2012-04-06,10.4,10.85,10.17,10.24,2522562.0,26201388.0
2012-04-09,10.22,10.22,9.9,9.9,1599530.0,15948222.0
2012-04-10,9.8,9.98,9.61,9.98,864250.0,8488129.0
2012-04-11,9.82,10.01,9.8,9.93,619313.0,6137344.0
2012-04-12,9.93,10.24,9.89,10.18,1139172.0,11502720.0
2012-04-13,10.18,10.33,10.11,10.31,1334927.0,13684058.0
2012-04-16,10.23,10.7,10.16,10.6,2015232.0,21110434.0
2012-04-17,10.54,10.65,10.31,10.43,1890249.0,19789562.0
2012-04-18,10.43,10.7,10.35,10.59,2330351.0,24537982.0
2012-04-19,10.52,10.62,10.39,10.45,1266233.0,13252751.0
2012-04-20,10.38,10.61,10.33,10.48,1543471.0,16183501.0
2012-04-23,10.49,10.9,10.36,10.81,3758576.0,40089008.0
2012-04-24,10.61,10.73,9.88,10.26,2201439.0,22726712.0
2012-04-25,10.11,10.35,10.04,10.27,1064280.0,10850867.0
2012-04-26,10.27,10.38,10.21,10.29,833496.0,8585132.0
2012-04-27,10.25,10.36,10.1,10.1,733607.0,7500057.0
2012-05-02,10.3,10.32,10.11,10.18,898265.0,9147008.0
2012-05-03,10.19,10.29,10.1,10.29,787614.0,8042292.0
2012-05-04,10.29,10.43,10.29,10.4,1057577.0,10979710.0
2012-05-07,10.35,10.55,10.35,10.55,1046593.0,10927093.0
2012-05-08,10.61,10.61,10.37,10.55,982003.0,10307356.0
2012-05-09,10.45,10.46,10.17,10.18,1017563.0,10473786.0
2012-05-10,10.18,10.34,10.13,10.28,517330.0,5309783.0
2012-05-11,10.35,10.37,10.06,10.09,773769.0,7891506.0
2012-05-15,10.0,10.0,9.78,9.94,711359.0,7008902.0
2012-05-16,9.85,9.96,9.82,9.82,551188.0,5449149.0
2012-05-17,9.83,10.07,9.82,10.02,461995.0,4603230.0
2012-05-18,9.91,10.0,9.77,9.78,621413.0,6141534.0
2012-05-21,9.63,9.86,9.63,9.72,446379.0,4349909.0
2012-05-22,9.78,9.94,9.74,9.89,431909.0,4245697.0
2012-05-23,9.9,9.9,9.74,9.76,520038.0,5103513.0
2012-05-24,9.75,9.84,9.72,9.74,318150.0,3110292.0
2012-05-25,9.81,9.81,9.45,9.47,613470.0,5878022.0
2012-05-28,9.28,9.55,9.27,9.51,589888.0,5526716.0
2012-05-29,9.43,9.67,9.43,9.62,668218.0,6391896.0
2012-05-30,9.6,9.96,9.57,9.95,1785687.0,17564084.0
2012-05-31,9.86,9.99,9.62,9.68,1553730.0,15213803.0
2012-06-01,9.69,9.77,9.56,9.59,648423.0,6266397.0
2012-06-04,9.29,9.46,9.22,9.23,704336.0,6568443.0
2012-06-06,9.25,9.35,9.23,9.29,377400.0,3503521.0
2012-06-07,9.33,9.41,9.28,9.29,383941.0,3585462.0
2012-06-08,9.37,9.4,9.23,9.23,339949.0,3157560.0
2012-06-11,9.25,9.37,9.18,9.34,585694.0,5433537.0
2012-06-12,9.3,9.3,9.01,9.15,403431.0,3699104.0
2012-06-13,9.17,9.34,9.13,9.31,413011.0,3827297.0
2012-06-14,9.33,9.42,9.28,9.3,608068.0,5694738.0
2012-06-15,9.39,9.47,9.29,9.45,690030.0,6478148.0
2012-06-18,10.0,10.1,9.61,9.67,1773089.0,17310920.0
2012-06-19,9.5,9.68,9.5,9.63,762571.0,7295687.0
2012-06-20,9.58,9.65,9.54,9.62,539949.0,5183175.0
2012-06-21,9.6,9.6,9.38,9.44,523339.0,4950135.0
2012-06-25,9.48,9.5,9.32,9.33,421331.0,3884832.0
2012-06-26,9.33,9.35,9.18,9.34,435418.0,3966701.0
2012-06-27,9.34,9.45,9.28,9.3,299559.0,2755980.0
2012-06-28,9.32,9.39,9.22,9.22,319428.0,2914971.0
2012-06-29,9.2,9.3,9.12,9.28,338691.0,3071342.0
2012-07-02,9.3,9.48,9.21,9.41,424081.0,3902101.0
2012-07-03,9.42,9.54,9.33,9.45,516031.0,4796737.0
2012-07-04,9.45,9.52,9.41,9.45,350731.0,3258611.0
2012-07-05,9.45,9.45,9.16,9.18,443340.0,4021169.0
2012-07-06,9.23,9.34,9.08,9.33,420540.0,3816519.0
2012-07-09,9.29,9.32,8.98,9.02,434681.0,3913272.0
2012-07-10,9.04,9.15,8.95,9.03,343123.0,3043299.0
2012-07-11,9.05,9.14,8.98,9.04,301224.0,2682849.0
2012-07-12,9.04,9.04,8.66,8.91,684716.0,5963504.0
2012-07-13,8.84,8.88,8.75,8.77,371101.0,3208880.0
2012-07-16,8.78,8.8,7.91,7.95,767625.0,6241976.0
2012-07-17,7.99,8.09,7.92,8.06,305489.0,2402771.0
2012-07-18,8.06,8.09,7.83,8.06,263007.0,2066180.0
2012-07-19,8.09,8.59,7.99,8.3,698055.0,5692549.0
2012-07-20,8.24,8.46,8.24,8.37,451601.0,3725429.0
2012-07-23,8.53,8.53,8.26,8.43,179765.0,1478664.0
2012-07-24,8.34,8.78,8.34,8.62,920053.0,7772342.0
2012-07-25,8.56,8.73,8.56,8.64,627249.0,5330684.0
2012-07-26,8.68,8.68,8.49,8.51,304900.0,2564604.0
2012-07-27,8.5,8.62,8.16,8.2,310800.0,2540074.0
2012-07-30,8.27,8.27,8.02,8.06,370379.0,2955417.0
2012-07-31,8.05,8.06,7.8,7.98,202581.0,1575522.0
2012-08-01,7.98,8.64,7.98,8.59,1309923.0,10796352.0
2012-08-02,8.41,8.54,8.04,8.15,1392212.0,11368456.0
2012-08-03,8.14,8.32,7.96,8.29,641331.0,5162067.0
2012-08-06,8.22,8.45,8.16,8.43,635056.0,5195549.0
2012-08-07,8.39,8.54,8.35,8.46,580254.0,4820958.0
2012-08-08,8.47,8.47,8.33,8.4,439184.0,3629789.0
2012-08-09,8.4,8.53,8.35,8.52,757684.0,6304536.0
2012-08-10,8.5,8.55,8.42,8.5,417649.0,3486470.0
2012-08-13,8.4,8.46,8.14,8.19,469700.0,3842234.0
2012-08-14,8.19,8.3,8.09,8.3,316187.0,2539655.0
2012-08-15,8.3,8.3,8.13,8.13,230441.0,1853334.0
2012-08-16,8.17,8.17,8.09,8.1,197020.0,1576078.0
2012-08-17,8.03,8.22,8.03,8.18,151702.0,1214809.0
2012-08-20,8.14,8.23,8.04,8.23,222071.0,1781106.0
2012-08-21,8.19,8.43,8.19,8.37,402872.0,3307592.0
2012-08-22,8.38,8.45,8.29,8.38,434703.0,3583121.0
2012-08-23,8.38,8.57,8.35,8.53,412734.0,3429570.0
2012-08-24,8.5,8.56,8.22,8.25,414853.0,3418508.0
2012-08-27,8.32,8.32,8.12,8.15,356207.0,2855390.0
2012-08-28,8.05,8.28,8.05,8.24,349272.0,2813302.0
2012-08-29,8.16,8.39,8.16,8.28,259110.0,2113535.0
2012-08-30,8.25,8.32,8.03,8.19,351868.0,2832089.0
2012-08-31,8.26,8.38,8.19,8.38,662745.0,5405472.0
2012-09-03,8.33,8.69,8.31,8.62,1746869.0,14719125.0
2012-09-04,8.58,9.04,8.49,8.78,2742635.0,23676670.0
2012-09-05,8.61,8.79,8.54,8.73,1317744.0,11196612.0
2012-09-06,8.73,8.8,8.6,8.77,837472.0,7166839.0
2012-09-07,8.83,9.04,8.78,8.94,2209552.0,19385680.0
2012-09-10,8.94,8.95,8.81,8.89,1233339.0,10751361.0
2012-09-11,8.89,8.93,8.69,8.84,1062221.0,9180757.0
2012-09-12,8.87,8.89,8.76,8.86,746955.0,6474625.0
2012-09-13,8.86,8.89,8.67,8.67,631448.0,5462246.0
2012-09-14,8.71,8.8,8.65,8.73,542157.0,4651368.0
2012-09-17,8.78,8.79,8.51,8.54,509319.0,4318563.0
2012-09-18,8.52,8.59,8.5,8.53,313349.0,2629099.0
2012-09-19,8.55,8.64,8.53,8.64,216600.0,1832522.0
2012-09-20,8.7,8.73,8.3,8.31,399623.0,3327458.0
2012-09-21,8.25,8.36,8.25,8.26,211085.0,1720781.0
2012-09-24,8.15,8.33,8.15,8.28,183310.0,1494151.0
2012-09-25,8.28,8.3,8.2,8.27,221401.0,1798340.0
2012-09-26,8.3,8.31,7.87,7.94,441149.0,3487299.0
2012-09-27,7.99,8.16,7.89,8.15,338297.0,2677053.0
2012-09-28,8.11,8.23,8.04,8.19,351409.0,2819600.0
2012-10-08,8.2,8.5,8.14,8.33,323769.0,2615017.0
2012-10-09,8.41,8.47,8.29,8.44,436448.0,3608312.0
2012-10-10,8.4,8.52,8.37,8.51,482951.0,4018018.0
2012-10-11,8.45,8.53,8.27,8.28,355972.0,2934471.0
2012-10-12,8.55,9.05,8.4,8.45,1406402.0,11967326.0
2012-10-15,8.37,8.37,8.16,8.23,686681.0,5547572.0
2012-10-16,8.22,8.35,8.16,8.3,580800.0,4735503.0
2012-10-17,8.35,8.39,8.28,8.33,292525.0,2395169.0
2012-10-18,8.31,8.48,8.29,8.44,387083.0,3193714.0
2012-10-19,8.47,8.5,8.39,8.47,426833.0,3546862.0
2012-10-22,8.42,8.51,8.29,8.49,235868.0,1953747.0
2012-10-23,8.48,8.54,8.35,8.36,294539.0,2447493.0
2012-10-24,8.36,8.45,8.34,8.36,227840.0,1875239.0
2012-10-25,8.36,8.42,8.33,8.38,285370.0,2352039.0
2012-10-26,8.35,8.38,8.13,8.19,489640.0,3968940.0
2012-10-29,8.21,8.22,8.16,8.18,108390.0,871853.0
2012-10-30,8.19,8.27,8.12,8.14,495257.0,3965616.0
2012-10-31,8.14,8.14,8.04,8.1,344220.0,2728406.0
2012-11-01,8.11,8.26,8.09,8.21,431494.0,3478534.0
2012-11-02,8.24,8.34,8.2,8.25,332015.0,2690847.0
2012-11-05,8.24,8.75,8.19,8.6,1147589.0,9511508.0
2012-11-06,8.54,8.93,8.44,8.71,2837442.0,24186864.0
2012-11-07,8.77,8.77,8.46,8.54,1394777.0,11728846.0
2012-11-08,8.51,8.51,8.25,8.25,845972.0,6954660.0
2012-11-09,8.25,8.37,8.21,8.29,506427.0,4133295.0
2012-11-12,8.29,8.63,8.28,8.55,1077963.0,9011206.0
2012-11-13,8.48,8.58,8.38,8.45,524513.0,4349928.0
2012-11-14,8.43,8.6,8.37,8.6,877550.0,7337954.0
2012-11-15,8.55,8.55,8.28,8.29,1013290.0,8329736.0
2012-11-16,8.22,8.34,8.22,8.29,367916.0,2988465.0
2012-11-19,8.37,8.56,8.21,8.51,759670.0,6297919.0
2012-11-20,8.59,8.92,8.49,8.83,3095407.0,26526652.0
2012-11-21,8.83,8.85,8.6,8.83,3060298.0,26314802.0
2012-11-22,8.78,8.89,8.71,8.75,1480592.0,12801599.0
2012-11-23,8.8,8.83,8.63,8.71,1012240.0,8676154.0
2012-11-26,8.73,9.12,8.66,8.8,3733244.0,32692972.0
2012-11-27,8.68,8.83,8.14,8.24,2051286.0,17136838.0
2012-11-28,7.96,9.07,7.57,8.47,4136779.0,34085976.0
2012-11-29,8.45,8.67,8.22,8.49,1917981.0,15932635.0
2012-11-30,8.52,8.78,8.44,8.5,2879709.0,24191832.0
2012-12-03,8.53,8.83,7.8,8.23,2987417.0,24472650.0
2012-12-04,8.14,8.14,7.64,7.95,1104794.0,8562326.0
2012-12-05,7.91,8.22,7.74,8.11,2572157.0,20432518.0
2012-12-06,8.05,8.08,7.86,7.88,1332083.0,10391491.0
2012-12-07,7.8,8.03,7.8,7.99,1638197.0,12799910.0
2012-12-10,7.97,8.33,7.97,8.26,2102358.0,16876300.0
2012-12-11,8.2,9.09,8.17,9.09,6593487.0,56584052.0
2012-12-12,9.36,9.86,9.16,9.45,10251034.0,95141000.0
2012-12-13,9.37,9.4,9.17,9.31,4415494.0,40203252.0
2012-12-14,9.26,9.62,9.16,9.43,6170213.0,57182280.0
2012-12-17,9.35,9.55,9.28,9.49,3799402.0,35201480.0
2012-12-18,9.39,9.44,9.18,9.2,3418063.0,31203166.0
2012-12-19,9.22,9.55,9.21,9.34,4495213.0,41595968.0
2012-12-20,9.31,9.66,9.16,9.51,3864117.0,35639072.0
2012-12-21,9.45,9.47,9.22,9.3,2702627.0,24805100.0
2012-12-24,9.3,9.35,9.19,9.34,1912954.0,17419458.0
2012-12-25,9.45,9.59,9.29,9.51,4080626.0,37938100.0
2012-12-26,9.49,10.05,9.41,9.66,4919773.0,47057344.0
2012-12-27,9.51,9.63,9.26,9.32,3473349.0,32159612.0
2012-12-28,9.31,9.48,9.26,9.46,1805955.0,16638231.0
2012-12-31,9.45,9.51,9.31,9.38,1415619.0,13067518.0
2013-01-04,9.44,9.6,9.22,9.49,2100115.0,19465250.0
2013-01-07,9.49,10.01,9.46,9.71,3725738.0,35594476.0
2013-01-08,9.64,10.28,9.64,10.0,4641048.0,45395912.0
2013-01-09,9.95,9.97,9.63,9.87,3153713.0,30395014.0
2013-01-10,9.86,10.13,9.73,9.9,2008819.0,19469666.0
2013-01-11,9.81,10.15,9.41,9.73,2583474.0,24746962.0
2013-01-14,9.72,10.01,9.53,9.95,2619621.0,25436052.0
2013-01-15,9.94,10.26,9.91,10.11,2886952.0,28501376.0
2013-01-16,10.06,10.13,9.73,10.03,1893664.0,18476470.0
2013-01-17,10.03,10.26,9.87,10.0,1637878.0,16153260.0
2013-01-18,10.09,10.14,9.98,10.11,1431712.0,14180085.0
2013-01-21,10.07,10.1,9.82,9.92,1727438.0,16871022.0
2013-01-22,9.95,9.95,9.46,9.51,1854524.0,17646238.0
2013-01-23,9.52,9.63,9.26,9.49,1314954.0,12186402.0
2013-01-24,9.49,9.64,9.16,9.34,1503594.0,13869237.0
2013-01-25,9.33,9.61,9.29,9.32,640900.0,5923017.0
2013-01-28,9.32,9.54,9.31,9.52,836040.0,7777285.0
2013-01-29,9.49,9.61,9.49,9.52,782496.0,7335849.0
2013-01-30,9.52,9.54,9.31,9.46,735447.0,6820656.0
2013-01-31,9.48,9.53,9.31,9.36,677742.0,6241148.0
2013-02-01,9.31,9.45,9.29,9.35,742543.0,6830713.0
2013-02-04,9.36,9.41,9.16,9.22,822765.0,7484442.0
2013-02-05,9.22,9.37,9.16,9.36,812930.0,7390710.0
2013-02-06,9.41,9.42,9.31,9.37,767310.0,7057210.0
2013-02-07,9.38,9.43,9.27,9.33,722780.0,6635631.0
2013-02-08,9.32,9.49,9.32,9.47,871030.0,8067140.0
2013-02-18,9.45,9.62,9.43,9.61,1347354.0,12612973.0
2013-02-19,9.61,9.61,9.39,9.46,834230.0,7764812.0
2013-02-20,9.46,9.75,9.42,9.75,1164700.0,11004194.0
2013-02-21,9.74,9.94,9.62,9.83,2497886.0,24012320.0
2013-02-22,9.77,9.93,9.71,9.8,1427887.0,13781774.0
2013-02-25,9.82,9.86,9.67,9.81,983278.0,9454868.0
2013-02-26,9.79,10.12,9.7,9.83,2547279.0,24941830.0
2013-02-27,9.83,9.95,9.51,9.56,1238137.0,11754882.0
2013-02-28,9.56,9.72,9.49,9.67,935638.0,8847703.0
2013-03-01,9.7,9.86,9.62,9.84,1175123.0,11244308.0
2013-03-04,9.78,9.82,9.44,9.49,1239340.0,11763680.0
2013-03-05,9.49,9.7,9.46,9.67,1448295.0,13585856.0
2013-03-06,9.67,9.85,9.62,9.83,1401175.0,13416752.0
2013-03-07,9.82,9.96,9.62,9.77,1339257.0,12914134.0
2013-03-08,9.72,9.82,9.53,9.6,1221751.0,11552001.0
2013-03-11,9.46,9.66,9.21,9.37,1779052.0,16430969.0
2013-03-12,9.35,9.43,8.91,9.08,1711126.0,15460531.0
2013-03-13,9.05,9.14,8.95,9.13,587244.0,5230208.0
2013-03-14,9.05,9.23,9.05,9.12,592985.0,5341402.0
2013-03-15,9.04,9.21,9.04,9.1,500324.0,4493234.0
2013-03-18,9.05,9.16,8.91,8.94,447240.0,3967570.0
2013-03-19,8.91,9.03,8.58,8.73,630833.0,5448293.0
2013-03-20,8.76,9.04,8.7,9.02,658422.0,5753228.0
2013-03-21,9.0,9.21,8.95,9.21,1785962.0,15986306.0
2013-03-22,9.21,9.26,9.05,9.19,899666.0,8100432.0
2013-03-25,9.17,9.21,9.05,9.15,720222.0,6465093.0
2013-03-26,9.09,9.13,8.95,9.06,468150.0,4151305.0
2013-03-27,9.05,9.12,8.9,8.95,845108.0,7469516.0
2013-03-28,8.84,8.84,8.65,8.65,427480.0,3657054.0
2013-03-29,8.65,8.73,8.61,8.67,351205.0,2992092.0
2013-04-01,8.62,8.7,8.55,8.62,325897.0,2766244.0
2013-04-02,8.62,8.8,8.62,8.66,463175.0,3954237.0
2013-04-03,8.66,8.71,8.58,8.67,359190.0,3046890.0
2013-04-08,8.75,9.32,8.65,9.04,5438699.0,48658456.0
2013-04-09,9.04,9.22,8.96,9.03,3195951.0,28544750.0
2013-04-10,9.03,9.04,8.7,8.76,1403568.0,12166798.0
2013-04-11,8.75,8.85,8.71,8.84,685795.0,5901046.0
2013-04-12,8.83,8.99,8.6,8.68,740005.0,6404557.0
2013-04-15,8.62,8.71,8.2,8.25,914956.0,7510197.0
2013-04-16,8.19,8.89,8.04,8.73,1046485.0,8584217.0
2013-04-17,8.57,8.67,8.46,8.56,902389.0,7563059.0
2013-04-18,8.5,8.88,8.34,8.8,810363.0,6924375.0
2013-04-19,8.85,8.85,8.63,8.8,1139306.0,9806843.0
2013-04-22,8.73,8.8,8.67,8.74,631859.0,5421487.0
2013-04-23,8.8,8.8,8.38,8.4,626737.0,5271601.0
2013-04-24,8.4,8.8,8.4,8.61,812483.0,6856655.0
2013-04-25,8.54,8.6,8.37,8.37,620168.0,5167224.0
2013-04-26,8.37,8.46,8.26,8.29,506057.0,4165886.0
2013-05-02,8.34,8.37,8.2,8.34,375134.0,3065019.0
2013-05-03,8.29,8.59,8.29,8.51,564279.0,4714514.0
2013-05-06,8.46,8.7,8.46,8.61,585427.0,4945017.0
2013-05-07,8.56,8.67,8.51,8.54,661265.0,5562770.0
2013-05-08,8.55,8.63,8.53,8.62,658198.0,5545428.0
2013-05-09,8.58,8.62,8.5,8.58,769855.0,6476424.0
2013-05-10,8.58,8.72,8.55,8.67,989730.0,8402643.0
2013-05-13,8.63,8.75,8.62,8.73,797777.0,6802357.0
2013-05-14,8.72,8.72,8.55,8.67,840569.0,7119013.0
2013-05-15,8.73,8.75,8.61,8.75,902175.0,7719517.0
2013-05-16,8.77,8.95,8.7,8.77,1643770.0,14230835.0
2013-05-17,8.78,9.15,8.76,9.08,1942914.0,17128174.0
2013-05-20,9.04,9.24,8.95,9.11,2629879.0,23542048.0
2013-05-21,9.1,9.24,9.02,9.23,2033128.0,18212428.0
2013-05-22,9.21,9.54,9.12,9.41,4569153.0,42079392.0
2013-05-23,9.27,9.4,9.05,9.23,3025367.0,27568858.0
2013-05-24,9.23,9.33,9.19,9.29,1346571.0,12254697.0
2013-05-27,9.34,9.36,9.24,9.34,1774671.0,16225899.0
2013-05-28,9.4,9.43,9.21,9.36,1586232.0,14517144.0
2013-05-29,9.32,9.39,9.24,9.33,2360609.0,21609380.0
2013-05-30,9.26,9.28,8.99,9.16,2678687.0,23980156.0
2013-05-31,9.12,9.18,9.06,9.11,947265.0,8493485.0
2013-06-03,9.06,9.21,9.04,9.1,962944.0,8621517.0
2013-06-04,9.06,9.06,8.82,8.86,1568356.0,13680744.0
2013-06-05,8.86,9.3,8.8,9.27,2508551.0,22407780.0
2013-06-06,9.19,9.62,9.12,9.35,4454194.0,40949352.0
2013-06-07,9.21,9.8,9.21,9.5,6399521.0,60018644.0
2013-06-13,9.46,9.5,8.61,9.1,2190797.0,19306928.0
2013-06-14,9.08,9.57,8.98,9.46,3079951.0,28101680.0
2013-06-17,9.44,9.66,9.36,9.4,3380810.0,31537684.0
2013-06-18,9.35,9.88,9.23,9.69,6249272.0,59180688.0
2013-06-19,9.65,9.79,9.52,9.63,4180955.0,39645524.0
2013-06-20,9.69,9.69,8.91,9.11,3603945.0,32725424.0
2013-06-21,8.99,9.01,8.37,8.72,2580905.0,21790324.0
2013-06-24,8.52,8.66,7.99,8.12,1661999.0,13487149.0
2013-06-25,7.97,8.26,7.41,8.06,1582361.0,12312348.0
2013-06-26,8.05,8.2,7.84,8.14,1120442.0,8897605.0
2013-06-27,8.13,8.33,7.98,8.04,2165723.0,17360484.0
2013-06-28,7.98,8.19,7.76,8.05,1425690.0,11187571.0
2013-07-01,7.88,8.35,7.88,8.25,1024019.0,8180525.0
2013-07-02,8.13,8.43,8.13,8.36,2038375.0,16581371.0
2013-07-03,8.32,8.49,8.12,8.43,1536739.0,12533514.0
2013-07-04,8.42,8.59,8.2,8.5,1826269.0,15111407.0
2013-07-05,8.55,8.55,8.28,8.3,979958.0,8054466.0
2013-07-08,8.18,8.19,8.01,8.02,705043.0,5577123.0
2013-07-09,7.99,8.3,7.99,8.3,921415.0,7396138.0
2013-07-10,8.3,8.42,8.3,8.34,862440.0,7062152.0
2013-07-11,8.34,8.6,8.29,8.47,1489545.0,12404379.0
2013-07-12,8.43,8.93,8.43,8.75,3027589.0,25889804.0
2013-07-15,8.68,9.34,8.53,9.14,7736500.0,68994808.0
2013-07-16,9.13,9.19,8.94,9.08,1990309.0,17649474.0
2013-07-17,9.12,9.13,8.9,8.91,1591276.0,14032132.0
2013-07-18,8.88,9.13,8.73,8.97,1613231.0,14054449.0
2013-07-19,8.9,9.06,8.64,8.65,1746643.0,15201314.0
2013-07-22,8.66,8.89,8.55,8.81,1165578.0,9966538.0
2013-07-23,8.79,9.0,8.79,8.89,1619672.0,14075663.0
2013-07-24,8.89,9.04,8.75,9.04,1693882.0,14834933.0
2013-07-25,9.05,9.12,8.77,8.81,1343284.0,11670379.0
2013-07-26,8.66,8.96,8.66,8.9,1167396.0,10151630.0
2013-07-29,8.9,9.04,8.74,8.98,1590831.0,13845042.0
2013-07-30,8.95,9.09,8.75,9.01,1381135.0,12122312.0
2013-07-31,9.04,9.25,8.91,9.11,3117899.0,27914830.0
2013-08-01,9.05,9.28,9.01,9.25,2866758.0,25788074.0
2013-08-02,9.23,9.23,9.1,9.11,1861564.0,16700880.0
2013-08-05,9.04,9.47,9.04,9.43,3637881.0,33129870.0
2013-08-06,9.43,9.49,9.23,9.38,2396650.0,21966408.0
2013-08-07,9.36,9.36,9.06,9.14,2271937.0,20423130.0
2013-08-08,9.14,9.55,9.11,9.53,3536393.0,32532504.0
2013-08-09,9.5,9.54,9.27,9.45,2186625.0,20123824.0
2013-08-12,9.43,9.53,9.31,9.48,1944618.0,17928324.0
2013-08-13,9.43,9.53,9.39,9.43,1197005.0,11060373.0
2013-08-14,9.44,9.47,9.36,9.37,1617502.0,14910692.0
2013-08-15,9.37,9.37,9.19,9.26,1509756.0,13698384.0
2013-08-16,9.19,9.36,8.5,8.96,1358974.0,12143994.0
2013-08-19,8.88,9.39,8.88,9.22,1291626.0,11575573.0
2013-08-20,9.22,9.78,9.19,9.41,5359771.0,50003896.0
2013-08-21,9.29,9.66,9.19,9.66,4226712.0,38931516.0
2013-08-22,9.53,10.28,9.49,9.9,7881982.0,76719200.0
2013-08-23,9.9,10.39,9.78,9.9,7683888.0,75841200.0
2013-08-26,9.89,10.04,9.79,9.94,3768578.0,36546032.0
2013-08-27,9.94,9.95,9.63,9.81,2546309.0,24395492.0
2013-08-28,9.82,9.92,9.62,9.7,2108097.0,20208194.0
2013-08-29,9.7,9.95,9.7,9.73,1628087.0,15644379.0
2013-08-30,9.75,9.75,9.53,9.54,2218761.0,20914580.0
2013-09-02,9.55,9.71,9.49,9.65,892552.0,8394061.0
2013-09-03,9.65,9.75,9.37,9.72,1546026.0,14519633.0
2013-09-04,9.72,9.75,9.5,9.57,1312639.0,12329952.0
2013-09-05,9.57,10.14,9.44,10.02,4747335.0,46346040.0
2013-09-06,9.97,10.04,9.85,9.98,1863236.0,18146998.0
2013-09-09,9.98,10.19,9.88,9.9,2375011.0,23170660.0
2013-09-10,9.9,10.04,9.76,9.86,1823096.0,17675360.0
2013-09-11,9.86,9.88,9.67,9.78,1384327.0,13224835.0
2013-09-12,9.7,10.31,9.69,9.99,4580493.0,45129320.0
2013-09-13,9.93,10.24,9.72,10.19,3575279.0,35151948.0
2013-09-16,10.17,10.69,10.04,10.39,4584463.0,46676008.0
2013-09-17,10.44,10.7,10.21,10.43,4479496.0,45796816.0
2013-09-18,10.41,10.59,10.23,10.43,2535191.0,25892668.0
2013-09-23,10.43,11.22,10.22,11.11,4833134.0,50591608.0
2013-09-24,10.95,11.02,10.74,10.91,2566299.0,27396204.0
2013-09-25,10.82,11.15,10.71,11.14,3168754.0,33874072.0
2013-09-26,11.02,11.03,10.3,10.36,2794821.0,29290082.0
2013-09-27,10.35,10.45,10.23,10.28,1698476.0,17208728.0
2013-09-30,10.31,10.8,10.24,10.39,1800179.0,18341592.0
2013-10-08,10.4,10.72,10.27,10.61,1751633.0,17943896.0
2013-10-09,10.52,11.23,10.45,10.91,3210580.0,34261944.0
2013-10-10,10.83,11.22,10.68,10.78,1946862.0,20865310.0
2013-10-11,10.8,11.84,10.73,11.46,6206129.0,69010912.0
2013-10-14,11.43,12.25,11.28,11.57,8190495.0,94192248.0
2013-10-15,11.55,11.83,11.43,11.82,4556086.0,51923384.0
2013-10-16,11.77,12.13,11.23,11.41,3494756.0,39580080.0
2013-10-17,11.33,12.05,11.06,11.69,6246820.0,71482560.0
2013-10-18,11.49,11.91,11.4,11.85,2560890.0,29336450.0
2013-10-21,11.94,12.05,11.77,11.86,3304034.0,38437112.0
2013-10-22,11.82,11.82,11.3,11.33,3744342.0,42176048.0
2013-10-23,11.29,11.52,11.2,11.32,2565545.0,28325986.0
2013-10-24,11.17,11.34,10.74,10.95,1990514.0,21642288.0
2013-10-25,10.8,11.23,10.8,10.92,1515058.0,16256096.0
2013-10-28,10.97,11.53,10.85,11.35,1609644.0,17600456.0
2013-10-29,11.35,11.84,10.72,11.61,3927875.0,43911224.0
2013-10-30,11.45,11.79,11.45,11.64,2137927.0,24404176.0
2013-10-31,11.58,11.79,11.4,11.67,1707156.0,19423144.0
2013-11-01,11.64,12.56,11.55,12.26,6280994.0,74715128.0
2013-11-04,12.11,12.36,11.99,12.12,2741941.0,32600890.0
2013-11-05,12.12,12.76,11.57,12.15,2900158.0,34292376.0
2013-11-06,11.95,12.21,11.75,12.15,2525772.0,29715392.0
2013-11-07,11.89,12.46,11.84,12.36,2323682.0,27861818.0
2013-11-08,12.34,12.34,11.87,11.92,1707321.0,20165892.0
2013-11-11,11.72,12.25,11.56,12.09,1450329.0,17114514.0
2013-11-12,12.11,12.86,11.89,11.95,7848043.0,94675224.0
2013-11-13,11.82,11.82,11.24,11.24,4266863.0,48034320.0
2013-11-14,11.18,11.52,10.96,11.43,1898953.0,21019072.0
2013-11-15,11.3,11.77,11.3,11.54,1301802.0,14820430.0
2013-11-18,11.63,11.9,11.63,11.86,1304682.0,15093748.0
2013-11-19,11.81,11.99,11.76,11.94,1010845.0,11760738.0
2013-11-20,11.94,12.01,11.8,11.96,1173207.0,13687344.0
2013-11-21,11.97,12.03,11.64,11.69,1376200.0,15893265.0
2013-11-22,11.69,11.72,11.38,11.58,1341802.0,15159223.0
2013-11-25,11.58,11.7,11.45,11.66,766318.0,8735437.0
2013-11-26,11.66,11.77,11.48,11.68,1010310.0,11512289.0
2013-11-27,11.68,12.08,11.57,12.05,1803026.0,20986396.0
2013-11-28,12.05,12.75,11.93,12.19,2377645.0,28583378.0
2013-11-29,12.19,12.73,12.19,12.46,2071276.0,25321972.0
2013-12-02,11.9,12.23,11.54,12.14,2499318.0,29094206.0
2013-12-03,11.96,13.02,11.77,12.75,3258956.0,39900016.0
2013-12-04,12.65,13.35,12.23,12.25,8721585.0,108102120.0
2013-12-05,12.15,12.15,11.78,12.02,2854536.0,33517866.0
2013-12-06,11.9,12.17,11.87,11.89,1392426.0,16401308.0
2013-12-09,11.87,12.14,11.87,12.1,1067320.0,12594765.0
2013-12-10,12.15,12.2,11.94,12.11,919443.0,10881183.0
2013-12-11,12.05,12.16,11.75,11.85,1089431.0,12684079.0
2013-12-12,11.84,11.98,11.77,11.82,864727.0,10055272.0
2013-12-13,11.83,12.03,11.77,11.97,672510.0,7859974.0
2013-12-16,12.05,12.1,11.9,11.95,548563.0,6448595.0
2013-12-17,11.99,12.04,11.8,11.83,563002.0,6554612.0
2013-12-18,11.83,11.91,11.75,11.83,560052.0,6491317.0
2013-12-19,11.81,11.98,11.75,11.81,476546.0,5541375.0
2013-12-20,11.81,11.86,11.01,11.21,955899.0,10710864.0
2013-12-23,11.21,11.38,10.84,11.23,645316.0,7028499.0
2013-12-24,11.38,11.47,11.15,11.35,358756.0,3979745.0
2013-12-25,11.3,11.71,11.16,11.63,932515.0,10518943.0
2013-12-26,11.71,11.71,11.38,11.38,509701.0,5761370.0
2013-12-27,11.38,11.7,11.38,11.65,398895.0,4513447.0
2013-12-30,11.63,11.93,11.63,11.85,876569.0,10125649.0
2013-12-31,11.69,12.01,11.69,11.94,602457.0,7021772.0
2014-01-02,11.94,11.99,11.82,11.91,789881.0,9217258.0
2014-01-03,11.84,11.95,11.72,11.82,615216.0,7131477.0
2014-01-06,11.75,11.76,11.33,11.43,812278.0,9200646.0
2014-01-07,11.43,11.6,11.33,11.54,378554.0,4268951.0
2014-01-08,11.61,11.79,11.51,11.74,625073.0,7174203.0
2014-01-09,11.73,12.15,11.73,11.84,2437647.0,28525924.0
2014-01-10,11.84,11.95,11.24,11.69,1440781.0,16369351.0
2014-01-13,11.54,11.83,11.41,11.6,966794.0,11000177.0
2014-01-14,11.47,11.71,11.38,11.66,1154385.0,13048714.0
2014-01-15,11.7,12.05,11.59,12.04,3509092.0,40713932.0
2014-01-16,12.04,12.05,11.7,11.74,1628211.0,18864750.0
2014-01-17,11.67,11.68,11.48,11.56,929876.0,10524990.0
2014-01-20,11.54,11.63,11.33,11.54,652598.0,7340104.0
2014-01-21,11.48,12.03,11.48,11.9,1187639.0,13665341.0
2014-01-22,11.77,12.08,11.76,11.91,2744310.0,32137858.0
2014-01-23,11.84,12.44,11.83,12.31,4042178.0,48430436.0
2014-01-24,12.16,13.27,12.15,12.66,9129560.0,114078360.0
2014-01-27,12.54,13.04,12.46,12.79,4161383.0,52202492.0
2014-01-28,12.79,12.89,12.53,12.81,2019546.0,25138142.0
2014-01-29,12.62,13.7,12.62,13.52,4517804.0,58929160.0
2014-01-30,13.52,13.83,13.27,13.52,2919730.0,38914160.0
2014-02-07,13.37,13.84,13.3,13.68,1955575.0,26153084.0
2014-02-10,13.62,14.12,13.53,14.03,2212166.0,29982230.0
2014-02-11,14.11,15.43,14.11,15.43,6646694.0,97824576.0
2014-02-12,15.39,16.86,15.19,16.22,6393821.0,100562640.0
2014-02-13,16.31,17.23,15.31,16.31,4744810.0,75643304.0
2014-02-14,16.33,16.73,16.03,16.23,3019572.0,48201268.0
2014-02-17,16.46,17.53,16.46,17.51,4256800.0,71471656.0
2014-02-18,17.5,19.25,17.26,18.68,6285040.0,114598624.0
2014-02-19,18.78,18.82,17.97,18.65,3009053.0,54120800.0
2014-02-20,18.38,18.38,16.99,17.1,3877981.0,66532064.0
2014-02-21,17.11,17.41,16.23,16.45,3714174.0,60810064.0
2014-02-24,16.26,16.82,16.06,16.58,3197015.0,51594016.0
2014-02-25,16.58,16.79,15.14,15.31,5093375.0,79728040.0
2014-02-26,15.13,15.25,14.63,15.19,2842960.0,41612968.0
2014-02-27,15.19,15.66,14.7,14.82,4697298.0,70474680.0
2014-02-28,14.86,15.28,14.52,15.23,2326080.0,33938900.0
2014-03-03,15.23,15.65,15.03,15.41,2324603.0,34845768.0
2014-03-04,15.33,15.4,14.81,15.09,2496335.0,36837248.0
2014-03-05,15.15,16.6,15.15,16.39,6491093.0,102457968.0
2014-03-06,16.18,16.18,15.7,16.01,3311319.0,51654124.0
2014-03-07,15.95,16.31,15.75,16.03,2084400.0,32771228.0
2014-03-10,15.88,15.88,14.43,14.43,2692760.0,39218260.0
2014-03-11,14.29,14.57,13.05,13.65,4123215.0,54910648.0
2014-03-12,13.48,13.78,13.11,13.78,1591599.0,21053452.0
2014-03-13,13.67,14.22,13.67,13.81,1559476.0,21230604.0
2014-03-14,13.87,14.06,13.55,13.83,1237751.0,16682693.0
2014-03-17,13.83,14.27,13.63,14.22,1590878.0,21851128.0
2014-03-18,14.17,14.46,14.03,14.44,1564643.0,21856842.0
2014-03-19,14.45,14.6,13.78,14.02,2364472.0,32498978.0
2014-03-20,13.97,14.08,13.13,13.2,1274364.0,17163808.0
2014-03-21,13.17,13.5,12.89,13.46,1431518.0,18536800.0
2014-03-24,13.56,13.65,13.25,13.48,1003181.0,13250876.0
2014-03-25,13.39,13.63,13.37,13.46,831578.0,10983204.0
2014-03-26,13.46,13.7,13.46,13.67,879942.0,11706286.0
2014-03-27,13.63,13.63,13.08,13.17,896966.0,11731238.0
2014-03-28,12.97,13.31,12.46,12.76,1441429.0,17949084.0
2014-03-31,12.61,12.85,12.28,12.46,913158.0,11286032.0
2014-04-01,12.48,12.96,12.48,12.92,802859.0,10073607.0
2014-04-02,13.01,13.01,12.62,12.8,615551.0,7731532.0
2014-04-03,12.9,13.21,12.8,13.09,968857.0,12403697.0
2014-04-04,12.95,13.22,12.87,13.13,767002.0,9864723.0
2014-04-08,13.39,14.45,13.28,14.26,7210968.0,100715592.0
2014-04-09,13.88,14.78,13.68,14.65,7067668.0,97765752.0
2014-04-10,14.5,15.01,14.24,14.5,4884425.0,69758752.0
2014-04-11,14.45,14.8,14.3,14.55,3083114.0,44015080.0
2014-04-14,14.5,15.08,14.43,15.01,3544805.0,51548080.0
2014-04-15,14.82,15.03,14.35,14.51,2769724.0,39880228.0
2014-04-16,14.49,14.65,14.21,14.37,1723075.0,24354970.0
2014-04-17,14.41,14.61,14.29,14.32,1233132.0,17466516.0
2014-04-18,14.31,14.34,13.97,14.08,1409107.0,19413620.0
2014-04-21,13.76,13.94,13.32,13.34,1845089.0,24572964.0
2014-04-22,13.34,13.45,12.96,13.24,1263608.0,16270385.0
2014-04-23,13.25,13.46,13.15,13.38,668203.0,8700421.0
2014-04-24,13.36,13.36,12.74,12.82,808795.0,10365132.0
2014-04-25,12.81,12.98,12.46,12.88,998660.0,12432876.0
2014-04-28,12.89,13.48,12.62,13.32,1451548.0,18770430.0
2014-04-29,13.47,14.18,13.47,13.95,2711897.0,36893176.0
2014-04-30,13.74,14.14,13.61,13.84,1218690.0,16444215.0
2014-05-05,13.83,13.84,13.35,13.71,1160092.0,15447331.0
2014-05-06,13.69,15.08,13.68,15.08,6639758.0,96066920.0
2014-05-07,15.21,15.67,14.65,15.47,7395896.0,110003376.0
2014-05-08,15.31,15.4,14.81,14.91,3759217.0,55538208.0
2014-05-09,14.87,15.06,14.2,14.8,2931027.0,42005580.0
2014-05-12,15.11,15.11,14.49,14.98,3072999.0,44540416.0
2014-05-13,14.85,14.96,14.43,14.54,2614913.0,37388120.0
2014-05-14,14.45,14.84,14.31,14.66,2149604.0,30739808.0
2014-05-15,14.56,14.59,13.19,13.19,3519285.0,47443520.0
2014-05-16,13.03,13.04,12.66,12.67,3074225.0,38596732.0
2014-05-19,12.69,12.9,12.56,12.63,1683029.0,20975406.0
2014-05-20,12.66,12.96,12.66,12.86,1536783.0,19276352.0
2014-05-21,12.88,13.56,12.76,13.54,2735771.0,35440932.0
2014-05-22,13.56,13.56,13.36,13.37,1981055.0,26061230.0
2014-05-23,13.38,13.76,13.36,13.53,1669421.0,22138152.0
2014-05-26,13.5,13.67,13.4,13.64,1533305.0,20310202.0
2014-05-27,13.64,13.64,12.96,13.04,2536510.0,32822888.0
2014-05-28,13.04,13.36,12.86,13.31,1821035.0,23480234.0
2014-05-29,13.34,13.44,13.02,13.04,1451045.0,18777090.0
2014-05-30,13.04,13.14,12.71,12.91,1545590.0,19565628.0
2014-06-03,12.97,13.03,12.76,12.86,1010359.0,12780641.0
2014-06-04,12.85,12.95,12.57,12.86,1316961.0,16449020.0
2014-06-05,12.85,13.17,12.67,13.16,1419004.0,18059566.0
2014-06-06,13.16,13.16,12.77,12.97,1381655.0,17524668.0
2014-06-09,12.89,13.05,12.89,12.93,1041486.0,13230694.0
2014-06-10,12.87,13.14,12.87,13.1,1303001.0,16598262.0
2014-06-11,13.04,13.76,13.01,13.67,3904609.0,51803924.0
2014-06-12,13.58,13.64,13.42,13.56,1555086.0,20614808.0
2014-06-13,13.49,13.86,13.49,13.86,2665832.0,35662756.0
2014-06-16,13.83,14.8,13.78,14.53,5094044.0,71549512.0
2014-06-17,14.45,14.58,14.13,14.2,1950852.0,27293318.0
2014-06-18,14.15,14.22,13.74,13.75,1600820.0,21844796.0
2014-06-19,13.75,13.84,13.16,13.56,1797533.0,23733964.0
2014-06-20,13.53,14.21,13.45,14.19,1600971.0,21681202.0
2014-06-23,14.11,14.36,14.0,14.22,1482239.0,20592246.0
2014-06-24,14.19,14.83,14.17,14.5,2619770.0,37220512.0
2014-06-25,14.5,14.56,14.22,14.36,1296932.0,18205760.0
2014-06-26,14.29,14.74,14.29,14.55,2108257.0,30036284.0
2014-06-27,14.55,14.82,14.27,14.72,2470056.0,35238340.0
2014-06-30,14.64,14.79,14.51,14.61,1512482.0,21623564.0
2014-07-01,14.61,14.64,14.2,14.22,1900732.0,26674160.0
2014-07-02,14.15,14.39,14.09,14.36,1362487.0,19050240.0
2014-07-03,14.29,14.45,14.19,14.28,1341368.0,18792754.0
2014-07-04,14.29,14.64,14.2,14.62,2339256.0,33180018.0
2014-07-07,14.64,15.02,14.45,14.52,2303911.0,33242368.0
2014-07-08,14.5,14.79,14.14,14.71,1906035.0,26993768.0
2014-07-09,14.68,14.83,14.37,14.38,1650959.0,23642450.0
2014-07-10,14.43,14.54,14.07,14.09,1672641.0,23184042.0
2014-07-11,14.07,14.32,14.06,14.2,1106649.0,15373078.0
2014-07-14,14.22,14.36,14.17,14.34,1235452.0,17266922.0
2014-07-15,14.31,14.92,14.12,14.91,3969822.0,57148552.0
2014-07-16,14.92,15.03,14.53,14.65,1585158.0,22769290.0
2014-07-17,14.64,14.84,14.44,14.69,1506331.0,21614782.0
2014-07-18,14.69,14.8,14.23,14.27,1544230.0,21997468.0
2014-07-21,14.27,14.41,13.35,13.62,2366179.0,31783296.0
2014-07-22,13.64,13.82,13.5,13.73,774673.0,10375402.0
2014-07-23,13.71,13.73,13.35,13.45,902269.0,11984814.0
2014-07-24,13.39,13.59,13.2,13.5,796077.0,10424041.0
2014-07-25,13.53,13.7,13.44,13.7,586674.0,7777456.0
2014-07-28,13.71,13.9,13.7,13.86,1001979.0,13526755.0
2014-07-29,13.86,14.09,13.82,13.94,1073573.0,14616089.0
2014-07-30,13.84,13.95,13.77,13.9,886706.0,11997922.0
2014-07-31,13.9,13.93,13.72,13.93,1224073.0,16553538.0
2014-08-01,13.95,14.43,13.94,14.07,2277932.0,31609940.0
2014-08-04,14.16,14.51,14.07,14.37,1693233.0,23695008.0
2014-08-05,14.48,14.51,14.2,14.48,1378517.0,19371914.0
2014-08-06,14.47,14.5,14.23,14.36,1143393.0,16047170.0
2014-08-07,14.33,14.38,14.12,14.17,1315844.0,18365982.0
2014-08-08,14.15,14.34,14.09,14.28,925207.0,12863200.0
2014-08-11,14.3,14.57,14.3,14.5,1498601.0,21182780.0
2014-08-12,14.66,15.91,14.66,15.08,5213103.0,77785432.0
2014-08-13,15.08,15.44,14.74,15.34,3785521.0,56127100.0
2014-08-14,15.29,15.29,14.96,15.09,2512806.0,37201416.0
2014-08-15,14.98,15.5,14.84,15.44,3352816.0,50111912.0
2014-08-18,15.6,15.92,15.4,15.73,3937628.0,60239492.0
2014-08-19,15.71,15.73,14.16,15.38,3564269.0,53642604.0
2014-08-20,15.26,15.45,14.99,15.07,2483631.0,36777696.0
2014-08-21,15.05,15.35,14.88,15.32,1839771.0,27283082.0
2014-08-22,15.3,15.85,15.14,15.78,3980310.0,60562244.0
2014-08-25,15.68,15.68,15.39,15.41,2365725.0,35877956.0
2014-08-26,15.29,15.38,14.92,14.97,1790652.0,26408186.0
2014-08-27,14.97,15.86,14.9,15.53,2054137.0,30927150.0
2014-08-28,15.54,15.64,15.17,15.32,1227159.0,18498210.0
2014-08-29,15.4,15.49,15.13,15.47,1229677.0,18461328.0
2014-09-01,15.49,15.92,15.27,15.9,2877437.0,44026976.0
2014-09-02,16.04,16.32,15.88,16.06,3117446.0,48901040.0
2014-09-03,16.14,16.68,15.97,16.45,4778127.0,76671872.0
2014-09-04,16.42,17.77,16.27,16.81,4792868.0,79198480.0
2014-09-05,16.89,16.99,16.59,16.85,2012992.0,32982568.0
2014-09-09,16.87,16.88,16.58,16.73,1498281.0,24455718.0
2014-09-10,16.68,16.9,16.44,16.77,2104568.0,34250784.0
2014-09-11,16.71,17.17,16.45,16.51,2393315.0,39295500.0
2014-09-12,16.59,16.83,16.47,16.83,1463460.0,23857698.0
2014-09-15,16.93,17.14,16.71,17.06,1840606.0,30514824.0
2014-09-16,17.03,17.24,16.2,16.37,2056898.0,33864332.0
2014-09-17,16.2,16.54,16.13,16.35,1516047.0,24138912.0
2014-09-18,16.33,16.66,16.18,16.57,1181617.0,19090418.0
2014-09-19,16.59,16.7,16.28,16.6,1148320.0,18509664.0
2014-09-22,16.6,16.6,16.16,16.39,940797.0,14999244.0
2014-09-23,16.34,17.05,16.27,16.93,1866304.0,30501116.0
2014-09-24,16.78,18.28,16.71,17.29,2278450.0,38688776.0
2014-09-25,17.39,17.89,17.25,17.43,2893230.0,49842688.0
2014-09-26,17.73,18.3,17.54,17.88,2057657.0,35902784.0
2014-09-29,18.11,18.29,17.62,18.09,2653374.0,46419388.0
2014-09-30,18.09,18.82,17.92,18.41,2022051.0,36361100.0
2014-10-08,18.52,18.79,18.32,18.52,1336305.0,24213282.0
2014-10-09,18.45,18.67,17.8,18.02,1675902.0,29662388.0
2014-10-10,18.06,18.06,17.73,17.8,1089411.0,19052060.0
2014-10-13,17.87,18.01,17.36,17.8,1386686.0,23961356.0
2014-10-14,17.8,18.0,17.6,17.88,1454137.0,25335288.0
2014-10-15,17.89,17.89,17.49,17.85,1367977.0,23608768.0
2014-10-16,17.9,19.42,17.8,18.41,3760465.0,67403472.0
2014-10-17,18.27,18.31,17.49,17.79,1302817.0,22747064.0
2014-10-20,17.76,18.36,17.66,17.81,1552134.0,27138766.0
2014-10-21,17.8,17.94,17.62,17.78,732665.0,12760195.0
2014-10-22,17.68,17.89,17.18,17.2,1040213.0,17909398.0
2014-10-23,17.12,17.33,16.4,16.73,1172859.0,19188892.0
2014-10-24,16.56,17.09,16.56,16.74,686131.0,11230749.0
2014-10-27,16.61,17.0,16.47,16.89,662066.0,10873998.0
2014-10-28,16.93,17.49,16.88,17.47,1138404.0,19240042.0
2014-10-29,17.64,17.8,17.48,17.6,935338.0,16090920.0
2014-10-30,17.68,18.07,17.49,17.98,1870821.0,32508604.0
2014-10-31,17.9,17.98,17.57,17.9,1229911.0,21380662.0
2014-11-03,18.05,19.44,17.8,18.25,2845270.0,50719692.0
2014-11-04,18.27,18.27,17.64,17.66,1561490.0,27275172.0
2014-11-05,17.58,17.85,17.58,17.65,957223.0,16618157.0
2014-11-06,17.65,18.29,17.65,18.09,1684125.0,29384670.0
2014-11-07,18.08,18.36,17.72,17.91,1726928.0,30626352.0
2014-11-10,17.93,18.45,17.65,18.41,3397397.0,60312304.0
2014-11-11,18.41,18.41,17.6,17.66,2620162.0,46106828.0
2014-11-12,17.68,17.96,17.19,17.9,2103733.0,36231628.0
2014-11-13,17.9,17.9,17.2,17.36,897423.0,15269398.0
2014-11-14,17.35,17.59,17.06,17.22,885266.0,14931655.0
2014-11-17,17.14,17.77,17.09,17.68,1126790.0,19376866.0
2014-11-18,17.52,17.71,17.39,17.44,955966.0,16388306.0
2014-11-19,17.54,17.92,17.42,17.8,939697.0,16271473.0
2014-11-20,17.63,17.95,17.55,17.95,720707.0,12516990.0
2014-11-21,17.95,18.14,17.86,18.04,884903.0,15573276.0
2014-11-24,18.26,18.29,17.81,17.87,1073938.0,18873352.0
2014-11-25,17.95,18.04,17.72,18.01,1343839.0,23535098.0
2014-11-26,18.01,18.47,17.96,18.31,1411956.0,25064526.0
2014-11-27,18.31,18.38,17.9,18.19,1338050.0,23786102.0
2014-11-28,18.21,18.21,17.88,17.9,1076279.0,18935582.0
2014-12-01,17.91,17.91,16.97,17.29,2229794.0,37783692.0
2014-12-02,17.04,17.7,17.04,17.34,1685154.0,28627928.0
2014-12-03,17.29,18.28,16.88,18.24,2589088.0,44040392.0
2014-12-04,18.18,18.18,17.76,17.98,2485377.0,43633332.0
2014-12-05,17.96,17.96,16.93,17.13,1862234.0,31341600.0
2014-12-08,17.09,17.09,16.6,16.61,1960944.0,32075786.0
2014-12-09,16.61,16.61,15.38,15.5,2457896.0,38092940.0
2014-12-10,15.48,16.47,15.41,16.47,1519209.0,23756738.0
2014-12-11,16.32,17.14,15.93,16.46,1226862.0,19714078.0
2014-12-12,16.42,17.31,16.42,17.16,2265083.0,37466644.0
2014-12-15,17.18,17.39,16.93,17.23,966848.0,16225163.0
2014-12-16,17.14,17.23,16.88,16.9,616187.0,10254986.0
2014-12-17,17.04,17.14,16.27,16.45,940208.0,15246514.0
2014-12-18,16.5,16.55,16.06,16.1,723582.0,11481079.0
2014-12-19,16.1,16.2,15.41,15.88,1134448.0,17327264.0
2014-12-22,15.79,15.79,14.71,14.8,1113940.0,16443084.0
2014-12-23,14.82,15.3,14.82,15.04,572519.0,8453842.0
2014-12-24,15.09,15.53,15.09,15.5,477386.0,7165203.0
2014-12-25,15.52,15.7,15.52,15.61,456171.0,6959330.0
2014-12-26,15.61,15.71,15.04,15.14,1380336.0,20762884.0
2014-12-29,15.19,15.19,14.72,14.78,691470.0,10012211.0
2014-12-30,14.78,15.0,14.71,14.77,371471.0,5388734.0
2014-12-31,14.66,14.88,14.54,14.69,441914.0,6327935.0
2015-01-05,14.77,15.3,14.73,15.05,877490.0,12809763.0
2015-01-06,14.92,15.27,14.73,15.23,1010981.0,14915262.0
2015-01-07,15.23,15.3,15.0,15.19,654685.0,9673128.0
2015-01-08,15.2,15.57,15.06,15.14,741313.0,11091780.0
2015-01-09,15.15,15.42,14.88,15.14,766105.0,11416887.0
2015-01-12,15.13,15.63,14.94,15.2,675301.0,10055125.0
2015-01-13,15.09,15.65,13.68,15.63,1375753.0,20624806.0
2015-01-14,15.6,15.6,14.95,15.14,713818.0,10645421.0
2015-01-15,15.07,15.22,14.93,14.98,672455.0,9860099.0
2015-01-16,14.98,15.91,14.88,15.66,2106406.0,32093004.0
2015-01-19,15.43,15.96,15.09,15.4,897994.0,13723042.0
2015-01-20,15.31,16.62,15.31,16.32,2000811.0,31686064.0
2015-01-21,16.32,16.68,16.18,16.42,1468808.0,23716478.0
2015-01-22,16.47,16.68,16.25,16.66,817188.0,13223753.0
2015-01-23,16.68,16.73,16.25,16.25,729160.0,11728077.0
2015-01-26,16.3,16.56,16.3,16.52,385754.0,6203896.0
2015-01-27,16.66,16.66,16.17,16.39,617892.0,9923344.0
2015-01-28,16.44,17.03,16.2,16.99,2964248.0,48308668.0
2015-01-29,17.01,17.38,16.73,17.27,3015942.0,50499264.0
2015-01-30,17.4,17.88,17.29,17.39,3924070.0,67610280.0
2015-02-02,17.39,17.72,17.03,17.45,1776410.0,30200294.0
2015-02-03,17.52,17.98,17.52,17.78,1770493.0,30764182.0
2015-02-04,17.78,18.01,17.58,17.8,965919.0,16754261.0
2015-02-05,17.81,17.95,17.49,17.61,1359957.0,23530116.0
2015-02-06,17.61,17.83,17.55,17.62,1270284.0,21917696.0
2015-02-09,17.6,19.32,17.6,18.67,4271812.0,78192712.0
2015-02-10,18.67,19.91,18.67,19.86,4385609.0,83401080.0
2015-02-11,20.26,20.87,20.05,20.57,5329556.0,106781888.0
2015-02-12,20.54,20.68,20.06,20.1,3244062.0,64294600.0
2015-02-13,20.46,22.06,19.82,21.58,4285081.0,85874368.0
2015-02-16,21.36,21.76,20.97,21.71,2891469.0,60728084.0
2015-02-17,21.7,23.53,21.36,23.02,2343176.0,51351032.0
2015-02-25,23.0,23.02,21.89,21.89,1686317.0,36691856.0
2015-02-26,21.98,22.0,21.13,21.36,1969191.0,41287148.0
2015-02-27,21.48,21.91,21.26,21.48,1773999.0,37466684.0
2015-03-02,21.34,21.86,21.12,21.43,2111841.0,44324172.0
2015-03-03,21.38,23.22,20.87,22.11,3525067.0,75626056.0
2015-03-04,22.11,22.23,21.59,21.62,2078601.0,44260420.0
2015-03-05,21.67,22.02,21.09,21.95,2185017.0,46336496.0
2015-03-06,21.88,22.37,21.29,21.58,1391085.0,29752528.0
2015-03-09,21.12,22.1,20.46,21.2,1935211.0,39792080.0
2015-03-10,21.07,21.74,20.83,21.4,2310973.0,47683364.0
2015-03-11,21.15,21.46,20.98,21.05,1428829.0,29517584.0
2015-03-12,21.05,21.86,20.97,21.65,2339727.0,49023408.0
2015-03-13,21.69,22.2,21.69,22.05,1559806.0,33459796.0
2015-03-16,22.06,23.0,22.05,22.86,1879566.0,41605920.0
2015-03-17,22.97,24.04,22.71,23.33,2109412.0,48149508.0
2015-03-18,23.02,23.12,22.71,23.11,1839903.0,41161904.0
2015-03-19,23.16,23.59,22.35,22.51,2497508.0,55861824.0
2015-03-20,22.71,22.98,22.0,22.7,4379762.0,96190680.0
2015-03-23,22.61,23.29,22.2,23.29,4642619.0,102608880.0
2015-03-24,23.13,25.13,22.67,24.69,4997844.0,117123752.0
2015-03-25,24.69,26.6,24.04,25.98,4196708.0,104591856.0
2015-03-26,25.68,25.95,24.93,25.18,3789492.0,93662456.0
2015-03-27,24.96,24.96,23.9,24.35,2370308.0,56467404.0
2015-03-30,24.05,24.86,24.05,24.38,1644462.0,39370160.0
2015-03-31,24.25,24.25,23.19,23.79,4297089.0,98836536.0
2015-04-01,23.2,24.55,23.17,24.03,2308014.0,53957704.0
2015-04-02,24.03,24.7,23.87,24.35,2512360.0,59553276.0
2015-04-03,24.12,26.09,23.99,25.41,3571284.0,87724976.0
2015-04-07,25.42,26.37,24.98,25.55,3835779.0,95910776.0
2015-04-08,25.68,27.26,23.99,27.26,5834813.0,147339872.0
2015-04-09,27.21,30.0,26.72,29.67,7055884.0,195262960.0
2015-04-10,29.07,30.57,28.83,29.31,4237649.0,122798496.0
2015-04-13,29.26,29.85,28.35,29.24,2883077.0,81817120.0
2015-04-14,29.24,29.24,27.26,27.57,3389636.0,92672424.0
2015-04-15,27.62,27.62,25.42,25.59,2955823.0,75777104.0
2015-04-16,24.96,27.83,24.76,27.5,2981469.0,78212200.0
2015-04-17,28.18,28.44,26.35,27.22,2106848.0,56553632.0
2015-04-20,26.91,27.73,25.74,26.04,2072711.0,54309784.0
2015-04-21,25.91,28.08,25.91,27.96,2672521.0,71551000.0
2015-04-22,27.96,29.55,27.96,28.95,2873124.0,81009336.0
2015-04-23,28.91,30.86,28.15,30.49,3911403.0,112606696.0
2015-04-24,29.67,33.54,29.26,33.54,3447131.0,107497584.0
2015-04-27,34.48,36.42,32.24,32.8,3850468.0,127702792.0
2015-04-28,32.79,35.76,31.71,35.73,4876665.0,164122064.0
2015-04-29,35.2,38.74,35.07,36.32,3695994.0,132836448.0
2015-04-30,35.81,37.78,34.27,36.83,2695359.0,95594520.0
2015-05-04,36.63,36.83,33.15,34.19,3462397.0,117357120.0
2015-05-05,34.03,34.17,31.71,31.73,2234545.0,72256456.0
2015-05-06,32.31,33.19,31.08,32.36,1758592.0,55484876.0
2015-05-07,31.83,32.36,30.8,30.89,1441642.0,44431080.0
2015-05-08,31.59,33.35,30.91,33.32,1624478.0,50520652.0
2015-05-11,33.36,34.87,33.36,34.67,2978778.0,99360240.0
2015-05-12,34.58,35.59,33.37,34.68,2888740.0,96900560.0
2015-05-13,34.69,34.78,33.55,34.32,2719911.0,90339912.0
2015-05-14,34.2,34.47,33.45,34.33,2296330.0,76506008.0
2015-05-15,34.08,34.32,33.25,33.76,1859811.0,61289208.0
2015-05-18,33.65,37.14,32.84,37.14,4433309.0,152302624.0
2015-05-19,37.75,40.62,36.5,38.75,3270544.0,123893056.0
2015-05-20,38.96,42.43,37.2,40.68,5085895.0,196283760.0
2015-05-21,39.78,41.78,38.87,40.91,5002593.0,197502368.0
2015-05-22,40.92,41.08,38.84,39.27,3145664.0,122155112.0
2015-05-25,39.16,39.23,37.75,39.23,4830092.0,181701296.0
2015-05-26,39.64,40.52,38.93,39.63,3540352.0,137188864.0
2015-05-27,39.55,39.88,37.85,38.45,3759261.0,142233120.0
2015-05-28,38.88,40.31,37.19,37.19,3686566.0,139179920.0
2015-05-29,36.86,38.46,34.13,37.41,2938215.0,106971256.0
2015-06-01,36.97,39.92,36.86,39.14,4006485.0,151979904.0
2015-06-02,39.37,43.05,37.17,43.05,10765099.0,419262688.0
2015-06-03,43.03,46.67,40.34,45.78,12219195.0,521354496.0
2015-06-04,43.96,45.06,41.2,42.15,8198802.0,338271456.0
2015-06-05,42.86,43.15,39.93,41.29,6085898.0,247585968.0
2015-06-08,41.47,41.47,38.91,40.48,3414046.0,133262472.0
2015-06-09,40.35,41.98,39.48,41.25,3627573.0,145469648.0
2015-06-16,40.95,45.04,37.76,42.49,6321685.0,265543040.0
2015-06-17,43.91,44.5,38.31,43.4,5389402.0,223845680.0
2015-06-18,42.83,47.67,40.97,45.54,7440083.0,330749344.0
2015-06-19,44.15,45.56,40.99,40.99,3835530.0,161187520.0
2015-06-23,41.0,41.99,36.89,41.28,4031551.0,152753264.0
2015-06-24,41.35,45.41,40.95,45.41,5944136.0,251891296.0
2015-06-25,46.16,49.45,40.87,44.3,7957918.0,359753184.0
2015-06-26,41.26,44.03,39.87,39.87,4649325.0,188093520.0
2015-06-29,40.24,41.75,35.89,35.89,6224612.0,233277552.0
2015-06-30,33.79,39.42,32.3,38.97,5677766.0,202462160.0
2015-07-01,38.78,41.86,35.84,36.83,3318682.0,128758528.0
2015-07-02,37.6,37.88,33.14,33.14,5680128.0,185990448.0
2015-07-03,30.2,31.74,29.83,29.83,3343800.0,97628360.0
2015-07-06,31.87,32.05,26.85,26.85,2939709.0,81731368.0
2015-07-07,24.16,24.16,24.16,24.16,144500.0,3410200.0
2015-07-15,26.58,26.58,26.58,26.58,1172013.0,30425458.0
2015-07-16,23.92,27.23,23.92,24.58,8188459.0,199799136.0
2015-07-17,24.68,27.04,24.06,27.04,6212732.0,159351472.0
2015-07-20,27.08,29.74,25.7,29.74,9049815.0,252979904.0
2015-07-21,29.69,32.72,29.44,32.72,4699585.0,145417776.0
2015-07-22,33.48,34.09,30.92,32.76,5231776.0,167062368.0
2015-07-23,31.74,36.04,31.38,35.02,3902692.0,127487680.0
2015-07-24,34.81,36.71,34.17,34.99,4122084.0,142857264.0
2015-07-27,33.8,35.4,31.48,31.48,3462660.0,112484520.0
2015-07-28,28.34,32.15,28.34,28.34,5681560.0,160361856.0
2015-07-29,28.36,30.71,26.11,30.26,4945040.0,135016240.0
2015-07-30,29.57,32.24,28.11,28.11,3023902.0,87876192.0
2015-07-31,28.36,28.93,26.11,27.33,1677992.0,45277000.0
2015-08-03,27.23,27.5,24.59,24.88,2879451.0,71078952.0
2015-08-04,25.5,26.42,24.59,26.11,3649282.0,91519264.0
2015-08-05,25.8,27.43,25.66,26.83,3528551.0,91613360.0
2015-08-06,26.57,28.03,24.57,26.93,2348655.0,61286408.0
2015-08-07,26.69,27.95,26.69,27.95,3079902.0,82281344.0
2015-08-10,27.96,30.29,27.67,29.85,3337316.0,95791608.0
2015-08-11,29.2,30.74,28.18,29.85,4055229.0,116884976.0
2015-08-17,31.23,31.62,29.39,29.86,3738459.0,110963856.0
2015-08-18,29.69,30.2,26.87,26.87,4158935.0,113101472.0
2015-08-19,25.9,27.4,24.18,27.12,4083367.0,103488608.0
2015-08-20,26.8,26.8,24.57,25.09,3540211.0,89775040.0
2015-08-21,24.57,27.59,23.0,27.59,9300547.0,237283712.0
2015-08-24,26.11,26.19,24.84,24.84,2216691.0,54486664.0
2015-08-25,22.35,23.36,22.35,22.35,2678384.0,58640048.0
2015-08-26,20.12,23.55,20.12,20.28,6358327.0,130369504.0
2015-08-27,21.07,22.31,20.17,21.36,5546939.0,116661064.0
2015-08-28,22.01,22.79,20.77,22.39,5460354.0,114822936.0
2015-08-31,21.5,22.11,20.68,20.73,3135203.0,65683560.0
2015-09-01,20.27,21.23,18.67,18.67,3971803.0,75034360.0
2015-09-02,17.23,18.53,16.8,16.8,3398310.0,56667236.0
2015-09-07,16.89,17.77,16.45,16.71,2676963.0,44590232.0
2015-09-08,16.53,18.37,16.46,18.07,2651482.0,44716004.0
2015-09-09,18.4,19.88,18.4,19.88,5532244.0,104732208.0
2015-09-10,19.58,21.49,19.57,21.26,4889211.0,98662912.0
2015-09-11,20.87,21.99,19.87,21.5,3513842.0,72410480.0
2015-09-14,21.38,21.47,19.35,19.35,2526301.0,49856552.0
2015-09-15,17.82,18.9,17.42,17.42,4798633.0,83153616.0
2015-09-16,17.0,19.16,16.87,18.94,4846002.0,84162848.0
2015-09-17,18.44,19.03,17.3,17.32,4921416.0,88344552.0
2015-09-18,17.33,18.37,17.0,17.82,3054533.0,52817872.0
2015-09-21,17.41,19.44,17.21,19.27,3037240.0,54580096.0
2015-09-22,19.28,21.2,19.28,21.2,8854565.0,181619632.0
2015-09-23,20.48,21.56,19.97,20.59,3891370.0,79172784.0
2015-09-24,20.49,22.11,20.32,21.61,3116667.0,64942264.0
2015-09-25,21.61,21.64,19.97,21.17,3045670.0,61903580.0
2015-09-28,21.14,22.11,20.48,21.81,1855082.0,38797708.0
2015-09-29,21.5,22.73,20.79,21.01,1506900.0,31966444.0
2015-09-30,20.89,23.11,20.89,23.11,3534640.0,79252592.0
2015-10-08,23.86,24.98,23.86,24.57,4878341.0,115700488.0
2015-10-09,24.27,24.72,23.61,24.14,2315298.0,54463964.0
2015-10-12,24.14,25.41,23.73,24.8,3114087.0,75026864.0
2015-10-13,24.94,24.94,23.87,24.53,2292969.0,54531860.0
2015-10-14,24.38,26.49,24.38,26.16,3774293.0,94094264.0
2015-10-15,25.59,28.16,24.82,27.64,3438643.0,90459856.0
2015-10-16,27.33,28.98,27.13,28.86,3535812.0,98066832.0
2015-10-19,28.85,29.43,27.64,27.85,3268996.0,91397656.0
2015-10-20,27.57,28.87,27.04,28.57,1533387.0,41704124.0
2015-10-21,28.57,29.69,25.71,26.44,2210687.0,60526464.0
2015-10-22,26.22,29.08,26.22,28.95,2217705.0,60809056.0
2015-10-23,28.68,30.0,28.02,29.28,2237616.0,63404588.0
2015-10-26,27.44,29.39,27.44,28.84,2052785.0,57686556.0
2015-10-27,28.73,30.0,26.62,29.4,1806094.0,49466028.0
2015-10-28,28.87,30.92,28.5,28.62,2386554.0,69348008.0
2015-10-29,28.7,29.99,27.64,29.05,1963121.0,55792268.0
2015-10-30,29.03,30.21,27.85,29.89,2814371.0,80183800.0
2015-11-02,28.85,32.25,28.67,31.2,3276728.0,97504968.0
2015-11-03,31.19,31.76,30.49,30.92,1775621.0,53942252.0
2015-11-04,30.92,34.01,30.91,34.0,2913443.0,92193720.0
2015-11-05,33.78,34.54,32.46,32.82,1819497.0,59347148.0
2015-11-06,32.46,36.1,32.46,34.53,2639376.0,89677824.0
2015-11-09,34.56,37.98,34.56,37.98,4665376.0,169684992.0
2015-11-10,37.98,40.33,36.86,39.6,4889196.0,184537888.0
2015-11-11,39.11,40.27,37.53,38.49,2233327.0,84348976.0
2015-11-12,38.57,38.7,35.1,36.45,4957047.0,176134624.0
2015-11-13,35.93,36.41,33.79,35.59,2990273.0,102309672.0
2015-11-16,34.81,39.15,34.31,39.15,4374027.0,159331648.0
2015-11-17,39.51,41.98,39.22,40.6,3998073.0,158789792.0
2015-11-18,40.09,41.09,37.88,37.94,2277008.0,87077048.0
2015-11-19,37.47,39.39,36.42,39.01,2499045.0,91346256.0
2015-11-20,38.7,39.22,37.4,38.25,2245144.0,84032928.0
2015-11-23,38.0,38.38,36.66,37.68,2681162.0,97377520.0
2015-11-24,37.37,37.62,35.53,36.5,2679998.0,94643176.0
2015-11-25,36.86,40.16,36.62,40.16,3511973.0,133841376.0
2015-11-26,40.16,43.97,39.47,41.16,3827734.0,155961552.0
2015-11-27,40.42,41.98,38.1,39.95,4065895.0,161628368.0
2015-11-30,38.6,43.95,38.6,43.95,5910702.0,243059200.0
2015-12-01,44.01,45.04,40.96,42.65,3252274.0,136108304.0
2015-12-02,42.17,42.32,38.7,40.46,2293696.0,91205064.0
2015-12-03,40.96,42.15,40.09,40.96,1948285.0,77703024.0
2015-12-04,40.44,42.16,39.98,40.67,1358669.0,54616180.0
2015-12-07,40.67,42.15,39.95,40.66,2026250.0,80600928.0
2015-12-08,40.75,41.82,39.6,41.57,1897706.0,75873016.0
2015-12-09,42.29,43.97,41.29,41.98,2291222.0,95683944.0
2015-12-10,40.95,44.74,40.24,43.78,1809524.0,75460584.0
2015-12-11,43.52,46.02,42.9,45.2,1724894.0,75752120.0
2015-12-14,44.18,45.26,42.29,42.48,1651137.0,69545016.0
2015-12-15,42.7,46.73,42.54,46.67,1990515.0,87829504.0
2015-12-16,46.28,47.29,46.08,46.59,1130923.0,51497040.0
2015-12-17,47.39,48.12,46.18,47.1,1438401.0,66119952.0
2015-12-18,46.59,47.71,44.04,46.48,1382919.0,62138472.0
2015-12-21,46.1,47.41,45.2,46.64,880658.0,39981444.0
2015-12-22,46.67,47.1,46.09,46.68,545681.0,24826682.0
2015-12-23,46.67,47.71,45.43,46.98,1206823.0,54903080.0
2015-12-24,46.59,46.69,45.12,46.45,1096683.0,49201064.0
2015-12-25,45.95,46.44,44.34,45.05,1070701.0,47457308.0
2015-12-28,45.05,45.85,40.55,43.48,3104707.0,131029008.0
2015-12-29,42.44,43.48,39.12,41.47,3886871.0,154326432.0
2015-12-30,40.75,43.21,40.12,40.85,2947214.0,118099488.0
2015-12-31,40.96,42.65,40.85,41.71,2444450.0,99895632.0
2016-01-04,41.72,42.4,37.55,37.55,1257550.0,47371204.0
2016-01-05,33.79,37.06,33.79,33.79,3725898.0,126152288.0
2016-01-06,34.11,37.17,31.86,37.17,4560044.0,152212752.0
2016-01-07,35.73,35.73,33.45,33.47,774100.0,26378378.0
2016-01-08,34.29,36.49,31.74,35.43,2616907.0,88611424.0
2016-01-11,34.61,34.68,31.88,31.88,2070155.0,65901776.0
2016-01-12,31.07,32.85,28.71,29.82,2472873.0,74137336.0
2016-01-13,30.2,30.87,27.13,28.65,1879577.0,53610264.0
2016-01-14,27.64,29.69,27.14,29.26,2224455.0,62381344.0
2016-01-15,29.28,31.05,28.72,29.98,1708928.0,50442384.0
2016-01-18,29.58,31.74,27.64,30.53,1664702.0,49343220.0
2016-01-19,30.85,32.75,30.09,32.35,1970116.0,61317528.0
2016-01-20,32.35,34.1,31.98,33.26,1843640.0,60126176.0
2016-01-21,33.17,33.76,31.7,31.7,1356989.0,43447964.0
2016-01-22,32.05,33.07,31.05,32.86,1101399.0,34726872.0
2016-01-25,33.58,33.58,32.55,33.43,764701.0,24825056.0
2016-01-26,33.38,33.58,30.09,30.09,1146102.0,36011972.0
2016-05-17,32.97,33.1,29.8,31.19,14436265.0,451013628.0
2016-05-18,30.92,30.92,28.07,28.07,7280104.0,202192750.0
2016-05-19,27.64,29.25,27.15,28.13,4626824.0,129175149.0
2016-05-20,27.94,29.28,27.24,28.89,2961771.0,83144121.0
2016-05-23,28.67,29.48,28.67,29.31,2069446.0,59030547.0
2016-05-24,29.41,29.8,27.64,28.62,2955751.0,82913177.0
2016-05-25,28.67,29.34,28.46,29.05,2348183.0,66307054.0
2016-05-26,28.98,29.23,27.75,29.13,2675911.0,74922846.0
2016-05-27,29.22,29.55,28.21,28.26,1990581.0,55751868.0
2016-05-30,27.98,28.64,27.35,28.01,1775868.0,48369349.0
2016-05-31,28.28,29.49,28.13,29.43,2484005.0,70331439.0
2016-06-01,29.72,32.32,29.68,31.43,4299703.0,131977629.0
2016-06-02,31.46,32.25,31.02,31.14,2666442.0,82346873.0
2016-06-03,31.17,34.25,31.15,34.25,5099876.0,164845261.0
2016-06-06,33.89,37.68,33.8,36.86,7450089.0,266291443.0
2016-06-07,37.35,37.48,34.98,37.1,5591592.0,197268499.0
2016-06-08,36.52,36.55,35.53,35.77,3026942.0,106146970.0
2016-06-13,34.91,36.49,32.46,32.46,3701168.0,125815525.0
2016-06-14,32.77,33.36,31.55,33.03,2519012.0,80548692.0
2016-06-15,33.05,36.34,32.49,35.54,3238677.0,109868975.0
2016-06-16,35.75,37.02,34.25,34.74,4630417.0,160277211.0
2016-06-17,35.03,36.86,34.16,36.25,3788529.0,130337978.0
2016-06-20,36.22,36.27,34.71,35.21,2396736.0,82793826.0
2016-06-21,35.51,35.63,32.77,33.09,3090321.0,102991414.0
2016-06-22,33.1,34.13,31.74,34.0,2342084.0,75550601.0
2016-06-23,33.79,34.81,33.16,33.82,2129467.0,70414337.0
2016-06-24,33.89,34.81,31.74,34.61,2861047.0,94120979.0
2016-06-27,34.58,35.32,34.3,34.83,2828973.0,96187218.0
2016-06-28,34.61,37.64,33.79,37.63,6306002.0,221476738.0
2016-06-29,37.58,38.73,36.86,37.7,8302623.0,306617041.0
2016-06-30,37.14,37.58,36.66,36.68,2850946.0,103153828.0
2016-07-01,36.45,37.88,35.94,37.37,3167571.0,114336698.0
2016-07-04,36.58,37.87,36.54,37.51,2961765.0,108182343.0
2016-07-05,37.05,38.12,36.36,37.67,4001756.0,145220995.0
2016-07-06,37.39,39.49,37.08,37.94,3561653.0,132664238.0
2016-07-07,37.94,38.12,36.89,37.06,2159452.0,78577152.0
2016-07-08,36.77,37.03,35.77,36.02,2946124.0,104124158.0
2016-07-11,36.03,36.33,35.12,35.9,2896905.0,101025769.0
2016-07-12,35.87,36.05,35.12,35.56,2114682.0,73362128.0
2016-07-13,35.87,36.38,35.56,35.72,2189521.0,76845380.0
2016-07-14,35.66,36.2,35.42,36.07,1477802.0,51683626.0
2016-07-15,36.32,36.32,35.59,35.66,1005244.0,35140384.0
2016-07-18,35.66,35.83,35.25,35.25,1088271.0,37780998.0
2016-07-19,35.2,38.1,33.57,37.94,6340969.0,221560129.0
2016-07-20,37.18,39.35,37.04,37.71,8690319.0,321665257.0
2016-07-21,37.13,37.91,36.89,37.35,3532285.0,128833712.0
2016-07-22,37.37,37.86,35.87,36.12,2084014.0,74558968.0
2016-07-25,36.3,36.67,35.33,35.73,2004307.0,69919340.0
2016-07-26,35.73,36.67,35.47,36.28,2431928.0,85086040.0
2016-07-27,36.28,37.4,34.84,36.82,4533097.0,161674047.0
2016-07-28,36.86,40.5,36.47,37.83,6505393.0,240087978.0
2016-07-29,37.26,37.94,35.87,36.07,2701556.0,97986662.0
2016-08-01,35.16,35.45,32.46,34.08,4823332.0,159507057.0
2016-08-02,33.82,34.08,33.24,33.73,2261066.0,73955895.0
2016-08-03,33.61,33.61,32.81,33.25,1915248.0,61970100.0
2016-08-04,33.25,33.81,32.9,33.48,1263334.0,41251307.0
2016-08-05,33.41,33.5,32.82,32.83,855388.0,27672433.0
2016-08-08,32.83,33.27,32.07,33.2,1302846.0,41617835.0
2016-08-09,33.2,33.68,32.81,33.39,1321114.0,42834126.0
2016-08-10,33.41,33.77,33.1,33.51,1267694.0,41380909.0
2016-08-11,33.31,34.94,33.0,34.08,1778243.0,58769722.0
2016-08-12,33.99,34.32,33.47,33.71,1236220.0,40768097.0
2016-08-15,33.71,34.41,33.49,34.07,1476138.0,49086932.0
2016-08-16,34.05,35.04,34.05,34.54,1936010.0,65518194.0
2016-08-17,34.84,35.24,34.43,35.13,1489488.0,50795547.0
2016-08-18,35.12,35.25,34.75,34.88,1785165.0,61112241.0
2016-08-19,34.9,35.34,34.67,34.72,1630074.0,55592390.0
2016-08-22,34.65,35.86,34.41,35.45,1650158.0,56509655.0
2016-08-23,35.32,36.09,34.72,35.09,1051752.0,36403643.0
2016-08-24,35.15,35.41,34.64,34.72,661111.0,22488529.0
2016-08-25,35.04,35.04,33.8,34.05,1179312.0,39264497.0
2016-08-26,34.02,34.43,33.84,34.12,521131.0,17375036.0
2016-08-29,34.25,34.43,31.77,32.76,1937589.0,62758756.0
2016-08-30,32.27,33.68,31.97,33.03,1191642.0,38371133.0
2016-08-31,33.18,33.61,32.79,33.23,847075.0,27493095.0
2016-09-01,33.37,34.81,29.93,34.47,2951997.0,96913854.0
2016-09-02,34.28,35.42,33.45,33.88,2616580.0,87842726.0
2016-09-05,33.92,33.92,32.89,32.98,1423731.0,46235449.0
2016-09-06,32.99,33.28,32.19,33.03,1493660.0,47743593.0
2016-09-07,32.89,33.58,32.89,33.2,1067928.0,34711650.0
2016-09-08,33.19,34.86,33.15,34.52,2615588.0,87789147.0
2016-09-09,34.52,34.75,33.81,33.83,999564.0,33264169.0
2016-09-12,33.27,33.39,31.77,31.77,1715566.0,54151380.0
2016-09-13,31.87,32.78,30.74,32.3,1673217.0,51579467.0
2016-09-14,31.97,33.41,31.52,32.34,1548223.0,49146781.0
2016-09-19,32.34,33.69,31.85,32.91,1314960.0,42334357.0
2016-09-20,32.89,33.54,32.67,32.92,791327.0,25509159.0
2016-09-21,33.19,33.51,31.27,32.8,1162094.0,37477063.0
2016-09-22,32.96,33.24,32.66,32.71,739148.0,23740246.0
2016-09-23,32.78,33.06,31.73,32.67,1737450.0,54696762.0
2016-09-26,32.33,32.78,31.79,32.14,1069444.0,33788410.0
2016-09-27,32.17,32.28,31.74,32.14,679644.0,21295738.0
2016-09-28,32.31,33.5,32.16,33.3,2424018.0,77975003.0
2016-09-29,33.25,35.58,32.74,33.3,3418750.0,113581647.0
2016-09-30,34.02,34.16,32.48,32.88,2506321.0,80117605.0
2016-10-10,32.69,33.23,32.6,33.15,1352743.0,43498086.0
2016-10-11,33.25,33.92,32.96,33.68,1795109.0,58660117.0
2016-10-12,33.44,34.65,33.34,33.86,1785310.0,59449529.0
2016-10-13,33.73,34.46,33.73,34.28,1347905.0,45029889.0
2016-10-14,34.42,35.16,34.12,34.8,1685372.0,57181919.0
2016-10-17,34.8,36.37,34.6,35.64,3740678.0,130986436.0
2016-10-18,35.48,36.06,35.16,35.64,2256741.0,78539861.0
2016-10-19,36.07,37.4,34.84,35.88,4087466.0,145234784.0
2016-10-20,36.05,37.57,35.87,36.49,5368367.0,192828319.0
2016-10-21,36.12,36.57,35.47,36.23,2535027.0,89132170.0
2016-10-24,36.28,38.81,36.28,38.2,4769495.0,175624120.0
2016-10-25,38.22,38.46,37.57,37.91,2167169.0,80514768.0
2016-10-26,37.91,38.48,37.4,37.86,1846287.0,68307239.0
2016-10-27,37.91,37.91,36.55,37.26,1533983.0,55586784.0
2016-10-28,36.9,38.02,36.89,37.8,1842412.0,67616197.0
2016-10-31,37.68,37.71,36.13,36.32,1401115.0,50373704.0
2016-11-01,36.17,38.92,35.95,38.03,1929366.0,69648836.0
2016-11-02,37.71,38.73,37.36,37.71,2482648.0,92106004.0
2016-11-03,37.61,39.29,37.0,38.22,2524388.0,93906324.0
2016-11-04,38.14,39.84,38.03,39.5,2674526.0,102027481.0
2016-11-07,39.61,42.02,38.94,40.0,2848252.0,112848810.0
2016-11-08,40.3,41.04,39.48,39.76,2118333.0,83352971.0
2016-11-09,39.92,40.48,37.88,39.97,1825018.0,70240391.0
2016-11-10,40.36,42.7,39.04,41.12,2825094.0,112121792.0
2016-11-11,41.11,42.01,40.64,41.39,1575223.0,63651123.0
2016-11-14,41.4,42.53,39.97,41.3,3227947.0,129956487.0
2016-11-15,40.77,42.52,40.58,42.0,2224003.0,90354678.0
2016-11-16,41.71,42.63,41.6,42.08,2088960.0,85899831.0
2016-11-24,42.96,42.96,38.94,42.14,4148952.0,165249214.0
2016-11-25,41.3,43.07,40.0,42.63,2872613.0,116910060.0
2016-11-28,42.12,43.04,41.31,42.03,1731515.0,71191125.0
2016-11-29,42.16,42.16,40.48,40.53,1782233.0,71238801.0
2016-11-30,39.97,41.34,37.91,38.02,3196600.0,123767208.0
2016-12-01,37.8,40.33,37.77,40.19,2340295.0,90210503.0
2016-12-02,40.17,41.39,37.91,38.9,3553413.0,135768864.0
2016-12-05,38.44,39.97,37.91,38.12,1538431.0,58397018.0
2016-12-06,38.53,40.15,38.14,39.76,1844438.0,71201349.0
2016-12-07,40.15,40.42,39.0,39.77,910663.0,35306657.0
2016-12-08,39.78,40.3,39.56,39.84,1236453.0,48317439.0
2016-12-09,39.84,43.07,39.2,42.18,2226872.0,90689891.0
2016-12-12,41.79,42.47,37.96,37.96,2063604.0,81406981.0
2016-12-13,38.14,39.45,36.9,38.33,1410474.0,52944190.0
2016-12-14,38.92,38.92,36.87,36.94,2670408.0,96830719.0
2016-12-15,36.38,37.79,36.08,37.02,1367161.0,49234663.0
2016-12-16,37.03,37.41,36.71,37.4,1410963.0,51094754.0
2016-12-19,37.4,37.71,36.8,37.31,1205020.0,43709500.0
2016-12-20,37.08,37.4,36.56,37.35,954344.0,34484764.0
2016-12-21,37.29,37.69,36.97,37.57,868402.0,31620737.0
2016-12-22,37.51,37.58,37.2,37.51,591981.0,21619022.0
2016-12-23,37.48,39.94,37.4,39.06,1382645.0,51760600.0
2016-12-26,38.94,40.16,37.93,39.51,1215323.0,46547134.0
2016-12-27,39.55,39.65,38.97,38.97,837185.0,32073498.0
2016-12-28,38.97,39.55,38.3,38.68,802100.0,30386210.0
2016-12-29,38.38,40.17,38.38,40.07,1282723.0,49558537.0
2016-12-30,40.04,40.78,39.45,40.47,1083756.0,42477398.0
2017-01-03,40.38,40.42,39.5,39.5,990139.0,38571236.0
2017-01-04,39.33,39.94,38.94,39.89,560265.0,21671901.0
2017-01-05,39.97,40.16,39.33,39.82,487373.0,18908658.0
2017-01-06,39.99,40.32,38.99,39.55,541365.0,20940980.0
2017-01-09,39.34,40.43,38.61,39.98,861377.0,33274123.0
2017-01-10,39.84,41.19,39.72,40.94,1171592.0,46244751.0
2017-01-11,40.69,42.11,40.25,41.09,1393354.0,56200873.0
2017-01-12,41.19,41.8,40.97,40.97,779934.0,31546211.0
2017-01-13,40.92,42.1,40.36,40.88,866300.0,34787849.0
2017-01-16,40.48,41.6,38.43,40.44,1426236.0,56320296.0
2017-01-17,39.97,40.42,38.53,40.06,1521754.0,58239619.0
2017-01-18,39.45,40.06,39.01,39.61,586107.0,22693896.0
2017-01-19,39.36,39.75,38.63,39.25,868539.0,33219851.0
2017-01-20,39.25,40.88,39.06,40.67,719366.0,28331987.0
2017-01-23,40.98,41.42,40.67,41.4,592494.0,23766129.0
2017-01-24,41.4,41.4,40.66,41.1,346603.0,13828159.0
2017-01-25,41.02,41.81,40.32,40.49,531678.0,21232018.0
2017-01-26,40.33,40.7,39.98,40.5,314858.0,12409103.0
2017-02-03,40.16,41.42,40.16,41.35,547666.0,21936933.0
2017-02-06,41.19,42.1,41.19,41.91,844613.0,34470209.0
2017-02-07,41.91,42.31,41.19,41.5,678158.0,27620347.0
2017-02-08,41.78,45.65,41.41,45.09,2282967.0,97649886.0
2017-02-09,45.11,46.6,44.37,44.76,1850819.0,81510706.0
2017-02-10,44.6,46.11,43.67,45.59,1513408.0,66220746.0
2017-02-13,45.55,45.97,44.27,44.37,1148592.0,50333351.0
2017-02-14,44.37,44.59,42.96,43.64,1050170.0,44523342.0
2017-02-15,43.45,48.01,43.13,44.06,2438458.0,106796875.0
2017-02-16,44.58,44.58,43.04,43.26,1152756.0,49194192.0
2017-02-17,42.97,43.55,42.12,42.23,1033961.0,42982814.0
2017-02-20,41.91,42.81,39.46,41.09,1957039.0,78306309.0
2017-02-21,40.78,40.91,38.84,40.43,1629818.0,63617713.0
2017-02-22,39.97,42.03,39.45,40.61,2416315.0,96043414.0
2017-02-23,40.22,42.01,40.2,40.68,1214148.0,48405893.0
2017-02-24,40.58,40.77,40.2,40.35,601298.0,23716021.0
2017-02-27,40.47,41.19,40.38,40.66,678720.0,27018123.0
2017-02-28,40.93,41.13,39.74,39.78,865745.0,33908130.0
2017-03-01,39.25,40.27,39.25,39.85,903336.0,35064773.0
2017-03-02,39.85,40.05,39.34,39.34,533353.0,20609278.0
2017-03-03,39.04,39.76,38.45,39.73,757675.0,28928254.0
2017-03-06,39.91,40.22,38.88,39.18,1064939.0,40896865.0
2017-03-07,39.25,40.96,39.24,40.96,1478001.0,57995827.0
2017-03-08,40.99,41.41,39.94,40.29,1106073.0,43838689.0
2017-03-09,40.07,40.36,38.94,39.97,591787.0,22939908.0
2017-03-10,39.8,40.05,39.46,39.72,513681.0,19890124.0
2017-03-13,39.59,39.94,39.45,39.53,660252.0,25506358.0
2017-03-14,39.53,40.48,39.35,39.51,665213.0,25763116.0
2017-03-15,39.51,40.27,39.51,39.88,935642.0,36436494.0
2017-03-16,39.64,41.81,39.64,41.11,1517261.0,60520500.0
2017-03-17,41.09,41.09,39.45,39.58,2162925.0,84558504.0
2017-03-20,39.45,39.66,39.09,39.43,668249.0,25655388.0
2017-03-21,39.48,39.71,39.25,39.43,711717.0,27430110.0
2017-03-22,39.25,39.64,38.92,39.31,616094.0,23596261.0
2017-03-23,39.29,39.45,38.8,38.95,675681.0,25708091.0
2017-03-24,38.95,39.28,37.91,39.03,686833.0,25993613.0
2017-03-27,38.95,39.11,38.07,38.33,677726.0,25600816.0
2017-03-28,38.35,38.93,38.35,38.45,374355.0,14116085.0
2017-03-29,38.48,38.91,38.38,38.45,302143.0,11353953.0
2017-03-30,38.43,38.43,35.85,36.98,1699256.0,61111838.0
2017-03-31,36.89,37.4,36.07,36.99,939919.0,33697881.0
2017-04-05,36.89,37.39,36.77,37.19,619823.0,22451716.0
2017-04-06,37.35,37.45,36.51,36.92,939122.0,33720153.0
2017-04-07,36.88,37.2,36.48,36.61,464581.0,16662446.0
2017-04-10,36.33,36.78,35.31,35.75,1222206.0,42709531.0
2017-04-11,35.69,35.69,33.99,34.27,1600721.0,53715620.0
2017-04-12,34.5,35.61,34.27,34.93,1022541.0,34893929.0
2017-04-13,34.88,35.37,34.43,34.93,768520.0,26232901.0
2017-04-14,34.52,35.15,34.33,34.41,630632.0,21356198.0
2017-04-17,34.43,34.43,33.41,33.54,652586.0,21502740.0
2017-04-18,33.25,33.95,32.79,33.25,695210.0,22512971.0
2017-04-19,33.13,33.31,31.56,32.38,1200772.0,37593300.0
2017-04-20,32.07,32.39,31.42,32.28,1047445.0,32427911.0
2017-04-21,32.28,32.28,31.16,31.64,1060814.0,32669988.0
2017-04-24,31.43,31.43,30.49,30.84,770839.0,23187079.0
2017-04-25,31.15,31.66,30.69,31.46,473630.0,14303639.0
2017-04-26,31.27,31.82,31.15,31.47,640280.0,19699639.0
2017-04-27,31.87,34.51,31.1,33.81,1337807.0,42792472.0
2017-04-28,33.71,34.32,33.4,34.15,745083.0,24680987.0
2017-05-02,33.94,34.22,33.61,33.92,524592.0,17288288.0
2017-05-03,34.12,34.12,33.53,33.83,296353.0,9756431.0
2017-05-04,33.51,33.83,31.77,32.8,691851.0,22233514.0
2017-05-05,32.52,32.79,31.81,32.76,477711.0,15023035.0
2017-05-08,32.29,32.98,31.86,32.61,331962.0,10539582.0
2017-05-09,32.48,32.59,31.17,32.25,1186667.0,36641443.0
2017-05-10,31.75,32.07,30.8,31.63,691869.0,21246239.0
2017-05-11,31.25,31.27,29.7,30.73,1436081.0,42456035.0
2017-05-12,30.54,30.54,29.79,30.21,636745.0,18698432.0
2017-05-15,30.21,30.55,29.31,29.31,425553.0,12377282.0
2017-05-16,29.45,30.24,27.95,30.23,1174876.0,33159640.0
2017-05-17,30.13,30.8,29.92,30.5,706920.0,21016701.0
2017-05-18,30.5,31.77,30.0,31.77,975184.0,29685842.0
2017-05-19,31.54,33.12,31.37,32.98,1245434.0,39367438.0
2017-05-22,32.98,32.98,32.06,32.61,647723.0,20567023.0
2017-05-23,32.28,32.63,30.8,32.28,1046210.0,32418137.0
2017-05-24,31.96,32.79,31.68,32.62,860987.0,27210997.0
2017-05-25,32.64,32.66,31.88,32.59,537435.0,16962668.0
2017-05-26,32.75,33.0,32.02,32.75,536828.0,17154812.0
2017-05-31,32.56,33.58,32.48,32.94,1034542.0,33351650.0
2017-06-01,32.94,33.13,31.24,32.28,901574.0,28256328.0
2017-06-02,31.68,32.39,31.1,32.28,573027.0,17714376.0
2017-06-05,32.25,32.75,32.01,32.21,686007.0,21638144.0
2017-06-06,31.34,32.08,31.27,31.77,318011.0,9853886.0
2017-06-07,31.78,34.26,31.18,32.64,2565554.0,40348465.0
2017-06-08,32.41,32.62,31.57,32.21,1630422.0,25477935.0
2017-06-09,32.19,32.21,31.0,31.49,1493196.0,22909904.0
2017-06-12,31.32,31.47,30.59,31.0,1088944.0,16453921.0
2017-06-13,31.0,31.73,30.63,31.32,1060402.0,16197865.0
2017-06-14,31.51,31.51,31.0,31.32,1129140.0,17169046.0
2017-06-15,31.49,31.73,31.12,31.49,2316282.0,35453809.0
2017-06-16,31.49,31.49,30.77,30.83,1873064.0,28296065.0
2017-06-19,30.83,31.24,30.36,30.85,1445316.0,21648532.0
2017-06-20,31.04,31.24,30.59,31.04,1797795.0,27054898.0
2017-06-21,30.85,31.2,30.85,31.12,854129.0,12908630.0
2017-06-22,31.2,31.73,30.87,31.49,2655765.0,40541288.0
2017-06-23,31.51,31.96,31.2,31.67,2890527.0,44436190.0
2017-06-26,31.67,32.08,31.16,31.39,3281467.0,50559754.0
2017-06-27,31.39,31.59,31.0,31.08,1557876.0,23664247.0
2017-06-28,30.96,31.08,30.4,30.42,1220355.0,18213701.0
2017-06-29,30.32,30.79,29.95,30.05,1103650.0,16326660.0
2017-06-30,30.05,30.28,29.83,30.14,823275.0,12044732.0
2017-07-03,30.05,30.67,30.05,30.52,857392.0,12707969.0
2017-07-04,30.48,30.67,30.16,30.34,568590.0,8427706.0
2017-07-05,30.3,30.44,30.18,30.34,502763.0,7430957.0
2017-07-06,30.46,30.46,29.97,29.97,547902.0,8072851.0
2017-07-07,29.95,31.1,29.83,30.98,1860158.0,27771039.0
2017-07-10,31.0,31.34,30.52,30.79,2046522.0,30733803.0
2017-07-11,30.77,31.16,30.16,30.79,1798188.0,26896457.0
2017-07-12,30.65,31.8,30.26,30.65,2487558.0,37388044.0
2017-07-13,30.26,30.63,29.13,29.85,3564961.0,51663856.0
2017-07-14,29.36,29.5,28.33,29.44,2815702.0,39592283.0
2017-07-17,29.44,29.44,27.88,28.27,3459308.0,48052812.0
2017-07-18,28.31,28.72,26.87,28.25,1319880.0,18091471.0
2017-07-19,28.25,28.41,27.86,28.23,967500.0,13220250.0
2017-07-20,28.23,29.4,27.18,28.49,3736720.0,51274000.0
2017-07-21,28.1,28.35,27.55,27.8,1249400.0,16955474.0
2017-07-24,27.69,28.72,27.18,27.86,2008682.0,27265045.0
2017-07-25,27.45,28.21,27.45,28.19,1748174.0,23874988.0
2017-07-26,28.31,28.7,28.1,28.62,2600110.0,36048511.0
2017-07-27,28.62,29.25,28.39,28.99,1355030.0,19103915.0
2017-07-28,28.93,29.19,28.78,28.86,641400.0,9051634.0
2017-07-31,28.78,29.09,28.25,28.27,1266902.0,17581025.0
2017-08-01,28.47,28.47,27.88,28.04,800786.0,10931795.0
2017-08-02,28.04,28.21,27.67,27.9,1271882.0,17304427.0
2017-08-03,27.9,29.95,27.69,27.82,2069400.0,28738616.0
2017-08-04,27.51,27.92,27.2,27.69,1233864.0,16568189.0
2017-08-07,27.65,27.86,27.49,27.73,1176366.0,15866324.0
2017-08-08,27.73,27.73,27.34,27.53,1159302.0,15567445.0
2017-08-09,27.55,27.61,27.32,27.47,545200.0,7294745.0
2017-08-10,27.47,27.63,26.93,26.98,1116353.0,14801065.0
2017-08-11,26.85,27.39,26.77,27.16,758308.0,10024994.0
2017-08-14,27.0,27.69,27.0,27.51,470458.0,6297951.0
2017-08-15,27.51,27.69,27.45,27.49,613300.0,8241026.0
2017-08-16,27.67,28.31,27.49,28.23,1678750.0,22865455.0
2017-08-17,28.14,28.41,27.9,28.02,968400.0,13211832.0
2017-08-18,27.9,28.7,27.69,28.52,1954314.0,26771648.0
2017-08-21,28.33,29.66,28.17,29.23,2742374.0,38898507.0
2017-08-22,29.09,29.44,28.78,29.03,1679059.0,23752722.0
2017-08-23,29.01,29.64,28.84,29.29,1557912.0,22220914.0
2017-08-24,29.29,30.07,28.82,30.05,3000576.0,42979212.0
2017-08-25,29.68,31.18,29.58,30.46,7994155.0,118514512.0
2017-08-28,30.36,32.47,29.95,31.84,10316535.0,157016152.0
2017-08-29,31.8,31.8,30.83,31.02,7489295.0,113914682.0
2017-08-30,30.77,30.85,30.38,30.44,2993434.0,44592396.0
2017-08-31,30.46,30.77,30.26,30.52,1546450.0,23005467.0
2017-09-01,30.4,30.63,30.16,30.16,1845044.0,27212816.0
2017-09-04,30.28,30.32,29.95,30.05,1489366.0,21852264.0
2017-09-05,30.05,30.48,29.91,30.14,1736200.0,25577161.0
2017-09-06,30.3,31.0,29.64,30.98,3196072.0,47252463.0
2017-09-07,30.79,31.14,30.26,30.32,2723700.0,40599930.0
2017-09-08,30.4,30.42,29.75,29.83,1284002.0,18801797.0
2017-09-11,29.85,30.2,29.81,29.95,1068960.0,15608643.0
2017-09-12,29.97,30.36,29.75,29.79,1612900.0,23570050.0
2017-09-13,29.79,30.24,29.75,30.16,1487340.0,21792631.0
2017-09-14,30.05,30.16,29.87,30.16,1244288.0,18240035.0
2017-09-15,29.91,30.16,29.81,29.83,854592.0,12468991.0
2017-09-18,29.83,30.18,29.64,30.18,1190912.0,17456945.0
2017-09-19,30.16,30.75,29.97,30.75,1331870.0,19724182.0
2017-09-20,32.06,32.08,30.38,30.57,4331576.0,66062684.0
2017-09-21,30.2,30.5,29.97,29.99,1772872.0,25980667.0
2017-09-22,29.97,30.22,29.95,30.07,1005899.0,14706413.0
2017-09-25,30.09,30.2,29.68,29.95,1034351.0,15063149.0
2017-09-26,29.95,30.22,29.34,29.52,1289030.0,18725348.0
2017-09-27,29.52,29.52,28.76,28.99,1304278.0,18496104.0
2017-09-28,29.15,29.38,28.99,29.03,700125.0,9947453.0
2017-09-29,29.07,29.25,29.03,29.15,391324.0,5563063.0
2017-10-09,29.34,30.03,28.97,29.79,1748912.0,25254354.0
2017-10-10,29.75,29.93,29.6,29.79,1023200.0,14843867.0
2017-10-11,29.6,29.91,29.36,29.62,800314.0,11567943.0
2017-10-12,29.62,29.79,29.29,29.6,748114.0,10770876.0
2017-10-13,29.6,29.75,29.38,29.52,692202.0,9968492.0
2017-10-16,29.7,29.73,28.9,29.13,1031048.0,14674660.0
2017-10-17,29.07,29.25,28.51,29.03,972000.0,13656861.0
2017-10-18,29.03,29.11,28.54,28.58,488400.0,6859559.0
2017-10-19,28.55,28.78,27.73,27.9,925421.0,12757505.0
2017-10-20,28.1,28.99,27.88,28.72,968583.0,13505428.0
2017-10-23,28.55,29.54,27.9,28.93,718626.0,10151776.0
2017-10-24,28.88,29.13,28.33,28.68,456950.0,6406802.0
2017-10-25,28.49,29.09,28.47,28.74,453300.0,6348547.0
2017-10-26,28.99,28.99,28.54,28.84,513856.0,7220588.0
2017-10-27,28.9,28.97,28.62,28.72,552392.0,7748973.0
2017-10-30,28.51,28.74,27.61,27.71,968480.0,13155808.0
2017-10-31,27.73,27.8,27.32,27.69,629366.0,8472405.0
2017-11-01,27.82,27.82,27.49,27.69,844300.0,11355422.0
2017-11-02,27.67,28.17,27.1,28.12,1514699.0,20371820.0
2017-11-03,28.0,28.08,27.28,27.28,745278.0,10065253.0
2017-11-06,27.28,27.69,26.87,27.34,1333492.0,17661083.0
2017-11-07,27.34,28.29,26.98,27.98,2011024.0,27096285.0
2017-11-08,27.75,28.51,27.73,28.02,1325388.0,18125956.0
2017-11-09,27.84,28.17,27.73,28.02,727929.0,9891017.0
2017-11-10,28.02,28.54,27.69,28.43,1429696.0,19596181.0
2017-11-13,28.29,28.39,27.39,28.04,2917325.0,39489827.0
2017-11-14,27.9,27.9,27.22,27.84,2314411.0,31037217.0
2017-11-15,27.55,27.75,27.2,27.55,1133318.0,15158490.0
2017-11-16,27.53,27.8,27.3,27.57,795116.0,10671486.0
2017-11-17,27.82,28.27,27.34,27.49,4706340.0,64050526.0
2017-11-20,27.24,27.24,24.74,25.44,5943269.0,72946509.0
2017-11-21,25.25,25.36,24.62,25.01,6652421.0,80740042.0
2017-11-22,25.01,25.13,24.74,24.93,2361092.0,28599141.0
2017-11-23,24.97,25.19,24.76,25.07,2228421.0,27070740.0
2017-11-24,24.99,25.27,24.84,25.23,1465136.0,17946594.0
2017-11-27,25.05,26.09,25.05,25.56,1889662.0,23702122.0
2017-11-28,25.44,25.99,25.17,25.62,1073442.0,13362521.0
2017-11-29,25.48,25.83,25.48,25.68,1027996.0,12858291.0
2017-11-30,25.77,25.77,25.44,25.44,728800.0,9099335.0
2017-12-01,25.44,25.77,25.03,25.62,956527.0,11956708.0
2017-12-04,25.42,25.81,25.07,25.17,1037800.0,12795001.0
2017-12-05,24.86,25.38,24.6,25.01,1188300.0,14409280.0
2017-12-06,24.99,24.99,24.62,24.93,1103238.0,13309786.0
2017-12-07,24.92,25.03,24.41,24.78,913200.0,11015979.0
2017-12-08,24.6,25.13,24.58,24.9,711284.0,8658884.0
2017-12-11,24.84,25.11,24.62,24.8,1595702.0,19282829.0
2017-12-12,24.8,24.93,24.45,24.62,1485975.0,17826671.0
2017-12-13,24.64,24.74,24.37,24.51,1854640.0,22189648.0
2017-12-14,24.41,24.64,24.41,24.64,650001.0,7770529.0
2017-12-15,24.62,24.66,24.39,24.54,738300.0,8814892.0
2017-12-18,24.45,24.58,24.19,24.29,1205988.0,14339161.0
2017-12-19,24.21,24.58,24.21,24.45,683710.0,8144102.0
2017-12-20,24.45,24.55,24.35,24.49,708100.0,8438798.0
2017-12-21,24.27,24.47,24.19,24.41,1245120.0,14744867.0
2017-12-22,24.31,24.47,24.1,24.37,576606.0,6841602.0
2017-12-25,24.45,24.45,24.12,24.33,709100.0,8376311.0
2017-12-26,24.04,24.39,24.02,24.27,534400.0,6307598.0
2017-12-27,24.23,24.37,24.02,24.33,809196.0,9534878.0
2017-12-28,24.14,24.35,24.08,24.21,374388.0,4418727.0
2017-12-29,24.19,24.33,24.02,24.23,634220.0,7450544.0
2018-01-02,24.08,24.72,23.98,24.68,1411970.0,16691552.0
2018-01-03,24.49,25.13,24.37,25.11,1366472.0,16594547.0
2018-01-04,24.92,25.34,24.88,25.13,689642.0,8465582.0
2018-01-05,25.29,25.72,24.86,25.46,1054900.0,13094218.0
2018-01-08,25.44,25.83,24.78,25.36,876552.0,10777932.0
2018-01-09,25.34,25.58,25.13,25.13,378228.0,4658580.0
2018-01-10,25.27,25.34,24.82,24.82,553474.0,6729037.0
2018-01-11,24.82,25.25,24.72,25.01,552161.0,6740245.0
2018-01-12,25.01,25.21,24.86,25.05,442456.0,5407933.0
2018-01-15,25.05,25.05,23.9,24.43,1601645.0,19054992.0
2018-01-16,23.98,24.37,23.84,24.27,1047988.0,12285614.0
2018-01-17,24.27,24.37,23.71,24.27,914653.0,10689554.0
2018-01-18,24.19,24.58,23.71,24.25,1075032.0,12610471.0
2018-01-19,24.19,24.41,23.94,24.25,650626.0,7647688.0
2018-01-22,24.23,25.29,23.98,25.23,2294365.0,27744818.0
2018-01-23,26.05,27.65,25.29,25.54,6293279.0,80857429.0
2018-01-24,24.62,25.19,24.31,24.72,3076949.0,36876315.0
2018-01-25,24.62,24.86,24.43,24.54,1422628.0,17087393.0
2018-01-26,24.37,24.58,24.16,24.43,1170599.0,13895338.0
2018-01-29,24.39,24.43,24.02,24.23,934100.0,10998349.0
2018-01-30,24.23,24.35,24.12,24.23,439500.0,5196311.0
2018-01-31,24.54,24.72,24.06,24.62,1407120.0,16727361.0
2018-02-01,24.62,24.82,22.93,24.23,1990100.0,23426303.0
2018-02-02,24.33,24.33,23.0,24.25,2056756.0,23689440.0
2018-02-05,24.08,24.25,23.41,24.21,791400.0,9257009.0
2018-02-06,23.92,24.21,23.3,24.16,1488436.0,17243451.0
2018-02-07,24.06,24.16,23.71,23.98,1467295.0,17159426.0
2018-02-08,23.8,24.14,23.73,24.1,743400.0,8677340.0
2018-02-09,23.8,24.1,23.51,23.96,1235364.0,14325214.0
2018-02-12,24.21,24.31,23.9,24.19,1176500.0,13856386.0
2018-02-13,24.19,24.21,23.8,24.02,598300.0,7027937.0
2018-02-14,23.86,24.21,23.41,24.0,333500.0,3898338.0
2018-02-22,24.21,24.21,24.02,24.17,294400.0,3465502.0
2018-02-23,24.04,24.55,23.96,24.02,771049.0,9062714.0
2018-02-26,24.0,24.31,24.0,24.27,804050.0,9474682.0
2018-02-27,24.27,24.35,23.96,24.12,1130200.0,13249668.0
2018-02-28,23.96,24.1,23.82,24.02,1062037.0,12406019.0
2018-03-01,23.94,26.42,23.88,25.75,4682672.0,57571367.0
2018-03-02,25.46,26.42,25.34,25.83,3207705.0,40538444.0
2018-03-05,25.77,26.26,25.38,26.09,2112496.0,26692808.0
2018-03-06,25.85,26.16,25.85,25.99,1128000.0,14279580.0
2018-03-07,26.01,26.36,25.29,25.48,1524900.0,19160400.0
2018-03-08,25.89,26.07,25.38,25.95,1248032.0,15655596.0
2018-03-09,25.97,27.34,25.91,26.81,4777991.0,62420761.0
2018-03-12,26.81,27.22,26.52,26.73,2237800.0,29197847.0
2018-03-13,26.75,27.04,26.46,26.57,1023056.0,13278837.0
2018-03-14,26.57,26.57,25.66,25.79,1571000.0,19910770.0
2018-03-15,25.79,25.85,24.66,25.34,1602198.0,19666576.0
2018-03-16,24.93,25.42,24.93,25.17,695500.0,8549512.0
2018-03-19,25.11,25.64,24.84,25.36,1004834.0,12336799.0
2018-03-20,25.13,25.5,24.99,25.4,1084700.0,13361989.0
2018-03-21,25.4,25.85,25.05,25.44,1293352.0,16072885.0
2018-03-22,25.15,25.44,24.95,24.95,758902.0,9284119.0
2018-03-23,24.35,24.55,22.98,24.06,1496882.0,17484095.0
2018-03-26,23.34,24.06,23.34,24.06,708200.0,8207634.0
2018-03-27,24.08,24.78,24.08,24.66,1458230.0,17481992.0
2018-03-28,24.41,24.8,24.21,24.25,588900.0,7019554.0
2018-03-29,24.21,24.68,24.1,24.58,685754.0,8182441.0
2018-03-30,25.03,25.03,24.23,24.39,1419300.0,16917506.0
2018-04-02,24.74,24.76,24.1,24.43,1510886.0,18037367.0
2018-04-03,24.21,25.05,24.14,25.01,2096118.0,25386385.0
2018-04-04,24.95,25.15,24.31,24.41,1816300.0,21915905.0
2018-04-09,24.41,24.58,23.9,24.21,998500.0,11808481.0
2018-04-10,24.04,24.37,23.92,24.21,1377841.0,16250457.0
2018-04-11,24.04,24.6,24.04,24.45,748001.0,8909987.0
2018-04-12,24.29,25.13,24.29,24.95,1732176.0,20849605.0
2018-04-13,25.03,25.36,24.86,25.03,1389700.0,17025333.0
2018-04-16,24.92,26.57,24.7,25.73,1729643.0,21517048.0
2018-04-17,25.68,26.14,25.25,25.79,1896361.0,23791118.0
2018-04-18,25.95,25.95,25.46,25.89,1640479.0,20516969.0
2018-04-19,25.89,26.03,25.4,25.75,1682503.0,21119925.0
2018-04-20,25.73,26.55,25.54,25.7,1880783.0,23926482.0
2018-04-23,25.44,25.75,24.25,24.54,1397234.0,16935811.0
2018-04-24,24.62,25.23,24.45,25.23,733979.0,8918708.0
2018-04-25,25.19,25.81,24.82,25.66,802900.0,9997343.0
2018-04-26,25.68,25.68,24.66,24.86,1110300.0,13617611.0
2018-04-27,24.86,25.64,24.86,25.48,973142.0,12002211.0
2018-05-02,25.85,25.85,24.58,24.88,1170500.0,14343730.0
2018-05-03,25.11,25.23,24.43,24.97,974000.0,11739771.0
2018-05-04,24.82,25.15,24.58,24.99,792605.0,9628405.0
2018-05-07,25.03,25.64,24.84,25.56,1141200.0,14158170.0
2018-05-08,25.44,26.11,25.44,25.85,1019100.0,12857328.0
2018-05-09,25.89,26.2,25.62,25.81,829700.0,10463245.0
2018-05-10,25.85,25.91,25.44,25.64,851300.0,10645920.0
2018-05-11,25.68,26.28,25.46,25.52,1217064.0,15337485.0
2018-05-14,25.44,25.54,25.05,25.11,1015057.0,12507755.0
2018-05-15,25.15,25.34,24.92,25.29,594106.0,7288061.0
2018-05-16,25.25,26.42,25.13,26.26,2726264.0,34683021.0
2018-05-17,25.97,26.24,25.5,25.81,1973255.0,24894783.0
2018-05-18,25.97,26.87,25.97,26.5,3407980.0,44090542.0
2018-05-25,26.3,27.45,25.44,25.58,1699747.0,21456979.0
2018-05-28,25.56,25.91,24.19,24.27,2532846.0,30634256.0
2018-05-29,24.27,25.07,24.0,24.6,1623306.0,19336039.0
2018-05-30,24.29,24.64,23.34,24.16,2127711.0,24614040.0
2018-05-31,24.06,24.21,23.2,24.14,1693266.0,19581821.0
2018-06-01,23.67,24.12,23.2,24.12,1554546.0,17926977.0
2018-06-04,23.75,24.14,23.57,24.1,986946.0,11502078.0
2018-06-05,24.06,24.19,23.73,24.08,1002175.0,11694032.0
2018-06-06,24.0,24.08,23.67,23.98,820798.0,9550623.0
2018-06-07,23.9,23.96,23.71,23.9,692252.0,8046943.0
2018-06-08,23.71,23.9,23.45,23.82,960207.0,11091261.0
2018-06-11,23.71,24.08,23.51,23.88,1042581.0,12114313.0
2018-06-12,23.84,23.96,23.14,23.8,1092913.0,12571970.0
2018-06-13,23.69,23.75,23.22,23.34,850174.0,9735612.0
2018-06-14,23.28,23.57,22.93,23.34,684320.0,7737520.0
2018-06-15,23.34,23.34,22.63,22.77,785061.0,8753128.0
2018-06-19,22.16,23.0,20.49,20.6,1190464.0,12489457.0
2018-06-20,20.7,21.75,20.29,21.19,921887.0,9336394.0
2018-06-21,21.19,21.48,19.84,20.62,1352833.0,13538727.0
2018-06-22,20.92,21.19,20.74,20.92,557800.0,5696500.0
2018-06-25,20.88,21.19,20.72,21.01,552095.0,5652585.0
2018-06-26,20.88,21.21,20.64,21.17,377600.0,3872007.0
2018-06-27,21.62,21.62,21.11,21.11,314605.0,3249652.0
2018-06-28,21.44,21.5,21.03,21.13,424864.0,4381723.0
2018-06-29,21.34,21.6,20.7,21.5,592175.0,6105233.0
2018-07-02,21.62,21.73,20.88,21.19,590702.0,6127708.0
2018-07-03,21.42,21.6,21.15,21.52,719500.0,7478098.0
2018-07-04,21.54,21.62,21.03,21.03,687100.0,7092565.0
2018-07-05,21.15,21.15,20.64,20.64,896124.0,9039931.0
2018-07-06,20.64,21.05,20.43,20.84,857500.0,8620005.0
2018-07-09,20.88,21.75,20.88,21.62,737375.0,7708972.0
2018-07-10,21.77,21.93,21.17,21.29,577298.0,5985611.0
2018-07-11,21.23,21.32,20.86,21.19,400044.0,4085106.0
2018-07-12,21.19,21.64,21.05,21.48,604882.0,6301861.0
2018-07-13,21.5,21.83,21.34,21.62,476546.0,5001094.0
2018-07-16,21.54,21.79,21.44,21.71,651766.0,6844950.0
2018-07-17,21.71,21.71,21.42,21.52,354876.0,3704009.0
2018-07-18,21.52,21.93,21.4,21.54,538500.0,5655513.0
2018-07-19,21.48,21.79,21.4,21.77,963850.0,10111431.0
2018-07-20,22.02,23.09,21.58,22.53,2066291.0,22608617.0
2018-07-23,22.12,22.3,21.52,21.83,1321943.0,14015599.0
2018-07-24,21.87,22.24,21.83,22.06,949070.0,10156794.0
2018-07-25,22.22,22.28,21.98,21.98,597336.0,6406730.0
2018-07-26,21.98,22.9,21.89,22.32,1972601.0,21538749.0
2018-07-27,22.57,23.0,22.22,22.78,1364684.0,15079243.0
2018-07-30,22.9,23.25,22.37,22.45,696975.0,7670753.0
2018-07-31,22.32,22.72,21.38,21.56,1136704.0,12051437.0
2018-08-01,21.77,21.93,21.5,21.5,475446.0,4995217.0
2018-08-02,21.34,21.62,20.59,21.54,1062752.0,10855310.0
2018-08-03,21.52,21.52,21.07,21.32,375602.0,3872268.0
2018-08-06,20.88,21.34,20.68,20.82,691700.0,7046274.0
2018-08-07,20.92,21.44,20.88,21.17,1612839.0,16483966.0
2018-08-08,21.13,21.32,20.96,21.09,979491.0,10041022.0
2018-08-09,21.01,21.64,21.01,21.56,923430.0,9630413.0
2018-08-10,21.56,21.66,21.44,21.64,514506.0,5381263.0
2018-08-13,21.48,21.71,21.25,21.62,812417.0,8509888.0
2018-08-14,21.34,22.12,21.27,22.02,1107691.0,11770708.0
2018-08-15,22.04,22.14,21.34,21.44,722861.0,7588267.0
2018-08-16,21.21,21.54,21.13,21.21,601495.0,6222604.0
2018-08-17,21.21,21.46,20.92,20.92,480900.0,4922258.0
2018-08-20,20.66,21.11,20.66,20.94,401414.0,4059171.0
2018-08-21,20.98,21.23,20.84,21.11,428087.0,4373585.0
2018-08-22,21.23,21.48,20.94,21.11,285743.0,2941646.0
2018-08-23,21.11,21.34,20.8,20.82,593565.0,6052318.0
2018-08-24,20.84,21.21,20.8,20.88,398475.0,4047498.0
2018-08-27,21.19,21.23,20.92,21.19,453000.0,4643184.0
2018-08-28,21.36,21.58,21.01,21.11,695112.0,7175180.0
2018-08-29,20.94,21.4,20.88,20.96,614628.0,6276418.0
2018-08-30,20.98,21.05,20.66,20.76,576674.0,5821748.0
2018-08-31,20.82,20.9,19.95,20.33,680444.0,6759908.0
2018-09-03,20.33,20.86,20.12,20.84,644168.0,6430807.0
2018-09-04,20.84,20.96,20.61,20.7,533365.0,5376514.0
2018-09-05,20.68,20.98,20.41,20.64,577914.0,5840246.0
2018-09-06,20.74,20.84,20.43,20.53,448084.0,4496494.0
2018-09-07,20.59,21.17,20.59,20.96,714419.0,7235275.0
2018-09-10,20.96,20.96,20.51,20.68,438723.0,4406152.0
2018-09-11,20.7,20.9,20.49,20.74,295656.0,2968910.0
2018-09-12,20.66,20.82,20.37,20.64,380914.0,3798983.0
2018-09-13,20.78,20.82,20.28,20.53,546300.0,5440232.0
2018-09-14,20.49,20.66,20.39,20.43,468992.0,4669594.0
2018-09-17,20.51,20.53,20.06,20.3,517300.0,5092812.0
2018-09-18,20.2,20.57,19.81,20.41,354554.0,3497998.0
2018-09-19,20.24,20.57,20.22,20.41,350695.0,3474459.0
2018-09-20,20.47,20.68,20.3,20.55,420470.0,4175709.0
2018-09-21,20.53,20.82,20.37,20.66,529399.0,5282034.0
2018-09-25,20.45,20.66,20.45,20.59,429654.0,4278674.0
2018-09-26,20.57,20.68,20.26,20.47,505729.0,5031014.0
2018-09-27,20.39,20.51,20.02,20.06,571349.0,5623296.0
2018-09-28,20.24,20.59,20.14,20.45,552480.0,5473804.0
2018-10-08,20.2,20.41,20.02,20.02,470200.0,4601251.0
2018-10-09,19.83,20.45,19.83,20.0,340600.0,3309526.0
2018-10-10,19.83,20.2,19.83,20.0,226469.0,2197619.0
2018-10-11,19.62,19.95,18.04,19.58,1241560.0,11655793.0
2018-10-12,19.38,19.85,18.78,19.6,852862.0,7958343.0
2018-10-15,19.69,19.79,18.68,19.56,1018685.0,9489789.0
2018-10-16,19.36,19.36,18.35,19.01,833646.0,7587083.0
2018-10-17,18.86,19.44,18.61,19.44,680480.0,6272601.0
2018-10-18,19.15,19.36,18.84,19.21,544044.0,5047944.0
2018-10-19,18.66,19.56,18.66,19.21,315760.0,2947960.0
2018-10-22,19.46,19.95,19.07,19.79,521899.0,4998310.0
2018-10-23,19.85,19.85,19.27,19.32,405477.0,3825754.0
2018-10-24,19.17,19.38,18.94,19.23,284300.0,2648661.0
2018-10-25,19.13,19.36,18.55,19.27,318230.0,2944477.0
2018-10-26,19.48,19.5,19.15,19.42,221591.0,2081124.0
2018-10-29,20.61,21.36,20.02,20.16,2071109.0,20707093.0
2018-10-30,20.1,21.11,19.71,20.84,1465944.0,14677405.0
2018-10-31,20.92,21.11,20.64,20.68,583459.0,5873570.0
2018-11-01,20.7,20.96,20.37,20.45,674200.0,6744285.0
2018-11-02,20.45,21.25,20.39,20.8,1097490.0,11044855.0
2018-11-05,20.57,20.92,20.26,20.55,950768.0,9464801.0
2018-11-06,20.72,20.72,19.98,20.51,496500.0,4895309.0
2018-11-07,20.64,20.64,20.22,20.41,467386.0,4627415.0
2018-11-08,20.57,20.76,20.26,20.49,592100.0,5906172.0
2018-11-09,20.39,20.53,20.18,20.3,595010.0,5865489.0
2018-11-12,20.68,20.68,20.02,20.55,530915.0,5260112.0
2018-11-13,20.28,20.66,20.28,20.55,1424400.0,14143089.0
