2011-01-28,36.1,37.0,34.51,35.92,3128070.0,111653376.0
2011-01-31,35.0,35.38,34.13,34.91,1291529.0,44949528.0
2011-02-01,34.79,38.4,34.72,38.4,3827900.0,143722656.0
2011-02-09,39.54,42.24,39.18,42.24,5926994.0,240928112.0
2011-02-10,43.0,44.11,42.05,43.82,5672017.0,243575952.0
2011-02-11,42.45,43.3,41.36,42.8,3987458.0,169269280.0
2011-02-14,42.8,43.52,42.06,42.93,3361834.0,144103632.0
2011-02-15,42.91,44.88,41.43,43.32,3912736.0,167028272.0
2011-02-16,42.98,44.29,42.21,43.97,2954903.0,128097112.0
2011-02-17,43.57,46.5,43.33,44.94,3278174.0,148057200.0
2011-02-18,44.22,44.99,42.52,42.54,2586469.0,112661912.0
2011-02-21,42.0,43.2,41.88,42.88,1356042.0,57838536.0
2011-02-22,42.29,43.02,39.61,39.84,2655454.0,108369560.0
2011-02-23,39.39,40.49,39.39,39.9,1089438.0,43485652.0
2011-02-24,39.83,40.97,39.73,40.4,1060222.0,42884396.0
2011-02-25,40.08,40.3,38.78,39.97,1259840.0,49751800.0
2011-02-28,39.99,41.21,39.5,41.18,1376838.0,55790368.0
2011-03-01,41.08,41.08,39.81,40.09,1307029.0,52948712.0
2011-03-02,39.9,40.26,39.31,40.24,932718.0,37076292.0
2011-03-03,40.1,40.1,38.81,39.59,1118192.0,43994996.0
2011-03-04,39.3,40.6,39.25,39.87,854011.0,34118164.0
2011-03-08,39.91,40.3,38.8,39.65,893780.0,35135140.0
2011-03-09,39.7,41.4,39.32,41.09,1625486.0,65827136.0
2011-03-10,40.99,41.0,40.08,40.25,930614.0,37527048.0
2011-03-11,39.89,40.48,39.51,39.73,765058.0,30534276.0
2011-03-14,39.27,40.35,39.27,40.2,670568.0,26842692.0
2011-03-15,40.2,40.5,38.65,39.05,889044.0,34766132.0
2011-03-16,39.19,39.53,39.05,39.37,584915.0,23008450.0
2011-03-17,38.8,39.19,38.19,38.25,715399.0,27683988.0
2011-03-18,38.5,38.88,38.05,38.47,417594.0,16032232.0
2011-03-21,38.44,38.89,38.07,38.84,502163.0,19336142.0
2011-03-22,38.8,41.88,38.2,40.95,1745044.0,70542512.0
2011-03-23,40.39,40.88,39.89,40.45,961466.0,38756776.0
2011-03-24,40.58,41.88,40.12,41.19,1282168.0,52820368.0
2011-03-25,41.2,41.7,40.55,40.85,897495.0,36693776.0
2011-03-28,40.7,41.15,38.88,39.0,1066103.0,42463484.0
2011-03-29,39.12,39.42,37.95,37.95,757829.0,29056242.0
2011-03-30,37.94,38.58,37.42,37.53,464234.0,17494910.0
2011-03-31,37.5,38.0,37.1,37.56,277017.0,10427430.0
2011-04-01,37.56,38.04,37.56,37.71,298822.0,11288845.0
2011-04-06,37.73,37.8,36.05,36.5,616104.0,22537098.0
2011-04-07,36.55,36.94,36.2,36.66,341490.0,12496742.0
2011-04-11,37.09,37.39,36.44,36.45,472269.0,17403716.0
2011-04-12,36.42,36.44,36.0,36.15,387679.0,14018477.0
2011-04-13,36.01,37.18,36.01,37.13,555693.0,20399568.0
2011-04-14,37.13,37.18,36.71,37.08,313870.0,11583574.0
2011-04-15,37.15,37.3,36.32,36.74,406484.0,14948082.0
2011-04-18,36.11,36.45,35.99,36.15,438004.0,15820365.0
2011-04-19,36.15,36.37,35.5,36.26,443624.0,15972647.0
2011-04-20,36.09,36.99,36.09,36.57,361241.0,13226379.0
2011-04-21,36.57,38.43,36.1,38.04,914040.0,34157020.0
2011-04-22,38.1,38.1,36.81,37.0,833633.0,31099178.0
2011-04-25,36.27,36.7,35.89,35.94,470582.0,17014904.0
2011-04-26,35.7,36.53,35.7,36.07,207466.0,7494194.0
2011-04-27,36.1,36.35,35.01,35.24,320305.0,11443505.0
2011-04-28,35.56,35.67,32.89,33.0,838389.0,28266890.0
2011-04-29,33.0,33.4,32.9,33.3,400747.0,13282475.0
2011-05-03,33.42,33.42,32.33,33.1,346805.0,11390356.0
2011-05-04,33.1,33.34,32.33,32.42,547669.0,17937466.0
2011-05-05,32.3,32.99,32.3,32.71,234316.0,7667130.0
2011-05-09,33.31,33.61,32.89,33.08,280476.0,9325300.0
2011-05-10,33.13,33.47,32.9,33.22,297526.0,9860357.0
2011-05-11,33.7,33.7,33.0,33.34,314308.0,10457090.0
2011-05-12,33.2,33.42,32.6,33.42,420579.0,13841741.0
2011-05-13,33.4,33.49,32.9,33.4,421611.0,13999615.0
2011-05-16,33.4,33.58,32.81,32.95,340084.0,11294976.0
2011-05-17,32.99,33.09,32.0,32.71,413000.0,13449899.0
2011-05-18,32.66,33.06,32.53,33.0,205628.0,6753992.0
2011-05-19,32.89,33.7,32.89,33.0,325834.0,10847609.0
2011-05-20,32.98,32.98,32.3,32.4,230523.0,4985032.0
2011-05-23,32.35,32.42,30.06,30.36,566410.0,11655664.0
2011-05-24,30.09,30.11,28.92,29.88,456346.0,8966255.0
2011-05-25,29.58,29.64,28.6,28.71,431481.0,8387470.0
2011-05-26,28.81,29.11,28.14,28.56,363007.0,6900549.0
2011-05-27,28.44,28.84,27.99,28.3,254540.0,4805930.0
2011-05-30,28.29,28.68,27.87,28.23,246542.0,4651105.0
2011-05-31,29.04,31.06,29.02,31.06,930628.0,18929372.0
2011-06-01,31.91,34.14,31.91,34.14,3667769.0,80425360.0
2011-06-02,33.1,33.85,32.65,33.48,2130090.0,46940964.0
2011-06-03,33.1,33.7,32.83,33.43,1503184.0,33260776.0
2011-06-07,33.43,35.42,33.19,33.61,1910152.0,43498500.0
2011-06-08,34.12,35.12,33.49,34.44,1815093.0,41177900.0
2011-06-09,34.16,34.16,32.62,32.62,1602183.0,35349376.0
2011-06-10,31.97,32.55,30.97,31.66,1128589.0,23701188.0
2011-06-13,31.28,31.58,30.47,31.45,716045.0,14745967.0
2011-06-14,31.58,34.01,31.46,33.85,1845032.0,40619908.0
2011-06-15,33.51,33.85,32.53,32.53,1153412.0,25484952.0
2011-06-16,32.35,32.35,31.07,31.6,819274.0,17186424.0
2011-06-17,31.15,32.17,30.88,31.0,603403.0,12662153.0
2011-06-20,30.56,31.97,30.54,31.97,903173.0,18839290.0
2011-06-21,31.63,35.18,31.63,35.18,2774234.0,62770520.0
2011-06-22,36.41,36.86,35.25,36.62,4737223.0,113876096.0
2011-06-23,36.08,38.35,35.54,37.48,4464349.0,109690448.0
2011-06-24,37.01,38.5,36.56,37.24,4003774.0,100191696.0
2011-06-27,36.98,39.12,36.83,39.08,3611970.0,90786696.0
2011-06-28,38.67,38.67,37.77,38.01,2468771.0,62546776.0
2011-06-29,38.14,39.57,36.88,38.82,2979123.0,75789800.0
2011-06-30,38.01,39.77,37.92,38.74,2885020.0,74932816.0
2011-07-01,38.52,39.8,38.11,38.85,2251664.0,58421648.0
2011-07-04,39.12,39.71,38.55,39.48,2424387.0,63089312.0
2011-07-05,39.27,41.2,38.95,40.31,2818438.0,75372048.0
2011-07-06,40.34,41.41,39.9,41.17,3380501.0,91895080.0
2011-07-07,41.23,41.3,40.16,40.32,2517823.0,67934696.0
2011-07-08,40.05,40.05,38.49,38.85,2357423.0,61031088.0
2011-07-11,38.67,39.57,38.4,39.18,1447629.0,37567164.0
2011-07-12,38.44,38.97,38.19,38.43,1462018.0,37442760.0
2011-07-13,38.8,42.27,38.8,42.27,3818803.0,104436656.0
2011-07-14,43.09,43.45,41.77,42.12,4037420.0,113623728.0
2011-07-15,41.89,42.94,41.35,42.81,2699357.0,75627448.0
2011-07-18,42.61,43.24,41.54,41.65,1978982.0,55358032.0
2011-07-19,40.85,42.09,40.48,41.02,1411580.0,38339452.0
2011-07-20,41.3,41.66,40.72,41.66,1279997.0,35109508.0
2011-07-21,41.3,42.87,41.3,41.41,1810822.0,50697532.0
2011-07-22,40.96,41.62,40.29,41.05,1283216.0,34785152.0
2011-07-25,41.27,41.27,36.94,37.18,2314218.0,59067716.0
2011-07-26,37.18,38.05,36.2,37.56,1248996.0,30964316.0
2011-07-27,37.31,38.52,36.61,38.11,1190189.0,30058674.0
2011-07-28,37.47,38.1,37.1,37.62,768959.0,19179800.0
2011-07-29,37.48,38.44,36.88,37.01,1015181.0,25463224.0
2011-08-01,36.67,37.84,36.34,37.84,1049781.0,25915508.0
2011-08-02,37.59,39.57,36.74,39.5,2000130.0,51497072.0
2011-08-03,39.12,39.86,38.52,39.86,1426872.0,37327844.0
2011-08-04,39.75,41.0,39.75,39.87,1524866.0,40869432.0
2011-08-05,37.24,38.94,37.15,37.75,1114676.0,28333636.0
2011-08-08,37.18,37.42,33.99,34.91,1462923.0,34628788.0
2011-08-09,33.55,35.48,32.37,34.7,1242988.0,28068240.0
2011-08-10,35.8,36.11,34.92,34.94,951026.0,22488784.0
2011-08-11,34.23,35.92,33.55,35.78,814702.0,19045792.0
2011-08-12,35.96,39.36,35.77,39.36,1870965.0,47792732.0
2011-08-15,40.45,41.83,39.42,41.24,4334830.0,117074664.0
2011-08-16,40.67,42.54,40.45,41.29,3869476.0,106631768.0
2011-08-17,41.08,42.13,40.66,41.56,2648932.0,73365136.0
2011-08-18,41.57,41.86,39.81,40.1,2130389.0,57319332.0
2011-08-19,38.5,39.29,37.69,38.44,2434369.0,62143056.0
2011-08-22,38.37,39.87,38.37,39.08,1770071.0,45902996.0
2011-08-23,38.88,42.1,38.67,41.38,3474264.0,94305776.0
2011-08-24,41.32,41.98,40.46,40.51,2682777.0,73230384.0
2011-08-25,40.11,41.75,39.92,41.45,2156862.0,58537100.0
2011-08-26,41.03,43.78,40.84,42.55,5116374.0,145171504.0
2011-08-29,41.83,42.25,41.0,41.32,2595368.0,71626128.0
2011-08-30,41.53,41.9,39.57,39.83,2056281.0,55696964.0
2011-08-31,40.01,41.36,38.68,41.3,2042568.0,54295084.0
2011-09-01,40.93,42.81,40.32,41.41,2893485.0,80285864.0
2011-09-02,41.15,41.23,39.87,40.4,1316033.0,35336092.0
2011-09-05,38.94,39.87,38.67,39.05,1082724.0,28117182.0
2011-09-06,38.91,39.75,38.01,39.39,876446.0,22787364.0
2011-09-07,39.27,41.06,39.27,40.85,1447087.0,38842324.0
2011-09-08,40.93,41.2,39.56,39.56,1293102.0,34692564.0
2011-09-09,39.56,40.45,38.07,38.25,1449087.0,37496952.0
2011-09-13,37.31,37.93,36.91,37.62,793188.0,19698698.0
2011-09-14,37.57,38.25,36.79,38.07,1028228.0,25642108.0
2011-09-15,38.14,38.61,37.62,37.81,849568.0,21515296.0
2011-09-16,38.17,38.22,37.16,37.18,658021.0,16443838.0
2011-09-19,36.79,37.13,34.62,34.73,1138516.0,26869280.0
2011-09-20,34.61,35.4,34.61,34.97,626915.0,14622037.0
2011-09-21,35.06,36.83,34.79,36.56,1342206.0,32219028.0
2011-09-22,36.11,36.46,34.91,34.95,1075521.0,25529726.0
2011-09-23,33.85,35.09,33.69,35.07,728692.0,16742041.0
2011-09-26,35.36,36.26,34.92,35.12,838744.0,19799246.0
2011-09-27,35.81,35.87,34.61,35.15,590022.0,13827448.0
2011-09-28,35.36,35.89,33.85,34.02,685064.0,15758272.0
2011-09-29,34.03,34.28,31.93,32.15,667678.0,14526799.0
2011-09-30,32.18,32.65,31.6,32.2,427430.0,9118187.0
2011-10-10,32.14,32.88,32.14,32.26,353793.0,7637580.0
2011-10-11,33.09,33.54,31.63,31.9,534708.0,11596001.0
2011-10-12,31.88,34.41,31.6,34.22,1468372.0,32604362.0
2011-10-13,33.73,35.0,33.73,34.61,1238443.0,28378418.0
2011-10-14,34.44,34.67,33.79,34.05,711065.0,16136104.0
2011-10-17,33.96,36.58,33.87,35.47,1708428.0,40325528.0
2011-10-18,34.91,35.55,34.06,34.17,1149414.0,26532124.0
2011-10-19,34.17,34.85,33.9,34.17,698825.0,15943470.0
2011-10-20,34.41,34.41,32.42,32.65,1084672.0,23928438.0
2011-10-21,32.65,32.88,31.3,31.43,781493.0,16536607.0
2011-10-24,31.58,31.85,29.46,31.7,1019257.0,20817980.0
2011-10-25,31.57,32.88,30.93,32.82,1164623.0,24849894.0
2011-10-26,32.41,34.01,32.18,32.62,1351950.0,29737588.0
2011-10-27,32.58,33.09,32.14,32.15,966524.0,20897230.0
2011-10-28,32.5,33.37,32.5,33.19,1094481.0,23987456.0
2011-10-31,33.1,34.31,32.86,34.28,1340975.0,30016560.0
2011-11-01,33.67,34.29,33.18,33.78,1094773.0,24612358.0
2011-11-02,33.18,35.09,32.94,34.79,1492204.0,33764072.0
2011-11-03,34.82,36.01,34.31,34.37,1593940.0,37057848.0
2011-11-04,34.5,35.86,34.31,35.12,1479693.0,34432356.0
2011-11-07,34.68,35.36,34.31,34.43,998115.0,22982294.0
2011-11-08,34.44,34.86,33.66,33.73,770771.0,17511352.0
2011-11-09,33.75,34.73,33.4,34.73,854924.0,19425838.0
2011-11-10,34.31,35.34,33.98,34.68,1268413.0,29236850.0
2011-11-11,34.68,35.78,34.46,34.95,1396690.0,32730470.0
2011-11-14,35.07,36.02,35.07,35.81,1339316.0,31799674.0
2011-11-15,35.81,36.04,35.3,35.51,1082560.0,25603654.0
2011-11-16,35.36,35.72,33.82,33.95,1368971.0,31424488.0
2011-11-17,33.93,34.31,33.37,33.67,874780.0,19614828.0
2011-11-18,32.95,33.64,32.11,32.27,849372.0,18471496.0
2011-11-21,31.96,32.48,31.96,32.41,395267.0,8467500.0
2011-11-22,32.2,32.71,31.87,32.71,382796.0,8211191.0
2011-11-23,32.79,32.95,32.37,32.41,337616.0,7327207.0
2011-11-24,31.93,32.65,31.33,32.35,358826.0,7616514.0
2011-11-25,32.35,32.62,31.39,31.46,320137.0,6825005.0
2011-11-28,31.79,32.0,31.04,31.36,323679.0,6781518.0
2011-11-29,32.02,32.7,31.6,32.62,808988.0,17265842.0
2011-11-30,32.47,32.7,30.24,30.62,887231.0,18551318.0
2011-12-01,31.67,32.03,31.28,31.31,673294.0,14182259.0
2011-12-02,30.24,31.28,30.24,30.39,440635.0,8934993.0
2011-12-05,30.39,30.41,29.43,29.45,272850.0,5416447.0
2011-12-06,29.51,30.03,29.37,29.58,308188.0,6060062.0
2011-12-07,29.57,29.96,29.23,29.75,241664.0,4770470.0
2011-12-08,29.63,30.84,29.4,30.48,557886.0,11219629.0
2011-12-09,30.24,30.6,29.94,30.26,300772.0,6042199.0
2011-12-12,30.09,30.33,29.28,29.49,347892.0,6852983.0
2011-12-13,29.04,29.18,28.14,28.21,562905.0,10676363.0
2011-12-14,27.94,28.69,27.66,27.81,250567.0,4682144.0
2011-12-15,27.75,27.97,27.1,27.16,321100.0,5851506.0
2011-12-16,27.16,28.09,27.01,27.99,293676.0,5375332.0
2011-12-19,27.99,27.99,26.77,27.55,544040.0,9846553.0
2011-12-20,27.31,27.94,27.31,27.54,325037.0,5980828.0
2011-12-21,27.82,27.85,26.6,26.62,458028.0,8293516.0
2011-12-22,26.62,26.62,24.83,25.62,582162.0,9828598.0
2011-12-23,25.56,26.41,25.56,25.62,399272.0,6873108.0
2011-12-26,25.73,25.86,25.01,25.19,289562.0,4896834.0
2011-12-27,24.98,24.98,23.92,24.03,313200.0,5092065.0
2011-12-28,24.03,24.04,22.73,23.7,376898.0,5840931.0
2011-12-29,23.55,23.82,23.34,23.4,268838.0,4200408.0
2011-12-30,23.47,24.12,23.47,23.92,382816.0,6090209.0
2012-01-04,24.2,26.32,24.2,24.5,1195321.0,20162864.0
2012-01-05,24.07,26.95,23.62,26.95,3563311.0,62245568.0
2012-01-06,26.33,27.5,26.2,27.31,2973023.0,53346684.0
2012-01-10,28.39,29.04,27.54,28.65,3475239.0,65294560.0
2012-01-11,27.99,28.63,27.9,28.44,1956935.0,36759860.0
2012-01-12,27.91,28.98,27.91,28.27,1769645.0,33443502.0
2012-01-13,28.36,28.42,26.54,27.35,1694490.0,30914628.0
2012-01-16,27.1,27.87,26.65,27.35,998857.0,18138196.0
2012-01-17,27.23,28.56,24.69,28.23,2183797.0,39324484.0
2012-01-18,27.84,27.91,26.03,26.18,1736402.0,31351298.0
2012-01-19,25.56,26.89,24.68,25.59,1063300.0,18174358.0
2012-01-20,25.82,25.95,25.2,25.79,824807.0,14103764.0
2012-01-30,25.88,28.2,25.88,27.35,1561727.0,28413168.0
2012-01-31,26.71,27.84,26.63,27.68,1112201.0,20250602.0
2012-02-01,27.7,28.48,26.86,27.02,1503323.0,27745282.0
2012-02-02,27.08,27.84,26.8,27.71,1024652.0,18707080.0
2012-02-03,27.64,28.39,27.55,28.26,1606975.0,30038774.0
2012-02-06,29.31,30.06,28.44,28.87,3039947.0,59094144.0
2012-02-07,28.29,28.29,27.68,27.76,1369734.0,25457954.0
2012-02-08,27.76,29.99,27.54,29.34,2428423.0,46969868.0
2012-02-09,29.04,30.03,28.77,29.49,2259609.0,44098068.0
2012-02-10,29.16,29.64,28.8,29.07,1432342.0,27777916.0
2012-02-13,28.89,29.81,28.89,29.78,1627879.0,31909096.0
2012-02-14,29.78,29.84,29.04,29.32,1167750.0,22757378.0
2012-02-15,29.2,29.64,28.93,29.63,1186009.0,23187202.0
2012-02-16,29.52,29.78,28.9,29.2,1035350.0,20164536.0
2012-02-17,29.2,29.42,28.59,28.84,839339.0,16137941.0
2012-02-20,29.11,30.06,28.9,29.72,1948604.0,38259328.0
2012-02-21,29.72,30.93,29.49,30.73,2842902.0,57499604.0
2012-02-22,30.45,30.84,30.15,30.79,2198854.0,44629980.0
2012-02-23,31.31,31.31,30.33,30.51,1509868.0,30756100.0
2012-02-24,30.54,31.1,30.24,30.91,1572923.0,32029636.0
2012-02-27,30.91,31.28,30.41,30.47,1774014.0,36221800.0
2012-02-28,30.36,30.36,29.36,29.81,1370040.0,27109014.0
2012-02-29,29.72,30.17,29.52,29.66,713421.0,14150895.0
2012-03-01,29.91,29.99,29.43,29.87,656545.0,12986658.0
2012-03-02,30.06,30.73,29.9,30.66,1207867.0,24440872.0
2012-03-05,30.66,31.07,30.17,30.23,1092954.0,22080142.0
2012-03-06,30.09,30.24,29.19,29.19,1022292.0,20002892.0
2012-03-07,29.02,29.46,28.56,28.89,834683.0,16017204.0
2012-03-08,28.81,29.61,28.81,29.51,642975.0,12534366.0
2012-03-09,29.61,30.77,29.27,30.5,1248364.0,24907828.0
2012-03-12,30.5,30.5,29.58,30.02,878933.0,17559862.0
2012-03-13,30.02,30.59,29.94,30.54,1136834.0,22828122.0
2012-03-14,30.66,31.12,28.62,29.19,2114084.0,42605556.0
2012-03-15,28.89,29.46,27.85,28.3,1115473.0,21201996.0
2012-03-16,28.09,29.02,28.09,29.02,1020629.0,19423330.0
2012-03-19,28.98,29.64,28.59,29.54,1002324.0,19473258.0
2012-03-20,29.54,29.61,28.44,28.59,783753.0,15033065.0
2012-03-21,28.39,28.86,28.14,28.69,643051.0,12202239.0
2012-03-22,28.8,28.84,28.3,28.44,425980.0,8087093.0
2012-03-23,28.5,28.5,26.86,27.01,808000.0,14777854.0
2012-03-26,27.54,27.54,26.71,26.75,291538.0,5207548.0
2012-03-27,27.05,27.44,26.8,27.04,378258.0,6813195.0
2012-03-28,26.83,26.9,25.88,25.97,676985.0,11740603.0
2012-03-29,25.67,26.45,25.65,26.29,532665.0,9212277.0
2012-03-30,26.29,27.79,25.43,27.28,767943.0,13558802.0
2012-04-05,27.08,27.48,26.71,27.25,1179889.0,21193070.0
2012-04-06,27.23,27.54,26.93,27.41,630582.0,11439990.0
2012-04-09,27.23,27.48,26.38,26.38,478320.0,8603948.0
2012-04-10,26.41,26.41,25.17,26.14,668379.0,11428472.0
2012-04-11,25.61,26.15,25.53,25.86,427378.0,7343497.0
2012-04-12,25.86,26.56,25.71,26.51,507951.0,8838874.0
2012-04-13,26.51,26.81,26.33,26.59,448229.0,7926656.0
2012-04-16,26.32,26.77,26.2,26.42,397402.0,6979188.0
2012-04-17,26.41,28.57,26.27,27.46,1206184.0,22053164.0
2012-04-18,27.43,28.03,27.25,27.93,1123051.0,20690660.0
2012-04-19,27.7,27.91,27.48,27.52,593605.0,10901432.0
2012-04-20,28.56,30.27,28.44,30.27,1579132.0,31538472.0
2012-04-23,31.85,33.3,31.61,33.3,6814320.0,147280112.0
2012-04-24,35.06,35.06,31.7,33.03,5129462.0,112674232.0
2012-04-25,32.65,34.01,31.63,33.1,4564366.0,99157448.0
2012-04-26,32.37,32.41,31.31,31.4,2756557.0,58378684.0
2012-04-27,31.22,32.2,31.02,31.39,2222395.0,46897332.0
2012-05-02,31.97,32.95,31.3,32.34,2442378.0,52023808.0
2012-05-03,31.75,32.23,31.19,32.12,1970886.0,41505316.0
2012-05-04,31.76,34.43,31.75,32.95,3892697.0,86195376.0
2012-05-07,33.06,36.25,32.21,36.25,5483452.0,126976224.0
2012-05-08,36.23,39.84,35.39,37.99,7113260.0,177207872.0
2012-05-09,37.01,37.28,35.96,36.13,3651707.0,88623384.0
2012-05-11,36.41,39.27,36.41,36.8,4433913.0,111686648.0
2012-05-14,37.77,40.49,36.79,40.49,6573784.0,172275248.0
2012-05-15,39.87,40.81,38.07,39.87,5266683.0,137792832.0
2012-05-16,39.57,39.63,37.48,37.51,3347624.0,85341648.0
2012-05-17,37.62,39.69,37.47,38.55,4151314.0,106193632.0
2012-05-18,36.44,40.45,36.29,37.74,8907374.0,114679728.0
2012-05-21,36.92,40.18,35.08,39.46,8598946.0,107695520.0
2012-05-22,39.37,40.4,38.67,39.49,6786197.0,88272112.0
2012-05-23,39.31,41.88,37.77,41.27,11731078.0,155149248.0
2012-05-24,40.49,41.24,39.31,39.76,7292014.0,97445536.0
2012-05-25,39.31,41.45,39.31,39.85,6905337.0,92384192.0
2012-05-28,39.94,43.84,39.88,43.84,13296600.0,186957312.0
2012-05-29,44.72,48.22,44.38,48.22,18084108.0,280967872.0
2012-05-30,49.49,52.81,49.13,50.46,24617708.0,414502816.0
2012-05-31,50.18,52.57,48.98,50.21,16445980.0,277173280.0
2012-06-01,49.55,50.18,47.52,48.16,14067442.0,226664096.0
2012-06-04,46.92,49.85,46.41,49.82,14904633.0,238325120.0
2012-06-05,49.1,53.78,48.04,51.91,17955612.0,302535456.0
2012-06-06,51.0,53.78,49.88,50.37,13917808.0,238428176.0
2012-06-07,50.82,52.27,48.73,50.52,10657759.0,177648368.0
2012-06-08,50.61,51.85,49.7,50.85,9484759.0,159037072.0
2012-06-11,50.03,50.12,45.77,49.16,18861868.0,301019840.0
2012-06-12,47.74,48.91,46.23,47.41,10791450.0,168910496.0
2012-06-13,47.44,48.31,46.44,48.01,11256135.0,177331520.0
2012-06-14,47.49,47.68,45.89,46.41,8981523.0,138838384.0
2012-06-15,46.41,47.74,44.96,47.1,13142322.0,202687920.0
2012-06-18,46.83,51.82,46.1,51.82,22303960.0,365510496.0
2012-06-19,51.82,54.84,51.36,52.27,21813854.0,383076096.0
2012-06-20,52.06,52.06,49.79,50.21,12625850.0,211957216.0
2012-06-21,49.97,50.21,46.98,47.71,10308347.0,163716688.0
2012-06-25,47.28,48.82,46.38,47.74,6818920.0,108263192.0
2012-06-26,47.19,52.51,46.62,51.39,14905395.0,247921712.0
2012-06-27,50.67,52.72,50.0,50.97,14360064.0,244419840.0
2012-06-28,50.03,53.39,49.97,50.4,15335120.0,262664192.0
2012-07-02,51.0,53.24,49.7,53.24,15989060.0,273432992.0
2012-07-03,53.48,58.55,53.48,56.65,20372972.0,382040576.0
2012-07-04,55.53,56.05,53.42,53.81,14137483.0,255448800.0
2012-07-05,52.6,53.3,50.82,51.91,9212694.0,159080848.0
2012-07-06,52.27,55.29,51.88,54.47,12556728.0,223095904.0
2012-07-09,54.38,54.38,51.0,51.12,8772310.0,153402704.0
2012-07-10,50.67,50.67,47.74,48.34,8890686.0,144119456.0
2012-07-11,47.74,50.34,47.37,49.82,6813436.0,111595664.0
2012-07-12,49.82,50.4,48.19,49.85,6747932.0,110557008.0
2012-07-13,49.37,50.7,48.98,49.25,5483964.0,90329920.0
2012-07-16,49.25,50.91,48.04,48.31,7083687.0,116340760.0
2012-07-17,47.41,48.34,45.32,47.13,6431348.0,99003736.0
2012-07-18,47.13,48.76,46.56,48.64,6615033.0,104966288.0
2012-07-19,48.95,50.03,48.01,48.13,6330969.0,102982080.0
2012-07-20,47.71,49.4,46.83,48.34,6489675.0,103879800.0
2012-07-23,47.59,47.86,45.62,46.08,5300872.0,82042744.0
2012-07-24,45.35,47.37,45.32,46.56,4015909.0,61847716.0
2012-07-25,46.53,46.68,45.26,45.41,4412752.0,66837968.0
2012-07-26,45.26,45.74,40.88,43.15,5224076.0,76661272.0
2012-07-27,43.23,43.48,40.94,41.0,4927502.0,68239992.0
2012-07-30,41.09,41.6,38.67,39.22,3607990.0,47805732.0
2012-07-31,39.01,40.42,37.92,40.0,4534773.0,59474516.0
2012-08-01,39.58,41.24,39.28,40.58,4094399.0,54801816.0
2012-08-02,42.6,43.75,40.97,41.39,7100629.0,98840664.0
2012-08-03,40.27,42.24,40.27,41.78,4457053.0,61273456.0
2012-08-06,41.39,45.2,41.27,44.26,8336260.0,119168952.0
2012-08-07,44.08,47.59,43.6,46.65,10871860.0,165618528.0
2012-08-08,45.92,46.5,44.38,45.62,7651948.0,115269232.0
2012-08-09,45.89,46.83,45.32,46.29,6746823.0,103137856.0
2012-08-10,46.05,46.17,44.72,45.02,5287273.0,79310512.0
2012-08-13,44.56,45.56,43.45,43.45,3737821.0,55029244.0
2012-08-14,43.05,46.68,42.18,46.23,8110646.0,120532184.0
2012-08-15,45.86,46.32,44.26,44.41,5165263.0,77270760.0
2012-08-16,43.78,44.35,42.72,42.72,2952165.0,42461824.0
2012-08-17,42.72,43.63,42.33,43.02,2120756.0,30245124.0
2012-08-20,42.69,43.78,41.84,43.54,2444963.0,34869948.0
2012-08-21,43.54,44.87,43.23,43.96,3430612.0,50301844.0
2012-08-22,43.84,46.77,43.54,45.44,7467942.0,112408648.0
2012-08-23,44.99,46.41,44.59,44.81,6375103.0,96001224.0
2012-08-24,44.29,44.69,42.51,42.54,4378171.0,62705208.0
2012-08-27,42.3,43.02,40.88,42.12,2943205.0,41014592.0
2012-08-28,41.94,42.9,41.39,42.45,1896088.0,26566706.0
2012-08-29,42.6,42.75,41.27,41.27,1768035.0,24593914.0
2012-08-30,40.42,41.42,38.1,39.55,2757757.0,36435360.0
2012-08-31,39.34,40.73,38.98,40.12,1817299.0,24087754.0
2012-09-03,39.97,41.06,39.52,40.85,2465041.0,33030842.0
2012-09-04,40.79,41.54,40.12,40.27,2497600.0,33802312.0
2012-09-05,39.94,40.55,39.58,39.97,1622975.0,21472860.0
2012-09-06,40.4,42.24,40.18,41.63,4275422.0,58781852.0
2012-09-07,42.9,44.44,42.0,43.66,6488224.0,93312728.0
2012-09-10,43.51,44.32,42.93,44.26,5685712.0,82513752.0
2012-09-11,43.81,43.81,42.66,43.15,3996893.0,57151552.0
2012-09-12,43.15,44.23,43.15,44.2,4292982.0,62197516.0
2012-09-13,44.2,44.2,42.84,42.84,3205489.0,46193748.0
2012-09-14,43.23,43.72,41.91,42.45,2514687.0,35526440.0
2012-09-17,42.81,42.81,40.52,40.52,2619761.0,35731268.0
2012-09-18,40.52,41.06,40.06,40.49,1197610.0,16079974.0
2012-09-19,40.49,41.09,40.49,40.85,1137376.0,15345616.0
2012-09-20,41.24,41.24,38.67,38.76,1861556.0,24449086.0
2012-09-21,38.67,39.7,38.55,38.95,1379719.0,17829764.0
2012-09-24,38.52,39.4,37.92,39.16,1189162.0,15320255.0
2012-09-25,39.16,39.79,38.85,39.16,1214388.0,15806842.0
2012-09-26,39.19,39.19,36.65,36.71,1793511.0,22456846.0
2012-09-27,37.52,37.83,36.35,37.62,1774494.0,21906140.0
2012-09-28,37.31,38.25,37.25,38.16,1632998.0,20459412.0
2012-10-08,38.16,40.03,38.16,39.85,3690345.0,48145780.0
2012-10-09,39.4,41.03,39.34,40.64,3758899.0,50036568.0
2012-10-10,40.27,40.61,39.85,40.34,2884001.0,38309460.0
2012-10-11,39.91,40.12,38.49,38.61,2666991.0,34737732.0
2012-10-12,38.61,39.64,37.8,38.61,1574664.0,20205406.0
2012-10-15,38.98,39.03,37.77,38.07,1298545.0,16320553.0
2012-10-16,38.25,38.61,37.86,38.19,1207323.0,15293586.0
2012-10-17,38.22,38.52,37.89,38.28,1417816.0,17927136.0
2012-10-18,38.31,39.19,38.31,39.03,2323797.0,29885650.0
2012-10-19,38.73,39.16,38.49,38.67,1342798.0,17265164.0
2012-10-22,38.31,40.4,38.19,40.37,4070456.0,53581680.0
2012-10-23,40.18,40.45,39.22,39.28,2529647.0,33228338.0
2012-10-24,38.76,39.13,38.31,38.31,1623401.0,20792506.0
2012-10-25,38.43,39.25,38.22,38.58,1394461.0,17824308.0
2012-10-26,38.58,38.82,36.5,36.56,2288989.0,28251836.0
2012-10-29,36.5,37.43,36.5,36.83,1079305.0,13167143.0
2012-10-30,36.86,37.31,36.59,36.98,748681.0,9178735.0
2012-10-31,36.98,37.16,36.32,36.59,1011032.0,12252911.0
2012-11-01,36.71,38.79,36.62,38.4,3548906.0,44520556.0
2012-11-02,38.25,38.25,37.4,37.77,2132077.0,26712752.0
2012-11-05,37.52,38.37,37.13,38.04,1799196.0,22472414.0
2012-11-06,37.8,39.19,37.77,39.01,4459440.0,57229732.0
2012-11-07,38.79,38.95,38.07,38.22,2007333.0,25427974.0
2012-11-08,37.34,37.77,36.68,36.74,1813572.0,22213194.0
2012-11-09,36.59,36.98,36.13,36.32,1211408.0,14646431.0
2012-11-12,36.41,36.95,36.35,36.8,704430.0,8545521.0
2012-11-13,36.8,36.8,35.29,35.32,1599967.0,19000738.0
2012-11-14,35.32,35.8,35.29,35.62,888502.0,10437735.0
2012-11-15,35.26,35.26,33.84,34.02,1469521.0,16776618.0
2012-11-16,34.02,34.11,32.18,33.35,1861186.0,20239492.0
2012-11-19,33.23,33.72,32.72,33.6,898671.0,9881046.0
2012-11-20,33.99,33.99,33.3,33.33,798915.0,8877734.0
2012-11-21,33.96,36.65,33.75,35.32,4011489.0,46891884.0
2012-11-22,34.44,34.84,34.11,34.35,1753546.0,20020610.0
2012-11-23,33.99,34.72,33.99,34.05,1299717.0,14748880.0
2012-11-26,34.11,34.69,34.08,34.2,972774.0,11069676.0
2012-11-27,33.57,33.69,31.84,31.91,1867932.0,19974224.0
2012-11-28,32.57,33.72,32.03,32.3,2056008.0,22287630.0
2012-11-29,30.82,32.12,30.24,30.58,1637544.0,16950812.0
2012-11-30,30.58,31.21,30.24,31.0,1142248.0,11641722.0
2012-12-03,30.7,31.15,29.19,29.34,1883263.0,18748032.0
2012-12-04,29.46,29.91,27.95,29.73,2149069.0,20487948.0
2012-12-05,29.49,32.69,29.25,32.69,3338210.0,35465916.0
2012-12-06,34.74,34.74,33.02,33.42,6946392.0,77447112.0
2012-12-07,33.27,35.77,32.81,34.53,6917419.0,79233400.0
2012-12-10,34.14,35.62,33.42,35.32,5994211.0,69009608.0
2012-12-11,34.62,35.23,34.2,34.29,3549712.0,40653056.0
2012-12-12,34.56,36.1,33.99,35.17,5809835.0,67891904.0
2012-12-13,35.05,35.14,33.69,33.93,3399578.0,38524916.0
2012-12-14,33.6,36.86,33.6,36.23,7217266.0,84808200.0
2012-12-17,35.86,38.37,35.56,37.55,8271380.0,101110992.0
2012-12-18,37.04,37.77,36.26,36.68,4954915.0,60686052.0
2012-12-19,36.53,37.49,36.29,36.77,3403790.0,41633568.0
2012-12-20,36.56,37.13,35.74,37.13,3536586.0,42754860.0
2012-12-21,37.37,37.55,36.26,36.53,3766716.0,45938048.0
2012-12-24,36.59,36.95,36.26,36.5,2250538.0,27230872.0
2012-12-25,36.59,38.16,36.59,37.4,5350124.0,66436524.0
2012-12-26,37.16,40.06,37.13,39.4,8405184.0,108162280.0
2012-12-27,39.67,39.7,38.07,38.07,6091901.0,77832552.0
2012-12-28,38.04,38.49,37.4,38.34,2881763.0,36286792.0
2012-12-31,38.67,38.82,37.34,38.01,2951393.0,37008164.0
2013-01-04,38.37,38.79,37.62,38.07,2893590.0,36620872.0
2013-01-07,38.22,38.52,37.83,38.52,2793855.0,35347272.0
2013-01-08,38.55,39.73,37.92,39.1,4786303.0,61530412.0
2013-01-09,39.03,40.18,38.64,39.52,5332484.0,69834824.0
2013-01-10,39.55,39.73,38.82,39.16,2743293.0,35585860.0
2013-01-11,39.49,39.58,37.4,37.55,3609785.0,45665144.0
2013-01-14,37.86,38.88,37.34,38.7,3787236.0,48099944.0
2013-01-15,38.73,41.91,38.55,40.34,8131460.0,108694464.0
2013-01-16,39.91,40.18,38.88,39.49,5150711.0,67366288.0
2013-01-17,39.4,41.24,38.7,40.37,7025206.0,93671416.0
2013-01-18,40.21,40.67,39.52,40.49,4121901.0,54952672.0
2013-01-21,40.64,42.9,40.06,42.57,9397981.0,130029872.0
2013-01-22,42.12,42.24,40.64,41.27,5554234.0,76171640.0
2013-01-23,41.06,41.81,40.03,40.7,3436452.0,46351180.0
2013-01-24,40.79,41.84,39.28,39.52,4572718.0,61496728.0
2013-01-25,39.28,40.45,39.28,39.7,2747666.0,36233864.0
2013-01-28,39.82,40.79,39.64,40.61,2941888.0,39208692.0
2013-01-29,40.52,41.51,40.34,41.18,4024324.0,54524688.0
2013-01-30,41.36,41.39,39.94,40.42,2892116.0,38825564.0
2013-01-31,40.37,40.64,39.43,39.73,2442805.0,32218716.0
2013-02-01,39.55,40.12,39.34,39.82,2090034.0,27443184.0
2013-02-04,39.52,39.88,38.82,38.88,2683227.0,34878600.0
2013-02-05,38.7,39.7,38.46,39.34,1694363.0,22037076.0
2013-02-06,39.34,39.82,39.16,39.58,1520642.0,19961120.0
2013-02-07,40.06,41.6,39.97,40.55,4775978.0,64715600.0
2013-02-08,39.94,40.94,39.91,40.79,2835645.0,38112500.0
2013-02-18,40.97,44.35,40.52,43.02,8589170.0,121013504.0
2013-02-19,42.87,42.9,41.63,41.97,4605847.0,64233664.0
2013-02-20,41.75,42.75,41.75,42.48,3170703.0,44455168.0
2013-02-21,42.3,42.3,41.0,41.0,3446937.0,47236228.0
2013-02-22,41.33,41.57,40.33,40.49,2274177.0,30718502.0
2013-02-25,40.45,41.21,40.24,41.0,1765110.0,23811330.0
2013-02-26,40.49,40.94,39.73,39.73,2111445.0,28160406.0
2013-02-27,39.7,40.49,39.7,40.0,1107496.0,14660319.0
2013-02-28,40.42,41.88,39.88,41.69,4211168.0,57425016.0
2013-03-01,41.42,42.12,41.24,42.03,3839342.0,52968148.0
2013-03-04,41.69,41.69,40.03,40.42,2986234.0,40256312.0
2013-03-05,40.42,41.24,38.98,41.06,2401769.0,32094864.0
2013-03-06,41.06,41.69,40.79,41.69,3312012.0,45380612.0
2013-03-07,41.75,41.97,40.49,40.88,2414705.0,32915478.0
2013-03-08,40.79,41.63,40.37,41.3,3017010.0,41143124.0
2013-03-11,41.39,41.75,40.88,41.57,2373140.0,32511534.0
2013-03-12,41.84,41.84,39.73,40.27,3196145.0,43008368.0
2013-03-13,40.27,40.45,38.88,39.13,2059088.0,26913354.0
2013-03-14,38.98,39.7,38.98,39.07,978179.0,12749414.0
2013-03-15,39.07,39.46,37.89,38.43,1612801.0,20683670.0
2013-03-18,38.43,38.79,37.1,37.16,1255822.0,15715685.0
2013-03-19,37.01,37.62,36.95,37.31,1032721.0,12742681.0
2013-03-20,37.83,41.06,37.83,41.06,4008571.0,52930860.0
2013-03-21,42.39,43.36,41.88,42.48,11625333.0,163146816.0
2013-03-22,42.36,44.11,42.09,43.17,10083075.0,143769808.0
2013-03-25,42.93,43.05,41.91,42.54,5212029.0,73326576.0
2013-03-26,42.45,43.42,41.12,42.87,5297146.0,74400320.0
2013-03-27,42.54,43.36,41.94,42.39,4238105.0,59558820.0
2013-03-28,42.03,42.03,40.67,40.67,3278023.0,44657164.0
2013-03-29,40.64,41.0,39.46,39.49,2689687.0,35612908.0
2013-04-01,39.16,40.09,39.01,39.88,1484308.0,19488524.0
2013-04-02,40.06,40.37,39.16,39.25,1782492.0,23381476.0
2013-04-03,39.43,39.52,38.1,38.46,1872561.0,23986482.0
2013-04-08,37.95,38.82,37.16,38.79,1729940.0,21630420.0
2013-04-09,38.82,39.73,38.55,39.28,1547186.0,20108280.0
2013-04-10,39.43,39.79,37.77,38.85,1581684.0,20320336.0
2013-04-11,39.25,39.25,38.25,38.4,921378.0,11803051.0
2013-04-12,38.22,39.13,37.86,38.43,1158327.0,14769721.0
2013-04-15,38.34,38.34,37.37,37.55,885389.0,11028912.0
2013-04-16,37.25,38.37,36.8,38.34,891510.0,11089444.0
2013-04-17,38.34,38.79,38.1,38.61,1245047.0,15889639.0
2013-04-18,38.46,39.16,38.07,38.61,1327741.0,17033126.0
2013-04-19,38.61,39.58,38.49,39.34,2168060.0,28147652.0
2013-04-22,39.13,39.64,38.88,39.64,1860047.0,24151188.0
2013-04-23,39.43,39.58,37.16,37.28,2241081.0,28351740.0
2013-04-24,37.52,38.31,37.19,38.04,1282966.0,16066734.0
2013-04-25,38.04,38.31,37.4,37.46,1209119.0,15130829.0
2013-04-26,37.46,37.86,36.1,36.23,1262478.0,15433457.0
2013-05-02,36.1,36.26,35.5,35.77,1147034.0,13584636.0
2013-05-03,36.2,37.13,35.8,36.83,953411.0,11579839.0
2013-05-06,37.1,37.65,36.83,37.43,1068054.0,13214774.0
2013-05-07,37.37,37.98,36.98,37.65,1299657.0,16139014.0
2013-05-08,37.65,38.22,37.52,38.04,1571548.0,19726808.0
2013-05-09,37.68,38.22,37.31,37.92,1326512.0,16579442.0
2013-05-10,37.92,39.55,37.52,38.95,3350692.0,43200916.0
2013-05-13,38.91,39.1,38.22,38.76,1911394.0,24364090.0
2013-05-14,38.49,38.98,37.65,37.68,1377434.0,17284972.0
2013-05-15,37.77,38.25,37.4,38.13,1175486.0,14723762.0
2013-05-16,38.01,39.58,37.77,39.52,4183932.0,54172764.0
2013-05-17,40.49,41.39,40.03,40.24,6207778.0,83262288.0
2013-05-20,39.88,40.88,39.58,40.49,4135337.0,55115632.0
2013-05-21,40.45,41.24,39.88,41.21,4663579.0,62465548.0
2013-05-22,41.25,41.25,40.06,40.15,3121311.0,41731696.0
2013-05-23,40.03,42.37,39.76,41.25,5715044.0,77794400.0
2013-05-24,41.28,42.46,40.24,41.98,4811365.0,65719172.0
2013-05-27,41.82,43.83,41.25,43.19,8037290.0,112690416.0
2013-05-28,43.04,43.4,42.16,42.8,4583586.0,64528856.0
2013-05-29,42.8,43.07,42.19,42.49,3311472.0,46328776.0
2013-05-30,42.49,43.04,42.13,42.61,3257436.0,45736452.0
2013-05-31,42.61,42.77,41.19,41.25,3846732.0,53191452.0
2013-06-03,41.22,41.55,40.4,40.61,2583755.0,34782252.0
2013-06-04,40.61,41.16,39.88,40.34,2456394.0,32796746.0
2013-06-05,40.37,40.91,40.06,40.82,1737358.0,23227656.0
2013-06-06,40.7,40.76,39.58,39.61,1815482.0,23897380.0
2013-06-07,39.58,40.06,37.97,38.12,2021495.0,25883940.0
2013-06-13,37.36,37.36,35.75,36.45,2021050.0,24189666.0
2013-06-14,36.54,37.27,36.45,36.9,1360729.0,16489931.0
2013-06-17,36.93,37.02,36.3,36.45,1288037.0,15535159.0
2013-06-18,36.54,36.9,36.3,36.78,1172363.0,14122423.0
2013-06-19,36.51,36.57,35.48,36.08,1439896.0,16997664.0
2013-06-20,36.02,36.08,34.62,34.78,1390180.0,16169905.0
2013-06-21,34.47,34.87,33.44,34.69,1307137.0,14677937.0
2013-06-24,34.84,34.84,31.59,32.04,1436563.0,15628801.0
2013-06-25,32.01,32.29,29.1,31.28,1897483.0,19266742.0
2013-06-26,31.28,32.95,30.52,32.68,2399928.0,25146152.0
2013-06-27,32.8,33.32,31.47,31.77,2199725.0,23661510.0
2013-06-28,31.86,32.62,30.71,32.23,1203561.0,12715849.0
2013-07-01,31.89,35.41,31.28,33.32,1847877.0,20293540.0
2013-07-02,33.26,33.71,33.11,33.53,1461762.0,16091926.0
2013-07-03,33.11,33.59,32.56,33.26,1707605.0,18521056.0
2013-07-04,32.89,34.02,32.56,33.62,1988037.0,21907378.0
2013-07-05,33.65,33.96,33.29,33.96,2017808.0,22373224.0
2013-07-08,33.59,33.59,31.47,31.47,1527631.0,16321480.0
2013-07-09,31.44,31.86,31.04,31.13,920301.0,9495115.0
2013-07-10,31.13,32.35,31.13,32.35,1024620.0,10739494.0
2013-07-11,31.92,33.62,31.92,33.23,2121734.0,23166390.0
2013-07-12,33.56,33.9,33.05,33.26,1502917.0,16544472.0
2013-07-15,33.32,33.96,33.26,33.77,1355213.0,15021248.0
2013-07-16,33.71,34.32,33.44,34.23,1677799.0,18711216.0
2013-07-17,34.26,34.44,33.02,33.11,1629125.0,18021778.0
2013-07-18,33.05,33.05,32.32,32.44,1513897.0,16242129.0
2013-07-19,32.07,32.74,31.38,31.44,1529768.0,16136933.0
2013-07-22,31.38,32.71,29.7,32.53,1652915.0,17402674.0
2013-07-23,32.68,33.32,32.29,33.29,1996045.0,21634964.0
2013-07-24,33.41,33.41,32.29,33.02,1667250.0,18080700.0
2013-07-25,32.86,34.23,32.77,33.17,2154257.0,23806346.0
2013-07-26,33.11,33.59,32.01,32.41,1303669.0,14020283.0
2013-07-29,31.89,32.38,31.53,31.71,895433.0,9380558.0
2013-07-30,31.07,33.71,31.07,33.71,2154383.0,23259892.0
2013-07-31,33.41,34.2,32.68,33.08,1665629.0,18211668.0
2013-08-01,33.08,34.17,32.89,33.96,2511829.0,27912754.0
2013-08-02,34.47,34.62,33.62,33.71,2013381.0,22568048.0
2013-08-05,33.71,34.93,33.68,34.87,2869744.0,32545742.0
2013-08-06,34.87,35.05,34.2,34.72,2231374.0,25399696.0
2013-08-07,34.44,34.81,33.87,33.9,2038040.0,22961758.0
2013-08-08,33.71,34.56,33.71,34.26,1283935.0,14467611.0
2013-08-09,34.32,35.11,34.17,34.62,2032656.0,23170922.0
2013-08-12,34.62,35.63,34.41,35.51,3284772.0,37890332.0
2013-08-13,35.26,35.45,34.87,35.29,1885181.0,21810718.0
2013-08-14,35.38,35.54,34.56,34.66,2320349.0,26666766.0
2013-08-15,34.35,34.66,33.74,33.8,1714150.0,19270896.0
2013-08-16,33.44,34.38,32.98,33.02,1767256.0,19591276.0
2013-08-19,32.65,33.68,32.65,33.5,969392.0,10629980.0
2013-08-20,33.5,34.14,33.5,33.77,1076304.0,11996240.0
2013-08-21,33.47,34.9,33.29,34.59,2359870.0,26642034.0
2013-08-22,34.5,34.5,33.93,34.02,1275875.0,14355925.0
2013-08-23,34.11,34.56,32.86,33.44,1338684.0,14880677.0
2013-08-26,33.38,34.17,33.11,34.14,1184324.0,13211640.0
2013-08-27,34.08,34.78,33.93,34.62,1467724.0,16669827.0
2013-08-28,34.2,34.59,33.74,34.02,1470826.0,16591725.0
2013-08-29,33.99,36.33,33.99,35.32,4551543.0,53122656.0
2013-08-30,35.23,35.41,34.47,34.62,2595387.0,29761236.0
2013-09-02,34.41,34.69,33.68,34.59,1786202.0,20054428.0
2013-09-03,34.69,35.32,34.2,35.17,2079563.0,23941936.0
2013-09-04,35.17,35.32,34.69,35.17,1516812.0,17467530.0
2013-09-05,35.05,35.93,35.05,35.23,2138706.0,25005936.0
2013-09-06,35.14,35.35,34.78,34.9,1753644.0,20161148.0
2013-09-09,35.11,35.57,34.93,35.45,1973740.0,22941454.0
2013-09-10,35.38,35.66,34.93,35.41,2055389.0,23867900.0
2013-09-11,35.48,36.66,35.17,36.3,4531592.0,53825056.0
2013-09-12,36.3,37.84,35.72,37.21,5842253.0,71771096.0
2013-09-13,36.96,37.3,36.14,36.45,3181050.0,38213128.0
2013-09-16,36.33,37.12,35.84,36.05,1778279.0,21196860.0
2013-09-17,35.99,36.45,35.81,35.84,1622627.0,19311308.0
2013-09-18,35.87,37.69,35.84,37.45,3488871.0,42514100.0
2013-09-23,37.45,38.12,37.05,37.39,2885734.0,35607732.0
2013-09-24,37.39,37.69,36.51,37.12,2386958.0,29012468.0
2013-09-25,36.93,40.4,36.69,39.67,5530791.0,69889224.0
2013-09-26,38.91,39.33,37.81,37.97,3697012.0,46957908.0
2013-09-27,37.97,38.39,37.39,37.72,1929481.0,24007808.0
2013-09-30,37.94,38.27,37.48,38.18,1538973.0,19224362.0
2013-10-08,38.03,38.03,36.69,37.75,1835203.0,22677058.0
2013-10-09,37.75,37.75,36.87,37.42,2410349.0,29513996.0
2013-10-10,37.45,38.06,37.21,37.66,1962558.0,24312620.0
2013-10-11,37.63,37.97,37.21,37.6,1855813.0,22965024.0
2013-10-14,37.88,38.21,37.21,38.03,2187311.0,27173680.0
2013-10-15,38.21,38.24,36.75,36.93,2344310.0,28755798.0
2013-10-16,36.75,36.87,35.08,35.45,2453592.0,28853848.0
2013-10-17,35.66,36.02,35.14,35.23,1450172.0,16998400.0
2013-10-18,35.23,35.78,35.23,35.48,1171334.0,13672810.0
2013-10-21,35.48,36.51,35.41,36.27,1291803.0,15357234.0
2013-10-22,36.39,36.81,35.87,36.05,1763318.0,21125684.0
2013-10-23,36.14,36.54,34.93,34.96,1642544.0,19221470.0
2013-10-24,34.87,35.08,34.14,34.26,2036042.0,23119922.0
2013-10-25,34.32,34.5,33.71,34.11,967129.0,10825868.0
2013-10-28,34.53,34.53,33.84,33.96,699649.0,7847219.0
2013-10-29,33.77,34.5,31.38,32.1,1859254.0,19768372.0
2013-10-30,32.13,33.05,32.1,32.98,1184223.0,12716852.0
2013-10-31,32.83,34.05,32.83,33.11,1537957.0,16966972.0
2013-11-01,33.41,33.96,33.02,33.5,890681.0,9792753.0
2013-11-04,33.29,34.59,33.17,34.02,1100128.0,12277118.0
2013-11-05,33.71,34.62,33.35,34.47,1482953.0,16650085.0
2013-11-06,34.23,36.96,34.17,35.11,3666809.0,43128000.0
2013-11-07,34.72,35.35,33.87,34.08,2056331.0,23373554.0
2013-11-08,34.08,35.35,33.87,34.81,2056682.0,23491898.0
2013-11-11,34.78,36.02,34.38,35.81,1842506.0,21604748.0
2013-11-12,35.63,36.2,35.41,35.99,1494204.0,17659822.0
2013-11-13,35.81,35.81,35.17,35.2,1327742.0,15521102.0
2013-11-14,35.08,36.23,35.05,36.17,1167987.0,13766075.0
2013-11-15,35.99,36.96,35.66,35.78,1785885.0,21378194.0
2013-11-18,35.78,36.66,35.78,36.33,1298642.0,15517677.0
2013-11-19,36.33,36.93,36.17,36.66,1520890.0,18352852.0
2013-11-20,36.72,37.36,36.23,37.27,2423910.0,29404578.0
2013-11-21,37.21,37.33,36.6,37.15,1837396.0,22361196.0
2013-11-22,37.15,37.36,36.57,36.57,1207499.0,14656909.0
2013-11-25,36.6,36.69,35.78,35.9,1318859.0,15751198.0
2013-11-26,35.9,36.69,35.6,36.51,1343442.0,15990310.0
2013-11-27,36.81,36.99,36.45,36.66,1169635.0,14160121.0
2013-11-28,36.66,37.15,36.2,36.84,1542968.0,18729528.0
2013-11-29,36.72,37.75,36.72,37.57,2202011.0,27042478.0
2013-12-02,37.09,37.09,34.5,34.62,2861827.0,33724124.0
2013-12-03,34.81,35.38,33.77,35.29,1698906.0,19337376.0
2013-12-04,35.23,36.27,34.78,35.84,1185188.0,14002074.0
2013-12-05,35.81,36.23,35.69,35.87,975632.0,11527881.0
2013-12-06,35.84,36.17,35.6,35.84,782034.0,9249100.0
2013-12-09,35.72,39.33,35.72,37.45,4270605.0,52890772.0
2013-12-10,37.75,37.81,36.78,37.51,1861551.0,22862278.0
2013-12-11,37.6,37.6,36.51,36.87,1295314.0,15747355.0
2013-12-12,36.78,37.81,36.78,37.45,1797945.0,22165082.0
2013-12-13,37.45,39.12,36.96,38.54,4071278.0,51324320.0
2014-03-10,42.4,42.4,42.4,42.4,1432627.0,19999472.0
2014-03-11,46.65,46.65,43.43,45.65,17951102.0,270353152.0
2014-03-12,46.77,50.21,46.14,50.21,12782380.0,207166768.0
2014-03-13,51.33,54.0,47.62,48.02,18416912.0,307669984.0
2014-03-14,46.47,49.51,45.04,48.38,12026687.0,186414320.0
2014-03-17,47.53,53.21,47.08,53.21,14651019.0,246947648.0
2014-03-18,54.64,55.58,51.39,52.18,16376483.0,289044704.0
2014-03-19,51.06,54.22,50.66,53.67,13608841.0,234906272.0
2014-03-20,53.0,56.1,50.88,50.88,12755730.0,225009904.0
2014-03-21,49.69,52.15,49.23,51.63,7140249.0,119831360.0
2014-03-24,52.18,56.19,51.18,53.58,12010411.0,214659536.0
2014-03-25,52.03,53.15,49.36,50.12,9564469.0,160924944.0
2014-03-26,50.27,51.45,49.51,50.3,5540758.0,91962456.0
2014-03-27,49.81,50.33,47.08,47.2,6829279.0,109347952.0
2014-03-28,46.96,47.47,45.04,45.23,5789407.0,87805608.0
2014-03-31,44.98,46.62,44.92,45.77,3107794.0,46910940.0
2014-04-01,45.5,46.93,45.35,46.87,2714772.0,41461084.0
2014-04-02,46.93,47.81,45.47,46.17,3408395.0,52062544.0
2014-04-03,45.92,47.59,45.32,46.56,2922710.0,44685368.0
2014-04-04,46.53,48.2,45.77,48.02,3899785.0,60508772.0
2014-04-08,47.93,48.78,47.38,48.2,3401967.0,54002980.0
2014-04-09,48.2,50.39,48.02,49.2,4781268.0,77675080.0
2014-04-10,48.72,49.51,47.99,48.05,3952970.0,63329964.0
2014-04-11,47.75,48.08,46.71,47.56,2459316.0,38395332.0
2014-04-14,47.56,50.66,47.14,50.12,6086290.0,99271880.0
2014-04-15,49.51,49.81,48.32,49.11,3712407.0,59810500.0
2014-04-16,50.42,51.45,49.51,50.12,6294946.0,104504264.0
2014-04-17,50.12,51.21,49.05,50.66,4345597.0,71776136.0
2014-04-18,51.03,51.39,49.9,50.39,3488329.0,58114408.0
2014-04-21,50.42,51.54,49.27,50.05,4351123.0,72396600.0
2014-04-22,50.05,50.6,46.23,47.14,4223444.0,66493368.0
2014-04-23,47.67,51.77,47.06,49.57,17977710.0,147326368.0
2014-04-24,49.26,54.4,46.51,52.62,27937720.0,233945968.0
2014-04-25,51.52,54.09,48.9,49.51,20359204.0,173458768.0
2014-04-28,48.96,49.45,44.56,44.8,14614821.0,110265800.0
2014-04-29,44.01,46.02,43.76,46.02,7406347.0,54720804.0
2014-04-30,45.84,46.94,44.5,44.86,6463067.0,48331216.0
2014-05-05,44.5,47.67,44.01,47.55,9262321.0,69820328.0
2014-05-06,47.19,49.02,46.45,47.43,11082392.0,86801528.0
2014-05-07,47.06,50.73,45.84,50.73,14809114.0,117718784.0
2014-05-08,49.88,51.59,49.02,50.12,12645760.0,104167608.0
2014-05-09,50.06,54.21,49.26,53.17,20572852.0,175425232.0
2014-05-12,53.11,53.6,51.1,53.05,17203844.0,148135584.0
2014-05-13,53.05,57.88,51.95,56.35,29180052.0,266908864.0
2014-05-14,55.68,57.88,54.7,56.84,20457028.0,188886032.0
2014-05-15,56.35,57.15,52.56,52.87,19649994.0,174616944.0
2014-05-16,52.56,53.66,49.63,50.61,12478688.0,104490856.0
2014-05-19,50.55,51.83,49.2,51.22,8890654.0,74121536.0
2014-05-20,51.34,52.14,49.69,50.24,9749293.0,80548144.0
2014-05-21,49.94,50.67,49.39,50.36,6409994.0,52433676.0
2014-05-22,50.61,51.77,50.3,50.49,8794140.0,73392560.0
2014-05-23,50.36,51.28,49.75,50.12,6516432.0,53719112.0
2014-05-26,50.36,55.13,50.36,54.64,17336084.0,150004160.0
2014-05-28,55.44,59.29,54.64,56.05,23750440.0,220006624.0
2014-05-29,55.62,61.12,55.38,59.35,34017772.0,326195104.0
2014-05-30,58.62,58.8,56.72,58.43,20430840.0,193013680.0
2014-06-03,58.25,60.51,56.9,57.15,16350369.0,157225904.0
2014-06-04,57.39,59.9,55.13,59.59,16235600.0,152628512.0
2014-06-05,58.98,60.81,57.45,59.23,13716895.0,132620592.0
2014-06-06,59.72,62.77,58.68,61.49,23793284.0,236483936.0
2014-06-09,60.57,62.16,59.47,60.33,13882531.0,137543712.0
2014-06-10,59.9,62.16,58.49,60.69,13691385.0,134831760.0
2014-06-11,60.51,60.69,58.92,59.29,11371550.0,111231536.0
2014-06-12,58.55,58.98,57.21,57.64,12582276.0,118993672.0
2014-06-13,57.52,58.43,56.9,58.31,8415365.0,79636336.0
2014-06-16,60.08,63.93,59.53,63.75,26004734.0,266401568.0
2014-06-17,62.34,63.44,61.49,62.59,12846581.0,131348632.0
2014-06-18,62.28,64.97,62.04,62.04,14949127.0,155172016.0
2014-06-19,61.12,64.24,60.14,63.2,16684275.0,170576976.0
2014-06-20,63.14,64.12,61.12,62.47,9502862.0,97162992.0
2014-06-23,62.4,62.95,61.3,62.04,9367328.0,95045248.0
2014-06-24,62.1,63.5,61.24,63.5,11208058.0,114318152.0
2014-07-04,68.7,69.86,65.46,69.86,15757711.0,174944448.0
2014-07-07,72.67,76.4,70.29,74.08,28593304.0,344681728.0
2014-07-08,74.32,74.44,70.96,72.86,16795190.0,199714928.0
2014-07-09,71.69,75.73,70.53,74.57,21885738.0,264032800.0
2014-07-10,72.37,74.87,72.25,72.61,10550038.0,126582792.0
2014-07-11,71.88,73.22,70.84,70.96,8339365.0,98248248.0
2014-07-14,70.9,74.38,69.98,74.32,9318001.0,109351336.0
2014-07-15,73.89,75.55,72.12,72.61,8729672.0,105382064.0
2014-07-16,72.37,76.4,70.9,74.2,12767238.0,154057040.0
2014-07-17,73.83,74.93,71.51,72.31,7088921.0,84658256.0
2014-07-18,71.57,74.32,71.51,72.61,5497005.0,65493856.0
2014-07-21,72.25,72.86,67.23,67.23,10845188.0,123841504.0
2014-07-22,66.38,68.33,65.52,67.6,7480627.0,82323480.0
2014-07-23,67.23,68.09,64.18,64.91,8985746.0,96491064.0
2014-07-24,65.34,65.64,62.89,63.2,6599471.0,69279840.0
2014-07-25,62.95,64.42,62.47,63.99,5194648.0,54123360.0
2014-07-28,63.99,70.41,63.99,70.41,12400760.0,140025488.0
2014-07-29,73.34,77.32,71.51,75.73,32165708.0,394259744.0
2014-07-30,73.96,77.75,73.22,77.69,26824332.0,331516960.0
2014-07-31,75.3,75.97,74.14,75.24,17883720.0,219883936.0
2014-08-01,75.61,75.73,73.47,73.83,10712689.0,129903096.0
2014-08-04,74.02,74.44,72.92,74.2,6770976.0,81939960.0
2014-08-05,73.96,74.87,72.0,74.32,7665577.0,92239800.0
2014-08-06,74.08,75.06,72.92,73.22,8856758.0,106800784.0
2014-08-07,72.73,74.08,72.31,73.41,6812688.0,81722648.0
2014-08-08,73.47,73.71,72.12,72.98,5788256.0,68869864.0
2014-08-11,73.04,74.38,72.55,74.2,7556276.0,91092792.0
2014-08-12,74.2,74.38,72.73,73.65,6243387.0,75007032.0
2014-08-13,74.26,77.93,73.96,76.46,18080272.0,225464320.0
2014-08-14,75.79,75.79,73.41,73.41,11254541.0,136692096.0
2014-08-15,74.02,74.08,72.61,73.34,5999372.0,71858544.0
2014-08-19,76.71,78.23,75.18,75.55,16219371.0,203150240.0
2014-08-20,76.03,76.34,73.41,73.65,8305953.0,100638384.0
2014-08-21,73.04,73.89,72.12,73.65,5907247.0,70669312.0
2014-08-22,73.65,73.89,72.61,73.53,4069422.0,48794188.0
2014-08-25,73.71,73.89,70.59,71.63,7628738.0,89867880.0
2014-08-26,70.66,72.49,70.29,70.35,5467961.0,63731708.0
2014-08-27,69.8,71.02,69.8,70.29,3427213.0,39395964.0
2014-08-28,69.74,71.08,69.56,69.62,3342405.0,38325416.0
2014-08-29,69.68,71.14,68.52,70.9,3296885.0,37716788.0
2014-09-01,71.02,72.92,71.02,72.49,4799249.0,56453964.0
2014-09-02,72.0,76.28,72.0,75.48,13915371.0,170660672.0
2014-09-03,75.48,76.4,74.57,76.34,11418766.0,141296048.0
2014-09-04,76.71,83.92,76.71,81.6,29121980.0,388932960.0
2014-09-05,81.84,83.31,79.46,81.47,16426001.0,218348400.0
2014-09-09,81.17,81.17,79.15,80.01,11697825.0,152837776.0
2014-09-10,80.01,81.05,78.72,80.01,7322924.0,96077984.0
2014-09-11,79.95,80.98,78.54,80.19,8538107.0,111578808.0
2014-09-12,80.19,81.66,79.46,81.05,7585351.0,100164416.0
2014-09-15,81.66,83.31,80.62,81.72,7943156.0,106385456.0
2014-09-16,82.51,82.76,77.68,77.75,7207038.0,94495216.0
2014-09-17,77.62,78.72,75.3,77.01,5987457.0,75299608.0
2014-09-18,77.13,78.23,76.4,77.99,3883068.0,49316008.0
2014-09-19,77.93,81.47,77.07,81.05,5781936.0,75595232.0
2014-09-22,80.56,82.51,77.56,82.45,10828028.0,142765968.0
2014-09-23,81.6,83.55,80.37,82.64,9433659.0,126621456.0
2014-09-24,82.7,83.0,81.72,81.84,6553346.0,88056600.0
2014-09-25,81.84,82.45,79.52,80.07,6895547.0,91249888.0
2014-09-26,80.01,81.29,79.7,80.86,4161163.0,54745952.0
2014-09-29,80.86,82.27,80.19,80.74,3582588.0,47392444.0
2014-09-30,80.74,81.47,80.31,81.29,4016042.0,53242544.0
2014-10-08,80.68,83.55,80.37,83.25,7914287.0,107005976.0
2014-10-09,83.25,83.43,81.35,82.15,5960282.0,80020824.0
2014-10-10,82.08,82.08,80.07,80.56,4767487.0,62846164.0
2014-10-13,80.19,80.92,79.7,80.31,3432023.0,44998832.0
2014-10-14,80.25,80.68,79.09,79.4,3654303.0,47846340.0
2014-10-15,79.03,79.7,78.23,78.48,4002171.0,51601332.0
2014-10-16,78.54,80.07,78.11,78.11,4531415.0,58595724.0
2014-10-17,78.17,78.91,75.24,76.4,3994783.0,50018128.0
2014-10-20,76.4,77.01,76.03,76.4,4068852.0,50945536.0
2014-10-21,76.89,77.32,74.32,74.44,4100010.0,50695272.0
2014-10-22,74.44,75.12,71.82,72.67,4022485.0,48406504.0
2014-10-23,72.61,73.22,69.07,69.86,3861619.0,44692812.0
2014-10-24,69.86,70.84,69.07,69.49,2493946.0,28539398.0
2014-10-27,69.56,72.18,67.91,72.12,3920714.0,44981228.0
2014-10-28,71.94,73.47,71.69,73.16,3554005.0,42389308.0
2014-10-29,73.41,74.38,72.37,73.53,4161127.0,49956756.0
2014-10-30,74.08,76.34,73.65,74.02,6652946.0,81708696.0
2014-10-31,74.08,74.57,72.43,72.43,4012446.0,47890728.0
2014-11-03,72.12,74.57,72.12,74.32,4479822.0,54209808.0
2014-11-04,74.32,74.87,73.04,73.28,3143527.0,38078200.0
2014-11-05,73.47,75.48,72.73,74.2,3808109.0,46432072.0
2014-11-06,73.96,74.44,72.49,73.53,3479121.0,41753600.0
2014-11-07,73.77,74.02,72.43,72.67,3222197.0,38570364.0
2014-11-10,72.67,73.53,71.45,72.86,3130812.0,37101780.0
2014-11-11,73.16,73.89,69.07,70.11,4833117.0,56109996.0
2014-11-12,70.04,71.94,69.13,71.63,2247174.0,26122450.0
2014-11-13,72.43,72.43,69.13,69.68,3898787.0,44655480.0
2014-11-14,69.62,70.11,68.03,68.64,2414372.0,27080634.0
2014-11-17,68.64,72.43,68.64,71.82,4264795.0,49544036.0
2014-11-18,71.82,75.55,70.35,75.48,11662980.0,139984944.0
2014-11-19,75.18,77.32,73.96,77.26,13052198.0,161001728.0
2014-11-20,76.77,77.5,75.24,76.52,11188762.0,139754416.0
2014-11-21,76.4,82.57,75.48,81.66,18440298.0,234434784.0
2014-11-24,82.51,82.51,79.52,80.37,20620488.0,271012960.0
2014-11-25,79.95,83.37,77.13,82.76,23950048.0,317188384.0
2014-11-26,82.21,84.65,80.44,83.19,27170512.0,366492512.0
2014-11-27,82.82,83.8,81.17,82.7,21245984.0,286735456.0
2014-11-28,81.9,90.83,81.72,90.34,36477856.0,508192416.0
2014-12-01,89.11,90.28,86.12,88.32,30050296.0,433572800.0
2014-12-02,88.01,89.3,87.34,88.62,23818572.0,343254784.0
2014-12-03,88.5,88.75,85.14,87.4,20022236.0,283548640.0
2014-12-04,85.87,88.62,85.87,86.36,17584582.0,249619552.0
2014-12-05,86.06,86.06,77.81,79.76,16647307.0,221252416.0
2014-12-08,79.82,81.05,77.93,79.03,10691827.0,138428960.0
2014-12-09,77.93,79.27,71.57,73.34,11843412.0,148679840.0
2014-12-10,74.75,80.68,72.12,80.68,20989402.0,271579520.0
2014-12-11,80.68,83.37,79.7,82.45,18370288.0,244334096.0
2014-12-12,82.08,83.12,80.56,81.66,13098831.0,175211040.0
2014-12-15,80.07,83.61,80.07,82.88,12270792.0,165435888.0
2014-12-16,88.14,91.19,84.96,85.08,23853100.0,341634240.0
2014-12-17,85.45,86.79,82.02,82.57,13141104.0,180186368.0
2014-12-18,83.43,84.28,80.68,84.22,10076694.0,135770944.0
2014-12-19,84.16,84.16,80.19,81.17,6771956.0,90552616.0
2014-12-22,80.98,81.11,74.38,75.36,7646295.0,96099128.0
2014-12-23,75.06,77.19,74.14,75.0,4056431.0,50322288.0
2014-12-24,75.06,78.36,74.87,77.93,4811688.0,60663344.0
2014-12-25,77.62,80.13,77.38,78.23,5274603.0,68011808.0
2014-12-26,78.54,79.89,77.07,77.93,4786683.0,61435388.0
2014-12-29,77.07,77.07,74.63,75.79,5896599.0,72725576.0
2014-12-30,75.79,76.16,74.02,75.0,3449541.0,42256648.0
2014-12-31,74.81,77.26,74.69,75.67,3849340.0,47995724.0
2015-01-05,75.67,76.71,74.87,76.34,3907182.0,48624300.0
2015-01-06,76.34,77.13,74.93,76.95,4682718.0,58286876.0
2015-01-07,76.89,78.54,76.4,77.26,3959560.0,50118284.0
2015-01-08,77.32,77.99,76.52,76.71,2684429.0,33843404.0
2015-01-09,76.77,77.13,74.69,74.75,3302100.0,40944860.0
2015-01-12,74.81,75.55,72.06,73.34,3848335.0,46126880.0
2015-01-13,73.34,76.71,73.34,75.79,6783362.0,83744904.0
2015-01-14,75.48,76.4,73.83,74.32,5018354.0,61556020.0
2015-01-15,74.32,74.81,72.12,73.22,5821426.0,69588928.0
2015-01-16,72.86,73.65,72.37,73.28,3465504.0,41345004.0
2015-01-19,71.82,73.16,67.23,70.96,4066571.0,47571076.0
2015-01-20,70.59,72.73,70.29,72.73,3161192.0,37329628.0
2015-01-21,72.55,74.81,72.49,74.2,3791631.0,45898888.0
2015-01-22,73.96,75.55,73.96,75.55,3987145.0,48780692.0
2015-01-23,75.55,75.67,74.32,74.38,4901668.0,60032972.0
2015-01-26,74.2,75.12,73.83,75.0,3687395.0,45014972.0
2015-01-27,75.06,75.18,73.89,74.69,3480210.0,42460880.0
2015-01-28,74.63,79.09,74.08,79.09,12094181.0,152712240.0
2015-01-29,78.85,80.25,77.68,78.42,7986121.0,103010528.0
2015-01-30,77.93,80.25,77.75,78.54,8391986.0,109098808.0
2015-02-02,78.54,82.45,77.62,81.11,10185161.0,134031408.0
2015-02-03,81.41,82.57,79.76,81.23,7242985.0,95939344.0
2015-02-04,81.11,81.11,78.6,78.66,5700744.0,74221528.0
2015-02-05,78.85,79.7,77.26,77.32,3459524.0,44437336.0
2015-02-06,77.19,77.87,74.93,75.06,3744979.0,46642304.0
2015-02-09,75.06,76.03,75.0,75.55,1969860.0,24355040.0
2015-02-10,75.67,76.28,74.44,75.91,1887158.0,23256748.0
2015-02-11,76.22,77.99,75.61,76.16,4437067.0,55933980.0
2015-02-12,76.16,83.73,76.16,82.39,13767695.0,183272864.0
2015-02-13,81.9,84.35,81.6,82.7,13009748.0,176426544.0
2015-02-16,82.82,84.28,82.57,83.61,7005574.0,95822048.0
2015-02-17,84.04,84.22,81.96,84.1,5563668.0,75948472.0
2015-03-03,92.54,92.54,92.54,92.54,2735433.0,41414456.0
2015-03-04,94.74,101.46,93.27,96.81,26888928.0,425130912.0
2015-03-05,95.41,95.84,92.29,92.72,14877038.0,227373760.0
2015-03-06,92.96,93.39,87.53,88.32,12143546.0,178127232.0
2015-03-09,87.89,90.28,85.75,89.66,6870384.0,99380528.0
2015-03-10,89.66,93.33,88.32,92.29,9969646.0,150105952.0
2015-03-11,91.92,94.43,88.5,89.36,8885136.0,131367928.0
2015-03-12,89.17,89.97,87.28,87.89,5509846.0,79546296.0
2015-03-13,88.01,90.28,88.01,89.66,6012867.0,87933720.0
2015-03-16,91.62,94.61,90.64,93.76,9612469.0,147011728.0
2015-03-17,93.21,95.17,92.29,93.7,9933389.0,152086800.0
2015-03-18,93.88,94.55,92.6,94.31,8386885.0,128573648.0
2015-03-19,94.43,98.83,93.94,97.24,12726916.0,202027376.0
2015-03-20,97.98,98.4,95.72,97.06,7955097.0,126333096.0
2015-03-23,97.06,97.67,95.96,97.43,8594330.0,136127120.0
2015-03-24,97.79,97.85,92.9,94.98,10400992.0,161934240.0
2015-03-25,94.74,97.67,93.39,97.55,9774721.0,153598368.0
2015-03-26,97.85,100.85,96.57,100.18,14158774.0,229815552.0
2015-03-27,100.05,110.2,98.95,110.2,19896460.0,349218336.0
2015-03-30,110.51,121.2,109.41,114.97,21554014.0,406575744.0
2015-03-31,117.29,117.29,111.85,114.11,13315257.0,250134224.0
2015-04-01,114.11,121.63,114.11,119.92,12291704.0,236896400.0
2015-04-02,120.28,129.57,119.8,124.38,11485038.0,232194384.0
2015-04-03,122.24,124.81,119.8,123.59,7760479.0,155717424.0
2015-04-07,124.08,125.97,120.41,122.55,9504261.0,190128384.0
2015-04-08,122.55,122.55,118.45,120.28,7495286.0,147294704.0
2015-04-09,120.1,120.1,110.02,114.36,8377161.0,156931376.0
2015-04-10,115.39,118.27,113.62,117.35,4955932.0,94767136.0
2015-04-13,118.45,121.94,111.85,118.88,6831711.0,131846624.0
2015-04-14,118.64,118.64,115.27,117.23,5395564.0,103365496.0
2015-04-15,117.6,117.96,112.95,113.81,6118692.0,114997296.0
2015-04-16,113.07,120.35,111.36,118.94,5965053.0,114516856.0
2015-04-17,119.49,124.07,119.49,121.26,7602961.0,150682288.0
2015-04-20,130.86,132.02,124.69,126.7,18171360.0,380831872.0
2015-04-21,125.3,130.19,122.85,130.19,10053567.0,208223264.0
2015-04-22,132.63,143.21,132.63,143.21,15206832.0,345610784.0
2015-04-23,146.44,146.5,138.93,139.97,11069308.0,255813264.0
2015-04-24,138.99,138.99,133.24,136.12,7207212.0,160675280.0
2015-04-27,136.3,139.17,131.71,133.49,10063964.0,221088640.0
2015-04-28,136.6,146.81,134.53,146.81,24040010.0,567939008.0
2015-04-29,146.93,147.24,134.47,141.13,12380670.0,285828000.0
2015-04-30,140.58,143.51,137.22,137.52,6787301.0,155574272.0
2015-05-04,141.8,151.27,141.8,151.27,16871960.0,410854560.0
2015-05-05,151.46,151.52,137.58,139.84,14131797.0,333289280.0
2015-05-06,137.58,143.94,136.36,137.7,9605422.0,220189296.0
2015-05-07,138.62,142.35,132.63,134.47,6523280.0,146522400.0
2015-05-08,135.87,141.68,134.47,140.94,8343291.0,188688304.0
2015-05-11,142.78,151.7,142.59,145.71,9558010.0,229857296.0
2015-05-12,145.47,148.28,142.41,146.69,10215794.0,242717840.0
2015-05-13,157.75,161.36,154.02,159.89,22173274.0,576174208.0
2015-05-14,156.04,158.18,152.86,153.9,11861929.0,300214784.0
2015-05-15,153.66,153.66,147.36,149.38,8032540.0,196622064.0
2015-05-18,149.13,156.16,146.44,154.45,8105383.0,203691584.0
2015-05-19,156.65,156.65,150.97,155.31,7948770.0,199545456.0
2015-05-20,155.06,170.83,153.41,167.65,16162260.0,428452320.0
2015-05-21,166.86,178.47,163.99,175.9,15977537.0,454789984.0
2015-05-22,176.39,178.1,168.14,174.07,11372509.0,323597248.0
2015-05-25,174.01,182.08,169.61,178.72,9126952.0,266422896.0
2015-05-26,179.14,193.02,179.14,189.17,11318645.0,344450400.0
2015-05-27,189.35,191.8,181.53,187.15,9910359.0,301819584.0
2015-05-28,186.42,193.63,173.58,173.58,11242581.0,342166720.0
2015-05-29,180.92,190.94,173.7,190.94,16675288.0,508560640.0
2015-06-01,197.48,210.01,195.59,210.01,11777230.0,398512256.0
2015-06-02,223.09,231.03,214.53,231.03,14433828.0,533372992.0
2015-06-03,241.43,250.59,226.21,238.98,15773825.0,624760128.0
2015-06-04,239.29,239.29,215.08,231.65,13433125.0,496058848.0
2015-06-05,238.81,250.68,221.31,228.9,34130312.0,656795712.0
2015-06-08,229.14,232.45,212.98,214.21,31921216.0,571038976.0
2015-06-10,228.65,228.65,218.49,225.84,26457172.0,489394688.0
2015-06-11,224.61,224.61,216.04,223.26,20762260.0,374058080.0
2015-06-12,224.37,243.95,224.37,237.46,31700310.0,610259200.0
2015-06-15,237.46,250.32,230.73,244.2,33815568.0,662517568.0
2015-06-16,241.01,241.01,224.61,228.65,20716572.0,394140256.0
2015-06-17,228.41,228.65,206.25,221.67,20374780.0,361581600.0
2015-06-18,220.33,220.94,211.76,212.98,13427517.0,236354032.0
2015-06-19,202.21,206.62,191.69,191.69,13321712.0,213431648.0
2015-06-23,189.73,191.56,172.47,187.52,18723498.0,272989728.0
2015-06-24,188.75,195.85,187.16,192.91,15785632.0,246480656.0
2015-06-25,193.15,193.77,173.69,178.47,16366826.0,245915280.0
2015-06-26,171.37,171.37,160.59,160.59,12277209.0,163854112.0
2015-06-29,171.0,171.0,144.56,145.78,20593720.0,262096880.0
2015-06-30,143.21,158.27,131.22,158.15,22781184.0,268355472.0
2015-07-01,158.51,165.86,144.44,148.48,20658840.0,269212000.0
2015-07-02,142.85,151.29,133.79,134.77,15596086.0,181237536.0
2015-07-03,132.07,140.64,121.3,122.04,15979955.0,165177680.0
2015-07-06,134.28,134.28,110.53,115.79,17370382.0,173076112.0
2015-07-07,114.69,114.94,104.17,104.17,8201390.0,71753000.0
2015-07-08,93.76,112.0,93.76,110.16,35998824.0,297077952.0
2015-07-09,102.21,121.18,101.59,121.18,14877403.0,142184112.0
2015-07-10,129.14,133.3,129.14,133.3,6714914.0,72245864.0
2015-07-13,145.66,146.64,134.65,146.64,17135556.0,203159968.0
2015-07-14,161.33,161.33,150.8,161.33,31361452.0,405944416.0
2015-07-15,156.68,161.33,145.17,145.17,19010868.0,234848720.0
2015-07-16,145.17,153.5,131.09,150.31,16031203.0,191392048.0
2015-07-17,151.54,165.25,151.54,163.9,15916331.0,208679120.0
2015-07-20,164.14,180.3,163.41,180.3,24040514.0,339467744.0
2015-07-21,180.3,198.29,171.37,195.97,30711804.0,483673728.0
2015-07-22,189.73,208.33,188.62,198.54,29686284.0,481875168.0
2015-07-23,194.87,200.62,190.83,195.85,24398332.0,388359264.0
2015-07-24,195.24,198.05,183.61,186.79,22211758.0,348837632.0
2015-07-27,182.38,191.56,168.06,168.06,20646286.0,306188352.0
2015-07-28,154.23,177.49,151.29,152.03,25199218.0,325679744.0
2015-07-29,157.53,167.2,152.39,167.2,18268994.0,237229888.0
2015-07-30,170.88,183.97,167.82,174.43,29295628.0,427270016.0
2015-07-31,171.12,186.91,171.12,180.55,22715202.0,330492832.0
2015-08-03,179.93,180.42,162.55,162.55,18640434.0,255376864.0
2015-08-04,161.94,177.98,161.57,177.36,15064945.0,210565344.0
2015-08-05,179.93,184.83,172.59,176.51,20017640.0,293408896.0
2015-08-06,170.26,175.9,167.82,169.9,11198690.0,157126912.0
2015-08-07,173.94,183.61,172.71,181.65,17410240.0,253933584.0
2015-08-10,182.14,198.29,182.14,192.42,22494024.0,348411392.0
2015-08-11,193.03,193.4,185.56,187.28,20131076.0,311353088.0
2015-08-12,183.61,191.56,182.38,189.73,14661254.0,225962400.0
2015-08-13,187.4,190.83,184.34,190.58,13501262.0,207516160.0
2015-08-14,192.66,193.28,185.44,186.18,11396551.0,175216560.0
2015-08-17,184.83,198.29,182.38,196.58,18814844.0,297046144.0
2015-08-18,195.6,198.17,176.87,176.87,19293348.0,292725856.0
2015-08-19,171.37,182.01,160.35,178.47,12487680.0,173893472.0
2015-08-20,176.87,183.48,172.59,178.22,10521933.0,153573840.0
2015-08-21,175.04,178.1,164.39,165.98,7304966.0,102576576.0
2015-08-24,157.9,158.88,149.33,149.33,6391026.0,78874632.0
2015-08-25,134.4,141.62,134.4,134.4,8476040.0,94072168.0
2015-08-26,134.64,144.56,124.24,130.36,10647102.0,118123072.0
2015-08-27,134.28,139.05,125.46,135.38,8993338.0,98369576.0
2015-08-28,139.78,148.35,135.62,147.62,10568600.0,120835376.0
2015-08-31,147.62,147.62,134.64,134.89,9326191.0,107023112.0
2015-09-01,135.87,138.56,121.42,121.42,9810025.0,104062984.0
2015-09-02,114.45,126.81,110.41,114.69,7262824.0,69230032.0
2015-09-07,117.26,124.24,108.94,111.27,14423306.0,135182272.0
2015-09-08,111.39,117.51,107.47,116.53,8004313.0,73748904.0
2015-09-09,117.75,124.24,114.81,121.42,24809684.0,240816064.0
2015-09-10,118.73,120.69,116.53,116.77,11033027.0,106751928.0
2015-09-11,116.53,119.22,115.92,118.24,6642565.0,63882724.0
2015-09-14,119.96,121.18,106.37,106.37,9580753.0,87495760.0
2015-09-15,102.82,103.55,95.72,96.94,7828819.0,63457412.0
2015-09-16,97.68,106.61,97.68,106.61,7702249.0,64351712.0
2015-09-17,107.1,113.22,104.17,105.27,11347748.0,100831968.0
2015-09-18,105.39,108.94,104.78,107.35,6247945.0,54472692.0
2015-09-21,105.39,112.37,105.02,111.88,8137401.0,73707520.0
2015-09-22,112.24,120.57,111.51,120.44,15941966.0,150911760.0
2015-09-23,117.26,119.59,113.84,115.67,9484029.0,90548704.0
2015-09-24,118.12,121.91,115.06,121.3,11597263.0,113131480.0
2015-09-25,121.3,121.79,113.84,119.96,10056905.0,97276600.0
2015-09-28,119.96,122.04,115.43,121.06,5159497.0,50387384.0
2015-09-29,118.49,119.83,114.81,118.73,4813126.0,46356480.0
2015-09-30,119.34,127.3,118.12,126.69,10138400.0,102183048.0
2015-10-08,129.75,134.4,128.52,128.89,9727929.0,104449312.0
2015-10-09,127.91,133.66,126.44,130.97,8578267.0,92246656.0
2015-10-12,132.2,144.07,131.95,143.46,13155572.0,150250400.0
2015-10-13,138.93,146.27,135.87,144.68,12156311.0,142343392.0
2015-10-14,144.8,144.8,137.95,138.68,8045537.0,92715816.0
2015-10-15,137.7,142.48,136.72,141.38,7918590.0,90843928.0
2015-10-16,143.58,145.05,138.81,141.62,9016405.0,104336016.0
2015-10-19,140.52,143.21,135.87,137.09,8524166.0,97352112.0
2015-10-20,138.44,148.11,138.44,144.44,14662864.0,171858272.0
2015-10-21,145.66,149.58,129.99,130.73,16244085.0,189321664.0
2015-10-22,129.5,140.76,128.28,139.3,11605848.0,126822352.0
2015-10-23,139.29,144.93,137.09,143.34,10932601.0,126110592.0
2015-10-26,148.11,156.68,143.95,152.15,15978862.0,197198784.0
2015-10-27,150.56,154.23,141.62,154.23,9965954.0,120926608.0
2015-10-28,152.03,156.68,148.23,148.97,8601818.0,106710000.0
2015-10-29,150.43,151.9,146.88,149.7,6295627.0,77041832.0
2015-10-30,150.19,150.19,144.56,146.27,6316209.0,75883296.0
2015-11-02,145.42,145.66,135.87,137.46,9287837.0,107436760.0
2015-11-03,138.44,139.42,135.01,136.11,4242119.0,47535608.0
2015-11-04,137.21,146.88,137.21,145.42,7890579.0,92110960.0
2015-11-05,145.66,149.09,144.56,145.66,10387070.0,124560280.0
2015-11-06,146.15,153.37,146.15,150.19,10621058.0,129997688.0
2015-11-09,146.88,152.39,146.64,151.54,14545583.0,177815568.0
2015-11-10,151.41,153.86,148.11,152.03,12682329.0,156873168.0
2015-11-11,153.49,167.2,152.76,165.0,27404696.0,361514112.0
2015-11-12,165.12,168.06,161.69,165.86,20098794.0,270246336.0
2015-11-13,163.41,163.41,157.29,159.74,10865554.0,142312352.0
2015-11-16,154.96,166.35,154.23,163.9,11487511.0,152458048.0
2015-11-17,165.49,170.75,160.96,161.33,14113359.0,191383184.0
2015-11-18,161.33,163.29,158.27,159.62,6859873.0,89919672.0
2015-11-19,159.98,164.02,157.9,163.29,6063386.0,79670368.0
2015-11-20,163.53,165.98,160.84,163.9,9918714.0,132162792.0
2015-11-23,164.02,169.9,163.16,165.86,10179960.0,138687968.0
2015-11-24,162.8,165.12,158.88,162.31,7196430.0,95206768.0
2015-11-25,163.41,165.12,161.69,164.02,7075106.0,94456736.0
2015-11-26,167.69,180.42,164.63,178.71,21371404.0,298454432.0
2015-11-27,173.81,175.04,160.84,160.84,18520564.0,254649424.0
2015-11-30,160.1,161.69,147.25,157.78,9846204.0,124806840.0
2015-12-01,156.68,162.55,155.45,158.39,6317760.0,82566104.0
2015-12-02,159.12,174.18,159.12,168.55,22924338.0,316861216.0
2015-12-03,164.63,172.1,162.55,170.51,14148756.0,194550608.0
2015-12-04,170.39,170.39,163.53,166.35,8887477.0,121275480.0
2015-12-07,165.86,171.37,165.86,170.88,12595941.0,174156144.0
2015-12-08,170.14,171.37,161.08,161.94,11512000.0,154874816.0
2015-12-09,160.23,163.53,159.25,162.43,5192279.0,68632376.0
2015-12-10,162.19,164.88,160.96,162.43,5421895.0,72283440.0
2015-12-11,162.55,167.33,161.69,164.51,6648517.0,89015632.0
2015-12-14,162.8,170.39,160.59,170.26,9224969.0,125779448.0
2015-12-15,169.9,173.81,167.69,169.16,10745409.0,149542208.0
2015-12-16,169.28,171.98,166.84,167.94,8622966.0,119290528.0
2015-12-17,168.55,171.98,168.55,171.24,10864821.0,151167120.0
2015-12-18,170.51,173.2,169.04,170.14,8566966.0,119526376.0
2015-12-21,170.14,171.98,168.92,171.0,7961886.0,110869784.0
2015-12-22,171.12,177.97,170.75,176.26,12962027.0,185062848.0
2015-12-23,176.26,176.26,169.9,170.14,9618268.0,135162128.0
2015-12-24,171.12,171.12,161.21,165.86,7333427.0,98993384.0
2015-12-25,162.43,167.2,159.12,166.35,5970505.0,80272552.0
2016-05-25,149.82,157.18,149.82,149.82,32688197.0,269799010.0
2016-05-26,139.7,144.3,135.65,141.72,24055536.0,182017418.0
2016-05-27,139.51,140.25,136.39,137.31,12011402.0,90297776.0
2016-05-30,136.2,138.78,132.52,135.28,11461217.0,84631345.0
2016-05-31,134.91,140.07,134.73,139.51,15534812.0,116431312.0
2016-06-01,139.7,146.32,139.7,142.46,15731510.0,122645572.0
2016-06-02,142.46,142.64,139.88,141.72,10902008.0,83531762.0
2016-06-03,142.28,142.46,138.41,141.17,11591849.0,88452230.0
2016-06-06,140.99,146.88,139.15,144.85,15456580.0,120620199.0
2016-06-07,145.04,146.14,141.54,143.93,9587396.0,74543997.0
2016-06-08,146.32,150.19,144.67,148.35,17015507.0,136118078.0
2016-06-13,145.59,147.43,142.09,142.09,12564597.0,99195641.0
2016-06-14,141.72,143.38,139.88,142.46,5743762.0,44210661.0
2016-06-15,140.44,146.88,140.25,146.32,8664680.0,68356270.0
2016-06-16,145.41,146.88,143.75,144.49,6400217.0,50402112.0
2016-06-17,144.85,146.88,143.01,143.56,6731106.0,53045709.0
2016-06-20,143.56,144.49,140.62,141.72,5137784.0,39547655.0
2016-06-21,142.28,143.2,138.96,139.15,7458250.0,57163265.0
2016-06-22,138.96,140.44,137.86,140.25,5425450.0,40909921.0
2016-06-23,140.25,140.25,137.67,137.86,5339700.0,40143891.0
2016-06-24,138.59,139.7,128.84,135.47,6934713.0,51266117.0
2016-06-27,134.18,137.68,133.07,137.31,5441641.0,40333626.0
2016-06-28,139.7,146.14,139.51,141.36,12818077.0,99229295.0
2016-06-29,140.44,141.91,139.88,141.17,7997988.0,61258675.0
2016-06-30,142.09,142.28,138.96,139.51,5458141.0,41462726.0
2016-07-01,138.96,140.44,138.96,139.88,4098681.0,31141525.0
2016-07-04,139.51,140.99,138.23,140.8,7680298.0,58413384.0
2016-07-05,141.72,141.72,140.07,140.44,6236887.0,47645906.0
2016-07-06,140.44,143.01,139.51,142.83,7404581.0,56753743.0
2016-07-07,146.88,157.19,146.88,154.06,34301289.0,285714680.0
2016-07-08,150.93,152.22,148.35,149.82,20806202.0,169322432.0
2016-07-11,148.35,150.74,146.32,146.51,12140444.0,98023426.0
2016-07-12,146.32,150.19,146.32,149.82,10909207.0,87870257.0
2016-07-13,149.82,150.19,147.06,148.72,11710730.0,94429091.0
2016-07-14,149.45,151.11,147.43,151.11,9701694.0,78449975.0
2016-07-15,150.93,154.06,149.82,153.5,16423298.0,135702029.0
2016-07-18,153.5,153.69,147.06,148.72,16943976.0,137358009.0
2016-07-19,148.53,150.01,147.61,148.72,5779397.0,46584711.0
2016-07-20,148.9,149.09,147.61,147.98,5650457.0,45534599.0
2016-07-21,147.98,148.72,147.25,147.61,5008488.0,40269057.0
2016-07-22,147.8,148.72,147.06,148.72,4769770.0,38272713.0
2016-07-25,148.72,149.82,147.25,148.35,6594780.0,53273106.0
2016-07-26,148.35,149.09,148.35,149.09,4665495.0,37689558.0
2016-07-27,149.27,149.64,138.23,140.99,9699396.0,75956920.0
2016-07-28,141.36,142.46,137.12,141.72,7362011.0,56099482.0
2016-07-29,141.72,141.72,138.04,139.33,4046761.0,30608316.0
2016-08-01,138.96,139.15,136.2,137.31,2923625.0,21763797.0
2016-08-02,137.49,138.59,136.2,137.68,2015947.0,15081012.0
2016-08-03,137.68,137.86,136.2,136.39,3780144.0,28080365.0
2016-08-04,136.57,137.31,135.65,136.75,2416970.0,17945241.0
2016-08-05,137.86,141.72,136.2,140.44,4837688.0,36426377.0
2016-08-08,138.78,140.99,138.23,140.62,4054142.0,30798825.0
2016-08-09,140.99,142.28,139.88,141.91,4087801.0,31293150.0
2016-08-10,141.17,142.64,140.44,140.44,2934450.0,22514128.0
2016-08-11,139.88,140.8,136.2,137.12,3336800.0,25163243.0
2016-08-12,137.49,139.51,137.12,138.23,2336775.0,17511276.0
2016-08-15,138.41,143.01,137.49,142.64,6156268.0,47120687.0
2016-08-16,142.83,145.41,141.72,145.22,8470972.0,65971585.0
2016-08-17,145.22,146.14,142.83,144.67,6394723.0,50216246.0
2016-08-18,145.41,145.96,143.75,144.67,4146305.0,32624669.0
2016-08-19,144.49,144.85,142.64,143.56,3392403.0,26420099.0
2016-08-22,143.56,144.49,141.91,142.28,3263615.0,25359691.0
2016-08-23,142.28,143.01,141.36,142.28,2103001.0,16248054.0
2016-08-24,144.3,144.49,142.46,143.01,3720236.0,29007713.0
2016-08-25,142.64,142.64,140.07,140.44,4351885.0,33291994.0
2016-08-26,140.62,142.09,140.07,140.99,3858791.0,29573543.0
2016-08-29,140.07,141.72,140.07,140.8,2392486.0,18309891.0
2016-08-30,140.44,152.4,140.44,145.41,21497133.0,171886626.0
2016-08-31,145.41,145.41,141.17,142.83,8485259.0,65863410.0
2016-09-01,142.65,147.25,141.91,144.12,9067084.0,71459950.0
2016-09-02,143.38,145.04,139.52,140.99,8686996.0,66751483.0
2016-09-05,141.17,142.28,141.17,141.36,3444725.0,26541228.0
2016-09-06,140.8,146.69,139.88,145.96,8363234.0,65086773.0
2016-09-07,145.77,160.31,144.67,154.98,45121840.0,376632103.0
2016-09-08,152.77,161.6,151.85,156.82,25768478.0,220239645.0
2016-09-09,156.45,158.84,153.5,155.71,13149408.0,110660108.0
2016-09-12,151.48,159.76,150.93,153.14,16666388.0,140464409.0
2016-09-13,154.43,155.9,151.48,153.69,7284458.0,60707145.0
2016-09-14,152.22,152.4,149.09,150.19,7757437.0,63301084.0
2016-09-19,149.82,151.66,149.82,150.93,4238438.0,34748651.0
2016-09-20,150.38,154.61,150.38,152.58,7250752.0,60211470.0
2016-09-21,152.22,153.69,150.19,150.74,5204112.0,42780703.0
2016-09-22,151.85,152.58,150.01,150.56,4572239.0,37437546.0
2016-09-23,150.38,150.56,147.06,147.25,10489257.0,84423557.0
2016-09-26,147.43,148.72,144.3,144.3,6277800.0,49879962.0
2016-09-27,144.49,145.41,143.01,145.22,3742380.0,29282156.0
2016-09-28,146.51,146.51,144.49,145.96,4625423.0,36561125.0
2016-09-29,146.14,146.51,144.85,145.41,2765583.0,21859547.0
2016-09-30,145.59,145.77,143.56,145.59,4019337.0,31546907.0
2016-10-10,145.96,147.98,145.41,147.98,5138555.0,40935900.0
2016-10-11,147.98,152.95,146.69,151.48,8281972.0,67414358.0
2016-10-12,150.56,152.03,148.53,149.09,5348419.0,43510720.0
2016-10-13,149.09,149.64,147.8,148.72,4243470.0,34221141.0
2016-10-14,148.72,148.72,146.51,147.62,4293145.0,34345422.0
2016-10-17,146.69,149.09,146.69,146.88,3492974.0,28043505.0
2016-10-18,147.25,148.9,146.69,148.9,3751070.0,30176388.0
2016-10-19,149.09,149.27,147.43,147.8,3430287.0,27621834.0
2016-10-20,147.8,151.3,147.61,151.11,11033747.0,90076802.0
2016-10-21,151.3,152.58,149.09,152.58,11102647.0,91025785.0
2016-10-24,152.58,152.95,150.74,151.3,11197837.0,92281409.0
2016-10-25,150.74,157.37,150.74,155.16,15037781.0,125395630.0
2016-10-26,153.87,157.74,151.66,157.19,22238892.0,188064075.0
2016-11-03,157.55,157.92,151.11,155.9,20466652.0,172169751.0
2016-11-04,153.5,154.79,152.4,152.95,9534663.0,79443511.0
2016-11-07,152.77,153.69,149.82,150.93,7192175.0,59122482.0
2016-11-08,152.03,153.69,150.56,153.69,6502219.0,53845221.0
2016-11-09,152.4,153.14,149.27,151.66,6753144.0,55449728.0
2016-11-10,152.03,154.98,152.03,153.14,7442734.0,62022311.0
2016-11-11,153.14,153.32,151.66,152.95,6213488.0,51476522.0
2016-11-14,152.95,153.87,151.3,152.77,6324081.0,52399384.0
2016-11-15,152.77,154.43,151.11,154.06,5828894.0,48365574.0
2016-11-16,153.14,154.98,153.14,153.5,5856574.0,48987332.0
2016-11-17,153.14,153.14,151.11,152.58,6380308.0,52666114.0
2016-11-18,152.4,154.06,151.85,152.4,6730001.0,55939869.0
2016-11-21,152.4,153.14,150.93,151.48,5363034.0,44259450.0
2016-11-22,151.85,152.95,151.11,152.22,4954567.0,40884955.0
2016-11-23,152.77,152.95,150.93,151.11,4907542.0,40476386.0
2016-11-24,150.93,152.22,150.01,150.74,4563189.0,37459236.0
2016-11-25,150.93,152.4,149.09,151.11,5767462.0,47215469.0
2016-11-28,150.93,153.32,150.74,152.58,7377114.0,60940894.0
2016-11-29,153.14,153.14,150.74,152.03,5774148.0,47585373.0
2016-11-30,151.48,151.85,150.19,150.93,4352607.0,35643374.0
2016-12-01,151.3,153.69,150.01,152.03,8857607.0,72927995.0
2016-12-02,151.48,151.66,147.61,150.38,9897088.0,80383215.0
2016-12-05,149.09,149.09,143.93,145.04,8056934.0,64112411.0
2016-12-06,145.59,147.25,143.93,144.67,4780584.0,37732591.0
2016-12-07,144.3,145.77,142.65,145.04,2776585.0,21763705.0
2016-12-08,144.12,145.77,142.09,144.49,3258816.0,25566238.0
2016-12-09,142.65,145.77,142.65,145.59,2531904.0,19869648.0
2016-12-12,145.41,146.88,141.54,142.46,6205860.0,48634506.0
2016-12-13,142.65,142.65,139.33,142.65,4361189.0,33375540.0
2016-12-14,142.83,147.8,140.07,145.22,6166086.0,48320595.0
2016-12-15,144.85,147.43,144.12,146.51,6505784.0,51497688.0
2016-12-16,145.77,150.01,145.41,147.8,9318637.0,74970599.0
2016-12-19,146.51,148.72,146.51,147.98,4458001.0,35772229.0
2016-12-20,147.98,148.72,145.59,148.35,2699759.0,21632564.0
2016-12-21,148.53,149.82,147.8,149.82,5258592.0,42537904.0
2016-12-22,149.27,150.19,148.35,149.46,3226737.0,26149829.0
2016-12-23,149.82,149.82,147.06,147.62,3070414.0,24695186.0
2016-12-26,147.62,149.46,145.41,148.17,2960688.0,23701132.0
2016-12-27,148.17,150.19,147.43,148.9,2237991.0,18083988.0
2016-12-28,149.09,149.27,146.33,147.43,2547426.0,20396969.0
2016-12-29,147.43,153.32,147.25,151.48,12898049.0,106107630.0
2016-12-30,151.48,152.77,148.17,149.09,8346503.0,68087981.0
2017-01-03,149.09,150.01,147.62,148.9,4974396.0,40132062.0
2017-01-04,148.9,149.09,147.98,148.9,4171907.0,33674188.0
2017-01-05,149.82,149.82,147.8,148.17,5129078.0,41477594.0
2017-01-06,147.8,147.8,145.22,145.41,9158156.0,72751815.0
2017-01-09,145.41,145.77,143.56,143.93,3543280.0,27840953.0
2017-01-10,144.3,146.14,141.72,144.67,5777180.0,45087778.0
2017-01-11,143.93,145.04,141.54,141.91,3925959.0,30493195.0
2017-01-12,142.09,143.38,141.72,141.72,3216398.0,24920756.0
2017-01-13,141.17,142.09,139.33,141.17,3284400.0,25054075.0
2017-01-16,140.99,141.17,127.0,128.29,6700197.0,48603735.0
2017-01-17,128.47,133.07,128.47,132.52,4203683.0,29902926.0
2017-01-18,132.52,132.71,131.78,132.15,1802600.0,12957337.0
2017-01-19,131.97,132.34,129.76,129.94,1384100.0,9823621.0
2017-01-20,131.42,132.71,129.94,132.71,3306631.0,23621940.0
2017-01-23,132.71,133.63,132.15,132.71,2001650.0,14451554.0
2017-01-24,132.71,134.18,131.78,132.34,1917806.0,13855052.0
2017-01-25,132.34,133.81,131.97,132.34,1262004.0,9116067.0
2017-01-26,132.52,134.55,132.52,134.36,1488956.0,10816414.0
2017-02-03,134.55,135.1,133.07,133.63,1228144.0,8939671.0
2017-02-06,133.99,138.41,133.07,137.49,4605328.0,34077875.0
2017-02-07,137.86,137.86,136.57,137.68,2187500.0,16287240.0
2017-02-08,137.49,141.72,136.57,140.8,4924349.0,37416279.0
2017-02-09,140.99,145.59,139.52,143.2,7576730.0,58978659.0
2017-02-10,143.56,144.49,142.09,143.01,3587268.0,27913533.0
2017-02-13,143.01,143.56,140.99,143.01,2661567.0,20601546.0
2017-02-14,143.01,143.56,141.72,142.28,2684506.0,20803792.0
2017-02-15,142.65,142.65,139.15,139.52,3571643.0,27288481.0
2017-02-16,138.96,143.56,138.96,143.2,5170915.0,39862232.0
2017-02-17,142.46,154.61,142.46,151.48,21379755.0,173967584.0
2017-02-20,151.11,161.05,150.19,156.82,34865000.0,298179999.0
2017-02-21,155.71,157.19,154.43,156.45,13636096.0,115339217.0
2017-02-22,156.63,158.84,153.87,158.29,15482405.0,131798701.0
2017-02-23,156.08,157.0,151.11,154.98,18955401.0,157901209.0
2017-02-24,153.32,158.47,149.64,155.9,37500345.0,313850516.0
2017-02-27,152.22,152.22,144.12,146.33,38216677.0,304807948.0
2017-02-28,146.88,148.35,145.59,147.25,11964147.0,95659916.0
2017-03-01,147.98,148.53,145.77,146.51,12904174.0,102993341.0
2017-03-02,146.69,147.06,144.67,145.41,5912857.0,46929210.0
2017-03-03,145.59,146.33,144.12,145.77,5058291.0,39934441.0
2017-03-06,145.04,149.64,144.49,148.72,10363488.0,83332679.0
2017-03-07,148.72,148.72,147.25,148.53,5059612.0,40645495.0
2017-03-08,148.53,152.22,147.43,151.48,13920304.0,113687397.0
2017-03-09,151.48,153.14,149.82,150.56,8359390.0,68758991.0
2017-03-10,149.82,151.3,148.17,149.27,5966595.0,48508495.0
2017-03-13,148.17,149.09,146.33,148.53,5773636.0,46332116.0
2017-03-14,148.9,150.93,148.17,150.01,9742221.0,79390270.0
2017-03-15,148.9,155.53,148.9,154.43,21618528.0,179759833.0
2017-03-16,154.43,157.37,152.95,157.37,18520190.0,156731866.0
2017-03-17,157.0,157.0,153.32,154.79,9800368.0,82911490.0
2017-03-20,154.61,170.25,154.43,168.6,58955949.0,534530687.0
2017-03-21,163.81,167.31,162.34,165.47,26514857.0,237177198.0
2017-03-22,163.81,170.07,162.34,167.49,25693594.0,232728498.0
2017-03-23,167.49,173.38,164.92,168.6,20598762.0,189446944.0
2017-03-24,168.41,172.09,161.05,164.0,35044556.0,317575952.0
2017-03-27,164.18,164.73,158.47,159.4,22106255.0,194304649.0
2017-03-28,159.76,163.44,157.0,158.29,11398207.0,98785660.0
2017-03-29,159.03,161.6,155.71,161.05,17873943.0,154544950.0
2017-03-30,159.21,167.31,158.66,163.63,29615520.0,263621320.0
2017-03-31,162.71,162.89,157.19,159.21,12548920.0,108323319.0
2017-04-05,175.22,175.22,175.22,175.22,5358308.0,51011092.0
2017-04-06,192.71,192.71,192.71,192.71,2678500.0,28043895.0
2017-04-07,212.03,212.03,212.03,212.03,6154925.0,70904736.0
2017-04-10,233.2,233.2,233.2,233.2,1993735.0,25260622.0
2017-04-11,256.58,256.58,256.58,256.58,1351842.0,18844677.0
2017-04-12,282.16,282.16,282.16,282.16,43675309.0,669542487.0
2017-04-17,266.88,267.07,254.0,254.0,86299350.0,1206488554.0
2017-04-18,232.83,246.64,228.6,228.6,129865744.0,1649102146.0
2017-04-19,225.66,231.73,219.03,229.34,82028097.0,1009545097.0
2017-04-20,226.94,226.94,206.33,207.07,94292811.0,1101485948.0
2017-04-21,205.22,210.19,198.23,204.31,66185464.0,731307975.0
2017-04-24,203.38,209.46,195.47,196.02,55612652.0,612020338.0
2017-04-25,197.5,209.09,193.45,197.5,91515993.0,1004242549.0
2017-04-26,193.08,217.19,189.95,214.06,133261942.0,1484393187.0
2017-04-27,208.35,218.48,203.02,203.57,130595454.0,1491534492.0
2017-04-28,213.51,224.0,213.51,224.0,38906037.0,471569074.0
2017-05-02,246.46,246.46,246.46,246.46,8782680.0,117600085.0
2017-05-03,271.12,271.12,255.84,262.28,253257591.0,3663702731.0
2017-05-04,252.71,288.6,248.48,281.61,235721011.0,3479189441.0
2017-05-05,266.88,272.22,253.45,253.45,151111073.0,2144977819.0
2017-05-08,255.47,256.76,234.49,242.77,99839512.0,1327629360.0
2017-05-09,239.09,253.08,237.25,251.24,89135642.0,1190402219.0
2017-05-10,245.72,250.14,226.21,226.21,106033181.0,1360636854.0
2017-05-11,217.19,234.12,214.61,230.26,87667005.0,1069145491.0
2017-05-12,226.58,246.09,225.1,234.68,111010668.0,1435655732.0
2017-05-15,232.83,257.31,228.42,245.53,114427152.0,1516664144.0
2017-05-16,241.12,262.47,237.07,257.68,134105399.0,1833401908.0
2017-05-17,255.84,270.57,248.85,256.21,132458804.0,1862704803.0
2017-05-18,250.14,254.92,230.63,231.73,97921438.0,1285261280.0
2017-05-19,230.07,254.92,228.42,254.92,96282230.0,1275582305.0
2017-05-22,254.0,264.86,245.53,256.95,141719998.0,1982454180.0
2017-05-23,250.32,255.47,231.91,234.49,88807391.0,1178064738.0
2017-05-24,231.18,240.93,217.37,237.8,66512593.0,834900628.0
2017-05-25,235.78,256.39,235.41,249.4,96571379.0,1300210351.0
2017-05-26,248.48,266.52,246.64,252.71,121434521.0,1703420992.0
2017-05-31,252.71,254.74,237.62,253.45,77216463.0,1040676384.0
2017-06-01,252.16,265.78,246.64,247.01,107409363.0,1500666063.0
2017-06-02,234.12,244.8,223.08,243.88,78537308.0,1000334154.0
2017-06-05,240.75,246.27,237.07,238.17,55582055.0,729189491.0
2017-06-06,234.68,234.68,218.66,223.81,68755962.0,847795940.0
2017-06-07,225.47,234.12,224.74,232.1,59670600.0,742675013.0
2017-06-08,230.62,238.91,227.13,236.15,75021261.0,953196931.0
2017-06-09,232.28,249.58,225.47,243.51,93101191.0,1207647207.0
2017-06-12,238.54,247.93,235.78,239.46,73126184.0,962449196.0
2017-06-13,235.59,251.79,233.94,250.32,89554790.0,1202814208.0
2017-06-14,248.48,254.92,245.35,247.38,69326377.0,939324053.0
2017-06-15,245.35,249.4,237.8,242.04,65625945.0,868843872.0
2017-06-16,239.83,249.58,239.64,241.67,48133927.0,639950887.0
2017-06-19,242.04,242.96,231.91,235.59,44801360.0,573642080.0
2017-06-20,235.96,244.61,233.02,240.56,48295983.0,627200146.0
2017-06-21,242.04,260.63,240.93,250.14,103475759.0,1422500238.0
2017-06-22,250.14,250.32,237.07,237.62,68202490.0,905661709.0
2017-06-23,237.44,237.44,226.21,234.68,50217844.0,634211313.0
2017-06-26,235.04,238.72,230.26,236.52,29257740.0,374019918.0
2017-06-27,235.59,237.8,230.99,231.73,29332490.0,372527942.0
2017-06-28,229.89,230.07,223.08,223.26,37785042.0,462390482.0
2017-06-29,222.34,228.6,221.97,224.55,25535970.0,313134261.0
2017-06-30,223.08,225.84,221.24,222.53,17356202.0,210272473.0
2017-07-03,222.71,227.5,222.71,224.0,16551041.0,202627806.0
2017-07-04,223.63,227.31,222.9,225.66,18712019.0,229422996.0
2017-07-05,226.02,226.21,219.21,223.63,26090364.0,314453951.0
2017-07-06,223.82,223.82,216.27,216.64,32923384.0,392319244.0
2017-07-07,214.8,219.58,207.99,208.54,39416662.0,454937852.0
2017-07-10,206.15,212.77,203.02,209.46,29977965.0,338493799.0
2017-07-11,207.25,209.28,197.68,199.52,27613821.0,305396426.0
2017-07-12,199.52,205.41,191.05,203.75,41004375.0,442146096.0
2017-07-13,202.47,202.47,196.94,197.68,19172572.0,207824348.0
2017-07-14,196.58,200.64,193.08,194.18,16822235.0,178944305.0
2017-07-17,193.63,193.63,174.82,174.82,34465499.0,334665655.0
2017-07-18,172.61,179.8,170.76,176.11,22387549.0,212823838.0
2017-07-19,176.48,178.88,172.97,177.95,21728551.0,207866313.0
2017-07-20,178.51,181.64,174.82,175.19,25417503.0,245127887.0
2017-07-21,173.9,181.46,173.34,178.32,29635133.0,286407597.0
2017-07-24,177.4,185.51,175.19,184.41,35007064.0,345033526.0
2017-07-25,182.56,184.41,179.98,181.27,19945500.0,196526239.0
2017-07-26,181.64,183.67,177.95,181.83,20819233.0,204138265.0
2017-07-27,179.06,183.85,179.06,181.83,20828600.0,205478787.0
2017-07-28,181.83,183.85,180.17,180.17,17686323.0,174444267.0
2017-07-31,180.54,181.46,177.03,177.4,19661226.0,190311352.0
2017-08-01,177.59,187.91,175.56,185.33,46671108.0,463819611.0
2017-08-02,184.41,201.93,182.2,194.37,58328603.0,600082183.0
2017-08-03,192.34,200.64,190.86,191.97,42935705.0,454387371.0
2017-08-04,190.86,195.66,189.02,189.2,28834171.0,299570675.0
2017-08-07,188.65,194.74,188.1,191.97,21458894.0,223576590.0
2017-08-08,198.24,201.0,192.89,193.08,30056379.0,319276233.0
2017-08-09,191.78,196.76,190.49,193.44,22341136.0,235151920.0
2017-08-10,191.78,193.44,185.51,188.1,24224656.0,248147817.0
2017-08-11,185.51,202.48,185.15,197.32,62709220.0,665389055.0
2017-08-14,199.16,205.99,196.58,205.25,58763719.0,643277571.0
2017-08-15,202.85,204.14,200.27,202.85,33647977.0,368451166.0
2017-08-16,202.85,205.06,198.98,200.45,28717660.0,313562440.0
2017-08-17,198.61,220.55,198.24,220.55,45731709.0,521020986.0
2017-08-18,221.29,233.28,217.79,218.89,107040293.0,1307801359.0
2017-08-21,215.02,224.79,213.36,220.37,52329567.0,622530539.0
2017-08-22,218.16,220.37,212.07,212.07,39002933.0,456527650.0
2017-08-23,211.7,214.84,209.12,209.49,25999302.0,298227261.0
2017-08-24,210.59,218.34,207.46,212.25,39042890.0,450880583.0
2017-08-25,208.57,217.42,207.64,213.18,35444731.0,407915992.0
2017-08-28,211.52,217.6,210.78,214.65,35298088.0,409550315.0
2017-08-29,213.91,220.92,212.07,218.34,52165065.0,613868142.0
2017-08-30,216.31,218.34,212.99,212.99,39384230.0,459554507.0
2017-08-31,210.41,211.89,207.46,208.57,32039300.0,363446169.0
2017-09-01,206.54,210.59,203.4,207.09,33798732.0,379931120.0
2017-09-04,205.62,208.94,203.96,208.2,25485009.0,285882654.0
2017-09-05,207.09,208.01,204.69,205.99,18068053.0,202089130.0
2017-09-06,205.06,206.72,202.48,203.03,22845900.0,252684143.0
2017-09-07,203.4,210.78,203.4,206.91,36805269.0,414680988.0
2017-09-08,205.62,207.09,203.77,204.51,18199772.0,202348779.0
2017-09-11,205.43,207.83,203.77,206.17,15178020.0,169387996.0
2017-09-12,205.06,206.91,196.21,198.06,33576830.0,367660215.0
2017-09-13,197.87,201.56,197.69,198.98,14763428.0,159622102.0
2017-09-14,197.87,200.08,196.4,198.24,16208624.0,173784804.0
2017-09-15,198.42,201.74,197.32,197.5,16268806.0,175844125.0
2017-09-18,196.4,197.5,191.97,193.26,17681700.0,185412036.0
2017-09-19,193.26,194.55,190.31,190.86,12628164.0,131873343.0
2017-09-20,190.12,195.66,186.99,194.37,22162409.0,231087447.0
2017-09-21,193.08,196.95,192.52,192.52,16330653.0,172386834.0
2017-09-22,190.86,192.15,188.1,189.39,11767220.0,121106306.0
2017-09-25,192.89,193.81,188.47,188.65,10948902.0,113613636.0
2017-09-26,187.18,193.26,185.51,191.05,16513321.0,169231876.0
2017-09-27,191.05,192.52,189.76,190.31,10014400.0,103640759.0
2017-09-28,190.49,195.29,189.39,190.49,14882423.0,154817298.0
2017-09-29,192.15,197.87,190.49,197.69,22911325.0,241943019.0
2017-10-09,199.16,200.08,194.92,196.21,16140395.0,171867668.0
2017-10-10,196.76,198.42,193.44,196.03,13031451.0,138280178.0
2017-10-11,195.84,196.03,189.94,191.23,14716251.0,153665392.0
2017-10-12,190.86,192.52,188.47,189.57,8507250.0,87899162.0
2017-10-13,189.94,193.44,188.65,192.52,12300245.0,127743032.0
2017-10-16,192.34,192.34,186.25,186.44,13297103.0,136172804.0
2017-10-17,186.25,187.54,185.51,186.99,6018450.0,60880865.0
2017-10-18,186.62,192.34,186.44,187.54,11333935.0,116119192.0
2017-10-19,185.88,186.99,177.03,178.51,16329108.0,160485358.0
2017-10-20,178.51,179.43,176.66,178.88,9417379.0,90961304.0
2017-10-23,178.88,186.62,178.32,181.83,16364150.0,162073167.0
2017-10-24,180.72,181.27,177.59,178.51,8815850.0,85645252.0
2017-10-25,178.14,180.72,177.95,179.61,5113150.0,49691436.0
2017-10-26,179.61,180.91,177.77,179.61,7206112.0,70276007.0
2017-10-27,179.25,180.54,177.4,177.77,6737056.0,65323572.0
2017-10-30,167.26,169.66,160.07,160.07,26919109.0,236796140.0
2017-10-31,156.75,159.88,155.09,157.49,14649025.0,124688101.0
2017-11-01,157.85,158.96,153.98,154.35,14015699.0,118703392.0
2017-11-02,154.72,154.72,150.85,153.06,11598432.0,95718236.0
2017-11-03,153.06,153.98,147.71,150.11,9155800.0,74889559.0
2017-11-06,150.29,152.14,146.05,151.03,12067815.0,97666329.0
2017-11-07,150.29,166.15,148.26,161.54,41743102.0,365227547.0
2017-11-08,156.75,159.51,155.46,157.49,23777321.0,203569151.0
2017-11-09,157.67,165.41,156.75,160.07,23344004.0,204204465.0
2017-11-10,159.51,163.75,158.22,160.07,14667888.0,127999898.0
2017-11-13,159.51,161.91,156.38,160.44,14332085.0,123459614.0
2017-11-14,159.7,162.28,158.78,158.96,11462800.0,99503426.0
2017-11-15,159.7,163.39,158.59,160.62,13999273.0,122301413.0
2017-11-16,159.51,161.36,154.17,154.35,12084900.0,103741897.0
2017-11-17,155.64,156.01,146.6,146.97,14384174.0,116715736.0
2017-11-20,146.79,148.26,141.63,147.9,9192725.0,72147203.0
2017-11-21,148.45,150.29,144.94,146.05,8070250.0,64658740.0
2017-11-22,146.97,150.29,144.76,148.08,9688203.0,77440140.0
2017-11-23,148.08,150.48,144.94,145.13,10392387.0,83453024.0
2017-11-24,145.13,146.42,143.47,144.21,6622350.0,52001103.0
2017-11-27,144.76,152.88,142.36,148.63,15220997.0,122683718.0
2017-11-28,147.9,149.37,146.6,149.0,8990235.0,72287224.0
2017-11-29,149.19,149.56,146.79,148.82,7586694.0,60975929.0
2017-11-30,147.9,149.56,145.5,145.5,7137371.0,57076381.0
2017-12-01,145.5,148.26,144.94,146.24,5067384.0,40229494.0
2017-12-04,147.53,147.53,143.29,143.66,7126800.0,56231295.0
2017-12-05,143.84,145.68,136.09,138.31,9025472.0,68909218.0
2017-12-06,139.23,142.55,137.2,140.89,8973906.0,68093082.0
2017-12-07,140.15,141.63,139.41,140.15,5907203.0,45143534.0
2017-12-08,140.89,144.76,139.78,142.55,6982749.0,53890495.0
2017-12-11,141.63,144.94,141.07,142.73,5767750.0,44734094.0
2017-12-12,142.92,144.39,140.15,140.34,5671900.0,43775112.0
2017-12-13,140.15,143.29,139.04,142.0,6253402.0,47894305.0
2017-12-14,142.0,143.84,141.26,143.66,6784931.0,52501436.0
2017-12-15,143.47,148.45,142.36,146.42,15931010.0,125917661.0
2017-12-18,145.68,145.68,142.36,143.1,8660257.0,67473548.0
2017-12-19,142.92,143.84,142.36,143.66,4396956.0,34114470.0
2017-12-20,143.65,144.76,139.78,140.52,6315106.0,48785345.0
2017-12-21,140.52,140.89,136.65,137.75,6618350.0,49578735.0
2017-12-22,136.28,138.86,136.28,137.57,3412049.0,25510391.0
2017-12-25,138.31,138.31,134.99,135.36,5382600.0,39813791.0
2017-12-26,134.62,135.91,133.7,135.54,4391750.0,32151879.0
2017-12-27,135.36,137.38,134.25,135.91,5530456.0,40769154.0
2017-12-28,134.99,137.02,134.8,136.28,5038682.0,37175636.0
2017-12-29,136.28,136.46,135.17,135.91,4867850.0,35840359.0
2018-01-02,136.09,147.53,136.09,143.29,18064881.0,139293684.0
2018-01-03,145.68,157.67,144.39,157.67,42409767.0,353865501.0
2018-01-04,159.51,161.73,153.24,156.56,45134602.0,384971234.0
2018-01-05,151.95,157.49,151.4,154.53,21856606.0,183314689.0
2018-01-08,153.98,154.9,150.29,152.14,13836825.0,113837632.0
2018-01-09,152.51,156.38,152.32,153.8,14091503.0,117973138.0
2018-01-10,158.22,161.36,151.95,153.61,16499379.0,139911131.0
2018-01-11,152.14,152.32,149.56,151.03,8972784.0,73322121.0
2018-01-12,150.66,153.43,146.79,148.08,13911633.0,112674557.0
2018-01-15,149.0,149.56,141.63,143.29,9965080.0,78594363.0
2018-01-16,143.1,144.76,141.81,143.29,7892453.0,61312201.0
2018-01-17,143.47,144.39,138.68,143.47,8642509.0,66288341.0
2018-01-18,143.47,146.42,142.36,144.39,7883290.0,61779840.0
2018-01-19,145.5,154.72,142.92,150.11,17546143.0,141807125.0
2018-01-22,149.19,153.98,147.16,151.03,12882800.0,104920406.0
2018-01-23,150.48,150.85,148.45,149.19,7959570.0,64467260.0
2018-01-24,149.37,153.24,148.45,150.48,11164259.0,91428738.0
2018-01-25,150.11,152.51,148.63,149.19,9633850.0,78513924.0
2018-01-26,148.45,150.66,147.71,148.08,6095550.0,49202542.0
2018-01-29,148.45,149.19,142.73,143.29,8265900.0,65261878.0
2018-01-30,143.29,144.94,142.0,142.0,4306000.0,33438216.0
2018-01-31,142.0,142.73,136.83,138.12,7639300.0,57554258.0
2018-02-01,138.12,139.41,133.51,133.7,6113708.0,45258306.0
2018-02-02,133.14,133.7,122.63,129.46,7186750.0,50488833.0
2018-02-05,128.16,132.41,125.58,130.38,3689050.0,25928989.0
2018-02-06,128.16,129.82,125.21,126.87,7039984.0,48593854.0
2018-02-07,129.46,131.12,125.58,127.98,4666124.0,32438586.0
2018-02-08,126.87,131.12,126.87,130.56,4616867.0,32512829.0
2018-02-09,125.4,128.35,122.82,125.21,5941100.0,40423237.0
2018-02-12,125.58,129.27,125.58,128.35,3315200.0,22987894.0
2018-02-13,128.35,132.22,128.35,129.09,4386000.0,31011874.0
2018-02-14,129.46,130.56,127.06,128.72,3529100.0,24554603.0
2018-02-22,129.64,138.68,129.64,136.83,10854551.0,79287009.0
2018-02-23,140.52,144.21,137.94,138.31,17706639.0,135706988.0
2018-02-26,139.78,142.92,136.83,142.36,13612728.0,103493722.0
2018-02-27,141.63,142.18,139.23,139.6,7545834.0,57549091.0
2018-02-28,137.38,143.1,135.91,140.7,9039709.0,68924467.0
2018-03-01,139.41,142.36,138.68,140.89,6397525.0,48812445.0
2018-03-02,139.78,143.66,138.49,143.47,9778500.0,75005777.0
2018-03-05,142.55,145.13,141.63,142.18,7627003.0,59103212.0
2018-03-06,141.81,145.13,140.52,143.84,9146400.0,71270458.0
2018-03-07,143.47,146.05,142.92,143.29,8233396.0,64501075.0
2018-03-08,142.36,154.53,142.36,151.58,25651957.0,207760905.0
2018-03-09,150.85,155.09,147.9,148.63,23569920.0,192690305.0
2018-03-12,148.08,149.74,147.16,148.82,12126771.0,97559167.0
2018-03-13,149.19,149.37,146.05,147.16,10043630.0,80197564.0
2018-03-14,146.97,148.08,144.95,146.79,9625100.0,76596498.0
2018-03-15,145.87,146.79,142.0,143.1,7437720.0,58208525.0
2018-03-16,142.0,144.58,142.0,143.1,4804700.0,37461130.0
2018-03-19,144.21,144.76,142.55,142.92,4198200.0,32750258.0
2018-03-20,142.73,146.79,140.7,144.39,8315050.0,64804938.0
2018-03-21,144.21,145.87,142.0,142.0,6227606.0,48625542.0
2018-03-22,142.55,143.29,141.07,141.26,4453456.0,34288838.0
2018-03-23,138.86,139.23,129.27,131.3,10056726.0,73159477.0
2018-03-26,125.4,134.99,125.4,133.88,6723074.0,47770116.0
2018-03-27,134.8,137.38,134.25,135.36,6453503.0,47508003.0
2018-03-28,134.62,141.07,132.78,136.28,9400464.0,70129048.0
2018-03-29,136.46,149.93,133.88,144.21,18279839.0,142202082.0
2018-03-30,142.73,147.34,142.73,144.39,14125906.0,111020103.0
2018-04-02,145.13,145.13,141.26,141.63,10154218.0,78607882.0
2018-04-03,139.41,139.41,134.8,136.09,8084350.0,60099323.0
2018-04-04,137.38,138.68,135.91,135.91,5468850.0,40724914.0
2018-04-09,134.8,135.36,131.85,133.14,5632735.0,40827073.0
2018-04-10,134.25,135.36,133.14,134.62,4159553.0,30221326.0
2018-04-11,135.54,135.72,134.25,134.43,3961100.0,28967628.0
2018-04-12,134.8,135.36,132.59,132.78,3617861.0,26245479.0
2018-04-13,133.14,134.99,132.22,132.41,3694750.0,26774244.0
2018-04-16,133.7,133.7,130.19,131.3,4480809.0,31981129.0
2018-04-17,131.12,132.41,130.19,130.38,4902420.0,34842398.0
2018-04-18,131.12,141.07,130.01,137.75,13635876.0,99284728.0
2018-04-19,137.94,145.68,135.36,143.1,21335333.0,163542560.0
2018-04-20,142.36,144.58,139.23,140.15,14289720.0,110221832.0
2018-04-23,141.07,142.92,133.14,137.2,11129220.0,83227393.0
2018-04-24,137.75,141.63,132.04,139.04,7116310.0,53258380.0
2018-04-25,137.38,140.15,135.36,136.28,5486075.0,40808588.0
2018-04-26,137.57,137.75,131.67,132.04,5016512.0,36492697.0
2018-04-27,133.14,133.88,131.48,133.14,3053845.0,21983904.0
2018-05-02,133.14,134.25,131.85,132.04,2460350.0,17694927.0
2018-05-03,132.04,136.09,130.19,134.99,4761319.0,34353517.0
2018-05-04,134.99,134.99,130.56,133.14,4059315.0,29291413.0
2018-05-07,133.33,134.25,132.04,133.88,3802327.0,27518662.0
2018-05-08,133.88,134.99,133.14,134.43,3347695.0,24370294.0
2018-05-09,134.43,134.43,131.85,132.41,4460808.0,32086551.0
2018-05-10,132.77,134.99,132.04,134.8,5753532.0,41809061.0
2018-05-11,134.99,135.17,131.67,132.04,5572010.0,40108346.0
2018-05-14,132.77,132.77,131.12,131.3,2404632.0,17192308.0
2018-05-15,131.12,132.04,130.75,131.85,2539376.0,18089060.0
2018-05-16,131.85,132.41,129.27,130.93,3943303.0,28013432.0
2018-05-17,131.12,131.12,129.27,129.64,3476916.0,24483749.0
2018-05-18,129.46,130.93,129.09,130.19,3259700.0,22981939.0
2018-05-21,131.12,131.3,130.01,130.75,4178866.0,29655757.0
2018-05-22,130.93,133.7,130.38,132.59,8299486.0,59449126.0
2018-05-23,132.22,132.22,130.01,130.19,4295500.0,30509339.0
2018-05-24,130.01,130.75,129.27,129.46,3442281.0,24239200.0
2018-05-25,129.46,131.3,128.9,129.64,3570953.0,25140862.0
2018-05-28,130.19,130.75,129.27,129.46,3463477.0,24374340.0
2018-05-29,128.53,128.72,125.58,125.77,7409527.0,50883469.0
2018-05-30,124.48,125.03,118.94,124.84,9875272.0,65162342.0
2018-05-31,125.21,128.16,123.55,126.32,4601900.0,31278373.0
2018-06-01,125.03,127.24,125.03,126.32,3724333.0,25438091.0
2018-06-04,126.32,127.8,125.4,126.14,3185712.0,21834238.0
2018-06-05,127.61,128.9,125.77,128.9,6077100.0,41981973.0
2018-06-06,126.87,128.9,126.69,128.35,4104403.0,28391050.0
2018-06-07,128.16,129.64,125.58,126.5,6465213.0,44657275.0
2018-06-08,128.53,128.53,124.29,126.14,3390652.0,23202312.0
2018-06-11,125.21,126.14,123.37,124.66,3597300.0,24341084.0
2018-06-12,125.77,125.77,123.55,124.48,3935656.0,26444694.0
2018-06-13,124.29,124.29,120.79,122.45,4508700.0,29850357.0
2018-06-14,122.45,123.92,120.42,122.45,4515450.0,29931463.0
2018-06-15,122.63,122.63,119.5,121.34,4442537.0,29199680.0
2018-06-19,120.97,120.97,110.46,112.49,8594687.0,53008542.0
2018-06-20,112.31,113.41,109.17,112.12,7505400.0,45339817.0
2018-06-21,111.94,112.67,108.43,108.43,5235100.0,31416949.0
2018-06-22,106.03,108.62,101.61,104.38,13984313.0,79204624.0
2018-06-25,104.38,105.11,97.55,97.74,13090801.0,72078554.0
2018-06-26,96.63,100.5,93.13,100.32,11497900.0,60043399.0
2018-06-27,100.13,100.13,96.81,97.37,5880150.0,31321825.0
2018-06-28,97.55,98.66,94.97,95.71,5934100.0,31209216.0
2018-06-29,95.71,98.66,95.34,98.47,8666300.0,45703138.0
2018-07-02,97.92,99.4,96.08,96.63,6929824.0,36740599.0
2018-07-03,97.37,98.11,96.26,98.11,8171850.0,43180085.0
2018-07-04,97.74,98.47,95.34,96.81,8455437.0,44238195.0
2018-07-05,96.08,97.74,93.13,93.13,6479100.0,33581989.0
2018-07-06,93.13,94.23,86.86,92.02,10514512.0,51909758.0
2018-07-09,91.65,92.57,90.35,92.39,9695023.0,47981767.0
2018-07-10,92.02,93.87,91.46,93.87,10462815.0,52283856.0
2018-07-11,92.76,92.76,89.8,92.02,10779500.0,53011191.0
2018-07-12,91.83,93.5,91.09,93.31,12747659.0,63500844.0
2018-07-13,92.57,93.13,91.83,92.39,9205800.0,45904534.0
2018-07-16,92.2,92.57,89.98,92.57,13771739.0,67666200.0
2018-07-17,91.65,92.02,90.35,91.65,8679964.0,42573295.0
2018-07-18,91.28,91.28,90.35,90.91,8790500.0,43114043.0
2018-07-19,90.72,90.72,88.5,89.8,10667650.0,51605999.0
2018-07-20,89.24,90.72,87.2,90.72,13976380.0,66901383.0
2018-07-23,89.61,93.87,89.06,92.94,10738829.0,53365608.0
2018-07-24,94.06,102.2,93.5,102.2,15053883.0,81801839.0
2018-07-25,107.39,112.39,103.87,104.05,44888248.0,263326967.0
2018-07-26,99.05,107.02,98.13,101.09,32726719.0,180491046.0
2018-07-27,99.98,101.65,97.2,97.2,17945500.0,96110639.0
2018-07-30,97.94,100.91,96.46,98.68,16514662.0,88421295.0
2018-07-31,98.68,98.68,96.28,97.57,8377922.0,43972272.0
2018-08-01,99.05,101.28,96.46,97.2,16542100.0,88399059.0
2018-08-02,95.91,96.46,91.83,95.35,19084157.0,96786557.0
2018-08-03,94.8,96.46,94.06,95.54,12414406.0,63897116.0
2018-08-06,94.61,96.09,92.94,95.54,9824462.0,50126910.0
2018-08-07,95.17,99.8,94.24,99.24,18846096.0,99236980.0
2018-08-08,98.5,100.53,97.39,98.31,13523212.0,72118732.0
2018-08-09,96.65,100.91,96.65,99.61,13576796.0,72499539.0
2018-08-10,98.68,99.24,96.83,97.76,8856550.0,46867222.0
2018-08-13,95.91,95.91,93.13,94.61,18574800.0,94568054.0
2018-08-14,94.61,94.98,93.5,94.61,7785306.0,39603153.0
2018-08-15,94.61,97.39,93.87,93.87,9182350.0,47400902.0
2018-08-16,92.57,94.24,87.2,92.76,11045900.0,54731373.0
2018-08-17,93.31,93.69,89.24,90.17,5508150.0,27195758.0
2018-08-20,89.43,91.09,89.06,90.54,3126500.0,15228363.0
2018-08-21,90.72,92.39,90.17,91.46,4217750.0,20769448.0
2018-08-22,91.65,91.83,89.61,89.8,3243500.0,15840139.0
2018-08-23,89.43,90.35,89.24,89.8,2103300.0,10208987.0
2018-08-24,89.43,91.28,89.43,90.91,4168440.0,20326466.0
2018-08-27,90.91,93.13,90.72,92.94,6023012.0,29921849.0
2018-08-28,93.13,93.13,91.46,92.02,4495100.0,22345372.0
2018-08-29,92.02,96.65,89.43,93.13,12616800.0,62730221.0
2018-08-30,92.39,93.31,90.72,90.91,6941300.0,34363992.0
2018-08-31,89.98,91.28,89.24,89.24,2925566.0,14211598.0
2018-09-03,89.24,90.35,87.02,87.39,3799450.0,18028396.0
2018-09-04,87.58,89.06,87.02,88.69,4519162.0,21484488.0
2018-09-05,88.5,89.43,87.02,89.24,6822450.0,32550870.0
2018-09-06,88.87,89.43,87.94,87.94,3021800.0,14438465.0
2018-09-07,88.69,89.06,87.39,87.94,2630150.0,12546278.0
2018-09-10,87.58,88.69,86.28,86.28,3660050.0,17291045.0
2018-09-11,86.46,87.02,84.24,85.54,6309116.0,29208351.0
2018-09-12,85.17,85.91,84.8,85.35,2347166.0,10826280.0
2018-09-13,86.09,86.65,85.17,85.72,2823650.0,13049379.0
2018-09-14,86.28,88.5,85.17,86.09,7280600.0,34355172.0
2018-09-17,85.54,85.91,77.58,77.58,9999850.0,43534873.0
2018-09-18,76.65,79.8,75.17,79.43,15720496.0,66574006.0
2018-09-19,80.17,83.69,79.43,82.02,17176575.0,75406778.0
2018-09-20,82.21,82.76,80.91,81.65,9732874.0,42890606.0
2018-09-21,82.21,83.13,81.47,82.39,7632200.0,33855339.0
2018-09-25,82.02,82.95,81.65,82.21,4730600.0,21042869.0
2018-09-26,82.39,83.13,81.28,82.58,11598050.0,51445664.0
2018-09-27,82.21,82.58,79.61,81.47,12980613.0,56801171.0
2018-09-28,81.09,84.06,79.98,83.69,16247109.0,71206562.0
2018-10-08,82.39,82.39,79.43,79.8,7048702.0,30598909.0
2018-10-09,79.8,79.8,78.87,79.24,3275412.0,14052528.0
2018-10-10,79.24,79.98,78.87,79.43,2350400.0,10076417.0
2018-10-11,78.5,78.5,72.58,74.06,10884760.0,43893872.0
2018-10-12,74.06,74.06,69.43,73.5,13285774.0,51514690.0
2018-10-15,73.32,73.69,71.65,73.5,6886400.0,26980552.0
2018-10-16,73.69,73.87,72.21,72.58,5046850.0,19850255.0
2018-10-17,72.39,75.36,72.39,74.43,11304631.0,44991975.0
2018-10-18,74.61,75.36,72.76,75.17,9942859.0,39682064.0
2018-10-19,74.06,77.39,73.32,77.21,13803950.0,56129886.0
2018-10-22,77.02,81.65,76.1,80.72,15480511.0,66366296.0
2018-10-23,79.43,80.54,77.02,78.69,8625236.0,36785288.0
2018-10-24,78.69,79.8,78.13,79.06,6131450.0,26225296.0
2018-10-25,76.65,78.69,74.8,77.95,5586049.0,23221978.0
2018-10-26,78.5,79.98,78.13,79.06,4815485.0,20573743.0
2018-10-29,79.61,79.61,77.21,78.5,3713461.0,15784323.0
2018-10-30,79.24,79.24,77.39,78.5,4495700.0,19013235.0
2018-10-31,79.24,81.28,78.69,79.8,6350866.0,27433880.0
2018-11-01,80.91,81.83,79.98,80.17,7248986.0,31660065.0
2018-11-02,78.87,81.47,78.87,81.47,5393927.0,23524803.0
2018-11-05,80.72,82.39,80.35,80.72,4353450.0,19088648.0
2018-11-06,81.09,81.09,79.8,80.35,3688498.0,15963510.0
2018-11-07,80.72,80.72,77.95,79.24,5794600.0,24933579.0
2018-11-08,79.8,79.98,78.5,79.24,3860158.0,16515151.0
2018-11-09,78.87,79.24,78.13,78.13,3904300.0,16584156.0
2018-11-12,78.13,81.09,77.95,80.72,6238568.0,26917398.0
2018-11-13,80.17,85.35,79.98,84.06,12982304.0,58467857.0
