2011-07-15,20.5,21.3,19.52,19.95,57957092.0,1181921024.0
2011-07-18,20.81,21.95,20.56,21.91,38038872.0,815232768.0
2011-07-19,21.18,21.85,20.7,20.9,30397668.0,645006976.0
2011-07-20,21.18,22.33,20.61,21.74,26605900.0,570457344.0
2011-07-21,21.28,21.47,20.51,20.55,16445448.0,345421344.0
2011-07-22,20.59,20.79,20.0,20.21,13058972.0,265571184.0
2011-07-25,19.96,21.49,19.74,20.77,16757176.0,344080512.0
2011-07-26,20.4,22.85,20.35,22.85,32537492.0,719473728.0
2011-07-27,23.01,23.95,22.71,23.54,32685948.0,760501056.0
2011-07-28,23.0,23.43,22.51,22.98,16070702.0,368493856.0
2011-07-29,22.84,24.85,22.75,23.37,25866160.0,617606848.0
2011-08-01,22.98,24.8,22.86,24.26,20800736.0,496480416.0
2011-08-02,24.0,24.79,23.64,23.93,16717580.0,402395488.0
2011-08-03,23.45,24.1,22.85,23.35,13640497.0,319651200.0
2011-08-04,23.37,24.1,23.02,23.94,14910301.0,352411328.0
2011-08-05,23.07,25.13,22.95,24.03,21388708.0,518156768.0
2011-08-08,23.41,23.7,21.63,21.63,17109124.0,380324704.0
2011-08-09,19.9,22.13,19.47,21.1,17766338.0,368037728.0
2011-08-10,21.6,22.21,21.01,21.36,12296350.0,267020672.0
2011-08-11,20.44,21.99,20.21,21.71,11635964.0,249029008.0
2011-08-12,21.73,22.29,21.5,21.55,10593152.0,232139232.0
2011-08-15,21.45,22.68,21.37,22.32,12333906.0,274712416.0
2011-08-16,22.4,22.66,22.06,22.29,8294187.0,185110080.0
2011-08-17,22.2,22.35,21.5,21.65,7488209.0,163344048.0
2011-08-18,21.91,23.17,21.81,22.14,14538900.0,327848928.0
2011-08-19,21.31,21.88,20.97,21.52,9265928.0,197848864.0
2011-08-22,21.6,21.83,20.66,20.95,6813968.0,145137936.0
2011-08-24,22.51,22.9,21.84,21.9,15589698.0,347887680.0
2011-08-25,21.7,22.5,21.38,22.45,10736815.0,234890624.0
2011-08-26,22.21,23.35,22.01,22.9,16289907.0,371075648.0
2011-08-29,22.68,23.34,22.44,22.81,9698405.0,221772512.0
2011-08-30,22.98,23.09,22.03,22.05,8563111.0,192750256.0
2011-08-31,22.05,22.29,21.5,21.97,5368617.0,117670648.0
2011-09-01,21.65,22.45,21.65,21.8,5388779.0,118908208.0
2011-09-02,21.88,22.98,21.88,22.16,8712019.0,195680848.0
2011-09-05,21.7,21.7,20.69,21.04,6202568.0,131160800.0
2011-09-06,20.8,21.3,20.5,20.9,3808558.0,79762072.0
2011-09-07,21.15,21.85,21.13,21.46,7597845.0,163150752.0
2011-09-08,21.5,21.92,21.27,21.3,7149535.0,154383520.0
2011-09-09,21.09,22.22,21.07,21.6,8047336.0,175019680.0
2011-09-13,21.0,21.0,20.27,20.27,7161025.0,147469392.0
2011-09-14,20.45,20.85,20.2,20.7,4173736.0,85815400.0
2011-09-15,20.82,21.02,20.6,20.71,4640682.0,96604056.0
2011-09-16,20.73,20.98,20.04,20.18,5797246.0,118044248.0
2011-09-19,20.02,20.02,18.74,18.79,5680614.0,109414632.0
2011-09-20,18.89,19.15,18.7,19.01,3320972.0,62924304.0
2011-09-21,18.95,19.96,18.4,19.64,7525143.0,144256064.0
2011-09-22,19.25,19.44,18.45,18.45,5405917.0,102667512.0
2011-09-23,17.98,18.37,17.51,18.1,3994512.0,71890064.0
2011-09-26,18.08,18.43,17.86,18.14,3496454.0,63559656.0
2011-09-27,18.52,19.48,18.52,18.77,6698496.0,127025912.0
2011-09-28,18.87,19.37,18.28,18.36,5176135.0,97935264.0
2011-09-29,17.9,18.38,17.31,17.6,4548740.0,81090752.0
2011-09-30,18.0,18.5,17.83,18.01,4266843.0,77394288.0
2011-10-10,18.49,18.59,17.9,17.97,4302279.0,78735080.0
2011-10-11,18.48,18.6,17.02,17.5,5662699.0,101020832.0
2011-10-12,17.43,18.77,17.0,18.62,9582146.0,174123888.0
2011-10-13,18.39,19.2,18.29,18.66,8512623.0,159875280.0
2011-10-14,18.5,20.5,18.32,20.2,16105117.0,312370016.0
2011-10-17,19.8,20.8,19.55,20.22,20743808.0,417195712.0
2011-10-18,19.79,19.96,18.72,18.78,15243996.0,295359232.0
2011-10-19,19.0,19.97,18.8,19.5,13877412.0,269059776.0
2011-10-20,19.2,20.39,18.78,19.94,15566068.0,304474368.0
2011-10-21,19.3,19.6,17.95,17.95,13011372.0,239578864.0
2011-10-24,17.5,18.5,17.07,18.23,8975053.0,160364032.0
2011-10-25,18.17,19.18,18.05,18.67,11091150.0,207914624.0
2011-10-26,18.0,18.69,17.88,18.3,11602699.0,211776416.0
2011-10-27,18.11,18.82,18.0,18.08,7991392.0,147105632.0
2011-10-28,18.38,18.85,18.2,18.61,10377165.0,192604848.0
2011-10-31,18.5,20.47,18.3,20.47,22508154.0,444669664.0
2011-11-01,20.58,21.97,20.2,21.11,34511176.0,718492224.0
2011-11-02,20.39,21.42,20.31,21.3,18796224.0,390608960.0
2011-11-03,21.0,22.3,20.69,20.7,22604140.0,484749152.0
2011-11-04,20.79,21.23,20.4,20.64,12573552.0,261233312.0
2011-11-07,20.35,20.85,20.25,20.45,8908582.0,182716848.0
2011-11-08,20.54,21.14,20.46,20.6,10581003.0,220113504.0
2011-11-09,20.44,21.5,20.2,21.24,13973596.0,291351232.0
2011-11-10,20.8,21.45,20.7,20.79,12882716.0,270674304.0
2011-11-11,20.88,21.38,20.35,20.82,10188171.0,212479728.0
2011-11-14,21.0,21.68,20.8,21.37,13572498.0,289124256.0
2011-11-15,21.5,22.66,21.36,21.61,19920862.0,438574880.0
2011-11-16,21.67,22.21,20.81,21.15,17259640.0,369271424.0
2011-11-17,21.0,21.54,20.67,20.88,10385131.0,218907648.0
2011-11-18,20.76,20.85,19.31,19.49,11222936.0,225495856.0
2011-11-21,19.51,19.85,19.02,19.84,5993249.0,116729552.0
2011-11-22,19.58,20.09,19.31,19.74,6009538.0,118493968.0
2011-11-23,19.66,20.24,19.66,19.78,6889936.0,137409520.0
2011-11-24,19.4,19.93,19.28,19.48,5762884.0,112679576.0
2011-11-25,19.33,19.75,19.28,19.28,4595022.0,89719384.0
2011-11-28,19.41,19.42,18.18,18.41,7103917.0,131978584.0
2011-11-29,18.62,18.77,18.4,18.74,5122977.0,95283808.0
2011-11-30,18.66,18.88,17.5,17.84,6720506.0,122361160.0
2011-12-01,18.45,18.67,18.11,18.14,6287842.0,115649784.0
2011-12-02,18.0,18.53,17.92,18.22,5040465.0,92035408.0
2011-12-05,18.0,18.18,17.0,17.12,5018592.0,87373872.0
2011-12-06,17.14,17.33,16.42,16.87,5420437.0,91338528.0
2011-12-07,17.01,17.05,16.5,16.96,4497116.0,75405904.0
2011-12-08,16.8,17.43,16.43,17.13,6106806.0,103917648.0
2011-12-09,16.8,17.03,16.61,16.63,3319097.0,55706428.0
2011-12-12,16.63,16.85,16.51,16.56,2490218.0,41538988.0
2011-12-13,16.47,16.5,15.3,15.36,4812119.0,75259032.0
2011-12-14,15.12,15.57,14.48,14.58,4272427.0,64109428.0
2011-12-15,14.4,14.4,13.8,13.83,5563870.0,78304888.0
2011-12-16,13.83,14.43,13.6,14.39,4895064.0,68690808.0
2011-12-19,14.3,14.72,13.96,14.67,5801447.0,83049584.0
2011-12-20,14.48,14.9,14.42,14.56,4822697.0,70963536.0
2011-12-21,14.7,14.85,13.65,13.71,4120807.0,59036372.0
2011-12-22,13.48,13.69,12.61,13.22,5478049.0,71563328.0
2011-12-23,13.1,13.58,13.01,13.3,3746111.0,49865724.0
2011-12-26,13.15,13.49,12.96,12.98,3036352.0,40193356.0
2011-12-27,13.0,13.07,11.91,12.0,4496878.0,56208792.0
2011-12-28,11.79,12.4,11.4,12.21,6068076.0,72588688.0
2011-12-29,12.04,12.23,11.91,11.98,3491808.0,42124700.0
2011-12-30,12.05,13.18,12.04,13.18,9382827.0,119072888.0
2012-01-04,13.51,13.54,12.94,12.95,12026660.0,159349648.0
2012-01-05,12.65,13.6,12.43,13.23,12893640.0,169214352.0
2012-01-06,12.95,14.25,12.83,14.02,14116643.0,191084336.0
2012-01-09,13.79,14.58,13.54,14.33,13736606.0,194017408.0
2012-01-10,14.11,14.82,14.02,14.58,14041279.0,202184672.0
2012-01-11,14.46,14.88,14.21,14.43,11172198.0,162194224.0
2012-01-12,14.26,15.08,14.16,14.48,12568986.0,184810976.0
2012-01-16,13.8,13.8,13.03,13.03,7466307.0,99471856.0
2012-01-17,12.5,13.98,12.5,13.93,8530632.0,114736008.0
2012-01-18,13.94,14.89,13.36,13.55,8781334.0,124247544.0
2012-01-19,13.33,13.82,13.11,13.66,5215906.0,70733072.0
2012-01-20,13.69,13.85,13.43,13.61,4434862.0,60617760.0
2012-01-30,13.75,13.87,13.4,13.5,4160943.0,56764820.0
2012-01-31,13.35,13.99,13.35,13.8,5753002.0,79463408.0
2012-02-01,13.65,14.2,13.53,13.91,7434638.0,103657200.0
2012-02-02,13.95,14.46,13.8,14.45,9067846.0,129040632.0
2012-02-03,14.4,14.54,14.06,14.44,7962285.0,114177512.0
2012-02-06,14.4,14.55,14.21,14.34,6262386.0,90001024.0
2012-02-07,14.33,14.33,13.68,13.85,5396131.0,74995160.0
2012-02-08,13.89,14.6,13.78,14.48,8314780.0,118685344.0
2012-02-09,14.45,15.6,14.32,14.9,14717151.0,218989632.0
2012-02-10,14.7,14.98,14.51,14.75,7671170.0,113255224.0
2012-02-13,14.62,15.43,14.42,15.04,10299006.0,154681264.0
2012-02-14,15.0,15.03,14.68,14.8,5416192.0,80294736.0
2012-02-15,14.75,15.49,14.68,15.3,11295924.0,171616704.0
2012-02-16,15.26,15.43,14.88,15.09,8140707.0,123320832.0
2012-02-17,15.14,15.45,15.06,15.23,7397387.0,112822664.0
2012-02-20,15.5,15.58,15.05,15.05,6349440.0,96944432.0
2012-02-21,15.04,15.26,14.63,15.24,6380625.0,95623816.0
2012-02-22,15.24,15.98,15.2,15.69,13519440.0,211034320.0
2012-02-23,16.3,17.26,16.3,17.26,30296786.0,517176736.0
2012-02-24,16.98,17.13,16.83,16.98,16668865.0,282630304.0
2012-02-27,16.99,17.36,16.82,16.95,17658434.0,301641856.0
2012-02-28,16.68,16.99,16.38,16.73,9217607.0,154313040.0
2012-02-29,16.45,16.9,16.39,16.41,6989204.0,116225720.0
2012-03-01,16.34,16.78,16.33,16.55,5053663.0,84063952.0
2012-03-02,16.6,16.9,16.6,16.79,5563525.0,93247816.0
2012-03-05,16.74,16.98,16.65,16.82,6853498.0,115300696.0
2012-03-06,16.85,16.85,16.1,16.22,7039858.0,115147712.0
2012-03-07,15.98,16.47,15.91,16.13,5690092.0,92547120.0
2012-03-08,16.18,17.11,16.18,16.83,10460830.0,174691488.0
2012-03-09,16.88,17.19,16.65,17.01,11122249.0,188238080.0
2012-03-12,17.2,17.24,16.8,17.02,8777731.0,149805072.0
2012-03-13,16.99,17.0,16.7,16.93,6267915.0,105598384.0
2012-03-14,17.07,18.45,16.41,16.92,20598448.0,361097408.0
2012-03-15,16.6,16.98,15.58,16.09,9642961.0,157795488.0
2012-03-16,16.03,16.53,15.87,16.52,7177706.0,116613608.0
2012-03-19,16.47,17.2,16.31,17.05,8460555.0,142727184.0
2012-03-20,16.94,16.99,16.46,16.53,5563359.0,92804952.0
2012-03-21,16.7,17.3,16.5,17.28,11268065.0,192155376.0
2012-03-22,17.12,18.2,16.98,17.85,17406004.0,306444224.0
2012-03-23,17.58,17.78,17.0,17.0,8479276.0,147374288.0
2012-03-27,17.12,17.61,17.0,17.22,6032949.0,104355496.0
2012-03-28,17.06,17.06,15.5,15.5,7406341.0,118949848.0
2012-03-29,15.27,15.46,14.16,14.6,5630045.0,83566952.0
2012-03-30,14.51,14.9,13.92,14.15,3717371.0,53474612.0
2012-04-05,14.2,14.75,14.2,14.75,4828570.0,70258312.0
2012-04-06,14.74,14.91,14.6,14.9,4386316.0,64817620.0
2012-04-09,14.81,15.1,14.51,14.53,3931088.0,58353044.0
2012-04-10,14.29,14.62,13.39,14.42,5564857.0,77895480.0
2012-04-11,14.1,14.43,13.96,14.4,3623990.0,51662112.0
2012-04-12,14.42,14.82,14.33,14.8,5491281.0,80236688.0
2012-04-13,14.86,15.37,14.85,14.96,9227540.0,139392144.0
2012-04-16,14.9,15.12,14.74,14.94,4795967.0,71606920.0
2012-04-17,14.94,15.11,14.75,14.8,4035466.0,60291428.0
2012-04-18,14.5,14.59,13.8,14.44,11669640.0,165870096.0
2012-04-19,14.3,14.42,14.08,14.2,5413051.0,77022912.0
2012-04-20,14.19,14.39,14.11,14.32,4426770.0,63208172.0
2012-04-23,14.33,14.33,13.4,13.43,6565226.0,90572664.0
2012-04-24,13.3,13.6,12.9,13.29,4338659.0,57406732.0
2012-04-25,13.31,13.69,13.31,13.51,4226572.0,57100492.0
2012-04-26,13.54,13.84,13.37,13.77,4097562.0,55625612.0
2012-04-27,13.68,14.15,13.6,13.82,4971971.0,68877264.0
2012-05-02,14.1,14.37,13.82,14.19,6781869.0,96176192.0
2012-05-03,14.18,14.21,13.92,14.05,4094752.0,57518492.0
2012-05-04,14.05,14.35,13.97,14.3,5556901.0,78913456.0
2012-05-07,14.15,14.53,14.08,14.38,6063086.0,86755896.0
2012-05-08,14.31,14.57,14.11,14.45,7055256.0,101086968.0
2012-05-09,14.36,14.39,13.93,13.93,5343717.0,75739296.0
2012-05-10,13.77,14.77,13.77,14.53,9254555.0,132556392.0
2012-05-11,14.44,15.42,14.35,14.67,14303571.0,214692496.0
2012-05-14,14.8,14.89,14.27,14.34,6548091.0,95006280.0
2012-05-15,14.0,14.67,13.79,14.63,6761699.0,95196992.0
2012-05-17,14.19,14.56,13.98,14.38,5481696.0,78385936.0
2012-05-18,14.21,14.96,14.15,14.41,8318956.0,121188704.0
2012-05-21,14.4,15.85,14.33,15.85,28590338.0,447578432.0
2012-05-22,15.78,15.83,15.42,15.76,19968520.0,312835264.0
2012-05-23,15.6,16.49,15.51,15.83,21923696.0,352633664.0
2012-05-24,15.66,17.41,15.53,16.77,26944604.0,450188000.0
2012-05-25,16.57,17.25,16.31,16.8,19050136.0,320286816.0
2012-05-28,16.62,16.64,15.56,16.38,11918738.0,191948432.0
2012-05-29,16.11,17.2,16.11,16.95,15980852.0,269583200.0
2012-05-30,16.8,16.96,16.54,16.62,9551488.0,159415424.0
2012-05-31,16.4,16.94,16.28,16.49,6727204.0,111969176.0
2012-06-01,16.44,17.45,16.44,17.15,17404120.0,297403168.0
2012-06-04,16.73,17.83,16.61,16.71,17194656.0,296104128.0
2012-06-05,16.82,17.5,16.44,16.54,12102023.0,205136688.0
2012-06-06,16.5,16.99,16.1,16.5,9019684.0,148946640.0
2012-06-07,16.78,16.93,16.0,16.05,7264404.0,118797088.0
2012-06-08,16.3,16.34,15.7,15.7,6005982.0,96241552.0
2012-06-11,15.63,16.4,15.4,16.25,7331584.0,116837424.0
2012-06-12,16.12,16.2,15.77,15.84,5015737.0,79897656.0
2012-06-13,15.95,16.74,15.72,16.6,10277129.0,167743408.0
2012-06-14,16.38,16.7,16.28,16.32,7085315.0,116638464.0
2012-06-15,16.33,16.59,15.75,16.08,6227130.0,100523792.0
2012-06-18,16.15,16.4,16.08,16.13,4496311.0,72958432.0
2012-06-19,16.13,16.27,15.78,15.8,4723333.0,75553384.0
2012-06-20,15.85,16.23,15.85,15.99,3983108.0,63917568.0
2012-06-21,15.99,16.34,15.85,16.14,6788918.0,109741536.0
2012-06-25,16.1,16.1,14.53,14.53,8357113.0,126454864.0
2012-06-26,14.1,14.5,13.9,14.25,4927505.0,69843864.0
2012-06-27,14.23,14.45,13.9,13.92,3673804.0,52261784.0
2012-06-28,14.1,14.39,13.96,13.96,4142737.0,58702844.0
2012-06-29,13.85,14.49,13.76,14.41,4718976.0,67230720.0
2012-07-02,14.48,14.85,14.48,14.58,4682426.0,68703920.0
2012-07-03,14.62,14.75,14.27,14.41,3994728.0,58050528.0
2012-07-04,14.5,14.8,14.45,14.6,3326220.0,48291320.0
2012-07-05,14.5,14.55,13.9,14.01,4268748.0,59764500.0
2012-07-06,14.22,14.68,13.44,14.55,6436508.0,89654000.0
2012-07-09,14.19,14.59,14.01,14.02,4745606.0,67513848.0
2012-07-10,13.75,14.08,13.75,13.97,2837137.0,39211120.0
2012-07-11,13.86,14.1,13.81,14.05,2879797.0,39991244.0
2012-07-12,13.94,14.78,13.29,14.33,8148673.0,113815720.0
2012-07-13,14.09,14.27,13.93,13.95,4224361.0,59098180.0
2012-07-16,14.0,14.27,13.44,13.45,4094800.0,56598144.0
2012-07-17,13.45,13.67,13.29,13.6,2946012.0,39451440.0
2012-07-18,13.49,13.73,13.37,13.7,2945130.0,39663460.0
2012-07-19,13.66,14.19,13.5,13.87,4681047.0,64614688.0
2012-07-20,13.88,14.1,13.73,13.77,3027282.0,41873724.0
2012-07-23,13.54,13.95,13.4,13.79,2614846.0,35690696.0
2012-07-24,13.78,14.08,13.64,13.99,2738903.0,37915484.0
2012-07-25,13.89,14.1,13.76,13.78,2779575.0,38536996.0
2012-07-26,13.72,14.19,13.72,13.89,3620048.0,50252272.0
2012-07-27,14.09,14.1,13.45,13.47,3628859.0,49517836.0
2012-07-30,13.52,13.72,12.48,12.68,3417956.0,44514436.0
2012-07-31,12.55,12.77,12.18,12.24,2534619.0,31117380.0
2012-08-01,12.24,12.78,12.24,12.67,2817174.0,35116040.0
2012-08-02,12.59,12.65,12.31,12.45,2084693.0,25778582.0
2012-08-03,12.44,12.73,12.44,12.71,2436367.0,30557678.0
2012-08-06,12.59,13.43,12.55,13.3,4957128.0,64342828.0
2012-08-07,13.28,13.64,13.19,13.46,4432022.0,59261296.0
2012-08-08,13.39,13.77,13.3,13.3,4132241.0,55548900.0
2012-08-09,13.32,13.65,13.26,13.51,3540333.0,47388028.0
2012-08-10,13.48,14.05,13.31,13.67,5177064.0,70279008.0
2012-08-13,13.59,13.59,13.04,13.07,3688277.0,48934624.0
2012-08-14,12.97,13.22,12.61,13.2,3050994.0,39126948.0
2012-08-15,13.19,13.19,12.8,12.84,2007245.0,25874180.0
2012-08-16,12.87,13.04,12.76,12.85,1528151.0,19577214.0
2012-08-17,12.78,12.91,12.69,12.85,1302414.0,16541396.0
2012-08-20,12.72,12.97,12.59,12.85,1666606.0,21051172.0
2012-08-21,12.83,13.21,12.79,13.12,3088073.0,40114448.0
2012-08-22,13.16,13.22,12.83,12.96,2244795.0,29045378.0
2012-08-23,12.84,13.57,12.84,13.46,5707289.0,75252376.0
2012-08-24,13.44,13.44,12.9,12.96,3707865.0,48385116.0
2012-08-27,12.75,12.75,12.08,12.2,3709852.0,45585592.0
2012-08-28,12.13,12.49,12.12,12.34,1905375.0,23283538.0
2012-08-29,12.28,12.41,12.08,12.12,2148837.0,26081636.0
2012-08-30,12.08,12.86,12.07,12.45,4413339.0,54897224.0
2012-08-31,12.37,12.41,12.16,12.26,2303826.0,28028620.0
2012-09-03,12.29,12.52,12.23,12.46,2069308.0,25490460.0
2012-09-04,12.46,12.58,12.35,12.39,2567000.0,31757746.0
2012-09-05,12.32,12.57,12.19,12.52,2419022.0,29803306.0
2012-09-06,12.57,12.75,12.5,12.74,3262613.0,40978108.0
2012-09-07,12.97,13.46,12.85,13.19,6914396.0,90464432.0
2012-09-10,13.09,13.36,13.02,13.28,4337002.0,56919744.0
2012-09-11,13.21,13.21,12.99,13.13,3357857.0,43607468.0
2012-09-12,13.17,13.61,13.17,13.31,5035042.0,66864828.0
2012-09-13,13.22,13.32,12.93,12.93,3465931.0,45149736.0
2012-09-14,13.19,13.3,12.99,13.13,3472738.0,45432832.0
2012-09-17,13.06,13.33,12.57,12.61,3567018.0,46252512.0
2012-09-18,12.54,12.58,12.36,12.49,2149011.0,26578518.0
2012-09-19,12.51,12.72,12.46,12.68,1560207.0,19482044.0
2012-09-20,12.67,12.67,12.1,12.13,2568208.0,31337556.0
2012-09-21,12.17,12.35,12.08,12.16,1620493.0,19669244.0
2012-09-24,12.13,12.25,11.56,12.16,1942595.0,23063690.0
2012-09-25,12.16,12.22,11.9,11.99,1396269.0,16723509.0
2012-09-26,12.17,12.44,11.76,11.78,2794737.0,33735492.0
2012-09-27,11.59,12.17,11.59,11.99,2577296.0,30547074.0
2012-09-28,11.92,12.22,11.88,12.2,2285973.0,27505092.0
2012-10-08,12.21,12.22,11.92,11.99,1820720.0,21757028.0
2012-10-09,12.05,12.4,12.03,12.35,2844166.0,34657248.0
2012-10-10,12.14,12.69,12.14,12.61,3951223.0,48986744.0
2012-10-11,12.52,12.78,12.38,12.5,4754439.0,59404212.0
2012-10-12,12.47,12.83,12.38,12.58,5140592.0,64345196.0
2012-10-15,12.38,12.38,11.54,11.95,4583876.0,54015656.0
2012-10-16,11.83,12.05,11.78,11.9,2272190.0,26935934.0
2012-10-17,11.9,12.02,11.78,11.94,1855256.0,21946150.0
2012-10-18,11.87,12.14,11.87,12.07,2418073.0,28938574.0
2012-10-19,12.06,12.18,11.98,12.05,1814828.0,21756020.0
2012-10-22,11.96,12.02,11.82,11.98,1868506.0,22082656.0
2012-10-23,11.99,12.13,11.98,12.01,2065791.0,24708502.0
2012-10-24,11.8,12.01,11.8,11.86,1420709.0,16790950.0
2012-10-25,11.85,12.03,11.8,11.83,1139620.0,13464901.0
2012-10-26,11.81,11.97,11.41,11.45,2149182.0,24707976.0
2012-10-29,11.45,11.55,11.19,11.25,1172403.0,13205484.0
2012-10-30,11.37,11.46,11.28,11.34,939427.0,10587022.0
2012-10-31,11.37,11.41,11.27,11.41,817682.0,9215854.0
2012-11-01,11.43,12.06,11.41,11.77,2944854.0,34458276.0
2012-11-02,11.67,11.77,11.56,11.65,1645708.0,19056716.0
2012-11-05,11.58,11.73,11.56,11.6,1096027.0,12658531.0
2012-11-06,11.61,11.66,11.31,11.46,1478114.0,16763265.0
2012-11-07,11.46,11.7,11.38,11.54,1783507.0,20511722.0
2012-11-08,11.4,11.44,11.18,11.18,1676782.0,18801950.0
2012-11-09,11.14,11.23,10.95,11.08,1350488.0,14866865.0
2012-11-12,11.11,11.2,11.03,11.12,1075991.0,11853599.0
2012-11-13,11.08,11.28,10.97,11.28,1980422.0,21928572.0
2012-11-14,11.23,11.3,10.99,11.29,1762331.0,19577632.0
2012-11-15,11.23,11.23,10.88,10.88,1367955.0,15030554.0
2012-11-16,10.76,10.85,10.4,10.5,1477437.0,15462800.0
2012-11-19,10.42,10.56,10.2,10.41,1610121.0,16559950.0
2012-11-20,10.46,10.55,10.38,10.43,1149695.0,11938061.0
2012-11-21,10.34,10.51,10.14,10.47,1934249.0,19902186.0
2012-11-22,10.37,10.44,10.23,10.28,1043346.0,10717642.0
2012-11-23,10.3,10.76,10.29,10.57,2968472.0,31190102.0
2012-11-26,10.44,10.55,10.26,10.3,1310027.0,13582521.0
2012-11-27,10.26,10.27,9.62,9.64,1865527.0,18298590.0
2012-11-28,9.64,9.64,9.04,9.07,2240012.0,20508926.0
2012-11-29,9.05,9.2,8.78,8.82,1548374.0,13889859.0
2012-11-30,8.82,9.03,8.82,8.96,1454863.0,12890829.0
2012-12-03,8.92,8.95,8.26,8.28,2128577.0,18140640.0
2012-12-04,8.12,8.51,8.06,8.43,1967254.0,16119011.0
2012-12-05,8.39,9.12,8.34,8.89,3153777.0,27594454.0
2012-12-06,8.88,9.0,8.76,8.88,2104609.0,18545918.0
2012-12-07,8.88,9.23,8.78,9.11,2922568.0,26309912.0
2012-12-10,9.11,9.95,9.07,9.92,7440232.0,71758752.0
2012-12-11,9.65,9.87,9.52,9.76,4070175.0,39323576.0
2012-12-12,9.67,9.8,9.52,9.7,2612358.0,24993606.0
2012-12-13,9.73,9.75,9.19,9.3,2900572.0,27250194.0
2012-12-14,9.28,9.83,9.28,9.74,3922870.0,37568672.0
2012-12-17,9.72,10.37,9.67,9.97,5954309.0,59329212.0
2012-12-18,9.96,10.85,9.79,10.49,10639156.0,109890424.0
2012-12-19,10.29,10.71,10.25,10.44,7966970.0,83240608.0
2012-12-20,10.27,10.83,10.24,10.72,8745774.0,92016864.0
2012-12-21,10.72,11.38,10.5,10.63,10292091.0,111712568.0
2012-12-24,10.47,10.77,10.32,10.53,4858899.0,50735476.0
2012-12-25,10.41,10.82,10.33,10.7,6140469.0,64782368.0
2012-12-26,10.7,11.03,10.62,10.88,5357114.0,57732284.0
2012-12-27,10.97,11.48,10.77,11.14,13245952.0,147199584.0
2012-12-28,10.97,11.16,10.82,11.09,6507528.0,70883048.0
2012-12-31,11.09,11.18,10.88,10.96,4209771.0,45983688.0
2013-01-04,11.03,11.16,10.94,11.04,4848773.0,53228036.0
2013-01-07,10.89,10.97,10.77,10.95,3745891.0,40405020.0
2013-01-08,10.9,11.42,10.88,11.33,8348329.0,92586616.0
2013-01-09,11.23,11.3,10.83,11.06,6066791.0,66979912.0
2013-01-10,10.98,11.16,10.91,11.06,4307024.0,47223852.0
2013-01-11,11.01,11.17,10.68,10.71,4558127.0,49411312.0
2013-01-14,10.59,11.38,10.59,11.25,6964369.0,76327736.0
2013-01-15,11.19,11.85,11.15,11.63,12027096.0,137595568.0
2013-01-16,11.58,11.8,11.26,11.5,7328917.0,83897568.0
2013-01-17,11.43,11.56,11.21,11.27,4715445.0,53068144.0
2013-01-18,11.33,11.52,11.23,11.43,3689997.0,41747844.0
2013-01-21,11.42,11.6,11.36,11.51,4051286.0,46195028.0
2013-01-22,11.58,11.77,11.28,11.29,5947455.0,68246648.0
2013-01-23,11.25,11.45,10.95,11.21,4064414.0,45033020.0
2013-01-24,11.14,11.55,10.82,10.88,5152494.0,57643112.0
2013-01-25,10.81,11.08,10.81,10.85,2139094.0,23215346.0
2013-01-28,10.82,11.2,10.82,11.18,2678814.0,29471850.0
2013-01-29,11.21,11.56,11.18,11.48,5738602.0,65047592.0
2013-01-30,11.4,11.55,11.28,11.43,3991561.0,45212560.0
2013-01-31,11.43,11.84,11.43,11.73,7830785.0,90467744.0
2013-02-01,11.58,11.73,11.45,11.61,6231454.0,71713056.0
2013-02-04,11.59,11.75,11.2,11.37,5530755.0,62837120.0
2013-02-05,11.25,11.58,11.22,11.47,3165091.0,35925132.0
2013-02-06,11.56,12.29,11.55,11.77,9832158.0,116470504.0
2013-02-07,11.73,12.27,11.68,12.16,9959349.0,119122984.0
2013-02-08,12.09,12.67,11.98,12.48,9197377.0,112775000.0
2013-02-18,12.37,12.43,12.16,12.24,6156959.0,75276328.0
2013-02-19,12.23,12.41,11.69,11.77,6033705.0,72071752.0
2013-02-20,11.75,12.08,11.68,12.03,3538886.0,41948364.0
2013-02-21,11.93,11.93,11.5,11.56,4722885.0,54717256.0
2013-02-22,11.51,11.96,11.49,11.72,3985410.0,46461492.0
2013-02-25,11.71,11.84,11.61,11.73,3077295.0,35815376.0
2013-02-26,11.72,11.84,11.28,11.46,5622264.0,64408888.0
2013-02-27,11.48,11.62,11.33,11.51,2576912.0,29378318.0
2013-02-28,11.54,11.78,11.4,11.76,4255921.0,49291380.0
2013-03-01,11.69,11.84,11.61,11.79,3509572.0,40946464.0
2013-03-04,11.86,12.22,11.6,11.69,9618256.0,114306480.0
2013-03-05,11.47,11.96,11.41,11.92,4998508.0,58538768.0
2013-03-06,11.96,12.39,11.92,12.34,9049694.0,109766312.0
2013-03-07,12.27,12.28,11.84,12.08,6490238.0,78026528.0
2013-03-08,12.09,12.44,11.96,12.3,6967555.0,84727472.0
2013-03-11,12.24,12.38,12.0,12.04,4680861.0,56755064.0
2013-03-12,11.98,12.18,11.19,11.47,5194361.0,59995992.0
2013-03-13,11.43,11.58,11.25,11.46,2288308.0,26018982.0
2013-03-14,11.28,11.52,10.97,10.98,3367952.0,37407096.0
2013-03-15,11.04,11.09,10.59,10.87,3092817.0,33336446.0
2013-03-18,10.75,10.86,10.33,10.37,3092155.0,32203852.0
2013-03-19,10.37,10.49,10.22,10.45,1650219.0,17035188.0
2013-03-20,10.49,10.84,10.43,10.76,2489738.0,26359782.0
2013-03-21,10.77,11.02,10.77,10.88,2611489.0,28227264.0
2013-03-22,10.83,10.91,10.75,10.87,1720852.0,18533678.0
2013-03-25,10.86,11.16,10.8,11.08,2902356.0,31725578.0
2013-03-26,11.03,11.03,10.55,10.65,2526967.0,26872264.0
2013-03-27,10.64,10.9,10.57,10.77,2219998.0,23667544.0
2013-03-28,10.65,10.65,10.17,10.17,2242180.0,23057034.0
2013-03-29,10.2,10.33,10.2,10.21,929256.0,9473661.0
2013-04-01,10.25,10.39,10.22,10.29,990664.0,10133055.0
2013-04-02,10.31,10.42,10.07,10.08,1447781.0,14676676.0
2013-04-03,10.17,10.17,9.68,9.83,1993716.0,19537950.0
2013-04-08,9.73,9.76,9.45,9.69,1502960.0,14316211.0
2013-04-09,9.77,10.65,9.77,10.65,4168367.0,43302900.0
2013-04-10,10.57,11.03,10.48,10.72,7938591.0,85075872.0
2013-04-11,10.54,10.72,10.3,10.37,3893710.0,40688432.0
2013-04-12,10.37,10.68,10.31,10.47,2831009.0,29551862.0
2013-04-15,10.37,10.37,9.87,10.01,2420100.0,24101418.0
2013-04-16,9.57,10.13,9.49,10.13,2209167.0,21660250.0
2013-04-17,10.12,10.13,9.87,10.05,1738103.0,17245474.0
2013-04-18,9.9,10.19,9.78,9.94,1462683.0,14530725.0
2013-04-19,9.87,10.94,9.87,10.94,8702507.0,92558264.0
2013-04-22,10.96,11.34,10.73,11.25,11138640.0,121739224.0
2013-04-23,11.02,11.03,10.67,10.7,5283358.0,56846500.0
2013-04-24,10.67,11.4,10.63,11.29,7926090.0,87043112.0
2013-04-25,11.15,11.58,11.02,11.22,8384806.0,94364944.0
2013-04-26,11.16,11.46,10.8,10.95,3916362.0,43363356.0
2013-05-02,10.77,11.16,10.69,11.01,2840929.0,30963290.0
2013-05-03,11.16,11.45,11.1,11.3,4903815.0,55077464.0
2013-05-06,11.38,11.72,11.31,11.69,7697675.0,88464864.0
2013-05-07,11.62,12.03,11.41,11.52,7372485.0,85478504.0
2013-05-08,11.54,11.65,11.29,11.51,4366635.0,49597400.0
2013-05-09,11.46,11.77,11.33,11.58,4514948.0,51813960.0
2013-05-10,11.51,11.65,11.29,11.39,3608332.0,40939500.0
2013-05-13,11.39,11.73,11.34,11.67,4420024.0,50766504.0
2013-05-14,11.6,11.71,11.44,11.52,3716096.0,42699260.0
2013-05-15,11.41,11.73,11.25,11.68,5054607.0,57950820.0
2013-05-16,11.62,11.87,11.44,11.48,7091850.0,82260136.0
2013-05-17,11.35,11.46,11.28,11.43,6397755.0,72333600.0
2013-05-20,11.43,12.11,11.38,12.03,11401607.0,134713632.0
2013-05-21,11.92,12.53,11.86,12.28,12456716.0,151201584.0
2013-05-22,12.4,12.88,11.99,12.18,11974332.0,148300752.0
2013-05-23,11.98,12.1,11.76,11.86,6295533.0,74442896.0
2013-05-24,11.91,12.38,11.81,12.35,7235686.0,87107488.0
2013-05-27,12.32,12.45,12.21,12.3,5657136.0,69219736.0
2013-05-28,12.38,12.44,12.01,12.18,4683165.0,56513412.0
2013-05-29,12.21,12.38,12.13,12.19,5043414.0,61391948.0
2013-05-30,12.11,12.2,11.83,11.89,5694425.0,67542048.0
2013-05-31,11.89,12.01,11.74,11.77,4071488.0,48086768.0
2013-06-03,11.73,11.84,11.56,11.73,3509065.0,40761676.0
2013-06-04,11.72,11.72,11.23,11.33,3179857.0,36159952.0
2013-06-05,11.28,11.52,11.24,11.4,1742737.0,19734332.0
2013-06-06,11.36,11.36,10.95,10.98,2542294.0,28230212.0
2013-06-07,11.08,11.15,10.48,10.7,2509271.0,26905144.0
2013-06-13,10.59,10.59,9.87,10.15,2400901.0,24189560.0
2013-06-14,10.17,10.43,10.16,10.31,2014758.0,20650980.0
2013-06-17,10.31,10.51,10.25,10.26,1933341.0,19969838.0
2013-06-18,10.27,10.46,10.15,10.37,1900330.0,19482756.0
2013-06-19,10.27,10.62,10.21,10.55,3412114.0,35463280.0
2013-06-20,10.41,10.52,9.95,9.96,2114020.0,21650096.0
2013-06-21,9.82,10.1,9.63,10.05,2147844.0,21046024.0
2013-06-24,9.96,10.13,9.06,9.23,2442493.0,22829852.0
2013-06-25,9.18,9.4,8.32,9.3,3216909.0,27973820.0
2013-06-26,9.31,9.57,9.06,9.47,2677566.0,24560784.0
2013-06-27,9.47,9.62,9.09,9.16,2271481.0,20965106.0
2013-06-28,8.98,9.45,8.76,9.1,1826900.0,16371817.0
2013-07-01,9.05,9.42,8.96,9.36,1584106.0,14383104.0
2013-07-02,9.34,9.79,9.28,9.65,3216387.0,30154820.0
2013-07-03,9.52,9.63,9.27,9.5,2376143.0,22033120.0
2013-07-04,9.38,10.04,9.35,9.84,5108618.0,49008280.0
2013-07-05,9.77,10.05,9.63,9.72,4203150.0,40738196.0
2013-07-08,9.47,9.47,9.04,9.09,2624259.0,23831436.0
2013-07-09,9.04,9.35,9.04,9.17,1337529.0,12076537.0
2013-07-10,9.17,10.09,9.17,10.09,6438985.0,61811112.0
2013-07-11,10.11,10.69,10.11,10.29,11182146.0,114177368.0
2013-07-12,10.21,10.31,10.03,10.14,6333428.0,63233196.0
2013-07-15,10.08,10.64,10.08,10.61,7395357.0,75388504.0
2013-07-16,10.69,10.74,10.42,10.57,6961003.0,72319728.0
2013-07-17,10.54,10.59,10.18,10.19,3942192.0,40147444.0
2013-07-18,10.18,10.49,10.09,10.24,3196959.0,32318570.0
2013-07-19,10.18,10.33,9.76,9.77,3425030.0,33902244.0
2013-07-22,9.94,10.1,9.72,10.05,2464049.0,24032084.0
2013-07-23,10.05,10.58,9.98,10.38,5212727.0,53215864.0
2013-07-24,10.29,10.46,10.09,10.38,3868394.0,39114564.0
2013-07-25,10.37,10.39,10.08,10.08,2552540.0,25567414.0
2013-07-26,10.08,10.29,9.93,10.18,2105879.0,20902704.0
2013-07-29,10.15,10.15,9.93,10.01,2021109.0,19936200.0
2013-07-30,10.04,10.37,10.0,10.23,3294316.0,33117464.0
2013-07-31,10.25,10.32,10.08,10.13,2087489.0,20884918.0
2013-08-01,10.09,10.41,10.08,10.38,3861302.0,39096584.0
2013-08-02,10.4,10.57,10.28,10.37,4508793.0,46147812.0
2013-08-05,10.38,10.58,10.27,10.48,3817023.0,39198180.0
2013-08-06,10.47,10.69,10.3,10.57,5395229.0,55753108.0
2013-08-07,10.51,10.58,10.28,10.28,3535994.0,36166028.0
2013-08-08,10.48,10.86,10.38,10.42,6652852.0,69494432.0
2013-08-09,10.35,10.99,10.34,10.82,10692505.0,112831056.0
2013-08-12,10.81,11.16,10.66,10.98,8849683.0,94769128.0
2013-08-13,10.92,10.99,10.76,10.88,4425051.0,47158708.0
2013-08-14,10.8,11.0,10.64,10.71,4211353.0,44685032.0
2013-08-15,10.75,10.79,10.56,10.59,2948102.0,30841426.0
2013-08-16,10.48,10.76,10.19,10.19,3553740.0,36718560.0
2013-08-19,10.16,10.45,10.09,10.34,2808860.0,28355582.0
2013-08-20,10.32,10.43,10.15,10.21,2658974.0,26857566.0
2013-08-21,10.21,10.39,10.16,10.34,2043886.0,20727782.0
2013-08-22,10.28,10.36,10.18,10.22,2103300.0,21196374.0
2013-08-23,10.26,10.4,9.88,10.12,3172330.0,31736634.0
2013-08-26,10.1,10.32,10.1,10.32,2099427.0,21112476.0
2013-08-27,10.32,10.57,10.26,10.48,3622739.0,37217988.0
2013-08-28,10.33,10.34,10.19,10.25,3386102.0,34159996.0
2013-08-29,10.25,10.28,9.99,10.09,2844645.0,28276078.0
2013-08-30,10.08,10.23,9.77,9.78,2914187.0,28668552.0
2013-09-02,9.78,10.12,9.75,10.04,1970347.0,19290040.0
2013-09-03,9.97,10.08,9.91,10.03,1866605.0,18372400.0
2013-09-04,10.04,10.35,10.04,10.18,3966017.0,39754800.0
2013-09-05,10.17,10.17,9.99,10.06,2082213.0,20567466.0
2013-09-06,10.0,10.12,9.99,10.05,1916837.0,18927128.0
2013-09-09,10.04,10.24,10.04,10.19,2672608.0,26603352.0
2013-09-10,10.17,10.38,10.15,10.37,4122777.0,41489312.0
2013-09-11,10.38,10.52,10.21,10.25,4286044.0,43640036.0
2013-09-12,10.22,10.46,10.12,10.34,3788990.0,38257984.0
2013-09-13,10.39,10.47,10.3,10.33,4396488.0,44858984.0
2013-09-16,10.29,10.62,10.24,10.48,5613187.0,57588940.0
2013-09-17,10.45,10.56,10.05,10.06,4812922.0,48652864.0
2013-09-18,10.02,10.13,9.86,9.93,2683868.0,26260712.0
2013-09-23,9.91,10.17,9.91,10.13,2029808.0,20077376.0
2013-09-24,10.09,10.1,9.82,9.93,4750781.0,46271820.0
2013-09-25,9.87,9.96,9.82,9.85,2049013.0,19902066.0
2013-09-26,9.9,9.94,9.63,9.63,2369897.0,22780542.0
2013-09-27,9.64,9.77,9.64,9.69,1319819.0,12594486.0
2013-09-30,9.72,9.8,9.69,9.79,963461.0,9219435.0
2013-10-08,9.77,9.9,9.69,9.85,1269397.0,12250019.0
2013-10-09,9.82,9.93,9.78,9.93,1532667.0,14861121.0
2013-10-10,9.97,9.97,9.72,9.75,2091970.0,20137802.0
2013-10-11,9.76,9.89,9.76,9.84,1595193.0,15410644.0
2013-10-14,9.86,9.95,9.82,9.93,2458590.0,23893494.0
2013-10-15,9.97,10.02,9.85,9.93,2086168.0,20306630.0
2013-10-16,9.84,9.88,9.54,9.63,2714670.0,25742480.0
2013-10-17,9.63,9.75,9.63,9.71,1531952.0,14595770.0
2013-10-18,9.72,10.06,9.64,10.05,6029046.0,58882552.0
2013-10-21,10.06,10.55,9.95,10.46,12780531.0,129631680.0
2013-10-22,10.43,10.62,10.3,10.46,8461795.0,86992368.0
2013-10-23,10.55,11.5,10.26,11.5,36161208.0,382919712.0
2013-10-24,10.77,11.11,10.45,10.46,25247276.0,266582656.0
2013-10-25,10.58,10.58,10.05,10.09,12893405.0,129569816.0
2013-10-28,10.13,10.13,9.49,9.55,11200208.0,106324408.0
2013-10-29,9.49,9.55,8.66,9.0,10041828.0,89858072.0
2013-10-30,9.0,9.09,8.88,9.05,6249323.0,55302496.0
2013-10-31,9.12,9.12,8.86,8.97,4324210.0,38029860.0
2013-11-01,8.97,9.29,8.89,9.1,6686924.0,59799100.0
2013-11-04,9.16,9.38,9.03,9.1,5269451.0,47489840.0
2013-11-05,9.06,9.21,8.91,9.13,4930883.0,44002600.0
2013-11-06,9.12,9.23,8.96,8.97,5589334.0,50046632.0
2013-11-07,8.96,9.01,8.69,8.69,4977992.0,43247320.0
2013-11-08,8.67,8.7,8.38,8.42,4447045.0,37318632.0
2013-11-11,8.44,8.65,8.44,8.59,2846136.0,23924730.0
2013-11-12,8.62,8.64,8.49,8.62,2634923.0,22210944.0
2013-11-13,8.61,8.68,8.46,8.47,3394497.0,28514166.0
2013-11-14,8.51,8.69,8.47,8.66,4020921.0,34027876.0
2013-11-15,8.61,8.94,8.61,8.8,5319765.0,45972556.0
2013-11-18,8.82,9.08,8.79,8.99,6425501.0,56470308.0
2013-11-19,8.99,9.06,8.89,8.95,4101161.0,36029352.0
2013-11-20,8.98,9.03,8.91,9.02,4156236.0,36673980.0
2013-11-21,9.0,9.02,8.83,8.91,3469370.0,30376802.0
2013-11-22,8.91,9.0,8.89,8.91,2606156.0,22875488.0
2013-11-25,8.87,9.05,8.86,9.0,3915978.0,34572336.0
2013-11-26,8.96,9.03,8.94,9.0,2770897.0,24478998.0
2013-11-27,9.02,9.18,8.98,9.12,4778981.0,42713764.0
2013-11-28,9.15,9.45,9.08,9.28,9141083.0,83554128.0
2013-11-29,9.25,9.35,9.16,9.19,5573698.0,50630500.0
2013-12-02,9.02,9.02,8.55,8.58,6917819.0,59496020.0
2013-12-03,8.5,8.82,8.47,8.78,3677311.0,31410482.0
2013-12-04,8.79,8.98,8.71,8.93,4060535.0,35507712.0
2013-12-05,8.93,9.02,8.89,8.94,3174108.0,27902374.0
2013-12-06,8.96,9.0,8.88,8.93,2468632.0,21671212.0
2013-12-09,8.92,9.13,8.92,9.04,3207357.0,28415362.0
2013-12-10,9.03,9.11,8.99,9.07,2745390.0,24380548.0
2013-12-11,9.04,9.04,8.85,8.88,3277712.0,28689768.0
2013-12-12,8.86,9.02,8.86,8.95,2411846.0,21213042.0
2013-12-13,8.89,9.03,8.87,8.97,2078892.0,18316054.0
2013-12-16,8.99,9.28,8.92,9.08,6153150.0,55073312.0
2013-12-17,9.01,9.15,8.99,9.09,3701255.0,32992470.0
2013-12-18,9.08,9.31,9.04,9.31,7386444.0,67024576.0
2013-12-19,9.31,9.36,9.16,9.19,4018035.0,36432924.0
2013-12-20,9.19,9.22,8.91,8.93,3497046.0,30971556.0
2013-12-23,8.99,9.01,8.56,8.71,2600950.0,22256112.0
2013-12-24,8.77,8.89,8.68,8.79,1721871.0,14855282.0
2013-12-25,8.79,8.89,8.78,8.88,1789666.0,15517715.0
2013-12-26,8.88,8.91,8.6,8.6,2883270.0,24670386.0
2013-12-27,8.59,8.81,8.59,8.77,2071505.0,17737076.0
2013-12-30,8.83,8.84,8.73,8.81,1643748.0,14203210.0
2013-12-31,8.76,8.92,8.7,8.91,2380416.0,20682788.0
2014-01-02,8.89,8.99,8.81,8.96,2171750.0,19005548.0
2014-01-03,8.96,9.12,8.96,8.98,2984989.0,26447642.0
2014-01-06,8.96,9.88,8.96,9.88,32379928.0,308640192.0
2014-01-07,9.7,10.74,9.67,10.26,36086436.0,362167008.0
2014-01-08,10.26,10.46,10.04,10.17,17872266.0,179357792.0
2014-01-09,10.2,10.38,10.13,10.32,14012551.0,141179552.0
2014-01-10,10.17,10.43,10.01,10.07,11959850.0,119802944.0
2014-01-13,10.18,10.57,10.04,10.28,18508338.0,186710240.0
2014-01-14,10.33,10.47,10.21,10.43,9922559.0,100588056.0
2014-01-15,10.43,10.67,10.36,10.59,10020032.0,103570872.0
2014-01-16,10.64,10.64,10.29,10.4,7992431.0,82080728.0
2014-01-17,10.29,10.39,10.17,10.2,5946033.0,59923188.0
2014-01-20,10.1,10.18,9.84,9.89,5481813.0,53648568.0
2014-01-21,9.9,10.27,9.89,10.24,5858201.0,58511684.0
2014-01-22,10.22,10.34,10.13,10.32,5372817.0,54171316.0
2014-01-23,10.35,10.59,10.28,10.3,7307069.0,74772336.0
2014-01-24,10.2,10.41,10.2,10.31,5536477.0,56177432.0
2014-01-27,10.18,10.57,10.13,10.55,6536631.0,66594384.0
2014-01-28,10.58,10.63,10.31,10.33,4515731.0,46287592.0
2014-01-29,10.34,10.46,10.15,10.2,4268744.0,43107720.0
2014-01-30,10.18,10.25,9.93,10.1,3588487.0,35471440.0
2014-02-07,10.03,10.28,9.91,10.26,3161541.0,31633468.0
2014-02-10,10.18,11.15,10.05,10.57,20210472.0,210286576.0
2014-02-11,10.47,10.56,10.29,10.46,11542403.0,118342880.0
2014-02-12,10.55,10.94,10.55,10.76,15221753.0,160729072.0
2014-02-13,10.59,10.74,10.37,10.37,9393355.0,97603944.0
2014-02-14,10.38,10.51,10.26,10.46,6794253.0,69471056.0
2014-02-17,10.43,11.51,10.43,11.51,27442872.0,301758144.0
2014-02-18,11.5,11.5,11.09,11.3,23288288.0,257389792.0
2014-02-19,11.3,11.31,10.95,11.1,12571669.0,136912304.0
2014-02-20,11.01,11.26,10.79,10.97,10656138.0,115229864.0
2014-02-21,10.97,11.32,10.85,11.15,9538325.0,104249960.0
2014-02-24,11.1,11.2,10.91,11.08,6356980.0,69013112.0
2014-02-25,11.09,11.14,9.97,10.06,15806475.0,163538880.0
2014-02-26,9.88,10.31,9.58,10.24,9501021.0,93893864.0
2014-02-27,10.11,10.48,9.88,9.96,8087412.0,80957304.0
2014-02-28,9.83,10.12,9.72,10.06,4878448.0,47617216.0
2014-05-21,11.07,11.07,10.58,11.07,18944932.0,202263184.0
2014-05-22,11.04,11.28,10.76,11.08,15519195.0,168381904.0
2014-05-23,10.89,11.04,10.69,10.83,8943524.0,95355360.0
2014-05-26,10.98,11.3,10.8,11.14,9796766.0,106482264.0
2014-05-27,11.08,11.2,10.79,10.83,7121286.0,76529552.0
2014-05-28,10.79,10.92,10.61,10.82,5745872.0,60717280.0
2014-05-29,10.89,11.12,10.71,11.08,8310659.0,89311096.0
2014-05-30,10.99,11.19,10.82,10.97,6280734.0,67837448.0
2014-06-03,10.92,11.02,10.75,10.88,5605794.0,59933808.0
2014-06-04,10.87,10.87,10.16,10.26,8037837.0,82172752.0
2014-06-05,10.34,10.54,10.25,10.38,3489512.0,35674288.0
2014-06-06,10.41,10.51,10.2,10.35,2810497.0,28563774.0
2014-06-09,10.38,10.75,10.24,10.56,5329554.0,55401628.0
2014-06-10,10.64,10.64,10.38,10.54,3928557.0,40454204.0
2014-06-11,10.56,10.61,10.48,10.56,2946607.0,30246122.0
2014-06-12,10.56,10.76,10.37,10.76,5566457.0,57611624.0
2014-06-13,10.67,11.18,10.62,10.9,8462489.0,89935928.0
2014-06-16,10.84,11.0,10.79,10.89,3843094.0,40736380.0
2014-06-17,10.94,11.14,10.83,10.87,5406869.0,57815664.0
2014-06-18,10.87,11.26,10.79,11.17,9372638.0,100997112.0
2014-06-19,11.08,11.17,10.52,10.64,6021588.0,63585052.0
2014-06-20,10.64,10.71,10.44,10.6,3353015.0,34492796.0
2014-06-23,10.59,10.77,10.55,10.64,3404754.0,35303432.0
2014-06-24,10.64,11.71,10.59,11.36,15014624.0,165213184.0
2014-06-25,11.37,11.39,11.1,11.31,9002533.0,98671160.0
2014-06-26,11.2,11.5,11.18,11.34,9285933.0,102572216.0
2014-06-27,11.36,11.7,11.22,11.51,9975256.0,111897576.0
2014-06-30,11.46,12.24,11.34,12.0,14553784.0,166590064.0
2014-07-01,11.9,11.97,11.67,11.72,8966960.0,102897784.0
2014-07-02,11.75,11.91,11.53,11.75,7114623.0,81091488.0
2014-07-03,11.72,11.91,11.58,11.61,7480760.0,85420512.0
2014-07-04,11.6,11.82,11.55,11.62,5557029.0,63098372.0
2014-07-07,11.62,11.79,11.38,11.43,6137114.0,68966624.0
2014-07-08,11.14,11.23,10.81,11.1,11198394.0,119993896.0
2014-07-09,11.0,11.33,10.94,11.33,7258262.0,78687720.0
2014-07-10,11.18,11.72,11.15,11.49,9134004.0,102204792.0
2014-07-11,11.36,11.51,11.32,11.36,5937535.0,65954660.0
2014-07-14,11.34,11.58,11.26,11.53,6866447.0,76253240.0
2014-07-15,11.64,12.23,11.64,11.92,13705405.0,158997456.0
2014-07-16,11.72,11.89,11.58,11.82,7358297.0,83966368.0
2014-07-17,11.72,11.84,11.54,11.56,4453420.0,50661848.0
2014-07-18,11.52,11.77,11.45,11.45,4058209.0,45806996.0
2014-07-21,11.45,11.65,11.45,11.49,2721634.0,30493326.0
2014-07-22,11.49,11.82,11.41,11.75,5767795.0,65627616.0
2014-07-23,11.72,11.77,11.33,11.37,6181972.0,69173832.0
2014-07-24,11.31,11.44,11.09,11.42,4436111.0,48706800.0
2014-07-25,11.41,11.75,11.35,11.62,4976991.0,56117676.0
2014-07-28,11.63,11.9,11.55,11.72,7553117.0,86291032.0
2014-07-29,11.73,11.96,11.69,11.91,8156173.0,94115040.0
2014-07-30,11.82,11.93,11.74,11.86,5656412.0,65064880.0
2014-07-31,11.86,12.12,11.77,11.84,5961745.0,68945176.0
2014-08-01,11.79,11.8,11.46,11.47,7563400.0,85591088.0
2014-08-04,11.48,11.74,11.44,11.7,6630261.0,74963960.0
2014-08-05,11.72,11.79,11.55,11.72,7664857.0,86896976.0
2014-08-06,11.78,12.23,11.76,12.05,19437252.0,227096736.0
2014-08-07,11.94,12.05,11.77,11.83,10490202.0,121128680.0
2014-08-08,11.81,12.23,11.72,12.19,16590725.0,194426336.0
2014-08-14,11.21,11.78,11.21,11.5,34466416.0,384175904.0
2014-08-15,11.32,11.4,11.12,11.36,18646494.0,204385152.0
2014-08-18,11.31,11.67,11.27,11.61,16290782.0,182686736.0
2014-08-19,11.54,11.62,11.44,11.53,9678481.0,108409976.0
2014-08-20,11.52,12.06,11.46,11.87,22005588.0,251795136.0
2014-08-21,11.82,11.87,11.55,11.78,11557016.0,131395336.0
2014-08-22,11.76,12.01,11.67,11.96,11192848.0,128719576.0
2014-08-25,11.89,12.22,11.75,12.1,17107420.0,199701040.0
2014-08-26,12.01,12.03,11.51,11.68,12428481.0,142564832.0
2014-08-27,11.72,12.46,11.67,12.2,20779592.0,244691664.0
2014-08-28,12.13,12.82,12.09,12.43,26417958.0,319153056.0
2014-08-29,12.27,12.71,12.15,12.52,15132579.0,182286336.0
2014-09-01,12.44,12.6,12.25,12.29,20166132.0,243031888.0
2014-09-02,12.3,12.54,12.1,12.5,35285276.0,421458880.0
2014-09-03,12.34,12.54,12.2,12.42,25430178.0,305582432.0
2014-09-04,12.38,12.41,12.24,12.39,14519437.0,174150864.0
2014-09-05,12.45,12.5,12.08,12.35,15854245.0,190044544.0
2014-09-09,12.39,12.78,12.22,12.72,22643876.0,276988608.0
2014-09-10,12.72,12.83,12.55,12.8,15788637.0,194788128.0
2014-09-11,12.75,12.83,12.34,12.44,20165190.0,246966112.0
2014-09-12,12.42,12.57,12.28,12.53,10577341.0,128027784.0
2014-09-15,12.49,13.13,12.42,12.87,20152992.0,250462592.0
2014-09-16,12.78,12.81,12.14,12.14,26319024.0,319940832.0
2014-09-17,12.14,12.22,11.9,12.15,10153623.0,119236016.0
2014-09-18,12.11,12.3,12.03,12.27,7900536.0,93805360.0
2014-09-19,12.23,12.35,12.19,12.29,6974223.0,83282552.0
2014-09-22,12.29,12.3,11.82,11.91,12231288.0,142823840.0
2014-09-23,11.92,12.28,11.91,12.2,8909238.0,104518160.0
2014-09-24,12.12,12.41,12.09,12.34,10100608.0,120622608.0
2014-09-25,12.35,12.53,12.18,12.28,12398072.0,149205632.0
2014-09-26,12.26,12.43,12.19,12.4,7563435.0,90707696.0
2014-09-29,12.49,12.66,12.44,12.55,11557283.0,140940576.0
2014-09-30,12.56,12.98,12.5,12.83,17898300.0,222021136.0
2014-10-08,12.84,12.94,12.65,12.89,12024736.0,149779424.0
2014-10-09,12.85,13.24,12.54,13.11,25433424.0,319564224.0
2014-10-10,13.03,13.19,12.86,12.98,12629474.0,159930272.0
2014-10-13,12.87,13.51,12.8,13.42,21390172.0,275152160.0
2014-10-14,13.36,13.46,13.11,13.26,13545517.0,175154208.0
2014-10-15,13.24,13.8,12.97,13.71,17897388.0,234465408.0
2014-10-16,13.52,13.81,13.27,13.3,12480062.0,164703296.0
2014-10-17,13.17,13.29,12.62,13.14,15059406.0,190799408.0
2014-10-20,13.16,13.26,13.0,13.26,7613835.0,97510032.0
2014-10-21,13.26,13.32,12.86,12.93,8231404.0,104755912.0
2014-10-22,12.87,13.12,12.71,12.77,7489540.0,94082872.0
2014-10-23,12.76,12.84,12.43,12.48,7470987.0,91649744.0
2014-10-24,12.48,13.01,12.47,12.8,13545727.0,167914032.0
2014-10-27,13.01,13.32,12.76,13.15,14944866.0,190332112.0
2014-10-28,13.18,13.46,13.04,13.26,13407968.0,173057440.0
2014-10-29,13.41,13.77,13.27,13.36,27769864.0,365033344.0
2014-10-30,13.25,13.69,13.14,13.5,17474152.0,228837856.0
2014-10-31,13.5,13.54,13.11,13.36,10845857.0,140655280.0
2014-11-03,13.36,14.05,13.27,13.88,23973400.0,318892576.0
2014-11-04,13.88,14.0,13.46,13.49,17976300.0,238729616.0
2014-11-05,13.45,13.57,13.26,13.57,7991492.0,104324176.0
2014-11-06,13.52,13.76,13.26,13.73,11243938.0,148234016.0
2014-11-07,13.71,13.71,13.33,13.34,12985554.0,170906192.0
2014-11-10,13.33,13.63,13.29,13.47,8967197.0,117646744.0
2014-11-11,13.51,13.53,12.82,12.95,11470191.0,146341824.0
2014-11-12,13.0,13.19,12.91,13.19,7148465.0,90894824.0
2014-11-13,13.15,13.15,12.8,13.0,7356998.0,92872160.0
2014-11-14,12.91,13.19,12.8,13.16,6970177.0,88284952.0
2014-12-30,13.36,13.36,11.84,11.84,25271448.0,300574816.0
2014-12-31,11.08,11.26,10.67,10.97,22877872.0,243441088.0
2015-01-05,10.97,11.23,10.67,11.1,16402829.0,174239616.0
2015-01-06,11.0,11.18,10.75,11.13,11917130.0,127150584.0
2015-01-07,11.05,11.27,11.01,11.12,8940472.0,96806168.0
2015-01-08,11.15,11.15,10.91,11.03,8185906.0,87756608.0
2015-01-09,11.02,11.23,10.94,10.96,8937154.0,96454312.0
2015-01-12,10.93,10.93,10.38,10.52,8178477.0,84533608.0
2015-01-13,10.51,10.74,10.45,10.65,5692408.0,58677332.0
2015-01-14,10.66,10.77,10.59,10.74,5106613.0,53020576.0
2015-01-15,10.74,10.79,10.68,10.71,4402196.0,45964668.0
2015-01-16,10.74,10.82,10.67,10.77,5424993.0,56733860.0
2015-01-19,10.54,11.02,10.36,10.56,9387674.0,97925104.0
2015-01-20,10.59,10.95,10.59,10.94,7921262.0,83261664.0
2015-01-21,10.98,11.27,10.95,11.22,12238292.0,132629064.0
2015-01-22,11.32,11.38,11.2,11.3,11416330.0,125476488.0
2015-01-23,11.22,11.28,11.1,11.16,8417674.0,91580824.0
2015-01-26,11.2,11.53,11.1,11.46,9837942.0,109036544.0
2015-01-27,11.46,11.46,11.2,11.37,7733138.0,85297152.0
2015-01-28,11.37,11.42,11.23,11.31,6499855.0,71677680.0
2015-01-29,11.24,11.38,11.19,11.3,5167094.0,56845776.0
2015-01-30,11.31,11.38,11.06,11.08,5178220.0,56672432.0
2015-02-02,11.07,11.07,10.79,10.97,4389185.0,46788396.0
2015-02-03,10.95,11.19,10.95,11.18,4679406.0,50575968.0
2015-02-04,11.16,11.29,11.1,11.12,4077920.0,44339376.0
2015-02-05,11.23,11.27,10.94,10.96,4856668.0,52407156.0
2015-02-06,10.96,11.01,10.68,10.71,4339128.0,45674404.0
2015-02-09,10.64,10.8,10.64,10.68,2583204.0,26964314.0
2015-02-10,10.72,10.92,10.69,10.83,2634047.0,27760830.0
2015-02-11,10.88,11.04,10.82,10.97,3670578.0,38993520.0
2015-02-12,10.96,11.11,10.93,11.09,3535957.0,37945716.0
2015-02-13,11.14,11.32,11.09,11.23,7176353.0,78479600.0
2015-02-16,11.26,12.36,11.18,12.36,25971248.0,305907744.0
2015-02-17,12.21,12.43,12.09,12.16,15962668.0,189613488.0
2015-02-25,12.1,12.22,11.87,12.05,10837397.0,126599776.0
2015-02-26,12.06,12.46,12.01,12.32,12389567.0,147628800.0
2015-02-27,12.32,12.42,12.12,12.34,9993377.0,119246864.0
2015-03-02,12.38,12.63,12.24,12.54,11974093.0,145584080.0
2015-03-03,12.5,12.76,12.36,12.36,14274044.0,174662832.0
2015-03-04,12.38,12.58,12.27,12.55,8966615.0,108391800.0
2015-03-05,12.48,12.84,12.45,12.82,10897153.0,134462400.0
2015-03-06,12.82,12.93,12.57,12.84,9500893.0,117532528.0
2015-03-09,12.88,13.45,12.7,13.34,15982057.0,204452224.0
2015-03-10,13.24,13.35,13.07,13.23,11633506.0,149100656.0
2015-03-11,13.16,13.25,12.85,12.91,10179606.0,129022392.0
2015-03-12,12.91,13.06,12.71,12.8,8085913.0,101187872.0
2015-03-13,12.8,13.21,12.8,13.13,8354183.0,105612368.0
2015-03-16,13.16,13.41,13.12,13.36,11766060.0,152483872.0
2015-03-17,13.29,13.79,13.29,13.58,16141778.0,212818704.0
2015-03-18,13.58,13.92,13.53,13.84,12818242.0,171784864.0
2015-03-19,13.85,14.02,13.69,13.93,14423016.0,194079504.0
2015-03-20,13.99,15.33,13.99,14.9,25447660.0,362075072.0
2015-03-23,14.98,15.97,14.9,15.65,25654720.0,386674016.0
2015-03-24,15.83,16.04,14.93,15.5,27572192.0,415138304.0
2015-03-25,15.42,16.83,15.22,16.34,25928552.0,402998304.0
2015-03-26,16.12,16.5,15.57,16.04,20647756.0,322157888.0
2015-03-27,16.04,16.44,15.83,16.22,13586899.0,213389200.0
2015-03-30,16.29,16.39,15.83,16.02,16031261.0,250487072.0
2015-03-31,16.02,16.73,15.81,16.32,19655430.0,309683648.0
2015-04-01,16.25,17.83,16.23,17.45,25021930.0,415329728.0
2015-04-02,17.55,19.2,17.37,19.2,33616624.0,601602176.0
2015-04-03,19.13,20.76,18.53,20.38,39548368.0,760343680.0
2015-04-07,20.41,22.42,20.39,22.42,37497568.0,774470336.0
2015-04-08,22.61,24.22,22.46,23.57,36612260.0,833179840.0
2015-04-09,22.98,23.54,21.22,22.88,40054168.0,863204544.0
2015-04-10,22.88,23.96,21.87,22.53,83324448.0,931750464.0
2015-04-13,22.41,22.99,21.89,22.37,61919136.0,670810112.0
2015-04-14,22.37,23.11,21.58,23.03,74289208.0,800664832.0
2015-04-15,22.74,23.13,21.89,22.06,51015088.0,557947264.0
2015-04-16,20.96,21.52,19.85,21.07,44287260.0,448619456.0
2015-04-17,21.07,21.48,20.65,21.09,39635660.0,404433312.0
2015-04-20,21.0,21.07,19.95,20.11,37641184.0,376218272.0
2015-04-21,20.67,21.64,20.67,21.27,34300604.0,351494176.0
2015-04-22,21.38,22.08,21.13,21.79,45185200.0,471890752.0
2015-04-23,21.81,22.72,21.25,22.51,60359768.0,645816896.0
2015-04-24,22.1,22.49,21.48,21.91,38669624.0,411632672.0
2015-04-27,21.48,21.89,21.29,21.44,33266560.0,346582016.0
2015-04-28,21.44,21.44,20.51,20.55,30127718.0,303419520.0
2015-04-29,20.59,22.2,20.59,21.87,34737488.0,361188480.0
2015-04-30,21.91,22.06,21.13,21.15,24749710.0,257500640.0
2015-05-04,22.3,22.51,21.4,21.62,30101764.0,318699584.0
2015-05-05,21.25,21.48,20.65,20.8,23350922.0,237516880.0
2015-05-06,20.8,21.25,20.47,20.53,17770312.0,178878544.0
2015-05-07,20.53,20.71,18.86,19.16,17917124.0,172289408.0
2015-05-08,19.54,20.24,19.31,20.16,18764884.0,179014208.0
2015-05-11,20.36,20.98,20.11,20.98,21156152.0,211699408.0
2015-05-12,21.0,21.68,20.8,21.58,31535458.0,325305664.0
2015-05-13,21.29,21.81,20.96,21.38,28845384.0,298176192.0
2015-05-14,21.33,23.52,21.17,23.52,79098824.0,860630912.0
2015-05-15,24.78,25.48,23.71,23.75,112706656.0,1342206336.0
2015-05-18,23.34,23.73,22.61,22.82,50329312.0,562189312.0
2015-05-19,22.72,23.69,22.41,23.3,43931984.0,488313248.0
2015-05-20,23.17,24.06,22.96,23.27,50289544.0,577355968.0
2015-05-21,23.23,24.08,22.76,24.0,53713788.0,610933632.0
2015-05-22,24.58,25.53,24.02,25.07,74539200.0,895163008.0
2015-05-25,24.78,26.29,24.27,25.63,64456644.0,791967552.0
2015-05-26,25.63,27.67,25.42,27.67,71935832.0,931045504.0
2015-05-27,27.76,30.44,26.23,29.93,76116960.0,1022237248.0
2015-05-28,29.53,31.6,27.22,27.7,88830352.0,1285572224.0
2015-05-29,27.55,28.58,24.99,27.12,57702252.0,755143296.0
2015-06-01,27.53,28.64,26.87,28.48,46205736.0,625688512.0
2015-06-02,29.02,30.96,28.98,30.55,52894760.0,765115712.0
2015-06-03,30.71,31.08,29.02,29.82,46654272.0,681651456.0
2015-06-04,29.82,29.84,27.03,29.14,40257312.0,559625472.0
2015-06-05,29.43,30.83,29.22,30.36,56504472.0,822476992.0
2015-06-08,30.38,30.98,29.33,29.7,45217228.0,657698304.0
2015-06-09,29.53,29.53,28.6,28.79,33782776.0,472465504.0
2015-06-10,28.5,30.23,27.86,29.45,37185040.0,526732288.0
2015-06-18,29.43,31.35,27.47,28.83,49130120.0,717166208.0
2015-06-19,27.49,28.23,25.94,25.94,26380430.0,337581568.0
2015-06-23,25.2,25.2,23.34,23.98,33293572.0,384972224.0
2015-06-24,24.18,25.09,23.54,24.58,27589288.0,326726560.0
2015-06-25,24.62,24.74,22.22,22.61,28070900.0,320935712.0
2015-06-26,21.68,21.68,20.36,20.36,21687004.0,218568896.0
2015-06-29,20.88,21.07,18.32,18.32,29271922.0,270699456.0
2015-06-30,17.55,19.64,16.48,19.6,36178188.0,314651040.0
2015-07-01,19.21,19.97,17.64,17.66,30247724.0,280158944.0
2015-07-02,17.8,18.03,15.9,15.9,26538232.0,214819888.0
2015-07-03,14.5,16.21,14.31,14.31,26063972.0,187659488.0
2015-07-06,15.74,15.74,13.11,14.0,29419714.0,206188656.0
2015-07-07,13.45,13.63,12.6,12.6,17986128.0,112188760.0
2015-07-08,11.34,13.01,11.34,12.68,48994000.0,282744864.0
2015-07-09,11.42,13.94,11.42,13.94,34163228.0,218362768.0
2015-07-10,14.46,15.35,14.25,15.35,15870716.0,115715448.0
2015-07-13,16.85,16.87,15.9,16.87,39856120.0,321392352.0
2015-07-14,17.35,18.36,16.52,17.31,52670764.0,445251936.0
2015-07-15,16.52,17.0,15.57,15.57,29399064.0,229285616.0
2015-07-16,15.57,16.73,14.46,16.13,25921160.0,198938368.0
2015-07-17,16.25,17.51,16.15,17.14,23780330.0,194105024.0
2015-07-20,17.14,17.72,16.62,17.16,27427818.0,229117040.0
2015-07-21,16.75,17.55,16.54,17.35,22169040.0,184560896.0
2015-07-22,17.14,17.68,16.83,17.55,24817270.0,208421504.0
2015-07-23,17.76,18.42,17.76,18.28,31629852.0,276921216.0
2015-07-24,18.59,19.1,17.76,17.91,38088896.0,343865056.0
2015-07-27,17.66,17.78,16.11,16.11,27492772.0,227014240.0
2015-07-28,14.66,16.21,14.5,14.99,25301632.0,185011488.0
2015-07-29,15.35,16.17,14.83,16.15,17043324.0,127055608.0
2015-07-30,16.15,16.73,15.7,15.74,17645036.0,139801728.0
2015-07-31,15.41,15.9,14.89,15.28,13039457.0,97828728.0
2015-08-03,15.01,15.39,13.96,14.62,12218069.0,87146760.0
2015-08-04,14.87,15.92,14.75,15.92,14807524.0,109942800.0
2015-08-05,16.01,16.93,15.7,16.34,23480582.0,185298592.0
2015-08-06,15.74,17.1,15.49,16.87,27329684.0,220411936.0
2015-08-07,16.73,17.51,16.58,17.18,27945724.0,230525168.0
2015-08-10,17.55,18.11,17.0,17.91,31593388.0,268793888.0
2015-08-11,17.6,19.19,17.57,18.79,47453056.0,429466048.0
2015-08-12,18.17,18.9,17.86,17.91,29211400.0,259786112.0
2015-08-13,17.74,18.52,17.29,18.44,23884984.0,207131696.0
2015-08-14,18.44,19.52,18.26,19.19,44668020.0,411461856.0
2015-08-17,19.25,19.31,18.59,19.02,33767600.0,308774624.0
2015-08-18,19.04,19.16,17.12,17.12,29833196.0,261885088.0
2015-08-19,16.32,17.74,15.51,17.43,22514712.0,181154688.0
2015-08-20,17.2,17.78,16.65,16.89,15958617.0,133153960.0
2015-08-21,16.42,16.87,15.59,15.72,15155113.0,119456584.0
2015-08-24,14.99,15.47,14.15,14.15,19658204.0,136878688.0
2015-08-25,12.97,13.61,12.74,12.74,15685423.0,99400088.0
2015-08-26,13.01,13.78,12.39,12.66,23495126.0,149794192.0
2015-08-27,13.01,13.53,12.6,13.51,14939459.0,95225624.0
2015-08-28,13.88,14.66,13.53,14.66,19012698.0,128542880.0
2015-08-31,14.41,14.46,13.84,13.88,12577547.0,85927336.0
2015-10-30,15.26,15.26,15.26,15.26,364793.0,2695820.0
2015-11-02,16.79,16.79,16.79,16.79,828105.0,6732494.0
2015-11-03,18.46,18.46,18.46,18.46,3408161.0,30468960.0
2015-11-04,20.3,20.3,20.3,20.3,9587414.0,94244280.0
2015-11-05,22.32,22.32,21.81,22.32,41193232.0,444723360.0
2015-11-06,24.16,24.16,21.5,22.61,116096104.0,1277627648.0
2015-11-09,21.5,22.88,21.11,22.02,82719536.0,869735424.0
2015-11-10,21.27,22.3,21.13,22.08,58096764.0,610344064.0
2015-11-11,21.89,23.09,21.44,22.57,60657168.0,652653888.0
2015-11-12,22.32,23.11,21.73,22.8,62663968.0,682365056.0
2015-11-13,22.3,23.75,22.12,23.34,70472920.0,791509504.0
2015-11-16,22.72,23.63,22.2,23.3,45206448.0,501022688.0
2015-11-17,23.5,24.37,22.18,22.18,57954264.0,648729152.0
2015-11-18,21.79,22.1,20.55,20.78,39687752.0,411357312.0
2015-11-19,20.78,21.33,20.45,21.27,26534152.0,268490752.0
2015-11-20,21.17,21.68,20.96,21.19,27017288.0,278536992.0
2015-11-23,21.27,21.66,20.96,21.09,21553368.0,222650960.0
2015-11-24,21.13,22.78,20.82,22.53,43531056.0,464481920.0
2015-11-25,22.26,23.15,21.93,22.7,37157112.0,405253248.0
2015-11-26,22.7,23.03,21.68,21.71,33321204.0,359736672.0
2015-11-27,21.27,21.54,19.54,19.58,32150048.0,320349056.0
2015-11-30,19.54,20.03,18.34,19.7,26515572.0,249581104.0
2015-12-01,19.74,20.14,19.43,19.89,17232106.0,165651888.0
2015-12-02,19.97,20.07,18.9,19.64,13857493.0,130849928.0
2015-12-03,19.87,20.78,19.72,20.53,20598980.0,203495872.0
2015-12-04,20.45,21.17,20.16,20.57,21143456.0,211698080.0
2015-12-07,20.65,21.02,20.34,20.65,14321838.0,143048416.0
2015-12-08,20.65,20.69,19.43,19.58,19860520.0,192370624.0
2015-12-09,19.41,19.99,19.31,19.83,13332838.0,126626968.0
2015-12-10,19.83,20.3,19.5,20.2,16737202.0,161418832.0
2015-12-11,20.86,22.22,20.86,22.22,32946184.0,346831200.0
2015-12-14,22.51,24.08,22.32,23.05,67747168.0,756779840.0
2015-12-15,22.72,25.36,22.43,24.68,98802704.0,1165079552.0
2015-12-16,23.87,24.68,23.85,24.04,65383892.0,765052672.0
2015-12-17,24.16,24.86,23.91,24.58,64812976.0,764005696.0
2015-12-18,24.35,25.36,23.48,23.71,54831440.0,646781632.0
2015-12-21,23.59,23.87,22.95,23.73,35164224.0,398178944.0
2015-12-22,23.61,24.45,23.59,24.16,34825360.0,407337600.0
2015-12-23,24.12,24.33,23.03,23.21,32237162.0,369680896.0
2015-12-24,22.95,24.35,22.9,24.04,28830668.0,329484032.0
2015-12-25,23.91,24.74,23.81,24.51,41880496.0,494111520.0
2015-12-28,24.74,25.34,23.4,23.42,40988452.0,483547008.0
2015-12-29,23.07,23.71,23.07,23.67,18488432.0,209124128.0
2015-12-30,23.67,24.74,23.65,24.74,35835152.0,421106176.0
2015-12-31,24.86,25.34,23.98,24.0,32686392.0,389375392.0
2016-01-04,23.54,23.96,21.6,21.6,24862422.0,270186400.0
2016-01-05,19.83,21.42,19.48,20.63,28664466.0,285197824.0
2016-01-06,20.71,21.42,20.69,21.31,19663104.0,200034192.0
2016-01-07,20.88,20.96,19.19,19.19,5591351.0,53964456.0
2016-01-08,19.81,20.16,17.43,19.31,22619968.0,212354144.0
2016-01-11,19.31,19.91,17.49,17.68,22837272.0,209934288.0
2016-01-12,17.8,18.28,17.27,18.11,16690368.0,144570720.0
2016-01-13,18.34,18.5,17.35,17.47,15633436.0,136668032.0
2016-01-14,16.52,18.46,16.52,18.38,17010548.0,146849488.0
2016-01-15,18.4,18.69,17.6,17.93,15673039.0,137940752.0
2016-01-18,17.35,18.44,17.33,18.15,13122764.0,114869136.0
2016-01-19,17.99,19.1,17.99,19.02,18777452.0,169455504.0
2016-01-20,18.79,19.31,18.61,18.81,18102892.0,165531872.0
2016-01-21,18.44,18.96,17.35,17.45,16111920.0,142574448.0
2016-01-22,17.93,17.97,17.0,17.78,11981850.0,102305176.0
2016-01-25,18.17,18.24,17.76,17.89,9442279.0,82309736.0
2016-01-26,17.74,17.74,16.09,16.09,14362094.0,117269064.0
2016-01-27,16.54,16.54,14.7,15.63,14042923.0,105263392.0
2016-01-28,15.39,15.57,14.25,14.31,9807037.0,71193152.0
2016-01-29,14.15,15.24,14.04,15.04,11116199.0,79681736.0
2016-02-01,15.06,15.18,14.5,14.91,9095524.0,65592932.0
2016-02-02,14.93,15.68,14.93,15.59,11822620.0,88265408.0
2016-02-03,15.37,15.88,15.18,15.72,9556630.0,71636928.0
2016-02-04,16.21,16.42,15.92,16.07,10423538.0,81295312.0
2016-02-05,16.07,16.25,15.92,16.01,7094597.0,55190500.0
2016-02-15,14.95,16.05,14.95,15.76,7380970.0,55652148.0
2016-02-16,15.9,16.48,15.8,16.38,11730400.0,92455984.0
2016-02-17,16.54,17.08,16.42,16.87,15395434.0,124892440.0
2016-02-18,17.02,17.1,16.65,16.71,12635344.0,102955048.0
2016-02-19,16.67,16.81,16.54,16.73,8976839.0,72514464.0
2016-02-22,17.06,17.74,16.75,17.47,18055040.0,152014928.0
2016-02-23,17.31,17.47,16.69,16.96,13945074.0,115111576.0
2016-02-24,16.91,18.21,16.73,17.47,18685208.0,157161888.0
2016-02-25,17.2,17.35,15.72,15.72,17113768.0,137485456.0
2016-02-26,16.19,16.36,15.65,16.05,14047529.0,109224944.0
2016-02-29,15.8,16.03,14.56,14.81,11705387.0,84804784.0
2016-03-01,14.85,15.41,14.68,15.28,9685171.0,70621792.0
2016-03-02,15.28,16.73,15.08,16.32,18038126.0,138087408.0
2016-03-11,15.45,16.09,15.08,15.88,14347351.0,108922640.0
2016-03-14,15.88,16.75,15.86,16.34,15536466.0,123034296.0
2016-03-15,16.3,16.71,16.17,16.23,11966917.0,94917968.0
2016-03-16,16.23,16.46,15.61,15.74,9066785.0,70204984.0
2016-03-17,15.9,16.27,15.72,16.21,11068070.0,86017920.0
2016-03-18,16.21,16.91,16.21,16.73,18672830.0,150588864.0
2016-03-21,16.95,17.49,16.95,17.47,22261562.0,185977920.0
2016-03-22,17.35,18.03,17.08,17.55,26070104.0,220324896.0
2016-03-23,17.35,18.46,17.31,18.3,32127156.0,279211104.0
2016-03-24,18.01,18.13,17.31,17.39,21077340.0,181316256.0
2016-03-25,17.39,17.66,17.2,17.45,10214018.0,86139568.0
2016-03-28,17.51,18.13,17.47,17.57,15610294.0,133935352.0
2016-03-29,17.53,17.53,16.73,16.91,13159877.0,108746744.0
2016-03-30,17.06,17.45,16.95,17.43,12077983.0,100641528.0
2016-03-31,17.66,17.74,17.14,17.22,14060852.0,118622608.0
2016-04-01,17.35,17.43,16.89,17.39,10814339.0,90215080.0
2016-04-05,17.47,18.03,17.41,17.86,17416524.0,149434288.0
2016-04-06,17.7,18.07,17.62,17.86,15297140.0,131994216.0
2016-04-07,17.93,17.97,17.51,17.51,13454666.0,115497536.0
2016-04-08,17.45,18.3,17.43,17.91,23858384.0,207549120.0
2016-04-11,18.05,18.96,17.95,18.63,35598064.0,317686016.0
2016-04-12,18.34,18.46,17.84,18.07,20042496.0,175470416.0
2016-04-13,18.13,18.75,18.13,18.17,25878620.0,231274256.0
2016-04-14,18.3,18.36,17.97,18.28,14222652.0,125229280.0
2016-04-15,18.3,18.5,18.13,18.28,13774205.0,122044928.0
2016-04-18,18.3,18.3,17.89,17.99,11657588.0,101579848.0
2016-04-19,18.07,18.59,18.07,18.5,20981172.0,186669120.0
2016-04-20,18.59,20.36,18.38,20.36,92083328.0,894470720.0
2016-04-21,20.61,22.41,20.4,22.41,87389128.0,907352960.0
2016-04-22,22.95,23.34,21.48,22.04,119794112.0,1290844416.0
2016-04-25,22.04,22.96,21.68,22.7,104197360.0,1129333888.0
2016-04-26,21.68,22.22,20.98,21.89,75867104.0,790353344.0
2016-04-27,21.68,22.68,21.38,22.04,78608216.0,838741056.0
2016-04-28,21.4,21.58,20.55,21.25,53755596.0,549142336.0
2016-04-29,21.25,22.3,21.07,21.25,51604816.0,541061120.0
2016-05-03,20.98,22.26,20.59,21.97,56421084.0,588716160.0
2016-05-04,21.64,23.23,21.33,22.45,82761600.0,890071808.0
2016-05-05,22.02,22.49,21.89,22.37,48689916.0,522837792.0
2016-05-06,22.51,24.6,22.3,23.34,122677512.0,1415800576.0
2016-05-09,22.47,22.68,21.0,21.0,76263136.0,795876480.0
2016-05-10,20.61,21.23,19.97,20.67,40659608.0,405232128.0
2016-05-11,20.92,21.56,20.51,21.15,48970387.0,499411261.0
2016-05-12,20.49,23.13,20.05,23.01,75256970.0,798141727.0
2016-05-13,22.51,23.91,22.0,22.95,84924357.0,940096454.0
2016-05-16,22.53,25.24,22.49,25.24,95493275.0,1122514789.0
2016-05-17,25.94,27.26,24.45,24.51,159675150.0,1999178587.0
2016-05-18,23.75,25.57,23.3,25.3,111923477.0,1325761310.0
2016-05-19,24.78,27.22,24.56,26.04,124004918.0,1552556462.0
2016-05-20,25.38,27.26,25.03,25.42,98251738.0,1239335010.0
2016-05-23,25.05,25.98,24.82,25.53,69749165.0,855320903.0
2016-05-24,25.4,26.37,25.22,25.96,82778533.0,1036898274.0
2016-05-25,25.77,26.21,24.23,24.62,65768397.0,803309334.0
2016-05-26,24.27,26.75,23.77,26.48,102899785.0,1268570587.0
2016-05-27,26.04,27.32,25.65,25.88,99426390.0,1274284599.0
2016-05-30,24.91,25.75,24.08,24.72,57599912.0,695445096.0
2016-05-31,24.72,26.81,24.64,26.68,90421343.0,1130008182.0
2016-06-01,26.7,28.19,26.23,26.91,122899919.0,1618675630.0
2016-06-02,26.54,26.83,26.15,26.66,62635609.0,802908839.0
2016-06-03,26.7,27.86,26.23,26.33,77699771.0,1014786767.0
2016-06-06,26.23,27.26,25.82,27.2,63111409.0,809202106.0
2016-06-07,27.2,28.42,26.89,27.2,93430114.0,1247524216.0
2016-06-08,26.64,26.79,26.04,26.41,56018790.0,715482475.0
2016-06-13,25.73,26.56,24.0,24.27,49291208.0,614576504.0
2016-06-14,24.25,24.95,23.96,24.62,37548000.0,445110715.0
2016-06-15,24.14,26.12,23.96,25.67,51010523.0,629238197.0
2016-06-16,25.55,27.24,25.4,26.64,78231054.0,1006034412.0
2016-06-17,26.41,27.01,25.94,26.43,48677856.0,623103202.0
2016-06-20,26.46,27.78,26.23,27.43,70681351.0,928360682.0
2016-06-21,27.47,27.49,25.4,26.11,61178189.0,789524548.0
2016-06-22,25.9,26.43,25.65,26.37,32257460.0,407843385.0
2016-06-23,26.23,26.35,24.82,25.09,57111223.0,698985324.0
2016-06-24,25.05,25.46,22.88,24.68,38425834.0,459355219.0
2016-06-27,24.16,25.13,24.16,25.11,25527822.0,308620878.0
2016-06-28,24.97,25.38,24.68,25.05,24979401.0,302218616.0
2016-06-29,25.22,25.98,24.99,25.67,44321437.0,549601752.0
2016-06-30,25.42,25.57,24.66,24.95,30883048.0,373550861.0
2016-07-01,25.2,25.69,25.07,25.13,27720587.0,340725309.0
2016-07-04,24.89,25.86,24.7,25.36,32548129.0,401222979.0
2016-07-05,25.4,26.43,25.09,26.25,63132968.0,790326277.0
2016-07-06,26.04,26.21,25.67,25.88,37721092.0,473242433.0
2016-07-07,26.12,28.46,26.12,27.92,126115402.0,1689317681.0
2016-07-08,27.36,27.63,26.46,26.83,77668287.0,1012469883.0
2016-07-11,26.64,27.76,26.43,26.5,55150904.0,723880425.0
2016-07-12,26.39,26.89,26.1,26.83,36509371.0,469659551.0
2016-07-13,26.87,26.97,26.33,26.64,29132407.0,374482293.0
2016-07-14,26.7,26.87,26.08,26.33,24221286.0,309652310.0
2016-07-15,26.37,26.54,25.67,25.96,24719848.0,311744514.0
2016-07-18,25.96,26.48,25.92,26.06,19213319.0,243951825.0
2016-07-19,25.82,26.19,25.4,25.92,20129523.0,250343517.0
2016-07-20,25.94,26.52,25.82,26.25,26817086.0,341826262.0
2016-07-21,26.23,26.27,25.61,25.84,19884143.0,249295756.0
2016-07-22,25.86,26.27,25.65,25.73,18198583.0,228695958.0
2016-07-25,25.57,25.86,25.42,25.53,15385656.0,190618615.0
2016-07-26,25.61,25.98,25.61,25.86,14073618.0,175731375.0
2016-07-27,25.98,26.0,23.34,23.69,35721554.0,424193336.0
2016-07-28,23.67,23.91,22.41,23.13,21141390.0,237464823.0
2016-07-29,23.13,23.27,22.53,22.57,13966800.0,154006243.0
2016-08-01,22.12,22.84,21.48,22.49,17193967.0,182995586.0
2016-08-02,22.3,22.74,22.14,22.57,10909492.0,118931303.0
2016-08-03,22.55,22.64,22.3,22.39,9512521.0,103433203.0
2016-08-04,22.39,23.01,22.37,22.78,15424495.0,169643421.0
2016-08-05,22.64,22.68,22.3,22.35,12013852.0,130510345.0
2016-08-08,22.2,22.43,21.79,22.43,10164520.0,109185595.0
2016-08-09,22.53,24.31,22.47,23.3,30991800.0,352786630.0
2016-08-10,23.17,23.52,22.92,23.11,17180918.0,193237427.0
2016-08-11,23.11,23.21,22.61,22.64,13052971.0,144650455.0
2016-08-12,22.64,23.01,22.45,22.92,11299081.0,124586777.0
2016-08-15,23.09,23.46,22.74,23.36,19970834.0,224361652.0
2016-08-16,23.38,23.71,23.23,23.65,19183438.0,217823760.0
2016-08-17,23.54,23.54,23.21,23.38,14252347.0,161207602.0
2016-08-18,23.34,23.48,23.17,23.25,11564151.0,130398879.0
2016-08-19,23.27,23.85,23.19,23.61,21948717.0,250726078.0
2016-08-22,23.54,23.54,22.76,22.78,15172176.0,169613544.0
2016-08-23,22.8,23.09,22.68,22.84,8793418.0,97281776.0
2016-08-24,22.88,23.01,22.74,22.86,6085222.0,67372085.0
2016-08-25,22.74,22.74,22.12,22.41,10832142.0,117128178.0
2016-08-26,22.43,23.03,22.43,22.74,10067992.0,110891712.0
2016-08-29,22.88,23.23,22.76,22.92,11734289.0,130620375.0
2016-08-30,22.8,22.99,22.68,22.76,7841834.0,86571354.0
2016-08-31,22.82,23.09,22.64,22.92,9714847.0,107575161.0
2016-09-01,22.95,22.99,22.59,22.59,10769138.0,118550380.0
2016-09-02,22.47,22.7,22.3,22.3,7801563.0,84891567.0
2016-09-05,22.24,22.61,22.24,22.43,6994752.0,76200130.0
2016-09-06,22.37,22.66,22.16,22.64,8556241.0,93038930.0
2016-09-07,22.61,23.13,22.59,22.8,15012009.0,166371791.0
2016-09-08,22.76,22.84,22.51,22.61,8926624.0,97771681.0
2016-09-09,22.61,23.05,22.53,22.68,13486205.0,149093520.0
2016-09-12,22.1,22.1,21.21,21.27,16785014.0,175875566.0
2016-09-13,21.44,21.56,20.67,21.07,13228391.0,134748029.0
2016-09-14,21.05,21.05,20.63,20.73,7304483.0,73621008.0
2016-09-19,20.71,20.84,20.24,20.65,28724492.0,285220897.0
2016-09-20,20.57,20.57,20.18,20.32,26135706.0,256716945.0
2016-09-21,20.36,20.51,20.24,20.49,15568342.0,153863950.0
2016-09-22,20.59,20.86,20.45,20.47,24483196.0,244521067.0
2016-09-23,20.45,20.51,20.11,20.14,15411664.0,151255761.0
2016-09-26,20.07,20.09,19.16,19.19,17847001.0,169473023.0
2016-09-27,19.27,19.54,19.16,19.54,11895698.0,111771948.0
2016-09-28,19.48,20.32,19.33,19.81,19351228.0,186709615.0
2016-09-29,19.62,20.22,19.58,19.83,12782815.0,123562147.0
2016-09-30,19.74,19.89,19.48,19.72,11048821.0,105049712.0
2016-10-10,19.76,20.34,19.76,20.28,15414698.0,149799418.0
2016-10-11,20.34,21.05,20.07,20.88,25198977.0,250645148.0
2016-10-12,20.73,20.73,20.4,20.51,16584108.0,165345914.0
2016-10-13,20.53,20.73,20.47,20.49,9070156.0,90206142.0
2016-10-14,20.45,20.45,20.14,20.36,9149023.0,89785905.0
2016-10-17,20.78,22.3,20.76,21.5,54578312.0,572626766.0
2016-10-18,21.5,21.81,21.23,21.68,32001549.0,333665693.0
2016-10-19,21.89,22.72,21.64,21.79,39451070.0,421186520.0
2016-10-20,21.75,22.12,21.6,21.89,20134362.0,211577311.0
2016-10-21,21.73,21.87,21.08,21.39,22198189.0,229159336.0
2016-10-24,21.43,21.77,21.29,21.62,16188957.0,167764404.0
2016-10-25,21.73,21.87,21.52,21.73,19545077.0,204436202.0
2016-10-26,21.7,21.7,21.19,21.25,15316964.0,157691064.0
2016-10-27,21.29,21.58,21.27,21.41,10800001.0,111566932.0
2016-10-28,21.43,21.6,21.19,21.21,9400036.0,96718298.0
2016-10-31,21.21,21.39,21.06,21.35,10162302.0,104119828.0
2016-11-01,21.41,21.48,21.27,21.46,9676388.0,99714315.0
2016-11-02,21.43,21.43,21.12,21.17,10846933.0,110971100.0
2016-11-03,21.14,21.31,20.94,21.06,11702994.0,119231694.0
2016-11-04,21.12,21.73,21.02,21.6,25779258.0,266903111.0
2016-11-07,21.6,22.41,21.46,22.31,35042720.0,370227468.0
2016-11-08,22.37,22.39,21.89,21.93,24691485.0,262124342.0
2016-11-09,21.98,22.62,21.79,22.27,37969859.0,407656691.0
2016-11-10,22.43,22.62,22.16,22.41,25764228.0,277630268.0
2016-11-11,22.33,22.74,22.25,22.58,27263457.0,296137667.0
2016-11-14,22.25,22.49,22.1,22.33,22374982.0,240118232.0
2016-11-15,22.39,23.03,22.33,22.58,26806623.0,293491975.0
2016-11-16,22.43,22.62,22.22,22.41,17141195.0,184845844.0
2016-11-17,22.41,22.72,22.16,22.39,18438804.0,199412967.0
2016-11-18,22.39,22.49,21.85,21.91,19129521.0,203852845.0
2016-11-21,21.91,22.12,21.79,21.98,12159872.0,128679067.0
2016-11-22,22.0,22.12,21.85,22.1,12588559.0,133533721.0
2016-11-23,22.1,22.31,21.79,21.87,14187304.0,150571667.0
2016-11-24,21.89,22.0,21.48,21.52,13613707.0,142783158.0
2016-11-25,21.48,21.68,20.85,21.37,12674329.0,129848171.0
2016-11-28,21.33,21.43,21.08,21.17,13622888.0,139200482.0
2016-11-29,21.17,21.29,20.88,20.9,13296668.0,135120605.0
2016-11-30,20.81,21.06,20.59,20.9,10907589.0,109546259.0
2016-12-01,20.9,21.04,20.85,20.96,8405513.0,84875915.0
2016-12-02,21.02,21.06,20.67,20.69,9332367.0,93425689.0
2016-12-05,20.48,21.33,20.38,21.1,15013170.0,151654353.0
2016-12-06,21.06,21.23,20.88,21.0,8331894.0,84447597.0
2016-12-07,21.1,21.31,21.02,21.25,11073154.0,113052397.0
2016-12-08,21.33,21.35,20.94,20.96,8021600.0,81396150.0
2016-12-09,20.94,20.96,20.46,20.63,11032809.0,110047860.0
2016-12-12,20.61,20.61,19.3,19.36,14574356.0,140293183.0
2016-12-13,19.34,19.75,19.21,19.59,8794516.0,82476658.0
2016-12-14,19.55,19.69,18.84,19.03,16023843.0,147283353.0
2016-12-15,18.99,19.24,18.84,19.07,8399748.0,77107310.0
2016-12-16,19.07,19.36,18.99,19.28,7531284.0,69784204.0
2016-12-19,19.3,19.36,19.11,19.19,6961742.0,64441701.0
2016-12-20,19.19,19.19,19.03,19.13,6131209.0,56438765.0
2016-12-21,19.17,21.04,19.17,21.04,52486485.0,525420690.0
2016-12-22,21.0,21.54,20.88,21.29,60557439.0,617626976.0
2016-12-23,21.83,22.02,20.98,21.19,35142268.0,362027452.0
2016-12-26,21.04,21.33,20.54,21.33,20750662.0,209895883.0
2016-12-27,21.37,21.48,20.98,21.23,18402665.0,187876963.0
2016-12-28,21.06,21.35,20.73,20.94,18467251.0,187010311.0
2016-12-29,21.17,22.16,21.04,21.46,38004391.0,397742948.0
2016-12-30,21.37,21.43,20.96,21.25,18437634.0,188362657.0
2017-01-03,21.33,21.95,21.08,21.66,22600858.0,235403400.0
2017-01-04,21.56,22.31,21.48,22.0,33056301.0,351205742.0
2017-01-05,21.83,22.29,21.66,21.85,20157630.0,212554351.0
2017-01-06,21.66,21.81,21.37,21.5,15838338.0,164342332.0
2017-01-09,21.5,22.31,21.41,22.27,32756927.0,348956621.0
2017-01-10,22.27,22.29,21.95,22.06,19101833.0,203604660.0
2017-01-11,21.95,22.74,21.83,22.2,24319148.0,260730786.0
2017-01-12,22.06,22.58,21.85,21.87,24634775.0,263516729.0
2017-01-13,21.79,21.89,21.04,21.27,18619328.0,192613509.0
2017-01-16,21.14,21.66,19.28,20.29,23759109.0,236132077.0
2017-01-17,20.27,20.65,19.94,20.46,13629205.0,133426501.0
2017-01-18,20.5,20.69,20.13,20.15,10953656.0,107758759.0
2017-01-19,20.02,20.32,19.92,20.11,8294720.0,80377519.0
2017-01-20,20.02,20.65,19.94,20.54,11728486.0,115465120.0
2017-01-23,20.56,20.96,20.54,20.63,9895766.0,98889055.0
2017-01-24,20.65,20.85,20.42,20.71,8138980.0,81039854.0
2017-01-25,20.69,21.12,20.58,21.04,9699114.0,98068104.0
2017-01-26,21.0,23.14,20.98,22.16,32509426.0,349178873.0
2017-02-03,22.39,22.43,21.87,22.02,18698987.0,199569820.0
2017-02-06,21.95,22.41,21.66,22.31,21450348.0,228592254.0
2017-02-07,22.16,22.68,22.12,22.43,24313094.0,262072962.0
2017-02-08,22.35,22.99,22.27,22.64,28973165.0,315760664.0
2017-02-09,22.7,23.51,22.29,23.22,48507901.0,535461880.0
2017-02-10,22.99,23.16,22.62,22.72,30382037.0,333751289.0
2017-02-13,22.62,23.22,22.58,22.7,25576257.0,282278693.0
2017-02-14,22.56,22.97,22.41,22.83,20629266.0,225612952.0
2017-02-15,22.58,22.8,22.06,22.1,23876823.0,257940437.0
2017-02-16,22.12,23.2,22.12,22.8,44101323.0,483874841.0
2017-02-17,22.78,22.83,22.08,22.18,26028215.0,280468890.0
2017-02-20,22.18,22.54,22.12,22.41,15776225.0,169732664.0
2017-02-21,23.45,24.49,23.18,23.39,60905371.0,691915499.0
2017-02-22,23.28,23.86,23.14,23.66,42962028.0,488454537.0
2017-02-23,23.59,24.4,23.26,24.07,48027665.0,552873125.0
2017-02-24,23.86,24.38,23.7,23.78,31079885.0,358446050.0
2017-08-09,26.15,26.15,26.15,26.15,3573552.0,22334700.0
2017-08-10,28.78,28.78,28.78,28.78,3949104.0,27169836.0
2017-08-11,31.67,31.67,31.67,31.67,6788526.0,51389142.0
2017-08-14,34.85,34.85,31.63,34.85,379509937.0,3057912288.0
2017-08-15,34.85,38.32,34.8,38.32,175609319.0,1539346570.0
2017-08-16,40.62,42.17,38.57,39.53,372347984.0,3570762229.0
2017-08-17,39.32,40.16,37.31,38.7,294457331.0,2693153458.0
2017-08-18,38.28,38.28,35.64,35.73,249427064.0,2185641106.0
2017-08-21,36.94,38.7,36.48,37.31,265229684.0,2382341605.0
2017-08-22,36.73,41.04,36.31,41.04,280308536.0,2641316319.0
2017-08-23,41.08,41.08,37.69,38.49,268053302.0,2500475332.0
2017-08-24,37.65,39.16,36.94,38.57,177451401.0,1613836276.0
2017-08-25,38.49,38.49,37.23,37.73,140141352.0,1265787508.0
2017-08-28,37.48,38.91,36.4,38.53,166134307.0,1500695659.0
2017-08-29,38.36,39.03,36.94,37.27,165115692.0,1492426200.0
2017-08-30,36.69,37.98,36.48,37.06,113115774.0,1007937897.0
2017-08-31,37.06,37.4,36.6,37.11,84667355.0,749546506.0
2017-09-01,37.11,40.28,36.94,38.95,231380547.0,2165132671.0
2017-09-04,38.74,41.37,37.94,40.45,223119070.0,2104758734.0
2017-09-05,39.74,40.41,38.53,38.99,141171186.0,1324433283.0
2017-09-06,39.16,40.37,38.57,39.16,164919269.0,1561234963.0
2017-09-07,38.45,39.62,38.28,38.7,100970925.0,934496310.0
2017-09-08,38.49,39.45,38.32,39.07,94181085.0,874302800.0
2017-09-11,39.07,39.83,38.49,39.49,120483953.0,1130453376.0
2017-09-12,39.45,42.25,38.74,39.95,257819237.0,2496789422.0
2017-09-13,38.91,39.37,38.49,38.99,125761222.0,1167223344.0
2017-09-14,38.7,38.78,37.27,37.27,130871029.0,1184721001.0
2017-09-15,36.81,37.44,36.4,36.69,66832135.0,587411043.0
2017-09-18,36.73,37.31,36.65,37.06,40867317.0,361469102.0
2017-09-19,37.19,37.36,35.98,36.1,63896503.0,556000575.0
2017-09-20,35.85,36.31,34.85,36.19,74055721.0,628754111.0
2017-09-21,36.02,36.02,34.93,34.93,56673630.0,479279709.0
2017-09-22,34.85,35.73,34.55,35.01,39742042.0,334697781.0
2017-09-25,34.72,34.93,33.3,33.3,56757992.0,459780945.0
2017-09-26,33.34,33.76,33.05,33.47,34083908.0,271780794.0
2017-09-27,33.59,35.06,33.26,34.55,60181232.0,493352807.0
2017-09-28,34.3,35.31,34.18,34.26,39458626.0,327369939.0
2017-09-29,34.3,34.76,34.09,34.51,22745896.0,186767585.0
2017-10-09,34.89,35.22,34.26,34.55,29477720.0,243512548.0
2017-10-10,34.72,34.76,34.34,34.64,28708553.0,236796365.0
2017-10-11,34.64,34.64,33.8,33.88,31474706.0,256142610.0
2017-10-12,33.88,33.88,33.09,33.34,30550426.0,243792458.0
2017-10-13,33.34,34.47,33.34,34.18,33301575.0,270828612.0
2017-10-16,34.26,34.68,33.97,34.39,34558134.0,284037669.0
2017-10-17,34.43,34.6,34.14,34.39,22812588.0,187427252.0
2017-10-18,34.39,35.14,34.18,34.64,45859214.0,380530731.0
2017-10-19,35.14,37.11,35.14,36.81,119302928.0,1041778877.0
2017-10-20,36.77,36.81,35.89,36.48,55915458.0,487006174.0
2017-10-23,36.31,36.73,35.64,36.35,47079329.0,406123168.0
2017-10-24,36.19,36.23,35.22,35.98,35392056.0,302774602.0
2017-10-25,36.27,37.44,36.27,36.4,49196359.0,432433441.0
2017-10-26,36.44,36.81,35.77,36.52,38852844.0,339411136.0
2017-10-27,36.81,37.19,35.98,36.19,37067501.0,324294296.0
2017-10-30,36.81,37.48,36.23,36.85,70233473.0,620362356.0
2017-10-31,37.02,37.73,36.6,37.57,50549622.0,448727630.0
2017-11-01,37.69,37.98,37.23,37.36,39348988.0,352453172.0
2017-11-02,37.27,37.27,35.94,36.02,38397069.0,333200608.0
2017-11-03,36.02,36.48,35.68,36.44,28715191.0,248393210.0
2017-11-06,36.52,38.82,36.52,38.28,90849830.0,821393224.0
2017-11-07,38.15,38.7,37.9,38.28,46791148.0,427534904.0
2017-11-08,38.32,38.45,37.44,37.73,47868775.0,433968680.0
2017-11-09,37.82,38.15,37.23,37.82,32061135.0,287563383.0
2017-11-10,37.4,39.07,36.81,38.65,81529743.0,747631756.0
2017-11-13,39.11,42.5,38.7,42.5,154913235.0,1528542064.0
2017-11-14,42.5,44.01,41.41,41.67,149606086.0,1516373781.0
2017-11-15,41.41,43.13,40.54,41.88,102646002.0,1029597533.0
2017-11-16,41.62,45.18,41.0,43.67,131603852.0,1358814448.0
2017-11-17,43.09,44.76,41.25,41.83,108782890.0,1122292277.0
2017-11-20,41.83,42.67,37.65,42.25,86285715.0,838741030.0
2017-11-21,42.25,43.92,41.92,43.67,86908608.0,898970479.0
2017-11-22,43.51,43.92,41.88,42.67,68433052.0,699140421.0
2017-11-23,42.29,42.38,39.28,39.66,81721222.0,794848392.0
2017-11-24,40.2,41.37,39.95,40.37,47877398.0,465672151.0
2017-11-27,40.66,40.66,38.23,38.32,51678266.0,481716963.0
2017-11-28,37.82,39.41,37.82,39.37,34038598.0,316394401.0
2017-11-29,39.74,41.25,39.11,40.7,51123646.0,492932559.0
2017-12-07,43.09,44.76,41.71,44.76,92180146.0,974283744.0
2017-12-08,46.02,47.02,43.0,43.59,174559813.0,1865166778.0
2017-12-11,42.67,43.13,41.71,43.09,107424987.0,1089978117.0
2017-12-12,42.34,42.96,40.62,40.62,88528693.0,883232817.0
2017-12-13,40.2,41.41,39.78,40.95,58978123.0,574115728.0
2017-12-14,40.37,40.74,38.65,39.49,66903437.0,632454192.0
2017-12-15,39.49,39.49,37.98,38.15,55283269.0,508556915.0
2017-12-18,38.4,38.78,35.39,36.35,71018347.0,626976518.0
2017-12-19,36.23,37.15,35.68,36.56,42058446.0,366699264.0
2017-12-20,36.48,36.69,35.43,35.47,39668683.0,339346924.0
2017-12-21,35.27,38.53,34.09,38.19,59444906.0,511371549.0
2017-12-22,37.23,38.28,36.94,37.02,47783942.0,428758145.0
2017-12-25,36.35,36.52,34.76,35.01,56228407.0,475019296.0
2017-12-26,35.1,35.39,34.51,34.93,28793836.0,240455062.0
2017-12-27,34.68,35.77,34.22,34.85,37110175.0,310186572.0
2017-12-28,34.39,35.73,34.3,34.93,48243085.0,402492985.0
2017-12-29,34.85,35.6,34.6,35.01,31282235.0,262843630.0
2018-01-02,35.14,35.39,34.72,35.18,28681140.0,240062123.0
2018-01-03,35.18,37.36,35.18,36.27,60411968.0,525414094.0
2018-01-04,35.94,36.73,35.56,36.48,40209465.0,348184931.0
2018-01-05,36.48,36.56,36.06,36.1,26210098.0,227066771.0
2018-01-08,36.14,36.31,35.01,35.27,41548807.0,350619211.0
2018-01-09,35.14,36.35,34.76,35.73,34969034.0,297502278.0
2018-01-10,35.81,35.94,34.55,34.93,32246203.0,271102145.0
2018-01-11,34.85,34.89,34.18,34.68,29121152.0,240337873.0
2018-01-12,34.51,34.89,34.22,34.3,23904780.0,196764144.0
2018-01-15,34.18,34.18,31.79,32.0,53186355.0,416881712.0
2018-01-16,32.0,32.59,30.08,31.21,55781372.0,417596594.0
2018-01-17,31.21,31.29,29.49,30.54,41917898.0,304764790.0
2018-01-18,31.21,33.26,31.0,31.75,65662257.0,505667904.0
2018-01-19,31.58,32.0,31.08,31.08,29981169.0,225641633.0
2018-01-22,30.91,31.33,30.25,31.12,25926539.0,191221807.0
2018-01-23,32.0,32.21,31.38,31.46,25507263.0,193047495.0
2018-01-24,31.25,31.63,30.79,31.25,25694750.0,191668978.0
2018-01-25,31.29,31.5,31.0,31.29,25498986.0,190769702.0
2018-01-26,31.21,31.21,30.29,30.54,28369433.0,208346223.0
2018-01-29,30.58,30.83,29.74,29.87,25159078.0,181155376.0
2018-01-30,29.99,30.12,29.62,29.95,19152608.0,136619212.0
2018-01-31,29.87,29.87,28.03,28.03,33453492.0,230934475.0
2018-02-01,28.03,28.45,25.35,26.27,41482550.0,266113698.0
2018-02-02,26.23,27.11,25.31,26.9,30201125.0,191349496.0
2018-02-05,26.44,27.44,26.06,27.4,19408616.0,125323045.0
2018-02-06,26.82,27.65,26.61,26.86,26092471.0,169027173.0
2018-02-07,27.27,27.78,26.02,27.02,21601393.0,139083528.0
2018-02-08,27.11,27.23,26.86,27.02,15133004.0,97892633.0
2018-02-09,26.44,26.73,25.56,25.85,23958790.0,149495223.0
2018-02-12,25.89,28.45,25.89,28.45,54059652.0,356795693.0
2018-02-13,28.86,30.83,28.41,29.74,74223810.0,524954766.0
2018-02-14,29.7,30.66,29.24,30.5,45721216.0,329873139.0
2018-02-22,30.91,32.92,30.16,32.21,54800518.0,415049570.0
2018-02-23,31.88,31.92,31.04,31.54,36181701.0,272478245.0
2018-02-26,31.63,34.14,31.58,33.51,75560817.0,598152903.0
2018-02-27,33.51,33.93,33.05,33.59,39918060.0,319422849.0
2018-02-28,33.42,34.22,31.46,32.67,67018563.0,529582142.0
2018-03-01,32.21,33.42,31.88,33.09,40719251.0,318841000.0
2018-03-02,32.8,34.51,32.59,32.71,46205703.0,369038193.0
2018-03-05,32.88,34.05,32.88,33.76,40968504.0,328065732.0
2018-03-06,34.3,35.81,34.3,35.39,77021552.0,646036183.0
2018-03-07,35.22,35.81,34.64,35.52,46816797.0,395110434.0
2018-03-08,35.27,35.68,33.55,34.6,59180175.0,491875440.0
2018-03-09,34.43,35.39,34.05,34.97,39735991.0,332346154.0
2018-03-12,35.56,38.49,35.47,37.31,84728232.0,758828984.0
2018-03-13,37.65,37.69,36.48,36.73,34717213.0,307659999.0
2018-03-14,36.73,37.61,36.44,36.48,28454579.0,252191764.0
2018-03-15,36.19,36.4,35.43,36.06,29991462.0,257408751.0
2018-03-16,36.02,36.81,35.6,35.94,19544148.0,168653606.0
2018-03-19,35.14,36.02,34.51,34.55,28183841.0,236984236.0
2018-03-20,34.3,34.51,33.47,34.39,24486478.0,199847005.0
2018-03-21,34.89,35.77,34.39,34.47,25837671.0,217587743.0
2018-03-22,34.01,34.97,33.93,33.97,17283432.0,141599424.0
2018-03-23,32.71,32.84,30.58,30.62,44609264.0,334289942.0
2018-03-26,29.37,31.79,29.37,31.33,38150730.0,282342678.0
2018-03-27,32.55,33.26,32.3,32.76,27797140.0,217593805.0
2018-03-28,32.21,33.01,31.75,32.0,17831504.0,137802698.0
2018-03-29,32.25,32.76,32.09,32.3,15796252.0,121818157.0
2018-03-30,32.42,33.05,31.17,31.58,39316570.0,297956891.0
2018-04-02,31.54,31.54,29.99,30.16,54937215.0,399016414.0
2018-04-03,29.49,29.53,27.94,28.66,64194555.0,440653004.0
2018-04-04,29.12,29.53,28.41,28.7,26649092.0,184559224.0
2018-04-09,28.36,28.66,27.44,28.2,28003817.0,188243633.0
2018-04-10,28.45,28.78,27.65,28.36,25168611.0,170036034.0
2018-04-11,28.74,28.95,28.36,28.49,25078352.0,171718801.0
2018-04-12,28.49,28.61,28.07,28.2,15764625.0,106517106.0
2018-04-13,28.32,28.53,28.03,28.32,13561170.0,91739880.0
2018-04-16,28.28,28.78,27.86,28.36,18291649.0,123943628.0
2018-04-17,28.45,28.7,27.07,27.23,27474394.0,182555114.0
2018-04-18,27.53,27.53,26.02,27.19,26488732.0,169516505.0
2018-04-19,27.44,28.11,26.9,27.65,23803006.0,156341800.0
2018-04-20,27.44,27.44,26.31,26.36,29149961.0,185973656.0
2018-04-23,26.36,26.52,25.06,25.52,30210528.0,185446634.0
2018-04-24,25.73,26.23,25.48,25.94,26305226.0,163263462.0
2018-04-25,25.94,27.11,25.94,26.77,31757028.0,202223024.0
2018-04-26,26.82,26.94,25.52,25.52,27826060.0,173681874.0
2018-04-27,25.85,26.02,25.1,25.23,32332509.0,196561230.0
2018-05-02,26.19,27.73,25.94,27.73,72240286.0,470796931.0
2018-05-03,28.74,29.2,27.69,28.53,88564316.0,604678673.0
2018-05-04,28.11,28.7,27.86,28.32,40452302.0,274804725.0
2018-05-07,28.66,29.87,28.57,28.66,61313161.0,426172875.0
2018-05-08,28.78,29.49,28.28,29.37,48232967.0,335925069.0
2018-05-09,29.37,29.41,28.7,28.82,27486671.0,190008596.0
2018-05-10,28.86,29.2,27.94,28.86,41905429.0,285769435.0
2018-05-11,28.7,28.78,28.07,28.15,24810898.0,168154442.0
2018-05-14,28.66,30.62,28.49,30.33,78454237.0,559233075.0
2018-05-15,29.83,30.16,28.99,29.58,50992910.0,359329413.0
2018-05-16,29.53,29.58,28.66,28.95,29194450.0,202438974.0
2018-05-17,28.82,29.37,28.66,28.82,21415504.0,148039050.0
2018-05-18,28.7,29.2,28.49,28.78,17500460.0,120480201.0
2018-05-21,29.28,29.95,29.12,29.2,35174348.0,247482296.0
2018-05-22,29.07,29.53,28.82,29.12,22020451.0,152907318.0
2018-05-23,28.95,28.95,27.69,28.15,41604501.0,280998256.0
2018-05-24,28.15,28.28,27.61,27.65,19833120.0,132100147.0
2018-05-25,27.65,27.78,26.1,26.73,33759053.0,215467822.0
2018-05-28,26.4,27.53,26.36,27.32,27968644.0,181060834.0
2018-05-29,27.19,27.82,26.82,27.11,17465434.0,113845489.0
2018-05-30,26.36,27.11,25.89,26.15,24679045.0,155442991.0
2018-05-31,26.4,26.69,26.02,26.15,26729102.0,168051278.0
2018-06-01,25.73,26.4,25.68,26.31,16727903.0,104767994.0
2018-06-04,26.48,27.44,26.36,27.19,26860809.0,172737583.0
2018-06-05,27.4,29.45,27.27,29.12,68370807.0,469735407.0
2018-06-06,29.12,29.74,28.36,28.7,42725734.0,296095127.0
2018-06-07,29.12,29.28,28.24,28.36,25068845.0,171085609.0
2018-06-08,28.45,28.61,27.65,27.82,23937506.0,159764536.0
2018-06-11,27.86,28.74,27.53,28.2,24719213.0,166852859.0
2018-06-12,28.2,28.57,27.78,28.36,17550469.0,118111023.0
2018-06-13,28.45,28.49,26.98,27.07,19458119.0,128482074.0
2018-06-14,26.9,27.57,26.44,27.11,14820078.0,96000819.0
2018-06-15,27.36,27.36,26.19,26.23,25796574.0,163492828.0
2018-06-19,25.85,25.85,23.59,23.68,47379218.0,276038095.0
2018-06-20,23.39,24.22,23.22,23.64,23218405.0,131720763.0
2018-06-21,23.68,24.01,22.0,22.0,32877519.0,179590554.0
2018-06-22,22.05,22.55,21.34,22.38,19923910.0,105584180.0
2018-06-25,22.71,23.05,21.84,22.09,20534192.0,109973096.0
2018-06-26,21.46,21.96,21.0,21.38,50781660.0,259721358.0
2018-06-27,22.13,22.38,20.83,21.25,58081217.0,296820367.0
2018-06-28,20.96,21.54,20.92,20.96,38093298.0,193021044.0
2018-06-29,21.08,21.8,20.96,21.71,40617744.0,207518772.0
2018-07-02,21.71,22.0,21.08,21.34,31243632.0,160763252.0
2018-07-03,21.29,21.67,21.0,21.54,27335379.0,139263070.0
2018-07-04,21.54,21.54,21.04,21.13,22625999.0,114830487.0
2018-07-05,21.0,21.25,19.03,19.08,62511203.0,295204145.0
2018-07-06,19.12,19.54,18.2,19.16,36850707.0,168093236.0
2018-07-09,19.24,21.08,19.24,21.08,46110892.0,225253911.0
2018-07-10,21.63,22.92,21.25,21.92,86306995.0,455033494.0
2018-07-11,21.5,22.38,21.13,22.05,67865489.0,354036670.0
2018-07-12,21.84,23.01,21.54,22.42,63384503.0,338975561.0
2018-07-13,22.51,23.13,22.13,22.38,49765369.0,268393992.0
2018-07-16,20.16,20.16,20.16,20.16,13053000.0,62915460.0
2018-07-17,18.16,18.16,18.16,18.16,9428400.0,40919256.0
2018-07-18,16.36,19.08,16.36,17.57,165264680.0,676767563.0
2018-07-19,16.52,17.03,16.32,16.48,101200574.0,403113504.0
2018-07-20,16.82,17.36,16.82,17.07,64353059.0,262860174.0
2018-07-23,16.94,17.23,16.77,17.11,41406333.0,168492220.0
2018-07-24,17.19,17.82,16.94,17.4,58240462.0,242727226.0
2018-07-25,17.49,17.57,17.23,17.32,34582921.0,143715176.0
2018-07-26,17.53,18.11,17.4,17.53,56086769.0,236940388.0
2018-07-27,17.53,17.53,16.98,17.23,35420328.0,146127616.0
2018-07-30,17.03,17.23,16.52,16.73,39191175.0,157576714.0
2018-07-31,16.69,16.9,16.52,16.61,26547430.0,105786442.0
2018-08-01,16.61,16.82,16.32,16.36,32708372.0,129463525.0
2018-08-02,16.44,16.48,14.72,15.1,73422115.0,266799454.0
2018-08-03,15.19,15.98,15.14,15.56,45177406.0,167327729.0
2018-08-06,15.69,15.69,14.89,14.98,31640315.0,115339114.0
2018-08-07,14.98,15.69,14.93,15.69,34971915.0,128503306.0
2018-08-08,15.86,15.94,15.39,15.48,28388984.0,106047825.0
2018-08-09,15.31,16.15,15.27,15.77,38788050.0,146983808.0
2018-08-10,15.77,16.06,15.69,15.94,25644797.0,97396627.0
2018-08-13,15.73,16.65,15.48,16.32,33208152.0,127443598.0
2018-08-14,16.19,16.61,15.94,16.15,33186396.0,128404697.0
2018-08-15,16.23,16.23,15.39,15.52,25872956.0,97462743.0
2018-08-16,15.35,15.94,15.19,15.69,21021654.0,78742977.0
2018-08-17,15.77,16.11,15.35,15.44,19035000.0,71095625.0
2018-08-20,15.44,15.6,14.93,15.19,21179530.0,76758202.0
2018-08-21,15.14,15.39,15.1,15.23,23289426.0,84988020.0
2018-08-22,15.27,15.31,14.64,14.81,25653355.0,91446031.0
2018-08-23,14.81,15.02,14.64,14.85,18786611.0,66512936.0
2018-08-24,14.85,14.89,14.52,14.56,21722914.0,76228651.0
2018-08-27,13.85,14.01,13.09,13.22,74423953.0,236378553.0
2018-08-28,13.09,13.35,13.01,13.09,47032310.0,147987737.0
2018-08-29,13.09,13.18,11.84,12.09,92565830.0,273271062.0
2018-08-30,12.13,12.43,11.92,12.17,59638569.0,173767272.0
2018-08-31,12.05,12.09,11.63,11.71,42995219.0,121107613.0
2018-09-03,11.84,12.09,11.67,11.92,43437686.0,123035911.0
2018-09-04,11.96,12.51,11.8,12.26,62107960.0,180629316.0
2018-09-05,13.47,13.47,13.47,13.47,35395246.0,113972692.0
2018-09-06,13.22,13.55,12.63,12.8,93835225.0,292500181.0
2018-09-07,12.88,13.3,12.76,13.09,58386042.0,181725959.0
2018-09-10,12.88,12.97,11.8,11.96,75004820.0,220154140.0
2018-09-11,11.96,12.72,11.88,12.21,73242293.0,214973217.0
2018-09-12,12.38,13.18,12.3,12.8,78123508.0,238570462.0
2018-09-13,12.88,13.72,12.88,13.18,83381434.0,265016584.0
2018-09-14,13.47,13.55,12.68,12.68,46955404.0,145814449.0
2018-09-17,12.68,13.18,12.63,12.76,45522505.0,140534413.0
2018-09-18,12.93,13.3,12.8,13.14,43300730.0,134830671.0
2018-09-19,13.09,13.14,12.76,12.97,40972977.0,126812764.0
2018-09-20,13.05,14.22,13.01,13.6,88783434.0,288426527.0
2018-09-21,13.55,13.68,13.14,13.55,65490842.0,208894515.0
2018-09-25,13.55,13.55,13.22,13.35,26856211.0,85810815.0
2018-09-26,13.47,13.51,13.22,13.35,30122778.0,96260360.0
2018-09-27,13.22,13.3,12.8,12.88,43103910.0,134259131.0
2018-09-28,12.93,13.3,12.93,13.3,27020463.0,84717629.0
2018-10-08,12.93,12.97,12.42,12.47,53404606.0,160915368.0
2018-10-09,12.68,12.72,12.38,12.51,22273387.0,66606605.0
2018-10-10,12.55,12.59,12.21,12.34,22016940.0,64940713.0
2018-10-11,11.67,11.96,11.13,11.34,42247118.0,117115590.0
2018-10-12,11.42,11.42,10.33,11.17,34509752.0,90099613.0
2018-10-15,11.34,11.38,10.67,10.88,21997730.0,58157181.0
2018-10-16,10.84,10.96,10.67,10.71,16603454.0,42831283.0
2018-10-17,10.92,10.96,10.5,10.75,19563383.0,50055187.0
2018-10-18,10.58,10.67,10.08,10.16,21762848.0,53872081.0
2018-10-19,10.0,10.5,9.71,10.42,26009367.0,63147878.0
2018-10-22,10.54,11.46,10.54,11.46,34454733.0,92411631.0
2018-10-23,11.76,11.92,11.25,11.34,49616268.0,137401052.0
2018-10-24,11.29,11.55,11.13,11.34,25615137.0,69508664.0
2018-10-25,10.92,11.46,10.79,11.38,28357387.0,75122725.0
2018-10-26,11.42,11.76,11.34,11.42,23766139.0,65436519.0
2018-10-29,11.25,11.59,11.09,11.34,21633321.0,58663113.0
2018-10-30,11.21,11.96,11.17,11.76,39302554.0,109449915.0
2018-10-31,11.8,12.34,11.63,12.21,50482150.0,146100344.0
2018-11-01,12.05,12.26,11.92,11.96,45086030.0,130394254.0
2018-11-02,12.38,12.63,11.96,12.13,54687857.0,159646233.0
2018-11-05,12.17,12.34,11.84,12.13,36251180.0,104896219.0
2018-11-06,12.05,12.21,11.92,12.13,21688904.0,62589321.0
2018-11-07,12.05,12.26,12.01,12.05,28968455.0,84000312.0
2018-11-08,12.17,12.26,12.05,12.05,20308805.0,58860251.0
2018-11-09,12.05,12.17,11.88,12.17,24613671.0,70903646.0
2018-11-12,12.17,12.68,12.05,12.59,47307190.0,139729573.0
2018-11-13,12.42,13.64,12.34,13.18,66027653.0,205392157.0
