2011-11-25,28.0,30.3,27.66,28.5,21672438.0,631087488.0
2011-11-28,28.0,28.7,27.3,28.25,8865206.0,248736000.0
2011-11-29,29.09,29.48,27.59,27.92,9826803.0,278846080.0
2011-11-30,27.61,27.63,25.13,26.5,8907003.0,236531072.0
2011-12-01,27.62,29.15,27.61,29.15,10916999.0,315590752.0
2011-12-02,29.99,30.99,28.75,30.2,12968050.0,385104256.0
2011-12-05,30.8,32.89,30.8,31.9,6594092.0,209975488.0
2011-12-06,32.2,32.96,31.8,32.75,4261805.0,137972688.0
2011-12-07,33.48,33.89,32.56,33.31,4208527.0,140260528.0
2011-12-08,32.83,34.5,32.5,34.01,3823322.0,128424360.0
2011-12-09,33.5,34.26,32.31,33.0,3514981.0,116721960.0
2011-12-12,32.8,33.68,32.6,33.05,2413513.0,79742376.0
2011-12-13,32.82,33.28,31.77,32.74,3333247.0,108028576.0
2011-12-14,32.5,33.4,30.7,31.15,4988003.0,157692704.0
2011-12-15,30.6,31.51,30.25,30.9,2847590.0,87811928.0
2011-12-16,30.51,32.43,30.0,32.2,3364719.0,104353776.0
2011-12-19,31.58,31.88,30.6,31.68,2779815.0,86670552.0
2011-12-20,31.55,34.0,31.4,32.1,4675321.0,153549952.0
2011-12-21,31.99,32.3,30.12,30.69,4255193.0,131393912.0
2011-12-22,30.33,30.54,29.1,29.96,2906724.0,86523360.0
2011-12-23,30.01,30.85,29.86,30.48,2185232.0,66566500.0
2011-12-26,30.08,30.46,29.58,30.0,1623035.0,48900508.0
2011-12-27,29.99,29.99,27.27,28.0,2102557.0,60400188.0
2011-12-28,27.51,28.45,27.44,27.98,1606354.0,45003288.0
2011-12-29,27.97,28.9,27.75,27.99,1015329.0,28808664.0
2011-12-30,28.4,30.79,27.93,29.99,2224829.0,65341384.0
2012-01-04,30.0,31.19,28.8,28.8,2000369.0,60556016.0
2012-01-05,29.0,29.27,25.92,27.5,2007874.0,55204556.0
2012-01-06,27.19,28.2,26.5,27.85,953335.0,25981200.0
2012-01-09,27.96,29.24,27.6,29.0,1508196.0,42995868.0
2012-01-10,28.66,29.8,28.64,29.06,2009282.0,58533036.0
2012-01-11,28.85,31.58,28.66,30.42,3438522.0,103974696.0
2012-01-12,30.01,30.2,29.63,29.8,1895831.0,56699456.0
2012-01-13,29.9,30.13,27.0,27.2,2374038.0,67042868.0
2012-01-16,26.18,26.38,24.9,25.1,1644702.0,42273760.0
2012-01-17,25.15,26.48,24.01,26.12,1459366.0,37054660.0
2012-01-19,24.08,25.1,23.55,24.8,2384857.0,58427116.0
2012-01-20,24.7,25.48,24.42,25.22,1909185.0,47515156.0
2012-01-30,25.78,26.88,25.4,26.02,1393171.0,36278516.0
2012-01-31,25.9,26.2,25.41,26.07,525433.0,13528773.0
2012-02-01,25.8,26.47,25.51,25.6,605486.0,15743917.0
2012-02-02,25.87,26.38,25.62,26.19,537074.0,14055073.0
2012-02-03,26.19,27.35,26.11,27.13,1094337.0,29451694.0
2012-02-06,27.17,28.1,26.8,27.63,1357858.0,37483800.0
2012-02-07,27.25,27.94,27.09,27.09,728064.0,20012820.0
2012-02-08,27.0,28.3,26.7,27.82,1121734.0,30603576.0
2012-02-09,27.81,28.9,27.6,28.34,1415575.0,40369284.0
2012-02-10,28.28,30.49,28.15,29.44,1629518.0,47360548.0
2012-02-13,29.1,31.5,28.88,30.41,2233423.0,67441112.0
2012-02-14,30.52,31.4,29.69,30.08,1370783.0,41306884.0
2012-02-15,30.0,31.2,29.62,30.26,1585607.0,48159580.0
2012-02-16,30.05,30.78,29.65,30.56,1496017.0,45077252.0
2012-02-17,29.94,30.2,29.14,29.4,1883776.0,55443108.0
2012-02-20,29.7,30.35,29.35,29.97,1950405.0,58484708.0
2012-02-21,29.94,30.32,29.51,30.15,1477645.0,44299364.0
2012-02-22,30.13,31.38,29.7,30.75,1773812.0,54122284.0
2012-02-23,30.46,31.28,29.6,30.0,2727288.0,82851256.0
2012-02-24,30.01,30.9,29.9,30.16,1838049.0,55641472.0
2012-02-27,30.3,33.18,29.72,33.18,9091282.0,287817216.0
2012-02-28,32.52,32.85,31.62,31.86,4495535.0,144432672.0
2012-02-29,31.79,32.79,30.75,30.8,3855668.0,122648736.0
2012-03-01,30.5,33.88,30.5,32.97,5667291.0,185431328.0
2012-03-02,32.9,33.5,32.5,33.31,3823238.0,126553120.0
2012-03-05,33.46,36.4,33.0,34.88,5115470.0,177372960.0
2012-03-06,34.5,35.88,34.1,34.99,2902973.0,101245432.0
2012-03-07,34.41,35.0,33.5,33.85,2213717.0,76029280.0
2012-03-08,34.2,34.2,33.25,33.76,2798261.0,94021568.0
2012-03-09,34.0,34.77,33.61,34.44,2371865.0,81260424.0
2012-03-12,34.64,34.85,33.45,34.21,1568163.0,53072960.0
2012-03-13,34.01,34.89,34.01,34.43,3178829.0,109763688.0
2012-03-14,34.5,34.88,31.0,31.92,3395191.0,112900896.0
2012-03-15,31.65,32.6,31.36,31.9,2310996.0,74025240.0
2012-03-16,31.92,32.84,31.49,32.39,1564945.0,50450780.0
2012-03-19,32.45,33.2,32.3,32.76,1424470.0,46488476.0
2012-03-20,32.5,32.5,30.7,31.4,2108395.0,66287512.0
2012-03-21,31.4,31.86,30.67,31.43,1319433.0,41177244.0
2012-03-22,31.37,31.55,30.88,30.9,1040232.0,32274642.0
2012-03-23,30.9,30.9,29.93,29.93,1183207.0,35753676.0
2012-03-26,29.6,31.19,29.6,30.96,1314966.0,40238292.0
2012-03-27,30.96,32.47,30.9,32.2,1935671.0,62035920.0
2012-03-28,32.75,33.79,32.26,32.28,3755250.0,124189752.0
2012-03-29,32.0,33.18,30.1,32.96,1535036.0,48588628.0
2012-03-30,33.2,34.8,32.5,32.57,2515825.0,84618560.0
2012-04-05,31.89,33.4,30.8,33.36,2126982.0,69321096.0
2012-04-06,33.37,33.67,32.54,32.98,2190783.0,72528560.0
2012-04-09,33.19,34.23,33.19,33.5,3053277.0,103201568.0
2012-04-10,33.45,33.49,31.5,33.29,1860783.0,60630072.0
2012-04-11,33.29,34.8,33.07,34.3,2034727.0,69439536.0
2012-04-12,34.2,34.66,33.51,34.38,1784626.0,60881036.0
2012-04-13,34.1,35.91,34.1,34.85,2539869.0,89371936.0
2012-04-16,34.68,35.48,34.35,35.06,1198657.0,41956348.0
2012-04-17,34.8,34.99,33.8,34.0,1463169.0,49975876.0
2012-04-18,33.9,34.7,33.5,34.43,1522643.0,52368144.0
2012-04-19,34.63,35.3,34.61,35.0,1468515.0,51296488.0
2012-04-20,35.0,35.2,33.9,34.34,1765253.0,60757148.0
2012-04-23,34.06,34.3,32.91,33.17,1481138.0,49685900.0
2012-04-24,33.0,33.52,31.5,32.6,1458285.0,47173864.0
2012-04-25,32.65,33.0,32.18,32.66,1134008.0,36986044.0
2012-04-26,33.66,34.44,32.6,32.88,1011617.0,33724840.0
2012-04-27,32.25,33.4,32.05,33.21,748187.0,24711968.0
2012-05-02,33.54,34.25,33.01,34.0,1019849.0,34268064.0
2012-05-03,33.98,34.65,33.63,34.55,1199288.0,41187768.0
2012-05-04,34.51,35.28,34.51,34.9,1433801.0,50163080.0
2012-05-07,35.4,38.39,35.1,38.39,3994631.0,149167040.0
2012-05-09,38.03,38.38,36.9,37.54,2884976.0,108010848.0
2012-05-10,37.7,38.0,36.92,37.69,1650289.0,61888816.0
2012-05-11,37.8,39.3,37.2,37.2,2232565.0,85259672.0
2012-05-14,37.38,37.8,36.0,36.94,1386545.0,51299020.0
2012-05-15,36.5,37.72,36.16,37.22,1289071.0,47453120.0
2012-05-16,37.0,37.76,36.65,36.65,886429.0,32906176.0
2012-05-17,36.51,37.5,35.51,37.47,1204545.0,44105936.0
2012-05-18,36.9,37.37,36.64,37.07,839586.0,31105446.0
2012-05-21,37.0,38.8,36.52,38.1,1831973.0,69202320.0
2012-05-22,38.5,39.36,37.92,38.45,1441026.0,55602764.0
2012-05-23,38.0,38.36,37.51,37.96,1029044.0,39039084.0
2012-05-24,37.5,37.9,37.31,37.41,880672.0,33051358.0
2012-05-25,37.11,37.89,36.54,36.58,589083.0,21819208.0
2012-05-29,36.98,38.6,36.9,37.85,1479761.0,56132272.0
2012-05-30,37.85,38.76,37.52,38.5,1394893.0,53267572.0
2012-05-31,38.54,40.31,38.04,39.38,2560888.0,99922960.0
2012-06-01,39.38,40.56,38.7,38.9,1699645.0,66442972.0
2012-06-04,38.19,40.46,36.79,39.69,2789277.0,108637736.0
2012-06-05,39.41,40.08,38.61,39.68,1103727.0,43260192.0
2012-06-06,39.85,40.87,39.2,39.56,1455905.0,58064460.0
2012-06-07,40.1,40.23,39.0,39.3,1152478.0,45305416.0
2012-06-08,39.55,39.95,39.11,39.17,783178.0,30695912.0
2012-06-11,38.86,40.56,38.59,40.23,1626201.0,63989208.0
2012-06-12,40.1,42.62,39.9,41.87,2156524.0,88850656.0
2012-06-13,42.02,42.91,41.37,42.53,1349274.0,56652700.0
2012-06-14,42.53,43.52,41.83,41.93,1041186.0,44002888.0
2012-06-15,42.12,42.57,40.61,41.93,1061156.0,43608468.0
2012-06-18,41.9,42.73,41.41,42.16,741918.0,30995712.0
2012-06-19,42.16,42.67,41.23,41.23,949178.0,39516436.0
2012-06-20,41.41,42.52,41.32,41.5,817179.0,33991564.0
2012-06-21,41.75,43.33,40.81,43.33,1801437.0,75338696.0
2012-06-25,43.13,44.34,42.42,43.33,1669325.0,72207816.0
2012-06-26,43.12,43.48,41.47,43.12,1203051.0,50612284.0
2012-06-27,43.11,46.76,42.52,45.34,2934152.0,130827904.0
2012-06-28,45.53,48.25,44.78,46.87,1992575.0,91859520.0
2012-06-29,46.82,48.85,45.63,46.92,2248408.0,105396584.0
2012-07-02,46.42,48.56,45.95,48.37,1602205.0,75583792.0
2012-07-03,48.12,49.69,47.82,49.37,1613281.0,78325600.0
2012-07-04,49.37,49.55,46.03,47.56,2188892.0,104143872.0
2012-07-05,47.51,48.35,46.57,48.22,1303280.0,61417688.0
2012-07-06,48.37,49.38,46.76,48.14,1983354.0,95109408.0
2012-07-09,47.66,48.57,45.97,46.05,1842922.0,86560512.0
2012-07-10,45.5,45.88,43.88,45.55,2575834.0,115098864.0
2012-07-11,46.86,49.94,46.41,49.46,3137883.0,149332560.0
2012-07-12,49.36,53.2,49.17,50.67,2820738.0,142803552.0
2012-07-13,50.41,51.38,49.69,51.08,1198985.0,60079568.0
2012-07-16,50.99,51.88,48.53,49.26,2005115.0,98911280.0
2012-07-17,48.4,49.86,47.48,49.17,1314866.0,63503444.0
2012-07-18,49.17,49.38,47.28,48.67,1169671.0,55993508.0
2012-07-19,48.67,52.62,47.88,51.8,1975961.0,99073080.0
2012-07-20,50.74,51.66,49.88,50.55,1304988.0,65745964.0
2012-07-23,49.68,50.25,48.88,49.43,890665.0,43812464.0
2012-07-24,49.07,50.53,48.37,48.95,1483243.0,72505024.0
2012-07-25,48.62,50.17,47.37,49.95,1939144.0,94253480.0
2012-07-26,49.48,50.56,48.67,48.67,1614682.0,79479664.0
2012-07-27,48.53,48.87,45.85,46.93,2076795.0,97498648.0
2012-07-30,47.16,48.06,45.75,45.75,1095305.0,50901364.0
2012-07-31,45.64,45.95,44.25,44.84,1909833.0,85730352.0
2012-08-01,44.87,47.14,44.87,45.9,1441657.0,65769264.0
2012-08-02,45.9,48.19,45.24,47.57,1703635.0,79906872.0
2012-08-03,47.35,49.68,46.87,49.58,1610006.0,77921832.0
2012-08-06,49.34,52.28,48.96,50.92,2029736.0,102732608.0
2012-08-07,50.62,53.61,50.27,52.85,1539527.0,79481336.0
2012-08-08,52.9,53.35,50.97,51.75,1069407.0,55367476.0
2012-08-09,51.81,53.1,51.51,52.79,726861.0,37921836.0
2012-08-10,52.42,55.8,52.42,54.29,1474694.0,79200552.0
2012-08-13,54.19,55.3,53.41,53.81,719672.0,38678004.0
2012-08-14,53.83,53.9,51.39,53.51,1096815.0,57200500.0
2012-08-15,53.51,55.93,52.95,55.57,999945.0,54681536.0
2012-08-16,55.67,55.9,54.21,54.51,745457.0,40631204.0
2012-08-17,54.23,54.52,51.54,52.4,1142163.0,59832368.0
2012-08-20,52.1,53.31,51.37,52.71,1184875.0,61622936.0
2012-08-21,52.9,57.98,52.9,57.98,2245539.0,126471840.0
2012-08-22,55.93,57.44,55.22,55.62,2710022.0,151407040.0
2012-08-23,55.68,56.23,52.9,55.58,1868098.0,101130272.0
2012-08-24,54.56,55.36,53.41,53.71,851762.0,45792928.0
2012-08-27,53.39,56.01,53.1,54.37,1861680.0,101376616.0
2012-08-28,54.49,58.04,54.49,56.19,2032714.0,113717392.0
2012-08-29,55.98,58.75,55.31,57.12,1942863.0,109890264.0
2012-08-30,56.62,57.82,53.11,55.02,1679085.0,92096496.0
2012-08-31,55.0,55.88,53.86,55.52,872252.0,47572880.0
2012-09-03,55.32,58.17,54.92,57.94,1594836.0,90385512.0
2012-09-04,58.14,59.84,57.44,57.84,1576108.0,91583560.0
2012-09-05,57.34,60.21,57.34,60.14,2083535.0,122901664.0
2012-09-06,59.95,60.74,59.05,59.89,1322770.0,78706344.0
2012-09-07,60.1,60.46,57.94,58.99,2755750.0,161621280.0
2012-09-10,58.99,59.96,57.84,59.57,1365706.0,79782600.0
2012-09-11,59.45,59.45,56.63,57.59,2259132.0,129039968.0
2012-09-12,57.6,57.94,56.33,57.44,1821610.0,102550800.0
2012-09-13,57.42,57.42,55.72,56.19,1586086.0,88596600.0
2012-09-14,56.43,56.86,54.26,55.2,1667655.0,91365496.0
2012-09-17,55.64,56.91,54.92,54.92,1546098.0,86092864.0
2012-09-18,54.92,56.72,54.92,56.68,1519819.0,84972008.0
2012-09-19,56.81,56.93,56.04,56.11,763948.0,42681256.0
2012-09-20,55.9,55.93,53.41,54.52,1825837.0,98378072.0
2012-09-21,54.4,55.17,53.01,53.2,694618.0,37068576.0
2012-09-24,52.17,53.29,48.77,52.9,1024566.0,52211624.0
2012-09-25,52.6,52.7,50.48,50.82,1321538.0,67642280.0
2012-09-26,50.28,50.83,49.39,50.38,1443017.0,71991584.0
2012-09-27,50.38,52.47,50.38,51.78,792204.0,40464336.0
2012-09-28,51.39,52.96,51.39,52.24,627254.0,32565486.0
2012-10-08,52.26,52.37,50.59,52.2,854233.0,43670528.0
2012-10-09,51.91,55.17,51.91,54.47,1275717.0,68350552.0
2012-10-10,53.98,55.93,53.72,55.42,839098.0,45720376.0
2012-10-11,55.42,55.62,54.07,54.07,589153.0,31889014.0
2012-10-12,54.06,54.62,53.48,54.34,336191.0,18070046.0
2012-10-15,53.96,54.68,52.26,53.41,516775.0,27285782.0
2012-10-16,53.41,53.41,51.38,52.3,621692.0,32261056.0
2012-10-17,52.41,53.2,52.3,53.2,405827.0,21249766.0
2012-10-18,53.36,53.75,52.62,53.13,654822.0,34640608.0
2012-10-19,53.0,55.61,53.0,55.4,1187957.0,64657688.0
2012-10-22,55.38,56.06,54.68,55.42,744687.0,41007064.0
2012-10-23,55.48,55.84,52.9,53.2,1270297.0,68163448.0
2012-10-24,52.42,53.89,51.09,51.58,1381184.0,71360120.0
2012-10-25,51.34,51.34,47.77,47.85,2687583.0,130837984.0
2012-10-26,47.76,48.6,47.26,48.25,2299544.0,109932784.0
2012-10-29,48.23,49.72,47.37,48.58,957615.0,46276036.0
2012-10-30,48.4,49.17,48.25,49.15,854289.0,41420452.0
2012-10-31,48.87,49.96,48.54,48.65,542422.0,26443382.0
2012-11-01,48.8,49.38,48.07,48.93,1034260.0,49943020.0
2012-11-02,48.98,49.16,48.09,48.37,1218179.0,58477440.0
2012-11-05,47.98,47.98,45.24,46.25,2199277.0,100450136.0
2012-11-06,46.04,46.25,44.74,45.6,1337171.0,60082732.0
2012-11-07,45.65,46.03,45.14,46.0,841703.0,38021884.0
2012-11-08,45.65,46.22,43.93,44.03,1293694.0,58193512.0
2012-11-09,43.73,44.34,43.13,43.33,777807.0,33794664.0
2012-11-12,43.71,44.64,43.29,44.62,1027745.0,44954360.0
2012-11-13,44.66,44.66,43.14,43.33,661263.0,28684874.0
2012-11-14,43.33,43.94,42.5,43.69,567770.0,24282182.0
2012-11-15,43.45,44.48,42.87,44.22,880274.0,38557828.0
2012-11-16,44.19,44.34,43.13,43.33,315555.0,13666545.0
2012-11-19,43.23,43.59,40.86,42.73,665612.0,27625830.0
2012-11-20,43.33,44.08,42.73,43.65,767790.0,33316420.0
2012-11-21,43.66,44.34,42.93,43.85,979295.0,42537612.0
2012-11-22,43.33,43.44,42.37,43.23,809008.0,34268320.0
2012-11-23,43.23,43.28,41.21,41.21,699589.0,29027414.0
2012-11-26,40.51,41.11,40.12,40.48,421311.0,16897528.0
2012-11-27,40.47,40.47,38.57,39.7,1217038.0,48167948.0
2012-11-28,39.7,39.8,37.9,38.19,1226462.0,47266968.0
2012-11-29,38.49,38.57,36.88,36.97,1721149.0,64145796.0
2012-11-30,37.18,38.09,36.54,37.78,1560555.0,57676772.0
2012-12-03,37.51,37.67,35.78,35.97,923685.0,33746172.0
2012-12-04,35.78,35.78,34.51,35.47,1640841.0,57016988.0
2012-12-05,35.49,39.02,35.07,39.02,3043883.0,114225704.0
2012-12-06,39.02,40.59,38.64,40.41,3281260.0,130391168.0
2012-12-07,40.29,40.43,39.6,40.41,1309065.0,52008032.0
2012-12-10,40.31,41.97,39.9,41.48,1404632.0,57248300.0
2012-12-11,41.19,41.93,40.49,41.82,796057.0,32643838.0
2012-12-12,41.8,41.82,40.86,41.33,829557.0,33964668.0
2012-12-13,41.31,41.32,39.96,40.17,382575.0,15306513.0
2012-12-14,40.16,43.03,40.1,41.11,1645845.0,68654392.0
2012-12-17,40.51,40.61,37.0,37.0,3352951.0,124396032.0
2012-12-18,35.82,37.05,35.82,36.78,2210752.0,79894480.0
2012-12-19,36.29,38.39,36.28,38.07,1817654.0,68405760.0
2012-12-20,38.04,38.14,36.88,37.84,1858373.0,69459904.0
2012-12-21,37.84,41.63,37.84,41.63,2634122.0,104433568.0
2012-12-24,42.6,44.33,41.82,42.35,4470863.0,190129968.0
2012-12-25,42.35,44.14,41.91,44.09,4896234.0,211185808.0
2012-12-26,43.23,46.79,42.62,46.05,2952163.0,132797720.0
2012-12-27,46.04,47.81,45.35,46.55,2932211.0,136229744.0
2012-12-28,46.2,47.36,44.91,46.7,1896911.0,86769080.0
2012-12-31,46.36,47.48,45.67,47.34,2307150.0,106591544.0
2013-01-04,47.46,47.86,44.38,45.9,2188041.0,99138400.0
2013-01-07,45.04,45.75,44.25,45.5,1732336.0,77123608.0
2013-01-08,45.34,47.06,44.54,46.65,2564193.0,116852656.0
2013-01-09,46.35,46.5,45.06,45.8,2404564.0,109521728.0
2013-01-10,45.77,47.51,45.48,47.4,2002804.0,92440288.0
2013-01-11,47.56,47.86,45.58,45.75,1929161.0,89913480.0
2013-01-14,45.75,49.23,45.45,48.77,2426236.0,114701696.0
2013-01-15,47.97,50.38,47.86,49.96,2535621.0,123251808.0
2013-01-16,49.38,49.56,47.77,48.28,1792844.0,86263968.0
2013-01-17,49.12,50.86,48.85,49.12,1743061.0,85853208.0
2013-01-18,48.87,49.83,48.25,48.79,1170036.0,56720744.0
2013-01-21,48.27,49.83,48.02,49.24,1133643.0,55287188.0
2013-01-22,49.17,50.28,47.37,48.37,1452803.0,70396320.0
2013-01-23,47.86,48.04,45.53,47.18,1794033.0,83249112.0
2013-01-24,46.53,46.66,43.12,43.84,3149349.0,140417696.0
2013-01-25,43.33,43.35,42.34,42.83,1687583.0,71787456.0
2013-01-28,42.94,43.78,42.81,43.78,1359874.0,58533596.0
2013-01-29,44.19,46.49,43.48,46.34,1961062.0,88019848.0
2013-01-30,45.95,47.23,45.62,46.25,1321402.0,60926008.0
2013-01-31,46.25,47.1,45.75,46.76,1477588.0,68294568.0
2013-02-01,46.76,47.11,46.15,46.2,790061.0,36474448.0
2013-02-04,46.33,50.38,43.83,49.03,2484688.0,113872432.0
2013-02-05,47.36,48.83,46.91,47.99,1718691.0,81496128.0
2013-02-06,47.98,48.87,47.98,48.03,784183.0,37644812.0
2013-02-07,48.03,48.8,47.76,48.42,941761.0,45364232.0
2013-02-08,48.45,50.13,48.45,49.34,1246955.0,61503076.0
2013-02-18,49.38,52.89,49.02,51.59,1914386.0,96112624.0
2013-02-19,51.9,52.78,49.87,51.91,1638199.0,83850360.0
2013-02-20,52.1,53.02,50.67,52.56,1601946.0,83392808.0
2013-02-21,52.93,53.55,51.41,53.41,1635033.0,85774656.0
2013-02-22,53.04,53.9,52.2,53.1,826646.0,43450396.0
2013-02-25,52.93,54.39,52.48,53.67,837663.0,44460160.0
2013-02-26,53.39,56.23,53.3,55.77,1458785.0,80234456.0
2013-02-27,55.42,57.83,54.55,54.71,1538812.0,86586056.0
2013-02-28,54.45,54.45,51.63,53.37,1494590.0,79000928.0
2013-03-01,53.36,57.44,53.34,56.93,1423375.0,78981432.0
2013-03-04,56.62,57.94,54.96,55.91,1051150.0,58891128.0
2013-03-05,54.41,57.88,54.31,57.42,1478925.0,83445840.0
2013-03-06,57.46,59.7,56.71,59.45,1018894.0,59653860.0
2013-03-07,59.44,59.76,57.52,58.24,954752.0,55507136.0
2013-03-08,58.22,59.65,55.62,55.67,709586.0,40381256.0
2013-03-11,55.42,57.72,54.01,54.86,847687.0,46683060.0
2013-03-12,54.62,56.18,52.64,54.02,669213.0,35893352.0
2013-03-13,53.41,58.45,52.92,56.18,719930.0,39512120.0
2013-03-14,55.83,59.34,55.83,59.23,906815.0,52464644.0
2013-03-15,59.2,61.13,57.56,60.06,989146.0,58719188.0
2013-03-18,59.97,63.47,59.47,62.29,1168363.0,72052312.0
2013-03-19,62.38,63.77,59.18,61.82,1209665.0,74187792.0
2013-03-20,62.38,63.66,60.97,62.48,664048.0,41093616.0
2013-03-21,62.56,66.96,61.6,66.91,1127943.0,71866392.0
2013-03-22,66.51,69.33,65.4,66.91,800183.0,53115268.0
2013-03-25,67.05,68.06,65.0,67.02,644052.0,42159000.0
2013-03-26,67.02,68.3,65.47,67.52,534956.0,35517488.0
2013-03-27,67.51,71.24,67.51,70.53,736394.0,51075000.0
2013-03-28,69.89,72.01,68.52,70.34,613331.0,42918148.0
2013-03-29,69.53,76.28,69.13,74.98,1042417.0,74371024.0
2013-04-01,74.22,74.97,72.44,72.65,685224.0,49929480.0
2013-04-02,71.95,74.56,67.56,69.53,1161456.0,81391080.0
2013-04-03,68.4,70.4,66.39,69.05,821468.0,55470664.0
2013-04-08,67.51,73.56,66.61,70.94,942863.0,66312636.0
2013-04-09,71.02,72.55,70.37,71.19,865420.0,61209608.0
2013-04-10,70.47,71.88,66.81,69.93,747342.0,51163956.0
2013-04-11,69.56,71.2,67.41,69.58,700316.0,48112096.0
2013-04-12,69.33,71.91,68.32,68.63,719738.0,50214396.0
2013-04-15,68.7,70.31,66.68,69.63,860647.0,58491512.0
2013-04-16,68.62,70.39,68.02,69.69,453673.0,31319148.0
2013-04-17,69.84,74.33,69.84,74.27,1157111.0,83453344.0
2013-04-18,74.17,76.08,72.95,76.06,872862.0,64879328.0
2013-04-19,76.08,78.25,74.06,74.57,1984457.0,147657616.0
2013-04-22,74.37,76.46,73.81,74.32,1223995.0,91079384.0
2013-04-23,74.57,76.18,66.89,66.89,3481067.0,239914912.0
2013-04-24,64.49,70.53,63.02,70.28,2760412.0,183263920.0
2013-04-25,68.02,69.53,65.5,66.01,1627969.0,109045976.0
2013-04-26,66.0,66.01,61.27,61.43,1492497.0,93678976.0
2013-05-02,61.4,66.39,61.4,65.6,1240649.0,79368208.0
2013-05-03,65.6,69.39,65.0,67.79,962676.0,65144344.0
2013-05-06,68.02,70.84,67.72,70.64,1060041.0,73847448.0
2013-05-07,70.56,72.75,70.28,72.25,1123856.0,79471792.0
2013-05-08,72.05,74.85,71.24,74.57,944893.0,69475600.0
2013-05-09,74.64,75.78,72.15,74.33,770213.0,56328904.0
2013-05-10,73.56,74.22,71.25,72.65,466473.0,33615412.0
2013-05-13,72.68,73.35,70.95,73.24,555644.0,39782596.0
2013-05-14,73.27,74.66,72.06,74.2,704772.0,51618056.0
2013-05-15,73.62,81.62,73.4,81.62,1288570.0,100021632.0
2013-05-16,83.13,89.78,82.4,89.78,2742419.0,240445264.0
2013-05-17,89.88,91.63,86.66,88.55,2273668.0,201271888.0
2013-05-20,88.03,91.05,87.03,89.88,2953972.0,172742272.0
2013-05-21,89.4,96.87,88.2,94.71,2729818.0,166849152.0
2013-05-22,93.51,93.54,88.08,89.93,1936070.0,115462576.0
2013-05-23,89.05,90.78,86.73,88.35,1788844.0,104254744.0
2013-05-24,88.35,89.26,87.32,89.26,1246052.0,72437448.0
2013-05-27,89.58,90.52,88.53,90.16,1166561.0,68986280.0
2013-05-28,89.64,90.19,85.54,86.22,1362428.0,78187896.0
2013-05-29,86.24,87.12,85.33,86.62,694850.0,39415104.0
2013-05-30,86.62,87.29,86.04,86.62,752160.0,42923308.0
2013-05-31,87.0,87.41,83.13,86.0,1127278.0,62942824.0
2013-06-03,85.03,86.54,84.42,84.45,657311.0,36968636.0
2013-06-04,84.45,84.48,78.95,78.95,1220356.0,64638152.0
2013-06-05,78.88,83.36,77.59,80.94,1430066.0,76613824.0
2013-06-06,80.47,82.29,79.95,80.09,1203109.0,64380636.0
2013-06-07,80.93,83.43,78.95,81.35,1438164.0,77525328.0
2013-06-13,80.02,80.29,73.35,78.8,1060095.0,53913000.0
2013-06-14,78.8,83.36,77.89,82.84,1603814.0,85431632.0
2013-06-17,83.19,84.49,81.82,82.06,1373396.0,75146544.0
2013-06-18,82.75,83.33,78.65,78.95,1287533.0,67527776.0
2013-06-19,79.26,79.26,76.6,77.22,1277676.0,64958256.0
2013-06-20,76.81,76.81,71.28,73.33,3298375.0,160239760.0
2013-06-21,72.24,73.64,70.6,73.03,1794314.0,85814528.0
2013-06-24,72.88,72.88,65.73,65.73,2069798.0,93329856.0
2013-06-25,64.53,67.02,59.3,66.12,2125131.0,89619800.0
2013-06-26,66.79,70.48,66.35,70.37,1975139.0,89192104.0
2013-06-27,69.86,71.13,67.38,68.48,1513837.0,69447672.0
2013-06-28,67.69,70.3,66.94,68.43,924713.0,41819488.0
2013-07-01,68.32,69.81,67.84,69.69,2509143.0,113935872.0
2013-07-02,69.75,76.66,69.75,76.66,3078846.0,149757488.0
2013-07-03,79.26,81.99,77.43,80.82,3056798.0,161351056.0
2013-07-04,79.71,86.98,79.03,84.42,3539204.0,194344704.0
2013-07-05,82.9,84.25,81.06,81.97,2070765.0,112134232.0
2013-07-08,80.62,80.62,74.17,77.74,2824456.0,144247488.0
2013-07-09,75.92,77.89,73.64,77.47,1794913.0,89687408.0
2013-07-10,76.52,80.0,76.51,77.77,2043582.0,105433264.0
2013-07-11,77.74,79.65,75.67,78.34,2086090.0,107097632.0
2013-07-12,77.87,81.69,77.43,78.31,1909806.0,100689792.0
2013-07-15,74.47,79.86,71.36,79.12,5802255.0,283007520.0
2013-07-16,77.27,84.57,76.22,82.78,3827651.0,203105152.0
2013-07-17,82.06,83.33,79.64,79.86,2164860.0,115990464.0
2013-07-18,79.03,80.47,75.92,78.04,3111159.0,157553696.0
2013-07-19,77.48,79.68,75.92,76.93,2646587.0,135047568.0
2013-07-22,75.93,79.86,75.16,78.22,1523938.0,78371344.0
2013-07-23,78.39,83.6,78.39,81.85,3009017.0,161515584.0
2013-07-24,81.23,88.2,80.64,86.53,3921348.0,218057504.0
2013-07-25,86.53,88.52,81.69,85.78,2357616.0,132706912.0
2013-07-26,84.27,85.78,81.44,83.19,1122989.0,61482384.0
2013-07-29,83.36,85.77,82.09,83.93,1043052.0,58145612.0
2013-07-30,84.02,85.03,81.23,81.53,1002960.0,54529668.0
2013-07-31,81.99,83.19,81.23,81.58,685679.0,37109884.0
2013-08-01,81.58,84.16,81.23,83.99,775043.0,42518764.0
2013-08-02,83.9,86.48,81.38,81.79,1249274.0,68511576.0
2013-08-05,81.47,82.87,80.49,81.99,731533.0,39513512.0
2013-08-06,81.99,85.03,81.31,84.11,1126340.0,61637016.0
2013-08-07,83.52,84.72,81.38,81.53,1558655.0,84364624.0
2013-08-08,81.08,86.79,80.62,85.89,2092872.0,116946120.0
2013-08-09,86.8,86.8,84.1,84.87,1016278.0,56903940.0
2013-08-12,84.97,85.54,81.84,82.29,1410158.0,77126632.0
2013-08-13,82.29,83.2,81.35,82.13,1283912.0,69163120.0
2013-08-14,82.11,82.9,79.86,80.14,1525287.0,81253080.0
2013-08-15,79.41,80.24,77.81,77.81,1137249.0,59053632.0
2013-08-16,76.69,76.69,70.04,70.07,6412606.0,301871424.0
2013-08-19,69.84,70.04,66.82,69.99,4331385.0,194097248.0
2013-08-20,69.92,71.13,69.07,70.19,3084155.0,142182064.0
2013-08-21,69.84,70.6,69.05,70.25,1724960.0,79489560.0
2013-08-22,69.98,71.94,69.54,71.6,2365247.0,110946736.0
2013-08-23,71.65,75.99,71.6,75.84,4590343.0,224381024.0
2013-08-26,75.61,79.73,74.4,78.44,3593817.0,184736560.0
2013-08-27,78.5,80.64,78.5,79.56,2262637.0,118489272.0
2013-08-28,78.65,78.65,75.69,75.87,1884118.0,95319672.0
2013-08-29,75.87,76.23,73.87,74.06,1127826.0,55421160.0
2013-08-30,73.79,74.43,69.84,71.42,1232664.0,58404788.0
2013-09-02,70.15,73.62,70.15,72.06,1227910.0,58016156.0
2013-09-03,71.51,73.79,71.38,72.71,910489.0,43583596.0
2013-09-04,72.42,75.02,71.97,74.85,1524595.0,74254304.0
2013-09-05,76.22,76.22,72.23,73.08,2048920.0,99702800.0
2013-09-06,73.03,73.79,71.47,72.23,2225764.0,105842000.0
2013-09-09,71.72,72.67,70.31,72.14,1971283.0,92553736.0
2013-09-10,72.39,72.8,69.51,69.84,2589196.0,119677320.0
2013-09-11,65.56,68.2,62.86,62.87,5238794.0,220132784.0
2013-09-12,61.95,65.06,59.97,65.01,3510848.0,143501504.0
2013-09-13,63.91,65.82,63.13,65.29,2257521.0,96313240.0
2013-09-16,65.29,66.24,64.24,65.18,1530731.0,65832908.0
2013-09-17,64.91,64.91,61.95,62.25,1404006.0,58836016.0
2013-09-18,62.02,63.28,61.77,62.72,1144478.0,46970848.0
2013-09-23,63.01,66.05,63.01,65.83,2014406.0,86662648.0
2013-09-24,68.32,71.36,67.72,67.78,3136790.0,143360736.0
2013-09-25,66.99,69.54,66.2,68.48,1531410.0,68627992.0
2013-09-26,67.56,68.99,66.65,66.81,1173756.0,51885596.0
2013-09-27,66.81,67.41,64.83,65.08,756118.0,32877444.0
2013-09-30,64.57,67.05,64.57,66.35,771628.0,33728212.0
2013-10-08,66.35,66.35,65.0,65.2,1057841.0,45679912.0
2013-10-09,65.26,65.97,62.83,64.38,2469353.0,103178168.0
2013-10-10,63.88,63.92,62.3,62.74,969152.0,40183784.0
2013-10-11,62.75,63.3,61.83,62.27,1787489.0,73321792.0
2013-10-14,62.28,62.99,61.26,61.77,1825676.0,74648200.0
2013-10-15,61.96,62.68,60.93,62.46,2014064.0,82140296.0
2013-10-16,62.46,62.96,61.01,61.07,1384030.0,56208144.0
2013-10-17,61.69,63.39,61.43,63.02,2184014.0,90332176.0
2013-10-18,63.13,63.27,61.35,61.57,1387896.0,56534936.0
2013-10-21,61.54,62.2,60.73,62.16,1117335.0,45420648.0
2013-10-22,62.37,63.59,61.9,62.51,2084411.0,85969936.0
2013-10-23,63.77,65.45,62.02,62.08,3018095.0,126960824.0
2013-10-24,61.33,61.33,56.03,57.7,3734188.0,143441952.0
2013-10-25,57.1,57.59,53.46,54.13,2736638.0,99700080.0
2013-10-28,54.11,54.95,53.14,54.13,1210519.0,43014896.0
2013-10-29,54.63,54.63,50.3,52.08,1796502.0,61892088.0
2013-10-30,51.93,52.31,50.89,51.58,1148889.0,39017892.0
2013-10-31,51.58,51.58,49.04,49.12,1399676.0,46019060.0
2013-11-01,49.03,50.41,48.02,50.39,1768724.0,57394104.0
2013-11-04,50.36,50.85,49.65,50.56,1709197.0,56583676.0
2013-11-05,50.56,51.32,49.89,51.29,1162545.0,38810532.0
2013-11-06,51.27,51.62,50.13,50.21,1221129.0,40961504.0
2013-11-07,50.21,50.55,48.07,48.45,1045239.0,33748224.0
2013-11-08,48.36,48.36,45.25,45.52,3112263.0,94455184.0
2013-11-11,45.52,46.61,44.35,45.47,2192131.0,65976564.0
2013-11-12,45.56,46.76,45.46,46.19,1578525.0,47999676.0
2013-11-13,46.29,46.45,45.49,45.49,1231109.0,37318440.0
2013-11-14,45.25,47.36,44.62,47.36,1811146.0,55278604.0
2013-11-15,48.28,49.34,47.45,47.84,2364077.0,74781104.0
2013-11-18,47.87,51.11,47.87,51.11,3214474.0,105256704.0
2013-11-19,51.2,51.59,49.85,50.1,1797641.0,59815536.0
2013-11-20,50.1,50.98,50.1,50.55,902127.0,29996768.0
2013-11-21,50.6,50.68,49.62,49.79,1659540.0,54710568.0
2013-11-22,49.77,50.6,49.65,50.09,1067516.0,35306980.0
2013-11-25,49.65,52.02,49.5,51.42,2179308.0,73907048.0
2013-11-26,51.94,56.48,51.94,56.07,5267172.0,189358656.0
2013-11-27,55.78,59.2,54.81,57.07,5377670.0,203261248.0
2013-11-28,57.09,58.76,55.9,58.09,3957209.0,149429360.0
2013-11-29,58.24,58.59,57.04,58.14,2873940.0,109770736.0
2013-12-02,56.03,57.06,53.98,54.05,2960846.0,107131936.0
2013-12-03,52.41,56.18,52.41,55.4,1672036.0,60776692.0
2013-12-04,55.54,58.06,55.54,56.95,2240355.0,84251568.0
2013-12-05,57.24,58.47,55.89,55.97,1835110.0,69225920.0
2013-12-06,55.55,55.95,54.84,55.24,811647.0,29547696.0
2013-12-09,55.07,55.81,53.41,54.54,1444053.0,51569100.0
2013-12-10,54.8,54.95,53.23,53.49,1594312.0,56554928.0
2013-12-11,53.37,53.82,52.7,52.81,1029233.0,36074212.0
2013-12-12,52.61,54.63,52.4,54.36,1301049.0,46277384.0
2013-12-13,53.75,54.9,53.57,54.31,845887.0,30195118.0
2013-12-16,54.17,54.39,51.52,51.62,1479369.0,51214160.0
2013-12-17,51.62,52.5,49.62,51.94,1571385.0,52438648.0
2013-12-18,51.62,51.74,49.94,50.23,860302.0,28673208.0
2013-12-19,50.18,50.95,49.47,49.59,866260.0,28567772.0
2013-12-20,49.62,49.65,47.98,48.57,982533.0,31562356.0
2013-12-23,49.03,49.79,48.77,49.48,892492.0,28999678.0
2013-12-24,49.66,52.14,49.66,51.11,2245704.0,75814552.0
2013-12-25,50.58,52.37,50.58,52.29,1890767.0,64289380.0
2013-12-26,52.53,55.12,51.52,53.26,2139162.0,74963872.0
2013-12-27,53.02,54.51,52.32,54.43,1779933.0,62777840.0
2013-12-30,54.6,55.65,53.34,55.4,2249403.0,80894952.0
2013-12-31,54.78,55.18,53.49,54.36,1637184.0,58455248.0
2014-01-02,54.07,58.33,53.41,57.6,3614138.0,135074912.0
2014-01-03,57.7,63.01,57.6,59.52,5568223.0,221246896.0
2014-01-06,59.97,61.92,58.59,58.77,3496382.0,139045200.0
2014-01-07,57.85,60.37,56.81,60.16,2725301.0,106169784.0
2014-01-08,60.11,63.59,59.7,61.8,4013123.0,164479728.0
2014-01-09,61.8,62.25,58.62,58.76,1855996.0,74401864.0
2014-01-10,58.3,58.3,56.13,56.33,2128683.0,79860168.0
2014-01-13,56.38,57.12,52.55,54.81,2328302.0,83811168.0
2014-01-14,54.2,57.1,54.02,57.1,1496961.0,55106684.0
2014-01-15,56.94,61.64,56.8,61.51,3113063.0,122626584.0
2014-01-16,62.48,62.81,60.43,61.26,2530617.0,102637824.0
2014-01-17,61.16,61.17,56.95,58.42,2084840.0,80500696.0
2014-01-20,58.23,59.47,57.48,57.82,1084164.0,41761444.0
2014-01-21,57.85,59.2,57.85,59.2,983586.0,37924240.0
2014-01-22,59.82,61.77,59.55,61.05,2131017.0,85091208.0
2014-01-23,60.76,61.49,60.05,60.4,1666882.0,66477540.0
2014-01-24,60.26,63.21,60.25,63.02,2495621.0,102833864.0
2014-01-27,62.3,63.77,61.8,62.8,2175167.0,89601152.0
2014-01-28,61.64,61.72,58.23,58.24,2545101.0,99615048.0
2014-01-29,58.0,59.64,57.18,58.0,2112088.0,80945152.0
2014-01-30,57.97,58.99,56.97,57.97,1037730.0,39740136.0
2014-02-07,57.32,61.07,56.63,61.07,2182918.0,84645272.0
2014-02-10,60.88,63.28,60.0,62.68,3161012.0,128485328.0
2014-02-11,63.01,63.57,60.58,62.24,2684817.0,109906536.0
2014-02-12,62.22,65.91,61.49,65.38,3608565.0,152296288.0
2014-02-13,65.29,65.29,63.18,63.25,2344940.0,99346200.0
2014-02-14,63.6,67.81,63.25,66.94,3402662.0,148030208.0
2014-02-17,67.11,70.6,67.11,68.17,3315598.0,150678640.0
2014-02-18,68.25,68.61,66.12,66.33,2967836.0,130126416.0
2014-02-19,66.53,66.68,64.41,66.17,1736595.0,74862416.0
2014-02-20,66.4,66.4,62.95,63.18,2151451.0,90987736.0
2014-02-21,62.51,63.27,60.79,61.49,2726420.0,111272624.0
2014-02-24,61.46,61.87,58.38,61.17,4470222.0,175773792.0
2014-02-25,61.26,61.75,56.48,56.63,3980577.0,155278768.0
2014-02-26,55.71,56.33,52.84,55.84,3105361.0,111347336.0
2014-02-27,55.6,56.94,50.97,51.62,2897731.0,103716472.0
2014-02-28,52.0,53.43,50.56,53.14,1875231.0,63884448.0
2014-03-03,53.14,53.48,52.29,53.16,2426088.0,84643088.0
2014-03-04,52.99,53.08,51.41,52.76,1441882.0,49627136.0
2014-03-05,52.75,54.64,52.69,54.45,2206770.0,78323024.0
2014-03-06,54.83,55.99,54.36,54.36,2670527.0,96699160.0
2014-03-07,54.2,54.2,51.93,52.05,1930817.0,67439536.0
2014-03-10,51.61,51.61,48.59,48.89,2248997.0,73845736.0
2014-03-11,48.74,50.77,48.3,49.8,1299313.0,42614344.0
2014-03-12,49.8,50.86,48.63,49.47,1239389.0,40472228.0
2014-03-13,49.5,50.86,49.18,50.86,1313027.0,43365820.0
2014-03-14,50.67,50.67,49.76,50.32,876653.0,28961050.0
2014-03-17,50.1,52.0,49.73,52.0,1250922.0,42224324.0
2014-03-18,52.08,53.26,51.71,52.59,1799588.0,62337376.0
2014-03-19,52.23,52.38,49.59,49.63,2637583.0,87856416.0
2014-03-20,49.54,50.6,48.94,49.12,2092339.0,68419248.0
2014-03-21,48.6,48.62,45.67,47.63,4366002.0,135162656.0
2014-03-24,47.37,47.63,46.19,46.75,2699867.0,82995008.0
2014-03-25,46.83,47.25,46.31,46.92,2051190.0,63183764.0
2014-03-26,46.92,48.21,46.61,47.92,2754860.0,86022520.0
2014-03-27,47.84,47.84,45.7,45.81,2046586.0,62785736.0
2014-03-28,45.22,45.22,42.22,42.66,3748433.0,106919384.0
2014-03-31,42.68,44.15,42.68,43.36,1776280.0,50899024.0
2014-04-01,43.39,45.25,43.36,45.22,2205329.0,64753500.0
2014-04-02,45.22,45.78,44.56,45.0,1447777.0,42876432.0
2014-04-03,44.79,45.43,44.61,44.61,1434533.0,42494532.0
2014-04-04,44.46,45.84,44.03,45.84,1753047.0,52261236.0
2014-04-08,45.37,46.32,45.02,45.91,1452319.0,43775396.0
2014-04-09,45.93,47.99,45.93,46.83,2360720.0,73429504.0
2014-04-10,47.51,48.57,46.96,47.01,2984438.0,94083280.0
2014-04-11,46.49,47.98,45.67,47.51,1967704.0,61039904.0
2014-04-14,47.77,47.77,46.99,47.54,806583.0,25166292.0
2014-04-15,47.54,47.54,46.46,46.54,1123681.0,34609256.0
2014-04-16,46.54,46.67,45.22,45.59,1571742.0,47286412.0
2014-04-17,45.78,50.15,45.67,50.15,4432328.0,142077472.0
2014-04-18,51.67,52.62,50.71,51.65,8403230.0,286396640.0
2014-04-21,51.2,56.8,50.67,54.28,8192549.0,290506688.0
2014-04-22,53.34,55.86,52.96,54.1,5989694.0,213792144.0
2014-04-23,54.28,55.46,52.66,53.22,4677235.0,166652592.0
2014-04-24,53.22,53.9,50.94,51.91,3754620.0,128971368.0
2014-04-25,51.24,52.84,51.2,51.44,2912112.0,99749856.0
2014-04-28,51.26,51.26,48.43,48.71,2614626.0,84594296.0
2014-04-29,48.89,53.41,48.86,53.32,4220934.0,142677920.0
2014-04-30,52.25,54.53,52.13,53.41,3815814.0,133459904.0
2014-05-05,53.4,54.99,52.79,54.9,3101070.0,109521944.0
2014-05-06,55.08,60.12,55.08,58.56,6913501.0,261825920.0
2014-05-07,57.39,59.33,56.2,56.82,4186059.0,157705056.0
2014-05-08,56.55,58.7,55.77,57.04,4008912.0,150717760.0
2014-05-09,56.53,56.98,54.39,55.91,3225546.0,116960096.0
2014-05-12,55.78,57.83,55.2,57.46,2997299.0,110767888.0
2014-05-13,57.16,59.89,56.96,57.13,3836049.0,146782512.0
2014-05-14,56.56,58.98,55.77,58.44,2868580.0,108681576.0
2014-05-15,58.41,58.44,55.62,56.0,3185551.0,118061008.0
2014-05-16,55.72,56.38,54.55,55.63,1500756.0,54250812.0
2014-05-19,55.63,56.15,54.24,54.52,1252921.0,45273960.0
2014-05-20,55.0,56.81,52.96,53.49,2462343.0,88711544.0
2014-05-21,53.48,54.64,51.96,54.39,1786104.0,62907232.0
2014-05-22,54.76,56.53,53.93,55.74,2564959.0,93676552.0
2014-05-23,55.52,56.06,55.0,55.92,1614879.0,58669092.0
2014-05-26,56.07,57.3,55.06,55.91,2911318.0,106666152.0
2014-05-27,55.66,57.3,55.46,57.3,3199295.0,118483168.0
2014-05-28,57.3,58.82,56.62,58.23,3702277.0,140048448.0
2014-05-29,58.35,58.35,55.63,56.0,2546226.0,94873376.0
2014-05-30,56.03,57.34,54.5,57.22,2353452.0,86189544.0
2014-06-03,57.23,57.88,56.01,56.07,1988700.0,73942352.0
2014-06-04,55.77,55.92,53.63,54.09,1795804.0,64025180.0
2014-06-05,54.13,54.73,52.96,54.73,2247955.0,79012160.0
2014-06-06,54.67,54.8,53.23,53.45,1718885.0,60622368.0
2014-06-09,53.35,53.97,52.64,52.68,2061006.0,71760984.0
2014-06-10,52.65,54.55,52.56,54.32,1855337.0,65322896.0
2014-06-11,54.36,54.94,53.81,54.65,1646387.0,58742472.0
2014-06-12,54.53,54.53,53.02,53.09,1349155.0,47239704.0
2014-06-13,53.09,54.48,52.73,53.95,1400161.0,49356328.0
2014-06-16,53.74,54.91,53.63,54.64,1878360.0,67032160.0
2014-06-17,54.36,54.64,52.94,53.46,1527497.0,53419912.0
2014-06-18,53.43,53.93,53.0,53.17,900956.0,31504646.0
2014-06-19,53.41,53.43,49.67,50.22,2605458.0,86693296.0
2014-06-20,50.11,50.11,46.16,47.87,5829230.0,181048720.0
2014-06-23,47.36,48.59,46.92,48.05,3191561.0,99491424.0
2014-06-24,47.9,48.62,47.44,48.1,1409844.0,44380800.0
2014-06-25,48.1,48.22,47.04,47.24,1385748.0,42966924.0
2014-06-26,47.26,49.27,47.26,48.66,2303031.0,73151792.0
2014-06-27,48.89,49.81,48.39,48.88,2280043.0,73162216.0
2014-08-05,53.77,53.77,52.71,53.77,6257278.0,219611888.0
2014-08-06,53.77,53.78,51.89,52.73,5713413.0,197673136.0
2014-08-07,51.95,57.75,51.95,54.71,5561103.0,197318800.0
2014-08-08,54.74,55.28,53.78,54.71,2446223.0,87486848.0
2014-08-11,54.09,55.0,53.78,54.18,3173895.0,112819368.0
2014-08-12,54.21,54.74,53.17,54.41,3002649.0,105826208.0
2014-08-13,53.98,56.0,53.98,55.92,3975054.0,143282016.0
2014-08-14,55.92,56.49,54.55,54.65,2961278.0,107675480.0
2014-08-15,54.82,56.12,54.82,55.51,2800759.0,101741704.0
2014-08-18,55.63,55.72,54.77,55.54,2851695.0,103049824.0
2014-08-19,55.6,55.83,54.85,55.35,2568701.0,92939304.0
2014-08-20,55.35,57.11,55.31,56.67,4471755.0,165253888.0
2014-08-21,56.62,56.87,54.67,55.34,2939080.0,106949920.0
2014-08-22,55.43,55.49,54.71,55.09,2564510.0,92367752.0
2014-08-25,55.23,55.31,53.99,54.06,2241680.0,79674736.0
2014-08-26,54.21,55.29,54.06,54.16,3247738.0,116211072.0
2014-08-27,54.26,54.52,53.03,53.23,2244807.0,78448448.0
2014-08-28,53.22,53.93,52.19,52.24,1674228.0,58181112.0
2014-08-29,52.56,54.32,52.1,53.81,2121192.0,74588080.0
2014-09-01,53.93,54.97,53.55,54.62,3412856.0,121089880.0
2014-09-02,55.08,55.31,54.55,55.22,3220723.0,115888480.0
2014-09-03,55.62,55.62,54.71,54.99,3087196.0,111324992.0
2014-09-04,54.85,55.4,54.21,55.39,3481256.0,124734656.0
2014-09-05,55.46,57.04,54.74,56.75,7327659.0,268461760.0
2014-09-09,56.74,57.88,55.63,57.66,6382355.0,237392368.0
2014-09-10,56.68,56.68,55.63,55.86,5094597.0,186805088.0
2014-09-11,55.94,56.47,54.85,55.03,4685236.0,170600736.0
2014-09-12,55.16,55.55,54.48,55.33,3607634.0,129469600.0
2014-09-15,55.89,56.33,55.31,55.77,3476058.0,127069592.0
2014-09-16,55.48,55.63,53.22,53.32,3715885.0,133087048.0
2014-09-17,53.48,53.77,52.27,52.97,2312639.0,80180392.0
2014-09-18,52.97,53.74,52.59,53.48,1615192.0,56334288.0
2014-09-19,53.61,54.16,52.85,53.54,1808951.0,63300908.0
2014-09-22,53.6,53.63,52.28,52.34,2161902.0,74509016.0
2014-09-23,52.42,52.91,52.1,52.76,1854123.0,63780608.0
2014-09-24,52.74,53.25,52.44,53.12,2253071.0,78097928.0
2014-09-25,53.34,54.47,53.32,53.58,3257054.0,114831360.0
2014-09-26,53.32,53.32,52.38,52.57,2310783.0,79581512.0
2014-09-29,52.82,53.63,52.7,53.22,1958002.0,68227000.0
2014-09-30,53.63,54.79,53.16,54.79,3471562.0,123006408.0
2014-10-08,54.97,55.43,54.1,54.82,2733999.0,97683600.0
2014-10-09,54.99,55.84,54.59,55.37,3822662.0,138215856.0
2014-10-10,55.28,55.62,54.61,54.79,2947990.0,106144968.0
2014-10-13,54.77,54.77,53.77,54.3,2181671.0,77358336.0
2014-10-14,54.06,54.62,53.74,53.81,1808014.0,64078888.0
2014-10-15,53.81,55.28,53.61,55.26,3744893.0,133915768.0
2014-10-16,55.25,55.57,54.48,54.52,2946136.0,105974832.0
2014-10-17,54.24,54.48,52.5,53.17,2718356.0,95019984.0
2014-10-20,53.2,53.99,53.12,53.22,1351067.0,47356956.0
2014-10-21,53.22,53.89,53.06,53.14,1488160.0,52072072.0
2014-10-22,53.14,53.14,51.6,51.69,1977045.0,67782792.0
2014-10-23,50.91,52.02,50.73,51.34,1796526.0,60255016.0
2014-10-24,51.02,51.02,49.53,49.7,1954032.0,64211316.0
2014-10-27,49.03,49.59,48.74,49.53,1524856.0,48992592.0
2014-10-28,49.81,50.57,49.66,50.51,1324523.0,43584444.0
2014-10-29,50.73,50.83,50.27,50.66,1806467.0,59804764.0
2014-10-30,50.71,51.08,50.15,50.24,1633790.0,54080744.0
2014-10-31,50.45,51.0,50.25,50.95,1591747.0,52705720.0
2014-11-03,50.98,51.41,50.63,50.94,1930649.0,64412532.0
2014-11-04,50.95,51.03,49.34,49.58,2251516.0,73802712.0
2014-11-05,49.58,50.05,49.21,49.85,1307178.0,42419588.0
2014-11-06,49.66,51.03,49.59,50.66,1696785.0,55886568.0
2014-11-07,50.68,50.92,49.18,49.32,1795567.0,58828204.0
2014-11-10,49.35,49.63,48.89,49.43,1581465.0,50817956.0
2014-11-11,49.58,49.66,47.4,47.64,1653120.0,52443816.0
2014-11-12,47.61,48.1,47.44,48.1,1074248.0,33605360.0
2014-11-13,48.05,48.07,46.98,47.15,1330719.0,41215608.0
2014-11-14,47.06,47.55,46.8,47.33,872307.0,26985162.0
2014-11-17,47.36,48.08,47.36,47.61,1320590.0,41194040.0
2014-11-18,47.69,48.25,47.46,47.67,1284865.0,40167796.0
2014-11-19,47.67,48.05,47.41,47.91,1654340.0,51723620.0
2014-11-20,47.69,47.96,47.61,47.69,849510.0,26574318.0
2014-11-21,47.79,48.59,47.78,48.07,1590681.0,50218588.0
2014-11-24,48.23,48.85,48.02,48.31,1842421.0,58432192.0
2014-11-25,47.99,48.82,47.99,48.8,1781051.0,56488248.0
2014-11-26,48.77,49.76,48.6,49.5,1958110.0,63075348.0
2014-11-27,49.98,49.98,49.14,49.41,1707594.0,55169520.0
2014-11-28,49.5,49.76,49.06,49.73,1987816.0,64397152.0
2014-12-01,50.22,50.7,49.3,49.35,2490590.0,81368744.0
2014-12-02,49.03,49.93,48.92,49.72,1603705.0,52023432.0
2014-12-03,49.73,50.19,49.26,50.19,2454624.0,79742944.0
2014-12-04,50.28,50.62,49.93,50.54,3146097.0,103389304.0
2014-12-05,50.47,50.47,48.14,48.66,3291332.0,105806944.0
2014-12-08,48.42,48.42,47.4,47.69,3242994.0,101171928.0
2014-12-09,47.64,47.67,45.91,45.91,3235909.0,99405768.0
2014-12-10,45.91,47.24,45.64,46.97,1573000.0,47950032.0
2014-12-11,47.29,47.29,46.48,46.59,2045066.0,62473072.0
2014-12-12,46.57,47.29,46.45,47.29,2054877.0,62955392.0
2014-12-15,47.04,48.05,46.75,47.9,1909194.0,59438456.0
2014-12-16,47.91,48.1,47.06,47.49,1850785.0,57511484.0
2014-12-17,47.36,47.36,46.49,46.6,1729362.0,52892412.0
2014-12-18,46.91,47.12,46.57,46.72,1027930.0,31454414.0
2014-12-19,46.63,46.65,43.73,44.58,2800921.0,82101792.0
2014-12-22,44.26,44.26,41.25,41.56,2411567.0,66512768.0
2014-12-23,37.72,41.53,37.72,39.73,1762378.0,46255588.0
2014-12-24,40.34,41.47,40.15,41.1,1407456.0,37672812.0
2014-12-25,41.3,41.53,40.81,41.25,991907.0,26750970.0
2014-12-26,41.1,41.5,40.79,41.15,1043391.0,28050794.0
2014-12-29,41.16,41.16,40.12,40.46,1055302.0,27933826.0
2014-12-30,40.84,41.16,39.91,40.26,774466.0,20651718.0
2014-12-31,40.43,41.25,39.73,41.21,1004643.0,26702732.0
2015-01-05,41.56,42.54,40.72,42.25,1688316.0,46154312.0
2015-01-06,42.29,43.77,41.77,43.77,2142771.0,60343252.0
2015-01-07,43.77,44.92,42.48,44.61,2492977.0,71086336.0
2015-01-08,44.61,45.44,44.58,44.84,4075132.0,120072408.0
2015-01-09,44.32,45.01,43.35,43.35,1955280.0,56455456.0
2015-01-12,42.78,42.8,40.64,42.08,1413349.0,38856680.0
2015-01-13,41.95,44.9,41.89,44.31,2203917.0,63605884.0
2015-01-14,44.46,44.71,43.68,44.41,1838880.0,53094512.0
2015-01-15,44.31,45.36,43.54,44.26,1787865.0,52220548.0
2015-01-16,44.14,44.6,43.76,44.17,1136107.0,32782302.0
2015-01-19,43.82,45.15,42.78,44.31,2198808.0,63815232.0
2015-01-20,44.29,46.17,44.16,45.99,3216696.0,95665256.0
2015-01-21,45.84,46.39,45.53,45.85,3268977.0,98406712.0
2015-01-22,45.85,46.75,45.85,46.6,1914449.0,58183976.0
2015-01-23,47.18,47.27,46.23,46.57,2311789.0,70844784.0
2015-01-26,46.3,48.49,46.16,48.14,3184444.0,99693816.0
2015-01-27,48.2,48.43,47.1,48.16,2186574.0,68455184.0
2015-01-28,48.13,48.52,47.23,47.33,1535662.0,48044060.0
2015-01-29,47.01,47.61,46.74,46.97,1334648.0,41068000.0
2015-01-30,46.31,47.06,45.77,46.14,1162913.0,35224720.0
2015-02-02,45.65,46.83,45.61,46.57,1043945.0,31716426.0
2015-02-03,46.57,47.17,46.4,46.89,1063086.0,32614928.0
2015-02-04,46.92,47.79,46.77,47.06,1552808.0,48108292.0
2015-02-05,46.91,47.64,45.73,45.81,1565009.0,47585072.0
2015-02-06,46.13,46.13,44.0,44.11,1225465.0,36093420.0
2015-02-09,43.68,44.32,43.41,43.96,535791.0,15450128.0
2015-02-10,44.28,44.51,43.64,44.4,803947.0,23157476.0
2015-02-11,44.37,45.48,44.37,45.27,742424.0,21821170.0
2015-02-12,45.27,47.2,45.2,46.77,1854369.0,56496388.0
2015-02-13,46.81,48.25,46.81,47.62,2475889.0,77590696.0
2015-02-16,47.82,49.17,47.78,49.03,2732495.0,86793712.0
2015-02-17,49.38,49.58,48.56,49.43,2457595.0,78982616.0
2015-02-25,49.53,50.92,49.2,49.41,3396047.0,111324608.0
2015-02-26,49.12,49.96,48.74,48.97,1744988.0,56172340.0
2015-02-27,49.08,49.93,49.05,49.78,2205620.0,71452304.0
2015-03-02,49.78,50.6,48.97,50.45,2312894.0,75563776.0
2015-03-03,53.32,55.49,53.32,55.49,7653296.0,275632000.0
2015-03-04,56.2,56.47,54.06,54.7,7536270.0,270522752.0
2015-03-05,54.91,56.07,54.41,55.42,6349682.0,229560064.0
2015-03-06,55.78,56.65,53.17,53.19,4745534.0,169195616.0
2015-03-09,53.16,53.87,51.96,53.72,2519735.0,87603736.0
2015-03-10,54.42,54.82,53.63,53.89,3506701.0,124218456.0
2015-03-11,53.48,53.86,52.5,53.06,2938111.0,101759632.0
2015-03-12,53.14,54.27,52.42,52.62,2419654.0,84648648.0
2015-03-13,52.6,53.9,52.16,53.9,2525741.0,87727632.0
2015-03-16,54.09,55.46,54.09,55.29,3974917.0,142765648.0
2015-03-17,55.57,55.62,54.39,54.67,3995010.0,142992400.0
2015-03-18,54.55,59.59,54.41,58.4,6933346.0,255165472.0
2015-03-19,57.89,58.34,56.65,57.3,4761523.0,178768192.0
2015-03-20,57.3,58.82,57.1,57.72,3820259.0,144406256.0
2015-03-23,58.34,60.18,57.59,60.18,5545972.0,214736896.0
2015-03-24,60.35,62.0,57.77,59.28,7667621.0,300137760.0
2015-03-25,62.03,65.21,62.03,64.84,14263222.0,597372928.0
2015-03-26,63.1,64.17,61.12,61.33,6914414.0,282923680.0
2015-03-27,61.12,61.94,59.98,61.27,3990244.0,159209024.0
2015-03-30,61.73,61.73,60.05,60.61,4133242.0,163908896.0
2015-03-31,60.64,61.39,60.23,60.7,4192781.0,166575248.0
2015-04-01,60.49,62.45,60.37,62.11,5532305.0,223449264.0
2015-04-02,62.12,63.65,61.73,63.25,4795397.0,197061056.0
2015-04-03,62.83,64.16,62.12,64.16,6556559.0,270838016.0
2015-04-07,64.34,65.68,63.41,64.42,7666236.0,322872384.0
2015-04-08,64.43,66.71,63.45,65.19,9293547.0,395448096.0
2015-04-09,66.05,66.92,60.02,62.9,7660619.0,316354272.0
2015-04-10,63.99,64.94,62.64,64.45,5967430.0,250108272.0
2015-04-13,64.6,70.89,64.6,69.08,8824757.0,391992640.0
2015-04-14,68.75,71.73,67.0,68.37,6783562.0,308186752.0
2015-04-15,68.14,68.16,63.48,63.73,5407694.0,230928384.0
2015-04-16,62.64,65.13,61.21,63.76,4399758.0,182821120.0
2015-04-17,65.88,68.22,64.63,65.33,5136822.0,221372304.0
2015-04-20,64.64,64.64,61.07,61.1,5686818.0,233398736.0
2015-04-21,61.57,64.4,61.57,64.29,3941322.0,162842160.0
2015-04-22,65.24,67.12,64.72,67.12,5043373.0,218641376.0
2015-04-23,67.15,67.53,65.55,65.78,5495547.0,237829920.0
2015-04-24,66.08,68.81,64.51,66.14,14713171.0,317837120.0
2015-04-27,66.2,67.59,63.9,64.33,13338950.0,283158208.0
2015-04-28,64.18,64.21,59.6,61.26,11729686.0,235752192.0
2015-04-29,60.15,62.82,59.91,62.27,6316320.0,127613096.0
2015-04-30,62.52,63.22,61.2,61.29,6481625.0,130247728.0
2015-05-04,61.29,61.93,59.91,61.04,5459708.0,107909904.0
2015-05-05,60.83,61.87,59.91,60.37,6059412.0,120298880.0
2015-05-06,60.46,61.63,59.57,60.0,6286601.0,124150400.0
2015-05-07,60.21,60.49,57.51,58.52,5425127.0,104474776.0
2015-05-08,58.59,61.99,58.59,61.93,7024049.0,138697664.0
2015-05-11,62.49,66.08,61.13,65.74,14819946.0,306885056.0
2015-05-12,65.77,66.02,63.75,65.19,12396707.0,262349312.0
2015-05-13,65.19,70.66,64.51,70.66,22485716.0,497032544.0
2015-05-14,69.43,71.43,68.57,69.52,14605968.0,331184224.0
2015-05-15,69.52,69.52,66.05,66.69,11765087.0,257979408.0
2015-05-18,66.05,69.34,65.28,69.12,12161477.0,269472256.0
2015-05-19,69.31,74.34,68.2,72.47,17126920.0,393841408.0
2015-05-20,70.97,79.72,70.97,79.2,25232236.0,627053504.0
2015-05-21,78.98,85.71,77.72,84.76,24668292.0,652254976.0
2015-05-22,84.76,86.42,79.87,81.9,18310778.0,492932192.0
2015-05-25,79.87,81.9,77.66,80.55,14336691.0,374964736.0
2015-05-26,80.49,84.48,80.03,83.28,14157312.0,382692864.0
2015-05-27,82.95,83.31,79.87,82.06,14618269.0,387862080.0
2015-05-28,81.96,85.93,77.72,78.74,17898016.0,484123904.0
2015-05-29,78.64,80.67,73.05,77.08,14144254.0,355925344.0
2015-06-01,76.77,82.58,76.77,81.96,12556994.0,327585344.0
2015-06-02,82.33,89.64,81.26,88.78,18954726.0,525020448.0
2015-06-03,87.77,89.37,82.95,85.71,15886164.0,445878432.0
2015-06-04,85.71,86.42,77.14,83.65,12671808.0,337254240.0
2015-06-05,83.65,89.52,83.65,88.05,21156168.0,598100736.0
2015-06-08,86.94,89.34,83.59,85.96,14843935.0,417168544.0
2015-06-09,85.71,93.33,83.87,90.81,19800696.0,578368448.0
2015-06-10,90.93,94.68,88.17,92.53,16415278.0,493095712.0
2015-06-11,92.16,94.25,89.58,92.87,11606564.0,345340928.0
2015-06-12,93.08,97.02,90.63,96.16,16666726.0,508811552.0
2015-06-15,97.32,101.99,95.23,95.94,15154011.0,486207392.0
2015-06-16,93.08,93.08,86.57,88.02,13227882.0,385604000.0
2015-06-17,87.8,92.01,82.95,90.11,11396333.0,323107840.0
2015-06-18,90.23,90.26,82.67,83.81,9046723.0,256774304.0
2015-06-19,83.71,87.19,79.57,80.21,9719327.0,265131008.0
2015-06-23,80.8,83.56,78.28,83.44,9218136.0,245285840.0
2015-06-24,84.14,89.03,84.14,88.75,11322402.0,320558176.0
2015-06-25,89.46,93.7,85.4,87.56,16014165.0,471747040.0
2015-06-26,82.95,86.63,78.8,78.8,11207246.0,299574016.0
2015-06-29,82.03,82.03,70.94,70.94,11446424.0,278613376.0
2015-06-30,68.51,75.79,63.84,74.81,13685008.0,305896256.0
2015-07-01,73.08,77.11,67.34,67.56,11712367.0,281238112.0
2015-07-02,67.28,69.12,60.8,60.8,11078045.0,228391344.0
2015-07-03,56.68,61.13,54.71,54.71,9912891.0,180673520.0
2015-07-06,60.15,60.15,49.25,50.29,13705211.0,237539408.0
2015-07-07,48.23,49.74,45.25,45.25,9799832.0,146920224.0
2015-07-20,49.77,49.77,49.77,49.77,209202.0,3389073.0
2015-07-21,54.74,54.74,54.74,54.74,329296.0,5868055.0
2015-07-22,60.21,60.21,60.21,60.21,3692316.0,72369392.0
2015-07-23,66.23,66.23,66.23,66.23,13035616.0,281047872.0
2015-07-24,70.66,72.87,69.12,72.87,28535812.0,668062592.0
2015-07-27,72.19,75.48,65.59,65.59,25074284.0,577282368.0
2015-07-28,63.22,69.71,59.14,64.21,17092348.0,354533216.0
2015-07-29,66.36,69.4,61.6,69.12,12874601.0,272796032.0
2015-07-30,67.49,73.67,66.3,66.51,15156250.0,345276608.0
2015-07-31,65.16,69.83,65.16,67.28,10762144.0,236268944.0
2015-08-03,65.13,67.34,60.58,61.53,8280995.0,171348336.0
2015-08-04,62.06,67.68,61.87,67.59,8010253.0,168026144.0
2015-08-05,67.62,69.4,64.58,65.74,9231273.0,200804112.0
2015-08-06,63.87,66.05,62.98,64.67,4630600.0,97595832.0
2015-08-07,65.74,67.4,65.25,66.67,6525199.0,141131056.0
2015-08-10,67.53,71.55,66.76,69.77,10642273.0,239361888.0
2015-08-11,69.83,71.12,68.81,69.49,9849266.0,224996880.0
2015-08-12,68.2,71.73,67.65,69.52,7155115.0,163641376.0
2015-08-13,69.12,70.81,67.92,70.66,7439923.0,169080464.0
2015-08-14,71.67,71.67,69.25,69.37,7455302.0,170528384.0
2015-08-17,68.81,69.67,67.31,68.91,6547419.0,145632784.0
2015-08-18,68.75,69.58,62.03,62.52,8654237.0,184754944.0
2015-08-19,61.01,64.48,58.37,62.85,7464549.0,149734992.0
2015-08-20,65.13,67.28,62.98,63.53,8824911.0,187636528.0
2015-08-21,62.06,63.5,58.46,58.68,6131031.0,121567672.0
2015-08-24,56.22,57.76,52.81,52.81,5793885.0,101128448.0
2015-08-25,48.11,49.74,47.52,47.52,9745175.0,151842128.0
2015-08-26,48.51,52.29,46.39,50.87,14146115.0,233668496.0
2015-08-27,52.2,55.97,50.87,55.97,11654895.0,200254368.0
2015-08-28,57.45,59.6,55.91,58.62,11563745.0,216839200.0
2015-08-31,58.37,58.37,55.3,55.33,7086731.0,131327928.0
2015-09-01,54.31,55.11,50.69,51.12,7165639.0,122306192.0
2015-09-02,48.08,54.53,46.14,53.91,9645227.0,163352336.0
2015-09-07,54.96,57.94,52.53,53.09,8168931.0,146452336.0
2015-09-08,52.59,58.4,51.46,58.4,6990011.0,124256680.0
2015-09-09,57.76,61.23,57.26,60.46,16995488.0,327288512.0
2015-09-10,58.98,63.56,58.25,59.54,14742211.0,296463616.0
2015-09-11,60.12,61.1,57.23,59.14,7560562.0,144790800.0
2015-09-14,59.29,59.54,53.24,53.24,6456887.0,117147952.0
2015-09-15,50.38,52.53,47.92,48.05,6335701.0,103360296.0
2015-09-16,48.57,52.84,48.57,52.84,5475309.0,90090976.0
2015-09-17,53.45,54.84,51.89,51.89,6297914.0,109499216.0
2015-09-18,51.92,52.99,51.18,52.44,3309457.0,56133512.0
2015-09-21,51.83,57.66,51.7,56.83,7204557.0,130108216.0
2015-09-22,56.8,58.65,56.28,56.77,6322063.0,118398352.0
2015-09-23,55.91,61.38,55.36,59.29,7508211.0,141484016.0
2015-09-24,59.26,60.46,58.4,59.29,5573620.0,107481808.0
2015-09-25,58.98,61.44,57.76,58.34,5877452.0,114105824.0
2015-09-28,58.34,59.84,56.43,59.69,4286130.0,82107712.0
2015-09-29,59.75,61.56,58.83,59.54,5217617.0,102588760.0
2015-09-30,59.6,60.18,57.97,59.14,3344208.0,64362100.0
2015-10-08,60.83,65.07,60.83,64.24,7641093.0,157901792.0
2015-10-09,63.16,68.78,63.16,67.77,10312257.0,225096608.0
2015-10-12,68.05,71.27,68.05,70.11,7564880.0,172033632.0
2015-10-13,77.11,77.11,73.73,74.44,29266296.0,726981312.0
2015-10-14,74.28,78.28,74.07,74.62,15480489.0,382080448.0
2015-10-15,74.07,78.19,73.36,77.33,10769159.0,268608768.0
2015-10-16,78.28,79.11,75.27,77.02,8102511.0,202588832.0
2015-10-19,77.02,78.4,74.62,75.42,7936008.0,197493264.0
2015-10-20,75.33,76.77,73.73,76.25,8282041.0,202677504.0
2015-10-21,76.8,79.38,70.29,70.94,14709235.0,358866528.0
2015-10-22,70.41,74.74,70.29,73.88,8517731.0,201285472.0
2015-10-23,74.65,75.57,72.19,74.87,7793696.0,187928800.0
2015-10-26,76.19,76.19,72.78,74.16,7930485.0,191875792.0
2015-10-27,73.98,80.7,72.5,79.69,13771590.0,342469728.0
2015-10-28,78.55,80.4,77.14,78.86,9776842.0,251650080.0
2015-10-29,80.55,83.87,78.09,78.58,18546752.0,490001440.0
2015-10-30,77.79,79.26,75.85,76.83,8007142.0,201799680.0
2015-11-02,75.27,80.49,74.65,76.99,10465397.0,265976848.0
2015-11-03,76.71,78.37,76.19,76.71,6652418.0,167125296.0
2015-11-04,77.48,80.67,77.36,80.55,9238400.0,238843248.0
2015-11-05,81.1,85.31,80.55,83.22,10716535.0,289437984.0
2015-11-06,83.78,85.34,82.52,84.48,7729121.0,211906272.0
2015-11-09,83.41,86.14,81.9,84.88,8439209.0,230676976.0
2015-11-10,84.33,88.97,83.41,85.34,6926828.0,194802448.0
2015-11-11,84.88,86.79,83.96,85.77,7261938.0,201730080.0
2015-11-12,86.6,86.69,82.95,84.36,7648620.0,209986288.0
2015-11-13,83.25,83.87,80.49,81.07,7513128.0,200160704.0
2015-11-16,79.63,83.5,79.26,83.41,5436619.0,143470608.0
2015-11-17,84.24,84.79,81.41,81.56,7316531.0,198944000.0
2015-11-18,81.63,81.78,78.28,78.49,6430636.0,167361536.0
2015-11-19,79.38,82.33,78.46,82.12,6120131.0,160434272.0
2015-11-20,83.5,84.91,82.33,84.08,7217570.0,196944480.0
2015-11-23,85.31,85.31,81.72,81.9,5870755.0,159346464.0
2015-11-24,81.44,84.54,79.88,84.42,5364093.0,142739872.0
2015-11-25,84.11,87.71,83.87,86.42,8358445.0,234010368.0
2015-11-26,87.49,89.09,83.93,84.54,8607425.0,240710576.0
2015-11-27,83.5,85.37,79.94,80.37,7509103.0,202136320.0
2015-11-30,80.52,80.8,74.99,78.65,7855747.0,201540400.0
2015-12-01,79.51,81.72,78.68,80.06,5985363.0,155529088.0
2015-12-02,80.7,80.7,76.1,78.74,4378392.0,111246408.0
2015-12-03,78.71,80.24,78.34,80.24,3181264.0,82483616.0
2015-12-04,79.91,82.82,79.75,80.8,5640238.0,149167136.0
2015-12-07,81.23,81.84,79.72,81.07,3852999.0,101276664.0
2015-12-08,81.04,81.04,77.75,78.22,4250828.0,109574712.0
2015-12-09,78.09,78.52,76.8,77.97,4101853.0,103636208.0
2015-12-10,78.06,79.38,77.29,78.58,3927766.0,100283136.0
2015-12-11,78.25,80.18,76.8,79.51,4354587.0,111107736.0
2015-12-14,77.85,80.89,77.11,80.55,3712546.0,95037312.0
2015-12-15,80.64,82.89,80.37,81.9,5874415.0,156693216.0
2015-12-16,82.21,83.19,81.41,82.64,5242269.0,140574736.0
2015-12-17,83.19,84.94,82.55,84.79,7004659.0,191371312.0
2015-12-18,85.4,86.63,83.99,85.99,8131407.0,226782528.0
2015-12-21,85.93,87.12,85.04,85.99,6010419.0,168554880.0
2015-12-22,86.63,86.63,83.07,84.45,7615410.0,208838544.0
2015-12-23,83.84,85.1,83.13,83.41,5104712.0,139452400.0
2015-12-24,84.17,85.4,82.64,84.79,4788920.0,130996424.0
2015-12-25,84.85,85.71,83.47,84.02,3396387.0,93076848.0
2015-12-28,84.36,87.09,83.56,83.93,9828515.0,272847744.0
2015-12-29,83.72,84.14,82.03,83.65,4979120.0,134332656.0
2015-12-30,83.78,87.71,83.68,87.37,8694617.0,243282416.0
2015-12-31,87.71,88.17,84.82,85.4,7424934.0,208281648.0
2016-01-04,84.05,85.25,76.86,76.86,6629445.0,173822016.0
2016-01-05,72.26,76.43,70.07,73.39,8996237.0,214834768.0
2016-01-06,73.73,74.9,70.9,74.25,8546537.0,203005536.0
2016-01-07,72.66,72.66,66.82,66.82,1729675.0,38960844.0
2016-01-08,67.71,68.72,61.81,66.82,8767471.0,191785712.0
2016-01-11,64.51,66.73,62.27,62.58,6232611.0,131744096.0
2016-01-12,62.67,66.69,61.75,65.53,5576235.0,117452224.0
2016-01-13,65.68,66.33,62.09,62.42,4369513.0,91553056.0
2016-01-14,60.52,65.68,59.91,65.01,4808067.0,98515648.0
2016-01-15,64.45,65.01,61.26,61.63,4463302.0,92096648.0
2016-01-18,59.69,64.51,59.69,63.04,4439148.0,90450400.0
2016-01-19,62.82,65.87,62.42,65.59,5213387.0,109455504.0
2016-01-20,64.61,66.2,63.28,64.36,5507224.0,116234872.0
2016-01-21,63.59,66.63,63.32,63.5,6795605.0,144173584.0
2016-01-22,64.55,65.59,61.56,64.67,3964371.0,82468112.0
2016-01-25,66.33,66.79,64.85,65.31,4558155.0,97827744.0
2016-01-26,64.51,67.89,60.92,61.53,8607760.0,183613744.0
2016-01-27,62.58,65.53,60.24,65.41,8107339.0,165898128.0
2016-01-28,64.21,66.66,62.39,63.62,5613757.0,118637864.0
2016-01-29,65.13,69.89,63.9,69.34,9346850.0,205982384.0
2016-02-01,68.05,75.27,67.89,72.56,10535386.0,246550304.0
2016-02-02,72.53,77.42,70.97,75.2,10098163.0,245063984.0
2016-02-03,73.58,74.96,71.27,73.24,7037767.0,166610480.0
2016-02-04,73.61,75.2,72.81,74.81,6827691.0,163909904.0
2016-02-05,74.96,75.39,70.35,70.41,7211345.0,170461520.0
2016-02-15,68.26,72.01,67.74,71.49,5197111.0,118171432.0
2016-02-16,71.58,75.08,71.21,74.44,6612538.0,158641632.0
2016-02-17,74.47,76.34,73.27,76.34,7362302.0,179357280.0
2016-02-18,76.8,79.81,76.8,77.51,10171414.0,260210048.0
2016-02-19,77.11,80.49,76.5,77.14,6929528.0,176947776.0
2016-02-22,78.12,80.15,77.2,78.98,5984400.0,152937312.0
2016-02-23,79.05,79.11,76.53,78.4,5255174.0,132836256.0
2016-02-24,77.29,80.33,76.28,80.27,7354108.0,187749408.0
2016-02-25,79.88,79.88,72.26,72.26,8824411.0,216906064.0
2016-02-26,72.99,75.33,70.72,72.41,7045243.0,167735776.0
2016-02-29,72.32,73.06,65.16,66.14,7516839.0,165974128.0
2016-03-01,66.14,68.75,64.33,67.83,5405296.0,117267616.0
2016-03-02,67.37,72.47,67.22,72.01,7245028.0,164265392.0
2016-03-03,71.58,74.34,71.15,71.61,6411716.0,150716480.0
2016-03-04,71.67,71.73,66.27,67.09,6902789.0,154486096.0
2016-03-07,68.26,70.01,67.62,68.29,3806526.0,85017192.0
2016-03-08,67.46,70.26,64.21,69.25,6440429.0,139880320.0
2016-03-09,68.45,68.81,66.67,67.56,3951056.0,87429832.0
2016-03-10,67.77,68.2,65.16,65.47,3527060.0,76385080.0
2016-03-11,64.55,67.37,64.21,66.33,3388015.0,72988736.0
2016-03-14,67.31,70.47,66.97,69.43,4677183.0,105799368.0
2016-03-15,69.28,71.58,68.54,70.35,3965897.0,90260136.0
2016-03-16,70.41,70.94,68.51,69.43,3768032.0,85364296.0
2016-03-17,69.74,73.58,69.58,73.12,6931490.0,162462304.0
2016-03-18,73.79,75.97,73.52,75.73,7587906.0,185262352.0
2016-03-21,77.11,78.15,75.82,77.14,6860908.0,171798288.0
2016-03-22,76.19,78.22,75.33,77.14,6019792.0,150027744.0
2016-03-23,76.71,77.26,75.3,76.5,4443433.0,110304600.0
2016-03-24,75.67,77.72,75.02,76.19,5140768.0,127374280.0
2016-03-25,75.91,77.66,75.64,77.45,4512717.0,112749208.0
2016-03-28,78.03,81.01,77.88,78.46,6629757.0,171558880.0
2016-03-29,78.65,79.88,74.99,76.03,5202600.0,129984800.0
2016-03-30,77.05,81.26,76.68,81.1,7096194.0,183349728.0
2016-03-31,81.81,82.24,79.08,79.51,12044705.0,315708800.0
2016-04-01,79.14,80.18,76.19,77.88,6785664.0,172010656.0
2016-04-05,79.81,85.68,79.81,85.68,15526129.0,426696480.0
2016-04-06,86.11,88.17,84.48,86.63,16708509.0,469673312.0
2016-04-07,86.54,89.92,84.82,87.83,13395002.0,380740640.0
2016-04-08,86.27,96.06,86.27,92.25,20184568.0,601697920.0
2016-04-11,93.67,101.47,92.16,101.47,15915509.0,504940512.0
2016-04-12,106.6,108.44,100.52,104.33,32844738.0,1118286208.0
2016-04-13,102.3,108.11,101.56,105.22,18216264.0,623685376.0
2016-04-14,105.68,107.12,102.67,106.45,14586583.0,499505024.0
2016-04-15,105.99,112.13,103.93,105.68,20131376.0,704782272.0
2016-04-18,104.14,108.75,102.82,105.25,13825879.0,474757504.0
2016-04-19,105.96,106.48,102.61,103.47,12015910.0,407856000.0
2016-04-20,103.68,105.07,93.27,97.29,19588980.0,634296768.0
2016-04-21,97.02,99.01,93.39,94.16,12632623.0,394542368.0
2016-04-22,93.39,98.89,93.11,97.02,12716420.0,399458272.0
2016-04-25,97.08,98.83,94.99,98.12,8862011.0,280600192.0
2016-04-26,94.96,97.91,93.79,97.69,12225971.0,380466144.0
2016-04-27,97.39,100.03,94.28,94.41,11045190.0,350257888.0
2016-04-28,94.19,94.41,90.35,93.21,9373509.0,281191872.0
2016-04-29,92.16,95.08,92.04,93.02,6533889.0,199010544.0
2016-05-03,93.28,98.8,92.14,98.37,11552121.0,359207904.0
2016-05-04,98.31,103.89,97.1,101.78,16965140.0,550115264.0
2016-05-05,100.94,102.06,99.24,100.23,9845665.0,318741376.0
2016-05-06,100.48,102.21,91.7,91.95,14252989.0,443735904.0
2016-05-09,90.55,91.45,88.32,88.69,8297070.0,239807728.0
2016-05-10,88.88,90.18,87.14,88.69,5907753.0,169602704.0
2016-05-11,89.41,89.93,86.86,88.69,6426489.0,183804558.0
2016-05-12,86.83,91.42,85.47,90.74,8197342.0,236619029.0
2016-05-13,89.97,93.34,89.97,91.48,8369584.0,248253638.0
2016-05-16,90.21,95.64,90.21,95.52,8663347.0,262888948.0
2016-05-17,94.58,97.07,94.03,94.46,8109420.0,250072047.0
2016-05-18,94.06,95.98,92.42,93.07,7009832.0,211973613.0
2016-05-19,93.19,102.37,93.19,98.31,17358839.0,553210833.0
2016-05-20,98.52,107.24,97.34,104.51,18906050.0,630450113.0
2016-05-23,107.92,114.96,106.99,112.57,26387898.0,959404995.0
2016-05-24,110.71,110.71,104.66,108.08,17267500.0,601568211.0
2016-05-25,108.7,113.04,107.64,108.85,13052298.0,463761047.0
2016-05-26,109.47,113.91,103.92,112.29,11871291.0,417866574.0
2016-05-27,111.46,113.35,108.23,108.6,9503323.0,338236293.0
2016-05-30,106.93,111.83,105.59,107.61,7090496.0,248739739.0
2016-05-31,108.82,117.44,108.17,114.43,14397138.0,524177758.0
2016-06-01,114.65,117.16,112.51,115.67,13049823.0,482728509.0
2016-06-02,114.74,116.48,112.29,114.74,10211769.0,375809867.0
2016-06-03,114.77,120.23,110.65,110.65,16626829.0,618819116.0
2016-06-06,109.16,111.61,108.54,111.42,9420736.0,334529154.0
2016-06-07,111.33,111.33,107.95,111.02,7625522.0,269844446.0
2016-06-08,110.96,114.25,109.47,112.26,9387550.0,339733288.0
2016-06-13,111.08,117.84,110.12,112.26,15567262.0,577961070.0
2016-06-14,111.64,112.88,105.72,107.86,10719899.0,374978818.0
2016-06-15,106.03,117.38,105.38,114.28,11297238.0,412587715.0
2016-06-16,114.12,121.72,113.19,117.84,14172500.0,542167164.0
2016-06-17,118.09,120.6,116.64,118.93,9695714.0,369143686.0
2016-06-20,119.08,119.74,115.21,118.19,7507149.0,284501977.0
2016-06-21,119.36,124.02,112.7,114.22,12041259.0,462561320.0
2016-06-22,112.97,115.24,111.27,114.99,7237011.0,263972312.0
2016-06-23,115.05,115.86,108.79,111.64,7858567.0,283555978.0
2016-06-24,110.37,113.78,106.68,111.27,7988450.0,285359619.0
2016-06-27,111.05,115.67,111.02,115.52,8090788.0,296459383.0
2016-06-28,114.74,117.22,113.5,115.83,6934152.0,257774679.0
2016-06-29,115.92,116.39,113.81,114.99,5570579.0,206528319.0
2016-06-30,115.61,119.61,113.81,119.02,12076174.0,454087296.0
2016-07-01,118.71,119.33,114.96,115.49,7184546.0,270695328.0
2016-07-04,113.56,114.93,111.02,114.37,10172644.0,370573573.0
2016-07-05,114.22,114.22,111.64,112.51,6997961.0,254029782.0
2016-07-06,111.67,112.51,110.25,112.36,6925266.0,248749885.0
2016-07-07,111.64,113.97,110.71,113.35,6514915.0,236286405.0
2016-07-08,113.38,114.71,111.33,112.51,5458692.0,199215516.0
2016-07-11,114.12,117.1,112.6,113.66,7761623.0,288029188.0
2016-07-12,114.4,114.4,109.53,111.33,7530272.0,270239920.0
2016-07-13,111.33,112.73,110.87,112.11,4761170.0,171783094.0
2016-07-14,112.45,115.05,111.95,113.69,4878885.0,178842883.0
2016-07-15,114.28,118.56,112.91,116.76,9733410.0,365331143.0
2016-07-18,117.69,119.39,115.08,117.5,9076243.0,343502855.0
2016-07-19,116.67,122.74,115.3,122.25,14090520.0,543124319.0
2016-07-20,122.37,122.37,118.81,120.17,8479887.0,328873557.0
2016-07-21,119.39,120.33,117.1,117.16,7514993.0,286305609.0
2016-07-22,117.22,120.2,115.98,116.29,5472693.0,208016367.0
2016-07-25,115.83,115.83,111.73,112.88,8694749.0,316663667.0
2016-07-26,112.6,122.5,111.95,120.95,12579718.0,476768404.0
2016-07-27,119.49,121.22,109.5,112.73,13999910.0,522565081.0
2016-07-28,111.64,116.2,110.43,114.87,8629663.0,316205465.0
2016-07-29,115.27,122.81,113.22,120.73,15305566.0,587497338.0
2016-08-01,120.33,125.13,117.29,121.84,16618790.0,651405309.0
2016-08-02,119.7,119.86,115.8,118.4,10921484.0,413778962.0
2016-08-03,117.84,125.91,116.94,125.16,17228236.0,680355681.0
2016-08-04,125.13,127.12,123.12,125.01,15736130.0,633319900.0
2016-08-05,126.81,126.81,119.43,119.8,12592219.0,496215172.0
2016-08-08,118.09,121.26,116.6,120.11,6992443.0,268653340.0
2016-08-09,120.33,121.07,117.69,118.87,7975149.0,306206772.0
2016-08-10,119.08,120.57,117.88,118.9,6289876.0,241698087.0
2016-08-11,118.59,118.59,114.37,114.37,10250115.0,382107857.0
2016-08-12,114.43,115.21,112.42,114.53,7386150.0,270719595.0
2016-08-15,114.43,118.0,112.26,117.16,8499691.0,316924834.0
2016-08-16,116.67,118.16,115.98,116.76,5281255.0,199223905.0
2016-08-17,115.89,117.88,115.33,116.6,4765313.0,179272113.0
2016-08-18,116.88,120.33,116.79,118.22,7186911.0,274515518.0
2016-08-19,117.81,118.16,115.15,115.98,5148747.0,192623516.0
2016-08-22,115.92,115.98,104.39,104.39,21412136.0,740852059.0
2016-08-23,101.28,101.72,98.18,100.48,17743220.0,568762675.0
2016-08-24,99.52,102.0,98.74,101.41,9930954.0,322159952.0
2016-08-25,99.08,101.59,98.34,99.27,8845722.0,284441777.0
2016-08-26,99.55,101.59,99.14,100.79,8908218.0,289299927.0
2016-08-29,100.63,100.63,98.96,99.24,5666521.0,182050160.0
2016-08-30,99.48,101.1,99.27,99.77,4552629.0,147123149.0
2016-08-31,100.14,100.42,98.9,100.04,5483821.0,176384017.0
2016-09-01,100.14,100.35,98.25,98.34,6318375.0,201752783.0
2016-09-02,98.06,98.74,93.41,95.7,12772891.0,393985982.0
2016-09-05,95.67,96.88,95.24,95.92,5305683.0,164344280.0
2016-09-06,95.21,97.13,93.72,97.1,8274716.0,254546281.0
2016-09-07,97.35,97.97,96.17,97.84,8050326.0,252212294.0
2016-09-08,98.56,99.86,97.07,97.44,10694963.0,339825770.0
2016-09-09,96.82,97.19,95.21,95.21,6476099.0,200611097.0
2016-09-12,93.38,95.98,92.17,93.34,8829074.0,267241702.0
2016-09-13,93.75,95.02,92.17,92.82,7757134.0,234401366.0
2016-09-14,94.03,102.09,94.03,102.09,23135798.0,745912821.0
2016-09-19,105.44,105.97,100.85,101.62,22665091.0,752114286.0
2016-09-20,101.56,101.59,99.24,100.66,10646574.0,343956712.0
2016-09-21,100.14,100.69,99.45,100.39,7460575.0,240715436.0
2016-09-22,100.97,101.56,99.83,100.35,9348291.0,303019845.0
2016-09-23,100.6,100.63,98.71,98.77,6086328.0,194771316.0
2016-09-26,98.31,98.52,93.03,93.38,9843407.0,300524654.0
2016-09-27,93.16,94.12,92.6,93.87,5048529.0,151951633.0
2016-09-28,93.87,96.01,93.41,94.06,4601164.0,140535925.0
2016-09-29,94.83,95.3,93.53,94.62,4362387.0,132981669.0
2016-09-30,94.59,95.67,94.06,94.83,3765135.0,115238826.0
2016-10-10,95.05,97.5,94.86,97.22,5735062.0,178497579.0
2016-10-11,97.84,99.52,96.54,97.28,6411419.0,202246031.0
2016-10-12,96.88,99.08,95.86,97.97,5555538.0,174675072.0
2016-10-13,98.25,98.46,97.1,97.44,3850045.0,121348354.0
2016-10-14,97.07,98.21,96.82,97.13,3923344.0,123354011.0
2016-10-17,97.41,99.05,97.13,97.69,5618792.0,178103831.0
2016-10-18,97.69,99.52,96.91,99.52,5967810.0,189593526.0
2016-10-19,99.49,99.83,98.0,98.59,4989787.0,158819056.0
2016-10-20,98.62,103.49,98.31,102.06,13903721.0,456240079.0
2016-10-21,102.34,103.89,100.66,102.53,9687989.0,320477827.0
2016-10-24,102.22,103.24,101.44,102.59,6134495.0,202027897.0
2016-10-25,99.24,104.01,99.24,103.58,12617431.0,412317205.0
2016-10-26,104.54,108.36,103.36,106.25,13376900.0,454943549.0
2016-10-27,105.75,109.38,105.13,108.2,9560005.0,332922382.0
2016-10-28,108.26,109.47,107.08,108.85,8994261.0,314265257.0
2016-10-31,108.76,114.5,108.01,112.05,14356896.0,521274430.0
2016-11-01,112.45,113.19,110.4,112.08,10306622.0,371110709.0
2016-11-02,111.64,113.19,110.56,111.02,5229523.0,188720740.0
2016-11-03,110.84,111.64,108.17,109.78,7271378.0,257265274.0
2016-11-04,109.78,116.79,109.44,115.02,11983423.0,442059958.0
2016-11-07,113.97,115.3,112.05,112.88,5705950.0,208512829.0
2017-02-08,103.89,117.66,103.89,112.64,28746097.0,1042526072.0
2017-02-09,111.64,114.37,108.14,108.67,13818584.0,492115989.0
2017-02-10,108.54,116.26,107.95,111.11,13440516.0,485506496.0
2017-02-13,109.32,110.53,105.53,108.23,9275285.0,323440386.0
2017-02-14,108.23,110.53,106.87,108.63,6173411.0,216490945.0
2017-02-15,109.75,119.08,109.75,115.43,16114956.0,597029468.0
2017-02-16,115.74,119.71,114.22,119.39,12096497.0,459541887.0
2017-02-17,118.06,119.95,116.29,116.29,6470634.0,245241064.0
2017-02-20,117.22,117.22,111.89,115.98,6718132.0,247880989.0
2017-02-21,115.05,116.45,113.29,115.67,6450670.0,238388450.0
2017-02-22,115.05,115.46,113.22,114.34,5404281.0,198744621.0
2017-02-23,113.81,114.74,111.61,113.04,5156551.0,187511760.0
2017-02-24,112.76,114.68,112.02,114.0,4934594.0,180415241.0
2017-02-27,113.81,119.36,113.04,116.45,8280472.0,312754133.0
2017-02-28,116.82,117.84,114.56,115.7,4657941.0,174213631.0
2017-03-01,115.83,116.2,114.74,115.7,3646822.0,135785546.0
2017-03-02,115.64,116.26,114.28,115.05,2679673.0,99340852.0
2017-03-03,114.31,122.19,114.12,119.71,10426483.0,399912070.0
2017-03-06,119.67,125.88,118.93,123.71,11324189.0,449403616.0
2017-03-07,123.71,124.85,121.6,122.34,5072253.0,200720411.0
2017-03-08,122.28,124.3,120.95,123.12,3946093.0,156025702.0
2017-03-09,122.5,122.5,119.92,120.17,4455906.0,173536953.0
2017-03-10,119.86,123.12,119.64,120.67,3263877.0,127927246.0
2017-03-13,120.57,127.43,117.6,125.78,9540397.0,379724793.0
2017-03-14,125.29,127.68,123.89,124.79,5103958.0,205826123.0
2017-03-15,124.05,127.46,122.06,125.6,4706172.0,189299279.0
2017-03-16,124.89,130.19,124.73,128.42,5814773.0,239930013.0
2017-03-17,128.08,129.94,123.98,124.05,5161534.0,210316841.0
2017-03-20,123.43,125.16,121.5,124.26,4741568.0,188431486.0
2017-03-21,123.89,125.29,122.81,124.02,3251671.0,130060737.0
2017-03-22,126.68,134.87,125.91,131.61,11482712.0,480178268.0
2017-03-23,131.77,138.25,130.25,137.16,9161148.0,398743640.0
2017-03-24,136.76,148.14,136.48,140.33,11755197.0,538875359.0
2017-03-27,140.54,143.27,138.16,142.1,6915606.0,314368120.0
2017-03-28,140.67,141.1,137.94,140.3,7049388.0,316947955.0
2017-03-29,141.07,144.21,139.93,140.05,6240245.0,285751785.0
2017-03-30,138.25,139.34,134.13,135.3,6466306.0,284382927.0
2017-03-31,136.73,145.44,136.45,145.44,7775255.0,354818415.0
2017-04-05,148.83,155.0,147.31,151.9,8969731.0,436068154.0
2017-04-06,150.66,151.18,147.03,148.73,6049210.0,290611286.0
2017-04-07,148.51,151.74,147.37,148.08,4380485.0,210441615.0
2017-04-10,149.57,149.79,144.24,147.9,5742061.0,271455091.0
2017-04-11,147.31,148.76,138.59,143.99,6995152.0,323111551.0
2017-04-12,142.65,151.55,141.82,149.79,6593818.0,314462186.0
2017-04-13,149.1,149.76,145.79,146.59,3358016.0,159826991.0
2017-04-14,144.92,146.97,141.13,142.65,4132301.0,191261587.0
2017-04-17,141.72,146.81,139.55,145.69,4130701.0,191736665.0
2017-04-18,145.69,147.28,143.83,144.11,2812346.0,131836843.0
2017-04-19,142.65,145.6,139.93,143.65,3733959.0,170997295.0
2017-04-20,143.27,152.39,142.69,149.48,6991128.0,336047191.0
2017-04-21,148.58,150.31,142.0,142.0,4815148.0,227133958.0
2017-04-24,139.55,144.98,138.31,141.1,4779732.0,218120749.0
2017-04-25,138.03,141.38,131.55,140.17,7883654.0,351464915.0
2017-04-26,139.86,146.53,139.03,144.3,4399402.0,205104546.0
2017-04-27,144.3,146.84,139.55,144.79,4340628.0,200771414.0
2017-04-28,145.13,150.93,145.13,146.03,4571493.0,218512059.0
2017-05-02,146.03,151.71,144.45,146.16,4438081.0,211793239.0
2017-05-03,145.75,146.87,142.16,143.18,4081308.0,189199394.0
2017-05-04,143.15,146.06,140.7,140.89,3524974.0,162777500.0
2017-05-05,140.39,143.15,138.96,139.58,2919936.0,132959318.0
2017-05-08,139.52,141.41,135.49,137.69,5068761.0,226418267.0
2017-05-09,138.78,145.75,138.56,145.75,4857808.0,222479922.0
2017-05-10,147.8,151.49,145.13,145.63,7550937.0,362418691.0
2017-05-11,142.62,149.79,142.47,147.0,5572035.0,264134761.0
2017-05-12,148.27,149.63,144.98,148.86,3066439.0,145929225.0
2017-05-15,149.48,160.55,148.73,159.34,7177679.0,357172230.0
2017-05-16,159.34,169.01,156.24,161.32,7273953.0,378866734.0
2017-05-17,161.45,162.44,156.14,158.16,5605840.0,288121953.0
2017-05-18,155.06,159.99,152.39,154.59,4898511.0,245634323.0
2017-05-19,154.59,157.12,149.77,152.21,5259135.0,172491804.0
2017-05-22,151.74,158.9,149.3,152.96,7415184.0,243604506.0
2017-05-23,152.96,156.14,147.9,148.98,9141340.0,295597715.0
2017-05-24,147.01,152.11,142.8,152.11,7147011.0,227243256.0
2017-06-05,152.11,158.66,145.09,156.56,7707114.0,255743144.0
2017-06-06,156.32,162.22,156.32,160.86,8622717.0,295010060.0
2017-06-07,160.72,162.88,159.27,162.18,7513652.0,258830900.0
2017-06-08,162.13,165.54,160.12,160.44,5984783.0,208394629.0
2017-06-09,160.07,167.6,159.6,165.45,6275782.0,220938659.0
2017-06-12,163.34,165.69,156.14,158.48,10153991.0,346641708.0
2017-06-13,157.03,165.45,156.79,160.26,8687541.0,298531867.0
2017-06-14,160.21,162.41,156.18,158.06,6363349.0,217443416.0
2017-06-15,158.29,162.41,153.75,162.41,6559255.0,221978500.0
2017-06-16,162.41,164.75,161.52,162.88,4245463.0,147856184.0
2017-06-19,162.97,168.87,162.97,168.77,5137721.0,182726387.0
2017-06-20,170.83,173.31,166.43,169.76,7951996.0,289313060.0
2017-06-21,170.83,173.97,168.54,171.63,6253876.0,230210347.0
2017-06-22,172.47,173.46,164.66,169.48,6535091.0,236716773.0
2017-06-23,168.03,171.68,166.34,171.16,4479113.0,162099281.0
2017-06-26,171.54,172.38,167.7,171.25,3798188.0,138312817.0
2017-06-27,171.58,175.51,169.9,173.03,4820526.0,178026616.0
2017-06-28,171.3,172.89,168.17,168.17,3527117.0,127936522.0
2017-06-29,168.96,169.29,164.38,165.87,5722991.0,202683372.0
2017-06-30,165.92,170.13,164.51,169.52,3739903.0,133904312.0
2017-07-03,168.87,168.91,162.55,163.06,8370875.0,293776530.0
2017-07-04,162.88,162.88,155.39,158.57,17021858.0,574095348.0
2017-07-05,157.82,166.06,156.6,164.61,8777446.0,304753425.0
2017-07-06,163.39,168.35,162.78,166.48,8008435.0,284078548.0
2017-07-07,165.64,167.28,160.44,160.63,6143850.0,213497171.0
2017-07-10,159.04,163.72,158.57,160.35,5458283.0,188447927.0
2017-07-11,159.6,162.22,156.84,157.73,3789338.0,129493222.0
2017-07-12,157.35,161.75,157.35,160.72,4751967.0,161829675.0
2017-07-13,160.54,160.54,145.14,148.6,18325956.0,592348227.0
2017-07-14,147.9,151.46,143.22,149.49,9683985.0,305701213.0
2017-07-17,146.96,151.74,141.81,146.03,7247869.0,227725465.0
2017-07-18,144.16,148.09,141.11,144.62,5361170.0,166171676.0
2017-07-19,144.62,158.57,144.62,157.54,10040073.0,330857055.0
2017-07-20,158.15,162.78,156.79,158.62,7088848.0,241926398.0
2017-07-21,158.1,166.15,156.84,161.57,7341385.0,256228149.0
2017-07-24,163.34,166.15,159.97,163.58,4778198.0,166774758.0
2017-07-25,163.58,167.09,160.58,161.71,4826126.0,168697730.0
2017-07-26,160.54,162.83,155.86,157.07,6283086.0,213065451.0
2017-07-27,159.6,166.15,157.07,165.59,6430866.0,223202878.0
2017-07-28,165.17,169.62,163.34,165.97,5373388.0,191600644.0
2017-07-31,168.45,170.27,167.09,167.51,6407820.0,231342970.0
2017-08-01,167.7,169.43,166.62,167.18,4334207.0,155271594.0
2017-08-02,170.83,178.74,169.62,172.24,8965785.0,332325741.0
2017-08-03,172.71,176.45,165.22,168.03,8366755.0,300859802.0
2017-08-04,166.15,169.9,164.33,166.81,4351722.0,154513836.0
2017-08-07,166.81,168.21,164.75,165.97,3247329.0,115268079.0
2017-08-08,165.97,167.84,161.52,167.65,5611081.0,196710053.0
2017-08-09,166.25,170.93,164.19,168.45,4921995.0,176729621.0
2017-08-10,167.79,179.26,166.85,177.01,10277483.0,383958224.0
2017-08-11,175.05,183.94,174.81,177.76,8820975.0,340412368.0
2017-08-14,180.19,195.55,177.9,193.67,11082561.0,446820693.0
2017-08-15,193.3,195.55,190.59,194.24,6809760.0,280744753.0
2017-08-16,193.96,194.24,187.92,191.24,6232651.0,254095321.0
2017-08-17,190.02,190.44,186.09,187.73,7037542.0,282422295.0
2017-08-18,187.26,189.56,183.14,183.47,6238241.0,246680890.0
2017-08-21,185.2,190.49,183.56,185.95,7851751.0,313748153.0
2017-08-22,186.14,188.81,183.19,183.47,4095987.0,162332299.0
2017-08-23,182.77,188.62,182.53,186.89,4134807.0,164436705.0
2017-08-24,187.59,188.24,179.21,181.46,7912444.0,308809418.0
2017-08-25,177.85,181.69,175.05,179.21,8941845.0,340775165.0
2017-08-28,179.54,189.09,179.54,185.16,10481676.0,411961400.0
2017-08-29,185.72,191.38,185.72,191.33,7376063.0,298656310.0
2017-08-30,193.3,197.04,187.22,194.7,7843413.0,326396920.0
2017-08-31,196.76,198.63,189.6,191.29,6220103.0,256077623.0
2017-09-01,191.66,196.86,190.96,196.44,6030899.0,250880524.0
2017-09-04,197.28,206.87,194.33,205.94,8718161.0,374660928.0
2017-09-05,197.09,203.6,192.36,194.7,20863264.0,874658628.0
2017-09-06,192.83,200.32,192.5,199.48,8376414.0,353494924.0
2017-09-07,199.9,203.83,195.08,199.85,5570325.0,237704729.0
2017-09-08,196.72,202.61,195.36,195.64,4560227.0,193500392.0
2017-09-11,195.59,195.64,181.13,187.78,16016816.0,637155565.0
2017-09-12,186.75,191.66,184.88,189.04,8431292.0,338845494.0
2017-09-13,190.49,190.68,182.53,185.91,6041153.0,239363774.0
2017-09-14,185.81,185.9,180.52,182.3,5095838.0,198919937.0
2017-09-15,182.21,187.31,181.5,185.11,5723652.0,226207973.0
2017-09-18,183.56,189.04,181.13,188.43,6330023.0,251084539.0
2017-09-19,187.22,188.25,181.27,183.47,6288553.0,245932472.0
2017-09-20,180.94,183.38,179.68,181.13,3439850.0,133300591.0
2017-09-21,181.13,181.13,176.12,176.12,5100580.0,193637343.0
2017-09-22,174.58,181.55,174.58,180.8,3916115.0,150060644.0
2017-09-25,180.57,180.57,171.02,172.0,6579907.0,245112794.0
2017-09-26,171.21,175.79,168.54,175.75,5953204.0,220169538.0
2017-09-27,175.33,186.23,175.09,184.64,6113033.0,238844469.0
2017-09-28,183.94,191.9,182.58,190.77,6600683.0,266667227.0
2017-09-29,190.96,191.15,187.26,190.3,4229298.0,170749216.0
2017-10-09,191.15,191.66,184.5,189.79,4691618.0,187946352.0
2017-10-10,187.92,189.56,184.31,185.62,4057624.0,161199598.0
2017-10-11,184.41,186.23,176.12,176.4,8345666.0,317968575.0
2017-10-12,176.68,181.37,176.68,178.79,3114367.0,119173710.0
2017-10-13,179.68,195.64,178.74,193.07,8579534.0,345286437.0
2017-10-16,194.24,196.34,188.01,193.44,6680065.0,276296132.0
2017-10-17,193.58,202.19,193.58,195.5,5691226.0,240747340.0
2017-10-18,193.53,202.66,193.53,200.32,4426288.0,188664889.0
2017-10-19,198.4,202.19,187.26,193.77,3876764.0,162978925.0
2017-10-20,187.22,193.3,184.13,188.38,7767392.0,311109023.0
2017-10-23,188.57,194.0,186.61,192.83,4770221.0,193695416.0
2017-10-24,192.36,197.75,187.73,196.34,4458621.0,185204117.0
2017-10-25,194.47,200.55,192.88,198.92,4060970.0,171397214.0
2017-10-26,197.75,200.32,192.93,194.75,4618593.0,193832600.0
2017-10-27,189.56,199.06,188.15,197.51,9886217.0,406780979.0
2017-10-30,200.32,207.85,197.98,203.32,10316270.0,448592091.0
2017-10-31,201.68,205.47,199.38,203.97,5435674.0,234330512.0
2017-11-01,205.24,205.24,194.24,196.95,6837445.0,288770586.0
2017-11-02,196.11,196.11,187.17,188.62,9759179.0,395604307.0
2017-11-03,189.56,191.85,180.19,182.53,9934315.0,396086181.0
2017-11-06,182.3,184.88,176.92,183.8,8004275.0,310743697.0
2017-11-07,183.19,183.8,178.09,182.21,8641303.0,333331779.0
2017-11-08,181.32,184.45,179.35,184.45,7806192.0,303670244.0
2017-11-09,184.08,185.58,179.03,182.35,6441060.0,249467816.0
2017-11-10,182.44,188.53,180.8,188.06,8696835.0,344967232.0
2017-11-13,188.06,188.81,169.24,171.68,21867276.0,832835714.0
2017-11-14,171.3,176.36,168.96,174.49,9964096.0,371464028.0
2017-11-15,173.17,174.02,158.2,164.33,13787965.0,488195575.0
2017-11-16,165.69,166.39,156.14,157.73,10261123.0,349873718.0
2017-11-17,159.13,159.6,150.47,151.93,12361884.0,407272977.0
2017-11-20,152.02,157.03,151.65,156.32,10399219.0,344338110.0
2017-11-21,156.28,157.54,144.16,150.75,17083841.0,548484234.0
2017-11-22,150.71,155.01,148.7,152.58,6804494.0,221560489.0
2017-11-23,156.79,160.35,153.09,154.45,9020449.0,300463825.0
2017-11-24,153.66,156.79,149.77,150.85,3915561.0,128308843.0
2017-11-27,152.39,153.7,144.91,150.43,5886500.0,187235402.0
2017-11-28,150.15,156.79,150.15,156.32,5842808.0,193060892.0
2017-11-29,156.23,156.79,144.16,146.87,12137174.0,383369914.0
2017-11-30,147.29,147.67,141.49,144.53,6591650.0,203280153.0
2017-12-01,144.16,147.29,142.66,145.51,3844540.0,119414413.0
2017-12-04,146.73,147.43,143.36,145.04,3970687.0,123703835.0
2017-12-05,144.53,145.79,139.48,143.69,5081297.0,155056598.0
2017-12-06,142.28,143.17,134.33,139.48,7408287.0,219966178.0
2017-12-07,139.66,139.66,132.97,134.19,8628027.0,248908580.0
2017-12-08,134.84,141.35,134.23,140.27,7292697.0,215438613.0
2017-12-11,142.24,142.24,136.39,138.03,7937977.0,235183636.0
2017-12-12,139.38,143.83,138.54,141.4,9534127.0,288607984.0
2017-12-13,142.24,144.95,139.8,140.83,6811023.0,206363327.0
2017-12-14,141.44,141.58,136.95,138.68,5054420.0,150348813.0
2017-12-15,138.68,139.38,135.82,139.24,3549193.0,104461945.0
2017-12-18,139.15,139.15,131.52,135.73,10347060.0,295872356.0
2017-12-19,134.56,136.57,131.33,132.88,7218108.0,205946428.0
2017-12-20,133.39,135.03,128.76,132.88,7076026.0,199565787.0
2017-12-21,132.92,139.8,131.61,137.09,8203314.0,238891558.0
2017-12-22,136.2,139.43,132.64,133.39,6459525.0,187301249.0
2017-12-25,133.11,134.23,120.05,120.75,14419095.0,383385961.0
2017-12-26,121.6,125.81,120.52,124.03,9428960.0,249299766.0
2017-12-27,124.97,127.63,121.74,124.08,8517614.0,227250913.0
2017-12-28,125.11,126.79,117.24,118.6,10496513.0,272807310.0
2017-12-29,120.29,122.81,119.35,122.11,9592670.0,248516181.0
2018-01-02,124.5,124.97,119.35,120.05,9871100.0,255079646.0
2018-01-03,121.5,125.2,120.38,124.64,10462894.0,274555666.0
2018-01-04,126.37,127.12,122.91,124.03,8179825.0,217798098.0
2018-01-05,124.08,124.73,118.51,119.63,12440709.0,320534393.0
2018-01-08,120.05,120.24,115.28,117.95,11389657.0,284908834.0
2018-01-09,118.69,119.16,113.08,114.2,13909570.0,343051912.0
2018-01-10,114.81,115.14,108.02,110.04,18585879.0,440296951.0
2018-01-11,109.94,113.45,108.12,112.24,18168291.0,431851340.0
2018-01-12,112.09,115.84,111.35,111.81,13469437.0,326455057.0
2018-01-15,111.39,112.66,105.22,106.06,13561887.0,312307253.0
2018-01-16,106.53,108.07,100.49,102.5,19523807.0,432587873.0
2018-01-17,102.69,112.33,100.58,110.97,26632315.0,609663976.0
2018-01-18,110.36,110.41,104.05,105.26,17112841.0,391212745.0
2018-01-19,105.96,108.73,105.03,107.46,14608811.0,333307466.0
2018-01-22,107.88,110.36,105.36,108.35,18431872.0,425777832.0
2018-01-23,108.58,109.01,105.59,106.01,13038368.0,296757959.0
2018-01-24,106.06,107.18,104.51,105.26,14809891.0,334776430.0
2018-01-25,105.73,109.61,104.98,105.82,19821109.0,452269010.0
2018-01-26,105.08,105.82,101.66,102.36,15533212.0,342983152.0
2018-01-29,102.88,105.5,100.72,103.86,14056179.0,309953693.0
2018-01-30,102.97,103.67,98.8,98.94,16493682.0,354901558.0
2018-01-31,97.35,98.57,93.8,96.46,14931951.0,306307043.0
2018-02-01,96.32,97.59,94.22,94.78,11418271.0,234328962.0
2018-02-02,95.39,98.94,93.84,96.88,15021200.0,311311803.0
2018-02-05,94.17,95.01,92.67,93.14,11340156.0,227130606.0
2018-02-06,91.27,94.03,88.46,89.25,11562859.0,225307993.0
2018-02-07,91.27,91.78,86.12,88.93,12870256.0,246039667.0
2018-02-08,89.11,93.19,88.83,92.62,12820615.0,250376485.0
2018-02-09,89.07,92.53,87.06,89.68,11794375.0,226923226.0
2018-02-12,91.22,93.8,90.19,92.81,10856634.0,213625767.0
2018-02-13,93.61,94.78,90.57,91.03,11969873.0,234955959.0
2018-02-14,91.36,91.36,87.2,87.85,11592567.0,218920246.0
2018-02-22,88.88,93.47,87.66,93.47,16256517.0,313950080.0
2018-02-23,93.61,94.31,91.74,92.67,12991454.0,257224574.0
2018-02-26,94.54,101.94,93.09,101.94,25769309.0,540532462.0
2018-02-27,105.31,112.14,104.37,108.4,49730809.0,1150275671.0
2018-02-28,107.23,111.25,106.25,108.3,34963121.0,813522689.0
2018-03-01,106.62,110.46,106.62,110.36,27132707.0,629506123.0
2018-03-02,109.52,114.44,108.49,111.21,30902757.0,737375678.0
2018-03-05,111.86,113.17,109.33,113.03,21410703.0,509375969.0
2018-03-06,114.2,114.9,111.02,111.72,23267440.0,558308078.0
2018-03-07,111.77,112.33,108.87,110.18,17289981.0,407953841.0
2018-03-08,110.64,110.69,108.54,110.22,13612444.0,318230874.0
2018-03-09,110.22,116.78,109.99,116.36,30956280.0,752164455.0
2018-03-12,117.48,121.46,116.64,118.46,27942920.0,708809781.0
2018-03-13,117.76,121.08,115.28,117.15,21002970.0,528303115.0
2018-03-14,116.21,119.77,115.65,116.78,16039451.0,402409720.0
2018-03-15,116.45,117.9,111.44,115.84,16791316.0,412405396.0
2018-03-16,115.51,116.64,111.86,112.19,12849293.0,312611665.0
2018-03-19,111.86,113.69,110.04,110.92,12046770.0,288145701.0
2018-03-20,109.19,112.24,108.91,111.81,10543012.0,249646547.0
2018-03-21,112.33,116.82,109.9,110.83,14593951.0,355421535.0
2018-03-22,110.83,113.12,109.15,110.5,9726296.0,230564258.0
2018-03-23,104.14,104.14,99.46,99.46,19191143.0,416369795.0
2018-03-26,91.78,95.15,89.54,94.4,23978389.0,472752489.0
2018-03-27,96.14,100.72,96.0,99.04,18703031.0,391125897.0
2018-03-28,95.9,97.35,93.33,93.61,17150765.0,349330702.0
2018-03-29,94.73,97.73,94.73,95.67,12820533.0,263190094.0
2018-03-30,96.46,97.82,94.64,97.12,14424088.0,297066687.0
2018-04-02,97.31,101.94,96.88,99.93,18623776.0,395899215.0
2018-04-03,97.12,97.73,95.01,96.18,13149395.0,271151256.0
2018-04-04,96.98,97.35,93.61,94.36,10167046.0,206073235.0
2018-04-09,93.51,94.31,89.68,92.11,10768394.0,211735990.0
2018-04-10,92.16,93.75,91.27,93.7,10648085.0,210622762.0
2018-04-11,94.64,97.17,94.22,94.87,12713333.0,259617939.0
2018-04-12,89.72,92.39,89.72,90.71,15832888.0,307632272.0
2018-04-13,90.89,91.92,89.63,89.77,9418024.0,182228669.0
2018-04-16,89.07,90.1,86.59,87.1,12818224.0,241388086.0
2018-04-17,87.01,89.68,84.9,85.89,15680275.0,293179022.0
2018-04-18,86.63,86.73,78.68,82.89,20034216.0,351801490.0
2018-04-19,82.84,84.43,82.42,83.73,11415697.0,203628906.0
2018-04-20,82.52,83.45,75.35,76.15,23925150.0,401445313.0
2018-04-23,76.15,77.93,74.09,75.36,15132439.0,245310290.0
2018-04-24,76.2,78.02,75.26,77.88,11881526.0,195721732.0
2018-04-25,77.88,82.98,77.32,82.14,20105016.0,346878741.0
2018-04-26,80.97,80.97,76.29,76.57,18598378.0,311720749.0
2018-04-27,77.46,80.6,77.23,79.57,15904252.0,268274963.0
2018-05-02,80.97,83.12,79.19,80.64,15140200.0,262357305.0
2018-05-03,81.25,88.69,80.6,88.69,29314390.0,530164648.0
2018-05-04,91.27,91.69,86.12,86.17,31388755.0,593380362.0
2018-05-07,86.78,87.8,84.53,86.82,23422383.0,432745682.0
2018-05-08,86.63,90.28,85.93,88.83,23957855.0,450841400.0
2018-05-09,87.99,89.82,87.1,88.13,16091841.0,304480408.0
2018-05-10,87.9,88.51,85.93,87.29,12734378.0,236482219.0
2018-05-11,87.57,87.8,85.23,85.56,9467339.0,174801018.0
2018-05-14,86.21,90.1,86.21,89.35,25061530.0,475197785.0
2018-05-15,90.1,90.14,87.1,88.55,16380178.0,308443950.0
2018-05-16,87.76,87.76,86.26,86.49,10717006.0,198798006.0
2018-05-17,85.7,86.92,85.14,85.28,8804600.0,161492144.0
2018-05-18,85.61,87.43,85.14,87.1,10169470.0,188179325.0
2018-05-21,89.4,93.56,88.41,91.83,25910604.0,504398696.0
2018-05-22,90.99,93.09,90.43,92.58,15503665.0,304422206.0
2018-05-23,92.53,92.53,90.61,90.8,10731339.0,209324746.0
2018-05-24,90.71,95.11,90.71,91.64,15806252.0,314563309.0
2018-05-25,91.17,91.17,89.02,89.3,9958380.0,190886648.0
2018-05-28,89.68,91.83,88.04,89.96,9049334.0,174343521.0
2018-05-29,89.44,91.03,88.51,89.26,7098399.0,136037793.0
2018-05-30,85.14,85.14,80.32,80.32,15516916.0,274034809.0
2018-05-31,82.0,82.66,79.15,81.35,9556550.0,165784120.0
2018-06-01,80.41,81.3,78.86,79.85,6787746.0,116019924.0
2018-06-04,80.88,81.3,79.61,79.75,5800140.0,99842797.0
2018-06-05,80.32,87.71,80.32,87.71,20301831.0,369499327.0
2018-06-06,89.86,95.48,88.93,92.25,34253351.0,666715090.0
2018-06-07,92.67,95.06,91.88,93.94,26539227.0,530463519.0
2018-06-08,94.87,97.73,91.88,94.59,30052934.0,609097245.0
2018-06-11,93.98,99.18,92.58,97.12,29141285.0,602479151.0
2018-06-12,96.79,99.18,91.74,96.65,25453073.0,522593921.0
2018-06-13,95.86,95.95,92.86,93.37,15858482.0,318316966.0
2018-06-14,93.42,95.01,91.27,92.16,15617381.0,309858051.0
2018-06-15,91.74,93.62,90.84,91.78,13715267.0,269550313.0
2018-06-19,83.74,86.33,82.61,82.61,12894284.0,229774453.0
2018-06-20,78.66,81.67,75.41,79.27,20287019.0,340369203.0
2018-06-21,80.44,81.86,77.06,77.34,16964245.0,285264037.0
2018-06-22,75.41,79.79,71.98,78.05,13850817.0,225479393.0
2018-06-25,78.94,78.94,75.22,75.27,10863381.0,177917961.0
2018-06-26,72.59,78.0,72.59,77.06,10884615.0,175814383.0
2018-06-27,77.25,78.47,74.71,75.65,10217528.0,166356692.0
2018-06-28,76.07,80.92,76.07,78.56,17261335.0,290346569.0
2018-06-29,77.62,81.57,77.15,80.92,16163247.0,275147243.0
2018-07-02,80.21,81.25,76.96,78.28,12451630.0,209549474.0
2018-07-03,79.03,83.69,78.28,82.56,18874654.0,325799086.0
2018-07-04,81.62,81.67,78.52,80.02,13065958.0,222468729.0
2018-07-05,79.5,79.88,73.95,74.8,13295463.0,217027179.0
2018-07-06,75.27,79.03,74.52,76.92,13619497.0,222470684.0
2018-07-09,77.95,81.25,77.95,79.88,12609653.0,214015525.0
2018-07-10,80.12,81.58,79.46,80.82,11314876.0,193301014.0
2018-07-11,79.27,80.44,76.54,78.8,11970976.0,200646752.0
2018-07-12,79.5,86.7,79.5,86.7,18976745.0,339780014.0
2018-07-13,89.38,93.19,88.63,90.61,34859920.0,671500834.0
2018-07-16,89.81,92.11,89.43,90.75,18313392.0,353000274.0
2018-07-17,90.09,91.27,87.69,90.18,14284924.0,272045330.0
2018-07-18,90.51,91.27,86.89,87.27,16497593.0,309656956.0
2018-07-19,88.07,88.3,85.67,86.7,10188495.0,188252620.0
2018-07-20,86.47,88.4,85.86,88.3,13244671.0,246908065.0
2018-07-23,88.21,90.14,86.66,89.53,13250432.0,250399963.0
2018-07-24,89.85,90.8,88.3,89.85,12047128.0,229607645.0
2018-07-25,91.74,94.94,90.94,94.84,27082253.0,536840681.0
2018-07-26,92.3,93.33,87.78,88.44,19631834.0,379659212.0
2018-07-27,88.44,89.62,86.56,88.72,8827760.0,165110303.0
2018-07-30,88.44,89.1,86.23,86.7,6839018.0,126650194.0
2018-07-31,87.08,88.72,86.23,87.22,6140295.0,114339967.0
2018-08-01,88.68,89.29,83.74,84.49,9474799.0,174941270.0
2018-08-02,83.55,84.4,77.67,80.02,14148112.0,242170238.0
2018-08-03,81.06,81.76,79.5,79.5,7881064.0,134884877.0
2018-08-06,79.41,79.74,76.35,77.67,7539481.0,124922338.0
2018-08-07,78.14,82.23,78.09,81.9,10214592.0,174276461.0
2018-08-08,81.48,81.95,80.21,80.59,7274958.0,125078634.0
2018-08-09,80.68,84.44,80.12,82.8,11303525.0,199891027.0
2018-08-10,82.33,83.74,81.43,83.08,7273288.0,127605767.0
2018-08-13,81.15,84.21,80.82,83.74,7365640.0,129213784.0
2018-08-14,83.13,84.11,82.33,83.08,5470205.0,96660050.0
2018-08-15,82.8,82.8,79.69,80.44,7277820.0,125057935.0
2018-08-16,78.66,81.29,78.14,79.32,6474394.0,109634804.0
2018-08-17,80.4,81.29,77.25,77.76,6671550.0,112442955.0
2018-08-20,73.95,76.02,71.51,74.33,14888202.0,232570514.0
2018-08-21,74.42,74.71,71.08,73.44,11374722.0,176139259.0
2018-08-22,73.34,73.34,66.85,68.26,18343304.0,272061854.0
2018-08-23,68.5,69.81,66.9,69.16,14368598.0,209472381.0
2018-08-24,68.5,69.86,68.31,68.73,8682085.0,127432583.0
2018-08-27,69.16,71.6,69.16,70.94,10939515.0,164219900.0
2018-08-28,71.32,71.32,70.24,70.89,7806698.0,117357863.0
2018-08-29,71.04,72.21,70.33,71.04,8601441.0,130275152.0
2018-08-30,70.42,71.22,68.73,68.73,7633629.0,112881759.0
2018-08-31,68.21,69.62,68.03,68.5,6650065.0,97384798.0
2018-09-03,68.17,71.08,68.17,70.99,11454623.0,171080320.0
2018-09-04,71.22,71.22,69.53,70.85,10380568.0,155370656.0
2018-09-05,70.57,70.9,68.68,68.73,7796709.0,115356403.0
2018-09-06,68.03,69.67,68.03,68.97,6073213.0,89173133.0
2018-09-07,68.68,70.47,68.31,68.83,7333686.0,108180097.0
2018-09-10,68.21,68.21,63.09,63.09,12492879.0,171040564.0
2018-09-11,63.04,64.64,62.99,63.98,6652467.0,90196871.0
2018-09-12,63.7,64.97,63.56,64.5,7741608.0,105573928.0
2018-09-13,66.47,66.8,63.27,64.69,9922705.0,136852445.0
2018-09-14,64.97,65.06,61.77,63.37,9392407.0,126479049.0
2018-09-17,62.8,62.8,60.83,61.16,6982497.0,91331933.0
2018-09-18,60.59,62.29,60.31,61.86,8269886.0,107781791.0
2018-09-19,61.82,63.13,60.59,62.24,9605071.0,126405514.0
2018-09-20,62.57,63.37,62.1,62.29,7805257.0,103792578.0
2018-09-21,62.48,64.83,62.0,64.26,10682308.0,143907484.0
2018-09-25,64.45,65.34,63.84,64.31,8892307.0,121973648.0
2018-09-26,64.69,65.06,63.56,64.31,6308628.0,86188747.0
2018-09-27,64.12,64.26,61.96,62.0,7825483.0,104612854.0
2018-09-28,62.48,62.9,61.82,62.62,6938688.0,92087998.0
2018-10-08,60.55,60.88,57.77,58.1,9315993.0,118020451.0
2018-10-09,58.43,59.04,57.3,58.01,6527447.0,80780979.0
2018-10-10,58.15,58.57,57.44,58.01,5846739.0,72189618.0
2018-10-11,55.04,55.04,52.22,52.22,13110259.0,147867827.0
2018-10-12,50.85,51.42,47.94,50.24,13402284.0,141885789.0
2018-10-15,50.1,51.04,49.11,49.54,8556340.0,91432757.0
2018-10-16,49.96,50.95,48.55,48.88,7842684.0,82773952.0
2018-10-17,49.96,51.23,48.97,51.23,12033748.0,128497459.0
2018-10-18,50.52,51.37,49.54,49.68,9194218.0,98461236.0
2018-10-19,48.45,51.89,48.22,51.56,13320354.0,143971330.0
2018-10-22,52.45,55.84,51.89,54.81,16453009.0,188397800.0
2018-10-23,54.43,54.85,51.56,52.41,15128456.0,170845556.0
2018-10-24,52.31,53.07,51.66,52.03,9031838.0,100414342.0
2018-10-25,49.63,51.28,48.93,51.04,11425856.0,121188599.0
2018-10-26,51.7,52.45,50.71,51.42,8353124.0,91550828.0
2018-10-29,50.95,53.87,50.95,51.98,12033542.0,134153150.0
2018-10-30,52.08,57.21,51.84,57.21,18739278.0,218081322.0
2018-10-31,58.76,58.76,56.17,56.83,24847526.0,302335375.0
2018-11-01,56.92,58.01,56.03,56.12,19860006.0,241454853.0
2018-11-02,57.77,60.17,57.02,59.89,28625122.0,356968566.0
2018-11-05,59.37,59.37,57.02,58.24,22347387.0,276286260.0
2018-11-06,57.39,57.72,56.59,57.63,10567169.0,128456356.0
2018-11-07,57.39,58.29,57.25,57.25,10705513.0,131552220.0
2018-11-08,57.96,58.24,56.27,56.27,8605987.0,104495467.0
2018-11-09,55.65,56.97,55.18,56.17,6505336.0,77831790.0
2018-11-12,55.98,58.9,55.98,58.85,13662530.0,168478714.0
2018-11-13,57.68,59.09,57.21,58.95,15987353.0,197813046.0
