2011-12-22,17.22,19.98,16.88,19.23,14681680.0,268745280.0
2011-12-23,18.05,19.29,17.76,17.87,9649660.0,177649152.0
2011-12-26,17.26,17.7,17.05,17.39,4704547.0,81663008.0
2011-12-27,17.1,17.21,15.65,15.65,5923116.0,95800464.0
2011-12-28,15.11,15.45,14.92,15.37,3303101.0,50117968.0
2011-12-29,15.1,15.88,15.07,15.4,3082549.0,47928808.0
2011-12-30,15.38,15.88,15.32,15.6,2860168.0,44737704.0
2012-01-04,15.72,15.99,14.88,14.88,2764000.0,42840112.0
2012-01-05,14.65,14.65,13.74,13.81,2771736.0,39208976.0
2012-01-06,13.88,14.39,13.73,14.19,1583641.0,22212312.0
2012-01-09,14.08,15.18,13.9,15.07,3053131.0,44556128.0
2012-01-10,14.97,15.87,14.81,15.69,3241175.0,50037660.0
2012-01-11,15.6,15.85,15.38,15.52,2586740.0,40187940.0
2012-01-12,15.44,15.7,15.19,15.38,2090653.0,32281252.0
2012-01-13,15.3,15.68,14.62,15.02,2251915.0,34205064.0
2012-01-16,14.69,14.84,14.2,14.2,1335004.0,19326242.0
2012-01-17,14.14,15.31,14.14,15.13,1745917.0,25707752.0
2012-01-18,15.0,15.67,14.85,14.97,2370509.0,36059308.0
2012-01-19,14.99,15.47,14.76,15.14,1418899.0,21436568.0
2012-01-20,15.23,15.68,15.22,15.68,2199337.0,34135020.0
2012-01-30,15.5,15.75,15.32,15.45,1516743.0,23536258.0
2012-01-31,15.4,16.47,15.28,16.0,3390117.0,54150548.0
2012-02-01,15.8,16.17,15.66,15.77,2066881.0,32795470.0
2012-02-02,15.73,15.96,15.47,15.92,1499234.0,23635566.0
2012-02-03,15.86,16.13,15.71,16.04,1782237.0,28463334.0
2012-02-06,16.01,16.07,15.81,16.06,1686448.0,26862056.0
2012-02-07,16.01,16.01,15.42,15.55,1304609.0,20365466.0
2012-02-08,15.5,15.94,15.42,15.88,1324314.0,20849228.0
2012-02-09,15.88,16.33,15.79,15.96,2127547.0,34247108.0
2012-02-10,15.9,16.82,15.9,16.59,3215624.0,52842868.0
2012-02-13,16.35,17.02,16.29,16.73,2797494.0,46936808.0
2012-02-14,16.7,16.87,16.5,16.81,1656155.0,27624168.0
2012-02-15,16.75,16.97,16.63,16.84,1581484.0,26579954.0
2012-02-16,16.82,17.25,16.7,17.08,2039838.0,34715432.0
2012-02-17,17.13,17.16,16.65,16.86,1262958.0,21320518.0
2012-02-20,17.01,17.4,16.83,17.04,1707488.0,29214570.0
2012-02-21,16.96,17.3,16.7,17.27,1821383.0,30998110.0
2012-02-22,17.26,17.6,17.11,17.53,1551785.0,27045444.0
2012-02-23,17.5,18.8,17.45,17.98,2583641.0,46795352.0
2012-02-24,17.79,18.34,17.58,18.03,1687671.0,30279368.0
2012-02-27,17.7,18.2,17.51,17.85,2389629.0,42535768.0
2012-02-28,17.73,19.58,17.43,19.58,4397781.0,81107008.0
2012-02-29,19.1,19.1,18.54,18.7,2460776.0,46433752.0
2012-03-01,18.73,19.74,18.66,18.8,2561450.0,49095812.0
2012-03-02,18.68,19.18,18.58,18.84,2141490.0,40382700.0
2012-03-05,18.94,20.58,18.71,20.05,3545914.0,69383184.0
2012-03-06,19.8,20.92,19.58,20.13,3499225.0,70714368.0
2012-03-07,19.85,20.35,19.66,19.77,1975683.0,39415128.0
2012-03-08,19.77,20.29,19.77,20.05,1481275.0,29648966.0
2012-03-09,20.1,21.0,19.9,20.78,2482659.0,50392004.0
2012-03-12,20.7,20.74,20.18,20.48,1693315.0,34595964.0
2012-03-13,20.4,20.58,19.82,20.35,2209310.0,44637416.0
2012-03-14,20.4,20.66,18.7,19.02,2759089.0,54590172.0
2012-03-15,18.9,19.1,18.0,18.57,1922968.0,35570436.0
2012-03-16,18.6,19.48,18.42,19.33,2161720.0,40921676.0
2012-03-19,19.1,19.26,18.7,19.12,1285432.0,24410442.0
2012-03-20,18.93,19.0,17.95,18.08,1707412.0,31368182.0
2012-03-21,18.28,18.34,17.53,18.18,1525125.0,27316022.0
2012-03-22,18.12,18.88,17.72,18.85,5181214.0,95817176.0
2012-03-23,18.5,18.75,17.95,18.39,2350903.0,42925368.0
2012-03-26,18.35,18.49,17.76,18.18,2061697.0,37395428.0
2012-03-27,18.36,18.36,17.7,17.72,1453144.0,26099564.0
2012-03-28,17.72,17.72,16.47,16.61,1730235.0,29243742.0
2012-03-29,16.55,16.6,15.76,16.05,1405254.0,22661624.0
2012-03-30,16.11,16.29,15.62,15.8,958592.0,15243966.0
2012-04-05,15.81,16.39,15.58,16.28,1184980.0,19100890.0
2012-04-06,16.28,16.67,16.15,16.44,1049802.0,17270902.0
2012-04-09,16.45,16.63,16.2,16.37,649900.0,10688986.0
2012-04-10,15.98,16.42,15.82,16.42,1268046.0,20390720.0
2012-04-11,16.34,16.62,16.15,16.51,1167677.0,19155456.0
2012-04-12,16.58,16.86,16.58,16.81,1322037.0,22148598.0
2012-04-13,16.85,16.99,16.7,16.82,1139788.0,19143796.0
2012-04-16,16.7,16.77,16.42,16.5,941015.0,15575369.0
2012-04-17,16.44,16.75,16.41,16.42,957350.0,15877775.0
2012-04-18,16.33,16.64,15.78,16.64,2611308.0,42343064.0
2012-04-19,16.5,16.6,16.23,16.43,1253669.0,20582902.0
2012-04-20,16.36,16.78,16.29,16.66,1507484.0,25054874.0
2012-04-23,16.67,16.68,15.91,16.01,1481131.0,24240350.0
2012-04-24,15.9,16.06,14.95,15.36,1452994.0,22541318.0
2012-04-25,15.3,15.56,15.21,15.5,860037.0,13304655.0
2012-04-26,15.55,15.65,15.33,15.57,619457.0,9615982.0
2012-04-27,15.57,15.87,15.36,15.73,918284.0,14377703.0
2012-05-02,15.81,15.88,15.6,15.79,891987.0,14053512.0
2012-05-03,15.79,16.2,15.67,16.16,1209954.0,19294904.0
2012-05-04,16.13,16.76,15.93,16.51,1878221.0,30785712.0
2012-05-07,16.4,16.5,16.25,16.46,1059443.0,17330784.0
2012-05-09,16.3,16.3,15.89,15.91,901279.0,14485737.0
2012-05-10,15.85,16.21,15.85,16.02,774001.0,12449487.0
2012-05-11,16.02,16.57,16.02,16.45,1480027.0,24201932.0
2012-05-14,16.55,17.26,16.36,16.95,2434563.0,41156560.0
2012-05-15,16.75,16.76,16.5,16.7,1150493.0,19120806.0
2012-05-16,16.57,16.95,16.45,16.49,832386.0,13864410.0
2012-05-17,16.48,16.94,16.48,16.85,1156654.0,19365094.0
2012-05-18,16.75,16.75,16.25,16.34,949565.0,15611294.0
2012-05-21,16.34,16.45,15.94,16.11,656912.0,10577266.0
2012-05-22,16.2,16.36,16.13,16.33,654388.0,10662719.0
2012-05-23,16.18,16.3,15.88,16.05,733228.0,11784711.0
2012-05-24,16.1,16.12,15.95,15.97,416563.0,6675656.0
2012-05-25,15.94,16.08,15.31,15.36,943418.0,14726267.0
2012-05-28,15.06,15.26,14.73,15.23,1029914.0,15428896.0
2012-05-29,15.25,15.64,15.25,15.55,676672.0,10473044.0
2012-05-30,15.56,15.84,15.56,15.7,544713.0,8542861.0
2012-05-31,15.38,16.0,15.38,15.87,638814.0,10133258.0
2012-06-01,15.86,16.15,15.82,15.87,467991.0,7481159.0
2012-06-04,15.75,16.73,15.6,16.12,1664611.0,27029568.0
2012-06-05,15.98,16.4,15.85,16.12,1086313.0,17498684.0
2012-06-06,16.54,16.54,15.79,15.93,846047.0,12363228.0
2012-06-07,16.04,16.18,15.84,15.9,547349.0,7930892.0
2012-06-08,15.99,16.01,15.59,15.61,605275.0,8622579.0
2012-06-11,15.54,15.96,15.54,15.94,493498.0,7075012.0
2012-06-12,15.83,16.43,15.74,16.21,894471.0,13129143.0
2012-06-13,16.22,16.43,16.09,16.39,998059.0,14727302.0
2012-06-14,16.37,16.6,16.16,16.25,864674.0,12861821.0
2012-06-15,16.27,17.87,16.27,17.87,4020121.0,63897816.0
2012-06-18,18.16,19.66,17.88,19.66,9398940.0,161158240.0
2012-06-19,19.11,21.44,18.8,19.86,9276701.0,168268240.0
2012-06-20,19.62,19.71,19.0,19.18,4915437.0,86093104.0
2012-06-21,19.18,20.15,19.07,19.48,5665757.0,100736568.0
2012-06-25,19.19,20.9,18.86,20.31,6625454.0,121380880.0
2012-06-26,19.62,20.86,18.92,20.86,5240557.0,93739672.0
2012-06-27,20.84,21.55,19.84,19.84,6436610.0,120699728.0
2012-06-28,19.33,20.05,19.3,19.43,3864704.0,68637824.0
2012-06-29,19.07,20.01,19.02,19.76,3535459.0,63058088.0
2012-07-02,19.58,21.05,19.58,20.62,4964776.0,92275264.0
2012-07-03,20.43,20.73,19.97,20.4,4091768.0,75190096.0
2012-07-04,20.22,21.31,19.95,21.15,6444388.0,121374944.0
2012-07-05,20.95,20.95,19.4,19.46,4466236.0,81894528.0
2012-07-06,19.27,20.23,19.13,19.86,3565662.0,63569900.0
2012-07-09,19.64,20.84,19.52,20.21,4170990.0,76616992.0
2012-07-10,19.87,19.99,18.19,18.19,4061113.0,69811672.0
2012-07-11,17.85,18.47,17.59,18.37,1955328.0,32007330.0
2012-07-12,18.36,19.2,18.14,18.97,2601880.0,44647608.0
2012-07-13,18.75,20.41,18.74,19.99,4153543.0,75179392.0
2012-07-16,19.9,20.39,19.4,19.47,2904980.0,52504552.0
2012-07-17,19.29,19.64,18.26,19.02,1897858.0,32490192.0
2012-07-18,18.96,19.07,18.28,19.07,1584108.0,26781264.0
2012-07-19,18.92,19.45,18.73,19.24,1781926.0,30934798.0
2012-07-20,19.25,19.72,18.62,18.74,1529132.0,26624370.0
2012-07-23,18.59,18.59,18.0,18.41,1197382.0,19854168.0
2012-07-24,18.23,18.91,18.03,18.74,1247008.0,21094414.0
2012-07-25,18.6,18.8,18.36,18.39,1032129.0,17359612.0
2012-07-26,18.39,18.83,18.25,18.6,1109559.0,18693122.0
2012-07-27,18.72,19.26,18.54,18.63,1726075.0,29596946.0
2012-07-30,18.74,18.74,17.71,17.76,1147849.0,18879252.0
2012-07-31,17.52,17.56,16.57,16.74,1278520.0,19656000.0
2012-08-01,16.73,17.18,16.57,17.14,851393.0,13173503.0
2012-08-02,17.24,17.77,17.03,17.6,1083771.0,17199902.0
2012-08-03,17.62,17.72,17.31,17.65,867189.0,13778895.0
2012-08-06,17.45,18.0,17.39,17.84,1262255.0,20231330.0
2012-08-07,17.8,17.94,17.53,17.86,1285095.0,20625048.0
2012-08-08,17.86,17.95,17.32,17.47,1093086.0,17386980.0
2012-08-09,17.48,18.16,17.29,18.06,1911166.0,30772660.0
2012-08-10,18.03,18.14,17.73,17.83,1011675.0,16425617.0
2012-08-13,17.84,18.31,17.75,17.87,1587387.0,25988066.0
2012-08-14,17.8,17.96,17.31,17.77,1177863.0,18771592.0
2012-08-15,17.64,17.91,17.56,17.6,580459.0,9329871.0
2012-08-16,17.59,17.77,17.39,17.42,674598.0,10753369.0
2012-08-17,17.42,17.59,17.23,17.34,415587.0,6549066.0
2012-08-20,17.21,17.6,17.09,17.56,526076.0,8299030.0
2012-08-21,17.56,18.12,17.51,17.89,1007431.0,16381900.0
2012-08-22,17.84,18.29,17.79,17.95,1125520.0,18391316.0
2012-08-23,17.91,18.12,17.7,18.03,742819.0,12063139.0
2012-08-24,18.12,18.12,17.57,17.59,782616.0,12634666.0
2012-08-27,17.41,17.41,16.59,17.12,637988.0,9898662.0
2012-08-28,17.16,17.52,17.12,17.19,454260.0,7141079.0
2012-08-29,17.13,17.4,16.9,17.17,421519.0,6583002.0
2012-08-30,17.21,17.22,16.32,16.54,862531.0,13070451.0
2012-08-31,16.54,16.75,16.48,16.65,299576.0,4513359.0
2012-09-03,16.62,17.05,16.55,16.95,410613.0,6285436.0
2012-09-04,16.92,17.34,16.92,16.95,513361.0,7980439.0
2012-09-05,16.91,17.25,16.79,17.1,533021.0,8240138.0
2012-09-06,17.25,17.42,16.97,17.12,654007.0,10159531.0
2012-09-07,17.36,17.91,17.28,17.76,1371564.0,21970826.0
2012-09-10,17.75,18.08,17.61,17.9,949823.0,15393471.0
2012-09-11,17.86,17.9,17.62,17.83,968227.0,15616209.0
2012-09-12,17.99,18.02,17.59,17.84,943379.0,15174271.0
2012-09-13,17.82,17.91,17.64,17.67,790164.0,12729024.0
2012-09-14,18.03,19.44,18.03,19.44,5634569.0,98046984.0
2012-09-17,19.84,19.84,18.54,18.69,3832801.0,66655428.0
2012-09-18,18.61,20.52,18.59,19.6,4355051.0,77241624.0
2012-09-19,19.62,19.67,19.08,19.46,2185154.0,38394212.0
2012-09-20,19.33,19.56,18.41,18.59,2301579.0,39318652.0
2012-09-21,18.53,18.71,18.11,18.14,1384969.0,23089368.0
2012-09-24,17.86,18.58,17.8,18.19,1334346.0,22035914.0
2012-09-25,18.0,19.32,18.0,19.13,2495047.0,42568076.0
2012-09-26,18.96,19.4,18.31,18.39,1471517.0,25065264.0
2012-09-27,18.31,19.84,18.31,19.35,2584934.0,45007496.0
2012-09-28,19.35,19.81,19.12,19.41,1944237.0,34293280.0
2012-10-08,19.45,20.01,19.35,19.79,1814518.0,32467240.0
2012-10-09,19.79,19.92,19.52,19.68,2403329.0,42984408.0
2012-10-10,19.61,19.93,19.29,19.58,1907823.0,33799776.0
2012-10-11,19.43,19.51,18.97,19.12,1388772.0,24261216.0
2012-10-12,19.11,19.36,19.02,19.3,941295.0,16403949.0
2012-10-15,19.3,19.73,19.07,19.72,1836444.0,32591484.0
2012-10-16,19.66,21.44,19.57,20.53,3864231.0,72206544.0
2012-10-17,20.41,20.67,20.19,20.57,1593543.0,29525320.0
2012-10-18,20.56,21.1,20.34,20.56,1928989.0,36174832.0
2012-10-19,20.42,20.69,19.84,20.13,1553701.0,28447562.0
2012-10-22,20.04,20.67,19.98,20.64,1356703.0,25121386.0
2012-10-23,20.68,20.68,19.62,19.68,1538043.0,27978684.0
2012-10-24,19.49,19.78,19.15,19.15,1173821.0,20734554.0
2012-10-25,19.23,19.3,19.05,19.13,730381.0,12705873.0
2012-10-26,19.09,19.29,18.48,18.62,990380.0,16887880.0
2012-10-29,18.53,19.18,18.42,19.16,759872.0,12990945.0
2012-10-30,19.09,19.28,18.9,18.93,593905.0,10284400.0
2012-10-31,18.83,19.19,18.81,19.0,458940.0,7909258.0
2012-11-01,19.02,19.4,19.02,19.29,764270.0,13334598.0
2012-11-02,19.29,19.6,19.11,19.35,700407.0,12307788.0
2012-11-05,19.29,19.45,19.13,19.3,467424.0,8161905.0
2012-11-06,19.23,19.35,18.81,19.23,573208.0,9901336.0
2012-11-07,19.25,19.34,19.03,19.13,395751.0,6876842.0
2012-11-08,18.94,19.07,18.36,18.4,823813.0,13964270.0
2012-11-09,18.34,18.55,18.19,18.29,488976.0,8139403.0
2012-11-12,18.23,18.8,18.21,18.63,637816.0,10702482.0
2012-11-13,18.7,18.72,18.26,18.5,491680.0,8248689.0
2012-11-14,18.51,18.94,18.47,18.94,655321.0,11178792.0
2012-11-15,18.92,19.26,18.74,18.74,634372.0,10943848.0
2012-11-16,18.64,18.84,18.22,18.5,439248.0,7393374.0
2012-11-19,18.28,18.58,17.76,18.09,675796.0,11089925.0
2012-11-20,18.23,18.3,18.11,18.16,343250.0,5674858.0
2012-11-21,18.26,18.41,17.89,18.31,348579.0,5751406.0
2012-11-22,18.31,18.31,18.09,18.14,245756.0,4057850.0
2012-11-23,18.18,18.51,18.09,18.23,476683.0,7935052.0
2012-11-26,18.18,18.25,17.77,17.95,484806.0,7893578.0
2012-11-27,17.94,17.94,17.2,17.27,504305.0,8016858.0
2012-11-28,17.27,17.46,16.76,16.8,359219.0,5530022.0
2012-11-29,17.07,17.07,16.21,16.26,400216.0,6046056.0
2012-11-30,16.3,16.76,16.3,16.57,356196.0,5356200.0
2012-12-03,16.55,16.75,16.02,16.09,254555.0,3796110.0
2012-12-04,16.05,16.26,15.61,16.21,438500.0,6327822.0
2012-12-05,16.14,17.0,16.13,16.82,589110.0,8954621.0
2012-12-06,16.76,16.99,16.68,16.82,332485.0,5073338.0
2012-12-07,16.7,17.28,16.7,17.12,510240.0,7903183.0
2012-12-10,17.25,17.45,16.93,17.39,671258.0,10483470.0
2012-12-11,17.24,17.34,16.88,17.14,601187.0,9324499.0
2012-12-12,17.0,17.2,16.81,16.96,498930.0,7668234.0
2012-12-13,17.11,18.17,17.01,17.16,1166088.0,18524070.0
2012-12-14,16.98,17.84,16.95,17.73,892393.0,14226127.0
2012-12-17,17.65,17.93,17.64,17.72,588313.0,9466430.0
2012-12-18,17.68,18.0,17.68,17.73,545926.0,8827271.0
2012-12-19,17.72,17.72,17.34,17.62,502483.0,8003737.0
2012-12-20,17.48,18.03,17.33,17.99,697968.0,11288769.0
2012-12-21,17.97,18.29,17.87,18.21,815205.0,13404266.0
2012-12-24,18.41,20.03,18.4,19.28,2040166.0,35781912.0
2012-12-25,19.3,20.07,19.28,19.48,1749096.0,31169338.0
2012-12-26,19.35,20.0,19.29,19.92,1697631.0,30338700.0
2012-12-27,20.0,20.09,19.38,19.47,1393338.0,24845722.0
2012-12-28,19.5,19.95,19.33,19.81,1267945.0,22637482.0
2012-12-31,19.84,19.92,19.41,19.62,776002.0,13823738.0
2013-01-04,19.68,19.92,19.13,19.3,843829.0,14923720.0
2013-01-07,19.24,19.78,19.24,19.7,1109075.0,19695178.0
2013-01-08,19.75,20.36,19.61,20.04,1665490.0,30321162.0
2013-01-09,19.86,19.95,19.44,19.61,1262385.0,22530898.0
2013-01-10,19.52,19.8,19.45,19.58,562173.0,10001452.0
2013-01-11,19.44,20.29,19.44,19.78,1436564.0,25854100.0
2013-01-14,20.04,21.75,19.87,21.75,2741125.0,52524304.0
2013-01-15,23.04,23.66,22.55,23.23,4946288.0,103523696.0
2013-01-16,23.11,23.41,22.45,22.96,3049152.0,63271432.0
2013-01-17,22.96,22.96,22.06,22.34,2074045.0,42078720.0
2013-01-18,22.27,22.9,22.27,22.44,1565267.0,32089306.0
2013-01-21,22.45,22.66,22.17,22.4,1484416.0,30239280.0
2013-01-22,22.27,24.23,22.27,22.73,3259375.0,68868984.0
2013-01-23,22.16,22.48,21.71,22.11,1882340.0,37630432.0
2013-01-24,22.11,22.44,20.97,21.28,2149744.0,42246492.0
2013-01-25,21.17,21.88,21.07,21.51,1168135.0,22874802.0
2013-01-28,21.51,22.6,21.33,22.56,1813719.0,36615948.0
2013-01-29,22.49,22.8,22.27,22.37,1205298.0,24517108.0
2013-01-30,22.38,22.59,21.72,22.03,1177646.0,23599422.0
2013-01-31,22.03,22.16,21.39,21.88,1019266.0,19993190.0
2013-02-01,21.61,22.3,21.61,21.94,839365.0,16732998.0
2013-02-04,21.95,22.26,21.39,21.7,849392.0,16779070.0
2013-02-05,21.66,21.92,21.07,21.88,780937.0,15215957.0
2013-02-06,21.82,22.49,21.64,22.47,1050165.0,21075302.0
2013-02-07,22.39,22.58,21.97,22.26,580117.0,11706299.0
2013-02-08,22.26,22.94,22.05,22.75,1150311.0,23573244.0
2013-02-18,22.83,23.21,22.56,23.06,1207855.0,25059570.0
2013-02-19,23.06,23.31,22.37,22.37,960935.0,19740840.0
2013-02-20,22.36,23.32,22.16,23.21,1312406.0,27305896.0
2013-02-21,23.15,23.15,22.4,22.74,1026058.0,21223016.0
2013-02-22,22.71,23.04,22.17,22.25,916328.0,18679724.0
2013-02-25,22.06,22.54,21.97,22.5,745789.0,15079284.0
2013-02-26,22.16,22.69,21.66,21.66,1033399.0,20773058.0
2013-02-27,21.5,21.93,21.07,21.27,1037226.0,20134624.0
2013-02-28,21.5,21.68,21.07,21.64,728706.0,14166312.0
2013-03-01,21.53,22.71,21.53,22.68,1596052.0,32300916.0
2013-03-04,22.25,23.53,21.95,22.38,1956620.0,40480400.0
2013-03-05,22.44,23.24,22.05,23.17,1651503.0,34018692.0
2013-03-06,23.48,24.09,22.61,24.08,1933794.0,41368132.0
2013-03-07,24.14,24.22,22.99,23.32,1476924.0,31464602.0
2013-03-08,23.26,23.37,22.61,23.05,763182.0,15856046.0
2013-03-11,23.04,24.2,22.83,23.86,1389488.0,29994684.0
2013-03-12,23.79,24.44,22.62,23.13,1557893.0,33275204.0
2013-03-13,22.98,22.98,22.16,22.27,833782.0,16918646.0
2013-03-14,22.17,22.74,22.08,22.38,497714.0,10133698.0
2013-03-15,22.49,23.04,21.84,22.35,795479.0,16229348.0
2013-03-18,22.44,23.26,22.37,22.6,940259.0,19460016.0
2013-03-19,22.47,22.82,21.87,22.38,878726.0,17688402.0
2013-03-20,22.27,23.09,22.24,23.01,1001122.0,20711764.0
2013-03-21,23.12,23.43,22.82,23.42,1019046.0,21476444.0
2013-03-22,23.48,23.65,23.15,23.48,818177.0,17329560.0
2013-03-25,23.47,25.63,23.46,25.62,3112653.0,69881816.0
2013-03-26,25.25,26.07,24.59,25.64,2528503.0,58245644.0
2013-03-27,25.78,26.76,25.26,26.38,2492848.0,59423008.0
2013-03-28,26.13,28.63,25.47,26.55,3771640.0,92165880.0
2013-04-09,26.24,28.31,24.74,25.25,4674340.0,111705360.0
2013-04-10,25.08,25.09,23.79,24.56,2738875.0,60229172.0
2013-04-11,24.14,24.24,23.37,23.73,2086705.0,45014844.0
2013-04-12,23.65,23.79,22.84,22.93,1511918.0,32053090.0
2013-04-15,22.93,23.48,22.75,23.02,1092014.0,22936006.0
2013-04-16,22.38,23.15,22.05,22.55,1403130.0,28521086.0
2013-04-17,22.44,23.36,22.44,23.23,1211052.0,25334106.0
2013-04-18,23.23,23.78,22.94,23.17,1258359.0,26681512.0
2013-04-19,23.32,23.63,22.96,23.37,1226514.0,25982756.0
2013-04-22,23.36,24.23,23.15,24.21,1575919.0,34156576.0
2013-04-23,24.25,24.66,23.27,23.3,1403002.0,30441950.0
2013-04-24,23.02,23.85,23.02,23.79,1011862.0,21555012.0
2013-04-25,23.84,24.14,23.49,23.5,1008100.0,21791042.0
2013-04-26,23.41,23.69,23.0,23.22,699352.0,14826791.0
2013-05-02,22.93,23.04,21.55,21.8,1097388.0,22127104.0
2013-05-03,21.61,22.27,21.53,22.05,733179.0,14656560.0
2013-05-06,22.08,22.77,22.08,22.62,636323.0,12966366.0
2013-05-07,22.62,22.82,22.11,22.25,488978.0,9922522.0
2013-05-08,22.21,22.59,22.21,22.47,620652.0,12616883.0
2013-05-09,22.48,22.6,21.83,22.13,746516.0,15022894.0
2013-05-10,21.95,22.59,21.83,22.58,806979.0,16251602.0
2013-05-13,22.51,23.38,22.05,23.35,1143491.0,23555552.0
2013-05-14,23.26,23.85,23.03,23.78,1652614.0,35175468.0
2013-05-15,23.7,23.89,23.43,23.73,934864.0,20056126.0
2013-05-16,23.93,24.65,23.77,23.79,1647884.0,36194788.0
2013-05-17,23.54,24.8,23.54,24.56,1674269.0,36959664.0
2013-05-20,24.57,25.63,24.05,24.49,2027042.0,45435528.0
2013-05-21,24.44,24.67,23.7,24.36,1756842.0,38447140.0
2013-05-22,24.42,24.81,24.06,24.67,1331143.0,29500736.0
2013-05-23,24.46,24.64,24.14,24.17,874461.0,19301528.0
2013-05-24,24.17,24.45,24.03,24.41,618714.0,13621611.0
2013-05-27,24.31,25.25,24.31,25.14,1160456.0,26219806.0
2013-05-28,25.23,25.67,24.81,24.96,1201710.0,27376994.0
2013-05-29,24.95,25.23,24.65,24.86,861108.0,19357978.0
2013-05-30,24.6,25.46,24.57,25.08,990563.0,22497850.0
2013-05-31,25.3,26.43,25.19,25.89,2220114.0,52026168.0
2013-06-03,25.9,26.71,25.7,26.17,1612290.0,38457184.0
2013-06-04,25.8,26.09,24.66,24.71,1262783.0,28899358.0
2013-06-05,24.55,26.36,24.55,26.34,1356432.0,31229148.0
2013-06-06,26.03,27.01,25.93,26.18,1472196.0,35339464.0
2013-06-07,26.07,27.22,26.02,26.85,2195740.0,53199860.0
2013-06-13,26.79,26.79,25.03,26.11,1319273.0,30784558.0
2013-06-14,26.07,27.89,25.83,27.32,2009918.0,49393368.0
2013-06-17,27.34,28.16,26.82,26.97,1997460.0,49815292.0
2013-06-18,26.9,27.34,26.37,27.14,1261006.0,30670776.0
2013-06-19,27.12,27.12,26.35,26.52,867886.0,20914644.0
2013-06-20,26.5,26.5,24.59,24.62,1604756.0,36974348.0
2013-06-21,24.07,24.07,23.02,23.63,1238061.0,26449514.0
2013-06-24,23.31,23.31,21.55,21.75,1550959.0,31457064.0
2013-06-25,21.55,22.3,19.74,22.21,1603782.0,30945850.0
2013-06-26,22.23,22.63,21.63,22.63,1303139.0,26081622.0
2013-06-27,22.52,22.95,21.27,21.44,1246494.0,24948628.0
2013-06-28,21.28,21.83,20.14,20.96,759999.0,14521845.0
2013-07-01,20.92,21.64,20.87,21.6,665013.0,12822009.0
2013-07-02,21.78,22.6,21.78,22.47,1138885.0,23012940.0
2013-07-03,22.36,22.83,22.19,22.71,1193870.0,24408268.0
2013-07-04,22.55,22.74,22.17,22.36,792735.0,16113167.0
2013-07-05,22.3,22.63,21.76,21.77,589750.0,11881282.0
2013-07-08,21.66,21.66,20.9,20.9,576615.0,11046054.0
2013-07-09,20.76,21.32,20.76,20.98,380693.0,7265126.0
2013-07-10,20.98,21.67,20.76,21.67,462607.0,8950773.0
2013-07-11,21.56,22.69,21.56,22.3,869054.0,17493670.0
2013-07-12,22.36,22.63,22.3,22.35,720465.0,14682926.0
2013-07-15,22.39,23.07,22.3,22.87,741244.0,15280391.0
2013-07-16,22.96,23.01,22.52,22.93,571794.0,11799094.0
2013-07-17,22.96,23.06,22.3,22.3,749934.0,15421590.0
2013-07-18,22.08,22.63,21.87,22.28,501711.0,10127283.0
2013-07-19,22.13,22.5,21.61,21.61,724149.0,14535113.0
2013-07-22,21.43,22.72,21.43,22.56,565460.0,11417714.0
2013-07-23,22.62,23.67,22.62,23.27,1085732.0,22896712.0
2013-07-24,23.34,23.45,22.93,23.43,907120.0,19046708.0
2013-07-25,23.52,24.41,23.41,23.63,1509856.0,32746410.0
2013-07-26,23.31,23.74,22.69,23.12,709393.0,14870897.0
2013-07-29,22.88,23.46,22.63,22.64,624305.0,12984794.0
2013-07-30,22.61,22.98,21.95,22.7,532985.0,10881842.0
2013-07-31,22.8,22.94,22.4,22.73,379996.0,7800235.0
2013-08-01,22.48,23.41,22.48,23.31,684953.0,14347335.0
2013-08-02,23.37,23.55,23.24,23.32,746696.0,15813538.0
2013-08-05,23.42,24.9,23.32,24.72,1800324.0,39788068.0
2013-08-06,24.57,24.92,24.42,24.84,983086.0,22007794.0
2013-08-07,24.77,26.25,24.62,25.11,1752329.0,40311248.0
2013-08-08,25.04,26.1,24.86,25.92,1404705.0,32715436.0
2013-08-09,27.05,27.05,25.17,25.5,1916516.0,45211472.0
2013-08-12,25.53,25.78,24.85,25.15,1217423.0,27747890.0
2013-08-13,25.12,25.71,25.12,25.49,767345.0,17660042.0
2013-08-14,25.47,25.53,24.95,25.18,566850.0,12968266.0
2013-08-15,25.2,25.39,24.4,24.91,874361.0,19631960.0
2013-08-16,24.7,25.6,24.64,25.04,911929.0,20835628.0
2013-08-19,24.79,25.86,24.79,25.86,816142.0,18908850.0
2013-08-20,25.61,25.95,25.27,25.64,1376321.0,31877086.0
2013-08-21,26.08,28.13,26.08,26.95,2298069.0,56263912.0
2013-08-22,26.27,27.16,26.12,26.71,1292965.0,31167600.0
2013-08-23,26.7,26.73,25.41,26.13,1001980.0,23711440.0
2013-08-26,26.13,26.34,25.95,26.17,667071.0,15823095.0
2013-08-27,26.22,26.77,26.02,26.63,609081.0,14621727.0
2013-08-28,26.63,26.63,25.61,25.68,1043330.0,24640368.0
2013-08-29,26.31,26.33,25.49,25.8,793667.0,18565582.0
2013-08-30,25.8,25.8,24.58,24.73,1052934.0,23902328.0
2013-09-02,24.64,25.46,24.53,25.27,385514.0,8774603.0
2013-09-03,24.91,25.77,24.91,25.66,404855.0,9373583.0
2013-09-04,25.61,25.71,25.17,25.24,521243.0,12007951.0
2013-09-05,25.06,25.9,25.06,25.58,759950.0,17592518.0
2013-09-06,25.82,25.86,25.3,25.53,430948.0,9948362.0
2013-09-09,25.5,25.5,25.01,25.17,861070.0,19584312.0
2013-09-10,25.12,25.27,24.93,25.01,450918.0,10244330.0
2013-09-11,24.98,25.15,24.18,24.4,680726.0,15087162.0
2013-09-12,24.4,24.7,24.19,24.49,412959.0,9139109.0
2013-09-13,24.49,25.16,24.3,25.04,626371.0,14051570.0
2013-09-16,25.1,25.36,24.82,25.02,301524.0,6862447.0
2013-09-17,25.06,25.37,24.75,25.05,443149.0,10009786.0
2013-09-18,25.06,25.12,24.62,25.09,261265.0,5886129.0
2013-09-23,25.12,25.73,25.12,25.71,830424.0,19157602.0
2013-09-24,25.71,26.0,25.47,25.73,495653.0,11549768.0
2013-09-25,25.65,25.92,25.32,25.81,686750.0,15998892.0
2013-09-26,25.73,26.24,25.3,25.3,949533.0,22210326.0
2013-09-27,25.47,25.47,24.95,25.12,644850.0,14725735.0
2013-09-30,24.86,25.18,24.42,25.06,698956.0,15721888.0
2013-10-08,25.11,25.59,24.75,25.53,652325.0,14923008.0
2013-10-09,25.39,25.84,25.3,25.82,654207.0,15118932.0
2013-10-10,25.98,26.22,25.55,25.73,983544.0,23087880.0
2013-10-11,25.74,25.89,25.43,25.77,623301.0,14461680.0
2013-10-14,25.76,26.63,25.73,26.45,1276165.0,30434142.0
2013-10-15,26.72,27.6,26.61,27.04,1500281.0,36821204.0
2013-10-16,26.79,26.94,25.95,26.21,773024.0,18397624.0
2013-10-17,26.25,26.72,25.95,25.95,843779.0,20150524.0
2013-10-18,26.01,27.03,25.89,26.87,607619.0,14543621.0
2013-10-21,26.94,28.15,26.94,27.8,1681138.0,42314100.0
2013-10-22,27.44,27.88,27.23,27.38,985355.0,24505400.0
2013-10-23,27.32,28.67,27.09,27.22,1855448.0,46964208.0
2013-10-24,27.38,29.36,26.86,29.07,3001548.0,77723376.0
2013-10-25,28.71,29.48,27.6,28.43,2005127.0,51928656.0
2013-10-28,28.15,28.43,26.37,26.61,1548694.0,38156576.0
2013-10-29,26.69,26.95,23.96,24.84,1641039.0,37613364.0
2013-10-30,24.84,25.57,24.55,25.48,796641.0,18185224.0
2013-10-31,25.39,25.69,24.97,25.47,542157.0,12447887.0
2013-11-01,25.24,26.72,25.23,25.89,987543.0,23330008.0
2013-11-04,25.75,26.36,25.74,25.95,381064.0,8969312.0
2013-11-05,25.82,26.03,25.39,25.78,589909.0,13739156.0
2013-11-06,25.82,26.33,25.73,25.79,565701.0,13336572.0
2013-11-07,25.73,25.73,24.63,24.7,751775.0,17018308.0
2013-11-08,24.48,24.95,24.19,24.61,615533.0,13692300.0
2013-11-11,24.79,26.64,24.5,25.95,831828.0,19269854.0
2013-11-12,26.03,26.74,25.78,26.51,960900.0,22935328.0
2013-11-13,26.49,26.91,25.82,26.52,836914.0,20029724.0
2013-11-14,26.39,28.84,26.37,28.12,2180003.0,55059252.0
2013-11-15,28.12,30.11,27.97,29.7,2468377.0,64541032.0
2013-11-18,29.47,31.9,29.26,29.62,2373983.0,64850324.0
2013-11-19,29.62,30.39,28.82,29.32,1887830.0,50148904.0
2013-11-20,29.48,29.6,28.91,29.48,1315299.0,34788504.0
2013-11-21,29.23,29.36,28.55,28.92,1291365.0,33759780.0
2013-11-22,28.87,29.69,28.79,29.21,1184507.0,31385468.0
2013-11-25,29.21,31.25,28.71,30.88,2522484.0,69469744.0
2013-11-26,30.69,33.45,30.48,32.25,2960989.0,86331528.0
2013-11-27,32.03,32.86,31.77,32.25,1661702.0,48435456.0
2013-11-28,32.27,35.47,32.27,35.47,2756833.0,86279120.0
2013-11-29,36.41,38.95,35.91,37.76,5761427.0,195005504.0
2013-12-02,34.27,36.85,33.98,34.23,4133821.0,131867936.0
2013-12-03,33.23,37.65,32.26,37.65,4047730.0,130008728.0
2013-12-04,38.64,41.41,38.64,41.41,3594152.0,131347808.0
2013-12-05,41.95,43.47,37.95,39.14,6615889.0,242663568.0
2013-12-06,38.42,40.5,36.88,37.86,3868201.0,134438160.0
2013-12-09,37.48,39.96,37.11,39.73,3518138.0,123691944.0
2013-12-10,39.53,39.66,36.32,37.21,2974752.0,101585864.0
2013-12-11,37.06,37.49,35.7,36.68,2098353.0,69368024.0
2013-12-12,36.76,37.75,36.21,36.58,2034499.0,67933880.0
2013-12-13,36.46,37.53,35.53,36.88,2241685.0,74343984.0
2013-12-16,36.39,36.8,34.89,34.89,1906556.0,61535960.0
2013-12-17,34.99,35.96,34.88,35.66,1371279.0,44057396.0
2013-12-18,35.66,37.54,35.66,37.37,2811008.0,94153704.0
2013-12-19,36.82,37.53,35.99,35.99,1782397.0,59187184.0
2013-12-20,35.55,35.55,33.12,33.44,1993398.0,61325184.0
2013-12-23,33.56,34.52,32.35,33.67,1337475.0,40650368.0
2013-12-24,33.43,34.87,33.31,34.13,1352210.0,41901912.0
2013-12-25,34.34,37.54,34.01,37.54,2898651.0,94743560.0
2013-12-26,38.53,38.53,35.86,36.21,2531037.0,84818992.0
2013-12-27,35.99,37.86,35.99,37.31,1978519.0,66741916.0
2013-12-30,37.52,37.76,36.5,36.8,1506559.0,50533808.0
2013-12-31,36.6,36.79,34.84,35.42,1424167.0,46038472.0
2014-01-02,35.03,36.28,35.03,35.71,918075.0,29660256.0
2014-01-03,35.44,35.72,34.13,34.59,1661363.0,52179276.0
2014-01-06,34.22,34.23,33.12,33.23,1451366.0,43919088.0
2014-01-07,33.23,33.84,32.91,33.72,682172.0,20664254.0
2014-01-08,33.62,34.71,33.49,34.58,928047.0,28843900.0
2014-01-09,34.26,34.78,33.51,33.54,924442.0,28700216.0
2014-01-10,33.27,33.87,33.01,33.01,756648.0,22866598.0
2014-01-13,33.12,33.56,32.46,33.44,729856.0,21843480.0
2014-01-14,33.44,34.33,33.15,34.2,997349.0,30730548.0
2014-01-15,34.2,35.64,33.19,35.47,1719588.0,53655524.0
2014-01-16,35.24,37.21,34.89,36.38,2043857.0,67283976.0
2014-01-17,36.29,36.63,35.08,35.77,1137230.0,36906404.0
2014-01-20,35.77,36.02,34.57,35.13,580767.0,18531744.0
2014-01-21,35.2,35.63,35.0,35.33,500094.0,15996778.0
2014-01-22,35.2,36.4,35.15,36.29,951579.0,30945316.0
2014-01-23,36.18,36.73,35.66,36.48,1200274.0,39341632.0
2014-01-24,36.21,36.88,36.21,36.36,932771.0,30862148.0
2014-01-27,36.33,36.62,35.66,35.72,826461.0,26891508.0
2014-01-28,35.98,36.3,35.11,35.7,673791.0,21754676.0
2014-01-29,35.81,36.21,35.45,36.1,529923.0,17278806.0
2014-01-30,36.1,37.32,36.08,36.3,713269.0,23685612.0
2014-02-07,35.33,36.39,35.33,36.19,768330.0,24996758.0
2014-02-10,36.31,37.54,36.23,37.43,1460291.0,49253344.0
2014-02-11,37.65,39.62,37.17,37.98,1698534.0,58714388.0
2014-02-12,38.0,39.21,38.0,38.64,1257620.0,43966772.0
2014-02-13,39.03,39.04,36.73,36.8,1448545.0,49204928.0
2014-02-14,36.77,37.41,36.21,37.41,1114481.0,37094316.0
2014-02-17,37.32,37.76,37.3,37.69,1245547.0,42356548.0
2014-02-18,37.69,37.97,36.88,37.46,963303.0,32539330.0
2014-02-19,37.48,37.81,37.0,37.48,833430.0,28232132.0
2014-02-20,37.51,37.62,36.06,36.26,856530.0,28390900.0
2014-02-21,36.06,36.88,36.03,36.28,678658.0,22370578.0
2014-02-24,36.41,36.66,35.83,36.57,727226.0,23832972.0
2014-02-25,36.6,39.29,36.1,37.84,2867501.0,98092440.0
2014-02-26,37.45,41.28,36.99,41.26,4681752.0,166417008.0
2014-02-27,40.52,41.18,39.06,39.75,3026232.0,109510984.0
2014-02-28,39.0,39.0,35.77,35.77,3050118.0,99919816.0
2014-03-03,34.62,35.65,34.1,35.21,1266294.0,40100928.0
2014-03-04,35.22,35.44,33.73,34.15,1462691.0,45769256.0
2014-03-05,34.16,34.9,33.99,34.23,942618.0,29512246.0
2014-03-06,34.23,34.27,33.37,34.23,830110.0,25393960.0
2014-03-07,34.33,35.07,33.87,34.66,652028.0,20410626.0
2014-03-10,34.66,35.09,32.36,32.57,909651.0,27456466.0
2014-03-11,32.67,33.99,32.67,33.12,532398.0,15961475.0
2014-03-12,33.05,33.31,32.16,32.86,582499.0,17288082.0
2014-03-13,33.16,33.44,32.86,33.01,397541.0,11948445.0
2014-03-14,33.0,33.34,32.9,33.01,430441.0,12917699.0
2014-03-17,33.31,34.05,32.9,33.88,639812.0,19464274.0
2014-03-18,33.88,34.87,33.87,34.46,937242.0,29241724.0
2014-03-19,34.24,34.66,33.9,34.56,477264.0,14802499.0
2014-03-20,34.28,34.95,33.15,33.34,606210.0,18794730.0
2014-03-21,33.12,34.23,32.9,33.98,605809.0,18564814.0
2014-03-24,33.98,34.47,33.86,33.94,389520.0,12029202.0
2014-03-25,34.07,34.07,33.01,33.32,488979.0,14774679.0
2014-03-26,33.16,33.77,33.16,33.77,261672.0,7932844.0
2014-03-27,33.76,33.77,32.9,32.96,239493.0,7210281.0
2014-03-28,32.96,32.96,29.67,31.98,1278848.0,35659980.0
2014-03-31,30.91,31.36,30.36,30.58,386865.0,10794478.0
2014-04-01,30.59,31.22,30.59,30.97,252424.0,7089216.0
2014-04-02,31.07,31.11,30.05,30.77,419570.0,11683491.0
2014-04-03,30.86,31.06,30.47,30.93,262020.0,7317764.0
2014-04-04,30.93,31.47,30.78,31.42,279610.0,7914741.0
2014-04-08,31.36,34.57,31.17,32.96,778473.0,23391106.0
2014-04-09,33.34,33.8,32.7,33.38,548717.0,16469639.0
2014-04-10,33.19,34.65,33.19,34.22,1311953.0,40533948.0
2014-04-11,34.45,34.61,33.16,33.54,920377.0,28099392.0
2014-04-14,33.51,33.71,33.03,33.56,304578.0,9212065.0
2014-04-15,33.54,33.54,33.21,33.28,305696.0,9231692.0
2014-04-16,33.45,33.48,33.16,33.31,220485.0,6655431.0
2014-04-17,33.3,33.87,33.24,33.38,395217.0,12035689.0
2014-04-18,33.52,33.61,33.15,33.21,339572.0,10236377.0
2014-04-21,33.06,33.29,32.75,32.77,211794.0,6321911.0
2014-04-22,32.68,33.08,32.02,32.13,260798.0,7646499.0
2014-04-23,31.85,32.36,30.97,31.53,306261.0,8825485.0
2014-04-24,31.69,31.75,31.21,31.34,222220.0,6331584.0
2014-04-25,31.34,31.81,31.14,31.2,225519.0,6431103.0
2014-04-28,31.12,31.21,29.77,29.81,307588.0,8396009.0
2014-04-29,29.07,30.03,29.07,30.02,291659.0,7852734.0
2014-04-30,30.01,30.34,29.87,30.1,214858.0,5851513.0
2014-05-05,30.14,31.38,30.14,30.67,569463.0,15927298.0
2014-05-06,30.88,31.89,30.87,31.31,439476.0,12537215.0
2014-05-07,31.57,31.66,30.43,30.68,444117.0,12519364.0
2014-05-08,30.75,30.78,30.14,30.16,281668.0,7763656.0
2014-05-09,30.16,30.45,29.81,30.0,136992.0,3723868.0
2014-05-12,30.45,30.91,30.23,30.85,214235.0,5945107.0
2014-05-13,30.89,31.02,30.69,30.94,191113.0,5344480.0
2014-05-14,30.97,31.43,30.75,31.26,238735.0,6731208.0
2014-05-15,31.47,34.38,31.47,34.38,2188911.0,67116576.0
2014-05-16,35.33,35.66,32.71,34.1,3096619.0,95844568.0
2014-05-19,33.4,33.87,32.94,33.56,1140561.0,34493692.0
2014-05-20,33.87,36.25,33.34,35.33,2600536.0,82239440.0
2014-05-21,34.7,34.9,32.49,34.48,3313536.0,50462796.0
2014-05-22,33.84,34.26,33.27,33.36,2929505.0,44661612.0
2014-05-23,32.96,33.82,32.38,33.44,2638441.0,39470212.0
2014-05-26,33.38,34.0,32.85,34.0,2891840.0,43796208.0
2014-05-27,33.8,33.95,33.22,33.27,1706029.0,25795362.0
2014-05-28,33.38,33.71,32.96,33.62,1982913.0,29981094.0
2014-05-29,33.53,33.66,32.29,33.11,2754109.0,41031428.0
2014-05-30,32.89,32.89,31.81,32.47,1948552.0,28508426.0
2014-06-03,32.45,32.89,32.29,32.71,1207593.0,17815284.0
2014-06-04,32.71,32.71,31.52,31.81,1450880.0,20948472.0
2014-06-05,31.81,32.43,31.43,32.38,1163600.0,16820172.0
2014-06-06,32.38,32.78,32.1,32.3,1044901.0,15325163.0
2014-06-09,32.1,32.6,31.85,31.96,977986.0,14268669.0
2014-06-10,32.05,32.78,31.85,32.58,1142849.0,16745006.0
2014-06-11,32.49,33.27,32.49,33.27,1809853.0,26877340.0
2014-06-12,33.16,33.42,32.87,32.89,1314692.0,19671492.0
2014-06-13,32.89,33.16,32.67,32.94,1356872.0,20208182.0
2014-06-16,32.83,33.07,32.71,33.05,1307505.0,19476804.0
2014-06-17,32.94,32.94,32.32,32.49,1116574.0,16466121.0
2014-06-18,32.52,32.67,32.36,32.47,912100.0,13405218.0
2014-06-19,32.56,32.76,30.9,31.17,1217975.0,17484700.0
2014-06-20,31.28,32.25,31.01,32.1,940008.0,13490659.0
2014-06-23,32.05,32.49,31.85,32.38,572863.0,8375315.0
2014-06-24,32.25,34.64,31.98,33.22,2626813.0,39444868.0
2014-06-25,33.13,36.23,32.52,35.52,7253388.0,113333488.0
2014-06-26,34.99,36.52,34.77,35.19,6119082.0,98631800.0
2014-06-27,35.06,35.96,34.92,35.28,2954955.0,47340412.0
2014-06-30,34.95,36.21,34.95,35.88,2867629.0,46513908.0
2014-07-01,35.79,36.3,35.61,36.27,3002245.0,48912244.0
2014-07-02,36.34,36.47,35.06,35.59,2775292.0,44737768.0
2014-07-03,35.37,36.36,35.1,36.19,2849530.0,46361416.0
2014-07-04,36.19,36.32,35.59,36.01,1705259.0,27705246.0
2014-07-07,36.23,37.4,35.63,37.0,2769074.0,45657816.0
2014-07-08,36.91,37.33,36.27,36.98,2400594.0,40007220.0
2014-07-09,36.91,36.91,35.37,35.45,2280341.0,37388696.0
2014-07-11,36.47,37.4,36.03,36.07,2424469.0,40152764.0
2014-07-14,35.99,36.21,35.26,36.05,1592833.0,25816192.0
2014-07-15,36.14,36.21,35.28,35.37,1773152.0,28479020.0
2014-07-16,35.23,35.7,34.55,34.59,1484814.0,23557362.0
2014-07-17,34.35,34.79,34.15,34.35,1110029.0,17277398.0
2014-07-18,34.37,37.13,34.37,37.13,3202909.0,52128604.0
2014-07-21,37.18,37.18,36.07,36.38,2358018.0,38954408.0
2014-07-22,36.32,36.58,36.05,36.54,1660266.0,27305394.0
2014-07-23,36.36,36.56,35.03,35.65,1784174.0,28900368.0
2014-07-24,35.54,35.88,34.28,35.26,1392514.0,21973572.0
2014-07-25,35.21,35.74,34.73,35.48,817103.0,13081956.0
2014-07-28,35.65,36.41,35.48,36.03,1578329.0,25628226.0
2014-07-29,36.07,37.47,36.03,37.18,3394651.0,56832236.0
2014-07-30,37.31,39.79,36.96,39.35,6624983.0,115988712.0
2014-07-31,39.35,39.57,38.48,39.1,3416926.0,60208900.0
2014-08-01,38.68,42.44,38.57,40.85,7351122.0,135582496.0
2014-08-04,41.11,42.31,40.47,41.47,4193215.0,78565296.0
2014-08-05,41.09,41.56,40.45,40.8,3849395.0,71083504.0
2014-08-06,40.83,40.89,39.59,40.01,3477123.0,62940608.0
2014-08-07,39.99,41.89,39.59,41.56,4644051.0,86216872.0
2014-08-08,41.34,45.07,40.91,44.45,8010150.0,158865712.0
2014-08-11,44.43,46.55,43.83,44.96,5380575.0,110608112.0
2014-08-12,45.14,45.14,43.99,44.89,2519102.0,50800568.0
2014-08-13,44.74,48.5,44.23,48.1,5120846.0,108158832.0
2014-08-14,47.97,47.97,46.64,46.77,4643834.0,98809008.0
2014-08-15,46.44,47.26,45.51,46.42,3106495.0,64809132.0
2014-08-18,46.22,48.34,46.2,46.44,3913720.0,83367624.0
2014-08-19,46.68,46.86,44.83,45.73,4269126.0,87759456.0
2014-08-20,45.71,46.26,44.87,45.4,2061729.0,42545616.0
2014-08-21,45.67,47.44,44.98,47.02,3528409.0,73806904.0
2014-08-22,47.04,47.52,45.95,45.98,2575466.0,54396340.0
2014-08-25,45.8,45.98,44.56,45.12,1945151.0,39655848.0
2014-08-26,45.09,45.51,44.34,45.0,1344809.0,27296356.0
2014-08-27,45.0,45.71,44.78,45.31,941994.0,19303402.0
2014-08-28,45.34,45.71,44.47,44.61,1012829.0,20593454.0
2014-08-29,44.61,45.14,44.1,45.0,908183.0,18364008.0
2014-09-01,44.65,45.93,44.65,45.62,1069662.0,21992324.0
2014-09-02,45.67,47.41,45.65,46.97,2126352.0,45020880.0
2014-09-03,47.08,47.41,46.33,46.75,1647158.0,34891968.0
2014-09-04,46.97,47.41,46.11,46.6,1992966.0,41896056.0
2014-09-05,46.64,46.84,45.8,46.35,1607121.0,33574228.0
2014-09-09,46.42,46.97,46.31,46.55,1520468.0,32071546.0
2014-09-10,46.55,46.68,45.98,46.42,1276053.0,26750528.0
2014-09-11,46.44,49.89,45.98,49.09,4985643.0,109104352.0
2014-09-12,48.96,49.29,47.92,49.03,2117999.0,46708500.0
2014-09-15,49.03,50.84,48.81,50.18,2343621.0,52897052.0
2014-09-16,50.4,50.8,46.44,46.8,3346846.0,73432792.0
2014-09-17,46.8,47.52,45.31,46.33,1832197.0,38619748.0
2014-09-18,46.38,47.92,46.38,47.79,1771609.0,37895924.0
2014-09-19,47.79,48.7,46.86,48.01,1567864.0,33877884.0
2014-09-22,47.97,47.97,46.82,46.88,1390695.0,29784956.0
2014-09-23,46.97,47.41,46.8,47.06,1097447.0,23373588.0
2014-09-24,47.13,49.71,47.13,49.47,3502931.0,77070872.0
2014-09-25,49.54,49.58,47.97,48.21,2382246.0,52389620.0
2014-09-26,48.01,48.85,47.52,48.19,1548252.0,33813624.0
2014-09-29,48.56,49.71,48.39,48.76,1785051.0,39616716.0
2014-09-30,48.78,49.25,48.63,48.9,1087051.0,24003560.0
2014-10-08,48.92,53.27,48.92,52.59,4285034.0,99459384.0
2014-10-09,52.83,53.6,51.37,53.56,3815371.0,90506112.0
2014-10-10,52.98,58.91,52.23,56.06,5140332.0,129823904.0
2014-10-13,57.03,58.13,54.93,57.45,3554124.0,91229464.0
2014-10-14,57.34,57.34,55.24,55.79,3546280.0,89659240.0
2014-10-15,56.34,57.43,54.38,56.19,3012089.0,76600016.0
2014-10-16,56.94,56.94,54.93,55.08,2607914.0,65788988.0
2014-10-17,54.77,55.59,53.05,54.66,2037752.0,50244388.0
2014-10-20,55.22,56.72,54.71,56.15,1979814.0,50186068.0
2014-10-21,57.25,57.43,54.91,55.24,2125076.0,53869940.0
2014-10-22,55.17,55.17,53.05,53.09,1535643.0,37311224.0
2014-10-23,53.09,53.32,50.51,50.99,1669715.0,38900656.0
2014-10-24,50.95,52.12,50.42,51.81,987606.0,22994108.0
2014-10-27,51.61,52.17,51.46,52.12,777546.0,18234874.0
2014-10-28,52.28,54.82,52.28,54.8,1350734.0,32908624.0
2014-10-29,54.64,56.12,54.35,54.44,2253231.0,56199816.0
2014-10-30,54.22,55.55,54.22,54.69,1447712.0,35876912.0
2014-10-31,54.71,55.48,53.32,55.15,1323367.0,32583814.0
2014-11-03,55.17,55.24,54.47,54.69,1118941.0,27686760.0
2014-11-04,55.13,55.13,53.52,53.71,1099678.0,26929180.0
2014-11-05,53.49,54.05,53.05,53.82,650245.0,15757282.0
2014-11-06,53.54,54.16,53.05,54.09,837172.0,20296912.0
2014-11-07,54.09,54.93,53.49,54.18,1196183.0,29380620.0
2014-11-10,54.6,54.62,53.25,53.38,1051232.0,25435452.0
2014-11-11,53.6,54.07,49.93,50.24,2206008.0,51258596.0
2014-11-12,49.78,51.28,49.73,51.17,873554.0,19928360.0
2014-11-13,51.1,52.28,50.51,50.82,1026866.0,23810342.0
2014-11-14,50.8,51.92,49.87,50.75,589114.0,13508951.0
2014-11-17,50.31,51.37,50.31,51.17,753487.0,17333736.0
2014-11-18,51.26,51.68,50.58,51.06,846032.0,19554422.0
2014-11-19,51.55,51.9,50.42,51.68,1186473.0,27603974.0
2014-11-20,51.68,51.68,50.58,50.95,881171.0,20360332.0
2014-11-21,50.62,51.37,50.62,50.99,857954.0,19816480.0
2014-11-24,51.04,51.95,50.8,51.06,1428175.0,32956054.0
2014-11-25,51.41,52.5,50.75,52.41,1742622.0,40624460.0
2014-11-26,51.95,52.94,51.79,52.5,1272547.0,30186764.0
2014-11-27,52.5,53.05,52.19,52.78,1358618.0,32369660.0
2014-11-28,52.61,52.94,51.44,51.86,1252123.0,29612556.0
2014-12-01,51.86,52.61,48.61,49.67,2484695.0,55999804.0
2014-12-02,49.67,50.18,49.4,49.65,1488255.0,33468448.0
2014-12-03,49.73,50.13,48.34,48.85,2195414.0,48562544.0
2014-12-04,49.25,49.96,48.85,49.54,2323494.0,52052924.0
2014-12-05,49.73,54.49,49.07,53.18,5954073.0,140092800.0
2014-12-08,52.19,54.82,51.5,54.11,5242413.0,127511136.0
2014-12-09,53.69,53.91,49.07,49.73,2938266.0,69436000.0
2014-12-10,49.73,51.48,49.73,50.82,1114758.0,25589628.0
2014-12-11,50.82,51.92,50.58,50.88,936245.0,21629900.0
2014-12-12,51.5,52.72,50.6,51.99,1265249.0,29669100.0
2014-12-15,51.95,54.35,51.48,53.76,2866635.0,69390448.0
2014-12-16,53.43,53.76,52.5,53.16,1352229.0,32402148.0
2014-12-17,53.12,53.12,51.72,52.1,945204.0,22378020.0
2014-12-18,52.1,52.5,50.86,51.17,916739.0,21319390.0
2014-12-19,51.04,51.06,48.63,49.76,1485536.0,33532394.0
2014-12-22,49.73,50.84,44.78,45.23,1946607.0,41011556.0
2014-12-23,45.12,47.02,45.12,45.51,906036.0,18949920.0
2014-12-24,45.51,47.52,45.51,46.66,752926.0,15922397.0
2014-12-25,47.04,48.63,47.04,47.35,527871.0,11378987.0
2014-12-26,47.35,47.61,46.88,46.99,582379.0,12412944.0
2014-12-29,46.99,48.36,45.31,46.42,1245305.0,26481620.0
2014-12-30,46.09,47.72,45.98,46.11,736893.0,15520438.0
2014-12-31,46.11,47.04,45.2,45.98,750293.0,15486289.0
2015-01-05,46.0,46.09,41.38,44.56,1051671.0,20924646.0
2015-01-06,44.61,46.38,42.66,46.0,1286730.0,26075852.0
2015-01-07,45.93,46.38,45.05,45.6,723085.0,14878370.0
2015-01-08,45.8,46.31,45.6,45.73,495128.0,10294448.0
2015-01-09,45.73,47.68,45.65,46.42,1380716.0,29290880.0
2015-01-12,46.18,47.39,46.09,46.6,783367.0,16604388.0
2015-01-13,46.6,47.57,46.42,46.91,537468.0,11414481.0
2015-01-14,46.91,47.52,46.46,46.84,608351.0,12955815.0
2015-01-15,46.48,47.5,46.48,46.68,628000.0,13354488.0
2015-01-16,46.68,47.22,45.8,46.31,665070.0,13923261.0
2015-01-19,43.99,47.41,43.99,44.83,1052905.0,21946046.0
2015-01-20,44.52,47.04,44.52,46.33,866098.0,18182598.0
2015-01-21,46.77,50.07,46.77,48.65,1686297.0,37200740.0
2015-01-22,48.65,49.6,48.65,48.98,988844.0,21959154.0
2015-01-23,49.03,49.47,48.39,48.41,804320.0,17829114.0
2015-01-26,48.19,49.2,48.19,49.12,639312.0,14137102.0
2015-01-27,49.12,50.6,48.85,49.98,1226705.0,27616836.0
2015-01-28,50.09,50.09,49.07,49.27,902429.0,20116906.0
2015-01-29,49.27,49.27,48.3,48.5,743102.0,16357305.0
2015-01-30,48.01,48.63,47.28,47.46,807802.0,17449526.0
2015-02-02,47.41,47.72,46.55,46.71,537906.0,11419386.0
2015-02-03,46.64,47.81,46.64,47.57,721081.0,15442953.0
2015-02-04,47.5,49.07,46.15,48.45,2043458.0,44032124.0
2015-02-05,48.41,48.41,46.84,47.28,1017072.0,21840054.0
2015-02-06,46.86,47.44,45.2,45.76,824354.0,17201938.0
2015-02-09,46.38,46.4,44.67,44.94,541053.0,11067291.0
2015-02-10,45.0,45.49,44.56,45.09,406633.0,8253255.0
2015-02-11,45.05,45.71,45.0,45.53,522275.0,10726211.0
2015-02-12,45.65,45.93,44.92,45.14,796959.0,16352924.0
2015-02-13,45.23,46.13,45.23,45.87,1501968.0,31061948.0
2015-02-16,46.09,46.91,45.76,46.8,1175194.0,24658604.0
2015-02-17,47.26,47.46,46.8,47.35,998476.0,21265132.0
2015-02-25,47.35,47.37,46.15,46.26,1184711.0,24948062.0
2015-02-26,46.38,46.82,46.11,46.82,761747.0,16036749.0
2015-02-27,46.82,46.91,46.18,46.57,1217798.0,25632838.0
2015-03-02,46.99,50.55,46.82,49.91,3282472.0,72325800.0
2015-03-03,49.29,53.03,49.18,51.46,3792926.0,88760392.0
2015-03-04,51.37,52.72,50.84,51.99,2124462.0,49905256.0
2015-03-05,52.06,52.61,51.17,52.01,2058147.0,48180624.0
2015-03-06,51.95,52.39,49.96,49.96,1590829.0,36731324.0
2015-03-09,50.2,50.84,50.04,50.4,1198987.0,27350278.0
2015-03-10,50.4,51.28,50.11,51.22,1539577.0,35387956.0
2015-03-11,51.22,51.55,49.01,49.36,2024324.0,45661336.0
2015-03-12,49.56,49.93,48.7,48.87,1918138.0,42484844.0
2015-03-13,49.03,51.08,49.03,50.62,1599886.0,36574336.0
2015-03-16,51.41,51.95,50.71,51.81,2583703.0,60386472.0
2015-03-17,52.28,55.97,52.28,55.39,5588835.0,136960624.0
2015-03-18,55.02,57.21,54.33,56.01,3533093.0,89348704.0
2015-03-19,55.48,56.06,54.71,54.93,1957785.0,48717220.0
2015-03-20,54.93,56.03,54.66,55.48,1689805.0,42330072.0
2015-03-23,55.28,55.88,54.33,55.84,4093166.0,101768288.0
2015-03-24,55.37,60.99,54.82,60.12,6216782.0,162093760.0
2015-03-25,59.46,59.46,56.37,58.09,3873100.0,101729048.0
2015-03-26,57.91,57.91,56.06,56.56,2693860.0,69359424.0
2015-03-27,57.14,62.22,56.59,62.22,6134704.0,166583024.0
2015-03-30,63.0,68.26,62.25,64.35,6109542.0,179832976.0
2015-03-31,65.63,65.87,62.55,63.46,2390627.0,69047016.0
2015-04-01,64.77,65.19,63.51,64.85,2359178.0,68956656.0
2015-04-02,64.85,66.53,64.12,65.19,2695689.0,79154240.0
2015-04-03,64.1,69.03,63.35,66.27,3131897.0,94221320.0
2015-04-07,65.87,68.24,65.25,66.27,1816700.0,54274120.0
2015-04-08,66.0,66.8,61.91,63.57,3022703.0,87851032.0
2015-04-09,63.44,65.98,57.21,65.1,4676998.0,129605776.0
2015-04-10,63.66,66.71,61.45,65.16,3772853.0,110672664.0
2015-04-13,65.36,69.16,65.36,67.68,3275239.0,100404808.0
2015-04-14,67.71,68.81,65.92,67.17,2584266.0,78923048.0
2015-04-15,68.02,68.08,63.42,64.17,1655843.0,49091768.0
2015-04-16,63.66,65.16,61.96,64.57,2877923.0,82764808.0
2015-04-17,64.1,65.21,63.22,63.33,2229932.0,64343616.0
2015-04-20,63.33,63.79,60.72,60.72,1708577.0,47882440.0
2015-04-21,60.57,64.32,60.34,63.57,2125499.0,60787540.0
2015-04-22,64.32,66.42,64.32,65.36,1736588.0,51537964.0
2015-04-23,65.21,70.73,65.21,70.73,3673861.0,113763768.0
2015-04-24,69.63,70.47,67.42,69.72,2251107.0,70287904.0
2015-04-27,69.74,71.22,68.19,69.63,1622165.0,50985636.0
2015-04-28,69.63,76.59,68.3,75.6,4119280.0,135161408.0
2015-04-29,75.16,76.92,72.28,74.05,2675857.0,90703664.0
2015-04-30,73.83,76.86,72.99,74.07,2162077.0,73306112.0
2015-05-04,75.16,76.61,73.63,75.86,1605451.0,54778524.0
2015-05-05,75.86,80.68,75.18,77.41,3093852.0,109498288.0
2015-05-06,74.78,81.67,74.05,74.89,2793537.0,99283800.0
2015-05-07,74.14,80.68,72.5,77.56,2709436.0,93750416.0
2015-05-08,79.8,85.32,78.6,85.32,3978112.0,148117168.0
2015-05-11,93.86,93.86,87.53,93.86,1816222.0,76802616.0
2015-05-12,101.64,103.25,95.49,103.25,4713510.0,213631440.0
2015-05-13,105.0,108.09,96.11,102.34,4457604.0,207103744.0
2015-05-14,100.13,111.89,99.16,108.05,3366709.0,161077392.0
2015-05-15,107.98,110.74,103.62,107.52,1927323.0,93541256.0
2015-05-18,105.66,114.94,104.33,111.38,1636491.0,82412968.0
2015-05-19,112.51,122.52,110.59,122.52,1758320.0,94077912.0
2015-05-20,125.0,134.77,123.12,127.65,2177323.0,128158400.0
2015-05-21,125.8,132.63,122.24,129.29,2992772.0,173537440.0
2015-05-22,128.43,129.53,123.34,126.61,2306598.0,131364960.0
2015-05-25,123.81,126.59,118.92,121.33,3412490.0,188531376.0
2015-05-26,122.08,125.0,120.03,123.34,3117089.0,172324608.0
2015-05-27,123.32,133.69,121.77,130.37,3470843.0,198256000.0
2015-05-28,129.86,134.84,121.57,122.17,3972653.0,231417888.0
2015-05-29,121.57,126.61,114.97,124.89,2894556.0,159944528.0
2015-06-01,126.64,131.7,124.89,130.39,2140699.0,125140520.0
2015-06-02,129.31,133.51,124.2,129.97,3105274.0,179989952.0
2015-06-03,131.96,131.96,120.49,123.78,3664634.0,205863792.0
2015-06-04,121.38,121.57,111.89,116.71,2779803.0,146239712.0
2015-06-05,116.6,126.0,116.58,122.04,2033545.0,112086296.0
2015-06-08,122.41,129.97,122.41,129.93,3423250.0,197645024.0
2015-06-09,130.41,139.26,130.41,136.72,3181379.0,195700512.0
2015-06-10,137.13,142.57,130.68,142.13,3020418.0,186420160.0
2015-06-11,140.87,144.78,137.05,141.36,1997890.0,128211672.0
2015-06-12,144.41,144.41,132.58,132.96,2847183.0,175137552.0
2015-06-15,130.06,138.15,128.21,129.18,2428761.0,143706304.0
2015-06-16,128.21,136.19,123.67,126.04,3169230.0,183959232.0
2015-06-17,129.31,134.84,121.68,130.22,1634186.0,93826336.0
2015-06-18,132.63,135.5,128.25,129.04,2777492.0,168382064.0
2015-06-19,128.87,130.75,117.4,120.25,2159042.0,120859688.0
2015-06-23,119.3,123.78,108.22,111.52,2602716.0,133058896.0
2015-06-24,113.43,120.22,111.64,118.94,2219360.0,116030848.0
2015-06-25,120.13,130.68,116.33,124.11,2765160.0,154709120.0
2015-06-26,121.59,121.59,111.7,111.7,1565754.0,81292224.0
2015-06-29,111.99,118.29,100.54,100.54,2878733.0,135088384.0
2015-06-30,97.29,110.51,90.48,110.51,3900682.0,178161904.0
2015-07-01,110.56,118.96,103.15,105.25,5195788.0,267804192.0
2015-07-02,101.71,106.0,94.72,94.72,2983775.0,132108176.0
2015-07-03,101.49,101.49,85.26,88.0,10156888.0,424860992.0
2015-07-06,92.89,96.03,79.2,79.71,6107111.0,240819776.0
2015-07-07,72.97,72.97,71.75,71.75,1356500.0,44107688.0
2015-07-14,78.94,78.94,78.94,78.94,85471.0,3051315.0
2015-07-15,86.83,86.83,80.37,81.37,10508952.0,405501728.0
2015-07-16,81.37,89.5,75.2,89.5,8968635.0,342890912.0
2015-07-17,91.56,98.46,89.92,98.46,7748419.0,335899904.0
2015-07-20,99.48,108.3,97.29,108.3,8119158.0,378926080.0
2015-07-21,108.34,119.13,103.92,115.84,7820083.0,405468352.0
2015-07-22,115.84,118.29,106.38,111.48,7554671.0,382647424.0
2015-07-23,111.22,119.82,109.47,115.77,6025923.0,313035200.0
2015-07-24,114.98,126.92,113.89,123.33,7118811.0,392498144.0
2015-07-27,119.4,130.25,111.0,111.0,7224134.0,399958080.0
2015-07-28,101.49,116.75,101.49,110.55,6589503.0,324098784.0
2015-07-29,113.76,120.06,101.82,119.4,6405702.0,323473408.0
2015-07-30,117.63,123.38,110.89,114.09,6358099.0,343902272.0
2015-07-31,111.44,116.08,102.75,106.18,5403196.0,271380256.0
2015-08-03,103.92,104.47,95.56,95.56,5604123.0,249318800.0
2015-08-04,95.52,105.11,95.52,105.11,5392887.0,246783088.0
2015-08-05,108.34,115.62,106.18,113.36,8167948.0,415910112.0
2015-08-06,108.34,112.77,107.13,108.9,4763570.0,236832448.0
2015-08-07,119.8,119.8,117.19,119.8,2580985.0,139787904.0
2015-08-10,131.78,131.78,131.78,131.78,1168093.0,69618344.0
2015-08-11,134.88,144.96,133.11,144.96,12199448.0,766015872.0
2015-08-12,144.78,150.35,130.45,130.68,14328074.0,900536832.0
2015-08-13,128.51,141.44,124.17,139.3,13313277.0,811499328.0
2015-08-14,141.95,144.83,129.96,137.2,38775336.0,968407808.0
2015-08-17,129.9,143.11,128.24,138.53,27093872.0,673359232.0
2015-08-18,137.36,149.14,124.65,124.65,31886932.0,792855936.0
2015-08-19,117.08,127.14,112.21,122.94,24970254.0,530282208.0
2015-08-20,120.5,121.56,110.67,110.67,17267492.0,360654176.0
2015-08-21,109.45,110.33,99.61,99.61,14082663.0,264342448.0
2015-08-24,93.97,96.68,89.66,89.66,6120020.0,99857712.0
2015-08-25,80.7,82.03,80.7,80.7,6468097.0,94567072.0
2015-08-26,77.39,82.81,72.63,72.75,17307510.0,241060800.0
2015-08-27,75.51,77.11,69.15,77.11,13631232.0,184044608.0
2015-08-28,78.94,84.85,75.9,84.85,15947345.0,233445504.0
2015-08-31,86.67,90.27,83.91,86.51,16890154.0,268723168.0
2015-09-01,83.97,83.97,77.89,77.89,9702815.0,139403568.0
2015-09-02,70.42,80.1,70.09,70.15,10425473.0,138546384.0
2015-09-07,72.41,76.01,70.81,71.97,8002866.0,106061280.0
2015-09-08,72.25,79.05,70.81,79.05,8788270.0,118988384.0
2015-09-09,81.81,83.19,79.38,81.87,13388827.0,196687264.0
2015-09-10,80.15,81.15,76.39,77.06,9789682.0,140036576.0
2015-09-11,76.78,78.49,74.35,75.56,6832334.0,94194192.0
2015-09-14,75.95,78.99,69.59,71.2,11779164.0,159244800.0
2015-09-15,67.99,69.65,64.12,64.95,8750538.0,106720008.0
2015-09-16,64.67,71.47,64.67,71.47,8526018.0,104866632.0
2015-09-17,72.75,75.73,70.86,71.31,12076450.0,159894544.0
2015-09-18,72.69,73.35,70.42,71.86,5211075.0,67590232.0
2015-09-21,69.93,74.18,69.93,73.74,7520464.0,98626152.0
2015-09-22,73.74,74.62,71.2,72.36,8249239.0,108676712.0
2015-09-23,70.75,71.47,67.49,69.04,8477614.0,106839024.0
2015-09-24,69.59,70.7,68.99,70.04,6382550.0,80375168.0
2015-09-25,69.76,69.76,66.39,67.05,4991568.0,61219452.0
2015-09-28,67.77,68.54,66.5,68.21,3386194.0,41453212.0
2015-09-29,66.94,75.01,66.94,75.01,10710951.0,143462624.0
2015-09-30,78.94,78.94,72.58,73.35,17534920.0,240899296.0
2015-10-08,77.39,78.49,74.9,76.28,12656051.0,175240368.0
2015-10-09,76.06,76.17,74.24,75.78,9911726.0,134772016.0
2015-10-12,75.84,81.26,75.84,79.88,15982824.0,227342912.0
2015-10-13,79.49,82.58,77.39,81.42,17834598.0,255968208.0
2015-10-14,80.15,81.26,77.94,77.94,10451135.0,150112400.0
2015-10-15,78.22,80.43,77.39,80.26,10013565.0,143427744.0
2015-10-16,83.91,84.02,80.37,81.92,14799429.0,220327872.0
2015-10-19,80.98,89.83,80.81,88.22,20322014.0,315173632.0
2015-10-20,87.34,87.61,84.85,87.28,14200370.0,222078944.0
2015-10-21,87.39,91.48,78.94,81.31,19538190.0,306592800.0
2015-10-22,80.04,87.34,79.6,86.07,13722606.0,206632576.0
2015-10-23,86.23,91.04,86.12,89.44,19055312.0,305508672.0
2015-10-26,90.71,91.26,86.29,87.78,14453162.0,229736032.0
2015-10-27,87.23,87.34,81.15,86.18,12977344.0,198554320.0
2015-10-28,85.57,86.01,82.25,82.92,8968654.0,136431200.0
2015-10-29,83.52,84.46,81.81,83.19,6691305.0,100665048.0
2015-10-30,83.25,83.25,81.04,82.09,6376214.0,94836400.0
2015-11-02,80.59,82.53,79.6,80.21,5995332.0,87798064.0
2015-11-03,79.77,81.15,79.05,79.82,5001999.0,72435120.0
2015-11-04,80.26,83.75,80.26,83.52,9092243.0,135340912.0
2015-11-05,83.41,84.02,82.25,82.69,9402684.0,141123184.0
2015-11-06,82.36,84.52,82.25,84.19,10627864.0,161564064.0
2015-11-09,82.92,85.46,81.81,85.18,12607021.0,191119584.0
2015-11-10,84.85,86.45,83.91,85.96,13083666.0,202229376.0
2015-11-11,85.84,87.95,84.35,87.34,13607419.0,211788464.0
2015-11-12,89.05,96.07,89.05,96.07,30610836.0,515666304.0
2015-11-13,98.78,102.15,95.08,97.18,34821712.0,620788672.0
2015-11-16,93.81,105.58,92.53,103.26,20050736.0,355406912.0
2015-11-17,104.58,105.41,99.5,99.94,19604056.0,362920416.0
2015-11-18,99.5,100.99,93.75,94.03,13114373.0,229472480.0
2015-11-19,92.98,99.22,92.98,97.73,10158156.0,175901024.0
2015-11-20,97.73,101.99,95.19,99.61,15614825.0,280546720.0
2015-11-23,100.11,104.25,96.46,97.34,15415263.0,280742944.0
2015-11-24,96.9,100.16,96.57,99.5,7945996.0,141329008.0
2015-11-25,98.61,99.61,97.56,99.0,9441933.0,168242928.0
2015-11-26,99.5,100.05,95.91,96.51,9707530.0,171413776.0
2015-11-27,95.63,96.46,86.9,87.72,11704386.0,194352672.0
2015-11-30,86.95,88.72,79.65,85.79,10471843.0,160764544.0
2015-12-01,86.29,88.17,84.91,86.23,6818045.0,106800672.0
2015-12-02,86.18,87.06,81.87,85.68,4719892.0,72225504.0
2015-12-03,86.4,87.78,85.57,87.56,5286649.0,83183800.0
2015-12-04,89.0,90.05,87.39,88.89,7052682.0,113357392.0
2015-12-07,88.44,90.38,87.23,89.38,5741013.0,92223400.0
2015-12-08,88.89,90.32,86.23,89.44,8177567.0,131169880.0
2015-12-09,89.11,91.7,88.0,90.21,7854951.0,128615232.0
2015-12-10,90.27,91.48,89.0,89.6,6980391.0,113826008.0
2015-12-11,88.72,89.44,86.01,86.62,5981701.0,94268712.0
2015-12-14,85.68,87.67,84.41,87.39,4890046.0,75942120.0
2015-12-15,87.45,88.17,86.78,88.0,5388060.0,85415896.0
2015-12-16,88.17,93.97,88.17,93.2,12254831.0,204004144.0
2015-12-17,93.92,94.91,92.48,94.64,12562242.0,212704672.0
2015-12-18,93.97,94.03,91.93,92.53,8207682.0,137852736.0
2015-12-21,91.98,94.25,91.26,93.31,7741079.0,130698976.0
2015-12-22,93.86,94.14,91.43,92.7,6792256.0,113704128.0
2015-12-23,93.69,99.44,93.2,94.8,16537178.0,287387168.0
2015-12-24,95.24,95.46,91.1,92.59,7204241.0,120498824.0
2015-12-25,93.2,93.81,92.04,92.7,4453473.0,74646584.0
2015-12-28,92.92,93.42,89.55,89.55,7543807.0,124673776.0
2015-12-29,88.44,91.48,87.78,90.77,5732867.0,93151008.0
2015-12-30,90.82,92.87,90.27,92.2,4781274.0,79325200.0
2015-12-31,92.31,93.75,91.37,93.75,7995412.0,134359024.0
2016-01-04,94.75,94.75,84.63,84.96,5664250.0,93260496.0
2016-01-05,79.82,87.01,79.05,83.47,7345755.0,110537000.0
2016-01-06,83.75,85.57,82.25,84.85,5184807.0,78788704.0
2016-01-07,83.25,83.25,76.39,76.5,2065403.0,29751926.0
2016-01-08,77.44,80.37,69.76,76.67,6410652.0,88651264.0
2016-01-11,74.07,76.72,68.99,68.99,5896430.0,76947328.0
2016-01-12,69.32,71.09,66.5,69.43,4102882.0,51404884.0
2016-01-13,69.65,71.03,67.05,67.66,3653493.0,45915764.0
2016-01-14,65.28,70.42,64.56,69.54,4030280.0,49488000.0
2016-01-15,69.54,70.2,67.44,67.55,3643551.0,45410624.0
2016-01-18,66.33,69.59,65.78,68.88,3738948.0,46060500.0
2016-01-19,68.88,71.47,68.16,71.25,4952866.0,62987000.0
2016-01-20,71.86,74.84,71.25,73.85,7377124.0,98315160.0
2016-01-21,71.86,74.4,70.2,70.2,4328642.0,56953072.0
2016-01-22,70.92,71.86,67.55,70.98,3097169.0,39255320.0
2016-01-25,71.58,73.52,71.14,73.02,3901062.0,51259192.0
2016-01-26,71.97,72.91,66.33,67.44,3684691.0,46722828.0
2016-01-27,69.98,69.98,61.8,65.5,4135550.0,48568712.0
2016-01-28,64.34,65.23,61.91,62.3,2123602.0,24472976.0
2016-01-29,62.35,65.5,61.91,65.01,2433000.0,28239080.0
2016-02-01,64.84,68.27,64.18,65.89,2807512.0,33622968.0
2016-02-02,65.67,68.16,65.61,67.38,2434248.0,29658508.0
2016-02-03,66.33,67.6,65.67,67.55,2090521.0,25293440.0
2016-02-04,68.49,68.54,67.55,67.99,2071483.0,25526264.0
2016-02-05,68.6,69.1,67.33,67.44,1526259.0,18729362.0
2016-02-15,65.23,69.98,64.73,69.43,3212089.0,39737576.0
2016-02-16,69.43,71.86,68.88,71.81,3663990.0,47275124.0
2016-02-17,71.75,71.75,69.98,71.36,3369213.0,43243124.0
2016-02-18,71.75,72.97,70.48,70.75,3843169.0,49747096.0
2016-02-19,70.2,70.98,69.1,70.75,2868723.0,36308380.0
2016-02-22,71.81,72.3,71.25,71.58,3615059.0,46907860.0
2016-02-23,71.47,72.19,70.15,70.98,2679612.0,34503596.0
2016-02-24,70.75,71.81,70.37,71.75,2912210.0,37538244.0
2016-02-25,71.75,71.75,64.56,64.73,4873056.0,59547080.0
2016-02-26,66.22,66.22,63.73,64.73,2540318.0,29895900.0
2016-02-29,64.73,65.45,59.15,60.31,3421386.0,37919368.0
2016-03-01,60.31,61.91,59.76,61.69,2096311.0,23154760.0
2016-03-02,61.69,64.78,61.69,64.78,2993599.0,34338240.0
2016-03-03,65.17,65.34,64.18,64.23,3752512.0,43914592.0
2016-03-04,64.23,64.4,60.36,61.63,2726139.0,30888060.0
2016-03-07,62.63,64.73,61.97,63.57,2303168.0,26489364.0
2016-03-08,64.12,64.18,61.47,64.01,2173989.0,24762026.0
2016-03-09,62.41,63.57,62.08,62.63,1542109.0,17512478.0
2016-03-10,62.74,65.12,62.74,64.67,4788241.0,55582836.0
2016-03-11,64.12,71.03,63.57,67.55,8460322.0,102241936.0
2016-03-14,66.89,70.09,65.67,68.65,9189559.0,113473768.0
2016-03-15,67.44,68.27,65.39,66.0,6703359.0,80634456.0
2016-03-16,66.22,66.89,64.01,64.23,3570971.0,41997624.0
2016-03-17,64.95,66.11,63.9,65.67,4033033.0,47632968.0
2016-03-18,65.67,69.32,65.23,68.27,7959948.0,97292136.0
2016-03-21,68.93,69.93,68.16,69.81,7807282.0,97436960.0
2016-03-22,69.32,70.09,68.1,69.04,5222588.0,65284848.0
2016-03-23,68.65,69.93,68.49,69.26,3528097.0,44023124.0
2016-03-24,68.77,68.82,66.33,66.33,5136514.0,62995424.0
2016-03-25,66.55,68.38,66.55,68.21,3357095.0,40964760.0
2016-03-28,68.27,69.54,67.05,67.94,3659892.0,45411552.0
2016-03-29,67.44,67.83,65.78,66.06,2980400.0,35879580.0
2016-03-30,66.83,68.21,66.33,68.1,3534139.0,43196464.0
2016-03-31,68.82,68.82,67.66,67.88,4021155.0,49600104.0
2016-04-01,67.88,68.05,65.72,66.89,3016609.0,36363152.0
2016-04-05,66.33,68.65,66.33,68.54,4726679.0,57963872.0
2016-04-06,67.99,69.54,67.99,69.54,5393285.0,67063740.0
2016-04-07,69.54,70.53,68.88,69.1,8323350.0,105113392.0
2016-04-08,68.54,68.77,66.78,67.94,3874840.0,47262684.0
2016-04-11,68.27,69.59,68.21,69.37,8706277.0,108658840.0
2016-04-12,69.1,69.76,66.33,67.38,8583515.0,104950296.0
2016-04-13,68.49,71.25,66.33,70.15,17486948.0,217324384.0
2016-04-14,69.65,69.87,68.54,69.76,11879524.0,148653952.0
2016-04-15,69.7,69.7,67.99,68.54,9831350.0,121953536.0
2016-04-18,68.1,68.16,67.16,67.6,5046419.0,61613536.0
2016-04-19,68.27,68.27,67.0,68.21,4643787.0,56889880.0
2016-04-20,68.16,68.38,62.46,63.46,9502872.0,111463744.0
2016-04-21,63.68,63.79,61.8,61.91,4954583.0,56450624.0
2016-04-22,61.8,62.52,61.36,62.52,2912772.0,32716430.0
2016-04-25,62.52,62.63,61.14,61.85,3419720.0,38213812.0
2016-04-26,61.52,62.68,61.52,62.68,2610368.0,29337672.0
2016-04-27,62.91,63.51,62.24,62.35,3064916.0,34853924.0
2016-04-28,62.52,62.91,61.41,62.74,3205995.0,36097540.0
2016-04-29,62.8,63.02,62.02,62.96,2083224.0,23537442.0
2016-05-03,62.8,66.39,62.52,66.22,7833661.0,92048944.0
2016-05-04,66.22,68.71,65.83,66.39,13817478.0,169001872.0
2016-05-05,66.28,67.27,65.39,66.39,4048065.0,48435336.0
2016-05-06,66.44,66.94,63.73,63.84,5443605.0,64176940.0
2016-05-09,63.35,63.35,61.52,61.91,4003287.0,45091168.0
2016-05-10,62.24,64.4,61.91,64.29,4666691.0,53120720.0
2016-05-11,64.56,65.45,63.13,63.46,5231846.0,60697808.0
2016-05-12,61.74,64.12,61.14,61.85,11776302.0,132037794.0
2016-05-13,61.36,62.35,59.81,60.64,5538778.0,61255620.0
2016-05-16,60.58,60.91,59.2,60.8,3818784.0,41526101.0
2016-05-17,60.8,61.36,59.92,60.53,3708349.0,40602606.0
2016-05-18,60.25,60.25,57.88,58.32,4254109.0,45462030.0
2016-05-19,58.54,59.37,57.99,58.54,2908364.0,30857268.0
2016-05-20,58.54,58.81,57.88,58.7,3160967.0,33389541.0
2016-05-23,58.81,60.09,58.7,59.81,4352487.0,46711950.0
2016-05-24,59.81,59.87,58.04,58.26,4212803.0,44486885.0
2016-05-25,58.59,58.98,57.99,58.26,2567896.0,27167463.0
2016-05-26,58.04,58.48,56.44,57.49,3614443.0,37474738.0
2016-05-27,57.65,57.71,57.16,57.49,2205693.0,22924972.0
2016-05-30,57.49,57.54,56.49,56.94,2235550.0,23048992.0
2016-05-31,56.83,59.59,56.83,59.37,5634702.0,59585705.0
2016-06-01,59.42,59.7,58.81,59.04,5108756.0,54813821.0
2016-06-02,59.15,64.07,57.54,62.19,13957956.0,154535395.0
2016-06-03,62.35,62.35,61.3,61.52,7244850.0,80844727.0
2016-06-06,61.36,62.13,59.92,60.64,7294785.0,80484694.0
2016-06-07,60.63,62.68,60.02,61.63,8331403.0,92802314.0
2016-06-08,60.85,61.19,60.19,60.63,3806199.0,41720196.0
2016-06-13,60.19,61.3,57.53,57.98,5088416.0,55087042.0
2016-06-14,57.42,58.59,56.76,57.53,3692664.0,38496347.0
2016-06-15,57.26,59.03,56.81,58.7,5085802.0,53684443.0
2016-06-16,58.7,58.7,57.65,57.81,5695163.0,59773464.0
2016-06-17,57.7,58.86,57.7,58.09,5463089.0,57576469.0
2016-06-20,58.14,58.42,57.59,58.25,4227756.0,44324977.0
2016-06-21,58.53,58.97,57.26,57.53,4899034.0,51429892.0
2016-06-22,57.48,58.36,56.93,58.31,4646678.0,48449426.0
2016-06-23,57.92,58.31,56.98,57.31,6645249.0,69006651.0
2016-06-24,57.53,57.87,55.6,56.65,7019951.0,72073619.0
2016-06-27,56.15,57.53,56.15,57.48,5729245.0,59215589.0
2016-06-28,57.42,59.25,56.98,59.19,11083313.0,117109012.0
2016-06-29,59.25,60.3,58.64,60.08,10577623.0,113390438.0
2016-06-30,60.08,62.35,59.8,62.02,16696142.0,184200709.0
2016-07-01,62.51,63.4,60.91,61.19,14846543.0,166421733.0
2016-07-04,60.96,62.96,60.52,61.79,12559769.0,141143293.0
2016-07-05,62.35,64.5,62.29,64.12,16308971.0,186870136.0
2016-07-06,63.62,64.12,62.57,64.01,10668339.0,121875900.0
2016-07-07,64.84,67.22,64.06,65.72,19880770.0,236815946.0
2016-07-08,65.83,68.05,65.33,65.67,14206798.0,170944337.0
2016-07-11,66.16,66.83,64.28,64.5,16622281.0,196270369.0
2016-07-12,64.61,65.44,62.84,65.44,14412622.0,166251075.0
2016-07-13,65.78,65.83,64.01,64.95,9855082.0,115754386.0
2016-07-14,64.78,65.06,63.23,64.28,9719405.0,112592101.0
2016-07-15,64.23,65.61,64.01,64.78,8799653.0,103342199.0
2016-07-18,64.78,64.78,63.07,63.56,9615326.0,110769084.0
2016-07-19,63.4,64.17,62.96,64.06,6593526.0,75784352.0
2016-07-20,64.06,65.94,63.73,65.33,11828995.0,139124700.0
2016-07-21,65.17,65.94,64.34,64.56,13199630.0,155474229.0
2016-07-22,64.67,65.0,63.51,63.56,8097856.0,94119319.0
2016-07-25,63.51,64.28,63.45,63.9,4481869.0,51698477.0
2016-07-26,63.73,65.56,63.73,65.39,8608194.0,100988476.0
2016-07-27,65.28,65.56,61.13,62.46,17156793.0,196420275.0
2016-07-28,62.51,62.68,60.96,62.29,7480739.0,83778859.0
2016-07-29,62.07,62.84,61.41,62.4,5438084.0,61092670.0
2016-08-01,62.51,63.07,61.3,62.96,6642777.0,74610702.0
2016-08-02,62.79,62.96,62.02,62.73,3838230.0,43343048.0
2016-08-03,62.62,62.96,61.96,62.29,4308670.0,48617310.0
2016-08-04,62.35,62.46,61.46,62.18,3718964.0,41681492.0
2016-08-05,61.96,62.51,61.68,61.68,4644335.0,52099694.0
2016-08-08,61.52,62.46,61.19,62.46,4196458.0,47164776.0
2016-08-09,62.51,62.79,62.18,62.73,4319147.0,48787386.0
2016-08-10,62.68,62.9,62.13,62.18,4092410.0,46133261.0
2016-08-11,62.24,65.72,62.24,64.5,22088751.0,257427542.0
2016-08-12,64.23,65.17,63.45,64.73,14521635.0,168632949.0
2016-08-15,65.0,65.61,63.84,65.5,16798745.0,197328296.0
2016-08-16,65.5,65.56,64.78,65.22,10864406.0,127890795.0
2016-08-17,65.22,65.45,64.12,64.67,11232199.0,131165456.0
2016-08-18,64.67,65.06,63.9,64.95,10957144.0,127473965.0
2016-08-19,64.45,67.44,64.34,67.33,23786101.0,283931424.0
2016-08-22,67.22,67.22,65.45,65.45,15809560.0,189285688.0
2016-08-23,65.22,66.28,64.67,65.17,8726647.0,103318693.0
2016-08-24,65.28,66.0,64.78,65.11,6671244.0,78703734.0
2016-08-25,64.73,64.78,63.23,64.06,8662205.0,100076245.0
2016-08-26,64.06,66.05,64.06,65.61,13134604.0,155258046.0
2016-08-29,65.67,67.94,65.0,67.6,23733186.0,287037931.0
2016-08-30,68.16,69.43,66.66,66.94,32002119.0,394980581.0
2016-08-31,66.39,67.71,65.94,67.44,13272057.0,160636267.0
2016-09-01,67.49,67.55,65.06,65.61,14045652.0,168446487.0
2016-09-02,65.33,65.94,64.73,65.33,7206500.0,85005336.0
2016-09-05,65.56,65.72,64.78,64.95,6798054.0,80036607.0
2016-09-06,64.73,65.94,64.17,65.89,8010314.0,94038181.0
2016-09-07,65.89,66.33,65.28,65.45,7273900.0,86515866.0
2016-09-08,65.33,66.11,65.11,65.72,6341837.0,75209864.0
2016-09-09,65.44,66.05,64.73,64.78,6744047.0,79449559.0
2016-09-12,63.67,64.17,62.51,62.57,7070959.0,81105645.0
2016-09-13,62.9,63.29,62.51,62.9,3775532.0,42857422.0
2016-09-14,62.73,62.9,62.24,62.4,3893345.0,44001243.0
2016-09-19,62.46,63.07,62.46,63.07,3046600.0,34638716.0
2016-09-20,63.18,63.23,62.68,62.73,3042683.0,34587175.0
2016-09-21,62.73,63.23,62.73,63.12,2565801.0,29236849.0
2016-09-22,63.4,63.9,63.4,63.73,3609845.0,41519762.0
2016-09-23,63.45,64.01,63.45,63.62,2960934.0,34085209.0
2016-09-26,63.45,63.62,61.3,61.52,4529573.0,51267304.0
2016-09-27,61.52,61.91,61.13,61.85,3525614.0,39169606.0
2016-09-28,61.85,61.96,61.46,61.57,1672381.0,18625094.0
2016-09-29,62.07,62.18,61.57,61.63,2220000.0,24818657.0
2016-09-30,61.41,62.51,61.35,62.4,2514519.0,28206532.0
2016-10-10,62.51,63.56,62.51,63.45,3677400.0,42045085.0
2016-10-11,63.62,63.95,63.23,63.79,4798681.0,55154065.0
2016-10-12,63.62,64.28,63.12,64.17,4859118.0,55960908.0
2016-10-13,64.23,65.67,64.01,65.0,8405642.0,98730291.0
2016-10-14,65.5,65.5,64.62,64.89,3450802.0,40499785.0
2016-10-17,64.89,65.28,64.45,65.0,5454799.0,63962275.0
2016-10-18,65.28,67.94,65.0,67.88,19889995.0,240715884.0
2016-10-19,68.05,74.41,67.94,72.97,46832763.0,598519248.0
2016-10-20,71.53,72.47,71.03,72.03,29166122.0,377247905.0
2016-10-21,71.25,73.03,70.92,71.86,27877180.0,361191246.0
2016-10-24,72.08,72.8,71.25,72.03,31753284.0,412511260.0
2016-10-25,71.97,77.34,71.03,76.9,42054843.0,555411059.0
2016-10-26,75.35,75.35,71.92,71.97,31555932.0,418035791.0
2016-10-27,71.92,73.97,71.36,71.75,15950501.0,208669865.0
2016-10-28,71.97,72.03,68.43,68.77,18816885.0,237433321.0
2016-10-31,68.43,69.43,68.32,68.93,8537094.0,106349433.0
2016-11-01,68.71,72.31,68.38,71.59,18397104.0,233951064.0
2016-11-02,70.98,71.64,69.76,69.93,9354424.0,119441691.0
2016-11-03,69.65,72.75,69.37,72.75,20070913.0,260983009.0
2016-11-04,72.91,73.52,70.98,72.19,12609534.0,164019142.0
2016-11-07,71.92,72.08,70.31,70.81,8697612.0,111392354.0
2016-11-08,71.47,71.81,70.26,70.81,7383647.0,94524580.0
2016-11-09,70.81,71.64,70.09,70.7,10858813.0,139339730.0
2016-11-10,71.36,73.25,70.92,71.86,14771318.0,192227123.0
2016-11-11,71.86,72.75,71.47,72.58,11210329.0,146447360.0
2016-11-14,72.75,73.47,71.59,71.92,10915304.0,142532060.0
2016-11-15,71.81,71.81,70.31,70.92,8011451.0,102330630.0
2016-11-16,70.92,71.03,70.15,70.37,6686139.0,85070085.0
2016-11-17,70.15,71.14,70.04,70.76,5442385.0,69403449.0
2016-11-18,70.53,70.76,69.98,70.09,4513500.0,57381840.0
2016-11-21,70.2,70.7,69.48,69.93,5887973.0,74524401.0
2016-11-22,69.93,70.65,69.7,70.2,5470478.0,69458688.0
2016-11-23,70.2,70.7,69.93,69.98,4863576.0,61767845.0
2016-11-24,69.65,69.98,68.21,68.49,8015757.0,100030810.0
2016-11-25,67.88,68.77,66.94,68.6,6687216.0,81925885.0
2016-11-28,68.6,69.37,68.38,68.88,3947182.0,49175169.0
2016-11-29,68.65,69.48,67.99,67.99,4741661.0,58908962.0
2016-11-30,68.27,68.27,65.28,65.89,8407911.0,101517832.0
2016-12-01,65.72,66.55,65.56,66.5,6328278.0,75529925.0
2016-12-02,66.39,66.44,65.33,65.45,3932750.0,46764493.0
2016-12-05,65.0,66.22,64.62,65.89,3379979.0,40137383.0
2016-12-06,66.28,66.61,65.78,66.05,3078193.0,36835106.0
2016-12-07,66.05,67.55,66.05,67.0,6273286.0,76099970.0
2016-12-08,67.11,67.66,66.17,66.39,4258749.0,51505186.0
2016-12-09,66.39,66.94,65.61,66.11,3388933.0,40694261.0
2016-12-12,65.83,66.33,61.02,62.18,6884612.0,79477079.0
2016-12-13,61.63,62.51,61.41,62.13,3564937.0,39965629.0
2016-12-14,62.29,62.79,61.74,62.07,2458890.0,27683297.0
2016-12-15,61.85,62.84,61.74,62.24,2868471.0,32296075.0
2016-12-16,62.02,63.23,61.96,62.9,2631659.0,29858203.0
2016-12-19,62.96,63.34,62.51,62.79,2221992.0,25240756.0
2016-12-20,63.07,63.18,62.4,63.01,2316388.0,26288269.0
2016-12-21,62.84,63.51,62.79,63.18,4218295.0,48094096.0
2016-12-22,63.29,63.84,62.96,63.34,2965121.0,33981362.0
2016-12-23,63.29,63.51,62.24,62.4,2840194.0,32165604.0
2016-12-26,62.18,63.01,61.52,62.96,3136310.0,35279727.0
2016-12-27,62.96,63.18,62.46,62.62,2063680.0,23396438.0
2016-12-28,62.79,62.79,62.29,62.4,1777643.0,20075561.0
2016-12-29,62.13,62.73,62.02,62.35,2139150.0,24114685.0
2016-12-30,62.35,62.84,62.35,62.51,2016200.0,22810414.0
2017-01-03,62.79,63.51,62.62,63.07,3211551.0,36673756.0
2017-01-04,62.84,63.62,62.84,63.51,2837500.0,32485016.0
2017-01-05,63.51,63.84,63.07,63.12,3039938.0,34801287.0
2017-01-06,63.34,63.45,62.24,62.29,4188748.0,47389342.0
2017-01-09,62.29,63.45,61.57,63.18,3472564.0,39373302.0
2017-01-10,63.07,63.34,62.79,62.85,2728883.0,31110742.0
2017-01-11,62.9,63.84,62.9,63.18,3883038.0,44495294.0
2017-01-12,63.18,64.39,63.18,63.73,4604960.0,53206534.0
2017-01-13,63.34,64.56,62.51,63.18,5390048.0,62075183.0
2017-01-16,62.57,62.85,57.09,59.53,7455079.0,81205127.0
2017-01-17,58.42,59.86,57.7,59.58,3195258.0,34058908.0
2017-01-18,59.58,59.58,58.75,58.86,1688812.0,18036832.0
2017-01-19,58.86,58.86,57.7,58.14,2375550.0,24962797.0
2017-01-20,58.14,59.3,58.03,58.86,1867997.0,19879516.0
2017-01-23,58.86,60.02,58.64,58.92,3564683.0,38137838.0
2017-01-24,58.92,59.64,58.64,59.25,1737132.0,18538147.0
2017-01-25,59.3,59.47,58.81,59.25,1366776.0,14639841.0
2017-01-26,59.47,60.58,59.47,60.02,1932440.0,20938212.0
2017-02-03,60.02,60.41,59.25,59.58,1542704.0,16614863.0
2017-02-06,59.8,60.69,59.58,60.41,2441201.0,26622635.0
2017-02-07,60.41,60.41,59.75,60.08,1787234.0,19403466.0
2017-02-08,60.02,60.52,59.75,60.36,1953991.0,21278395.0
2017-02-09,60.19,60.74,60.19,60.63,2487632.0,27208213.0
2017-02-10,61.19,61.19,60.41,60.47,2280068.0,24976689.0
2017-02-13,60.85,61.08,60.24,60.91,2423621.0,26581486.0
2017-02-14,60.63,61.02,60.08,60.24,3556940.0,38812250.0
2017-02-15,60.08,60.52,59.58,59.75,3624621.0,39384549.0
2017-02-16,59.36,59.8,59.03,59.8,2901941.0,31226701.0
2017-02-17,59.75,60.69,59.69,59.97,3240138.0,35245838.0
2017-02-20,59.97,60.52,59.8,60.52,2656794.0,28871512.0
2017-02-21,60.52,61.08,60.19,61.08,4355712.0,47826869.0
2017-02-22,61.24,61.96,60.69,61.96,5089259.0,56314162.0
2017-02-23,64.28,67.38,64.28,64.95,25786718.0,304937210.0
2017-02-24,64.06,64.45,63.12,63.62,10899850.0,125439920.0
2017-02-27,63.34,64.23,62.9,63.34,6297386.0,72391914.0
2017-02-28,63.29,63.51,62.51,62.79,4975599.0,56482678.0
2017-03-01,62.79,63.4,62.68,62.96,3954266.0,45067164.0
2017-03-02,63.07,63.51,62.62,62.68,3599260.0,40928309.0
2017-03-03,62.79,62.79,62.13,62.29,3073054.0,34632803.0
2017-03-06,62.07,62.84,62.02,62.84,3541652.0,40039258.0
2017-03-07,62.62,63.07,62.4,63.07,3701727.0,41957350.0
2017-03-08,63.01,63.62,62.51,62.73,3727683.0,42499041.0
2017-03-09,62.73,62.73,62.02,62.13,2698155.0,30316482.0
2017-03-10,62.57,62.79,62.07,62.79,3010800.0,33965668.0
2017-03-13,62.4,64.62,62.29,63.73,6730446.0,77465766.0
2017-03-14,63.79,63.9,63.18,63.56,4269521.0,48978737.0
2017-03-15,63.29,64.01,63.12,63.18,3084251.0,35413930.0
2017-03-16,63.23,63.9,63.18,63.4,4015526.0,46014239.0
2017-03-17,63.01,63.51,62.51,62.68,4239798.0,48306945.0
2017-03-20,62.57,62.73,62.02,62.46,3358393.0,37806436.0
2017-03-21,62.46,63.34,62.29,63.29,3682760.0,41786919.0
2017-03-22,62.96,63.34,62.57,62.68,3359715.0,38180047.0
2017-03-23,62.68,63.45,62.29,63.12,3837391.0,43691355.0
2017-03-24,63.12,63.45,62.51,63.45,4389286.0,50026898.0
2017-03-27,63.34,64.17,63.23,63.62,6033374.0,69501328.0
2017-03-28,63.45,63.9,63.01,63.01,3206203.0,36771293.0
2017-03-29,63.07,63.29,62.24,62.35,3350330.0,37891743.0
2017-03-30,62.35,62.4,60.24,60.41,5663318.0,62689048.0
2017-03-31,60.41,60.85,59.86,60.3,2589426.0,28287097.0
2017-04-05,60.3,61.13,60.3,61.08,3059188.0,33644263.0
2017-04-06,61.19,61.24,60.69,61.02,2542521.0,27979270.0
2017-04-07,60.85,61.02,60.41,60.41,2834900.0,31067068.0
2017-04-10,60.3,60.47,59.3,59.36,3853356.0,41645170.0
2017-04-11,59.3,59.8,58.7,59.69,4025714.0,43055020.0
2017-04-12,59.75,60.52,59.19,60.13,3871260.0,41899428.0
2017-04-13,59.91,60.24,59.42,59.91,2177272.0,23549375.0
2017-04-14,59.97,59.97,58.86,58.92,2785063.0,29915457.0
2017-04-17,58.81,59.03,57.59,57.92,3331913.0,35072297.0
2017-04-18,58.09,58.86,57.09,57.42,2874776.0,30112271.0
2017-04-19,57.48,58.37,57.26,57.98,3172306.0,33084483.0
2017-04-20,57.98,59.08,57.98,58.92,3307851.0,35072366.0
2017-04-21,59.08,59.36,58.31,58.42,1805018.0,19181836.0
2017-04-24,58.36,58.53,55.05,55.65,5252368.0,53350576.0
2017-04-25,55.71,56.21,54.1,54.22,4786917.0,47607335.0
2017-04-26,54.44,54.6,53.66,54.27,2741503.0,26817721.0
2017-04-27,53.94,54.66,52.61,54.55,3599651.0,34759295.0
2017-04-28,54.33,54.99,53.94,54.77,1639578.0,16157938.0
2017-05-02,54.77,54.99,54.22,54.49,1382352.0,13637858.0
2017-05-03,54.49,54.6,53.44,53.94,2332839.0,22758122.0
2017-05-04,54.05,54.1,53.27,53.5,1607982.0,15607715.0
2017-05-05,53.39,53.39,52.28,52.45,3576399.0,34091718.0
2017-05-08,52.39,52.39,51.51,51.78,2736040.0,25674743.0
2017-05-09,51.73,52.78,51.56,52.61,3075172.0,29066198.0
2017-05-10,52.56,52.78,51.56,51.56,1652868.0,15590870.0
2017-05-11,51.45,51.45,49.62,50.29,3071425.0,27941535.0
2017-05-12,50.29,50.51,49.73,50.07,1498802.0,13563917.0
2017-05-15,50.07,50.56,50.01,50.12,1882356.0,17058639.0
2017-05-16,50.12,51.45,49.73,51.39,2415599.0,22034944.0
2017-05-17,51.51,51.67,51.06,51.23,1908455.0,17715164.0
2017-05-18,50.79,51.62,50.62,51.01,1440313.0,13324219.0
2017-05-19,51.01,51.39,50.34,50.95,1858281.0,17055597.0
2017-05-22,50.84,51.17,50.07,50.34,2034681.0,18574812.0
2017-05-23,50.34,50.4,48.96,48.96,2550500.0,22847805.0
2017-05-24,48.96,49.46,47.91,49.29,1654360.0,14565031.0
2017-05-25,49.35,49.68,48.52,49.51,1756971.0,15613725.0
2017-05-26,49.62,49.9,49.29,49.84,1608361.0,14445200.0
2017-05-31,50.07,51.06,49.79,49.84,1162660.0,10552732.0
2017-06-01,49.84,50.34,49.57,49.68,1279500.0,11531143.0
2017-06-02,49.68,50.4,49.4,50.23,1531582.0,13810455.0
2017-06-05,50.29,50.62,50.23,50.34,1070295.0,9750351.0
2017-06-06,50.23,50.51,50.07,50.45,970530.0,8826829.0
2017-06-07,50.62,51.34,50.45,51.17,2248294.0,20696044.0
2017-06-08,51.17,51.17,50.56,50.73,1785724.0,16391555.0
2017-06-09,50.74,51.02,50.41,50.63,1121557.0,10233424.0
2017-06-12,50.52,50.63,49.91,50.02,1089637.0,9878548.0
2017-06-13,49.74,50.58,49.74,50.52,1280413.0,11616914.0
2017-06-14,50.52,50.74,50.19,50.63,1310753.0,11959488.0
2017-06-15,50.63,51.68,50.63,51.57,3174852.0,29384742.0
2017-06-16,51.57,51.68,51.07,51.3,1519728.0,14079983.0
2017-06-19,51.46,51.57,51.02,51.46,1209343.0,11205292.0
2017-06-20,51.41,51.96,51.3,51.68,2123500.0,19790391.0
2017-06-21,51.74,51.74,51.35,51.63,1245064.0,11577187.0
2017-06-22,51.57,51.63,50.69,50.69,1740751.0,16092137.0
2017-06-23,50.8,51.02,50.3,50.85,2111562.0,19314468.0
2017-06-26,50.69,51.79,50.63,51.74,2466099.0,22881323.0
2017-06-27,51.74,52.35,51.57,51.68,1916327.0,17931152.0
2017-06-28,51.63,51.63,50.96,51.19,1501669.0,13882162.0
2017-06-29,51.52,51.52,51.07,51.41,1023331.0,9480123.0
2017-06-30,51.35,51.63,51.13,51.52,1559549.0,14463681.0
2017-07-03,51.52,51.91,51.3,51.91,1482335.0,13835549.0
2017-07-04,52.02,52.07,51.24,51.35,2522178.0,23452443.0
2017-07-05,51.35,51.52,51.07,51.46,2477069.0,22933204.0
2017-07-06,51.35,51.57,50.96,51.19,2081156.0,19268015.0
2017-07-07,51.07,51.63,50.96,51.46,2133443.0,19719002.0
2017-07-10,51.35,52.02,51.13,51.68,2725750.0,25393418.0
2017-07-11,51.74,51.79,51.13,51.13,1539365.0,14290229.0
2017-07-12,51.13,51.46,49.74,50.3,2572624.0,23420724.0
2017-07-13,50.13,50.46,50.08,50.35,1101388.0,9997831.0
2017-07-14,50.3,50.69,50.02,50.3,961869.0,8732809.0
2017-07-17,50.41,50.52,48.03,48.97,4167450.0,37328820.0
2017-07-18,48.97,50.24,48.75,49.97,2079106.0,18697877.0
2017-07-19,49.97,50.58,49.19,50.46,2310606.0,20833632.0
2017-07-20,50.02,51.02,50.02,50.8,1741277.0,15924719.0
2017-07-21,50.41,50.85,50.35,50.46,1773781.0,16200359.0
2017-07-24,50.13,50.74,50.13,50.74,1464400.0,13345586.0
2017-07-25,50.74,50.85,50.24,50.74,1512784.0,13784394.0
2017-07-26,50.63,50.8,50.24,50.41,1317200.0,11991789.0
2017-07-27,50.3,51.46,49.91,51.46,3230333.0,29692400.0
2017-07-28,51.41,55.06,51.07,53.62,8334648.0,80416317.0
2017-07-31,53.62,54.29,52.96,53.73,4497278.0,43583388.0
2017-08-01,53.73,54.06,52.9,53.29,2704054.0,26063339.0
2017-08-02,52.9,53.9,52.51,52.51,2865182.0,27530655.0
2017-08-03,52.29,52.9,52.13,52.35,1987600.0,18812762.0
2017-08-04,52.29,52.96,52.07,52.51,1971252.0,18701538.0
2017-08-07,52.51,54.29,52.51,53.95,4128116.0,40086386.0
2017-08-08,53.95,54.18,53.18,53.46,2159475.0,20840264.0
2017-08-09,53.46,53.73,53.23,53.57,1929202.0,18629331.0
2017-08-10,53.51,53.51,51.96,52.62,2242686.0,21354348.0
2017-08-11,52.13,53.01,51.24,51.24,2001104.0,18824155.0
2017-08-14,51.24,52.18,51.02,51.96,1798772.0,16805831.0
2017-08-15,52.07,52.07,51.63,51.96,1275526.0,11924075.0
2017-08-16,51.91,52.57,51.85,52.46,1794910.0,16962597.0
2017-08-17,52.18,54.18,52.18,53.29,3223438.0,31072521.0
2017-08-18,53.18,53.68,52.96,53.29,1492955.0,14369578.0
2017-08-21,53.46,53.79,53.07,53.62,2813238.0,27156407.0
2017-08-22,53.62,53.62,52.79,52.96,1586800.0,15182090.0
2017-08-23,52.9,53.34,52.35,53.12,1442647.0,13768645.0
2017-08-24,52.96,53.34,52.74,52.74,1385903.0,13273296.0
2017-08-25,52.62,53.4,52.62,53.29,1472049.0,14125958.0
2017-08-28,53.12,53.9,53.12,53.79,1975959.0,19144711.0
2017-08-29,53.68,54.06,53.34,54.01,1984571.0,19249170.0
2017-08-30,53.79,54.51,53.57,54.12,2191994.0,21443680.0
2017-08-31,54.12,54.56,53.57,53.79,2193654.0,21410200.0
2017-09-01,54.01,54.01,53.34,53.68,1468450.0,14221256.0
2017-09-04,53.68,54.73,53.34,54.62,2995416.0,29403067.0
2017-09-05,54.62,54.78,54.18,54.29,1555460.0,15268670.0
2017-09-06,53.95,55.73,53.95,55.51,4995493.0,49778753.0
2017-09-07,55.23,55.73,54.84,54.95,2836500.0,28297862.0
2017-09-08,54.73,56.23,54.56,55.89,3667824.0,36918951.0
2017-09-11,55.95,56.84,55.62,56.39,3162501.0,32099468.0
2017-09-12,56.45,56.78,55.12,55.28,3940150.0,39659714.0
2017-09-13,55.28,55.84,55.12,55.4,1470706.0,14679693.0
2017-09-14,55.23,55.45,54.56,54.62,2024456.0,20094693.0
2017-09-15,54.62,54.9,54.34,54.56,1620973.0,15957909.0
2017-09-18,54.4,55.17,54.4,55.12,1156696.0,11437624.0
2017-09-19,55.12,55.67,54.84,55.01,1744193.0,17420851.0
2017-09-20,55.06,55.23,54.56,55.01,1104846.0,10944149.0
2017-09-21,54.95,55.17,54.01,54.06,2233300.0,21989696.0
2017-09-22,54.29,54.56,53.18,53.51,1592065.0,15389108.0
2017-09-25,53.51,53.95,53.29,53.4,1270850.0,12328097.0
2017-09-26,53.4,53.95,53.29,53.46,947250.0,9153583.0
2017-09-27,53.4,53.62,53.01,53.46,1345090.0,12938597.0
2017-09-28,53.46,54.45,53.46,53.9,1459358.0,14234978.0
2017-09-29,54.45,54.67,53.18,53.84,926708.0,9014123.0
2017-10-09,54.18,54.62,53.73,54.23,1244868.0,12186340.0
2017-10-10,54.12,55.56,54.06,55.4,3432935.0,34233699.0
2017-10-11,55.39,56.17,54.84,54.95,2844558.0,28517408.0
2017-10-12,54.9,55.28,54.45,54.67,1566471.0,15495283.0
2017-10-13,54.56,56.61,54.56,55.73,2939010.0,29623518.0
2017-10-16,56.78,56.78,54.67,54.78,2212050.0,22041029.0
2017-10-17,54.73,55.12,54.51,54.67,872920.0,8608926.0
2017-10-18,54.73,55.89,54.62,55.34,2229100.0,22223986.0
2017-10-19,55.28,55.34,53.07,53.84,2491701.0,24377825.0
2017-10-20,53.9,55.12,53.46,55.01,1438050.0,14128530.0
2017-10-23,54.95,55.84,54.78,55.51,2974061.0,29751815.0
2017-10-24,55.45,56.23,55.06,55.51,2218729.0,22271013.0
2017-10-25,55.67,56.39,55.67,56.12,4483999.0,45339607.0
2017-10-26,56.11,57.67,55.89,56.84,9802182.0,101019313.0
2017-10-27,56.61,56.78,55.95,56.39,4253797.0,43269528.0
2017-10-30,56.06,57.5,55.56,56.5,5950772.0,60774837.0
2017-10-31,56.45,58.27,56.23,58.11,7816418.0,81436718.0
2017-11-01,57.89,58.39,57.33,57.94,5494988.0,57343830.0
2017-11-02,57.78,58.22,56.89,56.95,4970380.0,51597820.0
2017-11-03,56.95,58.16,56.5,57.22,4305850.0,44575931.0
2017-11-06,57.44,59.38,57.0,59.27,7799595.0,82310086.0
2017-11-07,59.11,59.27,58.44,59.16,5602908.0,59481667.0
2017-11-08,58.72,59.66,58.33,58.61,5954078.0,63269113.0
2017-11-09,58.33,59.27,58.05,59.27,5145415.0,54503199.0
2017-11-10,59.05,59.38,58.5,58.88,3336953.0,35497731.0
2017-11-13,58.61,59.27,58.05,58.05,4156543.0,43966999.0
2017-11-14,57.94,57.94,56.23,56.5,5735850.0,58966460.0
2017-11-15,56.45,57.67,55.95,56.61,2929255.0,30070547.0
2017-11-16,56.39,57.11,56.06,56.5,2171900.0,22218654.0
2017-11-17,56.34,57.33,55.39,56.23,5170776.0,52663781.0
2017-11-20,55.56,56.84,54.67,56.5,3770165.0,37804111.0
2017-11-21,56.45,57.44,55.73,57.39,3709950.0,38066307.0
2017-11-22,57.39,57.72,56.78,57.44,2039831.0,21057809.0
2017-11-23,57.17,57.5,55.17,55.17,2619930.0,26611690.0
2017-11-24,54.73,56.12,54.73,55.45,1755679.0,17563303.0
2017-11-27,55.28,55.39,54.84,54.84,1497100.0,14891137.0
2017-11-28,54.73,55.34,54.51,55.06,1683353.0,16663115.0
2017-11-29,55.06,55.34,54.62,54.67,1663165.0,16464621.0
2017-11-30,54.84,54.9,53.23,53.46,2731191.0,26529181.0
2017-12-01,53.18,53.68,52.73,53.57,1145850.0,11058488.0
2017-12-04,53.51,53.95,53.23,53.34,1006800.0,9731753.0
2017-12-05,53.34,53.34,51.68,51.68,1999571.0,18843969.0
2017-12-06,51.63,52.13,51.41,52.13,1323445.0,12361422.0
2017-12-07,51.79,53.23,51.79,53.23,2112301.0,19958323.0
2017-12-08,54.78,54.78,53.51,53.73,2551886.0,24953791.0
2017-12-11,53.46,54.29,53.4,53.46,1564957.0,15168467.0
2017-12-12,53.23,53.95,53.23,53.34,979900.0,9469050.0
2017-12-13,53.23,53.73,53.23,53.68,718585.0,6942129.0
2017-12-14,53.79,53.9,52.18,53.07,1511547.0,14443509.0
2017-12-15,53.12,53.73,52.62,52.9,984880.0,9439544.0
2017-12-18,52.9,53.34,52.46,52.62,772582.0,7365258.0
2017-12-19,52.62,52.85,52.51,52.57,656000.0,6235206.0
2017-12-20,52.57,52.79,51.85,51.9,997400.0,9385348.0
2017-12-21,51.9,52.24,51.68,52.07,749150.0,7034423.0
2017-12-22,51.96,52.35,51.96,52.07,598234.0,5633249.0
2017-12-25,51.85,52.02,51.02,51.07,1195684.0,11085155.0
2017-12-26,50.69,52.57,50.69,52.4,1793072.0,16822818.0
2017-12-27,52.02,53.18,52.02,52.4,1155204.0,10971472.0
2017-12-28,53.07,53.07,52.18,52.35,1103350.0,10438317.0
2017-12-29,52.35,52.9,52.13,52.62,1088500.0,10318309.0
2018-01-02,52.62,53.34,52.57,53.18,985152.0,9441963.0
2018-01-03,53.34,54.12,52.9,53.57,1875725.0,18117482.0
2018-01-04,53.51,53.95,53.12,53.23,1203150.0,11588989.0
2018-01-05,53.51,54.56,52.96,54.51,2770719.0,26989582.0
2018-01-08,54.67,54.73,53.9,54.23,1187512.0,11629375.0
2018-01-09,54.23,54.67,54.06,54.51,1448382.0,14217201.0
2018-01-10,54.29,54.51,53.51,54.01,1159871.0,11298359.0
2018-01-11,53.73,55.84,53.68,55.12,2473066.0,24629174.0
2018-01-12,55.17,55.34,54.56,54.84,968916.0,9599585.0
2018-01-15,54.67,55.23,54.06,54.12,1318548.0,12984316.0
2018-01-16,54.18,54.18,53.4,53.73,1431600.0,13883689.0
2018-01-17,53.73,54.01,53.23,53.62,1101858.0,10640033.0
2018-01-18,53.62,57.55,53.62,56.5,7681820.0,78137830.0
2018-01-19,56.28,58.0,55.95,57.22,6456139.0,66486370.0
2018-01-22,57.44,57.66,56.61,57.44,2969150.0,30666291.0
2018-01-23,57.39,57.44,56.39,56.78,2354589.0,24208401.0
2018-01-24,56.78,56.84,55.34,56.11,5511456.0,55569626.0
2018-01-25,55.73,57.11,55.51,56.56,3209386.0,32592029.0
2018-01-26,56.23,56.45,55.89,56.0,1703731.0,17259204.0
2018-01-29,56.0,57.06,55.45,56.84,3277212.0,33138500.0
2018-01-30,56.72,57.89,56.67,57.22,3585238.0,37189358.0
2018-01-31,56.95,57.22,55.62,56.28,2314445.0,23512659.0
2018-02-01,56.17,56.78,54.73,54.78,2691119.0,26990334.0
2018-02-02,54.67,57.06,52.96,56.72,4050363.0,40698037.0
2018-02-05,56.45,57.94,55.95,57.72,4540332.0,47018715.0
2018-02-06,56.5,62.04,56.34,58.88,11660211.0,125087734.0
2018-02-07,59.33,60.66,57.39,59.49,8307341.0,88707247.0
2018-02-08,59.66,60.1,58.66,59.55,5615433.0,60128718.0
2018-02-09,57.66,58.5,53.79,54.01,7547852.0,75882521.0
2018-02-12,54.12,59.44,54.12,59.44,7468297.0,77448933.0
2018-02-13,59.72,59.83,58.5,59.33,6543313.0,69923547.0
2018-02-14,59.16,59.83,58.72,59.05,3183933.0,34063767.0
2018-02-22,59.05,61.49,59.05,61.1,7414036.0,80818320.0
2018-02-23,60.49,62.48,60.44,61.04,7656488.0,84600878.0
2018-02-26,61.38,61.99,60.49,61.77,6960164.0,76890982.0
2018-02-27,61.71,62.76,61.04,62.04,6691533.0,74795035.0
2018-02-28,61.6,61.71,59.77,60.93,5281263.0,57955523.0
2018-03-01,62.82,66.25,62.82,63.87,14688273.0,169807817.0
2018-03-02,63.26,64.76,62.82,63.87,7949578.0,91598718.0
2018-03-05,63.7,66.92,63.09,65.97,13233703.0,156123727.0
2018-03-06,66.25,67.3,65.42,65.92,8687954.0,103812653.0
2018-03-07,65.59,67.36,64.48,64.92,8476127.0,100786237.0
2018-03-08,64.48,65.92,63.76,65.92,8266608.0,96388728.0
2018-03-09,65.36,66.14,64.48,65.75,8169154.0,96465593.0
2018-03-12,65.64,66.86,65.09,65.92,6860876.0,81658232.0
2018-03-13,65.64,66.03,63.76,63.98,6997175.0,81808897.0
2018-03-14,64.37,64.37,63.04,63.04,5032653.0,57806334.0
2018-03-15,62.87,64.31,62.65,64.26,4671300.0,53491557.0
2018-03-16,64.15,64.53,62.59,62.65,3972776.0,45608754.0
2018-03-19,62.15,63.15,62.04,62.71,3952090.0,44728099.0
2018-03-20,62.59,65.09,62.15,64.42,6531439.0,75321744.0
2018-03-21,64.04,64.42,62.65,62.65,4719856.0,54302312.0
2018-03-22,62.65,63.15,61.04,61.32,5340013.0,59578687.0
2018-03-23,60.05,61.21,56.28,57.5,8505026.0,90579060.0
2018-03-26,56.95,59.16,56.78,59.11,3926682.0,41331915.0
2018-03-27,59.49,60.16,58.66,59.38,7160759.0,76776963.0
2018-03-28,58.72,60.93,58.72,59.88,5204350.0,56445574.0
2018-03-29,59.44,60.66,59.44,60.44,3387200.0,36878452.0
2018-03-30,61.38,63.32,61.32,61.93,7361680.0,83114271.0
2018-04-02,62.59,62.76,61.54,62.15,3941706.0,44144126.0
2018-04-03,61.6,63.43,61.38,62.76,4155381.0,46825577.0
2018-04-04,62.93,64.09,61.21,62.04,5407700.0,61404760.0
2018-04-09,61.49,62.71,60.82,62.6,4515805.0,50367193.0
2018-04-10,62.54,64.53,62.54,64.48,6207702.0,71536370.0
2018-04-11,64.59,64.7,63.15,63.48,4999782.0,57525557.0
2018-04-12,63.37,63.92,62.43,62.71,3944150.0,44892974.0
2018-04-13,62.65,63.43,61.04,61.21,4761500.0,53334723.0
2018-04-16,60.71,61.93,60.71,61.32,2878483.0,31855896.0
2018-04-17,61.27,62.26,60.27,60.55,3236700.0,35847278.0
2018-04-18,61.32,61.38,58.77,60.27,3523525.0,38066524.0
2018-04-19,60.66,60.66,59.66,59.88,2471225.0,26790588.0
2018-04-20,59.44,60.21,58.61,58.88,2414800.0,25862723.0
2018-04-23,58.99,59.44,56.83,57.55,3288722.0,34398187.0
2018-04-24,57.55,58.99,57.55,58.94,3005555.0,31702123.0
2018-04-25,58.55,59.88,58.27,59.49,2900906.0,30957002.0
2018-04-26,59.51,60.06,58.9,58.96,2030700.0,21721828.0
2018-04-27,59.57,60.73,58.9,60.01,2868582.0,30994680.0
2018-05-02,59.79,61.56,59.45,61.34,4109632.0,45164015.0
2018-05-03,60.95,61.56,60.06,61.17,3521650.0,38638601.0
2018-05-04,61.56,62.17,60.73,61.84,3654815.0,40612633.0
2018-05-07,61.84,62.45,61.45,61.84,4530115.0,50564617.0
2018-05-08,61.84,62.17,61.45,61.9,3896650.0,43384409.0
2018-05-09,61.73,61.84,60.73,61.12,3700335.0,40757908.0
2018-05-10,60.9,64.67,60.9,63.73,9541986.0,108672558.0
2018-05-11,63.73,64.45,62.73,62.95,4916751.0,56218764.0
2018-05-14,62.51,63.17,61.95,62.51,3988015.0,44946568.0
2018-05-15,62.51,64.61,62.12,64.22,7112499.0,81854345.0
2018-05-16,64.22,65.06,63.23,63.84,7217988.0,83509737.0
2018-05-17,63.5,64.56,63.23,63.56,4007455.0,46035834.0
2018-05-18,63.56,64.06,62.17,63.78,3699755.0,42126660.0
2018-05-21,63.95,64.34,63.45,64.0,3130278.0,36072095.0
2018-05-22,63.67,64.28,63.39,63.78,3239076.0,37269421.0
2018-05-23,63.5,64.22,62.62,62.67,4018048.0,46067092.0
2018-05-24,62.56,65.56,62.56,64.45,8136310.0,94324369.0
2018-05-25,64.17,65.67,63.95,64.95,6898453.0,80736634.0
2018-05-28,64.95,68.11,64.89,67.66,16322051.0,197244966.0
2018-05-29,68.0,68.11,63.67,64.17,13215032.0,158026316.0
2018-05-30,62.67,63.62,60.45,60.9,9452370.0,105621221.0
2018-05-31,61.45,62.51,61.06,62.06,4183185.0,46676370.0
2018-06-01,61.84,62.95,61.17,61.73,4139398.0,46232291.0
2018-06-04,61.67,61.67,60.01,60.29,4197107.0,45885738.0
2018-06-05,59.95,62.01,59.95,61.56,3134711.0,34622529.0
2018-06-06,61.78,61.9,61.06,61.28,1890515.0,20912268.0
2018-06-07,61.34,61.67,60.4,60.62,2040682.0,22420998.0
2018-06-08,60.84,60.84,58.84,59.51,3067677.0,33049752.0
2018-06-11,59.62,59.73,58.35,58.57,1844994.0,19632159.0
2018-06-12,58.35,60.4,58.35,60.18,2237241.0,24043202.0
2018-06-13,59.9,60.62,58.96,58.96,1807812.0,19477188.0
2018-06-14,58.79,59.84,58.35,58.79,1390400.0,14781427.0
2018-06-15,59.34,59.4,56.9,57.51,2495545.0,25991437.0
2018-06-19,57.13,57.35,51.75,52.97,4638625.0,45244055.0
2018-06-20,52.24,54.63,52.13,54.13,2979215.0,28706123.0
2018-06-21,53.91,56.13,53.69,54.13,3034379.0,30045882.0
2018-06-22,53.85,55.74,53.24,54.52,1728119.0,16995574.0
2018-06-25,55.19,56.29,54.8,54.91,2238512.0,22402167.0
2018-06-26,54.58,56.07,54.35,55.74,1572487.0,15701610.0
2018-06-27,55.46,57.07,55.3,56.02,2348036.0,23824818.0
2018-06-28,56.02,56.46,55.63,56.35,1785872.0,18076243.0
2018-06-29,56.29,57.4,56.24,57.24,2059999.0,21162618.0
2018-07-02,57.24,57.46,55.46,55.57,2633037.0,26679371.0
2018-07-03,55.57,56.63,55.02,56.52,1837472.0,18551032.0
2018-07-04,56.35,56.68,55.8,55.96,999220.0,10102757.0
2018-07-05,56.35,56.35,54.46,54.69,1274231.0,12751573.0
2018-07-06,54.46,55.74,53.97,54.91,1575697.0,15595257.0
2018-07-09,55.02,56.52,55.02,56.18,1402346.0,14148693.0
2018-07-10,56.13,56.35,55.68,56.29,1013654.0,10242796.0
2018-07-11,55.52,55.8,54.08,55.24,1828733.0,18179884.0
2018-07-12,55.19,56.57,55.19,56.52,2132950.0,21584132.0
2018-07-13,56.52,57.29,55.96,56.74,2103626.0,21520830.0
2018-07-16,56.24,57.02,56.24,56.85,1137747.0,11625949.0
2018-07-17,57.07,57.24,56.02,56.41,1650432.0,16807130.0
2018-07-18,56.68,59.23,56.63,58.12,3977604.0,41196392.0
2018-07-19,58.23,58.23,56.18,57.68,2833917.0,29313661.0
2018-07-20,57.29,58.23,56.96,57.62,1626993.0,16911573.0
2018-07-23,56.35,56.68,55.8,56.52,2993720.0,30367243.0
2018-07-24,56.13,57.18,55.91,56.52,2153928.0,21972917.0
2018-07-25,56.52,57.96,56.29,57.74,2822489.0,29200828.0
2018-07-26,57.68,58.07,57.18,57.68,1798095.0,18696656.0
2018-07-27,57.74,57.74,57.24,57.29,1204907.0,12477030.0
2018-07-30,57.13,57.13,53.24,54.02,4896610.0,48028726.0
2018-07-31,53.8,54.52,53.58,53.69,1361475.0,13250971.0
2018-08-01,53.96,54.3,52.97,53.13,1669864.0,16132847.0
2018-08-02,52.97,53.3,51.14,51.52,2291008.0,21438259.0
2018-08-03,51.47,51.86,51.14,51.25,1383523.0,12820516.0
2018-08-06,51.25,51.25,48.59,49.03,2089277.0,18728616.0
2018-08-07,48.86,50.58,48.59,50.41,1635876.0,14647476.0
2018-08-08,50.41,50.69,49.47,49.69,934857.0,8448924.0
2018-08-09,49.92,50.91,49.69,50.86,1328080.0,12105872.0
2018-08-10,50.86,51.25,50.47,50.8,993958.0,9119699.0
2018-08-13,50.47,50.64,49.75,50.58,970107.0,8761585.0
2018-08-14,50.58,50.97,49.86,50.08,758441.0,6855954.0
2018-08-15,50.08,50.25,49.14,49.36,971248.0,8670377.0
2018-08-16,48.7,49.64,48.7,49.31,752550.0,6684643.0
2018-08-17,49.25,49.69,48.53,48.64,998202.0,8816353.0
2018-08-20,48.75,49.14,48.03,48.75,798695.0,6980208.0
2018-08-21,48.86,49.31,48.7,49.14,806300.0,7128966.0
2018-08-22,49.25,49.31,48.75,48.97,515250.0,4549940.0
2018-08-23,48.59,49.2,48.59,49.08,690450.0,6104921.0
2018-08-24,48.81,49.31,48.59,49.03,409300.0,3610513.0
2018-08-27,48.92,49.97,48.92,49.69,837160.0,7497962.0
2018-08-28,49.75,50.47,49.69,50.25,1322200.0,11961421.0
2018-08-29,49.97,50.25,49.64,49.8,634700.0,5703276.0
2018-08-30,49.47,50.08,48.75,48.92,713000.0,6349363.0
2018-08-31,49.2,49.53,48.92,48.97,575807.0,5101023.0
2018-09-03,49.31,49.31,47.48,47.81,1124100.0,9725542.0
2018-09-04,47.98,48.31,47.37,48.03,1146305.0,9870373.0
2018-09-05,48.31,48.31,45.42,45.76,2217989.0,18600039.0
2018-09-06,45.76,45.87,44.42,44.65,2161682.0,17531932.0
2018-09-07,44.65,47.98,44.54,46.98,2991300.0,24852131.0
2018-09-10,46.76,48.75,46.37,48.53,4033186.0,34853423.0
2018-09-11,48.64,48.64,47.14,47.48,1275536.0,10943755.0
2018-09-12,47.64,47.64,46.76,47.03,778181.0,6613377.0
2018-09-13,47.42,47.48,45.53,46.15,1430350.0,11937173.0
2018-09-14,46.37,46.87,45.76,46.03,722100.0,6023367.0
2018-09-17,45.92,46.09,45.42,45.76,641700.0,5298838.0
2018-09-18,45.59,46.48,45.53,46.26,497427.0,4124517.0
2018-09-19,45.98,46.76,45.98,46.53,1117550.0,9366228.0
2018-09-20,46.14,46.48,45.7,45.81,900100.0,7488865.0
2018-09-21,46.2,46.87,45.65,46.59,952500.0,7956934.0
2018-09-25,46.15,46.59,46.15,46.31,481208.0,4018472.0
2018-09-26,46.37,46.81,46.15,46.48,813650.0,6822897.0
2018-09-27,46.48,51.02,46.31,48.75,4261401.0,37435863.0
2018-09-28,48.75,48.75,48.03,48.47,1543401.0,13469226.0
2018-10-08,47.81,48.09,46.87,46.87,1165201.0,9945417.0
2018-10-09,47.14,48.03,46.98,47.53,796956.0,6828827.0
2018-10-10,48.03,48.92,47.7,48.64,1570687.0,13703588.0
2018-10-11,47.53,47.98,45.59,45.76,1928404.0,16205717.0
2018-10-12,45.59,46.48,41.93,44.7,2323700.0,18468494.0
2018-10-15,44.7,45.76,43.15,43.26,1474214.0,11804529.0
2018-10-16,43.65,47.59,43.32,47.14,3780544.0,31286326.0
2018-10-17,47.14,47.37,45.2,46.09,2006200.0,16755837.0
2018-10-18,46.09,46.7,45.48,46.26,1827462.0,15190810.0
2018-10-19,46.09,47.03,45.03,46.53,2037945.0,16883326.0
2018-10-22,46.87,48.86,46.59,48.03,2627108.0,22693923.0
2018-10-23,48.59,48.59,47.09,47.48,1362900.0,11663941.0
2018-10-24,47.59,48.2,47.48,47.7,1153200.0,9946210.0
2018-10-25,46.7,50.14,46.7,49.25,3589799.0,31730693.0
2018-10-26,48.97,49.53,48.53,48.81,1776400.0,15663298.0
2018-10-29,48.97,49.31,47.48,47.81,1876409.0,16367400.0
2018-10-30,48.31,48.36,47.37,47.81,1394307.0,12058979.0
2018-10-31,48.47,48.64,47.7,48.25,1273208.0,11073972.0
2018-11-01,48.64,48.7,47.81,47.81,2073350.0,18032058.0
2018-11-02,48.25,49.14,47.75,48.81,2651051.0,23162617.0
2018-11-05,48.92,49.47,48.36,49.2,2090260.0,18423044.0
2018-11-06,48.97,48.97,48.36,48.75,934665.0,8192984.0
2018-11-07,48.75,49.2,48.09,48.31,1279758.0,11229210.0
2018-11-08,48.7,48.7,47.92,48.03,892300.0,7768576.0
2018-11-09,48.03,48.42,47.7,47.98,746800.0,6463239.0
2018-11-12,47.59,48.86,47.59,48.81,1224300.0,10688734.0
2018-11-13,48.47,49.64,48.31,49.2,1807108.0,16022314.0
