2012-05-07,12.88,12.88,12.37,12.65,27978520.0,352956320.0
2012-05-08,12.4,12.93,12.32,12.66,20414800.0,258446992.0
2012-05-09,12.59,12.99,12.52,12.76,15539780.0,198517808.0
2012-05-10,12.65,12.65,12.33,12.39,10527300.0,131508624.0
2012-05-11,12.34,12.35,12.05,12.05,7879969.0,95791904.0
2012-05-14,12.17,12.25,11.96,12.04,5699085.0,68956200.0
2012-05-15,11.94,12.21,11.83,12.2,4865961.0,58477320.0
2012-05-16,12.11,12.2,11.94,11.94,3644632.0,43982268.0
2012-05-17,11.91,12.12,11.91,12.04,3866781.0,46506252.0
2012-05-18,11.99,12.0,11.65,11.67,5323184.0,63012708.0
2012-05-21,11.67,11.75,11.55,11.7,2773526.0,32345736.0
2012-05-22,11.71,11.83,11.7,11.78,2932402.0,34471340.0
2012-05-23,11.76,11.78,11.59,11.62,3347255.0,39003464.0
2012-05-24,11.63,11.85,11.58,11.7,3336713.0,39139460.0
2012-05-25,11.72,11.72,11.35,11.41,3320708.0,38290256.0
2012-05-28,11.33,11.44,11.18,11.43,2457690.0,27793784.0
2012-05-29,11.36,11.73,11.35,11.66,3115974.0,35991968.0
2012-05-30,11.61,11.69,11.52,11.56,2016531.0,23367556.0
2012-05-31,11.52,11.84,11.38,11.7,3365148.0,39127132.0
2012-06-01,11.74,11.78,11.55,11.66,2164377.0,25272936.0
2012-06-04,11.45,11.54,11.26,11.27,1968296.0,22500242.0
2012-06-05,11.39,11.47,11.26,11.3,1440996.0,16335088.0
2012-06-06,11.31,11.37,11.19,11.24,1207563.0,13585157.0
2012-06-07,11.34,11.36,11.11,11.14,1135144.0,12752196.0
2012-06-08,11.24,11.32,11.13,11.2,1544023.0,17335496.0
2012-06-11,11.28,11.35,11.18,11.32,1286632.0,14521486.0
2012-06-12,11.28,11.44,11.25,11.38,1635682.0,18578124.0
2012-06-13,11.43,11.52,11.31,11.5,1907193.0,21813354.0
2012-06-14,11.47,11.66,11.43,11.45,1760231.0,20302820.0
2012-06-15,11.47,11.51,11.31,11.36,1408866.0,16083234.0
2012-06-18,11.43,11.62,11.37,11.52,1656268.0,19105768.0
2012-06-19,11.55,11.55,11.37,11.4,1782364.0,20387598.0
2012-06-20,11.41,11.49,11.36,11.38,991322.0,11330084.0
2012-06-21,11.35,11.37,11.15,11.18,1539836.0,17281914.0
2012-06-25,11.19,11.26,11.0,11.01,1044501.0,11635277.0
2012-06-26,11.07,11.07,10.85,11.01,1181341.0,12960501.0
2012-06-27,11.09,11.27,10.96,11.08,1715238.0,19097510.0
2012-06-28,11.11,11.18,10.9,10.93,1139704.0,12587363.0
2012-06-29,10.85,11.06,10.8,11.02,1537389.0,16766798.0
2012-07-02,11.05,11.21,11.03,11.13,1485261.0,16522711.0
2012-07-03,11.13,11.38,11.11,11.32,2643089.0,29781336.0
2012-07-04,11.28,11.38,11.18,11.33,2172965.0,24556040.0
2012-07-05,11.32,11.43,11.2,11.31,2162176.0,24469252.0
2012-07-06,11.32,11.38,11.01,11.3,1999714.0,22417120.0
2012-07-09,11.21,11.23,10.87,10.9,1434068.0,15875789.0
2012-07-10,10.86,10.95,10.75,10.78,988779.0,10704977.0
2012-07-11,10.8,10.88,10.76,10.84,699961.0,7571092.0
2012-07-12,10.82,11.01,10.7,10.99,1356559.0,14748377.0
2012-07-13,10.99,10.99,10.79,10.79,823535.0,8958687.0
2012-07-16,10.79,10.88,10.1,10.16,1679441.0,17453346.0
2012-07-17,10.18,10.35,10.1,10.28,671566.0,6878338.0
2012-07-18,10.28,10.28,10.07,10.26,480025.0,4893203.0
2012-07-19,10.32,10.45,10.22,10.35,808291.0,8378766.0
2012-07-20,10.33,10.4,10.29,10.33,479764.0,4961665.0
2012-07-23,10.28,10.28,10.1,10.17,652886.0,6624336.0
2012-07-24,10.11,10.26,10.03,10.24,500500.0,5103222.0
2012-07-25,10.2,10.65,10.2,10.38,1582279.0,16615427.0
2012-07-26,10.31,10.49,10.28,10.37,620730.0,6423878.0
2012-07-27,10.34,10.44,10.3,10.37,434212.0,4496567.0
2012-07-30,10.5,10.6,10.33,10.37,1434845.0,15038821.0
2012-07-31,10.37,10.42,9.94,10.2,1184434.0,11938734.0
2012-08-01,10.2,10.38,10.13,10.34,880864.0,9063987.0
2012-08-02,10.28,10.28,10.11,10.15,561391.0,5708333.0
2012-08-03,10.2,10.37,10.12,10.36,680887.0,7013187.0
2012-08-06,10.36,10.76,10.33,10.71,2579706.0,27515068.0
2012-08-07,10.72,10.83,10.59,10.66,2942798.0,31412550.0
2012-08-08,10.65,10.65,10.41,10.55,2568229.0,27006824.0
2012-08-09,10.6,11.57,10.6,11.49,11844235.0,131748232.0
2012-08-10,11.44,12.38,11.25,11.88,18869302.0,223535504.0
2012-08-13,11.6,11.99,11.41,11.46,9796710.0,114239728.0
2012-08-14,11.4,11.71,10.96,11.31,7377107.0,83137512.0
2012-08-15,11.15,11.46,11.06,11.16,4018547.0,45122488.0
2012-08-16,11.11,11.26,10.8,10.87,3410491.0,37634992.0
2012-08-17,10.84,11.03,10.69,10.89,2826036.0,30641836.0
2012-08-20,10.8,10.99,10.66,10.95,2171856.0,23508714.0
2012-08-21,10.95,11.2,10.88,11.13,3680547.0,40782780.0
2012-08-22,11.1,11.15,10.85,10.92,3069735.0,33526998.0
2012-08-23,10.92,11.14,10.83,11.14,3188405.0,35196144.0
2012-08-24,11.06,11.17,10.6,10.6,2950186.0,32076820.0
2012-08-27,10.5,10.59,10.33,10.4,2102437.0,21955496.0
2012-08-28,10.39,10.65,10.36,10.52,1371009.0,14418528.0
2012-08-29,10.49,10.68,10.46,10.57,1296229.0,13738476.0
2012-08-30,10.51,10.78,10.37,10.64,2321670.0,24579164.0
2012-08-31,10.62,10.75,10.55,10.62,1221576.0,13009332.0
2012-09-03,10.71,11.05,10.71,10.9,2823255.0,30826370.0
2012-09-04,11.01,11.06,10.86,10.91,2186273.0,23960502.0
2012-09-05,10.94,11.35,10.86,11.24,3696205.0,41349984.0
2012-09-06,11.18,11.33,11.15,11.19,2352054.0,26385200.0
2012-09-07,11.28,11.49,11.16,11.32,3511984.0,39836012.0
2012-09-10,11.29,11.37,11.17,11.35,2397073.0,27017242.0
2012-09-11,11.3,11.3,11.14,11.25,1779174.0,19933138.0
2012-09-12,11.24,11.3,11.08,11.2,2010883.0,22417510.0
2012-09-13,11.17,11.22,10.97,10.97,1133221.0,12592047.0
2012-09-14,11.1,11.12,10.9,11.03,863176.0,9510473.0
2012-09-17,11.03,11.11,10.81,10.89,1150803.0,12581017.0
2012-09-18,10.78,10.99,10.78,10.89,773000.0,8424932.0
2012-09-19,10.86,10.97,10.86,10.97,707949.0,7734796.0
2012-09-20,10.97,10.97,10.61,10.65,1407635.0,15067318.0
2012-09-21,10.6,10.83,10.55,10.66,584660.0,6262423.0
2012-09-24,10.6,10.73,10.51,10.7,612664.0,6517411.0
2012-09-25,10.71,10.86,10.65,10.73,661161.0,7109729.0
2012-09-26,10.72,10.72,10.34,10.34,894052.0,9398465.0
2012-09-27,10.33,10.69,10.33,10.54,621717.0,6565454.0
2012-09-28,10.5,10.74,10.5,10.69,422705.0,4507324.0
2012-10-08,10.8,10.82,10.65,10.66,245770.0,2623924.0
2012-10-09,10.66,10.93,10.66,10.9,661828.0,7179039.0
2012-10-10,10.86,10.95,10.78,10.93,810628.0,8817226.0
2012-10-11,10.87,10.9,10.69,10.71,645498.0,6960546.0
2012-10-12,10.78,10.85,10.61,10.68,468369.0,5014886.0
2012-10-15,10.75,10.75,10.25,10.35,1188797.0,12380841.0
2012-10-16,10.35,10.36,10.15,10.33,1163361.0,11965127.0
2012-10-17,10.3,10.35,10.2,10.33,870269.0,8942950.0
2012-10-18,10.34,10.47,10.3,10.46,1376509.0,14330631.0
2012-10-19,10.48,10.48,10.39,10.42,626956.0,6536778.0
2012-10-22,10.39,10.44,10.33,10.44,464695.0,4828348.0
2012-10-23,10.36,10.48,10.36,10.39,477717.0,4981092.0
2012-10-24,10.34,10.41,10.3,10.35,519523.0,5375943.0
2012-10-25,10.31,10.4,10.3,10.31,398200.0,4121148.0
2012-10-26,10.36,10.87,10.36,10.69,4166854.0,44488536.0
2012-10-29,10.62,10.82,10.53,10.79,1905730.0,20398882.0
2012-10-30,10.76,10.87,10.67,10.74,1326308.0,14307296.0
2012-10-31,10.75,10.87,10.62,10.8,1279844.0,13735511.0
2012-11-01,10.77,10.93,10.69,10.82,2109363.0,22868222.0
2012-11-02,10.82,11.04,10.77,10.98,2044765.0,22321308.0
2012-11-05,10.9,11.02,10.75,10.77,1548122.0,16822122.0
2012-11-06,10.74,10.81,10.5,10.68,1704132.0,18130274.0
2012-11-07,10.66,10.69,10.48,10.5,947279.0,10012051.0
2012-11-08,10.37,10.49,10.35,10.35,678683.0,7063288.0
2012-11-09,10.29,10.39,10.25,10.3,1088573.0,11211864.0
2012-11-12,10.35,10.45,10.23,10.41,1157894.0,11948880.0
2012-11-13,10.53,10.69,10.42,10.53,1981433.0,20886094.0
2012-11-14,10.48,10.52,10.26,10.43,867371.0,9019802.0
2012-11-15,10.37,10.43,10.12,10.12,869016.0,8920981.0
2012-11-16,10.12,10.19,9.85,10.0,763388.0,7602209.0
2012-11-19,10.02,10.06,9.9,10.05,550701.0,5508825.0
2012-11-20,10.1,10.12,10.0,10.0,580851.0,5831213.0
2012-11-21,10.06,10.19,9.98,10.16,742529.0,7490729.0
2012-11-22,10.17,10.17,10.03,10.07,434466.0,4385736.0
2012-11-23,10.05,10.15,10.05,10.09,468638.0,4731837.0
2012-11-26,10.07,10.21,10.04,10.09,469410.0,4744529.0
2012-11-27,10.05,10.05,9.52,9.52,860223.0,8377002.0
2012-11-28,9.51,9.58,9.25,9.28,729540.0,6825560.0
2012-11-29,9.3,9.38,9.0,9.08,492658.0,4551330.0
2012-11-30,9.08,9.24,9.07,9.18,338010.0,3091108.0
2012-12-03,9.18,9.22,8.85,8.87,340380.0,3079433.0
2012-12-04,8.88,9.02,8.64,9.01,919732.0,8134097.0
2012-12-05,9.0,9.5,8.96,9.3,1277753.0,11874080.0
2012-12-06,9.26,9.35,9.2,9.21,541783.0,5016890.0
2012-12-07,9.18,9.39,9.17,9.39,1395251.0,12993831.0
2012-12-10,9.39,9.54,9.28,9.54,1832181.0,17270208.0
2012-12-11,9.55,9.55,9.37,9.38,999375.0,9441967.0
2012-12-12,9.37,9.46,9.24,9.38,920195.0,8609032.0
2012-12-13,9.36,9.42,9.22,9.24,583293.0,5432164.0
2012-12-14,9.19,9.66,9.19,9.58,1815996.0,17312834.0
2012-12-17,9.59,9.65,9.53,9.6,1602528.0,15372440.0
2012-12-18,9.6,9.68,9.5,9.55,1156100.0,11109526.0
2012-12-19,9.52,9.73,9.5,9.64,1164128.0,11225427.0
2012-12-20,9.64,9.88,9.57,9.78,1820738.0,17747168.0
2012-12-21,9.78,10.13,9.74,9.99,2890551.0,28770640.0
2012-12-24,10.02,10.38,10.02,10.31,2990217.0,30671972.0
2012-12-25,10.3,10.69,10.24,10.61,3976067.0,41768216.0
2012-12-26,10.88,11.36,10.88,11.0,6279241.0,69609072.0
2012-12-27,10.89,10.96,10.51,10.54,4352926.0,46727644.0
2012-12-28,10.48,10.92,10.48,10.77,2863591.0,30764422.0
2012-12-31,10.8,11.01,10.8,10.96,2614569.0,28580900.0
2013-01-04,11.02,11.09,10.78,10.83,2227495.0,24238000.0
2013-01-07,10.73,10.96,10.7,10.91,1751401.0,18980330.0
2013-01-08,10.85,11.05,10.75,10.95,2959150.0,32362490.0
2013-01-09,10.98,11.01,10.65,10.8,2786185.0,30206526.0
2013-01-10,10.73,10.9,10.7,10.79,1741777.0,18784980.0
2013-01-11,10.79,10.95,10.65,10.7,2593448.0,28076654.0
2013-01-14,10.66,11.17,10.61,11.09,3510645.0,38506432.0
2013-01-15,11.24,11.41,11.13,11.2,3947293.0,44396584.0
2013-01-16,11.1,11.23,10.82,11.07,2885110.0,31802954.0
2013-01-17,11.01,11.05,10.81,10.9,1404503.0,15350931.0
2013-01-18,11.05,11.08,10.87,10.95,2322676.0,25468636.0
2013-01-21,10.99,11.04,10.92,11.0,2295033.0,25176232.0
2013-01-22,11.02,11.18,10.73,10.76,4784652.0,52687796.0
2013-01-23,10.7,10.82,10.35,10.53,3853667.0,40650516.0
2013-01-24,10.59,10.7,10.1,10.19,3484287.0,36371688.0
2013-01-25,10.28,10.36,10.2,10.25,1562749.0,16044786.0
2013-01-28,10.25,10.5,10.25,10.5,1693593.0,17631360.0
2013-01-29,10.49,10.58,10.41,10.54,2064905.0,21745018.0
2013-01-30,10.54,10.95,10.54,10.75,3313409.0,35769736.0
2013-01-31,10.79,10.79,10.57,10.64,1480764.0,15781904.0
2013-02-01,10.58,10.83,10.58,10.76,1668530.0,17913026.0
2013-02-04,10.78,10.81,10.56,10.65,1251627.0,13365632.0
2013-02-05,10.61,10.74,10.51,10.74,1279724.0,13606002.0
2013-02-06,10.78,10.83,10.71,10.82,1277908.0,13784595.0
2013-02-07,10.83,10.88,10.7,10.84,1097638.0,11853864.0
2013-02-08,10.83,11.0,10.82,10.99,1775493.0,19430968.0
2013-02-18,11.03,11.26,10.98,11.2,3260696.0,36411332.0
2013-02-19,11.18,11.22,10.82,10.88,2072375.0,22761098.0
2013-02-20,10.84,11.09,10.8,11.05,1946769.0,21330702.0
2013-02-21,11.0,11.49,10.85,11.48,8345426.0,93733128.0
2013-02-22,11.6,11.95,11.2,11.36,10751086.0,124716200.0
2013-02-25,11.4,11.4,11.13,11.19,3895285.0,43612952.0
2013-02-26,11.13,11.34,11.0,11.02,2665680.0,29834948.0
2013-02-27,11.19,11.19,10.98,11.05,3028233.0,33492640.0
2013-02-28,11.08,11.3,10.99,11.27,2634796.0,29484698.0
2013-03-01,11.27,11.31,11.14,11.28,2780494.0,31208220.0
2013-03-04,11.2,11.24,10.8,10.94,2834902.0,31313232.0
2013-03-05,10.9,11.13,10.82,11.11,2120868.0,23298188.0
2013-03-06,11.15,11.37,11.0,11.32,3277783.0,36926276.0
2013-03-07,11.3,11.53,11.13,11.27,3246180.0,36841292.0
2013-03-08,11.25,11.38,11.17,11.32,1751476.0,19758500.0
2013-03-11,11.29,11.54,11.27,11.38,2115981.0,24151220.0
2013-03-12,11.44,11.44,10.74,10.84,3027709.0,33358396.0
2013-03-13,10.78,10.85,10.6,10.6,1741673.0,18611764.0
2013-03-14,10.65,10.75,10.6,10.63,682896.0,7277601.0
2013-03-15,10.65,10.95,10.6,10.73,1347544.0,14529651.0
2013-03-18,10.63,10.86,10.63,10.77,1081552.0,11655588.0
2013-03-19,10.83,11.02,10.66,11.02,1516369.0,16436146.0
2013-03-20,11.0,11.25,10.93,11.24,2188380.0,24307800.0
2013-03-21,11.24,11.39,11.17,11.35,2401421.0,27147928.0
2013-03-22,11.37,11.43,11.3,11.42,2198777.0,24983270.0
2013-03-25,11.72,11.85,11.42,11.51,5673156.0,65755272.0
2013-03-26,10.95,11.1,10.8,11.05,4567980.0,50242104.0
2013-03-27,11.04,11.09,10.83,10.94,2919566.0,31980666.0
2013-03-28,10.9,10.9,10.53,10.59,2230143.0,23680564.0
2013-03-29,10.59,10.65,10.45,10.59,1440459.0,15162185.0
2013-04-01,10.51,10.63,10.38,10.44,1325522.0,13904483.0
2013-04-02,10.45,10.57,10.15,10.21,2019955.0,20824420.0
2013-04-03,10.25,10.27,9.86,9.92,2052200.0,20560184.0
2013-04-08,9.78,9.97,9.64,9.96,1231778.0,12035773.0
2013-04-09,9.94,10.07,9.9,10.01,2119070.0,21105602.0
2013-04-10,9.99,10.0,9.83,9.89,915460.0,9069471.0
2013-04-11,9.97,10.01,9.88,9.93,841561.0,8364955.0
2013-04-12,9.95,9.98,9.84,9.97,820786.0,8155681.0
2013-04-15,9.92,9.94,9.69,9.72,806192.0,7863923.0
2013-04-16,9.68,9.81,9.55,9.79,608363.0,5900702.0
2013-04-17,9.79,9.88,9.71,9.83,569943.0,5581146.0
2013-04-18,9.77,9.9,9.77,9.88,602925.0,5939290.0
2013-04-19,9.89,10.09,9.85,10.04,1286620.0,12872178.0
2013-04-22,9.97,10.06,9.95,10.05,1017130.0,10174752.0
2013-04-23,10.08,10.08,9.68,9.68,1067959.0,10481087.0
2013-04-24,9.71,9.9,9.62,9.89,848772.0,8337935.0
2013-04-25,9.9,9.97,9.77,9.8,818988.0,8082517.0
2013-04-26,9.81,9.89,9.56,9.63,1233900.0,11926266.0
2013-05-02,9.6,9.63,9.41,9.63,1088496.0,10326123.0
2013-05-03,9.62,10.3,9.53,9.73,1699879.0,16744684.0
2013-05-06,9.74,9.94,9.74,9.89,1620188.0,16004571.0
2013-05-07,9.88,9.96,9.85,9.92,1145435.0,11342633.0
2013-05-08,9.92,10.33,9.92,10.24,2622365.0,26660738.0
2013-05-09,10.24,10.24,10.05,10.19,1171880.0,11879015.0
2013-05-10,10.09,10.22,10.08,10.19,1037479.0,10536235.0
2013-05-13,10.18,10.33,10.09,10.14,1183077.0,12059523.0
2013-05-14,10.15,10.15,9.93,9.98,1037273.0,10355741.0
2013-05-15,9.99,10.09,9.97,10.08,1003271.0,10055638.0
2013-05-16,10.09,10.25,9.98,10.14,1833094.0,18630732.0
2013-05-17,10.14,10.39,10.06,10.36,2243392.0,23114484.0
2013-05-20,10.37,10.55,10.33,10.47,1867031.0,19522222.0
2013-05-21,10.6,10.83,10.6,10.67,3321576.0,35649252.0
2013-05-22,10.66,10.86,10.56,10.7,2101549.0,22518966.0
2013-05-23,10.64,10.75,10.47,10.53,1679369.0,17796696.0
2013-05-24,10.53,10.75,10.5,10.72,1364654.0,14527891.0
2013-05-27,10.78,10.93,10.75,10.81,1948315.0,21108468.0
2013-05-28,10.85,10.85,10.54,10.68,1287631.0,13740502.0
2013-05-29,10.68,10.73,10.63,10.69,1401774.0,14981181.0
2013-05-30,10.65,10.95,10.6,10.89,2242043.0,24113244.0
2013-05-31,10.88,10.88,10.68,10.69,1761836.0,18990334.0
2013-06-03,10.69,10.85,10.53,10.55,1348635.0,14309929.0
2013-06-04,10.55,10.59,10.11,10.18,1867365.0,19326010.0
2013-06-05,10.15,10.27,10.15,10.21,804818.0,8217569.0
2013-06-06,10.26,10.26,10.08,10.12,787315.0,8000213.0
2013-06-07,10.18,10.18,9.85,9.91,903226.0,9016482.0
2013-06-13,9.85,9.86,9.55,9.67,821415.0,7947350.0
2013-06-14,9.67,9.85,9.67,9.85,736679.0,7196836.0
2013-06-17,9.9,9.99,9.76,9.92,575959.0,5579925.0
2013-06-18,9.95,9.98,9.76,9.87,489209.0,4733371.0
2013-06-19,9.84,9.84,9.56,9.73,944342.0,8969991.0
2013-06-20,9.68,9.77,9.56,9.57,797637.0,7566054.0
2013-06-21,9.52,9.55,9.35,9.52,854264.0,7887350.0
2013-06-24,9.49,9.58,9.02,9.05,884877.0,8013025.0
2013-06-25,9.14,9.14,8.55,9.07,1012219.0,8858379.0
2013-06-26,9.13,9.25,8.94,9.2,702608.0,6283074.0
2013-06-27,9.2,9.39,9.09,9.11,863608.0,7843285.0
2013-06-28,8.99,9.3,8.99,9.13,437176.0,3920785.0
2013-07-01,9.06,9.27,9.06,9.24,484866.0,4359148.0
2013-07-02,9.35,9.48,9.24,9.47,678505.0,6235283.0
2013-07-03,9.47,9.47,9.27,9.35,537172.0,4913105.0
2013-07-04,9.35,9.52,9.25,9.38,830081.0,7629136.0
2013-07-05,9.43,9.43,9.28,9.31,505082.0,4630247.0
2013-07-08,9.29,9.29,8.96,9.0,518730.0,4596369.0
2013-07-09,9.0,9.06,8.96,9.04,264505.0,2336834.0
2013-07-10,9.0,9.93,9.0,9.5,1350555.0,12598268.0
2013-07-11,9.57,9.75,9.47,9.66,1300372.0,12254080.0
2013-07-12,9.62,9.72,9.5,9.53,619341.0,5839914.0
2013-07-15,9.59,9.75,9.53,9.73,749452.0,7105385.0
2013-07-16,9.65,9.89,9.65,9.82,949885.0,9125173.0
2013-07-17,9.8,9.89,9.7,9.72,656224.0,6285882.0
2013-07-18,9.6,9.79,9.56,9.72,774149.0,7358894.0
2013-07-19,9.73,9.92,9.68,9.68,1252430.0,12039643.0
2013-07-22,10.61,10.62,9.91,10.15,3170461.0,31726032.0
2013-07-23,10.15,10.27,9.96,10.25,2171390.0,21538360.0
2013-07-24,10.15,10.23,10.03,10.16,1860987.0,18427414.0
2013-07-25,10.15,10.18,9.75,9.85,1488298.0,14497510.0
2013-07-26,9.93,9.96,9.66,9.86,711057.0,6868646.0
2013-07-29,9.84,9.97,9.7,9.92,707137.0,6846568.0
2013-07-30,9.75,9.95,9.52,9.69,1428659.0,13531189.0
2013-07-31,9.72,9.78,9.69,9.7,687978.0,6558169.0
2013-08-01,9.77,10.08,9.7,10.03,1423434.0,13865370.0
2013-08-02,10.04,10.28,10.04,10.18,1681563.0,16796838.0
2013-08-05,10.21,10.27,10.12,10.24,1147597.0,11488278.0
2013-08-06,10.22,11.21,10.21,11.0,8506276.0,91101760.0
2013-08-07,10.87,10.96,10.62,10.63,4534084.0,47715152.0
2013-08-08,10.62,10.8,10.55,10.64,1702879.0,17818340.0
2013-08-09,10.66,10.88,10.54,10.64,1765826.0,18511588.0
2013-08-12,10.72,10.9,10.57,10.84,2488728.0,26204844.0
2013-08-13,10.81,10.82,10.72,10.77,1368900.0,14437466.0
2013-08-14,10.82,10.95,10.72,10.77,2307653.0,24524044.0
2013-08-15,10.82,10.88,10.54,10.58,1656290.0,17422388.0
2013-08-16,10.56,10.7,10.32,10.32,1797542.0,18415148.0
2013-08-19,10.28,10.48,10.2,10.45,939226.0,9568339.0
2013-08-20,10.45,10.59,10.35,10.53,852347.0,8762258.0
2013-08-21,10.53,10.61,10.41,10.59,763521.0,7878699.0
2013-08-22,10.57,10.74,10.49,10.68,1405900.0,14643329.0
2013-08-23,10.66,10.76,10.31,10.49,1335590.0,13788178.0
2013-08-26,10.55,10.68,10.49,10.64,1027998.0,10678727.0
2013-08-27,10.64,10.78,10.63,10.75,1227884.0,12882370.0
2013-08-28,10.72,10.75,10.51,10.58,1240077.0,12873981.0
2013-08-29,10.61,10.72,10.54,10.63,898566.0,9348758.0
2013-08-30,10.58,10.7,10.19,10.26,1680637.0,17131266.0
2013-09-02,10.3,10.38,10.2,10.38,742352.0,7489400.0
2013-09-03,10.39,10.57,10.39,10.55,892064.0,9189084.0
2013-09-04,10.47,10.64,10.45,10.56,658640.0,6788409.0
2013-09-05,10.63,10.63,10.4,10.51,888479.0,9107885.0
2013-09-06,10.51,10.53,10.38,10.49,825646.0,8463422.0
2013-09-09,10.56,10.75,10.48,10.7,2033255.0,21199068.0
2013-09-10,10.71,10.77,10.62,10.69,1643432.0,17221830.0
2013-09-11,10.73,10.9,10.64,10.73,1537355.0,16209524.0
2013-09-12,10.8,10.8,10.61,10.7,1195298.0,12543847.0
2013-09-13,10.66,10.93,10.66,10.82,1544476.0,16373045.0
2013-09-16,10.79,11.05,10.79,10.96,2019318.0,21745348.0
2013-09-17,11.02,11.03,10.64,10.66,1562051.0,16648163.0
2013-09-18,10.66,10.7,10.42,10.56,1278881.0,13211112.0
2013-09-23,10.66,10.8,10.56,10.79,999627.0,10476930.0
2013-09-24,10.79,10.89,10.72,10.81,1061780.0,11246772.0
2013-09-25,10.83,11.04,10.78,10.99,2095170.0,22409104.0
2013-09-26,10.98,11.0,10.69,10.7,1463051.0,15533107.0
2013-09-27,10.66,10.81,10.62,10.72,679152.0,7138328.0
2013-09-30,10.73,11.18,10.73,10.99,1814131.0,19551832.0
2013-10-08,10.99,11.21,10.92,11.16,1675917.0,18264576.0
2013-10-09,11.11,11.21,11.05,11.15,1222235.0,13318259.0
2013-10-10,11.14,11.38,11.1,11.28,2207988.0,24311254.0
2013-10-11,11.33,11.41,11.21,11.37,1801532.0,20003928.0
2013-10-14,11.4,11.43,11.28,11.34,1879134.0,20886838.0
2013-10-15,11.35,11.41,11.01,11.11,1909533.0,20891572.0
2013-10-16,11.03,11.14,10.74,10.76,1721972.0,18308526.0
2013-10-17,10.75,11.79,10.75,11.36,6057737.0,67999576.0
2013-10-18,11.58,11.73,11.44,11.53,4925008.0,55681060.0
2013-10-21,11.63,11.89,11.48,11.86,4191923.0,48196484.0
2013-10-22,11.85,11.93,11.56,11.72,2616955.0,30126718.0
2013-10-23,11.72,11.79,11.23,11.33,2288708.0,25616404.0
2013-10-24,11.35,11.65,11.35,11.46,1802934.0,20346214.0
2013-10-25,11.45,11.55,11.26,11.36,1444747.0,16086118.0
2013-10-28,11.45,11.89,11.45,11.84,2651705.0,30415180.0
2013-10-29,11.86,11.88,11.07,11.37,3415869.0,38272940.0
2013-10-30,11.38,12.4,11.24,12.25,5577627.0,65202996.0
2013-10-31,12.07,12.74,12.05,12.29,10395241.0,127045256.0
2013-11-01,12.14,12.69,11.95,12.61,5010256.0,60953868.0
2013-11-04,12.63,12.86,12.45,12.62,4450843.0,55267284.0
2013-11-05,12.52,12.84,12.12,12.84,4820885.0,58897240.0
2013-11-06,12.66,12.85,12.33,12.35,3809996.0,46886772.0
2013-11-07,12.27,12.55,12.16,12.35,3302252.0,40087700.0
2013-11-08,12.24,12.45,12.04,12.36,2733749.0,32942070.0
2013-11-11,12.36,12.96,11.99,12.91,4730111.0,58683748.0
2013-11-12,12.86,13.23,12.66,13.04,5915051.0,75188496.0
2013-11-13,12.89,13.51,12.82,13.13,6579269.0,85160144.0
2013-11-14,13.0,13.93,12.89,13.78,8484906.0,112054352.0
2013-11-15,13.68,14.54,13.59,14.22,9572055.0,131002048.0
2013-11-18,14.13,14.54,13.9,14.03,7703053.0,106647728.0
2013-11-19,13.95,14.34,13.86,14.08,5769167.0,79598248.0
2013-11-20,14.03,14.08,13.67,13.94,4725902.0,64113768.0
2013-11-21,13.88,14.49,13.78,14.34,5815257.0,80948328.0
2013-11-22,14.22,14.53,13.94,14.09,3098676.0,43129468.0
2013-11-25,13.98,15.08,13.9,14.94,6625338.0,95076176.0
2013-11-26,14.94,15.16,14.7,14.89,4961960.0,72670864.0
2013-11-27,14.81,15.26,14.7,14.89,4018156.0,58913380.0
2013-11-28,15.02,15.3,14.76,15.18,4400327.0,64890900.0
2013-11-29,15.17,15.93,15.05,15.7,5879178.0,89777648.0
2013-12-02,14.29,14.9,14.12,14.12,6899282.0,96983824.0
2013-12-03,13.41,14.35,12.85,13.95,8139000.0,108388472.0
2013-12-04,13.8,14.46,13.69,14.07,6364082.0,88483336.0
2013-12-05,13.93,14.13,13.43,13.57,5259619.0,70691224.0
2013-12-06,13.57,13.96,13.22,13.32,4192391.0,55971728.0
2013-12-09,13.36,13.98,13.36,13.87,4174872.0,56238700.0
2013-12-10,13.93,14.08,13.68,13.8,4216329.0,57270264.0
2013-12-11,13.62,13.68,13.01,13.18,6080958.0,79426640.0
2013-12-12,13.21,13.79,13.19,13.69,5742952.0,76178088.0
2013-12-13,13.52,14.12,13.41,13.96,7480153.0,101490912.0
2013-12-16,14.0,14.15,13.54,13.56,7073746.0,96353952.0
2013-12-17,13.52,13.67,13.11,13.31,4064348.0,52930224.0
2013-12-18,13.31,13.43,13.03,13.11,2777693.0,35916116.0
2013-12-19,13.16,13.31,13.06,13.06,2077469.0,26870664.0
2013-12-20,13.02,13.22,12.91,12.93,1861888.0,23864644.0
2013-12-23,12.97,13.04,12.6,12.64,2286953.0,28550032.0
2013-12-24,12.75,13.15,12.68,13.04,4579499.0,58166456.0
2013-12-25,13.16,13.65,13.07,13.52,5898412.0,77663976.0
2013-12-26,13.45,13.46,12.9,12.91,5955156.0,76695128.0
2013-12-27,13.07,13.62,12.96,13.57,6567225.0,86151296.0
2013-12-30,13.69,14.01,13.6,13.62,5196173.0,70161064.0
2013-12-31,13.46,13.65,13.28,13.49,2807288.0,37032236.0
2014-01-02,13.65,13.65,13.39,13.63,3300614.0,43787380.0
2014-01-03,13.62,14.03,13.42,13.97,6792341.0,91736152.0
2014-01-06,13.82,13.94,13.27,13.32,4117323.0,54588128.0
2014-01-07,13.22,13.39,13.02,13.31,3296494.0,42701344.0
2014-01-08,13.3,13.69,13.3,13.69,4218415.0,55739148.0
2014-01-09,13.61,13.84,13.24,13.28,4127866.0,54917024.0
2014-01-10,13.16,13.2,12.13,12.25,5427885.0,67158976.0
2014-01-13,12.27,12.39,11.97,12.09,2051202.0,24482798.0
2014-01-14,12.06,12.64,12.06,12.46,2554596.0,31058034.0
2014-01-15,12.36,12.62,12.34,12.51,2181258.0,26702468.0
2014-01-16,12.51,12.74,12.45,12.6,2445651.0,30192826.0
2014-01-17,12.55,12.57,12.36,12.52,1460582.0,17789338.0
2014-01-20,12.42,12.5,12.09,12.25,1569983.0,18909152.0
2014-01-21,12.25,12.54,12.25,12.52,1402720.0,17099006.0
2014-01-22,12.53,12.82,12.52,12.77,2730460.0,33987360.0
2014-01-23,12.77,12.91,12.69,12.8,2610963.0,32765968.0
2014-01-24,12.75,13.11,12.74,12.99,3755819.0,47744380.0
2014-01-27,12.95,13.2,12.81,12.96,3029550.0,38691756.0
2014-01-28,12.97,13.05,12.57,12.68,2214406.0,27715428.0
2014-01-29,12.75,13.05,12.68,13.0,2011614.0,25391260.0
2014-01-30,12.91,13.04,12.74,12.74,1249511.0,15743945.0
2014-02-07,12.6,13.03,12.29,13.02,1963367.0,24713410.0
2014-02-10,13.02,13.39,12.97,13.32,3895579.0,50589540.0
2014-02-11,13.37,13.52,13.14,13.25,3345796.0,43674524.0
2014-02-12,13.25,13.62,13.12,13.59,4624256.0,60680644.0
2014-02-13,13.52,13.63,13.23,13.23,3243010.0,42832960.0
2014-02-14,13.19,13.67,13.18,13.67,3303604.0,43593772.0
2014-02-17,13.68,13.99,13.68,13.93,5050678.0,68544072.0
2014-02-18,13.87,14.04,13.73,13.88,4558928.0,61912260.0
2014-02-19,13.86,14.02,13.74,13.93,4591797.0,62357396.0
2014-02-20,13.91,13.96,13.44,13.47,4118224.0,54936176.0
2014-02-21,13.68,14.29,13.58,13.77,6334706.0,86379560.0
2014-02-24,13.69,14.24,13.57,14.15,5789500.0,79154480.0
2014-02-25,14.17,14.25,13.22,13.36,5130791.0,69462344.0
2014-02-26,13.35,13.35,12.68,13.12,3253722.0,41619136.0
2014-02-27,13.14,13.47,12.92,12.99,2590010.0,33580356.0
2014-02-28,13.01,13.22,12.85,13.19,2019140.0,25781904.0
2014-03-03,13.21,13.44,13.19,13.37,2028584.0,26521366.0
2014-03-04,13.32,13.35,13.12,13.35,1779592.0,23061410.0
2014-03-05,13.37,13.85,13.33,13.63,3904860.0,52187324.0
2014-03-06,13.64,14.12,13.5,14.03,4912894.0,66896976.0
2014-03-07,13.98,14.18,13.83,13.88,3122990.0,42713492.0
2014-03-10,13.8,13.8,12.98,13.11,3725090.0,48651012.0
2014-03-11,13.11,13.22,12.9,13.16,1595991.0,20447910.0
2014-03-12,13.07,13.46,13.07,13.43,2138347.0,27937332.0
2014-03-13,13.47,13.74,13.41,13.67,2794082.0,37173420.0
2014-03-14,13.64,13.78,13.39,13.49,2146428.0,28575540.0
2014-03-17,13.54,14.07,13.52,13.95,3925841.0,53373068.0
2014-03-18,13.98,14.08,13.78,13.98,3388838.0,46298040.0
2014-03-19,13.94,14.8,13.83,14.59,8248662.0,116792360.0
2014-03-20,14.49,14.6,13.91,13.92,4935976.0,69262240.0
2014-03-21,13.79,14.75,13.63,14.63,5292775.0,73791368.0
2014-03-24,14.78,15.02,14.39,14.49,4964396.0,71105824.0
2014-03-25,13.93,13.93,13.26,13.28,8566103.0,113231728.0
2014-03-26,13.36,13.59,13.3,13.57,2935888.0,38752584.0
2014-03-27,13.55,13.55,12.93,13.03,5036541.0,64788244.0
2014-03-28,13.02,13.16,12.72,12.91,2848776.0,35902600.0
2014-03-31,12.91,12.95,12.55,12.76,1610517.0,20058802.0
2014-04-01,12.76,12.98,12.65,12.95,1164731.0,14717782.0
2014-04-02,13.01,13.01,12.74,12.86,1292287.0,16255459.0
2014-04-03,12.8,12.94,12.58,12.72,1377564.0,17254128.0
2014-04-04,12.65,12.89,12.65,12.86,919881.0,11532957.0
2014-04-08,12.77,13.12,12.77,13.1,1794839.0,22830728.0
2014-04-09,13.07,13.16,13.02,13.15,1166511.0,14992119.0
2014-04-10,13.22,13.33,13.09,13.13,2081351.0,26919900.0
2014-04-11,13.09,13.2,12.74,12.77,2714582.0,34225540.0
2014-04-14,12.78,12.97,12.76,12.94,1181993.0,14886255.0
2014-04-15,12.95,12.96,12.77,12.8,1216084.0,15280887.0
2014-04-16,12.81,12.92,12.8,12.85,879841.0,11073088.0
2014-04-17,12.95,13.24,12.95,13.05,1841332.0,23692268.0
2014-04-18,12.97,13.2,12.86,13.13,1384432.0,17711332.0
2014-04-21,13.03,13.14,12.71,12.71,1242100.0,15734640.0
2014-04-22,12.72,12.81,12.26,12.45,1888528.0,23067242.0
2014-04-23,12.49,12.61,12.4,12.46,850459.0,10399561.0
2014-04-24,12.46,12.5,12.28,12.32,732602.0,8873863.0
2014-04-25,12.31,12.42,11.87,11.93,1289354.0,15359684.0
2014-04-28,11.93,11.93,11.12,11.25,2055302.0,22840498.0
2014-04-29,11.18,11.37,11.18,11.36,987432.0,10924514.0
2014-04-30,11.34,11.51,11.29,11.49,1113114.0,12430957.0
2014-05-05,11.43,11.66,11.43,11.64,1245411.0,14103523.0
2014-05-06,11.65,11.83,11.61,11.66,1235505.0,14173280.0
2014-05-07,11.66,11.71,11.28,11.29,1201033.0,13462422.0
2014-05-08,11.33,11.51,11.24,11.35,620291.0,6926804.0
2014-05-09,11.43,11.44,11.16,11.35,659904.0,7306208.0
2014-05-12,11.43,11.74,11.43,11.69,977183.0,11109689.0
2014-05-13,11.73,11.75,11.51,11.58,1048799.0,11925037.0
2014-05-14,11.61,11.62,11.5,11.54,631067.0,7144243.0
2014-05-15,11.57,11.57,11.25,11.29,768110.0,8572841.0
2014-05-16,11.24,11.33,10.94,11.07,997502.0,10851496.0
2014-05-19,11.07,11.12,11.02,11.07,588241.0,6380191.0
2014-05-20,11.19,11.35,11.13,11.19,844231.0,9312664.0
2014-05-21,11.14,11.37,11.1,11.36,688384.0,7579750.0
2014-05-22,11.4,11.55,11.31,11.38,832257.0,9338404.0
2014-05-23,11.46,11.5,11.38,11.5,475692.0,5341889.0
2014-05-26,11.51,11.69,11.51,11.63,760992.0,8663577.0
2014-05-27,11.63,11.66,11.52,11.53,537409.0,6094030.0
2014-05-28,11.53,11.66,11.48,11.64,1024874.0,11639650.0
2014-05-29,11.73,11.74,11.48,11.48,915443.0,10406649.0
2014-05-30,11.58,11.61,11.41,11.5,777394.0,8767002.0
2014-06-03,11.58,11.63,11.52,11.61,1410339.0,16008070.0
2014-06-04,11.72,11.72,11.27,11.44,1090906.0,11939028.0
2014-06-05,11.44,11.58,11.33,11.52,411728.0,4538426.0
2014-06-06,11.52,11.75,11.51,11.73,1401331.0,15627969.0
2014-06-09,11.74,11.76,11.63,11.67,504428.0,5645730.0
2014-06-10,11.73,11.86,11.63,11.83,888604.0,10012384.0
2014-06-11,11.8,11.85,11.67,11.84,1063388.0,11991151.0
2014-06-12,11.83,11.96,11.82,11.9,1113665.0,12694418.0
2014-06-13,11.9,12.1,11.84,12.05,1654673.0,19038742.0
2014-06-16,12.05,12.38,12.0,12.29,2198096.0,25885698.0
2014-06-17,12.23,12.34,12.16,12.17,857198.0,10028712.0
2014-06-18,12.15,12.23,11.97,12.03,916965.0,10624679.0
2014-06-19,12.04,12.16,11.64,11.68,1123605.0,12768416.0
2014-06-20,11.68,11.82,11.61,11.82,583695.0,6561089.0
2014-06-23,11.83,12.3,11.8,12.24,1562496.0,18088994.0
2014-06-24,12.34,12.7,12.34,12.41,2900061.0,34771084.0
2014-06-25,12.3,12.47,12.23,12.44,1251124.0,14838399.0
2014-06-26,12.41,12.63,12.41,12.47,2120076.0,25448582.0
2014-06-27,12.49,12.6,12.45,12.54,1534580.0,18424996.0
2014-06-30,12.62,12.62,12.51,12.56,1475050.0,17751502.0
2014-07-01,12.55,12.56,12.34,12.49,1684733.0,20057582.0
2014-07-02,12.56,12.56,12.35,12.49,1644371.0,19610150.0
2014-07-03,12.49,13.17,12.38,13.08,4503186.0,55730496.0
2014-07-04,12.96,13.19,12.91,13.03,1738362.0,21756472.0
2014-07-07,13.05,13.07,12.88,13.05,1234292.0,15306603.0
2014-07-08,12.96,13.11,12.79,12.97,2315353.0,28709362.0
2014-07-09,13.03,13.34,12.89,12.94,2937962.0,36939048.0
2014-07-10,12.95,13.17,12.85,13.05,1530808.0,19125274.0
2014-07-11,12.73,12.73,12.34,12.55,6608268.0,78961080.0
2014-07-14,12.53,12.7,12.37,12.67,3159824.0,37944524.0
2014-07-15,12.63,12.73,12.56,12.67,2104247.0,25491344.0
2014-07-16,12.65,12.65,12.35,12.35,1492100.0,17847272.0
2014-07-17,12.35,12.41,12.14,12.24,898790.0,10548032.0
2014-07-18,12.27,12.51,12.22,12.38,1130453.0,13419347.0
2014-07-21,12.44,12.49,12.31,12.37,870573.0,10326042.0
2014-07-22,12.4,12.48,12.33,12.43,1139193.0,13540696.0
2014-07-23,12.44,12.53,12.06,12.14,1677735.0,19724474.0
2014-07-24,12.19,12.19,11.95,11.99,1274554.0,14678127.0
2014-07-25,12.0,12.19,12.0,12.14,794251.0,9228201.0
2014-07-28,12.19,12.46,12.17,12.38,1307888.0,15502574.0
2014-07-29,12.39,12.59,12.36,12.53,1327189.0,15890972.0
2014-07-30,12.53,12.62,12.44,12.53,876250.0,10521764.0
2014-07-31,12.58,12.7,12.51,12.7,1032845.0,12491428.0
2014-08-01,12.63,12.68,12.52,12.53,1303268.0,15734436.0
2014-08-04,12.53,12.68,12.45,12.68,1346441.0,16283798.0
2014-08-05,12.68,13.09,12.61,13.05,3518145.0,43600404.0
2014-08-06,13.04,13.18,12.91,13.05,2579935.0,32225490.0
2014-08-07,13.05,13.21,12.85,12.87,1804260.0,22514548.0
2014-08-08,13.0,13.01,12.85,13.01,1684902.0,20885782.0
2014-08-11,12.99,13.08,12.99,13.05,1552730.0,19388308.0
2014-08-12,13.05,13.09,12.89,13.04,1834998.0,22831624.0
2014-08-13,13.05,13.08,12.92,13.02,1083692.0,13486932.0
2014-08-14,12.96,13.09,12.95,12.97,1367761.0,17081522.0
2014-08-15,12.96,13.15,12.96,13.15,1699758.0,21362848.0
2014-08-18,13.21,13.79,13.05,13.78,4846212.0,62482384.0
2014-08-19,13.5,13.78,13.43,13.72,4661932.0,60544112.0
2014-08-20,13.65,14.82,13.57,14.39,11976758.0,164065936.0
2014-08-21,14.47,14.77,14.11,14.37,6097684.0,83951712.0
2014-08-22,14.25,14.68,14.09,14.28,10077426.0,138947296.0
2014-08-25,14.16,14.46,13.87,14.32,8020447.0,109362000.0
2014-08-26,14.11,14.45,13.97,14.45,8259323.0,112821224.0
2014-08-27,14.31,14.72,13.63,13.78,9974551.0,136033072.0
2014-08-28,13.83,13.83,13.16,13.36,3692411.0,47529376.0
2014-08-29,13.57,13.68,13.32,13.58,1561571.0,20240150.0
2014-09-01,13.55,13.9,13.55,13.73,1943852.0,25648392.0
2014-09-02,13.79,14.04,13.73,13.87,2668630.0,35570316.0
2014-09-03,13.91,14.11,13.86,14.05,3843032.0,51516592.0
2014-09-04,14.02,14.14,13.95,14.03,2301519.0,30945984.0
2014-09-05,14.03,14.28,13.9,14.19,2937306.0,39640384.0
2014-09-09,14.09,14.49,14.06,14.32,3434070.0,46965040.0
2014-09-10,14.23,14.52,13.99,14.38,3527894.0,48194024.0
2014-09-11,14.38,14.56,14.22,14.31,3453384.0,47588076.0
2014-09-12,14.33,14.53,14.2,14.5,3559710.0,49141264.0
2014-09-15,14.49,14.59,14.36,14.49,3318595.0,45969664.0
2014-09-16,14.53,14.54,13.77,13.88,3021349.0,41128096.0
2014-09-17,13.88,14.14,13.78,14.01,2242122.0,29972592.0
2014-09-18,13.87,14.14,13.87,14.05,1668867.0,22463334.0
2014-09-19,14.04,14.22,13.98,14.18,1534817.0,20762662.0
2014-09-22,14.09,14.16,13.81,13.85,1405727.0,18761894.0
2014-09-23,13.87,13.97,13.73,13.96,2495656.0,33160502.0
2014-09-24,13.97,14.07,13.83,14.05,2348283.0,31504206.0
2014-09-25,14.1,14.18,13.89,13.94,2549020.0,34273784.0
2014-09-26,13.83,13.94,13.77,13.93,2045561.0,27142926.0
2014-09-29,13.96,14.51,13.96,14.47,3970632.0,53938620.0
2014-09-30,14.77,15.05,14.42,14.51,4348256.0,61023272.0
2014-10-08,14.51,14.57,14.3,14.56,2820471.0,39058656.0
2014-10-09,14.57,14.67,14.31,14.51,2758558.0,38340656.0
2014-10-10,14.51,14.56,14.33,14.51,2344280.0,32473730.0
2014-10-13,14.44,14.44,14.14,14.33,1669783.0,22813748.0
2014-10-14,14.3,14.53,14.14,14.28,2198700.0,30191962.0
2014-10-15,14.27,14.5,14.2,14.4,1749152.0,24037056.0
2014-10-16,14.35,14.44,14.09,14.09,2240620.0,30621940.0
2014-10-17,14.12,14.16,13.49,13.9,2436243.0,32297618.0
2014-10-20,13.8,14.06,13.8,14.02,1386859.0,18566028.0
2014-10-21,14.05,14.14,13.89,13.97,2066145.0,27721036.0
2014-10-22,13.94,14.01,13.58,13.59,1757389.0,23228934.0
2014-10-23,13.65,13.65,13.21,13.31,2123605.0,27286388.0
2014-10-24,13.39,13.45,13.15,13.34,1142633.0,14576667.0
2014-10-27,13.27,13.55,13.15,13.52,1506812.0,19389134.0
2014-10-28,13.51,13.8,13.51,13.79,1535382.0,20184290.0
2014-10-29,13.79,14.1,13.79,13.99,2126054.0,28467764.0
2014-10-30,13.97,14.07,13.91,13.99,2407625.0,32304150.0
2014-10-31,14.05,14.07,13.84,13.99,1495957.0,19941924.0
2014-11-03,14.09,14.46,14.09,14.24,3192343.0,43602908.0
2014-11-04,14.29,14.32,14.11,14.25,2128576.0,29012410.0
2014-11-05,14.23,14.24,14.07,14.14,1523305.0,20634702.0
2014-11-06,14.1,14.32,14.03,14.29,2060171.0,28057634.0
2014-11-07,14.34,14.51,14.23,14.44,4496709.0,61869756.0
2014-11-10,14.4,14.72,14.3,14.48,3141167.0,43651572.0
2014-11-11,14.43,14.53,13.68,13.78,3012971.0,40586092.0
2014-11-12,13.78,14.05,13.78,14.05,1290899.0,17256596.0
2014-11-13,14.11,14.11,13.6,13.68,2054435.0,27030472.0
2014-11-14,13.65,13.76,13.58,13.68,927660.0,12143063.0
2014-11-17,13.7,13.95,13.59,13.86,1023877.0,13595710.0
2014-11-18,13.86,14.57,13.86,14.28,3061424.0,41922104.0
2014-11-19,14.28,14.47,14.25,14.35,3187610.0,43840524.0
2014-11-20,14.36,14.56,14.28,14.3,3088640.0,42724448.0
2014-11-21,14.25,14.52,14.22,14.48,2706565.0,37327832.0
2014-11-24,14.59,14.6,14.4,14.55,3372949.0,46870516.0
2014-11-25,14.61,14.71,14.44,14.64,3348372.0,46720584.0
2014-11-26,14.63,14.77,14.34,14.5,3123359.0,43452352.0
2014-11-27,14.5,15.37,14.45,15.2,8095673.0,116204552.0
2014-11-28,15.2,15.32,14.93,15.12,4792109.0,69254952.0
2014-12-01,15.09,15.3,14.88,15.06,3247394.0,46745912.0
2014-12-02,15.01,15.12,14.61,15.06,3080629.0,44172900.0
2014-12-03,15.05,15.26,14.84,15.21,4909050.0,70758520.0
2014-12-04,15.23,15.43,15.06,15.16,4123619.0,60255052.0
2014-12-05,15.14,15.14,14.2,14.3,5119950.0,71297832.0
2014-12-08,14.32,14.6,14.3,14.35,2929328.0,40495064.0
2014-12-09,14.21,14.21,13.57,13.6,4435420.0,58676808.0
2014-12-10,13.55,13.91,13.51,13.91,2026948.0,26774938.0
2014-12-11,13.91,14.04,13.72,14.01,1953374.0,26049620.0
2014-12-12,14.01,14.08,13.93,14.04,1875054.0,25167384.0
2014-12-15,14.04,14.61,13.97,14.58,4029948.0,55324364.0
2014-12-16,14.49,14.49,14.21,14.4,1612970.0,22192834.0
2014-12-17,14.39,14.4,13.99,14.19,1318303.0,17931852.0
2014-12-18,14.19,14.24,14.07,14.19,905833.0,12286324.0
2014-12-19,14.11,14.11,13.51,13.78,2141024.0,28255392.0
2014-12-22,13.71,13.71,12.74,12.94,2650484.0,33290040.0
2014-12-23,12.94,13.13,12.81,12.92,1282120.0,15959623.0
2014-12-24,13.05,13.21,12.95,13.08,1698588.0,21263080.0
2014-12-25,13.16,13.36,13.09,13.16,1657292.0,20941558.0
2014-12-26,13.14,13.34,13.05,13.3,1461695.0,18461192.0
2014-12-29,13.24,13.3,12.92,13.03,1652726.0,20846204.0
2014-12-30,12.96,13.12,12.94,13.07,1052072.0,13117674.0
2014-12-31,13.05,13.26,12.87,13.23,1570410.0,19567210.0
2015-01-05,13.19,13.41,12.95,13.3,1456694.0,18434758.0
2015-01-06,13.28,13.59,13.08,13.57,2238165.0,28662104.0
2015-01-07,13.57,13.71,13.35,13.4,1294488.0,16740591.0
2015-01-08,13.41,13.45,13.18,13.21,1058895.0,13517932.0
2015-01-09,13.21,13.34,13.15,13.17,1054260.0,13370340.0
2015-01-12,13.13,13.13,12.56,12.76,1401046.0,17309594.0
2015-01-13,12.69,12.91,12.68,12.89,813288.0,10000256.0
2015-01-14,12.88,13.05,12.85,12.92,654854.0,8123557.0
2015-01-15,12.92,13.03,12.91,13.0,735769.0,9146366.0
2015-01-16,13.05,13.09,12.94,13.0,1121200.0,13971174.0
2015-01-19,12.84,13.18,12.53,12.79,1862786.0,22922400.0
2015-01-20,12.79,13.23,12.79,13.21,1786768.0,22442254.0
2015-01-21,13.24,13.54,13.16,13.42,2070842.0,26661518.0
2015-01-22,13.52,13.71,13.52,13.63,1937115.0,25266820.0
2015-01-23,13.67,13.72,13.36,13.39,1355381.0,17602392.0
2015-01-26,13.4,13.62,13.36,13.61,1793926.0,23181550.0
2015-01-27,13.61,13.73,13.36,13.65,1573931.0,20518258.0
2015-01-28,13.68,13.75,13.6,13.68,2247538.0,29472806.0
2015-01-29,13.67,13.87,13.58,13.85,1966715.0,25920814.0
2015-01-30,13.79,13.87,13.53,13.62,1224232.0,16045651.0
2015-02-02,13.6,13.82,13.34,13.72,972100.0,12722910.0
2015-02-03,13.76,13.94,13.74,13.83,1342820.0,17801632.0
2015-02-04,13.84,13.85,13.64,13.69,985243.0,12965531.0
2015-02-05,13.86,13.87,13.37,13.41,1495089.0,19451228.0
2015-02-06,13.47,13.47,13.05,13.21,1108877.0,14143358.0
2015-02-09,13.16,13.85,13.15,13.48,1580834.0,20519056.0
2015-02-10,13.5,13.54,13.37,13.48,762302.0,9814029.0
2015-02-11,13.39,13.59,13.36,13.52,926816.0,11976827.0
2015-02-12,13.47,13.9,13.47,13.79,1642410.0,21586372.0
2015-02-13,13.87,13.94,13.79,13.85,1626595.0,21623016.0
2015-02-16,13.99,14.7,13.86,14.62,3459996.0,47581248.0
2015-02-17,14.56,14.69,14.31,14.64,2361310.0,33023044.0
2015-02-25,14.64,14.68,14.32,14.35,2566094.0,35447032.0
2015-02-26,14.35,14.39,14.14,14.27,2080835.0,28361650.0
2015-02-27,14.29,14.37,14.23,14.35,1937974.0,26575364.0
2015-03-02,14.4,14.5,14.31,14.45,2728238.0,37609376.0
2015-03-03,14.46,14.54,14.28,14.47,2433158.0,33556244.0
2015-03-04,14.46,14.78,14.35,14.71,3605237.0,50495336.0
2015-03-05,14.72,15.08,14.64,14.93,3950061.0,56247020.0
2015-03-06,14.93,15.11,14.66,14.72,2903157.0,41261088.0
2015-03-09,14.77,15.12,14.64,15.02,2744495.0,39274788.0
2015-03-10,15.04,15.48,15.0,15.25,2926257.0,42960216.0
2015-03-11,15.19,15.27,14.95,15.05,2251960.0,32464154.0
2015-03-12,15.05,15.86,15.03,15.33,3775950.0,55928972.0
2015-03-13,15.43,15.81,15.43,15.57,2404119.0,35962792.0
2015-03-16,15.6,16.37,15.59,16.19,4618816.0,71124312.0
2015-03-17,16.35,16.61,15.97,16.49,4570139.0,71584040.0
2015-03-18,16.48,17.43,16.48,17.2,5587368.0,91206512.0
2015-03-19,17.11,17.7,16.76,17.43,4035094.0,66628596.0
2015-03-20,17.53,17.53,17.22,17.33,2512094.0,41710348.0
2015-03-23,17.38,18.78,17.37,18.45,4594998.0,80038568.0
2015-03-24,18.63,19.03,17.75,18.79,4844129.0,85923424.0
2015-03-25,17.75,18.37,17.12,18.01,20681756.0,349054560.0
2015-03-26,17.41,17.41,16.91,16.93,11879246.0,195004816.0
2015-03-27,16.76,17.24,16.76,17.07,6084770.0,99461848.0
2015-03-30,17.09,17.1,16.9,16.94,5828467.0,94686104.0
2015-03-31,16.97,16.97,16.7,16.92,7098928.0,114397008.0
2015-04-01,16.95,17.35,16.92,17.33,7628246.0,125287208.0
2015-04-02,17.33,17.58,17.23,17.57,8492992.0,141811200.0
2015-04-03,17.43,17.9,17.29,17.87,8815666.0,148859920.0
2015-04-07,17.95,18.0,17.78,17.94,8783848.0,150647520.0
2015-04-08,17.95,18.01,17.24,17.4,7337461.0,123324952.0
2015-04-09,17.38,18.14,16.34,18.1,11456416.0,193305024.0
2015-04-10,18.03,18.35,17.87,18.28,7804047.0,135755568.0
2015-04-13,18.24,18.78,18.14,18.47,7553050.0,133661432.0
2015-04-14,18.48,18.52,17.96,18.07,4835898.0,84257192.0
2015-04-15,17.78,18.33,17.25,17.29,4388066.0,74484696.0
2015-04-16,17.23,17.62,16.8,17.57,3620884.0,59819940.0
2015-04-17,17.45,17.64,17.12,17.4,4680673.0,77885704.0
2015-04-20,17.02,17.02,16.4,16.59,5961944.0,95555024.0
2015-04-21,16.55,16.94,16.41,16.9,3812191.0,61134456.0
2015-04-22,17.09,17.36,16.92,17.31,4633373.0,76214120.0
2015-04-23,17.23,17.27,16.93,17.12,4793113.0,78542008.0
2015-04-24,17.02,17.17,16.39,16.82,7215065.0,115432488.0
2015-04-27,16.83,18.5,16.83,18.5,14127263.0,242399136.0
2015-04-28,18.38,19.62,17.77,19.29,15564665.0,279325632.0
2015-04-29,19.19,19.99,18.71,19.59,9779176.0,182532320.0
2015-04-30,19.31,19.62,18.97,19.01,5358576.0,98726776.0
2015-05-04,19.02,19.05,18.01,18.49,5753364.0,101589616.0
2015-05-05,18.37,18.77,17.79,17.82,4831401.0,84626120.0
2015-05-06,17.76,18.27,16.87,17.02,4542112.0,77237648.0
2015-05-07,16.97,17.3,16.68,17.14,3113971.0,50661716.0
2015-05-08,17.17,18.85,17.17,18.79,6135857.0,106111320.0
2015-05-11,18.84,19.29,18.58,19.01,6182273.0,112110992.0
2015-05-12,19.1,19.2,18.58,19.14,6030980.0,109342400.0
2015-05-13,19.23,20.51,18.79,18.86,12257779.0,230559344.0
2015-05-14,18.93,20.23,18.89,19.42,9893683.0,185752304.0
2015-05-15,19.21,19.48,18.45,19.23,5744132.0,104507320.0
2015-05-18,19.47,20.45,19.47,20.31,10409839.0,199824576.0
2015-05-19,20.51,20.67,19.47,20.32,7089294.0,135358288.0
2015-05-20,19.99,22.35,19.99,22.35,8055633.0,166352784.0
2015-05-21,23.14,24.59,22.94,24.59,9876921.0,225912560.0
2015-06-16,27.06,27.06,27.06,27.06,1024300.0,26344996.0
2015-06-17,27.06,27.46,24.35,27.46,14567760.0,361492448.0
2015-06-18,26.46,30.2,25.51,28.53,12681827.0,343751840.0
2015-06-19,27.12,29.94,25.93,25.93,9289229.0,245697648.0
2015-06-23,24.83,26.95,24.21,25.26,6577343.0,157965120.0
2015-06-24,25.88,26.77,25.15,25.9,5821265.0,144404560.0
2015-06-25,26.14,26.77,23.31,23.51,10566088.0,254020512.0
2015-06-26,22.61,22.61,21.16,21.16,5854751.0,118988440.0
2015-06-29,21.16,21.46,19.05,19.05,7457581.0,138397904.0
2015-06-30,17.99,19.82,17.15,19.12,8756936.0,150890032.0
2015-07-01,18.65,20.29,17.88,17.89,8673924.0,158571648.0
2015-07-02,17.88,18.37,16.11,16.12,8153880.0,130206424.0
2015-07-03,15.67,16.57,14.51,14.59,5895959.0,84684352.0
2015-07-06,16.05,16.05,13.7,14.3,3499251.0,50953096.0
2015-07-14,15.73,15.73,15.73,15.73,74164.0,1108752.0
2015-07-15,17.3,17.3,14.57,15.78,13105974.0,205823008.0
2015-07-16,15.78,16.57,14.99,16.02,8245405.0,125431672.0
2015-07-17,16.02,17.46,16.02,17.11,6988716.0,111346288.0
2015-07-20,16.99,17.76,16.73,17.56,7473920.0,122660760.0
2015-07-21,17.36,18.27,16.62,17.87,9359848.0,156094048.0
2015-07-22,17.88,18.08,17.16,17.73,5644663.0,94554704.0
2015-07-23,17.67,18.73,17.48,18.37,7022539.0,121369744.0
2015-07-24,18.61,19.11,16.83,18.25,7667875.0,135564144.0
2015-07-27,17.36,18.24,16.43,16.43,6441947.0,105209400.0
2015-07-28,15.59,17.24,14.81,16.01,6744678.0,101719456.0
2015-07-29,16.57,16.98,15.76,16.95,4025493.0,62458412.0
2015-07-30,16.83,17.0,16.41,16.61,3085626.0,49205968.0
2015-07-31,16.34,17.35,16.19,16.74,3684144.0,58763468.0
2015-08-03,16.62,16.62,15.4,16.07,3504618.0,53143724.0
2015-08-04,15.86,17.65,15.67,17.41,7789169.0,121720288.0
2015-08-05,16.86,17.76,16.74,16.79,6063406.0,98721720.0
2015-08-06,16.33,16.91,15.78,16.25,4401849.0,68868616.0
2015-08-07,16.4,16.81,16.28,16.78,5086538.0,80214568.0
2015-08-10,16.91,17.73,16.73,17.54,8901813.0,146225632.0
2015-08-11,17.67,18.19,17.3,17.87,11712340.0,198234384.0
2015-08-12,17.73,18.4,17.59,17.67,9584736.0,164322512.0
2015-08-13,17.65,18.07,17.11,18.0,7080694.0,118357272.0
2015-08-14,17.97,18.82,17.95,18.41,11378547.0,199244688.0
2015-08-17,17.88,20.25,17.76,20.24,16115949.0,300474208.0
2015-08-18,19.99,20.09,18.41,18.41,16734140.0,308145504.0
2015-08-19,17.78,19.86,16.86,19.66,12806502.0,220852016.0
2015-08-20,19.19,21.03,19.12,20.17,12967177.0,247929872.0
2015-08-21,19.66,20.17,18.15,18.15,8269320.0,148477504.0
2015-08-24,16.78,16.78,16.34,16.34,3941300.0,61374184.0
2015-08-25,14.71,15.04,14.71,14.71,5980143.0,83809872.0
2015-08-26,14.73,14.93,13.23,13.23,9372595.0,122378608.0
2015-08-27,13.46,13.99,12.95,13.83,6500435.0,83907904.0
2015-08-28,14.07,14.97,13.98,14.71,3860434.0,52832676.0
2015-08-31,14.43,14.5,13.29,13.41,4364723.0,58438048.0
2015-09-01,13.37,13.58,12.11,12.22,5591797.0,67389832.0
2015-09-02,11.68,12.62,11.23,11.61,3178349.0,36043136.0
2015-09-07,11.8,12.47,11.8,11.97,2158589.0,24990826.0
2015-09-08,12.08,12.9,11.97,12.8,2233750.0,26361656.0
2015-09-09,13.02,13.98,12.62,13.5,4291614.0,54486812.0
2015-09-10,13.15,13.79,12.94,13.42,2551762.0,32791076.0
2015-09-11,13.31,13.68,13.31,13.55,1724664.0,22102664.0
2015-09-14,13.59,13.8,12.58,13.35,4412473.0,54341640.0
2015-09-15,13.26,14.38,12.94,13.37,7682082.0,100443824.0
2015-09-16,13.08,14.62,12.04,14.44,5470817.0,69171264.0
2015-09-17,14.16,14.42,13.46,13.57,4477028.0,59427884.0
2015-09-18,13.46,13.66,13.04,13.18,2357278.0,29701372.0
2015-09-21,13.08,13.61,12.77,13.53,3006203.0,38169312.0
2015-09-22,13.51,13.64,13.2,13.52,3018497.0,38631248.0
2015-09-23,13.26,13.48,13.1,13.2,1842854.0,23264352.0
2015-09-24,13.26,13.55,13.2,13.41,1718889.0,21868426.0
2015-09-25,13.41,13.51,12.63,12.73,1553815.0,19299964.0
2015-09-28,12.73,13.46,12.62,13.23,1869036.0,23274124.0
2015-09-29,12.94,13.1,12.73,12.96,994859.0,12273343.0
2015-09-30,13.03,14.07,13.03,13.74,4023439.0,52189948.0
2015-10-08,14.2,14.37,13.78,14.31,3506382.0,47281352.0
2015-10-09,14.11,15.02,14.11,14.69,3658913.0,50737728.0
2015-10-12,14.8,15.33,14.61,15.11,3790467.0,54192468.0
2015-10-13,14.9,16.57,14.86,15.92,4464354.0,66983532.0
2015-10-14,15.57,15.71,15.11,15.2,4428091.0,64580872.0
2015-10-15,15.04,15.79,14.81,15.71,3871366.0,56853748.0
2015-10-16,15.65,16.02,15.46,15.86,3711048.0,55789300.0
2015-10-19,15.86,16.09,14.94,15.21,3602291.0,52710160.0
2015-10-20,15.13,15.78,15.1,15.67,3884458.0,57372240.0
2015-10-21,15.78,16.3,14.75,15.11,4564100.0,67980688.0
2015-10-22,15.04,16.62,15.04,16.62,6724163.0,103596496.0
2015-10-23,16.83,17.66,16.3,17.23,5932907.0,95070528.0
2015-10-26,17.23,17.23,16.4,16.93,6118974.0,97252072.0
2015-10-27,16.7,17.08,16.04,16.86,3334559.0,52786516.0
2015-10-28,16.82,17.41,16.55,16.78,3736915.0,60558412.0
2015-10-29,16.8,17.23,16.41,17.04,2271261.0,36465368.0
2015-10-30,17.0,17.33,16.63,17.23,2848376.0,46283032.0
2015-11-02,16.57,18.07,16.52,17.17,3232499.0,53782804.0
2015-11-03,16.96,17.67,16.96,17.48,2165118.0,35766344.0
2015-11-04,17.46,18.14,17.46,18.1,4011457.0,68496560.0
2015-11-05,18.2,18.2,17.15,17.29,5180381.0,86607968.0
2015-11-06,17.3,17.71,17.14,17.29,4107714.0,67950224.0
2015-11-09,17.29,17.48,16.67,17.22,3910721.0,63562944.0
2015-11-10,17.14,17.49,16.83,17.22,4050613.0,66186208.0
2015-11-11,17.04,17.73,16.94,17.62,4793158.0,78855544.0
2015-11-12,17.66,17.66,16.96,17.24,4598723.0,75399256.0
2015-11-13,17.02,17.13,16.52,16.67,4965727.0,79103368.0
2015-11-16,16.6,16.77,16.3,16.75,5813635.0,91563368.0
2015-11-17,16.8,17.18,16.36,16.41,7814586.0,125130128.0
2015-11-18,16.53,16.91,16.42,16.43,3776611.0,59792996.0
2015-11-19,16.59,16.84,16.45,16.83,2796550.0,44337040.0
2015-11-20,16.83,17.21,16.63,16.99,5268539.0,84761928.0
2015-11-23,17.04,17.87,16.83,17.16,13026620.0,214078848.0
2015-11-24,17.11,18.2,17.11,18.04,10946355.0,184212112.0
2015-11-25,17.86,19.31,17.79,19.04,14682982.0,259377024.0
2015-11-26,18.88,19.59,18.58,18.65,8562906.0,156332688.0
2015-11-27,18.73,18.83,16.79,16.94,5595097.0,94377336.0
2015-11-30,17.04,17.13,15.47,16.39,4937340.0,76548280.0
2015-12-01,16.39,16.91,16.22,16.52,4299502.0,67288304.0
2015-12-02,16.46,16.65,15.78,16.0,4196598.0,63988972.0
2015-12-03,16.04,16.61,15.96,16.58,3701807.0,57697828.0
2015-12-04,16.55,17.19,16.48,16.98,3768562.0,60677812.0
2015-12-07,17.0,17.63,16.83,17.5,4140199.0,68288872.0
2015-12-08,17.47,18.2,16.88,17.0,5280166.0,88412216.0
2015-12-09,16.91,17.5,16.73,17.47,3643007.0,59494444.0
2015-12-10,17.44,17.8,17.2,17.24,2719685.0,45030764.0
2015-12-11,17.15,17.41,17.0,17.07,2020814.0,33019522.0
2015-12-14,16.99,18.09,16.93,18.09,4622400.0,77216608.0
2015-12-15,18.0,18.79,17.68,18.29,4513790.0,78868888.0
2015-12-16,18.34,18.65,17.89,18.2,4551131.0,79255320.0
2015-12-17,18.25,19.02,18.25,18.95,6037804.0,107444712.0
2015-12-18,18.79,19.14,18.44,19.07,4102094.0,73216976.0
2015-12-21,19.25,20.09,19.06,19.21,6537967.0,120711888.0
2015-12-22,19.1,19.6,18.57,19.43,4221477.0,76621400.0
2015-12-23,19.36,20.05,19.16,19.67,5394283.0,101114328.0
2015-12-24,19.44,19.72,18.95,19.15,3119194.0,56925852.0
2015-12-25,19.21,19.34,18.88,19.24,2354125.0,42778420.0
2015-12-28,19.31,20.38,19.24,19.61,7762080.0,146315808.0
2015-12-29,19.36,21.57,19.26,21.36,8116483.0,156963312.0
2015-12-30,21.36,21.95,20.83,21.86,5910515.0,119364440.0
2015-12-31,21.83,21.83,20.84,20.88,3721256.0,75312648.0
2016-01-04,20.59,21.04,18.8,18.8,4221579.0,77583704.0
2016-01-05,17.88,18.73,16.95,17.78,4245067.0,71613328.0
2016-01-06,17.87,18.38,17.54,18.21,4316102.0,74229688.0
2016-01-07,17.96,17.96,16.39,16.39,913500.0,14659516.0
2016-01-08,16.46,17.54,15.57,16.61,4149653.0,64899708.0
2016-01-11,16.09,16.67,14.95,14.95,4240885.0,62846296.0
2016-01-12,14.7,15.25,14.18,14.39,4136188.0,57046940.0
2016-01-13,14.41,14.88,13.46,13.54,4313850.0,57942844.0
2016-01-14,13.04,14.4,13.04,14.32,4078967.0,53312360.0
2016-01-15,14.34,14.63,13.63,13.68,3717068.0,50115244.0
2016-01-18,13.34,15.02,13.27,14.97,4380982.0,60557380.0
2016-01-19,14.75,16.06,14.71,15.96,3904101.0,57360816.0
2016-01-20,15.84,16.08,15.45,15.77,2201668.0,32986214.0
2016-01-21,15.4,15.94,14.62,14.97,2716623.0,39483204.0
2016-01-22,15.17,15.76,14.55,15.48,1540913.0,22134988.0
2016-01-25,15.72,15.99,15.27,15.45,1961954.0,29147320.0
2016-01-26,15.46,15.46,13.91,13.91,3072297.0,42399112.0
2016-01-27,13.69,14.14,12.52,13.51,4808745.0,59659452.0
2016-01-28,13.27,13.82,12.63,12.82,3709809.0,46844860.0
2016-01-29,12.94,13.98,12.5,13.55,3125334.0,39918684.0
2016-02-01,13.57,13.83,13.06,13.39,1545402.0,19876614.0
2016-02-02,13.46,14.1,13.44,13.9,2381919.0,31324190.0
2016-02-03,13.69,14.18,13.55,14.07,2926805.0,38440480.0
2016-02-04,14.04,14.42,13.94,14.36,2327547.0,31633814.0
2016-02-05,14.46,14.51,14.05,14.06,1127628.0,15334454.0
2016-02-15,13.55,14.05,13.29,13.97,1019045.0,13266018.0
2016-02-16,14.06,14.85,14.02,14.72,3404249.0,46425260.0
2016-02-17,14.53,14.73,14.25,14.69,3159401.0,43630080.0
2016-02-18,14.74,15.1,14.53,14.69,3435153.0,48454636.0
2016-02-19,14.58,15.06,14.42,14.94,3287918.0,46277548.0
2016-02-22,15.19,15.23,14.82,15.05,2885993.0,41296156.0
2016-02-23,14.88,15.03,14.58,14.94,3082603.0,43474456.0
2016-02-24,14.96,15.57,14.77,15.25,4066463.0,58728332.0
2016-02-25,15.15,15.23,13.73,13.73,5318345.0,72491744.0
2016-02-26,13.9,14.2,13.3,14.04,4904006.0,63774608.0
2016-02-29,13.94,14.05,12.64,12.78,4851985.0,59260684.0
2016-03-01,12.86,13.12,12.5,12.82,3708898.0,45197032.0
2016-03-02,12.9,14.11,12.73,14.1,7438651.0,95957840.0
2016-03-03,13.9,14.8,13.83,14.52,5841215.0,79505872.0
2016-03-04,14.23,14.72,13.65,13.85,3894637.0,52368052.0
2016-03-07,14.04,14.44,13.74,13.95,2702830.0,36085948.0
2016-03-08,14.05,15.06,13.49,14.94,4827092.0,65869396.0
2016-03-09,14.54,14.86,14.33,14.54,3626606.0,50523880.0
2016-03-10,14.7,14.73,13.73,13.78,2740083.0,36639456.0
2016-03-11,13.54,13.77,13.37,13.62,2761114.0,35601508.0
2016-03-14,13.62,14.28,13.48,14.15,4651114.0,62304612.0
2016-03-15,14.09,14.2,13.68,13.87,3809105.0,50283008.0
2016-03-16,14.17,14.19,13.57,13.68,3300203.0,43411584.0
2016-03-17,13.77,14.33,13.71,14.31,3898135.0,52239124.0
2016-03-18,14.41,15.04,14.34,14.94,7139900.0,99561296.0
2016-03-21,14.88,15.64,14.73,15.43,7951575.0,113978952.0
2016-03-22,15.2,15.53,15.09,15.32,4828019.0,70321144.0
2016-03-23,15.29,15.39,15.02,15.24,3068361.0,44315728.0
2016-03-24,15.04,15.54,14.88,15.24,4326612.0,62801932.0
2016-03-25,15.13,15.57,15.06,15.39,4210994.0,61524804.0
2016-03-28,15.39,15.73,14.84,14.85,5299672.0,77285568.0
2016-03-29,14.85,14.99,14.32,14.47,3914247.0,54523412.0
2016-03-30,14.55,15.17,14.55,15.12,3859185.0,54399760.0
2016-03-31,15.15,15.55,15.15,15.51,3533397.0,51688232.0
2016-04-01,15.44,16.08,15.24,15.88,5381381.0,80063128.0
2016-04-05,15.8,16.66,15.57,16.19,4836551.0,73897472.0
2016-04-06,16.07,16.34,15.88,16.17,3602675.0,55060428.0
2016-04-07,16.17,16.26,15.67,16.04,5492605.0,83286704.0
2016-04-08,15.81,16.04,15.67,16.04,3136614.0,47218948.0
2016-04-11,16.17,17.27,15.91,16.72,5870755.0,93143656.0
2016-04-12,16.86,16.99,16.33,16.43,4263940.0,67382680.0
2016-04-13,16.55,17.04,16.5,16.68,4768528.0,75935040.0
2016-04-14,16.68,16.83,16.5,16.8,2874677.0,45485720.0
2016-04-15,16.87,17.14,16.52,16.94,4646935.0,74493560.0
2016-04-18,16.88,16.93,16.28,16.65,3955636.0,62211524.0
2016-04-19,16.68,16.8,16.36,16.68,4257484.0,67093552.0
2016-04-20,16.62,16.7,15.01,15.41,7221025.0,106751016.0
2016-04-21,15.27,15.59,15.16,15.21,3947183.0,57606532.0
2016-04-22,15.05,15.62,14.95,15.57,3559794.0,51674516.0
2016-04-25,15.55,15.84,15.11,15.71,2771980.0,40801752.0
2016-04-26,15.71,16.06,15.49,15.97,2860357.0,42976424.0
2016-04-27,16.3,16.38,15.58,15.96,3498967.0,53524700.0
2016-04-28,15.69,16.07,15.35,15.63,4237819.0,62914156.0
2016-04-29,15.62,15.84,15.4,15.65,2210040.0,32833012.0
2016-05-03,15.83,17.22,15.83,17.22,15625154.0,249737024.0
2016-05-04,16.86,17.52,16.86,17.34,9500646.0,155612128.0
2016-05-05,17.22,17.34,16.98,17.15,4582666.0,74794248.0
2016-05-06,17.09,17.3,16.5,16.76,6599022.0,105795296.0
2016-05-09,16.43,16.52,15.89,16.04,5513177.0,84725784.0
2016-05-10,15.99,16.37,15.86,16.16,3545815.0,54284540.0
2016-05-11,16.2,16.25,15.96,16.09,3159376.0,48442163.0
2016-05-12,15.88,16.28,15.46,16.28,2991709.0,44942811.0
2016-05-13,16.15,17.02,16.15,16.67,5585467.0,88041539.0
2016-05-16,16.62,16.91,15.73,16.83,5195680.0,80908773.0
2016-05-17,16.81,16.83,16.26,16.3,4971419.0,77555958.0
2016-05-18,16.23,16.23,15.65,15.75,2760975.0,41561838.0
2016-05-19,15.78,16.13,15.58,15.62,1952273.0,29453004.0
2016-05-20,15.62,15.95,15.25,15.74,3150065.0,46813067.0
2016-05-23,15.67,15.85,15.57,15.61,3906613.0,58271433.0
2016-05-24,15.6,15.85,15.49,15.84,3223540.0,48161036.0
2016-05-25,15.88,16.14,15.62,15.74,3930206.0,59617542.0
2016-05-26,15.63,15.8,14.86,15.48,3568542.0,51555857.0
2016-05-27,15.47,15.52,15.26,15.33,2173170.0,31781409.0
2016-05-30,15.23,15.41,15.06,15.23,1370081.0,19866609.0
2016-05-31,15.18,15.85,15.18,15.81,3106945.0,46181221.0
2016-06-01,15.88,16.18,15.69,16.06,4066397.0,61451182.0
2016-06-02,16.0,16.34,15.78,16.25,4297988.0,65602460.0
2016-06-03,16.15,16.39,16.02,16.12,2513197.0,38643100.0
2016-06-06,16.13,16.4,16.01,16.2,3825716.0,58927344.0
2016-06-07,16.2,16.3,15.86,15.99,2335302.0,35563556.0
2016-06-08,15.99,15.99,15.57,15.79,2170171.0,32505231.0
2016-06-13,15.57,15.64,15.07,15.07,2204576.0,32262452.0
2016-06-14,15.02,15.31,15.02,15.16,2557622.0,36836296.0
2016-06-15,14.94,15.67,14.94,15.45,2167690.0,31896003.0
2016-06-16,15.44,15.55,15.36,15.48,2310704.0,33934113.0
2016-06-17,15.53,15.74,15.31,15.38,2184315.0,32122321.0
2016-06-20,15.41,15.52,15.04,15.36,3150952.0,45503424.0
2016-06-21,15.37,15.58,15.05,15.31,3512003.0,51172198.0
2016-06-22,15.17,15.57,15.05,15.49,1958720.0,28559624.0
2016-06-23,15.38,16.33,15.36,16.08,5876294.0,89476546.0
2016-06-24,16.06,16.22,15.57,15.87,3397832.0,51425011.0
2016-06-27,15.74,16.2,15.74,16.12,2508149.0,38278238.0
2016-06-28,16.12,16.21,15.85,16.17,3180896.0,48492942.0
2016-06-29,16.17,16.38,16.11,16.34,3630301.0,56002437.0
2016-06-30,16.2,16.4,16.13,16.13,2104886.0,32473186.0
2016-07-01,16.13,16.52,16.0,16.43,3266617.0,50457857.0
2016-07-04,16.41,16.65,16.19,16.59,4320672.0,67462335.0
2016-07-05,16.55,16.8,16.44,16.62,2388752.0,37656162.0
2016-07-06,16.55,16.68,16.5,16.61,2307812.0,36404270.0
2016-07-07,16.61,17.11,16.58,16.94,4500588.0,72230479.0
2016-07-08,16.94,16.97,16.66,16.67,3226566.0,51540859.0
2016-07-11,16.73,17.04,16.52,16.6,3830423.0,61277900.0
2016-07-12,16.54,16.7,16.15,16.68,3878544.0,60642489.0
2016-07-13,16.7,16.94,16.67,16.91,2406700.0,38428207.0
2016-07-14,16.83,16.93,16.59,16.83,1634757.0,26003270.0
2016-07-15,16.83,16.86,16.5,16.67,1486346.0,23559361.0
2016-07-18,16.67,17.35,16.6,17.17,5061618.0,82097905.0
2016-07-19,17.03,17.23,16.92,17.21,3242522.0,52686901.0
2016-07-20,17.19,17.99,17.05,17.42,5845134.0,97390988.0
2016-07-21,17.3,17.73,17.19,17.57,3912918.0,65120769.0
2016-07-22,17.55,17.95,17.41,17.88,4559956.0,76970322.0
2016-07-25,17.89,18.36,17.47,18.04,6111498.0,104199963.0
2016-07-26,18.62,19.46,18.11,18.36,10483205.0,184636434.0
2016-07-27,18.0,18.58,16.91,17.74,8455944.0,144125574.0
2016-07-28,17.67,18.48,17.15,18.45,5030207.0,85624092.0
2016-07-29,18.54,18.63,18.09,18.1,4355238.0,76087566.0
2016-08-01,17.94,17.94,16.98,17.21,5114139.0,84182107.0
2016-08-02,17.43,18.29,17.15,18.17,3952377.0,66882785.0
2016-08-03,18.11,18.22,17.67,17.95,2884396.0,49125148.0
2016-08-04,18.12,19.24,18.0,19.19,7912507.0,140711473.0
2016-08-05,19.23,20.18,18.93,19.41,10396228.0,193971488.0
2016-08-08,19.46,20.26,18.95,19.34,9487485.0,175572417.0
2016-08-09,19.1,19.56,18.73,19.31,5993220.0,108564655.0
2016-08-10,19.26,19.64,18.76,18.83,4987593.0,91153860.0
2016-08-11,18.93,19.03,18.18,18.2,5472502.0,96331748.0
2016-08-12,18.32,18.57,18.2,18.52,3978163.0,69447862.0
2016-08-15,18.41,18.8,18.09,18.7,5279464.0,92913585.0
2016-08-16,18.71,19.15,18.51,18.96,5646436.0,101533141.0
2016-08-17,19.1,19.93,18.77,18.82,7825326.0,143012856.0
2016-08-18,18.93,18.93,18.41,18.93,4054015.0,71974760.0
2016-08-19,18.88,19.45,18.67,19.12,5274217.0,95993314.0
2016-08-22,19.12,19.23,18.52,18.55,3743296.0,66645194.0
2016-08-23,18.73,18.73,18.32,18.44,2153502.0,37790360.0
2016-08-24,18.61,19.0,18.39,18.84,3954219.0,70741509.0
2016-08-25,18.68,18.68,18.22,18.41,3471559.0,60746983.0
2016-08-26,18.52,18.65,18.41,18.45,1863182.0,32818237.0
2016-08-29,18.45,18.93,18.3,18.85,3551124.0,63350619.0
2016-08-30,18.85,19.36,18.84,18.89,2648484.0,48000539.0
2016-08-31,18.83,18.97,18.6,18.84,1535664.0,27401964.0
2016-09-01,18.9,19.39,18.89,19.15,4220870.0,76986513.0
2016-09-02,19.05,19.25,18.6,19.0,2571437.0,46242425.0
2016-09-05,19.01,19.25,18.95,19.01,1751499.0,31778696.0
2016-09-06,19.0,19.14,18.66,19.01,3300489.0,59353949.0
2016-09-07,18.97,20.19,18.97,19.82,7822512.0,145013780.0
2016-09-08,19.61,19.9,19.47,19.66,3972180.0,74093367.0
2016-09-09,19.87,19.88,19.18,19.18,3357686.0,62075438.0
2016-09-12,18.76,18.81,18.1,18.6,3502387.0,61638866.0
2016-09-13,18.73,18.77,18.52,18.54,1147490.0,20284403.0
2016-09-14,18.52,18.79,18.41,18.59,1691558.0,30009142.0
2016-09-19,18.59,19.06,18.48,18.87,1789600.0,32172052.0
2016-09-20,18.93,19.36,18.87,19.14,2123112.0,38520368.0
2016-09-21,19.2,19.52,19.03,19.52,2299561.0,42403490.0
2016-09-22,19.57,19.83,19.26,19.61,2448808.0,45405979.0
2016-09-23,19.65,19.72,18.95,19.23,3508765.0,64475538.0
2016-09-26,19.03,19.88,18.96,19.56,4330471.0,80411791.0
2016-09-27,19.61,19.72,19.15,19.62,2429128.0,44800635.0
2016-09-28,19.63,19.63,19.3,19.43,1437332.0,26574587.0
2016-09-29,19.49,20.0,19.39,19.88,4237318.0,79710986.0
2016-09-30,19.89,20.01,19.6,19.84,2667506.0,50091749.0
2016-10-10,19.93,20.14,19.76,20.01,3464744.0,65667916.0
2016-10-11,20.07,20.07,19.75,19.95,2681713.0,50643771.0
2016-10-12,19.89,20.95,19.76,20.73,5407350.0,105250440.0
2016-10-13,20.65,21.02,20.51,20.62,2747984.0,54006981.0
2016-10-14,20.65,20.65,20.07,20.33,2790787.0,53908094.0
2016-10-17,20.6,20.6,19.72,19.96,2607011.0,49983099.0
2016-10-18,19.87,20.36,19.86,20.29,1653380.0,31661668.0
2016-10-19,20.26,20.36,19.84,19.88,2049165.0,39035294.0
2016-10-20,20.0,20.08,19.72,19.92,1488162.0,28172348.0
2016-10-21,19.93,19.93,19.17,19.38,3260699.0,60460263.0
2016-10-24,19.38,19.95,19.38,19.88,2339179.0,43939386.0
2016-10-25,20.09,20.09,19.69,19.78,2211200.0,41725914.0
2016-10-26,19.84,20.5,19.59,20.41,4408173.0,84034189.0
2016-10-27,20.43,20.43,20.05,20.26,1993226.0,38219133.0
2016-10-28,20.21,20.49,19.8,19.85,2297809.0,44027945.0
2016-10-31,19.88,20.14,19.65,20.12,1307154.0,24715826.0
2016-11-01,20.11,20.41,20.1,20.21,2573691.0,49600238.0
2016-11-02,20.17,20.45,19.99,20.07,1746375.0,33527593.0
2016-11-03,20.04,20.22,19.46,20.12,3193647.0,60600275.0
2016-11-04,20.09,20.09,19.67,19.82,2366373.0,44614181.0
2016-11-07,19.92,19.93,19.51,19.62,2178851.0,40662296.0
2016-11-08,19.76,19.82,19.52,19.68,1534548.0,28630864.0
2016-11-09,19.66,19.88,19.49,19.68,2037080.0,38131484.0
2016-11-10,19.86,19.95,19.64,19.8,1911362.0,35892671.0
2016-11-11,19.77,19.9,19.6,19.79,3056634.0,57496179.0
2016-11-14,19.68,19.9,19.44,19.52,3554138.0,66270987.0
2016-11-15,19.56,19.76,19.46,19.7,1800702.0,33581467.0
2016-11-16,19.7,19.82,19.55,19.59,2013263.0,37611787.0
2016-11-17,19.64,20.73,19.54,20.47,8619097.0,165640258.0
2016-11-18,20.43,20.55,20.14,20.31,3928045.0,75991976.0
2016-11-21,20.26,21.28,20.14,20.83,5510663.0,108782474.0
2016-11-22,20.78,20.85,20.37,20.62,3549213.0,69352656.0
2016-11-23,20.62,20.65,20.14,20.22,3147252.0,60803089.0
2016-11-24,20.3,20.48,20.09,20.29,2333483.0,45036994.0
2016-11-25,20.23,20.33,19.72,20.18,1962028.0,37314458.0
2016-11-28,20.21,20.21,19.83,20.03,2160291.0,41011098.0
2016-11-29,20.03,20.07,19.48,19.49,2217478.0,41741635.0
2016-11-30,19.43,19.64,19.15,19.26,1937952.0,35601165.0
2016-12-01,19.35,19.62,19.21,19.42,2077428.0,38353020.0
2016-12-02,19.43,19.62,18.78,18.79,2040128.0,37098964.0
2016-12-05,18.7,19.03,18.42,18.57,2499781.0,44325352.0
2016-12-06,18.67,18.98,18.67,18.73,1756432.0,31498182.0
2016-12-07,18.78,19.21,18.68,19.12,1784197.0,32227186.0
2016-12-08,19.12,19.32,18.95,18.98,1562006.0,28391346.0
2016-12-09,19.04,19.2,18.93,19.07,1322290.0,24024474.0
2016-12-12,19.12,19.28,18.2,18.21,2557513.0,45491494.0
2016-12-13,17.88,18.41,17.79,18.28,1491462.0,25616272.0
2016-12-14,18.25,18.35,17.89,18.16,1255716.0,21650491.0
2016-12-15,18.16,18.52,18.16,18.21,1132232.0,19730201.0
2016-12-16,18.18,18.32,18.09,18.26,1364090.0,23613431.0
2016-12-19,18.36,18.38,18.16,18.24,1261227.0,21902795.0
2016-12-20,18.21,18.4,18.17,18.37,1366108.0,23797415.0
2016-12-21,18.79,18.79,18.28,18.45,1805726.0,31774569.0
2016-12-22,18.47,18.7,18.32,18.65,1081996.0,19102285.0
2016-12-23,18.59,18.65,18.08,18.09,1595430.0,27692661.0
2016-12-26,18.02,18.64,18.02,18.64,1591032.0,27692498.0
2016-12-27,18.73,18.73,18.5,18.69,1496868.0,26513177.0
2016-12-28,18.64,18.81,18.34,18.55,1276229.0,22483546.0
2016-12-29,18.44,18.66,18.44,18.56,791473.0,13969402.0
2016-12-30,18.55,18.91,18.48,18.68,1331670.0,23624962.0
2017-01-03,18.68,18.86,18.54,18.71,1686725.0,29910031.0
2017-01-04,18.77,18.84,18.48,18.71,1348510.0,23923667.0
2017-01-05,18.68,18.82,18.52,18.65,1567313.0,27810377.0
2017-01-06,18.65,18.76,18.49,18.66,1145176.0,20310845.0
2017-01-09,18.66,18.85,18.43,18.5,2039070.0,35976728.0
2017-01-10,18.46,18.64,18.04,18.09,1840241.0,32063918.0
2017-01-11,18.0,18.3,17.9,18.1,1419671.0,24550117.0
2017-01-12,18.09,18.14,17.32,17.45,1925744.0,32396270.0
2017-01-13,17.37,17.76,17.36,17.42,1333846.0,22260844.0
2017-01-16,17.42,17.67,15.82,16.57,2253963.0,36370632.0
2017-01-17,16.45,16.76,15.99,16.7,1893084.0,29523655.0
2017-01-18,16.63,16.67,16.3,16.37,1063479.0,16682236.0
2017-01-19,16.32,16.45,16.09,16.25,943142.0,14620768.0
2017-01-20,16.37,16.57,16.25,16.39,1348989.0,21057667.0
2017-01-23,16.57,17.34,16.53,17.11,3154409.0,51257537.0
2017-01-24,17.13,17.15,16.84,17.01,2048064.0,33079104.0
2017-01-25,17.0,17.11,16.88,17.07,989826.0,15998523.0
2017-01-26,17.16,17.34,17.09,17.3,869926.0,14251564.0
2017-02-03,17.36,17.71,17.2,17.66,1521365.0,25207984.0
2017-02-06,17.57,17.76,17.47,17.74,2376908.0,39773185.0
2017-02-07,17.66,17.93,17.56,17.86,1973520.0,33347281.0
2017-02-08,17.78,18.2,17.77,18.09,1767776.0,30341243.0
2017-02-09,18.2,18.5,18.09,18.42,1720878.0,30026018.0
2017-02-10,18.38,18.57,18.19,18.4,1796158.0,31424382.0
2017-02-13,18.22,18.4,17.89,18.18,1530211.0,26421823.0
2017-02-14,18.25,18.4,18.12,18.22,1020576.0,17698179.0
2017-02-15,18.23,18.41,17.83,18.03,1205257.0,20817371.0
2017-02-16,18.12,18.29,17.97,18.16,1028876.0,17725094.0
2017-02-17,18.06,18.36,18.02,18.09,1045289.0,18030295.0
2017-02-20,18.09,18.39,17.98,18.28,1397583.0,24153032.0
2017-02-21,18.36,18.39,18.17,18.29,1019423.0,17735022.0
2017-02-22,18.27,18.36,18.04,18.21,1335432.0,23067851.0
2017-02-23,18.21,18.68,18.11,18.59,1863935.0,32582964.0
2017-02-24,18.58,18.58,18.2,18.26,1388418.0,24144508.0
2017-02-27,18.24,18.45,18.21,18.35,1461672.0,25494502.0
2017-02-28,18.35,18.4,18.09,18.14,1089971.0,18892716.0
2017-03-01,18.25,18.34,18.14,18.3,1581757.0,27432077.0
2017-03-02,18.45,18.45,18.22,18.23,1234783.0,21491116.0
2017-03-03,18.21,18.36,18.11,18.3,948400.0,16461378.0
2017-03-06,18.46,18.46,18.04,18.25,2806691.0,48517914.0
2017-03-07,18.25,19.34,18.17,18.86,3651980.0,65194131.0
2017-03-08,18.83,18.85,18.25,18.46,2439767.0,42907839.0
2017-03-09,18.46,18.49,17.67,17.75,2481889.0,42368849.0
2017-03-10,17.68,17.88,17.68,17.74,1338035.0,22633874.0
2017-03-13,17.74,17.91,17.36,17.79,1665366.0,27843859.0
2017-03-14,17.75,17.91,17.71,17.83,1065149.0,18055757.0
2017-03-15,17.89,17.9,17.67,17.74,798353.0,13481861.0
2017-03-16,17.75,18.04,17.75,17.93,1414743.0,24089306.0
2017-03-17,17.93,18.08,17.89,17.94,1585156.0,27110066.0
2017-03-20,18.02,18.04,17.79,17.99,1718194.0,29283237.0
2017-03-21,18.03,18.38,17.97,18.25,1978217.0,34226203.0
2017-03-22,18.28,18.3,18.07,18.11,1563259.0,27013529.0
2017-03-23,18.15,18.34,17.94,18.21,1588271.0,27440976.0
2017-03-24,18.34,18.36,18.02,18.2,1740584.0,30006840.0
2017-03-27,18.25,18.25,17.94,17.98,1828742.0,31342129.0
2017-03-28,17.84,17.86,17.41,17.63,2746576.0,45991017.0
2017-03-29,17.73,17.78,16.93,17.44,2029081.0,33711412.0
2017-03-30,17.22,17.39,16.58,16.73,2597346.0,41666840.0
2017-03-31,16.82,17.15,16.76,17.01,1743533.0,28204078.0
2017-04-05,17.01,17.43,16.96,17.28,1852386.0,30230815.0
2017-04-06,17.35,17.62,17.21,17.49,1894297.0,31501175.0
2017-04-07,17.55,17.6,17.05,17.17,1668541.0,27486328.0
2017-04-10,17.16,18.02,17.13,17.75,3534159.0,59435597.0
2017-04-11,17.68,17.84,17.11,17.41,2382135.0,39576400.0
2017-04-12,17.18,17.61,17.18,17.5,1761685.0,29140975.0
2017-04-13,17.34,17.57,17.05,17.19,1622593.0,26743490.0
2017-04-14,17.2,17.25,16.85,16.99,1265455.0,20442321.0
2017-04-17,16.91,17.07,16.5,16.56,1948347.0,31053562.0
2017-04-18,16.72,16.91,16.5,16.73,2296724.0,36564718.0
2017-04-19,16.72,16.79,16.02,16.32,2209563.0,34134977.0
2017-04-20,16.3,16.48,15.55,15.78,2150225.0,32512604.0
2017-04-21,15.86,15.87,15.59,15.78,1105507.0,16574166.0
2017-04-24,15.78,15.87,15.26,15.29,1204256.0,17639815.0
2017-04-25,15.29,15.66,15.2,15.44,1316591.0,19297833.0
2017-04-26,15.39,15.59,15.32,15.34,1246057.0,18292652.0
2017-04-27,15.36,15.44,14.42,15.18,2158697.0,30627643.0
2017-04-28,15.06,15.73,15.05,15.42,1377783.0,20220678.0
2017-05-02,15.42,15.73,15.26,15.52,1427077.0,21113362.0
2017-05-03,15.62,15.62,14.73,15.16,1584320.0,23038369.0
2017-05-04,14.99,15.35,14.94,15.07,1253606.0,18052643.0
2017-05-05,14.93,15.17,14.91,14.93,1084680.0,15498030.0
2017-05-08,15.04,15.04,14.46,14.59,1435954.0,20079947.0
2017-05-09,14.59,14.71,14.33,14.51,1525962.0,21011001.0
2017-05-10,14.6,14.69,14.26,14.35,1506568.0,20779008.0
2017-05-11,14.3,15.1,13.59,14.04,1569681.0,21020924.0
2017-05-12,13.85,14.6,13.85,14.15,2159806.0,28983424.0
2017-05-15,14.04,14.3,13.91,13.91,1196748.0,16003508.0
2017-05-16,13.79,14.14,13.63,14.1,2870329.0,37910559.0
2017-05-17,14.11,14.33,14.0,14.05,2148158.0,28905466.0
2017-05-18,13.9,14.17,13.9,14.03,1603838.0,21405883.0
2017-05-19,14.03,14.11,13.91,13.97,1535684.0,20388356.0
2017-05-22,14.03,14.1,13.46,13.54,1534435.0,20004412.0
2017-05-23,13.48,13.57,12.87,12.91,1755917.0,22023896.0
2017-05-24,13.04,13.04,12.6,12.89,1382649.0,16836771.0
2017-05-25,12.94,13.14,12.64,13.06,1135115.0,13940638.0
2017-05-26,13.23,13.23,13.02,13.1,908715.0,11329669.0
2017-05-31,13.16,13.4,13.03,13.04,1088528.0,13733919.0
2017-06-01,13.12,13.16,12.54,12.72,1216363.0,14947130.0
2017-06-02,12.61,12.96,12.29,12.89,1290625.0,15493469.0
2017-06-05,12.95,13.24,12.89,13.08,1122977.0,13808298.0
2017-06-06,13.17,13.3,13.04,13.16,1069690.0,13221300.0
2017-06-07,14.04,14.04,13.71,13.87,5726341.0,74615744.0
2017-06-08,13.74,13.93,13.52,13.53,3555440.0,45791646.0
2017-06-09,13.47,13.68,13.36,13.51,2173357.0,27487090.0
2017-06-12,13.53,13.53,13.1,13.12,1470633.0,18294698.0
2017-06-13,13.2,13.42,12.99,13.35,1563596.0,19546505.0
2017-06-14,13.36,13.55,13.29,13.39,1317097.0,16594611.0
2017-06-15,13.41,13.74,13.33,13.63,1848164.0,23564869.0
2017-06-16,13.74,13.74,13.42,13.55,1159648.0,14713862.0
2017-06-19,13.53,13.68,13.48,13.64,1411320.0,18019402.0
2017-06-20,13.66,13.7,13.59,13.69,1318990.0,16930917.0
2017-06-21,13.74,13.74,13.55,13.62,1360122.0,17413973.0
2017-06-22,13.62,13.64,13.42,13.42,1291400.0,16444616.0
2017-06-23,13.41,13.47,12.89,13.14,2738776.0,33853517.0
2017-06-26,13.14,13.41,12.98,13.37,1599663.0,19891324.0
2017-06-27,13.43,13.52,13.34,13.39,818450.0,10324834.0
2017-06-28,13.44,13.44,13.17,13.22,849994.0,10583582.0
2017-06-29,13.22,13.36,13.16,13.31,766261.0,9576166.0
2017-06-30,13.35,13.41,13.2,13.37,785765.0,9832376.0
2017-07-03,13.27,13.58,13.22,13.53,2633759.0,33181034.0
2017-07-04,13.53,13.54,13.39,13.5,1698204.0,21472544.0
2017-07-05,13.51,13.62,13.46,13.6,1519206.0,19336576.0
2017-07-06,13.6,13.62,13.39,13.52,1247285.0,15837217.0
2017-07-07,13.49,13.55,13.38,13.52,2132276.0,26985398.0
2017-07-10,13.47,13.51,13.3,13.35,2252519.0,28408136.0
2017-07-11,13.38,13.44,13.18,13.18,1553200.0,19418990.0
2017-07-12,13.18,13.24,12.86,13.05,1517025.0,18538791.0
2017-07-13,13.05,13.1,12.99,13.04,1037704.0,12708581.0
2017-07-14,13.05,13.2,13.0,13.1,1254258.0,15456121.0
2017-07-17,13.09,13.1,11.93,11.99,2739963.0,32191760.0
2017-07-18,11.99,12.18,11.73,12.12,1877906.0,21141257.0
2017-07-19,12.09,12.38,12.03,12.35,1345971.0,15482404.0
2017-07-20,12.33,12.52,12.15,12.19,1333560.0,15436188.0
2017-07-21,12.23,12.38,12.18,12.22,1087588.0,12517725.0
2017-07-24,12.22,12.29,12.1,12.27,1244321.0,14249281.0
2017-07-25,12.3,12.34,11.9,12.14,2263211.0,25759513.0
2017-07-26,12.04,12.4,11.82,12.39,3131784.0,35542834.0
2017-07-27,12.39,12.69,12.14,12.59,3223238.0,37723014.0
2017-07-28,12.56,13.2,12.34,12.71,2988458.0,35485600.0
2017-07-31,12.66,13.12,12.57,12.69,2719812.0,32602725.0
2017-08-01,12.77,12.96,12.56,12.68,1770673.0,21119025.0
2017-08-02,12.6,13.02,12.53,12.57,2021430.0,24047494.0
2017-08-03,12.57,12.61,12.43,12.52,1769008.0,20785091.0
2017-08-04,12.52,12.59,12.44,12.5,1269364.0,14911287.0
2017-08-07,12.51,12.83,12.46,12.77,2132678.0,25395477.0
2017-08-08,12.78,12.82,12.65,12.7,1391449.0,16600964.0
2017-08-09,12.71,12.73,12.55,12.68,1575724.0,18707764.0
2017-08-10,12.65,12.73,12.47,12.54,1447800.0,17135305.0
2017-08-11,12.46,12.56,12.3,12.3,1050330.0,12296794.0
2017-08-14,12.44,12.67,12.34,12.62,1621380.0,19066777.0
2017-08-15,12.56,12.92,12.54,12.68,876718.0,10430982.0
2017-08-16,12.68,12.9,12.6,12.81,2081759.0,24980667.0
2017-08-17,12.81,12.95,12.78,12.84,1787205.0,21579997.0
2017-08-18,12.84,12.92,12.73,12.85,1215458.0,14640770.0
2017-08-21,12.88,12.98,12.8,12.98,1274675.0,15447416.0
2017-08-22,13.31,14.12,13.2,13.51,8460202.0,108285097.0
2017-08-23,13.31,13.42,12.96,13.01,5033468.0,62006674.0
2017-08-24,12.97,13.0,12.67,12.68,3173822.0,38278419.0
2017-08-25,12.68,12.86,12.68,12.78,1653195.0,19850570.0
2017-08-28,12.76,12.96,12.73,12.96,2362976.0,28516448.0
2017-08-29,12.99,13.03,12.82,12.9,2077801.0,25136228.0
2017-08-30,12.87,12.99,12.83,12.92,1766740.0,21402177.0
2017-08-31,12.97,12.97,12.88,12.97,1257242.0,15255339.0
2017-09-01,12.96,13.03,12.93,13.0,1959426.0,23872533.0
2017-09-04,13.01,13.04,12.92,13.0,1692469.0,20595935.0
2017-09-05,12.99,13.29,12.94,13.06,1792044.0,21969339.0
2017-09-06,13.09,13.18,12.95,13.09,2056955.0,25227568.0
2017-09-07,13.06,13.25,12.98,13.08,2684161.0,32937724.0
2017-09-08,13.08,13.15,12.9,13.1,2297922.0,28137666.0
2017-09-11,13.08,13.18,13.04,13.11,1845080.0,22691842.0
2017-09-12,13.12,13.26,12.99,13.11,2940600.0,36189801.0
2017-09-13,13.09,13.13,12.92,13.08,1913877.0,23396156.0
2017-09-14,13.03,13.1,12.94,13.05,2111480.0,25785221.0
2017-09-15,13.01,13.06,12.92,13.03,1734100.0,21120893.0
2017-09-18,12.99,13.26,12.96,13.14,2031922.0,24962346.0
2017-09-19,13.16,13.17,13.03,13.05,1668700.0,20493281.0
2017-09-20,13.05,13.15,12.98,13.11,1426600.0,17521167.0
2017-09-21,13.13,13.16,13.04,13.11,1456450.0,17903576.0
2017-09-22,13.06,13.08,12.95,13.04,1006501.0,12282721.0
2017-09-25,13.04,13.04,12.83,13.01,1215749.0,14794423.0
2017-09-26,12.97,12.97,12.68,12.92,1377300.0,16619024.0
2017-09-27,12.85,12.9,12.8,12.87,905800.0,10933634.0
2017-09-28,12.87,12.92,12.81,12.87,802626.0,9697345.0
2017-09-29,12.88,12.88,12.79,12.86,1150774.0,13873889.0
2017-10-09,12.9,12.98,12.86,12.94,1299202.0,15748133.0
2017-10-10,12.94,13.04,12.86,13.04,2120106.0,25781638.0
2017-10-11,13.03,13.16,13.03,13.06,2493633.0,30665143.0
2017-10-12,13.09,13.13,12.94,13.02,1500348.0,18362237.0
2017-10-13,13.04,13.13,12.99,13.13,1993920.0,24491077.0
2017-10-16,13.09,13.16,12.88,12.88,1979100.0,24188425.0
2017-10-17,12.84,12.9,12.72,12.86,1147684.0,13799699.0
2017-10-18,12.84,12.89,12.76,12.82,1055502.0,12710557.0
2017-10-19,12.7,12.8,12.54,12.62,1435645.0,17088886.0
2017-10-20,12.57,13.87,12.56,12.88,3130172.0,37974870.0
2017-10-23,12.98,13.01,12.79,12.87,1502000.0,18142904.0
2017-10-24,12.79,12.95,12.68,12.72,1134989.0,13613110.0
2017-10-25,12.78,12.78,12.65,12.7,717900.0,8571508.0
2017-10-26,12.68,12.75,12.65,12.72,1189600.0,14190980.0
2017-10-27,12.76,12.77,12.63,12.7,944500.0,11262363.0
2017-10-30,12.65,12.67,12.14,12.2,1522306.0,17648194.0
2017-10-31,12.2,12.29,12.15,12.28,875001.0,10041853.0
2017-11-01,12.3,12.32,12.14,12.17,918762.0,10546461.0
2017-11-02,12.14,12.76,12.03,12.17,1204262.0,13788303.0
2017-11-03,12.24,12.51,12.06,12.14,1142037.0,13070587.0
2017-11-06,12.29,12.35,12.18,12.29,1359500.0,15656695.0
2017-11-07,12.26,12.32,12.13,12.16,2160274.0,24719341.0
2017-11-08,12.17,12.29,12.14,12.19,1090803.0,12495218.0
2017-11-09,12.22,12.27,12.1,12.26,980976.0,11244629.0
2017-11-10,12.21,12.63,12.2,12.47,3197171.0,37363118.0
2017-11-13,12.4,12.54,12.34,12.39,1705162.0,19892811.0
2017-11-14,12.35,12.52,12.22,12.34,1482848.0,17178756.0
2017-11-15,12.33,12.4,12.22,12.29,676315.0,7803255.0
2017-11-16,12.24,12.28,12.15,12.28,764686.0,8773670.0
2017-11-17,12.26,12.7,12.04,12.14,1662400.0,19077520.0
2017-11-20,12.05,12.22,12.0,12.14,1371992.0,15628450.0
2017-11-21,12.14,12.17,12.03,12.12,580000.0,6591248.0
2017-11-22,12.1,12.13,11.93,12.03,968800.0,10936899.0
2017-11-23,12.0,12.22,11.78,11.89,972500.0,10882878.0
2017-11-24,11.82,11.88,11.79,11.83,657774.0,7300017.0
2017-11-27,11.82,11.83,11.37,11.41,1319088.0,14288018.0
2017-11-28,11.33,11.48,11.17,11.37,1338255.0,14166329.0
2017-11-29,11.37,11.41,11.03,11.29,1521788.0,15980642.0
2017-11-30,11.23,11.34,11.13,11.31,919488.0,9752823.0
2017-12-01,11.26,11.47,11.26,11.44,767746.0,8208495.0
2017-12-04,11.39,11.44,11.27,11.34,551900.0,5882444.0
2017-12-05,11.34,11.36,10.95,11.07,769500.0,8036034.0
2017-12-06,10.99,11.45,10.97,11.35,1018527.0,10628977.0
2017-12-07,11.34,11.34,11.21,11.26,607700.0,6426225.0
2017-12-08,11.24,11.61,11.22,11.33,642700.0,6862459.0
2017-12-11,11.33,11.41,11.23,11.39,556600.0,5933353.0
2017-12-12,11.39,11.56,11.24,11.28,437801.0,4670845.0
2017-12-13,11.22,11.29,11.19,11.29,414932.0,4380083.0
2017-12-14,11.2,11.33,11.2,11.3,550620.0,5824850.0
2017-12-15,11.29,11.35,11.17,11.27,712111.0,7502869.0
2017-12-18,11.27,11.27,11.1,11.14,603320.0,6327466.0
2017-12-19,11.14,11.24,11.13,11.19,324581.0,3412607.0
2017-12-20,11.19,11.22,11.01,11.11,795700.0,8321456.0
2017-12-21,11.07,11.14,10.97,11.07,522569.0,5425485.0
2017-12-22,11.1,11.13,10.98,11.05,510800.0,5302519.0
2017-12-25,11.07,11.07,10.9,10.95,656500.0,6758975.0
2017-12-26,10.93,11.01,10.9,10.99,505000.0,5197619.0
2017-12-27,11.01,11.01,10.86,10.88,523146.0,5372769.0
2017-12-28,10.9,10.98,10.8,10.93,419836.0,4301238.0
2017-12-29,10.93,11.01,10.9,10.97,567370.0,5831811.0
2018-01-02,11.03,11.2,10.95,11.13,1053000.0,10952241.0
2018-01-03,11.12,11.39,11.07,11.24,1380714.0,14538166.0
2018-01-04,11.27,11.31,11.18,11.21,811100.0,8561297.0
2018-01-05,11.21,11.27,11.16,11.26,699600.0,7367185.0
2018-01-08,11.24,11.24,11.16,11.21,454309.0,4778809.0
2018-01-09,11.19,11.24,11.18,11.22,606984.0,6393452.0
2018-01-10,11.22,11.31,11.07,11.22,774400.0,8128892.0
2018-01-11,11.22,11.34,11.15,11.3,1105800.0,11676584.0
2018-01-12,11.3,11.37,11.26,11.29,1034600.0,10988171.0
2018-01-15,11.24,11.66,11.19,11.45,3772100.0,40457778.0
2018-01-16,11.27,12.13,11.27,11.93,7374872.0,81538600.0
2018-01-17,11.62,12.03,11.21,11.43,3901900.0,41881435.0
2018-01-18,11.37,11.46,11.23,11.27,1848741.0,19633329.0
2018-01-19,11.28,11.33,11.17,11.23,1132235.0,11947229.0
2018-01-22,11.19,11.19,10.9,11.07,2982557.0,30814907.0
2018-01-23,11.02,11.1,11.02,11.07,893794.0,9288312.0
2018-01-24,11.07,11.15,11.02,11.07,1270894.0,13210439.0
2018-01-25,11.09,11.18,11.05,11.07,1556403.0,16256736.0
2018-01-26,11.05,11.1,10.99,11.0,962598.0,9981156.0
2018-01-29,10.97,11.49,10.95,11.06,1424516.0,14807354.0
2018-01-30,11.12,11.15,11.03,11.07,631005.0,6557944.0
2018-01-31,11.05,11.07,10.73,10.73,1435204.0,14683172.0
2018-02-01,10.74,10.75,9.94,10.09,2297513.0,22258129.0
2018-02-02,9.95,10.15,9.71,9.9,1713750.0,15976780.0
2018-02-05,9.73,9.96,9.7,9.9,662450.0,6130796.0
2018-02-06,9.72,10.63,9.29,9.42,1523817.0,13789343.0
2018-02-07,9.66,9.73,9.23,9.5,1946128.0,17350233.0
2018-02-08,9.45,9.72,9.42,9.64,888844.0,7996793.0
2018-02-09,9.37,9.64,9.26,9.47,851100.0,7524005.0
2018-02-12,9.43,9.88,9.43,9.66,861813.0,7788208.0
2018-02-13,9.69,9.72,9.61,9.63,627600.0,5698744.0
2018-02-14,9.87,9.87,9.51,9.64,763500.0,6909427.0
2018-02-22,9.67,9.8,9.59,9.73,557600.0,5073953.0
2018-02-23,9.71,9.73,9.65,9.73,532000.0,4837203.0
2018-02-26,9.72,9.88,9.67,9.86,830400.0,7633192.0
2018-02-27,9.84,9.9,9.82,9.88,587144.0,5434642.0
2018-02-28,9.86,10.35,9.68,10.27,4157878.0,39565211.0
2018-03-01,10.14,10.28,9.99,10.13,3024513.0,28634243.0
2018-03-02,10.05,10.08,9.96,10.0,1444300.0,13562391.0
2018-03-05,10.01,10.08,9.94,10.02,983800.0,9247116.0
2018-03-06,10.02,10.07,9.99,10.05,984737.0,9269940.0
2018-03-07,10.06,10.08,10.01,10.04,748600.0,7063007.0
2018-03-08,10.04,10.31,10.01,10.24,2098979.0,20063325.0
2018-03-09,10.22,11.27,10.22,10.98,9503084.0,97653280.0
2018-03-12,10.79,10.93,10.71,10.84,2676901.0,27167900.0
2018-03-13,10.77,10.96,10.62,10.82,2773315.0,28025676.0
2018-03-14,10.84,11.04,10.84,10.88,1588500.0,16340740.0
2018-03-15,10.84,10.96,10.72,10.96,770927.0,7832648.0
2018-03-16,10.98,11.4,10.96,11.18,3543427.0,37438965.0
2018-03-19,11.1,11.47,10.84,11.32,2030469.0,21535638.0
2018-03-20,11.29,11.6,10.93,11.5,2527739.0,27034932.0
2018-03-21,11.55,11.6,11.3,11.31,1373311.0,14745601.0
2018-03-22,11.18,11.41,11.18,11.3,743100.0,7901646.0
2018-03-23,11.05,11.27,10.44,11.27,2778400.0,28266677.0
2018-03-26,10.91,11.03,10.46,10.86,1875662.0,18875235.0
2018-03-27,10.93,10.93,10.71,10.9,1891022.0,19283662.0
2018-03-28,10.87,11.01,10.7,10.79,1047900.0,10682926.0
2018-03-29,10.8,10.94,10.79,10.87,748353.0,7634714.0
2018-03-30,10.81,11.24,10.81,11.17,1382656.0,14412080.0
2018-04-02,11.24,11.99,11.17,11.54,2905518.0,31872995.0
2018-04-03,11.33,11.53,11.26,11.38,946700.0,10107337.0
2018-04-04,11.29,11.55,11.26,11.45,961553.0,10360642.0
2018-04-09,11.36,11.52,11.3,11.34,925247.0,9879802.0
2018-04-10,11.34,11.43,11.24,11.28,573109.0,6076084.0
2018-04-11,11.3,11.39,11.24,11.31,491800.0,5219853.0
2018-04-12,11.26,11.48,11.07,11.07,510800.0,5398577.0
2018-04-13,11.03,11.27,10.98,11.06,388800.0,4050698.0
2018-04-16,11.09,11.12,10.91,10.98,646300.0,6680521.0
2018-04-17,11.06,11.07,10.78,10.88,501501.0,5132106.0
2018-04-18,10.96,11.02,10.7,10.94,531100.0,5395536.0
2018-04-19,10.94,10.96,10.84,10.91,418947.0,4279368.0
2018-04-20,10.88,10.94,10.77,10.78,416949.0,4245086.0
2018-04-23,10.83,10.83,10.33,10.5,608900.0,6042931.0
2018-04-24,10.61,10.84,10.5,10.84,563700.0,5688953.0
2018-04-25,10.84,10.87,10.74,10.85,553051.0,5607572.0
2018-04-26,10.9,10.9,10.44,10.72,291886.0,2950093.0
2018-04-27,10.72,10.86,10.51,10.84,475200.0,4771748.0
2018-05-02,11.03,11.19,10.9,10.91,810020.0,8397662.0
2018-05-03,10.85,11.07,10.85,11.07,730829.0,7532567.0
2018-05-04,11.07,11.23,10.95,10.98,1261400.0,13116221.0
2018-05-07,11.14,11.21,10.98,11.14,1364789.0,14221203.0
2018-05-08,11.26,11.26,11.03,11.12,1065100.0,11108451.0
2018-05-09,11.14,11.91,11.14,11.86,4481596.0,48723515.0
2018-05-10,11.83,11.83,10.69,11.57,5433278.0,56052530.0
2018-05-11,11.5,11.99,11.47,11.9,2454801.0,25795868.0
2018-05-14,11.9,12.22,11.82,12.2,2761029.0,29894203.0
2018-05-15,12.19,12.3,11.91,12.14,1876159.0,20318628.0
2018-05-16,12.04,12.45,12.04,12.26,1633511.0,18009338.0
2018-05-17,12.18,12.41,12.09,12.31,1297982.0,14282231.0
2018-05-18,12.33,12.45,12.09,12.22,922038.0,10130637.0
2018-05-21,12.21,12.45,12.05,12.32,1326104.0,14641932.0
2018-05-22,12.32,12.39,12.27,12.39,538901.0,5952992.0
2018-05-23,12.45,12.45,12.19,12.27,623000.0,6854252.0
2018-05-24,12.34,12.42,12.22,12.28,573700.0,6314911.0
2018-05-25,12.28,12.37,12.22,12.28,597512.0,6570527.0
2018-05-28,12.24,12.38,12.2,12.27,535501.0,5886913.0
2018-05-29,12.28,12.33,12.28,12.29,476501.0,5248469.0
2018-05-30,12.3,12.42,11.78,11.94,1820927.0,19725166.0
2018-05-31,11.95,12.1,11.84,11.99,640921.0,6858898.0
2018-06-01,12.05,12.05,11.55,11.6,1090800.0,11492092.0
2018-06-04,11.71,11.71,11.28,11.38,598700.0,6135680.0
2018-06-05,11.44,11.53,11.32,11.5,528645.0,5421037.0
2018-06-06,11.43,12.05,11.43,11.92,869545.0,9137524.0
2018-06-07,11.92,12.0,11.64,11.65,405600.0,4278317.0
2018-06-08,11.55,11.7,11.37,11.53,364545.0,3765407.0
2018-06-11,11.64,11.64,11.25,11.34,339988.0,3454397.0
2018-06-12,11.28,11.32,11.03,11.26,545400.0,5441866.0
2018-06-13,11.26,11.26,10.66,10.66,503082.0,4928314.0
2018-06-14,10.61,10.8,10.41,10.44,640542.0,6061595.0
2018-06-15,10.47,10.47,9.4,9.4,2332088.0,20147465.0
2018-06-19,9.42,9.42,8.61,8.76,2044681.0,16256796.0
2018-06-20,8.67,9.01,8.66,8.94,720935.0,5723196.0
2018-06-21,8.97,9.01,8.72,8.72,576100.0,4564831.0
2018-06-22,8.74,8.92,8.52,8.87,384300.0,3038966.0
2018-06-25,8.97,8.97,8.68,8.68,1079100.0,8475365.0
2018-06-26,8.62,8.92,8.47,8.82,1463518.0,11238465.0
2018-06-27,8.74,8.81,8.66,8.76,648601.0,5077580.0
2018-06-28,8.66,8.83,8.66,8.68,514600.0,4026324.0
2018-06-29,8.68,8.97,8.67,8.88,818221.0,6476390.0
2018-07-02,8.87,9.03,8.76,8.91,998431.0,7996616.0
2018-07-03,8.72,9.43,8.72,9.41,1344195.0,11057946.0
2018-07-04,9.39,10.02,9.26,9.4,1409847.0,12086295.0
2018-07-05,9.26,9.49,8.46,8.46,6486700.0,50754856.0
2018-07-06,8.31,8.54,7.62,8.06,5385026.0,38204817.0
2018-07-09,7.89,8.19,7.75,7.94,2770798.0,19725246.0
2018-07-10,8.11,8.27,7.85,8.13,3396255.0,24564088.0
2018-07-11,7.98,8.0,7.75,7.88,1976548.0,13965967.0
2018-07-12,7.86,8.1,7.82,8.04,1587638.0,11410721.0
2018-07-13,8.05,8.11,8.01,8.06,1025630.0,7411984.0
2018-07-16,8.07,8.1,7.96,8.03,940700.0,6755205.0
2018-07-17,8.06,8.08,7.92,8.07,990300.0,7122914.0
2018-07-18,8.09,8.37,8.06,8.24,2247600.0,16601380.0
2018-07-19,8.23,8.44,8.14,8.16,1419510.0,10535534.0
2018-07-20,8.14,8.34,8.09,8.23,978285.0,7203182.0
2018-07-23,8.16,8.26,8.11,8.19,1198710.0,8802912.0
2018-07-24,8.19,8.37,8.17,8.33,1306300.0,9692748.0
2018-07-25,8.34,8.38,8.27,8.33,1126110.0,8395729.0
2018-07-26,8.35,8.65,8.28,8.58,2105611.0,15982682.0
2018-07-27,8.58,8.58,8.43,8.45,753100.0,5717144.0
2018-07-30,8.45,8.51,8.09,8.25,1911526.0,14077326.0
2018-07-31,8.16,8.35,8.12,8.26,1159255.0,8525783.0
2018-08-01,8.27,8.3,8.12,8.15,1228153.0,9051426.0
2018-08-02,8.09,8.23,7.79,7.85,1465738.0,10388857.0
2018-08-03,7.83,7.94,7.83,7.86,696300.0,4916007.0
2018-08-06,7.76,7.88,7.67,7.74,892500.0,6227660.0
2018-08-07,7.74,7.94,7.72,7.94,835100.0,5860294.0
2018-08-08,7.94,8.03,7.82,7.99,880057.0,6249494.0
2018-08-09,7.96,8.35,7.9,8.3,1797400.0,13135865.0
2018-08-10,8.24,8.45,8.07,8.43,1919929.0,14153489.0
2018-08-13,8.24,8.51,8.18,8.38,1868459.0,13945730.0
2018-08-14,8.56,8.74,8.21,8.44,2447759.0,18376388.0
2018-08-15,8.34,8.73,8.18,8.35,2585587.0,19452595.0
2018-08-16,8.24,8.68,8.1,8.39,3064188.0,23032804.0
2018-08-17,8.37,8.61,8.13,8.21,2398558.0,17902872.0
2018-08-20,8.21,8.26,7.97,8.04,1613548.0,11658277.0
2018-08-21,8.05,8.14,7.95,8.09,927100.0,6692512.0
2018-08-22,8.12,8.12,7.96,8.03,635047.0,4574192.0
2018-08-23,8.09,8.15,8.01,8.03,591750.0,4277573.0
2018-08-24,8.03,8.08,7.96,8.03,631500.0,4536742.0
2018-08-27,8.0,8.17,8.0,8.14,844157.0,6134501.0
2018-08-28,8.12,8.2,8.11,8.15,732900.0,5351604.0
2018-08-29,8.16,8.19,8.07,8.09,643100.0,4666183.0
2018-08-30,8.04,8.12,8.01,8.04,671900.0,4861648.0
2018-08-31,8.03,8.12,7.96,8.0,603879.0,4358076.0
2018-09-03,7.97,8.07,7.9,7.94,932530.0,6653302.0
2018-09-04,7.96,8.08,7.9,8.04,876382.0,6277068.0
2018-09-05,8.04,8.11,7.98,7.98,1008200.0,7275406.0
2018-09-06,8.0,8.07,7.92,7.95,763600.0,5449297.0
2018-09-07,7.96,8.04,7.92,7.97,485900.0,3477310.0
2018-09-10,7.97,7.99,7.89,7.89,511486.0,3630405.0
2018-09-11,7.89,7.97,7.86,7.91,249100.0,1767427.0
2018-09-12,7.95,8.03,7.91,7.95,325286.0,2321280.0
2018-09-13,7.95,8.03,7.92,8.01,667586.0,4765748.0
2018-09-14,8.03,8.05,7.98,7.98,446700.0,3204923.0
2018-09-17,7.98,8.03,7.91,7.91,456200.0,3241854.0
2018-09-18,7.95,8.01,7.83,7.99,589858.0,4206552.0
2018-09-19,7.98,8.08,7.92,8.03,853831.0,6142722.0
2018-09-20,8.06,8.06,7.98,7.99,600301.0,4309492.0
2018-09-21,8.08,8.08,7.97,8.06,836401.0,6024210.0
2018-09-25,8.15,8.15,7.98,8.07,570800.0,4106195.0
2018-09-26,8.14,8.14,8.03,8.03,728240.0,5273260.0
2018-09-27,8.08,8.08,7.95,7.96,790098.0,5667293.0
2018-09-28,8.01,8.04,7.96,8.0,624550.0,4476107.0
2018-10-08,7.91,8.01,7.89,7.9,894200.0,6362499.0
2018-10-09,7.88,7.97,7.87,7.95,380800.0,2702390.0
2018-10-10,7.97,8.37,7.95,8.03,927450.0,6709010.0
2018-10-11,7.83,7.85,7.22,7.22,1453910.0,9752055.0
2018-10-12,7.14,7.29,6.98,7.23,946876.0,6033611.0
2018-10-15,7.23,7.25,7.1,7.15,504018.0,3244969.0
2018-10-16,7.15,7.25,6.99,7.12,435000.0,2769743.0
2018-10-17,7.17,7.58,7.02,7.17,512000.0,3298205.0
2018-10-18,7.11,7.18,6.95,7.04,452784.0,2866109.0
2018-10-19,6.88,7.19,6.83,7.12,561269.0,3533453.0
2018-10-22,7.18,7.51,7.12,7.43,755323.0,4962102.0
2018-10-23,7.38,7.45,7.24,7.36,485701.0,3195344.0
2018-10-24,7.36,7.56,7.3,7.4,638645.0,4233250.0
2018-10-25,7.34,7.41,7.11,7.4,452462.0,2947867.0
2018-10-26,7.41,7.65,7.41,7.49,803575.0,5404718.0
2018-10-29,7.47,7.79,7.45,7.69,1570553.0,10668240.0
2018-10-30,7.66,7.87,7.54,7.79,1165608.0,8057800.0
2018-10-31,7.78,8.03,7.7,8.01,1520870.0,10829244.0
2018-11-01,8.15,8.15,7.94,7.96,847004.0,6070798.0
2018-11-02,8.03,8.12,7.96,8.04,1161995.0,8359428.0
2018-11-05,8.05,8.07,7.76,7.94,1768704.0,12510483.0
2018-11-06,7.96,8.04,7.78,8.04,1754789.0,12536772.0
2018-11-07,8.04,8.3,7.97,8.29,1596391.0,11637825.0
2018-11-08,8.29,8.34,8.05,8.05,1212022.0,8886536.0
2018-11-09,8.01,8.49,7.99,8.3,2007980.0,14878663.0
2018-11-12,8.24,8.65,8.15,8.48,2191328.0,16579274.0
2018-11-13,8.43,8.62,8.26,8.47,2047781.0,15545387.0
