2011-09-29,23.98,25.15,22.88,24.08,11522900.0,280662848.0
2011-09-30,23.1,23.8,22.05,22.69,5354251.0,121509512.0
2011-10-10,22.66,24.18,22.36,23.6,4562109.0,106532464.0
2011-10-11,24.25,25.85,23.7,24.13,7005537.0,172370768.0
2011-10-12,23.6,25.15,22.55,24.8,6047448.0,145858448.0
2011-10-13,24.48,25.92,24.3,25.77,7696684.0,195802128.0
2011-10-14,25.47,25.63,24.76,25.45,5042270.0,127073536.0
2011-10-17,25.3,28.0,25.3,26.57,8075465.0,216410048.0
2011-10-18,26.11,27.67,25.81,26.01,6906182.0,185244224.0
2011-10-19,26.25,27.27,24.91,25.25,5555598.0,144761840.0
2011-10-20,24.8,24.97,23.6,24.0,3954733.0,95255824.0
2011-10-21,23.98,24.17,22.8,23.05,3112965.0,72751664.0
2011-10-24,23.12,25.13,22.6,24.73,4257018.0,101547256.0
2011-10-25,24.4,26.56,24.31,25.7,5736925.0,146579152.0
2011-10-26,25.42,26.45,25.3,26.02,4983383.0,128904360.0
2011-10-27,25.91,27.14,25.81,26.86,4881005.0,129765880.0
2011-10-28,27.12,27.45,26.31,27.21,4483689.0,120437344.0
2011-10-31,27.0,27.0,26.01,26.73,4677602.0,124015696.0
2011-11-01,26.35,26.66,25.85,26.4,3295841.0,86953584.0
2011-11-02,25.9,28.5,25.88,28.3,5450812.0,147947424.0
2011-11-03,28.02,28.92,27.3,27.42,5722945.0,161135760.0
2011-11-04,27.63,28.28,27.1,27.49,3075434.0,84832808.0
2011-11-07,27.31,27.68,26.9,27.33,1832636.0,49895812.0
2011-11-08,27.18,27.7,26.58,26.68,2164541.0,58988964.0
2011-11-09,26.78,27.07,26.0,27.04,2706907.0,71941408.0
2011-11-10,26.49,27.0,26.3,26.3,2284139.0,60740128.0
2011-11-11,26.35,26.61,25.4,25.6,2067076.0,53892720.0
2011-11-14,25.99,26.84,25.72,26.55,2314808.0,61265576.0
2011-11-15,26.55,26.95,26.26,26.78,2325917.0,61889200.0
2011-11-16,26.78,26.86,25.01,25.24,2759727.0,71238096.0
2011-11-17,25.3,26.45,25.12,26.12,2656738.0,68684936.0
2011-11-18,25.9,26.15,25.38,25.76,1759300.0,45392188.0
2011-11-21,25.78,26.29,25.66,26.29,2070913.0,53882580.0
2011-11-22,26.01,27.23,25.69,27.1,3179366.0,84078096.0
2011-11-23,27.02,27.85,26.88,27.32,5018018.0,137732368.0
2011-11-24,27.13,27.79,26.85,27.79,4056326.0,111058072.0
2011-11-25,27.62,27.75,26.78,26.8,2917188.0,79373152.0
2011-11-28,26.65,27.0,26.14,26.53,2115968.0,56188008.0
2011-11-29,26.62,27.63,26.4,27.59,3258843.0,88082984.0
2011-11-30,27.4,27.98,26.81,27.78,5774176.0,157546704.0
2011-12-01,28.27,29.0,27.36,27.55,7192780.0,202309648.0
2011-12-02,26.9,27.1,25.25,25.34,4588779.0,118282480.0
2011-12-05,25.2,25.28,24.15,24.24,1896180.0,46492792.0
2011-12-06,24.18,24.88,24.11,24.7,1530566.0,37506392.0
2011-12-07,24.55,24.93,24.3,24.72,1184688.0,29158662.0
2011-12-08,24.55,25.2,23.7,24.69,2282630.0,55888824.0
2011-12-09,24.05,24.7,24.04,24.27,1087923.0,26447716.0
2011-12-12,24.28,24.61,24.01,24.15,765205.0,18614684.0
2011-12-13,23.93,24.12,23.23,23.42,1278138.0,30065226.0
2011-12-14,23.37,23.71,22.69,22.74,914078.0,21187108.0
2011-12-15,22.32,23.16,22.31,22.6,1005576.0,22887728.0
2011-12-16,22.68,23.34,22.48,23.29,1293290.0,29687660.0
2011-12-19,23.08,23.51,22.45,23.4,1275381.0,29243856.0
2011-12-20,23.2,23.53,22.78,22.83,1047401.0,24283748.0
2011-12-21,23.06,23.33,22.62,22.65,1188832.0,27379114.0
2011-12-22,22.14,22.18,20.9,21.58,1932838.0,41446420.0
2011-12-23,21.3,21.86,21.15,21.38,953197.0,20554014.0
2011-12-26,21.33,21.6,21.09,21.09,487286.0,10400881.0
2011-12-27,21.0,21.02,19.61,19.7,1184336.0,23861478.0
2011-12-28,19.67,19.95,19.13,19.76,788450.0,15367211.0
2011-12-29,19.7,19.93,19.57,19.57,839876.0,16577278.0
2011-12-30,19.68,20.1,19.58,20.01,1448354.0,28855628.0
2012-01-04,20.2,21.2,20.0,20.03,1916936.0,39517732.0
2012-01-05,19.75,19.83,19.2,19.45,1379071.0,26871100.0
2012-01-06,19.45,20.0,18.71,19.9,1095125.0,21176752.0
2012-01-09,19.85,20.93,19.65,20.88,1733753.0,35701672.0
2012-01-10,20.81,21.55,20.7,21.49,1780878.0,37872312.0
2012-01-11,21.28,21.68,21.22,21.28,1106545.0,23648476.0
2012-01-12,21.26,21.55,21.04,21.32,872004.0,18606002.0
2012-01-13,21.32,21.49,19.98,19.98,1299510.0,26619170.0
2012-01-16,19.67,19.67,19.02,19.02,624039.0,12081014.0
2012-01-17,19.3,20.32,19.03,20.28,962834.0,19037678.0
2012-01-18,20.29,20.49,19.2,19.28,940455.0,18728728.0
2012-01-19,19.28,20.11,19.12,19.68,587917.0,11531761.0
2012-01-20,19.77,20.23,19.71,20.12,712518.0,14294989.0
2012-01-30,20.15,20.73,19.82,20.27,1083872.0,21984446.0
2012-01-31,20.27,20.7,19.95,20.67,760052.0,15463107.0
2012-02-01,20.61,21.14,20.45,20.78,1302954.0,27194526.0
2012-02-02,20.78,21.08,20.51,21.06,955918.0,19913354.0
2012-02-03,21.05,21.37,20.88,21.33,1161500.0,24635120.0
2012-02-06,21.36,21.49,21.18,21.32,1106053.0,23607302.0
2012-02-07,21.25,21.31,20.55,20.67,1311327.0,27271260.0
2012-02-08,20.65,21.3,20.55,21.29,1335152.0,28018938.0
2012-02-09,21.28,21.63,21.11,21.33,1204278.0,25764192.0
2012-02-10,21.22,22.15,21.22,21.98,1580392.0,34396680.0
2012-02-13,21.83,22.95,21.73,22.5,1903791.0,42992688.0
2012-02-14,22.45,23.18,22.13,22.68,1559905.0,35496104.0
2012-02-15,22.58,22.93,22.3,22.85,1254940.0,28455340.0
2012-02-16,22.78,23.18,22.21,22.65,1106066.0,25083098.0
2012-02-17,22.63,23.17,22.23,23.0,1538170.0,34891512.0
2012-02-20,23.1,23.39,22.78,22.87,1753233.0,40462148.0
2012-02-21,22.78,23.63,22.78,23.6,2067940.0,47979912.0
2012-02-22,23.48,24.12,23.42,24.06,1869724.0,44371536.0
2012-02-23,24.09,24.23,23.69,23.96,1641776.0,39341960.0
2012-02-24,23.96,24.48,23.9,24.1,1950407.0,47070684.0
2012-02-27,24.2,24.91,23.5,24.9,4365554.0,104958360.0
2012-02-28,23.8,24.0,23.06,23.36,3950530.0,93172568.0
2012-02-29,23.3,23.3,22.76,22.79,1958449.0,44993728.0
2012-03-01,22.79,23.22,22.75,22.89,1191004.0,27350850.0
2012-03-02,23.09,23.4,23.0,23.36,1395582.0,32505572.0
2012-03-05,23.45,23.67,23.36,23.43,1688045.0,39703180.0
2012-03-06,23.31,23.31,22.63,22.7,1673291.0,38244976.0
2012-03-07,22.4,22.92,22.31,22.54,1200552.0,27219300.0
2012-03-08,22.7,23.13,22.7,22.87,1078280.0,24676460.0
2012-03-09,23.08,23.46,22.89,23.46,1676992.0,39028076.0
2012-03-12,23.49,23.69,23.22,23.58,1454928.0,34116896.0
2012-03-13,23.59,23.98,23.58,23.94,2099978.0,49983156.0
2012-03-14,24.22,25.15,23.18,23.51,4517761.0,110423520.0
2012-03-15,23.51,23.98,23.0,23.87,2322283.0,54826216.0
2012-03-16,24.0,24.72,23.8,24.45,2290538.0,55783172.0
2012-03-19,24.45,24.74,24.11,24.69,1862493.0,45408884.0
2012-03-20,24.57,24.58,23.68,23.73,1647739.0,39459412.0
2012-03-21,23.96,24.08,23.02,23.36,1111450.0,26142848.0
2012-03-22,23.4,23.45,22.9,23.16,981433.0,22702012.0
2012-03-26,22.88,23.0,22.6,22.96,921702.0,21008622.0
2012-03-27,23.16,23.38,22.73,22.78,863464.0,19881184.0
2012-03-28,22.77,22.77,21.58,21.58,927009.0,20401922.0
2012-03-29,21.45,21.62,21.08,21.55,659274.0,14109704.0
2012-03-30,21.55,21.6,20.4,20.69,874919.0,18371452.0
2012-04-05,20.51,21.44,20.51,21.32,1283468.0,17899676.0
2012-04-06,21.33,21.33,20.86,21.0,945110.0,13151266.0
2012-04-09,20.85,20.89,20.51,20.55,786877.0,10793304.0
2012-04-10,20.24,20.62,19.7,20.47,944137.0,12581626.0
2012-04-11,20.3,21.1,19.8,20.95,1406798.0,19207504.0
2012-04-12,20.95,22.04,20.62,21.75,2325826.0,32833476.0
2012-04-13,21.6,21.86,21.39,21.45,1576455.0,22560382.0
2012-04-16,21.22,21.5,21.22,21.32,664839.0,9400684.0
2012-04-17,21.34,21.59,21.22,21.25,878494.0,12424230.0
2012-04-18,21.42,21.5,20.68,21.34,1435990.0,20138158.0
2012-04-19,21.18,21.3,20.57,20.7,1898690.0,26112298.0
2012-04-20,20.71,20.83,20.51,20.82,1197876.0,16437410.0
2012-04-23,20.82,20.95,19.79,19.79,1243627.0,16671825.0
2012-04-24,19.64,19.94,18.76,19.34,1627852.0,21005720.0
2012-04-25,19.34,19.41,18.88,19.18,1654251.0,21000174.0
2012-04-26,19.25,19.37,18.97,19.31,1450993.0,18420792.0
2012-04-27,19.31,20.48,19.31,20.11,2983482.0,39591808.0
2012-05-02,20.53,20.53,19.94,20.03,1826157.0,24325364.0
2012-05-03,19.94,20.08,19.65,19.96,1288054.0,16907788.0
2012-05-04,19.93,20.24,19.93,20.15,1226939.0,16337583.0
2012-05-07,20.15,20.24,19.76,20.03,1336402.0,17635052.0
2012-05-08,20.08,20.48,19.82,20.24,1412629.0,18830516.0
2012-05-09,20.08,20.09,19.52,19.64,1036159.0,13590243.0
2012-05-10,19.52,19.99,19.5,19.68,723101.0,9444299.0
2012-05-11,19.84,19.84,19.43,19.44,693328.0,8996891.0
2012-05-14,19.65,19.71,19.37,19.37,771521.0,9974691.0
2012-05-15,19.28,19.37,18.96,19.26,1000973.0,12672227.0
2012-05-16,19.28,19.32,18.91,18.97,587711.0,7415211.0
2012-05-17,19.02,19.74,18.96,19.59,1121879.0,14397823.0
2012-05-18,19.46,21.56,19.32,21.56,6659769.0,93304656.0
2012-05-21,21.9,22.51,20.32,20.97,7964720.0,113103720.0
2012-05-22,20.97,20.97,20.35,20.82,3116162.0,42522196.0
2012-05-23,20.71,20.71,20.09,20.55,2662586.0,35924152.0
2012-05-24,20.32,22.6,20.24,22.6,12057392.0,178393392.0
2012-05-25,22.33,24.62,21.77,23.41,13699307.0,207765664.0
2012-05-28,22.7,24.32,22.05,23.64,8820463.0,135570352.0
2012-05-29,23.13,24.03,22.69,23.94,7633083.0,118236640.0
2012-05-30,23.87,25.17,23.29,23.34,8183778.0,130967496.0
2012-05-31,22.78,23.19,22.39,23.04,4760521.0,71915760.0
2012-06-01,23.35,24.71,23.08,23.16,7079197.0,111500320.0
2012-06-04,22.15,22.66,21.66,22.15,3466057.0,51000176.0
2012-06-05,22.16,22.43,21.9,22.33,2322778.0,34203196.0
2012-06-06,22.33,22.39,21.41,21.75,2467334.0,35596552.0
2012-06-07,22.04,22.18,20.94,20.94,2715211.0,38646396.0
2012-06-08,21.1,21.18,20.24,20.26,2546375.0,34663060.0
2012-06-11,20.23,20.92,20.23,20.77,2016620.0,27529576.0
2012-06-12,20.55,21.83,20.47,21.3,3095035.0,43873984.0
2012-06-13,21.3,22.18,21.15,22.02,3506009.0,50513052.0
2012-06-14,22.01,22.3,21.56,21.62,2724202.0,39614720.0
2012-06-15,21.71,22.12,21.01,21.57,1926093.0,27495948.0
2012-06-18,21.68,22.12,21.6,21.81,2358714.0,34125108.0
2012-06-19,21.75,21.77,21.04,21.15,2255920.0,31816046.0
2012-06-20,21.22,21.56,20.8,21.48,2308908.0,32412324.0
2012-06-21,21.48,21.48,20.85,21.01,1221429.0,17044582.0
2012-06-25,21.04,21.42,20.55,20.55,1401250.0,19517794.0
2012-06-26,20.39,20.39,19.49,20.03,1575129.0,20750626.0
2012-06-27,19.94,20.38,19.8,19.94,872932.0,11630285.0
2012-06-28,20.08,20.36,19.89,19.96,947997.0,12657092.0
2012-06-29,19.73,20.2,19.26,20.15,1471135.0,19184316.0
2012-07-02,20.38,20.38,19.89,20.27,1290125.0,17191834.0
2012-07-03,20.24,20.47,19.96,20.09,1326885.0,17784426.0
2012-07-04,20.17,20.36,19.49,19.56,2018094.0,26474966.0
2012-07-05,19.47,19.49,18.91,19.02,1154904.0,14616358.0
2012-07-06,19.14,19.47,18.73,19.43,1102077.0,13965750.0
2012-07-09,19.26,19.34,18.28,18.37,1302323.0,16242476.0
2012-07-10,18.28,18.58,17.67,17.73,1343733.0,16118957.0
2012-07-11,17.52,17.52,16.13,16.77,2573472.0,28473448.0
2012-07-12,16.57,16.92,16.47,16.86,1146941.0,12727533.0
2012-07-13,16.47,16.56,16.32,16.56,1771305.0,19287344.0
2012-07-16,16.47,16.51,14.89,14.89,2294376.0,23387544.0
2012-07-17,14.49,15.06,14.49,14.93,974058.0,9533655.0
2012-07-18,14.89,15.29,14.52,15.23,1508150.0,14838180.0
2012-07-19,15.17,16.75,14.93,16.75,3876220.0,41539792.0
2012-07-20,16.77,16.86,16.19,16.3,3962481.0,43304396.0
2012-07-23,16.41,16.9,16.27,16.36,2566539.0,28114452.0
2012-07-24,16.01,17.28,15.38,16.65,3040253.0,33270344.0
2012-07-25,16.38,17.25,16.38,16.69,2666660.0,29924434.0
2012-07-26,16.62,16.69,15.74,15.94,2008411.0,21608268.0
2012-07-27,16.0,16.44,15.42,15.61,1427638.0,14926795.0
2012-07-30,15.57,15.77,15.23,15.44,1047869.0,10743987.0
2012-07-31,15.39,15.53,14.82,15.24,848225.0,8509180.0
2012-08-01,15.12,15.85,15.12,15.71,1182087.0,12238981.0
2012-08-02,15.65,15.82,15.41,15.53,1076189.0,11116614.0
2012-08-03,15.68,15.83,15.35,15.82,1171739.0,12118146.0
2012-08-06,15.71,17.4,15.68,17.4,2422207.0,27456108.0
2012-08-07,17.98,19.14,17.8,19.0,10030221.0,122875328.0
2012-08-08,18.43,18.64,18.16,18.49,4557910.0,55482740.0
2012-08-09,18.29,18.57,18.13,18.54,3434307.0,41772420.0
2012-08-10,18.66,18.73,18.02,18.08,2559177.0,30956946.0
2012-08-13,18.08,18.31,17.48,18.01,2560760.0,30228210.0
2012-08-14,17.69,18.58,17.46,18.45,3045072.0,36461636.0
2012-08-15,18.52,19.14,17.93,17.99,3260832.0,39968668.0
2012-08-16,17.52,17.83,17.33,17.54,2047022.0,23715682.0
2012-08-17,17.52,17.67,17.1,17.37,1243062.0,14313903.0
2012-08-20,17.01,17.33,16.8,17.18,1202144.0,13538478.0
2012-08-21,17.18,17.75,17.18,17.75,1713131.0,19880172.0
2012-08-22,17.8,17.92,17.33,17.46,1259457.0,14702035.0
2012-08-23,17.51,17.77,17.1,17.73,1580733.0,18297042.0
2012-08-24,17.73,18.4,17.49,17.51,2768636.0,32936858.0
2012-08-27,17.1,17.15,15.76,15.76,2432524.0,25944772.0
2012-08-28,15.71,16.21,15.56,16.01,1102358.0,11616695.0
2012-08-29,16.03,16.25,15.73,16.19,1343786.0,14271458.0
2012-08-30,16.16,16.41,15.29,15.66,1252921.0,13073718.0
2012-08-31,15.76,15.82,15.48,15.77,922828.0,9571581.0
2012-09-03,15.68,16.22,15.63,16.09,907895.0,9620602.0
2012-09-04,16.15,16.42,16.01,16.12,1346301.0,14423773.0
2012-09-05,16.07,16.57,15.73,16.36,1514057.0,16172980.0
2012-09-06,16.41,16.98,16.24,16.9,2238400.0,24641594.0
2012-09-07,16.95,17.6,16.81,17.28,2606489.0,29825964.0
2012-09-10,17.36,17.57,17.07,17.43,2112854.0,24259344.0
2012-09-11,17.25,17.37,16.95,17.1,1374566.0,15561644.0
2012-09-12,17.15,17.46,17.0,17.46,1642967.0,18784604.0
2012-09-13,17.67,19.21,17.52,19.21,3854701.0,48519280.0
2012-09-14,19.64,21.0,19.41,19.86,10820603.0,144450864.0
2012-09-17,19.73,19.76,18.19,18.55,6662737.0,83137568.0
2012-09-18,18.43,18.73,18.13,18.19,3243198.0,39633104.0
2012-09-19,18.25,18.41,17.7,18.13,2620805.0,31269832.0
2012-09-20,17.96,18.04,17.37,17.37,2126865.0,24854776.0
2012-09-21,17.24,17.64,16.63,16.63,2503844.0,28535574.0
2012-09-24,16.83,16.83,16.04,16.69,1651781.0,18105138.0
2012-09-25,16.63,17.1,16.5,16.74,1083124.0,12050685.0
2012-09-26,16.72,16.96,15.79,15.8,1493089.0,16038199.0
2012-09-27,15.8,16.33,15.71,16.19,1335861.0,14221414.0
2012-09-28,16.21,16.59,16.01,16.56,1446775.0,15712648.0
2012-10-08,16.63,16.89,16.48,16.87,1338862.0,14832257.0
2012-10-09,16.87,17.49,16.68,17.43,1838900.0,20959498.0
2012-10-10,17.45,18.43,17.1,17.84,3348027.0,39390856.0
2012-10-11,17.8,17.96,17.07,17.49,1959654.0,22734100.0
2012-10-12,17.57,18.22,17.57,18.04,2434202.0,28740344.0
2012-10-15,18.02,18.07,17.28,17.82,1477453.0,17184974.0
2012-10-16,17.8,18.23,17.42,17.87,2024933.0,24042918.0
2012-10-17,18.02,18.02,17.55,17.87,1166559.0,13751266.0
2012-10-18,17.95,18.55,17.8,18.48,2656668.0,32138602.0
2012-10-19,18.43,19.18,17.69,17.73,6399926.0,77645224.0
2012-10-22,17.0,17.16,16.66,16.95,3443134.0,38545096.0
2012-10-23,16.86,17.05,16.69,16.77,1797529.0,20145066.0
2012-10-24,16.75,16.86,16.56,16.75,1153670.0,12755459.0
2012-10-25,16.78,16.89,16.19,16.29,1461532.0,15955918.0
2012-10-26,16.33,16.47,16.09,16.42,1254230.0,13541765.0
2012-10-29,16.51,16.51,16.19,16.27,553785.0,5991731.0
2012-10-30,16.34,16.84,16.25,16.72,1315421.0,14491167.0
2012-10-31,16.72,16.95,16.45,16.9,1200653.0,13287709.0
2012-11-01,16.92,17.15,16.84,17.01,1485660.0,16762631.0
2012-11-02,17.01,17.07,16.59,16.78,1179403.0,13126473.0
2012-11-05,16.81,17.61,16.81,17.37,2670559.0,30542948.0
2012-11-06,17.22,17.84,16.95,17.54,2965743.0,34232368.0
2012-11-07,17.37,17.58,17.1,17.37,1004087.0,11502869.0
2012-11-08,17.27,17.27,16.32,16.47,1167442.0,12988969.0
2012-11-09,16.44,16.6,16.3,16.39,661916.0,7203535.0
2012-11-12,16.32,16.68,16.32,16.57,506394.0,5516778.0
2012-11-13,16.84,16.84,15.71,15.86,868520.0,9225552.0
2012-11-14,15.85,15.85,15.15,15.74,589860.0,6113987.0
2012-11-15,15.71,15.94,15.39,15.74,404577.0,4218925.0
2012-11-16,15.66,15.91,15.47,15.89,451464.0,4684604.0
2012-11-19,15.88,16.59,15.65,16.41,1214342.0,13021038.0
2012-11-20,18.05,18.05,18.05,18.05,1490841.0,17815550.0
2012-11-21,19.03,19.77,18.13,18.93,12596394.0,157886400.0
2012-11-22,18.29,18.78,18.14,18.58,6893945.0,84117976.0
2012-11-23,18.5,18.5,17.27,17.33,6345741.0,74049840.0
2012-11-26,17.11,17.33,16.65,16.9,3421248.0,38258244.0
2012-11-27,16.84,16.84,15.42,15.44,3893740.0,40770372.0
2012-11-28,15.2,15.33,14.98,15.27,1893520.0,19013834.0
2012-11-29,15.27,15.76,15.23,15.27,2481920.0,25404590.0
2012-11-30,15.12,15.59,15.12,15.51,1615366.0,16458309.0
2012-12-03,15.5,16.03,15.44,15.89,3608403.0,37814896.0
2012-12-04,15.86,15.89,15.14,15.74,2352846.0,24125102.0
2012-12-05,15.74,16.62,15.59,16.51,3280400.0,35240068.0
2012-12-06,16.51,16.54,16.06,16.18,2162659.0,23284652.0
2012-12-07,15.83,16.93,15.82,16.77,3512221.0,38487804.0
2012-12-10,16.78,17.18,16.45,17.04,3666274.0,40901348.0
2012-12-11,16.71,16.95,16.51,16.54,2430233.0,26898368.0
2012-12-12,16.5,17.3,16.45,16.9,3317939.0,37172736.0
2012-12-13,16.81,16.83,16.25,16.25,1974133.0,21586520.0
2012-12-14,16.27,17.07,16.27,16.98,3265806.0,36293392.0
2012-12-17,16.96,17.34,16.62,17.01,3010437.0,33805700.0
2012-12-18,16.93,17.36,16.77,17.16,3278613.0,37153732.0
2012-12-19,17.27,17.67,17.0,17.21,3092104.0,35388856.0
2012-12-20,16.69,17.27,16.69,17.05,2179067.0,24500534.0
2012-12-21,17.15,17.45,16.92,17.45,2675800.0,30522628.0
2012-12-24,17.8,18.13,17.33,17.43,3240544.0,37985820.0
2012-12-25,17.13,17.82,17.07,17.82,3208750.0,37201572.0
2012-12-26,17.8,18.6,17.7,18.49,3987372.0,47999020.0
2012-12-27,18.38,18.49,17.84,17.86,2566718.0,30752586.0
2012-12-28,17.82,18.04,17.54,17.93,1610078.0,18990346.0
2012-12-31,17.98,18.08,17.64,17.81,1486822.0,17542436.0
2013-01-04,17.89,17.95,17.3,17.45,1651125.0,19231918.0
2013-01-07,17.45,17.89,17.39,17.89,2945499.0,34417484.0
2013-01-08,17.9,18.08,17.6,18.01,2641210.0,31227406.0
2013-01-09,17.98,18.28,17.75,17.82,2591707.0,30899740.0
2013-01-10,17.84,18.05,17.75,17.96,1697471.0,20091732.0
2013-01-11,18.1,18.58,17.8,18.01,3529153.0,42451720.0
2013-01-14,17.77,18.69,17.67,18.55,3567198.0,43117056.0
2013-01-15,18.54,18.97,18.35,18.76,3619262.0,44781312.0
2013-01-16,18.85,18.88,18.05,18.43,2749704.0,33555332.0
2013-01-17,18.35,18.41,17.98,18.07,1862096.0,22377264.0
2013-01-18,18.16,18.66,17.98,18.63,2348433.0,28533018.0
2013-01-21,18.63,18.78,18.34,18.6,2249736.0,27586784.0
2013-01-22,18.54,18.54,17.73,17.87,2397762.0,28798230.0
2013-01-23,17.87,17.9,17.45,17.8,1446885.0,16941328.0
2013-01-24,17.67,18.11,17.24,17.24,1960903.0,22871688.0
2013-01-25,17.24,17.52,17.16,17.39,977481.0,11222723.0
2013-01-28,17.36,17.93,17.28,17.87,1168598.0,13645404.0
2013-01-29,17.82,17.93,17.69,17.87,1222770.0,14416872.0
2013-01-30,17.89,18.46,17.72,18.37,2649491.0,31933932.0
2013-01-31,18.26,18.37,17.96,18.23,1628148.0,19553514.0
2013-02-01,18.23,18.58,18.13,18.37,1653208.0,20063382.0
2013-02-04,18.26,18.52,17.96,18.1,1396027.0,16777218.0
2013-02-05,18.13,18.13,17.73,17.9,1045624.0,12372780.0
2013-02-06,17.92,18.11,17.9,17.9,669630.0,7974695.0
2013-02-07,17.87,18.04,17.75,17.89,612098.0,7246960.0
2013-02-08,17.87,18.32,17.87,18.16,1070914.0,12917480.0
2013-02-18,18.32,18.55,18.2,18.38,1611185.0,19590218.0
2013-02-19,18.48,18.5,17.98,18.08,1045293.0,12571111.0
2013-02-20,18.08,18.7,17.99,18.7,2221321.0,27200432.0
2013-02-21,18.61,18.69,18.07,18.29,1642478.0,19985200.0
2013-02-22,18.28,18.93,18.2,18.64,2514529.0,31129734.0
2013-02-25,18.66,19.12,18.54,19.06,2762881.0,34677716.0
2013-02-26,19.0,19.11,18.38,18.45,2219113.0,27599348.0
2013-02-27,18.5,18.7,17.92,18.31,1552943.0,18868704.0
2013-02-28,18.35,18.57,18.13,18.54,1663166.0,20182804.0
2013-03-01,18.52,18.78,18.31,18.76,1906857.0,23319988.0
2013-03-04,18.73,18.73,17.98,18.13,1760190.0,21441072.0
2013-03-05,18.11,18.48,17.82,18.45,1223591.0,14791464.0
2013-03-06,18.43,18.87,18.31,18.76,1973830.0,24464210.0
2013-03-07,18.7,19.18,18.57,18.76,2357855.0,29412806.0
2013-03-08,18.79,19.94,18.78,19.37,5555675.0,71545288.0
2013-03-11,19.28,20.3,19.09,20.09,4817800.0,62920924.0
2013-03-12,20.02,20.02,18.85,19.41,3564778.0,45862704.0
2013-03-13,19.18,21.15,18.9,20.51,5160405.0,68603992.0
2013-03-14,20.26,21.0,20.11,20.15,3585904.0,48525200.0
2013-03-15,19.99,20.12,19.43,19.64,3155957.0,41232304.0
2013-03-18,19.58,20.0,19.2,19.61,2465206.0,32023862.0
2013-03-19,19.49,19.93,19.26,19.93,2011681.0,26136804.0
2013-03-20,19.93,20.45,19.76,20.45,3152634.0,42040812.0
2013-03-21,20.51,20.51,20.11,20.21,2532268.0,33968792.0
2013-03-22,19.65,19.65,18.93,19.05,4662853.0,59119484.0
2013-03-25,19.05,19.35,18.88,19.32,2136579.0,27162472.0
2013-03-26,19.29,19.29,18.32,18.48,3323516.0,40842904.0
2013-03-27,18.5,18.73,18.4,18.61,1587718.0,19489942.0
2013-03-28,18.66,18.66,17.98,17.98,1366399.0,16421040.0
2013-03-29,17.96,18.17,17.75,17.78,1595941.0,18915858.0
2013-04-01,17.8,18.07,17.72,18.04,1310717.0,15535022.0
2013-04-02,18.05,18.35,17.84,18.2,1675904.0,20151796.0
2013-04-03,18.13,18.28,17.49,17.57,1179808.0,13881316.0
2013-04-08,17.37,17.37,16.89,17.3,986268.0,11198106.0
2013-04-09,17.3,17.57,17.3,17.4,629165.0,7269641.0
2013-04-10,17.49,17.57,17.11,17.22,682941.0,7813338.0
2013-04-11,17.3,17.34,17.1,17.21,535900.0,6101471.0
2013-04-12,17.27,17.75,17.09,17.39,1026913.0,11860082.0
2013-04-15,17.25,17.45,16.92,17.01,609620.0,6909014.0
2013-04-16,16.98,17.37,16.84,17.25,451085.0,5082988.0
2013-04-17,17.27,17.42,17.1,17.3,536632.0,6102912.0
2013-04-18,17.31,17.6,16.99,17.6,734697.0,8452454.0
2013-04-19,17.63,17.87,17.57,17.66,1030226.0,12021088.0
2013-04-22,17.6,17.74,17.51,17.63,620487.0,7196563.0
2013-04-23,17.6,17.62,16.9,16.9,1031800.0,11676502.0
2013-04-24,17.07,17.21,16.77,17.07,763868.0,8547946.0
2013-04-25,17.02,17.02,16.4,16.4,1102474.0,12176370.0
2013-04-26,16.23,16.78,16.16,16.22,597728.0,6452344.0
2013-05-02,16.05,16.49,16.05,16.42,443624.0,4775873.0
2013-05-03,16.52,16.75,16.39,16.64,654445.0,7179361.0
2013-05-06,16.75,16.86,16.57,16.83,760159.0,8403632.0
2013-05-07,16.83,16.9,16.72,16.87,883582.0,9779610.0
2013-05-08,16.93,17.4,16.77,17.16,1459349.0,16460367.0
2013-05-09,17.1,17.14,16.81,17.01,1306197.0,14598913.0
2013-05-10,16.99,17.25,16.96,17.21,852449.0,9631125.0
2013-05-13,17.21,17.3,17.04,17.13,641700.0,7249354.0
2013-05-14,17.13,17.19,16.81,17.11,1111111.0,12444169.0
2013-05-15,17.22,17.52,17.02,17.45,1625160.0,18557760.0
2013-05-16,17.33,17.83,17.33,17.77,2476514.0,28841362.0
2013-05-17,17.77,17.84,17.55,17.72,1564362.0,18273114.0
2013-05-20,17.78,18.12,17.62,18.02,2101421.0,24895626.0
2013-05-21,18.04,18.31,17.89,18.28,2282274.0,27224640.0
2013-05-22,18.21,18.33,18.06,18.09,1468004.0,17577468.0
2013-05-23,18.06,18.41,17.9,18.21,2024271.0,24269858.0
2013-05-24,18.12,18.78,18.09,18.25,3606588.0,43743520.0
2013-05-27,18.36,19.09,18.33,18.88,2749597.0,33953832.0
2013-05-28,19.03,19.03,18.72,18.92,1771623.0,22045230.0
2013-05-29,18.94,19.24,18.51,19.13,2347246.0,29511118.0
2013-05-30,19.04,19.27,18.77,19.12,1267570.0,15994579.0
2013-05-31,18.92,19.19,18.92,19.07,1367562.0,17215592.0
2013-06-03,19.06,19.12,18.69,18.77,986198.0,12271238.0
2013-06-04,18.74,18.89,18.28,18.43,997665.0,12164514.0
2013-06-05,18.34,18.71,18.34,18.6,572681.0,7006415.0
2013-06-06,18.59,18.77,18.48,18.54,692823.0,8503236.0
2013-06-07,18.46,18.78,18.28,18.28,745573.0,9074571.0
2013-06-13,18.21,18.21,17.45,17.98,1057099.0,12400886.0
2013-06-14,18.06,18.53,17.9,18.5,874819.0,10517729.0
2013-06-17,18.25,19.19,18.25,19.03,1829508.0,22757490.0
2013-06-18,18.81,19.42,18.66,19.42,1892274.0,23778354.0
2013-06-19,19.13,19.36,18.83,19.29,1494540.0,18878614.0
2013-06-20,19.25,19.25,18.69,18.78,838170.0,10424451.0
2013-06-21,18.36,18.71,17.75,18.43,653636.0,7849770.0
2013-06-24,18.51,18.51,17.9,18.21,1607729.0,19341780.0
2013-06-25,17.93,19.54,17.78,19.19,5319283.0,65462372.0
2013-06-26,19.19,20.09,18.89,19.62,7070381.0,90545856.0
2013-06-27,19.62,19.71,18.89,19.29,4146297.0,52853272.0
2013-06-28,19.22,19.68,18.92,19.34,3181470.0,40546516.0
2013-07-01,19.32,20.16,19.13,20.09,6050029.0,78922672.0
2013-07-02,20.04,20.06,19.59,20.0,4544744.0,59440220.0
2013-07-03,19.88,19.88,18.98,19.56,3841085.0,49097684.0
2013-07-04,19.41,20.44,19.39,20.16,5345914.0,70707704.0
2013-07-05,20.18,20.29,19.45,19.5,3289400.0,42994728.0
2013-07-08,19.06,19.1,18.18,18.25,3581405.0,43430016.0
2013-07-09,18.16,18.51,17.92,18.13,1543671.0,18558272.0
2013-07-10,18.04,18.66,18.02,18.6,1657972.0,20093066.0
2013-07-11,18.51,18.93,18.36,18.54,3894748.0,47779288.0
2013-07-12,18.34,18.72,18.25,18.28,2219671.0,27112278.0
2013-07-15,18.3,18.77,18.28,18.71,2365387.0,28916822.0
2013-07-16,18.71,18.83,18.36,18.62,1876386.0,22921378.0
2013-07-17,18.53,18.68,18.01,18.15,2597930.0,31352074.0
2013-07-18,18.09,18.13,17.34,17.9,2448384.0,28619128.0
2013-07-19,17.9,18.21,17.69,17.8,1548107.0,18301456.0
2013-07-22,17.87,18.39,17.87,18.37,1389721.0,16693055.0
2013-07-23,18.28,18.78,18.28,18.63,2348581.0,28778492.0
2013-07-24,18.66,19.88,18.56,19.8,9078774.0,116289976.0
2013-07-25,19.57,19.57,18.89,19.19,4715860.0,59714596.0
2013-07-26,19.13,19.3,18.57,18.97,2094264.0,26116876.0
2013-07-29,18.83,18.98,18.48,18.69,1232835.0,15165644.0
2013-07-30,18.8,18.92,18.0,18.46,1536189.0,18687248.0
2013-07-31,18.4,18.6,18.13,18.3,1318762.0,16001519.0
2013-08-01,18.81,19.12,18.59,19.03,2544624.0,31625890.0
2013-08-02,19.07,19.36,18.93,18.97,2452415.0,30986170.0
2013-08-05,18.97,19.34,18.97,19.18,1706969.0,21586910.0
2013-08-06,19.16,19.5,19.16,19.44,2422652.0,30880560.0
2013-08-07,19.39,19.5,18.8,18.88,2089734.0,26299794.0
2013-08-08,18.88,19.16,18.72,18.94,1371457.0,17135690.0
2013-08-09,19.04,19.86,18.94,19.66,5299823.0,68178520.0
2013-08-12,19.69,19.88,19.36,19.62,3863271.0,49907776.0
2013-08-13,19.6,19.65,19.33,19.57,2535050.0,32513454.0
2013-08-14,19.54,20.03,19.44,19.6,4222105.0,54959448.0
2013-08-15,19.51,19.6,19.09,19.09,2133567.0,27112698.0
2013-08-16,19.01,19.42,18.28,18.33,2782990.0,34602584.0
2013-08-19,18.02,18.62,18.02,18.5,1241901.0,15071279.0
2013-08-20,18.54,18.69,18.4,18.6,999634.0,12211420.0
2013-08-21,18.53,18.65,18.37,18.59,1158665.0,14127994.0
2013-08-22,18.54,18.74,18.43,18.6,1040840.0,12782385.0
2013-08-23,18.68,18.8,17.93,18.18,1651668.0,19974116.0
2013-08-26,18.13,18.69,18.13,18.68,1211762.0,14784082.0
2013-08-27,18.69,18.81,18.45,18.77,1214210.0,14925591.0
2013-08-28,18.77,19.36,18.56,18.92,2284684.0,28608550.0
2013-08-29,18.92,19.25,18.63,18.72,1599999.0,19949464.0
2013-08-30,18.69,19.42,18.69,19.16,3852806.0,48662216.0
2013-09-02,19.27,19.66,18.97,19.57,3770497.0,48254448.0
2013-09-03,19.42,19.65,19.19,19.59,2646908.0,33968848.0
2013-09-04,19.57,19.57,19.01,19.15,2345123.0,29809112.0
2013-09-05,19.09,20.04,19.09,19.88,4837078.0,62985552.0
2013-09-06,19.72,19.85,19.36,19.6,2413308.0,31098608.0
2013-09-09,19.6,19.68,19.32,19.63,2354871.0,30297274.0
2013-09-10,19.56,19.68,19.12,19.39,2276693.0,29043048.0
2013-09-11,19.38,20.3,19.18,20.15,4057153.0,52800792.0
2013-09-12,19.95,20.0,19.39,19.39,2589649.0,33689260.0
2013-09-13,19.48,19.68,19.21,19.44,1804054.0,23064234.0
2013-09-16,19.44,19.54,19.24,19.42,1507792.0,19270720.0
2013-09-17,19.48,20.1,19.47,19.65,3459646.0,45197868.0
2013-09-18,19.65,19.71,18.54,18.88,3054624.0,38126840.0
2013-09-23,18.83,19.38,18.78,19.36,1754221.0,21973018.0
2013-09-24,19.27,19.36,19.01,19.01,1743648.0,22040936.0
2013-09-25,19.01,19.07,18.78,18.88,1446072.0,18008130.0
2013-09-26,18.75,18.98,18.63,18.65,1001076.0,12386665.0
2013-09-27,18.72,18.91,18.66,18.83,668206.0,8276906.0
2013-09-30,18.86,18.95,18.65,18.8,679484.0,8397637.0
2013-10-08,18.8,19.16,18.71,19.13,1221116.0,15304269.0
2013-10-09,19.01,19.25,19.0,19.25,1154900.0,14575978.0
2013-10-10,19.25,19.42,19.06,19.07,1157800.0,14653853.0
2013-10-11,19.09,19.38,19.09,19.21,1147546.0,14513918.0
2013-10-14,19.21,19.65,19.12,19.6,2514256.0,32179042.0
2013-10-15,19.68,19.68,19.38,19.45,1424829.0,18275472.0
2013-10-16,19.45,19.63,18.78,18.91,1543123.0,19482616.0
2013-10-17,19.06,19.86,19.06,19.68,3414817.0,43760068.0
2013-10-18,19.51,20.0,19.48,19.88,3843965.0,50203804.0
2013-10-21,19.88,20.29,19.54,20.2,3859128.0,50973264.0
2013-10-22,20.23,20.73,19.8,19.89,3828531.0,50917072.0
2013-10-23,19.94,20.27,19.36,19.65,3254483.0,42239760.0
2013-10-24,19.63,21.36,19.51,20.57,7786739.0,105984760.0
2013-10-25,20.59,21.17,20.3,20.79,5959226.0,81591904.0
2013-10-28,20.7,21.06,19.92,20.2,3570834.0,47823320.0
2013-10-29,20.35,20.42,18.18,18.39,4982224.0,62448724.0
2013-10-30,18.27,18.65,17.71,18.54,2972388.0,35621744.0
2013-10-31,18.46,18.65,18.09,18.42,1547629.0,18702362.0
2013-11-01,18.3,18.71,18.16,18.46,1570529.0,19113402.0
2013-11-04,18.36,18.68,18.28,18.62,728398.0,8898166.0
2013-11-05,18.5,18.84,18.22,18.78,1366423.0,16703876.0
2013-11-06,18.65,18.97,18.45,18.65,1508671.0,18624076.0
2013-11-07,18.69,18.74,18.42,18.6,1085867.0,13295428.0
2013-11-08,18.6,18.6,17.84,18.04,1138287.0,13626543.0
2013-11-11,18.04,18.42,17.98,18.28,689868.0,8286701.0
2013-11-12,18.28,18.68,18.22,18.6,1018156.0,12437067.0
2013-11-13,18.63,18.63,18.31,18.54,881575.0,10709358.0
2013-11-14,18.54,19.0,18.4,19.0,1683410.0,20888924.0
2013-11-15,19.03,19.39,19.03,19.15,2022970.0,25649936.0
2013-11-18,19.32,19.62,19.13,19.48,1955617.0,25049856.0
2013-11-19,19.41,19.62,19.27,19.54,1777403.0,22787210.0
2013-11-20,19.54,19.66,19.27,19.66,1514139.0,19458648.0
2013-11-21,19.65,19.65,19.19,19.36,1345358.0,17187300.0
2013-11-22,19.47,19.71,19.28,19.38,1468871.0,18879222.0
2013-11-25,19.34,19.66,19.27,19.65,1628802.0,20988998.0
2013-11-26,19.65,20.15,19.6,19.97,2597306.0,34042452.0
2013-11-27,19.98,20.12,19.79,20.04,1687097.0,22177382.0
2013-11-28,20.12,20.32,19.92,20.07,2168008.0,28794552.0
2013-11-29,20.07,20.77,20.04,20.53,2678971.0,36214060.0
2013-12-02,19.5,20.18,18.81,19.27,3155736.0,40719760.0
2013-12-03,18.97,20.0,18.92,19.91,1648822.0,21281192.0
2013-12-04,19.88,21.89,19.73,21.89,6720323.0,96099768.0
2013-12-05,22.58,22.99,21.85,21.89,12399934.0,183066064.0
2013-12-06,21.24,21.74,20.89,21.15,5727458.0,80189616.0
2013-12-09,21.09,21.76,20.83,21.58,4507322.0,63395632.0
2013-12-10,21.47,22.27,21.39,22.02,5227516.0,75529040.0
2013-12-11,21.91,21.91,21.05,21.39,3339980.0,47118672.0
2013-12-12,21.36,21.79,21.12,21.2,2382088.0,33690284.0
2013-12-13,21.01,21.55,20.79,21.5,1890012.0,26590592.0
2013-12-16,21.58,22.0,21.14,21.62,2157714.0,30718894.0
2013-12-17,21.55,21.82,20.98,20.98,1876518.0,26304224.0
2013-12-18,20.94,21.23,20.79,20.94,1187918.0,16418695.0
2013-12-19,21.0,21.24,20.2,20.3,1677862.0,22928876.0
2013-12-20,20.39,20.47,20.01,20.33,1300613.0,17311556.0
2013-12-23,20.32,20.8,20.1,20.62,1137060.0,15405424.0
2013-12-24,20.6,20.92,20.38,20.71,1178554.0,16060331.0
2013-12-25,20.68,21.42,20.6,21.42,1948696.0,27210094.0
2013-12-26,21.42,21.55,21.01,21.32,1732210.0,24271164.0
2013-12-27,21.29,21.79,21.12,21.68,2334655.0,33294574.0
2013-12-30,21.82,21.85,21.52,21.68,1564064.0,22329676.0
2013-12-31,21.53,21.64,21.06,21.21,1602399.0,22493368.0
2014-01-02,21.09,21.7,21.09,21.55,1691897.0,23960668.0
2014-01-03,21.53,21.55,21.21,21.26,1152484.0,16220805.0
2014-01-06,21.14,21.17,20.26,20.35,1378672.0,18710914.0
2014-01-07,20.3,20.65,20.2,20.54,826102.0,11153107.0
2014-01-08,20.54,20.86,20.48,20.64,1128044.0,15349874.0
2014-01-09,20.57,20.83,20.26,20.29,936164.0,12663948.0
2014-01-10,20.16,20.18,19.12,19.47,1256666.0,16312489.0
2014-01-13,19.5,19.79,19.39,19.45,685175.0,8830221.0
2014-01-14,19.48,20.12,19.44,20.01,1034114.0,13503451.0
2014-01-15,20.03,20.41,19.92,20.3,985853.0,13118638.0
2014-01-16,20.3,20.47,20.2,20.29,855540.0,11446725.0
2014-01-17,20.18,20.51,20.06,20.36,1031867.0,13827354.0
2014-01-20,20.24,20.41,20.01,20.35,933577.0,12460985.0
2014-01-21,20.35,20.64,20.24,20.53,1038326.0,14027211.0
2014-01-22,20.48,21.27,20.48,21.07,1849876.0,25495764.0
2014-01-23,21.09,21.21,20.89,21.09,1475404.0,20461076.0
2014-01-24,21.09,21.36,20.94,21.14,1500076.0,20895252.0
2014-01-27,21.03,21.39,20.83,21.39,1884835.0,26283506.0
2014-01-28,21.36,21.5,20.98,21.11,985066.0,13758111.0
2014-01-29,21.21,21.35,21.09,21.35,905482.0,12689048.0
2014-01-30,21.35,21.36,20.88,20.94,894686.0,12403529.0
2014-02-07,20.79,21.42,20.7,21.36,1371339.0,19198268.0
2014-02-10,21.32,22.38,21.32,22.38,3114401.0,45208260.0
2014-02-11,22.27,22.61,21.91,22.39,2587921.0,37970864.0
2014-02-12,22.39,23.23,22.09,23.23,3911821.0,58542792.0
2014-02-13,23.25,23.79,22.47,22.61,3939649.0,59866272.0
2014-02-14,22.67,23.14,22.55,23.03,2333492.0,35172032.0
2014-02-17,23.52,23.58,23.08,23.32,2395041.0,36754248.0
2014-02-18,23.35,23.79,23.08,23.44,3140898.0,48656896.0
2014-02-19,23.44,23.49,22.67,22.99,3244282.0,49324588.0
2014-02-20,23.05,23.27,22.39,22.43,2415650.0,36210336.0
2014-02-21,22.36,22.85,22.3,22.47,1800531.0,26814324.0
2014-02-24,22.49,22.73,22.05,22.73,1819131.0,26811208.0
2014-02-25,22.88,23.65,21.42,21.98,3915498.0,59447872.0
2014-02-26,21.85,22.15,21.42,22.15,1765121.0,25402862.0
2014-02-27,22.15,22.55,21.77,22.3,1963659.0,28759710.0
2014-02-28,22.12,23.2,20.53,23.08,3132258.0,45510812.0
2014-03-03,23.14,24.72,22.94,23.52,4610506.0,71584784.0
2014-03-04,23.5,23.5,22.8,23.32,2752986.0,41909056.0
2014-03-05,23.34,23.41,22.71,22.9,2329350.0,35187000.0
2014-03-06,22.76,22.88,22.17,22.53,1464627.0,21680044.0
2014-03-07,22.71,22.96,22.33,22.96,1970081.0,29457768.0
2014-03-10,22.82,22.82,22.26,22.27,1444881.0,21326052.0
2014-03-11,22.0,22.46,21.97,22.0,1025489.0,14980413.0
2014-03-12,21.98,22.76,21.64,22.76,2368509.0,34669704.0
2014-03-13,22.76,23.61,22.64,22.97,3043784.0,46284092.0
2014-03-14,22.77,25.26,22.43,23.55,5398010.0,83604808.0
2014-03-17,23.49,24.2,23.21,23.94,3647483.0,57555752.0
2014-03-18,23.97,23.97,23.55,23.65,2103719.0,32934570.0
2014-03-19,23.65,24.11,23.25,24.06,2304697.0,36011104.0
2014-03-20,24.03,24.2,23.06,23.17,2088096.0,32606352.0
2014-03-21,23.21,23.81,22.82,23.7,1802863.0,27756514.0
2014-03-24,23.71,23.96,23.47,23.49,1330375.0,20729768.0
2014-03-25,23.49,23.91,23.08,23.14,1742541.0,26939342.0
2014-03-26,23.14,23.29,22.99,23.0,917366.0,13965461.0
2014-03-27,23.0,23.02,22.15,22.18,1644151.0,24525008.0
2014-03-28,22.15,22.58,21.97,22.06,1232266.0,18083832.0
2014-03-31,22.03,22.33,21.64,22.18,612862.0,8908422.0
2014-04-01,22.2,22.44,21.86,22.35,769176.0,11303474.0
2014-04-02,22.27,22.52,21.44,21.44,1383349.0,20007288.0
2014-04-03,21.74,22.38,21.52,22.24,1130716.0,16279993.0
2014-04-04,22.17,22.61,21.83,22.52,980142.0,14464414.0
2014-04-08,22.52,23.37,22.2,22.96,1739171.0,26200622.0
2014-04-09,22.91,23.05,22.76,22.94,840915.0,12707293.0
2014-04-10,22.88,23.05,22.53,22.67,1075176.0,16146564.0
2014-04-11,22.67,22.68,22.15,22.32,908250.0,13380645.0
2014-04-14,22.32,22.68,22.15,22.65,621969.0,9235286.0
2014-04-15,22.59,23.02,22.49,22.74,853727.0,12817950.0
2014-04-16,22.76,22.8,22.46,22.61,864250.0,12853284.0
2014-04-17,22.64,23.11,22.61,22.96,1122516.0,16908584.0
2014-04-18,22.96,23.0,22.61,22.7,795053.0,11944881.0
2014-04-21,22.61,22.9,21.85,21.89,1308408.0,19240464.0
2014-04-22,21.93,22.12,21.5,21.7,1354515.0,19393950.0
2014-04-23,21.73,21.95,21.64,21.73,455040.0,6529014.0
2014-04-24,21.77,21.77,21.47,21.68,666964.0,9499945.0
2014-04-25,21.59,21.97,21.42,21.71,592889.0,8476146.0
2014-04-28,21.77,21.77,20.41,21.24,1370841.0,18925796.0
2014-04-29,21.07,21.32,20.88,21.17,516689.0,7187375.0
2014-04-30,21.35,22.29,21.17,22.26,1319187.0,19065490.0
2014-05-05,22.08,23.06,22.02,22.55,3181943.0,47362600.0
2014-05-06,22.39,23.59,22.39,23.02,3798896.0,57763972.0
2014-05-07,22.99,23.15,22.62,22.8,1226283.0,18496962.0
2014-05-08,22.71,23.15,22.61,22.86,1117184.0,16880270.0
2014-05-09,23.03,24.0,22.59,22.68,7978144.0,123238816.0
2014-05-12,21.82,22.23,20.77,22.06,3885675.0,55113704.0
2014-05-13,21.7,22.03,21.55,21.88,1546717.0,22246602.0
2014-05-14,21.83,22.09,21.7,21.76,1185218.0,17090630.0
2014-05-15,21.62,21.89,21.59,21.7,740169.0,10592424.0
2014-05-16,21.21,21.68,21.21,21.48,687203.0,9724775.0
2014-05-19,21.48,21.5,21.0,21.18,771699.0,7165245.0
2014-05-20,21.27,21.55,21.18,21.23,740629.0,6920600.0
2014-05-21,21.23,21.93,20.54,21.89,1587761.0,14989742.0
2014-05-22,22.05,22.23,21.55,21.77,1596418.0,15359980.0
2014-05-23,21.64,22.05,21.57,22.03,847526.0,8092645.0
2014-05-26,22.05,22.3,21.87,22.21,1062931.0,10294474.0
2014-05-27,22.09,22.39,22.0,22.25,1165046.0,11354411.0
2014-05-28,22.21,22.69,22.03,22.5,1606464.0,15783267.0
2014-05-29,22.48,22.57,22.18,22.21,803050.0,7855313.0
2014-05-30,22.09,22.37,22.09,22.21,587049.0,5706803.0
2014-06-03,22.05,22.71,22.05,22.37,1363372.0,13425196.0
2014-06-04,22.37,22.37,22.05,22.18,738763.0,7179998.0
2014-06-05,22.14,22.71,22.14,22.64,1283131.0,12646365.0
2014-06-06,22.55,23.33,22.37,23.26,2792569.0,28012168.0
2014-06-09,23.3,24.08,22.85,22.85,9560507.0,98942288.0
2014-06-10,22.85,23.65,22.48,23.49,9011271.0,92230848.0
2014-06-11,23.17,23.55,22.98,23.21,3666644.0,37376008.0
2014-06-12,23.21,23.28,22.69,22.8,4310659.0,43217968.0
2014-06-13,22.76,23.12,22.66,22.96,2586394.0,25975842.0
2014-06-16,23.28,23.71,23.23,23.35,4420234.0,45428116.0
2014-06-17,23.23,23.46,22.98,23.23,2376440.0,24135496.0
2014-06-18,23.23,23.35,22.82,23.08,2199568.0,22214124.0
2014-06-19,23.08,23.19,21.8,21.89,2619079.0,25738586.0
2014-06-20,21.89,22.23,21.84,22.09,2613004.0,25190970.0
2014-06-23,21.93,22.34,21.93,22.32,1197574.0,11675153.0
2014-06-24,22.32,22.55,22.28,22.5,1473737.0,14486507.0
2014-06-25,22.53,22.53,22.16,22.32,1600964.0,15649007.0
2014-06-26,22.41,22.87,22.37,22.82,2520757.0,25049102.0
2014-06-27,22.85,23.08,22.64,23.01,2603142.0,26078552.0
2014-06-30,23.05,23.6,22.89,23.44,4526435.0,46321572.0
2014-07-01,23.55,23.69,23.19,23.46,3004349.0,30828798.0
2014-07-02,23.42,23.85,23.23,23.76,4153287.0,42863692.0
2014-07-03,24.24,26.13,24.19,25.11,13252258.0,146020064.0
2014-07-04,25.13,25.13,24.1,24.47,7207087.0,77442944.0
2014-07-07,24.24,24.51,23.85,24.19,3454828.0,36536936.0
2014-07-08,24.24,24.31,23.46,24.31,3372690.0,35274628.0
2014-07-09,24.17,24.35,23.6,23.65,3237386.0,34073332.0
2014-07-10,23.55,23.87,23.53,23.67,1958576.0,20368592.0
2014-07-11,23.67,24.24,23.62,24.1,1883128.0,19823354.0
2014-07-14,24.1,24.42,24.03,24.38,2440807.0,25969122.0
2014-07-15,24.38,24.47,23.62,24.01,2316204.0,24404940.0
2014-07-16,23.97,24.15,23.74,23.74,1767640.0,18530016.0
2014-07-17,23.69,23.94,23.65,23.81,1355737.0,14131006.0
2014-07-18,23.76,24.38,23.74,24.1,1958724.0,20685512.0
2014-07-21,24.1,24.56,23.85,24.4,3291240.0,35092060.0
2014-07-22,24.31,24.58,24.17,24.51,2486918.0,26605924.0
2014-07-23,24.47,24.49,23.69,23.88,2330020.0,24593854.0
2014-07-24,23.85,24.06,23.17,23.39,2044418.0,21065192.0
2014-07-25,23.49,23.71,23.39,23.65,906265.0,9368085.0
2014-07-28,23.71,24.22,23.67,24.06,2063958.0,21734586.0
2014-07-29,24.06,24.54,23.94,24.54,3197036.0,34048956.0
2014-07-30,24.54,25.08,24.54,24.81,4213627.0,45790392.0
2014-07-31,24.81,24.95,24.61,24.86,2141223.0,23234780.0
2014-08-01,24.92,24.99,24.38,24.38,2616062.0,28350112.0
2014-08-04,24.38,25.61,24.29,25.29,4044635.0,44584076.0
2014-08-05,25.27,25.75,25.02,25.63,3547219.0,39421136.0
2014-08-06,25.63,26.5,25.36,26.29,4621371.0,52801068.0
2014-08-07,25.97,26.57,25.56,25.59,4482852.0,51157392.0
2014-08-08,25.72,26.09,25.56,25.63,2968908.0,33565408.0
2014-08-11,25.63,26.07,25.47,25.95,2133610.0,24179050.0
2014-08-12,25.95,26.09,25.82,26.09,2168532.0,24651828.0
2014-08-13,26.09,26.09,25.38,25.66,2489422.0,28041658.0
2014-08-14,25.68,26.59,25.61,26.0,4416141.0,50685404.0
2014-08-15,25.91,26.39,25.77,26.18,1947347.0,22258998.0
2014-08-18,26.13,26.96,26.11,26.89,3217510.0,37589288.0
2014-08-19,26.89,27.27,26.57,27.02,3123519.0,36780720.0
2014-08-20,27.05,27.14,26.75,27.0,2270801.0,26820926.0
2014-08-21,26.89,27.21,26.52,26.86,2400701.0,28240662.0
2014-08-22,26.84,27.14,26.7,27.09,2394570.0,28288986.0
2014-08-25,27.53,27.57,26.59,26.73,1990312.0,23409002.0
2014-08-26,26.66,26.8,25.97,26.11,3482440.0,40115428.0
2014-08-27,26.04,26.29,25.88,25.95,1311609.0,15004356.0
2014-08-28,26.02,26.66,25.93,26.07,2191088.0,25171650.0
2014-08-29,26.07,26.48,25.86,26.43,1699937.0,19530082.0
2014-09-01,26.52,27.27,26.48,27.12,2433500.0,28580408.0
2014-09-02,27.16,28.19,27.0,28.01,5011069.0,60716888.0
2014-09-03,30.13,30.13,28.1,28.17,7289011.0,91168560.0
2014-09-04,28.23,28.64,27.78,28.44,3722193.0,46185620.0
2014-09-05,28.42,28.44,27.82,28.17,2843357.0,34994084.0
2014-09-09,28.44,29.17,28.07,29.08,4050996.0,51062156.0
2014-09-10,28.71,29.4,28.6,29.26,2912087.0,37077388.0
2014-09-11,29.4,29.97,28.9,29.44,3948526.0,51063084.0
2014-09-12,29.42,29.58,28.96,29.44,2459392.0,31545198.0
2014-09-15,29.49,30.33,29.26,30.13,2693419.0,35241064.0
2014-09-16,30.31,30.33,28.37,28.48,4300225.0,55409036.0
2014-09-17,28.71,31.34,28.71,30.93,12146191.0,163018752.0
2014-09-18,30.81,30.81,29.81,30.36,5650816.0,74902120.0
2014-09-19,30.31,30.63,29.92,30.36,2861398.0,37943408.0
2014-09-22,30.4,31.11,30.01,30.24,3856737.0,51584452.0
2014-09-23,29.99,31.04,29.67,31.02,3822086.0,50665048.0
2014-09-24,31.06,33.07,31.04,31.5,7125913.0,100240928.0
2014-09-25,31.52,32.52,30.81,32.18,5143991.0,71702056.0
2014-09-26,31.84,32.64,31.5,32.21,3217628.0,45388564.0
2014-09-29,32.21,32.62,31.95,32.39,2822594.0,39910372.0
2014-09-30,32.39,33.21,32.23,32.55,2418715.0,34513980.0
2014-10-08,32.62,34.58,32.14,34.24,3977002.0,57819964.0
2014-10-09,33.85,36.06,33.78,35.88,7224851.0,112049176.0
2014-10-10,35.9,36.98,34.97,35.86,6381514.0,100200728.0
2014-10-13,35.4,36.04,34.69,35.79,3336503.0,51766348.0
2014-10-14,35.52,35.84,34.44,34.58,3210159.0,49175252.0
2014-10-15,34.69,34.72,33.51,34.12,2664703.0,39656272.0
2014-10-16,33.87,34.1,33.32,33.87,2693422.0,39897568.0
2014-10-17,33.78,33.85,32.14,33.48,3285816.0,47667460.0
2014-10-20,33.51,35.77,33.21,35.72,5307135.0,80908936.0
2014-10-21,35.42,36.45,35.24,36.04,3607394.0,56710136.0
2014-10-22,35.95,36.5,35.52,35.56,2015903.0,31683922.0
2014-10-23,35.42,35.95,34.03,34.53,3452492.0,52444716.0
2014-10-24,34.53,36.52,34.47,35.06,1863955.0,28940920.0
2014-10-27,35.7,35.74,34.26,35.72,1286856.0,19803816.0
2014-10-28,35.81,37.43,35.49,37.2,5939829.0,95514096.0
2014-10-29,37.23,38.85,36.66,38.46,4854448.0,80891376.0
2014-10-30,38.23,40.08,37.45,38.8,7528521.0,128160656.0
2014-10-31,38.78,40.81,37.68,38.39,4869807.0,82342816.0
2014-11-03,38.71,38.71,37.59,37.64,3002461.0,49953624.0
2014-11-04,37.62,38.34,37.0,37.55,1791362.0,29599728.0
2014-11-05,37.52,38.23,37.16,38.03,1903957.0,31551752.0
2014-11-06,37.77,39.01,37.77,38.28,2854214.0,47908912.0
2014-11-07,38.3,38.73,37.5,37.57,1808235.0,30305404.0
2014-11-10,37.59,37.59,36.95,37.48,1665612.0,27163520.0
2014-11-11,37.48,37.75,34.24,36.98,2571375.0,40802756.0
2014-11-12,36.24,37.16,35.4,37.07,1171735.0,18836762.0
2014-11-13,36.82,37.23,35.33,37.0,1969741.0,31228096.0
2014-11-14,36.27,37.16,35.95,37.02,1143660.0,18428184.0
2014-11-17,37.2,38.07,36.27,37.75,1372731.0,22534650.0
2014-11-18,37.66,37.75,37.09,37.32,706317.0,11572556.0
2014-11-19,37.39,38.23,36.91,37.2,1964835.0,32326744.0
2014-11-20,36.98,37.0,36.06,36.24,1648249.0,26209820.0
2014-11-21,36.18,36.24,35.52,36.18,2198406.0,34564088.0
2014-11-24,36.5,36.56,36.06,36.13,1244889.0,19753912.0
2014-11-25,36.29,36.66,36.11,36.52,2230988.0,35573528.0
2014-11-26,36.52,37.16,36.52,36.91,2505066.0,40421176.0
2014-11-27,36.95,37.89,36.47,37.87,5060788.0,82617672.0
2014-11-28,37.77,37.77,36.66,37.0,3464502.0,56456000.0
2014-12-01,36.93,36.93,35.95,36.31,2141729.0,34008300.0
2014-12-02,36.31,36.63,35.84,36.41,1336087.0,21327310.0
2014-12-03,36.29,36.52,35.52,35.81,2089330.0,32747828.0
2014-12-04,35.63,36.79,35.63,36.38,1487957.0,23718690.0
2014-12-05,36.18,36.41,34.24,35.26,1792436.0,27880034.0
2014-12-08,35.26,35.88,34.01,35.84,1833291.0,28373284.0
2014-12-09,35.84,35.84,34.01,34.9,2812875.0,42918748.0
2014-12-10,34.88,37.25,34.81,36.36,5174023.0,82305752.0
2014-12-11,37.62,38.12,36.13,37.62,7191400.0,116564872.0
2014-12-12,37.64,38.53,37.0,37.68,8066168.0,133462240.0
2014-12-15,37.68,41.08,37.48,38.16,11961339.0,203926272.0
2014-12-16,38.09,39.26,36.98,38.46,6955420.0,116168088.0
2014-12-17,37.66,38.12,36.79,36.95,3882101.0,63445716.0
2014-12-18,36.88,36.91,35.33,35.79,2709458.0,42566460.0
2014-12-19,35.58,35.58,34.15,34.42,3034875.0,45895440.0
2014-12-22,34.24,34.3,30.97,30.97,4171018.0,58040496.0
2014-12-23,30.68,32.64,28.07,30.7,5600631.0,74526640.0
2014-12-24,29.86,31.93,29.72,31.73,2730949.0,36545652.0
2014-12-25,31.27,31.93,31.25,31.52,1583066.0,21838610.0
2014-12-26,31.73,31.77,31.06,31.22,1362031.0,18711982.0
2014-12-29,31.22,31.22,29.63,29.65,2507012.0,32813198.0
2014-12-30,29.44,29.44,27.98,28.28,2410825.0,30312650.0
2014-12-31,28.28,29.03,28.07,28.6,1916635.0,24035310.0
2015-01-05,28.74,29.21,28.46,28.69,2244630.0,28222524.0
2015-01-06,28.6,29.63,28.23,29.6,2551708.0,32360460.0
2015-01-07,29.44,29.44,28.99,29.33,2134499.0,27282224.0
2015-01-08,29.31,31.27,28.92,30.7,4564314.0,60466176.0
2015-01-09,31.38,31.45,30.01,30.01,5030329.0,67791752.0
2015-01-12,29.7,29.7,28.76,28.99,1761818.0,22417868.0
2015-01-13,28.55,29.56,28.55,29.42,1674683.0,21418100.0
2015-01-14,29.33,30.22,28.87,30.22,1955437.0,25175518.0
2015-01-15,29.92,30.43,29.63,30.33,2109042.0,27856302.0
2015-01-16,30.33,30.59,30.06,30.36,1326096.0,17605834.0
2015-01-19,29.92,30.68,28.76,29.12,2448085.0,31951574.0
2015-01-20,29.24,30.65,29.21,30.65,2165599.0,28442262.0
2015-01-21,30.54,31.68,30.49,31.5,3573019.0,48816188.0
2015-01-22,31.36,31.82,31.16,31.68,2328526.0,32167562.0
2015-01-23,31.73,31.73,30.9,31.11,1716601.0,23499866.0
2015-01-26,31.04,31.68,31.04,31.64,1492429.0,20515872.0
2015-01-27,31.75,32.2,31.25,31.84,2216072.0,30764108.0
2015-01-28,31.61,32.37,31.54,32.09,2094706.0,29380466.0
2015-01-29,31.95,32.05,31.45,31.68,1270810.0,17682706.0
2015-01-30,31.61,32.05,31.27,31.61,1664849.0,23125930.0
2015-02-02,31.27,31.84,31.16,31.64,928528.0,12875871.0
2015-02-03,31.73,32.14,31.57,31.95,1690774.0,23652038.0
2015-02-04,32.18,32.39,31.73,31.8,1440864.0,20190738.0
2015-02-05,31.95,32.09,31.29,31.32,1226621.0,17025002.0
2015-02-06,31.32,31.43,30.22,30.24,1306087.0,17596260.0
2015-02-09,30.22,30.86,30.08,30.31,675959.0,9021380.0
2015-02-10,30.15,30.68,30.13,30.38,786011.0,10460949.0
2015-02-11,30.7,30.93,30.38,30.81,746153.0,10005158.0
2015-02-12,30.81,31.29,30.7,31.22,954631.0,13012422.0
2015-02-13,31.25,31.84,31.25,31.68,1382046.0,19192210.0
2015-02-16,31.7,32.09,31.7,31.93,1938970.0,27128810.0
2015-02-17,31.95,32.2,31.84,31.95,1368489.0,19177226.0
2015-02-25,32.02,32.64,31.91,32.3,2112733.0,29889830.0
2015-02-26,32.52,33.51,32.39,33.51,3353749.0,48635904.0
2015-02-27,33.3,34.44,33.3,34.08,3317566.0,49376680.0
2015-03-02,34.24,34.4,33.67,34.24,2809710.0,41827260.0
2015-03-03,34.15,35.04,33.8,34.21,3406296.0,51245768.0
2015-03-04,34.21,34.85,34.01,34.62,2958722.0,44596596.0
2015-03-05,34.76,34.76,33.89,34.67,2125591.0,32040328.0
2015-03-06,34.58,34.88,33.85,33.96,2271142.0,34147320.0
2015-03-09,33.78,34.33,33.12,34.19,1709994.0,25382416.0
2015-03-10,34.12,34.88,33.89,34.81,2443043.0,37004024.0
2015-03-11,34.74,35.54,34.15,34.47,1980214.0,30080270.0
2015-03-12,34.44,34.53,33.62,33.9,1569329.0,23405884.0
2015-03-13,33.83,34.69,33.83,34.6,1627604.0,24611488.0
2015-03-16,34.92,36.73,34.6,36.18,4701462.0,73325616.0
2015-03-17,36.2,36.43,35.4,35.86,4211657.0,66423752.0
2015-03-18,36.24,37.0,36.24,36.93,4663908.0,74904184.0
2015-03-19,36.88,37.89,36.41,37.2,4116941.0,66941316.0
2015-03-20,37.25,37.64,36.88,37.25,3255051.0,53056336.0
2015-03-23,37.27,38.05,37.16,37.93,4010560.0,66051280.0
2015-03-24,37.93,38.05,35.88,36.93,4523603.0,73349752.0
2015-03-25,36.91,37.75,36.54,37.45,3618858.0,59023820.0
2015-03-26,37.48,38.0,36.7,36.95,4144200.0,67638128.0
2015-03-27,36.63,37.96,36.63,37.84,3731296.0,61302060.0
2015-03-30,37.89,40.58,37.59,39.94,7077613.0,120668696.0
2015-03-31,39.97,40.67,39.26,40.56,6975771.0,122202072.0
2015-04-01,40.28,43.82,39.76,42.64,6198637.0,113136064.0
2015-04-02,42.34,43.8,42.27,42.89,4145960.0,77750608.0
2015-04-03,42.04,43.12,42.04,42.48,4549997.0,84827616.0
2015-04-07,42.59,44.39,42.57,43.69,3899778.0,74385160.0
2015-04-08,43.8,43.82,41.59,42.23,3354069.0,62408480.0
2015-04-09,42.34,42.5,38.85,40.81,3225014.0,57401408.0
2015-04-10,41.11,43.02,39.97,42.64,2591096.0,47927760.0
2015-04-13,42.64,45.19,42.64,44.39,4263668.0,81831080.0
2015-04-14,44.37,47.02,43.59,46.4,4957124.0,99990832.0
2015-04-15,46.31,46.88,43.8,43.8,3224764.0,63986348.0
2015-04-16,43.32,46.29,41.72,44.85,2269735.0,44185144.0
2015-04-17,44.07,44.71,43.73,44.17,3754428.0,72452584.0
2015-04-20,44.14,44.14,41.56,41.91,3492593.0,64995596.0
2015-04-21,41.68,43.34,41.43,43.18,2302486.0,43160016.0
2015-04-22,43.39,46.11,43.39,45.31,3956614.0,78356960.0
2015-04-23,44.94,47.34,44.28,45.44,13944492.0,279025248.0
2015-04-24,44.96,47.25,44.62,46.22,5854957.0,118131216.0
2015-04-27,46.22,47.36,45.65,46.08,4570611.0,92583160.0
2015-04-28,46.52,46.65,43.82,44.23,3190686.0,62698328.0
2015-04-29,44.3,45.88,44.01,45.4,2464260.0,48744756.0
2015-04-30,45.19,46.2,44.96,45.19,3175746.0,63495504.0
2015-05-04,44.87,45.85,44.28,45.7,2071749.0,41326436.0
2015-05-05,45.79,45.88,44.14,44.51,2584375.0,51188756.0
2015-05-06,43.94,45.08,43.5,43.69,2573733.0,49926532.0
2015-05-07,43.98,43.98,41.2,41.84,1601775.0,29766596.0
2015-05-08,42.0,44.12,42.0,44.07,2184688.0,41306940.0
2015-05-11,44.74,45.76,44.1,45.7,3039679.0,60232340.0
2015-05-12,45.79,46.22,45.15,45.9,3199171.0,64094692.0
2015-05-13,46.38,48.43,45.76,46.52,4382741.0,90650336.0
2015-05-14,46.52,49.07,46.29,48.46,5797706.0,121522960.0
2015-05-15,48.14,50.15,46.33,48.41,5473194.0,115558096.0
2015-05-18,47.57,52.93,47.57,51.54,6950469.0,154331200.0
2015-05-19,51.95,52.09,50.07,51.65,4318172.0,96360688.0
2015-05-20,51.95,56.82,51.95,55.84,7088029.0,173625344.0
2015-05-21,54.9,61.33,53.8,59.73,7977044.0,200401360.0
2015-05-22,60.42,61.26,57.24,59.07,6195220.0,159710864.0
2015-05-25,57.6,60.65,54.88,59.27,4098170.0,105314376.0
2015-05-26,59.25,60.81,58.59,60.3,4916567.0,128628120.0
2015-05-27,60.83,66.07,59.96,65.45,5298665.0,144761712.0
2015-05-28,65.45,67.9,58.91,58.93,5879223.0,163958544.0
2015-05-29,58.01,59.84,53.78,58.36,5555652.0,138400448.0
2015-06-01,58.93,63.23,58.24,62.48,5035668.0,134877040.0
2015-06-02,62.48,64.99,61.56,64.95,5395749.0,149614752.0
2015-06-03,66.09,67.63,62.82,65.06,5677892.0,163034912.0
2015-06-04,64.99,65.06,58.91,63.12,5611463.0,152273776.0
2015-06-05,63.8,65.41,62.25,64.22,4647326.0,130227688.0
2015-06-08,64.22,65.34,62.48,62.98,4105892.0,114036696.0
2015-06-09,62.98,62.98,60.53,61.13,3297613.0,88876344.0
2015-06-10,60.99,64.47,59.55,63.8,3403987.0,92993256.0
2015-06-11,63.76,65.91,63.44,65.89,5077722.0,143183568.0
2015-06-12,66.05,68.66,65.45,67.65,5950272.0,174744448.0
2015-06-15,67.17,67.83,64.15,64.44,4250222.0,121986272.0
2015-06-16,64.44,64.44,58.93,59.98,3498497.0,93690408.0
2015-06-17,60.65,61.68,57.44,61.33,3425624.0,89110128.0
2015-06-18,60.83,62.93,58.81,59.04,2464667.0,65855832.0
2015-06-19,57.81,60.05,53.14,54.44,3497287.0,86619032.0
2015-06-23,54.26,56.34,49.18,54.08,2524204.0,58653556.0
2015-06-24,54.92,56.37,54.31,55.77,2392102.0,57853536.0
2015-06-25,56.32,56.34,50.35,52.2,2266663.0,53563196.0
2015-06-26,50.35,51.49,46.98,46.98,3931204.0,82039840.0
2015-06-29,48.79,48.79,42.29,42.29,4117670.0,79272536.0
2015-06-30,41.38,44.63,38.06,44.15,4714253.0,85183536.0
2015-07-01,44.03,45.45,40.07,40.26,3663394.0,69747440.0
2015-07-02,40.16,41.22,36.23,36.23,3420703.0,57090964.0
2015-07-03,35.7,36.75,32.61,32.61,4285969.0,63266316.0
2015-07-06,35.88,35.88,29.52,31.22,4940252.0,71106744.0
2015-07-07,28.79,30.12,28.1,28.1,6277193.0,78081696.0
2015-07-08,25.29,30.87,25.29,29.75,12065791.0,144314832.0
2015-07-09,28.33,32.73,27.92,32.73,4584333.0,62965292.0
2015-07-10,35.47,36.0,34.1,36.0,1934392.0,30076092.0
2015-07-13,39.55,39.59,36.39,39.59,6121821.0,104644544.0
2015-07-14,40.05,43.09,38.01,41.26,6729073.0,121048256.0
2015-07-15,40.05,41.08,37.14,37.28,5631345.0,94657704.0
2015-07-16,37.28,40.9,37.28,40.69,6406218.0,110530496.0
2015-07-17,41.19,44.12,41.19,43.07,7739596.0,142430208.0
2015-07-20,41.77,47.37,41.42,47.37,10598960.0,204749184.0
2015-07-21,47.14,48.06,45.43,45.82,9312673.0,189146912.0
2015-07-22,44.72,46.25,44.21,45.13,5306643.0,104247744.0
2015-07-23,44.33,47.42,44.33,46.43,4130464.0,82756544.0
2015-07-24,46.09,48.01,43.02,44.01,4956872.0,99888536.0
2015-07-27,43.85,43.89,39.61,39.61,4820850.0,88781752.0
2015-07-28,37.26,42.89,35.75,42.84,5252213.0,89442768.0
2015-07-29,43.71,47.12,43.37,47.12,9558880.0,188357552.0
2015-07-30,48.06,49.2,44.05,44.51,8834645.0,184516384.0
2015-07-31,43.48,45.59,42.34,43.48,3958415.0,75413856.0
2015-08-03,41.7,45.15,41.24,43.89,3349179.0,63772792.0
2015-08-04,44.03,46.16,43.02,46.0,4826808.0,94665048.0
2015-08-05,46.34,46.57,44.05,44.33,4061573.0,80377424.0
2015-08-06,43.41,45.7,43.39,44.42,2424016.0,47412648.0
2015-08-07,45.29,46.0,44.42,45.84,3192561.0,63318260.0
2015-08-10,46.23,48.27,45.54,47.85,5306579.0,109227928.0
2015-08-11,47.81,48.93,46.85,47.12,4597791.0,96271568.0
2015-08-12,46.57,47.21,45.54,45.7,3215035.0,65170844.0
2015-08-13,45.04,46.85,45.04,46.85,2570997.0,51649660.0
2015-08-14,46.85,49.13,45.88,46.5,2639738.0,54573956.0
2015-08-17,46.73,47.46,45.5,47.44,2812885.0,57263404.0
2015-08-18,48.06,50.58,43.48,46.34,8889137.0,188803056.0
2015-08-19,45.08,48.04,42.31,48.04,5399740.0,106849320.0
2015-08-20,47.23,52.06,47.1,50.78,10608937.0,232367568.0
2015-08-21,49.11,54.63,48.56,52.93,9798309.0,222796176.0
2015-08-28,47.65,52.61,47.65,49.5,11390448.0,243218320.0
2015-08-31,47.37,47.72,44.56,44.56,10673448.0,211924144.0
2015-09-01,40.46,44.56,40.09,40.09,8673985.0,153020448.0
2015-09-02,38.2,40.74,36.69,39.29,4616682.0,77285128.0
2015-09-07,38.88,41.12,36.84,39.66,8935988.0,149207760.0
2015-09-08,38.88,41.51,37.81,41.22,3374431.0,58883716.0
2015-09-09,41.33,42.31,40.51,41.35,5485884.0,98890104.0
2015-09-10,40.64,42.66,40.62,42.09,3244863.0,59081460.0
2015-09-11,41.88,43.0,41.42,41.86,2885416.0,53106792.0
2015-09-14,42.27,42.68,39.04,41.83,3813954.0,68347568.0
2015-09-15,41.12,43.89,40.58,42.52,3845721.0,71554168.0
2015-09-16,42.13,46.76,42.11,46.41,4970999.0,96502656.0
2015-09-17,45.52,46.23,44.35,44.42,4027232.0,79475200.0
2015-09-18,44.51,45.31,43.8,44.7,1886864.0,36660460.0
2015-09-21,44.08,46.0,44.08,45.52,1932950.0,38418660.0
2015-09-22,44.4,45.88,44.38,45.15,2134263.0,42312204.0
2015-09-23,45.08,45.75,44.17,45.06,1680049.0,33094358.0
2015-09-24,45.29,47.26,44.99,46.98,4216592.0,85465872.0
2015-09-25,46.69,47.37,45.61,46.11,2834698.0,57397928.0
2015-09-28,46.14,47.05,45.93,46.91,1272972.0,25824252.0
2015-09-29,45.91,47.72,45.91,46.96,1584087.0,32613428.0
2015-09-30,47.12,47.56,46.41,46.98,1093580.0,22419452.0
2015-10-08,47.49,50.3,47.49,49.66,2224632.0,48071960.0
2015-10-09,49.66,51.26,49.66,50.87,2931633.0,64886976.0
2015-10-12,52.06,53.69,50.92,52.75,3102332.0,71061864.0
2015-10-13,52.45,54.44,51.95,52.96,2230046.0,51907624.0
2015-10-14,52.66,53.28,50.92,51.1,2645983.0,59744760.0
2015-10-15,51.1,53.07,51.03,52.75,2740820.0,62423084.0
2015-10-16,52.89,53.83,52.43,53.32,2321156.0,53850820.0
2015-10-19,53.37,54.47,52.96,54.47,3087696.0,72594832.0
2015-10-20,54.49,58.81,53.96,57.67,4891412.0,120840040.0
2015-10-21,57.21,57.33,51.9,51.93,5025595.0,119926272.0
2015-10-22,52.18,56.07,51.95,55.29,3525142.0,82823368.0
2015-10-23,55.31,56.14,54.97,55.98,3335165.0,80999016.0
2015-10-26,56.76,56.92,55.04,55.15,3018157.0,73623136.0
2015-10-27,56.57,56.64,52.64,55.38,2866721.0,68638576.0
2015-10-28,54.15,55.27,53.55,53.6,2090118.0,49386072.0
2015-10-29,54.01,55.15,52.98,54.42,1890892.0,44665696.0
2015-10-30,54.42,55.27,53.35,54.03,2312541.0,54971312.0
2015-11-02,53.78,55.41,52.66,55.04,1678206.0,40077336.0
2015-11-03,55.15,58.36,54.92,57.21,4585442.0,113540760.0
2015-11-04,56.71,58.43,56.48,58.29,4340370.0,109538024.0
2015-11-05,58.13,58.24,56.32,56.59,3323558.0,82960912.0
2015-11-06,56.64,57.4,56.12,56.78,3169858.0,78760744.0
2015-11-09,56.76,57.33,55.38,57.21,3399754.0,83776224.0
2015-11-10,57.19,58.54,56.32,57.83,7120406.0,178699248.0
2015-11-11,57.44,58.17,57.12,57.95,6188226.0,156241584.0
2015-11-12,57.95,58.47,56.87,57.3,3487273.0,87673096.0
2015-11-13,57.28,57.67,56.3,57.44,4908855.0,122679456.0
2015-11-16,56.92,58.81,55.15,58.59,8006408.0,202747648.0
2015-11-17,58.7,58.84,54.7,55.5,7086466.0,176956464.0
2015-11-18,55.5,56.53,51.56,52.02,5508965.0,128419968.0
2015-11-19,51.52,53.3,51.52,53.21,2549056.0,58510012.0
2015-11-20,53.73,53.87,50.62,52.96,3179725.0,73456880.0
2015-11-23,53.19,53.62,52.18,52.75,4598518.0,106388904.0
2015-11-24,53.32,53.92,52.2,53.09,3516273.0,81222728.0
2015-11-25,53.05,54.28,52.66,54.19,5061131.0,118463184.0
2015-11-26,54.38,54.4,53.35,53.39,2893243.0,67790080.0
2015-11-27,53.3,53.3,48.33,48.7,3954754.0,88416280.0
2015-11-30,48.97,51.15,47.26,50.46,2777575.0,59780576.0
2015-12-01,50.23,51.95,49.2,50.8,2427838.0,53971448.0
2015-12-02,50.07,51.61,48.1,51.03,1708089.0,37504000.0
2015-12-03,51.03,52.18,50.28,51.88,1321933.0,29735140.0
2015-12-04,51.1,51.72,50.71,51.63,1727544.0,38645216.0
2015-12-07,51.26,53.02,51.17,52.27,1932199.0,44064504.0
2015-12-08,51.1,52.18,50.35,51.35,1715410.0,38246504.0
2015-12-09,50.78,51.63,50.42,51.24,1146143.0,25609754.0
2015-12-10,51.24,52.18,50.8,51.54,1730174.0,39098976.0
2015-12-11,51.54,51.54,50.76,51.15,1326377.0,29627106.0
2015-12-14,51.01,52.87,50.35,52.64,1927086.0,43819856.0
2015-12-15,52.75,53.51,52.22,52.61,1824759.0,42265140.0
2015-12-16,52.64,54.17,52.64,53.6,2273470.0,53177876.0
2015-12-17,53.73,56.53,53.73,56.14,5543475.0,133489384.0
2015-12-18,55.61,56.55,55.06,55.29,3063088.0,74264424.0
2015-12-21,55.29,55.82,54.67,55.15,2303363.0,55472988.0
2015-12-22,55.02,55.45,54.05,54.92,2111153.0,50383544.0
2015-12-23,54.92,55.41,54.24,54.77,1950281.0,46762148.0
2015-12-24,54.9,56.05,53.28,54.7,2165277.0,51238992.0
2015-12-25,54.74,55.27,54.4,55.04,1579467.0,37867508.0
2015-12-28,55.38,55.61,52.89,53.44,2513097.0,59869892.0
2015-12-29,53.44,53.69,51.03,53.32,3020602.0,68547168.0
2015-12-30,52.64,53.92,52.64,53.62,1702727.0,39662224.0
2015-12-31,53.87,55.06,53.57,53.78,1785367.0,42344596.0
2016-01-04,52.87,53.67,48.4,48.49,1769125.0,39626364.0
2016-01-05,46.69,48.04,43.94,46.2,1986507.0,40312408.0
2016-01-06,46.57,48.2,45.56,47.85,1570389.0,32118504.0
2016-01-07,46.91,46.91,43.16,45.77,678400.0,13407810.0
2016-01-08,46.69,47.33,42.34,46.8,1881593.0,37896044.0
2016-01-11,45.73,46.23,42.13,43.92,2179614.0,41832344.0
2016-01-12,43.3,43.92,41.56,42.27,1191970.0,22268692.0
2016-01-13,42.29,43.21,38.68,39.13,1752016.0,31315144.0
2016-01-14,38.2,40.92,37.21,40.64,1405630.0,23827680.0
2016-01-15,40.07,40.09,36.57,36.59,1879722.0,31679496.0
2016-01-18,35.93,37.55,34.33,37.01,2081339.0,33476400.0
2016-01-19,37.19,38.86,36.59,38.59,1807495.0,29825490.0
2016-01-20,38.45,39.94,38.08,39.32,2434668.0,41804360.0
2016-01-21,38.68,39.25,37.3,37.3,2393370.0,40285884.0
2016-01-22,37.72,39.36,36.39,39.06,1707956.0,28053572.0
2016-01-25,38.74,39.91,38.74,39.48,1268434.0,21779366.0
2016-01-26,38.33,39.36,35.61,36.39,1330692.0,21801348.0
2016-01-27,37.3,37.3,34.9,37.3,2056164.0,32278824.0
2016-01-28,37.03,37.28,35.47,36.39,1448380.0,22986240.0
2016-01-29,35.75,37.44,35.75,37.03,2072363.0,33495146.0
2016-02-01,37.76,37.81,35.75,36.62,955086.0,15222392.0
2016-02-02,36.62,37.94,36.62,37.76,2000598.0,32752838.0
2016-02-03,37.42,37.85,36.62,37.85,1335138.0,21725398.0
2016-02-04,37.83,39.02,37.65,38.45,2116904.0,35503204.0
2016-02-05,38.91,38.91,38.03,38.13,1449149.0,24303750.0
2016-02-15,36.62,38.47,36.07,38.36,1303323.0,21334854.0
2016-02-16,38.74,40.0,38.45,39.66,1737210.0,29760392.0
2016-02-17,38.93,39.68,38.74,39.68,1493029.0,25609386.0
2016-02-18,39.73,40.19,39.39,39.61,2050161.0,35702052.0
2016-02-19,39.48,39.75,38.97,39.64,1614315.0,27784294.0
2016-02-22,40.12,41.79,39.59,41.42,3732222.0,65802696.0
2016-02-23,41.65,43.89,41.24,42.66,6157965.0,115348088.0
2016-02-24,42.34,42.45,40.16,41.1,3040212.0,54828952.0
2016-02-25,41.12,41.12,36.98,36.98,3036081.0,51412284.0
2016-02-26,40.51,40.51,36.64,37.33,2741528.0,45038680.0
2016-02-29,36.94,37.07,33.87,34.99,2610169.0,39769936.0
2016-03-01,34.99,36.16,34.33,35.79,1835668.0,28272098.0
2016-03-02,35.79,38.15,35.29,37.99,2362692.0,38019720.0
2016-03-03,37.92,38.47,37.03,37.44,2597660.0,43013004.0
2016-03-04,37.44,37.88,35.2,35.61,1902073.0,30364000.0
2016-03-07,36.27,37.07,35.7,36.73,1638781.0,26193956.0
2016-03-08,36.73,37.53,35.24,37.51,2102972.0,33632500.0
2016-03-09,36.73,38.22,36.16,37.03,1831483.0,29697166.0
2016-03-10,36.91,37.72,35.7,36.48,1424301.0,22968552.0
2016-03-11,36.16,36.73,35.7,36.46,859241.0,13608936.0
2016-03-14,36.84,38.1,36.5,37.17,3158565.0,51864644.0
2016-03-15,37.17,37.51,36.87,37.26,1518294.0,24657860.0
2016-03-16,37.53,38.61,37.39,37.81,3140190.0,52120268.0
2016-03-17,37.97,40.74,37.76,40.12,4880978.0,83389696.0
2016-03-18,39.32,40.97,39.32,40.3,4790342.0,84152856.0
2016-03-21,40.39,40.92,40.09,40.78,3577915.0,63416140.0
2016-03-22,40.71,41.4,40.09,40.83,2793100.0,49913504.0
2016-03-23,40.53,41.35,40.53,41.33,2284663.0,40998596.0
2016-03-24,40.78,41.35,40.48,40.97,2517271.0,45034268.0
2016-03-25,40.83,41.81,40.62,41.77,2312326.0,41632908.0
2016-03-28,41.88,43.14,40.76,41.33,3713067.0,68355896.0
2016-03-29,40.92,41.65,39.52,39.73,2197290.0,38759716.0
2016-03-30,40.28,41.63,40.09,41.42,2033220.0,36300680.0
2016-03-31,41.88,42.29,41.24,41.4,2221201.0,40487040.0
2016-04-01,41.31,41.54,40.28,40.97,1397915.0,25005532.0
2016-04-05,40.99,42.98,40.69,42.59,3624994.0,66653436.0
2016-04-06,42.22,42.93,42.11,42.75,2426126.0,45189112.0
2016-04-07,43.19,43.21,41.6,41.65,2139096.0,39546948.0
2016-04-08,40.62,41.42,40.53,40.97,1615656.0,28974382.0
2016-04-11,41.22,42.43,41.22,42.22,2447050.0,44977176.0
2016-04-12,42.75,45.47,42.36,43.48,7954911.0,153177008.0
2016-04-13,43.0,44.35,42.98,43.48,4765975.0,91088152.0
2016-04-14,43.51,44.56,43.28,44.4,3736172.0,71797696.0
2016-04-15,44.53,44.53,43.76,44.1,2376824.0,45696744.0
2016-04-18,43.62,43.87,42.57,43.05,2358072.0,44356780.0
2016-04-19,43.28,43.92,42.7,43.73,2434646.0,46152224.0
2016-04-20,44.08,44.15,40.76,41.74,5405334.0,100600520.0
2016-04-21,41.31,42.86,41.19,41.42,2882890.0,52925944.0
2016-04-22,41.17,41.72,40.46,41.63,2280495.0,40989132.0
2016-04-25,41.31,41.7,40.67,41.54,1563795.0,28093442.0
2016-04-26,41.19,42.13,41.19,42.13,1424952.0,25970002.0
2016-04-27,42.09,42.7,42.06,42.16,1300879.0,24088268.0
2016-04-28,42.02,42.22,41.1,42.06,1165902.0,21224384.0
2016-04-29,41.88,42.63,41.79,42.45,1378005.0,25513312.0
2016-05-03,42.16,44.63,42.16,44.31,3306219.0,62896124.0
2016-05-04,43.89,44.99,43.57,44.21,2971016.0,57759780.0
2016-05-05,44.24,44.79,43.64,44.01,2455609.0,47079572.0
2016-05-06,44.08,44.85,42.34,43.66,3911216.0,75410480.0
2016-05-09,43.48,43.48,41.19,41.45,1864333.0,34126364.0
2016-05-10,40.97,41.86,40.74,40.97,1071833.0,19329330.0
2016-05-11,42.31,44.56,41.01,43.6,2972762.0,55937024.0
2016-05-12,42.29,43.44,41.42,42.96,2300699.0,42843190.0
2016-05-13,42.54,43.39,42.11,42.2,1173222.0,21896465.0
2016-05-16,42.34,42.89,41.38,42.66,1197873.0,22167959.0
2016-05-17,42.54,42.8,41.65,42.61,1206176.0,22348648.0
2016-05-18,42.11,42.45,40.51,40.58,1555706.0,28131946.0
2016-05-19,40.74,42.25,40.74,41.17,822430.0,14957992.0
2016-05-20,40.16,41.7,40.16,41.4,852620.0,15338474.0
2016-05-23,41.4,42.06,41.19,41.7,987943.0,18027755.0
2016-05-24,41.95,42.2,41.7,41.97,1097734.0,20056081.0
2016-05-25,42.02,44.04,42.02,43.62,5314975.0,100394417.0
2016-05-26,42.94,45.46,42.52,45.21,10444637.0,201985142.0
2016-05-27,44.66,45.39,43.92,43.99,5042561.0,97343073.0
2016-05-30,43.35,43.44,42.48,42.75,2965380.0,55587175.0
2016-05-31,42.52,44.47,42.52,44.47,4085524.0,77979535.0
2016-06-01,44.47,44.59,43.81,44.34,3926681.0,75518995.0
2016-06-02,44.2,44.61,43.81,44.36,2993618.0,57615848.0
2016-06-03,44.47,44.52,43.81,44.38,3335750.0,64241868.0
2016-06-06,44.57,46.31,44.34,45.48,5096091.0,100786756.0
2016-06-07,45.48,45.69,44.54,45.67,3344282.0,65436840.0
2016-06-08,45.65,46.36,44.89,46.13,3680988.0,73314381.0
2016-06-13,45.51,45.51,43.51,43.51,2855711.0,55545261.0
2016-06-14,43.12,44.31,42.55,44.31,2097021.0,39657980.0
2016-06-15,43.58,48.74,43.58,47.53,7509813.0,154489594.0
2016-06-16,47.53,49.34,47.09,47.8,4642688.0,97396731.0
2016-06-17,48.08,51.38,48.08,50.51,6394939.0,140328842.0
2016-07-04,48.22,52.76,46.38,50.93,8959860.0,191273625.0
2016-07-05,49.59,50.77,49.32,49.94,4895651.0,106280295.0
2016-07-06,49.46,51.77,48.49,50.95,5032334.0,109207985.0
2016-07-07,50.4,50.93,49.55,49.8,2733840.0,59671151.0
2016-07-08,49.64,50.65,49.52,49.8,2195026.0,47748257.0
2016-07-11,49.48,50.28,48.79,49.0,2066234.0,44626249.0
2016-07-12,49.02,50.28,47.27,50.05,2661123.0,56773759.0
2016-07-13,50.28,50.28,49.43,49.69,1598804.0,34674501.0
2016-07-14,49.48,50.15,49.13,49.52,1292099.0,27915671.0
2016-07-15,49.55,49.82,48.68,48.74,1158189.0,24761607.0
2016-07-18,48.52,49.02,46.56,47.51,2201365.0,45505568.0
2016-07-19,47.69,50.49,47.3,49.94,2481343.0,52800617.0
2016-07-20,49.52,50.19,49.39,49.43,2291700.0,49806664.0
2016-07-21,49.59,50.05,48.91,49.3,1220600.0,26374815.0
2016-07-22,49.71,49.89,48.33,48.4,1286751.0,27502266.0
2016-07-25,48.22,48.81,47.3,47.87,856708.0,17957365.0
2016-07-26,47.76,49.09,47.76,48.95,927953.0,19665885.0
2016-07-27,49.13,49.69,46.08,49.55,3184929.0,67261139.0
2016-07-28,48.7,51.27,48.35,50.86,4014343.0,87819099.0
2016-07-29,49.82,52.46,49.82,52.07,4833736.0,108825077.0
2016-08-01,51.77,52.35,49.39,49.76,2894490.0,63821860.0
2016-08-02,49.3,54.51,49.25,51.82,3214740.0,72580945.0
2016-08-03,51.29,52.62,50.4,50.77,2829198.0,63228846.0
2016-08-04,50.44,50.44,49.09,50.03,2038077.0,44168838.0
2016-08-05,49.59,50.97,49.41,49.59,1233195.0,26797824.0
2016-08-08,48.93,49.78,48.26,49.04,1238088.0,26381529.0
2016-08-09,49.34,49.73,48.91,49.23,1112688.0,23898940.0
2016-08-10,49.23,49.59,48.42,49.37,1129177.0,24139797.0
2016-08-11,49.34,49.62,48.54,49.59,1319454.0,28312186.0
2016-08-12,49.59,50.97,49.59,50.01,2264965.0,49611176.0
2016-10-10,46.43,49.48,45.92,48.08,3771729.0,77642013.0
2016-10-11,47.85,49.37,47.11,48.86,4773729.0,100649059.0
2016-10-12,48.45,48.45,47.53,47.85,2369762.0,49465977.0
2016-10-13,47.99,50.83,47.37,50.31,5808333.0,122689147.0
2016-10-14,49.82,50.54,49.27,49.78,5232684.0,113388819.0
2016-10-17,48.84,49.52,47.8,47.87,2768250.0,58787934.0
2016-10-18,47.83,48.81,47.51,48.58,1924989.0,40412991.0
2016-10-19,48.38,48.68,47.87,48.35,2059700.0,43288820.0
2016-10-20,48.4,48.56,47.87,48.06,1542913.0,32388618.0
2016-10-21,48.17,48.47,47.73,47.96,1098401.0,23007204.0
2016-10-24,48.26,48.58,47.76,47.99,1557774.0,32649564.0
2016-10-25,48.22,49.94,47.87,49.8,4595514.0,98547870.0
2016-10-26,49.59,51.13,49.23,50.54,3850508.0,84668738.0
2016-10-27,50.54,50.54,49.37,49.85,3105544.0,67438676.0
2016-10-28,49.59,49.66,48.95,48.95,2940000.0,62973608.0
2016-10-31,48.49,50.81,47.34,50.67,3499727.0,74616295.0
2016-11-01,50.6,52.88,50.19,52.21,6341472.0,142553137.0
2016-11-02,51.66,52.53,51.36,51.98,4232325.0,95837240.0
2016-11-03,51.77,53.5,51.5,52.72,4495475.0,103489525.0
2016-11-04,52.53,54.05,52.21,53.63,2943039.0,68583199.0
2016-11-07,53.15,58.78,53.15,57.4,6087431.0,148492116.0
2016-11-08,57.17,58.5,56.71,57.74,4212386.0,105773411.0
2016-11-09,57.47,57.74,55.38,57.03,3943921.0,96809605.0
2016-11-10,56.71,58.59,56.51,58.55,3340067.0,83342150.0
2016-11-11,57.79,58.5,56.9,57.17,2477417.0,61964537.0
2016-11-28,62.89,62.89,62.89,62.89,164200.0,4497438.0
2016-11-29,69.18,69.18,69.18,69.18,1003962.0,30249375.0
2016-11-30,76.09,76.09,73.2,76.09,7511704.0,248631723.0
2016-12-01,76.09,77.15,70.14,75.77,15417236.0,495050311.0
2016-12-02,73.66,81.46,68.19,68.19,14316275.0,456302879.0
2016-12-05,63.16,67.39,63.16,66.06,9890723.0,280261602.0
2016-12-06,65.62,72.48,65.44,69.13,11063711.0,332666594.0
2016-12-07,69.8,74.85,68.26,74.6,10024025.0,311697711.0
2016-12-08,73.24,78.36,72.33,73.4,10919635.0,356624787.0
2016-12-09,73.47,76.2,71.41,72.78,6665615.0,213144235.0
2016-12-12,71.43,73.24,65.51,65.51,6420399.0,194921226.0
2016-12-13,65.3,69.52,64.27,69.18,4856444.0,142599662.0
2016-12-14,68.81,69.78,66.31,66.38,4276277.0,126594083.0
2016-12-15,65.44,71.82,65.44,70.67,5307575.0,158860457.0
2016-12-16,70.49,76.96,70.49,73.01,8743384.0,280964413.0
2016-12-19,72.76,73.38,68.22,69.34,6607331.0,201897398.0
2016-12-20,69.22,70.44,68.1,69.06,3401519.0,102408958.0
2016-12-21,69.06,69.68,66.19,67.09,3546694.0,104275998.0
2016-12-22,66.65,68.7,66.13,66.58,2499576.0,73358687.0
2016-12-23,65.92,67.27,63.28,64.27,3208055.0,91151072.0
2016-12-26,63.37,64.66,61.56,64.33,2510386.0,68977435.0
2016-12-27,65.44,66.47,64.33,64.36,1849842.0,52413853.0
2016-12-28,64.29,66.81,63.72,65.76,2587402.0,74194167.0
2016-12-29,65.16,66.13,62.91,65.14,2119610.0,59442939.0
2016-12-30,64.52,66.13,63.88,64.17,1571737.0,44145832.0
2017-01-03,64.29,64.75,63.55,64.08,1303785.0,36402471.0
2017-01-04,64.52,66.22,64.13,65.83,2261950.0,64337813.0
2017-01-05,65.85,66.13,64.98,65.02,1673000.0,47613624.0
2017-01-06,65.05,65.55,64.36,64.68,1054588.0,29704467.0
2017-01-09,64.29,67.0,64.29,66.77,2372012.0,68312463.0
2017-01-10,66.77,67.59,66.17,67.09,1892229.0,55213534.0
2017-01-11,67.09,71.61,66.81,70.03,4072084.0,123468404.0
2017-01-12,68.88,69.75,67.25,69.02,2383452.0,71063538.0
2017-01-13,69.27,71.64,69.25,70.6,3956028.0,121678077.0
2017-01-16,70.67,73.47,63.55,63.55,5043786.0,147300374.0
2017-01-17,62.7,63.39,57.47,62.06,3157715.0,83956041.0
2017-01-18,60.89,64.01,60.48,63.35,2409914.0,65492258.0
2017-01-19,62.13,63.85,61.88,62.91,918600.0,25097320.0
2017-01-20,62.64,64.01,62.02,62.91,794720.0,21892611.0
2017-01-23,62.2,64.08,62.2,63.58,1180951.0,32616070.0
2017-01-24,64.29,65.85,61.26,61.3,2160149.0,59590384.0
2017-01-25,60.16,62.68,59.7,62.11,1790226.0,48149184.0
2017-01-26,62.43,63.07,62.11,62.11,498254.0,13523738.0
2017-02-03,62.11,63.35,60.84,62.34,683975.0,18560225.0
2017-02-06,62.87,63.97,62.2,63.58,1117600.0,30778260.0
2017-02-07,63.48,64.17,62.75,63.12,1027962.0,28358884.0
2017-02-08,63.14,63.35,60.87,62.66,1178907.0,32103676.0
2017-02-09,62.7,63.28,62.41,62.82,1010462.0,27642670.0
2017-02-10,62.82,63.33,62.18,62.18,1448000.0,39427503.0
2017-02-13,62.18,62.68,62.02,62.13,924175.0,25038298.0
2017-02-14,62.68,62.68,62.13,62.22,663979.0,18042212.0
2017-02-15,62.41,62.68,62.13,62.27,1007540.0,27329492.0
2017-02-16,62.41,62.61,61.76,61.97,819428.0,22175065.0
2017-02-17,62.11,66.91,62.11,64.68,2660072.0,75114419.0
2017-02-20,66.36,67.2,64.68,65.97,3127162.0,89592216.0
2017-02-21,65.44,65.44,64.24,64.72,1382411.0,38882160.0
2017-02-22,64.4,64.7,63.55,63.81,1000713.0,27867221.0
2017-02-23,63.48,63.6,62.11,62.34,1482690.0,40411947.0
2017-02-24,62.04,63.39,61.99,62.38,973945.0,26578968.0
2017-02-27,62.06,62.38,61.1,61.44,949413.0,25486759.0
2017-02-28,61.44,64.52,61.44,64.06,1687103.0,46409923.0
2017-03-01,63.99,65.8,63.46,63.58,2177954.0,61057196.0
2017-03-02,63.72,63.72,61.99,62.43,1181975.0,32145910.0
2017-03-03,62.18,64.04,61.9,64.01,1340884.0,36680801.0
2017-03-06,63.6,64.06,62.7,62.89,987560.0,27157124.0
2017-03-07,62.91,63.26,62.45,62.98,731489.0,19964629.0
2017-03-08,62.98,63.76,62.75,63.16,800546.0,22010717.0
2017-03-09,63.44,63.44,62.41,62.68,597746.0,16349841.0
2017-03-10,62.82,63.26,62.34,62.61,626649.0,17096768.0
2017-03-13,61.99,62.7,61.3,62.15,1057149.0,28512336.0
2017-03-14,61.99,62.66,61.99,62.61,600172.0,16296046.0
2017-03-15,62.54,62.57,61.65,62.57,733761.0,19832960.0
2017-03-16,62.2,62.75,62.04,62.57,699154.0,19018344.0
2017-03-17,62.36,62.66,61.95,61.99,735418.0,19959414.0
2017-03-20,62.09,62.8,61.76,62.57,779360.0,21192615.0
2017-03-21,62.66,62.66,61.81,62.09,628855.0,16998527.0
2017-03-22,62.06,62.2,61.72,62.04,677264.0,18264715.0
2017-03-23,62.04,63.83,61.79,63.32,1718988.0,47127882.0
2017-03-24,63.14,63.14,61.81,62.68,912000.0,24822775.0
2017-03-27,62.34,62.8,61.9,62.11,590146.0,15974101.0
2017-03-28,62.24,62.45,61.53,61.6,637128.0,17150797.0
2017-03-29,61.74,62.15,61.3,61.65,671979.0,18013958.0
2017-03-30,61.1,61.72,56.71,56.76,1931014.0,49113282.0
2017-03-31,57.33,58.2,56.78,56.9,775811.0,19430937.0
2017-04-05,58.0,58.89,57.24,58.0,737671.0,18672533.0
2017-04-06,58.32,59.56,58.07,59.15,692486.0,17829390.0
2017-04-07,59.47,59.47,58.04,58.39,493053.0,12526731.0
2017-04-10,58.39,59.26,57.61,58.53,576746.0,14751790.0
2017-04-11,58.8,58.82,53.96,57.12,873146.0,21647719.0
2017-04-12,57.61,57.61,53.89,54.16,1490285.0,35443138.0
2017-04-13,53.96,54.14,52.07,53.15,831604.0,19237956.0
2017-04-14,53.08,53.68,51.43,51.84,942513.0,21407034.0
2017-04-17,52.78,56.25,51.84,53.7,1463379.0,34638789.0
2017-04-18,54.26,55.04,53.52,53.63,973872.0,22970051.0
2017-04-19,54.19,54.19,48.7,50.58,1146774.0,25507295.0
2017-04-20,50.9,51.43,48.22,48.22,1547285.0,33104356.0
2017-04-21,48.58,49.23,47.34,48.26,503602.0,10622611.0
2017-04-24,48.26,48.88,45.41,48.56,1007935.0,20812009.0
2017-04-25,49.04,49.04,47.87,48.4,472976.0,9944660.0
2017-04-26,48.45,48.86,46.52,48.35,619131.0,13059681.0
2017-04-27,48.38,48.38,47.05,47.8,516725.0,10703430.0
2017-04-28,48.63,48.63,47.46,48.45,641600.0,13428935.0
2017-05-02,48.61,49.36,48.03,48.91,554169.0,11734384.0
2017-05-03,49.02,51.11,48.47,49.85,1136799.0,24776208.0
2017-05-04,49.85,50.74,49.23,50.19,604481.0,13180362.0
2017-05-05,50.19,55.22,49.69,54.6,2052423.0,47655111.0
2017-05-08,53.7,54.55,51.68,52.3,1172704.0,27020203.0
2017-11-01,52.21,57.55,49.22,57.55,5619130.0,88916222.0
2017-11-02,60.41,63.3,59.17,59.82,21525742.0,388277587.0
2017-11-03,57.52,58.48,53.83,53.83,15400277.0,249512751.0
2017-11-06,54.31,56.83,52.38,54.69,9322286.0,148991387.0
2017-11-07,53.45,54.69,50.11,53.69,7781418.0,118951514.0
2017-11-08,52.52,54.69,52.18,52.76,6697657.0,103700887.0
2017-11-09,53.52,53.52,50.97,51.49,5262726.0,79151585.0
2017-11-10,51.73,51.8,49.59,49.63,4243766.0,61983762.0
2017-11-13,49.73,49.87,48.22,48.25,3736717.0,52632021.0
2017-11-14,48.56,53.07,48.32,53.07,6406010.0,94461005.0
2017-11-15,54.28,57.72,53.07,55.79,11789671.0,189176917.0
2017-11-16,55.79,56.31,53.38,54.11,5825264.0,92486162.0
2017-11-17,54.07,55.31,51.32,52.45,4897330.0,75722605.0
2017-11-20,51.73,55.07,48.91,55.0,5101170.0,78487964.0
2017-11-21,54.76,55.79,53.38,54.52,4104031.0,65120598.0
2017-11-22,54.35,55.14,53.04,55.1,3605514.0,56870702.0
2017-11-23,54.83,55.21,53.73,54.24,3089885.0,48879337.0
2017-11-24,52.25,54.93,51.7,54.42,2069090.0,32360957.0
2017-11-27,54.07,55.38,53.42,54.42,2309658.0,36417578.0
2017-11-28,53.9,54.66,52.76,53.8,2429250.0,37797457.0
2017-11-29,54.45,55.07,51.7,53.9,4611206.0,71968559.0
2017-11-30,53.35,54.62,52.83,53.14,2542539.0,39611567.0
2017-12-01,53.14,53.35,51.83,52.83,3084947.0,47019392.0
2017-12-04,53.45,53.45,51.04,52.8,2958402.0,44821572.0
2017-12-05,52.35,52.87,50.97,51.59,2185450.0,32811969.0
2017-12-06,50.9,51.76,49.59,50.59,2044300.0,29987868.0
2017-12-07,50.01,51.63,49.59,51.35,1554050.0,22750446.0
2017-12-08,50.7,51.52,50.7,50.97,1647450.0,24399922.0
2017-12-11,50.66,51.56,49.94,51.28,2374703.0,34974370.0
2017-12-12,51.11,51.52,49.18,50.52,2799373.0,41052616.0
2017-12-13,50.25,51.35,49.66,49.97,1742253.0,25547749.0
2017-12-14,49.9,50.32,49.39,49.73,983250.0,14220940.0
2017-12-15,49.9,50.15,49.49,49.97,616550.0,8928257.0
2017-12-18,49.59,50.21,49.59,50.08,566614.0,8221119.0
2017-12-19,49.73,51.45,49.73,51.38,2082292.0,30802727.0
2017-12-20,50.8,55.79,50.8,54.83,4374002.0,68580369.0
2017-12-21,54.11,54.62,53.38,53.69,1727466.0,27017974.0
2017-12-22,54.24,55.41,53.76,54.28,2527017.0,40236857.0
2017-12-25,54.42,55.31,53.76,55.24,2350250.0,37363533.0
2017-12-26,55.41,55.41,54.62,54.83,2153550.0,34409094.0
2017-12-27,54.69,55.1,53.45,54.28,1234105.0,19422508.0
2017-12-28,54.38,54.93,53.66,54.52,976000.0,15457873.0
2017-12-29,54.55,54.8,53.66,53.66,2159503.0,34002852.0
2018-01-02,54.38,55.04,53.8,54.69,1219507.0,19360634.0
2018-01-03,55.04,55.1,54.52,55.04,1237600.0,19729602.0
2018-01-04,55.38,58.48,55.31,56.83,6265450.0,103858646.0
2018-03-05,55.79,55.79,51.87,52.73,3853777.0,59821816.0
2018-03-06,51.32,53.69,50.49,51.28,3698450.0,55520637.0
2018-03-07,51.28,51.42,49.25,49.46,2657150.0,38772610.0
2018-03-08,49.52,50.21,48.39,49.56,1963523.0,28125098.0
2018-03-09,49.39,50.52,49.04,50.45,1528166.0,22109098.0
2018-03-12,50.45,52.69,50.11,52.11,2524527.0,37910998.0
2018-03-13,51.66,52.38,51.04,51.11,1417942.0,21207237.0
2018-03-14,51.14,51.52,50.35,50.59,930402.0,13727195.0
2018-03-15,50.59,50.87,48.94,49.84,1060737.0,15301417.0
2018-03-16,49.84,50.94,49.84,49.9,866230.0,12666436.0
2018-03-19,49.9,50.73,48.91,49.87,730950.0,10619212.0
2018-03-20,49.32,49.94,48.91,49.73,640200.0,9186795.0
2018-03-21,49.04,50.11,48.87,48.94,853260.0,12218163.0
2018-03-22,48.56,49.52,48.39,49.15,595637.0,8464340.0
2018-03-23,48.42,48.42,44.22,44.22,1641300.0,21928944.0
2018-03-26,41.29,44.22,41.29,43.26,1441810.0,17708001.0
2018-03-27,43.57,47.6,43.57,47.6,1575690.0,21537790.0
2018-03-28,47.46,49.94,46.43,48.22,2764887.0,39111615.0
2018-03-29,47.53,48.49,47.01,47.7,1188049.0,16451126.0
2018-03-30,47.18,49.63,47.18,48.77,1150499.0,16386980.0
2018-04-02,48.25,49.9,47.18,47.63,1473648.0,20781561.0
2018-04-03,47.53,48.91,47.35,47.63,1424553.0,19894771.0
2018-04-04,47.84,48.56,47.6,48.22,924484.0,12919526.0
2018-04-09,48.91,51.83,48.59,49.56,1934563.0,27855090.0
2018-04-10,49.11,50.04,48.49,49.01,1207011.0,17188923.0
2018-04-11,48.97,49.52,48.42,49.01,845919.0,12021623.0
2018-04-12,49.08,49.59,48.42,49.25,855011.0,12198984.0
2018-04-13,49.25,49.52,48.7,49.15,692414.0,9845978.0
2018-04-16,48.84,49.32,48.63,48.84,578159.0,8217545.0
2018-04-17,49.11,49.42,48.63,48.97,697580.0,9916134.0
2018-04-18,48.91,49.77,44.77,49.22,1293253.0,18313852.0
2018-04-19,49.22,49.63,48.87,49.15,765600.0,10949610.0
2018-04-20,49.22,49.35,47.8,47.84,618300.0,8750426.0
2018-04-23,47.46,47.8,44.88,45.6,1039092.0,13927776.0
2018-04-24,45.36,50.04,45.26,49.01,2093817.0,29745497.0
2018-04-25,48.97,49.11,47.7,48.66,1280267.0,18113877.0
2018-04-26,48.53,48.94,47.25,47.8,1299601.0,18205154.0
2018-04-27,47.42,48.91,47.42,48.8,719911.0,10107185.0
2018-05-02,48.77,49.11,47.91,48.42,626651.0,8811920.0
2018-05-03,48.01,49.18,48.01,48.97,665976.0,9439819.0
2018-05-04,49.01,49.15,48.25,48.42,443225.0,6242296.0
2018-05-07,48.46,49.87,48.46,48.91,1108873.0,15808609.0
2018-05-08,49.11,49.25,48.66,49.08,586736.0,8354739.0
2018-05-09,49.08,50.25,48.8,49.42,742805.0,10675172.0
2018-05-10,49.42,49.77,48.91,49.25,822553.0,11782155.0
2018-05-11,49.25,50.87,49.08,49.97,1236880.0,17899828.0
2018-05-14,50.63,50.63,49.22,49.46,775850.0,11131584.0
2018-05-15,49.46,49.46,48.56,48.91,599756.0,8500052.0
2018-05-16,48.84,48.91,47.94,48.87,530650.0,7485689.0
2018-05-17,49.22,49.42,48.63,49.08,454902.0,6461212.0
2018-05-18,49.59,49.59,48.25,48.7,468150.0,6622848.0
2018-05-21,49.59,49.59,48.73,49.22,480300.0,6870639.0
2018-05-22,49.52,49.59,48.87,49.59,520876.0,7471687.0
2018-05-23,49.56,53.38,49.28,52.66,2677796.0,40257973.0
2018-05-24,52.01,57.93,51.73,57.93,5941984.0,98303692.0
2018-05-25,59.31,59.79,56.48,57.34,4219457.0,71514361.0
2018-05-28,56.9,58.93,56.07,57.65,2573656.0,43154046.0
2018-05-29,56.93,63.34,56.83,58.58,4096993.0,71297265.0
2018-05-30,55.52,60.27,55.52,58.03,3037169.0,51175009.0
2018-05-31,58.62,63.75,58.07,63.51,6280522.0,112675339.0
2018-06-01,62.92,66.71,62.61,65.85,4663181.0,88285431.0
2018-06-04,65.71,66.12,62.85,63.61,2465335.0,45851108.0
2018-06-05,63.54,67.78,62.96,66.57,3462946.0,66289712.0
2018-06-06,66.88,67.16,65.78,67.12,2042738.0,39425920.0
2018-07-06,60.41,60.41,60.41,60.41,325700.0,5712778.0
2018-07-09,54.45,63.23,54.45,59.89,4004621.0,66955480.0
2018-07-10,60.03,65.88,58.55,65.81,4196138.0,75798138.0
2018-07-11,63.72,64.58,60.1,61.96,2718465.0,49170678.0
2018-07-12,60.44,63.2,60.17,60.82,2674501.0,47873502.0
2018-07-13,61.55,61.85,59.82,60.1,1411018.0,24926199.0
2018-07-16,60.34,61.27,57.79,58.51,1747260.0,30019377.0
2018-07-17,58.76,58.96,56.83,58.96,853141.0,14381273.0
2018-07-18,59.58,64.85,59.58,64.85,4876415.0,90980054.0
2018-07-19,65.71,70.43,65.71,68.19,7800619.0,154018945.0
2018-07-20,66.47,68.74,63.82,64.78,5200499.0,99115493.0
2018-07-23,64.54,65.75,61.96,62.96,3366888.0,61733763.0
2018-07-24,63.41,64.23,61.65,62.99,2914397.0,53395003.0
2018-07-25,63.37,64.2,61.99,62.65,1655014.0,30235313.0
2018-07-26,63.2,66.75,62.61,65.06,3845399.0,72369184.0
2018-07-27,65.16,65.3,62.68,63.16,1745172.0,32236116.0
2018-07-30,61.99,63.06,61.99,62.37,1134600.0,20599495.0
2018-07-31,63.65,63.65,62.37,63.58,1302378.0,23890238.0
2018-08-01,63.68,66.12,62.72,62.89,1698892.0,31789482.0
2018-08-02,62.41,62.41,57.14,60.51,1995074.0,34858939.0
2018-08-03,60.51,60.51,58.72,58.89,1462567.0,25198299.0
2018-08-06,58.89,60.13,57.38,59.48,782575.0,13432089.0
2018-08-07,61.3,61.3,58.76,60.17,684400.0,11911118.0
2018-08-08,61.23,61.23,58.2,58.69,596902.0,10241769.0
2018-08-09,58.55,60.2,57.52,59.34,858885.0,14757755.0
2018-08-10,59.44,60.24,58.89,59.62,551750.0,9536246.0
2018-08-13,59.62,59.62,57.2,58.82,643880.0,10878455.0
2018-08-14,58.55,59.69,58.24,59.55,675678.0,11630405.0
2018-08-15,59.24,59.51,57.86,57.93,735800.0,12454925.0
2018-08-16,57.93,57.93,55.35,57.34,645068.0,10690336.0
2018-08-17,57.34,58.55,57.34,57.89,318873.0,5344033.0
2018-08-20,57.86,61.17,56.83,60.2,861318.0,14914644.0
2018-08-21,60.17,60.79,59.44,59.86,562150.0,9778714.0
2018-08-22,59.86,60.13,58.55,59.03,364900.0,6240371.0
2018-08-23,59.03,60.1,58.58,59.06,515250.0,8831877.0
2018-08-24,58.79,59.44,58.31,58.89,449900.0,7650670.0
2018-08-27,59.17,59.72,57.86,59.2,641101.0,10985404.0
2018-08-28,59.51,61.55,58.89,61.55,1219639.0,21388030.0
2018-08-29,61.48,61.89,59.24,59.75,778503.0,13700021.0
2018-08-30,59.2,61.65,58.93,60.96,1036160.0,18345975.0
2018-08-31,61.13,61.92,59.58,61.23,846361.0,15034204.0
2018-09-03,61.17,62.65,61.17,62.1,1046121.0,18829950.0
2018-09-04,62.2,62.61,60.41,61.3,789046.0,14023730.0
2018-09-05,60.62,61.2,59.86,59.86,553350.0,9692378.0
2018-09-06,58.89,60.24,58.2,59.03,671151.0,11510578.0
2018-09-07,58.27,59.58,58.0,58.0,634311.0,10811197.0
2018-09-10,57.17,59.38,57.17,59.34,669303.0,11452083.0
2018-09-11,58.65,60.92,57.93,59.06,675129.0,11710574.0
2018-09-12,58.89,60.1,58.62,59.34,219550.0,3764692.0
2018-09-13,59.34,59.72,58.48,59.1,418350.0,7149707.0
2018-09-14,59.1,59.1,57.86,58.31,424237.0,7193680.0
2018-09-17,58.48,58.72,57.58,58.0,251250.0,4242587.0
2018-09-18,58.0,58.41,55.1,56.14,1080473.0,17678065.0
2018-09-19,56.59,57.31,55.41,56.52,781493.0,12718299.0
2018-09-20,56.21,57.1,55.76,55.76,426457.0,6980323.0
2018-09-21,55.76,56.45,55.17,56.07,516964.0,8386288.0
2018-09-25,56.45,59.93,55.76,57.89,814866.0,13650070.0
2018-09-26,57.45,58.31,55.97,56.83,853253.0,14098277.0
2018-09-27,56.41,56.83,55.1,55.14,555701.0,8993767.0
2018-09-28,55.14,55.69,52.01,53.24,1185850.0,18583777.0
2018-10-08,51.66,52.8,50.52,50.66,785551.0,11660474.0
2018-10-09,50.63,51.49,50.32,51.01,299250.0,4418340.0
2018-10-10,51.01,51.56,50.52,51.56,222450.0,3297579.0
2018-10-11,51.38,51.38,46.39,46.49,1387922.0,19170335.0
2018-10-12,45.7,46.18,43.43,45.26,848483.0,11044751.0
2018-10-15,46.77,47.15,45.74,46.49,532886.0,7207924.0
2018-10-16,46.43,48.22,45.39,46.74,533865.0,7327085.0
2018-10-17,46.63,49.18,46.63,48.66,432300.0,6005523.0
2018-10-18,48.73,49.52,47.29,48.66,571609.0,8006704.0
2018-10-19,49.94,49.94,45.91,49.52,413451.0,5860396.0
2018-10-22,49.52,53.35,49.52,50.97,652668.0,9656902.0
2018-10-23,50.97,51.04,48.56,49.46,704251.0,10168583.0
2018-10-24,48.84,50.52,47.35,50.21,526930.0,7629766.0
2018-10-25,48.32,51.28,48.32,51.25,635343.0,9282758.0
2018-10-26,51.7,52.52,51.25,52.18,513818.0,7739575.0
2018-10-29,54.76,55.07,52.28,52.73,548275.0,8522131.0
2018-10-30,51.76,54.11,51.76,53.69,388400.0,6020791.0
2018-10-31,52.56,56.21,52.56,54.86,602560.0,9516006.0
2018-11-01,56.21,59.34,55.62,59.06,1144013.0,19049942.0
2018-11-02,59.2,60.68,58.2,59.79,1081791.0,18660368.0
2018-11-05,59.55,60.24,58.76,59.31,838162.0,14466622.0
2018-11-06,58.55,59.41,56.86,59.24,802207.0,13548308.0
2018-11-07,59.34,59.34,57.17,57.27,453551.0,7678403.0
2018-11-08,57.31,59.41,57.31,58.55,806748.0,13757094.0
2018-11-09,61.96,61.96,59.03,60.72,1567250.0,27761881.0
2018-11-12,58.48,61.51,58.48,60.72,718750.0,12625702.0
2018-11-13,60.68,60.92,59.03,60.37,531437.0,9316557.0
