2011-12-05,19.8,19.8,18.52,18.56,12001273.0,225775488.0
2011-12-06,17.8,18.35,17.62,18.11,5402222.0,97201680.0
2011-12-07,17.98,18.97,17.73,18.42,6036700.0,111580896.0
2011-12-08,18.11,18.4,17.68,18.12,4665477.0,83899168.0
2011-12-09,17.8,18.09,17.63,17.68,2573566.0,45824200.0
2011-12-12,17.78,17.96,17.63,17.82,2090853.0,37166156.0
2011-12-13,17.66,17.87,16.92,17.08,2540790.0,43848688.0
2011-12-14,17.06,17.12,16.11,16.15,2393456.0,39482456.0
2011-12-15,16.0,16.19,15.82,15.96,1590971.0,25482168.0
2011-12-16,16.0,16.38,15.7,16.35,1654125.0,26511160.0
2011-12-19,16.1,16.18,15.76,16.09,1580193.0,25225880.0
2011-12-20,16.11,16.28,15.9,15.92,1165932.0,18769194.0
2011-12-21,16.05,16.18,15.38,15.38,1278265.0,20225454.0
2011-12-22,15.3,15.3,14.03,14.55,1706112.0,24981834.0
2011-12-23,14.4,14.77,14.4,14.57,899002.0,13148544.0
2011-12-26,14.59,14.65,14.4,14.4,631144.0,9165798.0
2011-12-27,14.25,14.45,13.66,13.68,956232.0,13407469.0
2011-12-28,13.68,13.68,12.98,13.39,905473.0,12027960.0
2011-12-29,13.12,13.52,13.12,13.34,538803.0,7215780.0
2011-12-30,13.4,13.66,13.39,13.56,688633.0,9337120.0
2012-01-04,13.68,13.89,13.15,13.17,499146.0,6712315.0
2012-01-05,13.08,13.16,12.5,12.51,780118.0,9992536.0
2012-01-06,12.33,12.7,12.1,12.6,625871.0,7731660.0
2012-01-09,12.6,13.3,12.35,13.19,960498.0,12410974.0
2012-01-10,13.19,13.86,13.12,13.65,1294520.0,17426616.0
2012-01-11,13.69,13.71,13.41,13.48,813090.0,11036098.0
2012-01-12,13.4,13.63,13.32,13.35,581619.0,7825055.0
2012-01-13,13.45,13.5,12.67,12.75,840232.0,10885945.0
2012-01-16,12.5,12.74,12.34,12.34,388250.0,4863916.0
2012-01-17,12.36,13.42,12.26,13.11,890063.0,11488544.0
2012-01-18,13.17,13.35,12.51,12.61,680391.0,8801078.0
2012-01-19,12.74,12.94,12.57,12.83,381546.0,4878613.0
2012-01-20,13.1,13.1,12.86,12.99,395997.0,5134234.0
2012-01-30,12.92,13.19,12.83,12.98,385866.0,5020945.0
2012-01-31,12.99,12.99,12.75,12.88,268840.0,3449982.0
2012-02-01,12.8,12.98,12.71,12.74,378399.0,4858981.0
2012-02-02,12.66,12.91,12.66,12.9,262318.0,3368359.0
2012-02-03,12.86,13.23,12.81,13.2,779569.0,10204846.0
2012-02-06,13.2,13.44,13.16,13.35,989337.0,13151536.0
2012-02-07,13.3,13.3,13.01,13.09,554558.0,7261129.0
2012-02-08,13.04,13.41,13.04,13.41,809728.0,10755042.0
2012-02-09,13.39,13.66,13.39,13.47,983265.0,13298330.0
2012-02-10,13.41,14.47,13.38,14.13,2600914.0,36505752.0
2012-02-13,14.02,14.39,13.9,14.18,1520677.0,21524852.0
2012-02-14,14.1,14.32,13.93,14.07,834339.0,11737956.0
2012-02-15,14.17,14.29,14.05,14.26,997575.0,14173502.0
2012-02-16,14.2,14.48,14.17,14.32,1240454.0,17773124.0
2012-02-17,14.31,14.4,13.97,14.1,768092.0,10842675.0
2012-02-20,14.15,14.36,14.11,14.15,824130.0,11717006.0
2012-02-21,14.19,14.31,13.99,14.31,856579.0,12148123.0
2012-02-22,14.32,14.69,14.23,14.65,1707598.0,24840154.0
2012-02-23,14.65,14.96,14.55,14.73,1627513.0,23949870.0
2012-02-24,14.82,14.94,14.64,14.81,1398537.0,20703496.0
2012-02-27,14.88,15.3,14.72,15.0,2264772.0,33992496.0
2012-02-28,15.0,15.05,14.61,14.99,1460940.0,21715086.0
2012-02-29,14.82,15.42,14.8,15.11,1860109.0,28242226.0
2012-03-01,15.13,15.39,15.02,15.21,1173571.0,17858164.0
2012-03-02,15.17,15.49,15.17,15.43,1621357.0,24898912.0
2012-03-05,15.55,15.55,15.22,15.24,1899605.0,29073940.0
2012-03-06,15.19,15.19,14.6,14.8,2155313.0,31797466.0
2012-03-07,14.51,14.95,14.5,14.65,1353185.0,19891272.0
2012-03-08,14.67,14.83,14.61,14.75,1265033.0,18607070.0
2012-03-09,14.75,15.08,14.69,15.04,1657600.0,24665430.0
2012-03-12,15.04,15.16,14.86,15.06,1445998.0,21728636.0
2012-03-13,15.04,15.47,14.95,15.44,2374332.0,36230324.0
2012-03-14,15.44,15.48,14.0,14.49,2266068.0,34133780.0
2012-03-15,14.41,14.66,14.04,14.43,1338912.0,19276614.0
2012-03-16,14.42,14.79,14.42,14.71,963025.0,14082592.0
2012-03-19,14.75,14.98,14.66,14.97,1097045.0,16266380.0
2012-03-20,14.96,14.96,14.42,14.5,1129607.0,16507961.0
2012-03-21,14.55,14.57,14.3,14.5,1306821.0,18900420.0
2012-03-22,14.5,14.66,14.44,14.5,712688.0,10363332.0
2012-03-23,14.4,14.58,14.25,14.39,620165.0,8935552.0
2012-03-26,14.33,14.53,14.3,14.41,423688.0,6109143.0
2012-03-27,14.45,14.59,14.41,14.43,602724.0,8736974.0
2012-03-28,14.39,14.39,13.27,13.35,1280384.0,17564744.0
2012-03-29,13.3,13.36,12.8,12.99,748040.0,9801432.0
2012-03-30,13.02,13.18,12.92,13.1,535329.0,6996001.0
2012-04-05,13.0,13.37,12.9,13.36,755194.0,9957056.0
2012-04-06,13.23,13.46,13.22,13.33,648025.0,8651828.0
2012-04-09,13.3,13.39,13.08,13.08,391913.0,5196425.0
2012-04-10,13.08,13.2,12.8,13.19,629146.0,8165173.0
2012-04-11,13.01,13.16,12.81,13.08,589085.0,7667280.0
2012-04-12,13.14,13.6,13.03,13.52,1105512.0,14758589.0
2012-04-13,13.57,13.68,13.45,13.6,679474.0,9208898.0
2012-04-16,13.56,13.65,13.39,13.52,526927.0,7132805.0
2012-04-17,13.53,13.62,13.4,13.42,382767.0,5160508.0
2012-04-18,13.52,13.73,13.4,13.72,799362.0,10881141.0
2012-04-19,13.58,13.66,13.49,13.63,882536.0,11979792.0
2012-04-20,13.59,13.75,13.53,13.71,659348.0,9015636.0
2012-04-23,13.75,13.79,13.34,13.43,648151.0,8784193.0
2012-04-24,13.36,13.52,13.03,13.27,431552.0,5701171.0
2012-04-25,13.1,13.2,12.81,13.15,692184.0,9001995.0
2012-04-26,13.15,13.15,12.85,12.99,680659.0,8837755.0
2012-04-27,12.99,13.07,12.83,13.0,364370.0,4719940.0
2012-05-02,13.25,13.3,13.09,13.24,644939.0,8500007.0
2012-05-03,13.16,13.32,13.15,13.26,435710.0,5766165.0
2012-05-04,13.23,13.43,13.2,13.39,571649.0,7620289.0
2012-05-07,13.32,13.41,13.28,13.41,685279.0,9133408.0
2012-05-08,13.42,13.68,13.3,13.56,901889.0,12180320.0
2012-05-09,13.5,13.54,13.27,13.38,714390.0,9545220.0
2012-05-11,13.33,13.45,13.25,13.27,452916.0,6044272.0
2012-05-14,13.27,13.39,13.27,13.3,399775.0,5323214.0
2012-05-15,13.2,13.25,13.08,13.23,265465.0,3491682.0
2012-05-16,13.19,13.34,13.05,13.05,308300.0,4048069.0
2012-05-17,13.08,13.2,13.01,13.18,411387.0,5393553.0
2012-05-18,13.2,13.24,13.06,13.21,350677.0,4608322.0
2012-05-21,13.17,13.58,13.17,13.43,890566.0,11967460.0
2012-05-22,13.53,13.53,13.33,13.45,528887.0,7094941.0
2012-05-23,13.4,13.45,13.08,13.16,503854.0,6667641.0
2012-05-24,13.06,13.18,13.06,13.11,319618.0,4189304.0
2012-05-25,13.21,13.21,12.89,12.9,362399.0,4713435.0
2012-05-28,12.89,13.03,12.66,13.03,341511.0,4387864.0
2012-05-29,13.04,13.16,12.98,13.16,369902.0,4847950.0
2012-05-30,13.1,13.56,13.1,13.42,1470892.0,19724478.0
2012-05-31,13.34,13.5,13.26,13.39,544208.0,7299766.0
2012-06-01,13.43,13.46,13.31,13.35,307820.0,4112310.0
2012-06-04,13.15,13.29,12.9,12.94,439411.0,5732950.0
2012-06-05,12.94,13.09,12.85,13.01,288770.0,3745490.0
2012-06-06,13.04,13.1,12.96,12.98,265321.0,3451529.0
2012-06-07,13.05,13.12,12.88,12.92,201963.0,2623454.0
2012-06-08,12.99,13.08,12.9,12.94,233747.0,3030870.0
2012-06-14,14.23,14.23,14.23,14.23,1332278.0,18958316.0
2012-06-15,14.99,14.99,14.11,14.36,8806362.0,127477736.0
2012-06-18,13.9,14.19,13.75,14.14,5050531.0,70496520.0
2012-06-19,13.96,14.08,13.58,13.85,3115362.0,43107408.0
2012-06-20,13.8,13.98,13.72,13.9,2081416.0,28851090.0
2012-06-21,13.82,13.99,13.51,13.51,2083060.0,28625912.0
2012-06-25,13.38,13.38,12.7,12.7,2789914.0,36299508.0
2012-06-26,12.6,12.68,12.36,12.6,1344447.0,16815314.0
2012-06-27,12.58,12.73,12.38,12.41,1286289.0,16149646.0
2012-06-28,12.41,12.55,12.27,12.27,1134010.0,14089891.0
2012-06-29,12.27,12.42,12.18,12.42,591675.0,7294431.0
2012-07-03,12.6,12.88,12.43,12.78,1505892.0,19241452.0
2012-07-04,12.66,12.75,12.53,12.56,943315.0,11906049.0
2012-07-05,12.51,12.62,12.33,12.43,577892.0,7181076.0
2012-07-06,12.45,12.58,12.21,12.48,905862.0,11170482.0
2012-07-09,12.57,12.57,12.14,12.19,746159.0,9053858.0
2012-07-10,12.13,12.31,11.93,11.98,462251.0,5488867.0
2012-07-11,11.98,12.09,11.94,12.03,227999.0,2705973.0
2012-07-12,12.05,12.19,11.94,12.11,406829.0,4857957.0
2012-07-13,12.13,12.29,11.85,11.85,704702.0,8423770.0
2012-07-16,11.82,11.95,11.22,11.25,791803.0,8951157.0
2012-07-17,11.25,11.33,11.14,11.33,416208.0,4629022.0
2012-07-18,11.22,11.47,11.2,11.47,411249.0,4602857.0
2012-07-19,11.44,11.88,11.31,11.68,635020.0,7347550.0
2012-07-20,11.58,11.71,11.47,11.47,271001.0,3113982.0
2012-07-23,11.43,11.5,11.28,11.34,213004.0,2394139.0
2012-07-24,11.4,11.7,11.39,11.54,214220.0,2451639.0
2012-07-25,11.48,11.79,11.47,11.58,303058.0,3489559.0
2012-07-26,11.59,11.81,11.52,11.59,210900.0,2437619.0
2012-07-27,11.68,11.69,11.39,11.47,215499.0,2457622.0
2012-07-30,11.6,11.6,11.16,11.18,211254.0,2354907.0
2012-07-31,11.16,11.29,11.14,11.21,298507.0,3308626.0
2012-08-01,11.11,11.36,11.11,11.24,164602.0,1838236.0
2012-08-02,11.24,11.38,11.17,11.3,138773.0,1551708.0
2012-08-03,11.35,11.48,11.31,11.48,159154.0,1797771.0
2012-08-06,11.48,11.64,11.38,11.64,298325.0,3401141.0
2012-08-07,11.57,11.69,11.53,11.69,248813.0,2861105.0
2012-08-08,11.6,11.71,11.55,11.57,244437.0,2807936.0
2012-08-09,11.53,11.82,11.48,11.8,433137.0,5012871.0
2012-08-10,11.78,11.98,11.66,11.69,411710.0,4796730.0
2012-08-13,11.78,11.78,11.47,11.47,260400.0,2978121.0
2012-08-14,11.46,11.59,11.35,11.59,275488.0,3119395.0
2012-08-15,11.48,11.59,11.37,11.42,177161.0,2009161.0
2012-08-16,11.27,11.42,11.27,11.4,218600.0,2454594.0
2012-08-17,11.39,11.42,11.32,11.42,111190.0,1251205.0
2012-08-20,11.22,11.52,11.22,11.46,141601.0,1591809.0
2012-08-21,11.49,11.71,11.44,11.61,269945.0,3099031.0
2012-08-22,11.57,11.78,11.57,11.73,359131.0,4151790.0
2012-08-23,11.72,11.78,11.53,11.77,300410.0,3473167.0
2012-08-24,11.74,11.76,11.53,11.53,257100.0,2955447.0
2012-08-27,11.55,11.7,11.28,11.31,200556.0,2254484.0
2012-08-28,11.31,11.44,11.27,11.36,178297.0,2001267.0
2012-08-29,11.32,11.41,11.31,11.34,148300.0,1666102.0
2012-08-30,11.34,11.42,11.0,11.19,282211.0,3126535.0
2012-08-31,11.19,11.27,11.11,11.17,144914.0,1600522.0
2012-09-03,11.13,11.34,11.13,11.33,170284.0,1895746.0
2012-09-04,11.37,11.38,11.25,11.32,155334.0,1741604.0
2012-09-05,11.25,11.46,11.25,11.44,295291.0,3331838.0
2012-09-06,11.45,11.61,11.37,11.6,272614.0,3111468.0
2012-09-07,11.61,12.13,11.61,12.0,1084886.0,12768123.0
2012-09-10,12.0,12.01,11.72,11.94,614520.0,7230867.0
2012-09-11,11.88,11.91,11.78,11.89,355313.0,4164126.0
2012-09-12,11.9,12.0,11.73,11.88,351204.0,4118450.0
2012-09-13,11.84,12.11,11.81,12.03,864604.0,10237856.0
2012-09-14,12.04,12.19,11.78,11.88,790451.0,9346922.0
2012-09-17,11.91,11.99,11.48,11.48,464098.0,5388154.0
2012-09-18,11.48,11.57,11.31,11.36,258512.0,2917783.0
2012-09-19,11.38,11.4,11.29,11.32,441956.0,4950580.0
2012-09-20,11.29,11.37,11.0,11.1,456611.0,5048057.0
2012-09-21,11.08,11.19,11.07,11.07,280200.0,3086439.0
2012-09-24,10.9,11.06,10.73,10.92,271914.0,2931455.0
2012-09-25,10.93,10.99,10.79,10.83,169900.0,1822262.0
2012-09-26,10.83,10.86,10.53,10.61,251700.0,2669789.0
2012-09-27,10.61,10.86,10.55,10.78,297147.0,3148531.0
2012-09-28,10.78,10.89,10.71,10.89,237646.0,2544408.0
2012-10-08,10.93,11.81,10.89,11.47,1100236.0,12426954.0
2012-10-09,11.43,12.25,11.43,12.08,3257297.0,38745216.0
2012-10-10,11.9,12.05,11.68,11.94,1812866.0,21280398.0
2012-10-11,11.88,11.88,11.49,11.51,1215186.0,13980962.0
2012-10-12,11.52,11.71,11.35,11.52,763681.0,8693247.0
2012-10-15,11.47,11.59,11.18,11.3,584601.0,6553388.0
2012-10-16,11.3,11.4,11.2,11.27,399776.0,4475243.0
2012-10-17,11.68,12.11,11.52,11.57,1986686.0,23242882.0
2012-10-18,11.37,11.97,11.3,11.65,1260528.0,14463787.0
2012-10-19,11.52,11.66,11.44,11.51,643610.0,7346980.0
2012-10-22,11.46,11.55,11.32,11.45,527939.0,5969605.0
2012-10-23,11.42,11.61,11.35,11.48,629688.0,7167808.0
2012-10-24,11.42,11.49,11.33,11.42,302097.0,3409343.0
2012-10-25,11.36,11.44,11.14,11.15,447600.0,4997216.0
2012-10-26,11.13,11.27,10.94,10.98,460011.0,5044362.0
2012-10-29,10.98,11.08,10.91,10.93,222550.0,2416887.0
2012-10-30,10.93,11.09,10.92,10.96,191310.0,2073418.0
2012-10-31,10.96,11.04,10.92,11.02,137180.0,1489499.0
2012-11-01,11.02,11.2,11.02,11.15,323946.0,3570455.0
2012-11-02,11.1,11.28,11.1,11.2,321521.0,3553003.0
2012-11-05,11.1,11.2,11.07,11.1,240051.0,2637813.0
2012-11-06,11.05,11.17,10.86,11.07,280859.0,3059340.0
2012-11-07,11.02,11.12,11.02,11.02,149799.0,1639516.0
2012-11-08,11.02,11.02,10.71,10.86,299001.0,3214957.0
2012-11-09,10.79,10.86,10.77,10.82,116470.0,1245845.0
2012-11-12,10.82,10.94,10.79,10.93,98500.0,1061252.0
2012-11-13,10.81,10.88,10.57,10.57,218580.0,2307664.0
2012-11-14,10.69,10.69,10.55,10.63,82304.0,864573.0
2012-11-15,10.68,10.68,10.55,10.55,93807.0,982572.0
2012-11-16,10.56,10.61,10.39,10.45,87840.0,909090.0
2012-11-19,10.44,10.51,10.41,10.5,115007.0,1189005.0
2012-11-20,10.46,10.64,10.46,10.6,134038.0,1406071.0
2012-11-21,10.56,10.62,10.42,10.61,244145.0,2543128.0
2012-11-22,10.6,10.6,10.46,10.48,107210.0,1115860.0
2012-11-23,10.48,10.58,10.43,10.49,102245.0,1061778.0
2012-11-26,10.45,10.5,10.39,10.4,77530.0,802578.0
2012-11-27,10.34,10.46,9.91,9.91,311989.0,3108308.0
2012-11-28,9.76,10.01,9.75,9.8,136487.0,1331697.0
2012-11-29,9.75,9.95,9.5,9.54,168207.0,1608434.0
2012-11-30,9.54,9.59,9.48,9.56,130980.0,1234881.0
2012-12-03,9.5,9.5,8.89,8.99,459980.0,4157609.0
2012-12-04,8.98,8.99,8.69,8.9,339608.0,2963930.0
2012-12-05,8.88,9.26,8.83,9.2,319300.0,2884432.0
2012-12-06,9.2,9.39,9.1,9.24,225690.0,2066381.0
2012-12-07,9.03,10.1,9.02,9.96,799702.0,7603185.0
2012-12-10,10.01,10.17,9.7,10.11,935366.0,9205654.0
2012-12-11,9.93,10.01,9.81,9.84,530475.0,5189167.0
2012-12-12,9.69,9.86,9.69,9.77,262470.0,2532321.0
2012-12-13,9.76,9.76,9.6,9.6,132399.0,1266074.0
2012-12-14,9.55,10.01,9.55,9.94,558608.0,5461974.0
2012-12-17,9.92,9.95,9.6,9.86,2929483.0,28151298.0
2012-12-18,9.76,9.82,9.65,9.74,719508.0,6940415.0
2012-12-19,9.66,9.79,9.66,9.77,522639.0,5040965.0
2012-12-20,9.75,9.75,9.46,9.55,1725580.0,16361970.0
2012-12-21,9.51,9.69,9.51,9.67,1115382.0,10607829.0
2012-12-24,9.55,9.79,9.55,9.79,1608931.0,15497278.0
2012-12-25,9.73,10.16,9.73,10.03,2008540.0,19799454.0
2012-12-26,10.01,10.46,10.01,10.45,2423854.0,24645392.0
2012-12-27,10.44,10.78,10.31,10.32,2035661.0,21232414.0
2012-12-28,10.32,10.45,10.18,10.45,902158.0,9223017.0
2012-12-31,10.41,10.55,10.36,10.38,781396.0,8055683.0
2013-01-04,10.44,10.51,10.3,10.32,685790.0,7044993.0
2013-01-07,10.27,10.47,10.25,10.46,596163.0,6094372.0
2013-01-08,10.47,10.79,10.39,10.61,1233785.0,12958061.0
2013-01-09,10.54,10.66,10.46,10.57,810974.0,8491876.0
2013-01-10,10.47,10.63,10.46,10.54,608672.0,6345752.0
2013-01-11,10.52,10.57,10.24,10.25,960999.0,9909906.0
2013-01-14,10.24,10.63,10.15,10.59,953871.0,9884786.0
2013-01-15,10.58,10.9,10.58,10.88,1796415.0,19176182.0
2013-01-16,10.92,10.95,10.61,10.76,1057562.0,11257471.0
2013-01-17,10.77,11.03,10.61,10.88,1040754.0,11167552.0
2013-01-18,10.89,10.94,10.65,10.83,1358272.0,14498407.0
2013-01-21,10.87,10.87,10.72,10.79,1132325.0,12076311.0
2013-01-22,10.77,10.79,10.49,10.56,938024.0,9885706.0
2013-01-23,10.56,10.61,10.35,10.54,813752.0,8436301.0
2013-01-24,10.54,10.65,10.22,10.26,1123981.0,11608597.0
2013-01-25,10.27,10.31,10.11,10.15,562155.0,5669496.0
2013-01-28,10.26,10.32,10.17,10.32,1061495.0,10761736.0
2013-01-29,10.32,10.62,10.31,10.62,1366406.0,14136915.0
2013-01-30,10.67,10.7,10.4,10.6,821687.0,8556855.0
2013-01-31,10.76,10.76,10.35,10.53,1742715.0,18084500.0
2013-02-01,10.6,11.01,10.48,10.99,5533696.0,59072476.0
2013-02-04,10.91,10.91,10.44,10.56,2925070.0,31071458.0
2013-02-05,10.51,10.69,10.49,10.65,1791128.0,18793420.0
2013-02-06,10.62,10.8,10.59,10.8,1736481.0,18447924.0
2013-02-07,10.79,11.19,10.72,11.16,6295142.0,68864192.0
2013-02-08,10.84,11.16,10.84,11.0,2981747.0,32553432.0
2013-02-18,10.99,11.41,10.99,11.25,2934873.0,32700028.0
2013-02-19,11.24,11.35,10.99,11.01,1878339.0,20642998.0
2013-02-20,11.01,11.17,10.91,11.14,1296557.0,14202390.0
2013-02-21,11.07,11.12,10.8,10.84,1481154.0,16056928.0
2013-02-22,10.82,10.93,10.77,10.8,949977.0,10197034.0
2013-02-25,10.81,10.99,10.8,10.99,1303097.0,14049178.0
2013-02-26,10.97,10.97,10.72,10.72,957467.0,10281260.0
2013-02-27,10.79,10.85,10.61,10.66,789999.0,8386229.0
2013-02-28,10.74,10.88,10.58,10.84,1313212.0,13958488.0
2013-03-01,10.87,10.92,10.76,10.9,1122307.0,12048287.0
2013-03-04,10.87,11.03,10.64,10.68,1469398.0,15763709.0
2013-03-05,10.62,10.87,10.62,10.83,1331005.0,14227114.0
2013-03-06,10.86,11.15,10.78,11.11,2959921.0,32240680.0
2013-03-07,11.06,11.18,10.89,11.09,1584448.0,17278162.0
2013-03-08,11.07,11.25,11.02,11.12,1667962.0,18392062.0
2013-03-11,11.13,11.33,11.02,11.29,2219581.0,24590448.0
2013-03-12,11.29,11.3,10.79,10.82,2508148.0,27326140.0
2013-03-13,10.74,10.87,10.49,10.59,1272678.0,13364765.0
2013-03-14,10.5,10.65,10.5,10.64,617413.0,6469062.0
2013-03-15,10.64,10.86,10.53,10.77,852147.0,9053803.0
2013-03-18,10.77,10.79,10.56,10.62,446513.0,4714989.0
2013-03-19,10.58,10.68,10.22,10.49,724258.0,7474872.0
2013-03-20,10.52,10.79,10.51,10.79,642847.0,6789703.0
2013-03-21,10.77,10.99,10.71,10.91,1247846.0,13480405.0
2013-03-22,10.91,10.93,10.77,10.81,921660.0,9880651.0
2013-03-25,10.77,10.89,10.76,10.88,704787.0,7556930.0
2013-03-26,10.88,10.98,10.72,10.96,1010520.0,10852737.0
2013-03-27,10.9,11.04,10.81,11.0,1257262.0,13621195.0
2013-03-28,10.9,10.9,10.71,10.71,918819.0,9799277.0
2013-03-29,10.71,10.84,10.63,10.74,446903.0,4762721.0
2013-04-01,10.65,11.21,10.65,11.12,1663241.0,18104296.0
2013-04-02,11.13,11.19,10.98,11.03,1510004.0,16557769.0
2013-04-03,11.02,11.36,11.02,11.36,3013105.0,33482924.0
2013-04-08,11.32,11.92,11.23,11.84,5951030.0,68520816.0
2013-04-09,11.88,12.01,11.63,11.66,3100349.0,36074596.0
2013-04-10,11.6,11.77,11.3,11.47,2289587.0,26107216.0
2013-04-11,11.48,12.6,11.41,11.99,6225555.0,74384888.0
2013-04-12,11.85,12.24,11.62,11.64,3463594.0,40780536.0
2013-04-15,11.44,11.66,11.03,11.16,2712445.0,30332040.0
2013-04-16,11.02,11.3,10.93,11.28,1717906.0,18918468.0
2013-04-17,11.25,11.38,10.93,11.2,1635663.0,18050576.0
2013-04-18,11.12,11.22,10.93,11.06,1306936.0,14310808.0
2013-04-19,11.07,11.46,10.98,11.4,2260282.0,25197638.0
2013-04-22,11.3,11.68,11.27,11.62,2108289.0,24090458.0
2013-04-23,11.53,11.68,11.17,11.21,1928596.0,21728148.0
2013-04-24,11.02,11.1,10.61,10.81,3349014.0,35712060.0
2013-04-25,10.7,10.93,10.49,10.61,1602747.0,16962728.0
2013-04-26,10.57,10.69,10.4,10.4,914499.0,9535287.0
2013-05-02,10.49,10.66,10.38,10.63,504232.0,5274734.0
2013-05-03,10.61,10.91,10.61,10.86,1140897.0,12219560.0
2013-05-06,10.87,10.91,10.11,10.86,1281942.0,13467721.0
2013-05-07,10.81,10.87,10.69,10.76,839933.0,8932055.0
2013-05-08,10.77,10.8,10.63,10.74,691679.0,7324565.0
2013-05-09,10.78,11.0,10.72,10.93,1186810.0,12776671.0
2013-05-10,10.96,10.96,10.7,10.81,912381.0,9735242.0
2013-05-13,10.72,10.98,10.72,10.93,777023.0,8358269.0
2013-05-14,10.88,10.99,10.81,10.96,797063.0,8600972.0
2013-05-15,10.94,11.28,10.94,11.27,1589100.0,17531158.0
2013-05-16,11.27,11.29,11.12,11.17,1412715.0,15668320.0
2013-05-17,11.15,11.55,11.15,11.47,1827918.0,20622032.0
2013-05-20,11.47,11.55,11.32,11.48,1563339.0,17688010.0
2013-05-21,11.49,11.66,11.42,11.49,1452934.0,16576141.0
2013-05-22,11.49,11.62,11.48,11.52,1414117.0,16175687.0
2013-05-23,11.52,11.64,11.24,11.3,1223631.0,13885265.0
2013-05-24,11.29,11.43,11.21,11.4,1000867.0,11230677.0
2013-05-27,11.48,12.22,11.47,12.06,3579976.0,42380372.0
2013-05-28,12.06,12.09,11.42,11.81,1847440.0,21580468.0
2013-05-29,11.79,12.58,11.79,12.12,2971415.0,35952620.0
2013-05-30,12.14,12.38,12.04,12.3,2385390.0,28813816.0
2013-05-31,12.3,12.88,12.24,12.69,4294843.0,53592816.0
2013-08-30,13.71,13.71,11.6,11.81,5625160.0,67963800.0
2013-09-02,11.64,11.66,11.01,11.12,2846036.0,31092272.0
2013-09-03,11.15,11.42,11.15,11.36,1467643.0,16259255.0
2013-09-04,11.32,11.39,11.01,11.19,1605462.0,17542842.0
2013-09-05,11.19,12.1,11.08,12.05,2378515.0,27014638.0
2013-09-06,11.86,12.05,11.71,11.85,1884529.0,21896692.0
2013-09-09,11.84,11.84,11.4,11.54,1784378.0,20218062.0
2013-09-10,11.54,11.7,11.42,11.62,2242791.0,25381902.0
2013-09-11,11.62,11.68,11.42,11.52,1298500.0,14638692.0
2013-09-12,11.52,11.66,11.5,11.57,929116.0,10519233.0
2013-09-13,11.58,11.58,11.29,11.44,979949.0,10997166.0
2013-09-16,11.44,11.68,11.36,11.57,1764042.0,19893940.0
2013-09-17,11.56,11.56,11.37,11.4,739592.0,8267096.0
2013-09-18,11.33,11.44,11.12,11.18,1520091.0,16745039.0
2013-09-23,11.18,11.29,11.14,11.27,849362.0,9337060.0
2013-09-24,11.28,11.42,11.19,11.34,875223.0,9679249.0
2013-09-25,11.29,11.37,11.19,11.26,916759.0,10131085.0
2013-09-26,11.14,11.28,10.96,10.98,756407.0,8251516.0
2013-09-27,10.91,11.16,10.91,11.09,349413.0,3790362.0
2013-09-30,11.03,11.34,11.03,11.26,671855.0,7358465.0
2013-10-08,11.24,11.32,11.14,11.26,657239.0,7231080.0
2013-10-09,11.29,11.56,11.29,11.53,1490567.0,16759854.0
2013-10-10,11.56,11.6,11.41,11.49,953530.0,10742464.0
2013-10-11,11.54,11.89,11.42,11.84,2112283.0,24109244.0
2013-10-14,11.8,11.98,11.64,11.93,1298389.0,15035693.0
2013-10-15,11.93,12.44,11.7,12.33,2598932.0,30754372.0
2013-10-16,12.24,12.66,11.95,12.39,3526442.0,42499668.0
2013-11-20,13.19,13.19,11.87,12.05,4015998.0,48469160.0
2013-11-21,12.03,12.03,11.58,11.74,2196743.0,25194960.0
2013-11-22,11.72,11.91,11.7,11.85,958981.0,11064493.0
2013-11-25,11.83,11.97,11.76,11.9,887270.0,10330319.0
2013-11-26,11.9,12.31,11.88,12.16,1433939.0,17065598.0
2013-11-27,12.13,12.41,12.06,12.26,1258129.0,15118747.0
2013-11-28,12.4,12.47,12.2,12.2,1456440.0,17546908.0
2013-11-29,12.2,12.65,12.15,12.54,3503247.0,42798956.0
2013-12-02,12.23,12.51,11.74,11.85,2633133.0,31191920.0
2013-12-03,11.83,12.48,11.8,12.36,2579340.0,30972536.0
2013-12-04,12.36,12.73,12.3,12.48,4341032.0,53220560.0
2013-12-05,12.53,13.29,12.46,13.23,7061785.0,89603744.0
2013-12-06,13.07,13.09,12.78,12.83,2759212.0,34902624.0
2013-12-09,12.82,13.3,12.82,13.29,3884474.0,50025232.0
2013-12-10,13.38,13.53,12.95,13.09,2582208.0,33287168.0
2013-12-11,13.02,13.08,12.72,12.92,1963718.0,24757660.0
2013-12-12,12.91,13.26,12.76,13.23,2360907.0,30172606.0
2013-12-13,13.21,13.46,13.02,13.03,2507639.0,32436348.0
2013-12-16,13.01,13.02,12.53,12.57,2018818.0,25201876.0
2013-12-17,12.57,12.77,12.49,12.54,885407.0,10932625.0
2013-12-18,12.51,12.66,12.35,12.49,957871.0,11704531.0
2013-12-19,12.55,12.58,12.15,12.15,1447732.0,17449116.0
2013-12-20,12.15,12.36,12.05,12.17,796779.0,9525446.0
2013-12-23,12.19,12.27,11.95,12.15,1115219.0,13209102.0
2013-12-24,12.15,12.44,12.03,12.21,1058009.0,12703855.0
2013-12-25,12.17,12.6,12.0,12.59,1507832.0,18382482.0
2013-12-26,12.54,12.83,12.36,12.7,1891253.0,23310746.0
2013-12-27,12.68,13.0,12.66,12.84,2222779.0,27946404.0
2013-12-30,12.89,13.3,12.78,13.1,3131236.0,40124460.0
2013-12-31,12.98,13.3,12.82,12.89,2102989.0,26840080.0
2014-01-02,12.87,13.02,12.72,12.97,1869017.0,23594616.0
2014-01-03,12.92,13.37,12.83,13.2,3793826.0,49087272.0
2014-01-06,13.21,13.44,12.78,12.82,3322308.0,42691504.0
2014-01-07,12.66,12.71,12.26,12.71,2046621.0,24932990.0
2014-01-08,12.77,12.77,12.51,12.58,950350.0,11787833.0
2014-01-09,12.13,12.35,11.85,11.9,4009164.0,47476428.0
2014-01-10,11.88,12.05,11.65,11.95,990519.0,11515929.0
2014-01-13,12.01,12.08,11.52,11.56,1047517.0,12099714.0
2014-01-14,11.55,12.0,11.55,11.95,1002739.0,11605669.0
2014-01-15,11.94,12.08,11.85,12.01,827068.0,9680312.0
2014-01-16,12.08,12.1,11.91,11.95,958939.0,11265035.0
2014-01-17,12.01,12.31,11.92,12.11,1551835.0,18500944.0
2014-01-20,12.13,12.21,12.03,12.15,1070773.0,12724818.0
2014-01-21,12.26,12.73,12.18,12.48,2027527.0,24775316.0
2014-01-22,12.42,12.75,12.37,12.63,2309721.0,28552764.0
2014-01-23,12.62,12.87,12.52,12.78,3844344.0,47939900.0
2014-01-24,12.71,12.84,12.67,12.72,2119838.0,26490334.0
2014-01-27,12.57,12.83,12.57,12.61,1520105.0,18896694.0
2014-01-28,12.7,12.7,12.45,12.57,904442.0,11118051.0
2014-01-29,12.61,12.9,12.56,12.72,2948462.0,36755124.0
2014-01-30,12.82,12.82,12.34,12.38,1247299.0,15308764.0
2014-02-07,12.39,12.93,12.19,12.92,2562026.0,31872420.0
2014-02-10,12.97,13.41,12.88,13.26,4628066.0,59929448.0
2014-02-11,13.27,13.92,13.24,13.46,6849413.0,90992552.0
2014-02-12,13.49,13.76,13.33,13.61,3812517.0,50640884.0
2014-02-13,13.48,14.97,13.48,14.45,12470731.0,176141792.0
2014-02-14,14.33,15.63,14.31,15.41,9177107.0,134338432.0
2014-02-17,15.65,15.91,15.02,15.74,9070763.0,137945248.0
2014-02-18,15.47,17.31,15.29,17.31,16948180.0,272301056.0
2014-02-19,16.95,17.54,16.52,16.85,11251374.0,186711680.0
2014-02-20,16.67,17.02,16.14,16.35,6280038.0,101058152.0
2014-02-21,16.44,16.59,16.16,16.32,4064751.0,65054112.0
2014-02-24,16.29,16.65,15.71,16.48,7208924.0,114198104.0
2014-02-25,16.34,16.34,14.84,14.99,7027045.0,107492352.0
2014-02-26,14.86,15.26,14.51,15.25,3610146.0,52823672.0
2014-02-27,15.3,15.53,14.48,14.52,4537833.0,66729508.0
2014-02-28,14.42,14.96,14.25,14.91,3701674.0,53076308.0
2014-03-03,14.93,15.28,14.77,15.04,4104453.0,60202556.0
2014-03-04,14.96,15.15,14.63,14.93,2832702.0,41346028.0
2014-03-05,14.96,15.22,14.81,14.83,2429431.0,35697736.0
2014-03-06,14.7,14.91,14.45,14.83,2052256.0,29507750.0
2014-03-07,14.83,16.14,14.74,15.59,7649990.0,116281184.0
2014-03-10,15.4,16.18,15.26,15.3,7101123.0,109649968.0
2014-03-11,15.22,15.31,14.52,14.7,3305830.0,48016184.0
2014-03-12,14.65,15.61,14.58,15.57,3019454.0,44722016.0
2014-03-13,15.57,16.15,15.35,15.82,4949687.0,76517792.0
2014-03-14,15.83,15.83,15.25,15.37,2290210.0,34745384.0
2014-03-17,15.53,15.99,15.02,15.9,4346373.0,66286708.0
2014-03-18,15.77,16.09,15.47,15.69,3635785.0,56074052.0
2014-03-19,15.57,16.33,15.27,15.82,4066444.0,62740880.0
2014-03-20,15.73,15.91,15.15,15.22,2448474.0,37412816.0
2014-03-21,14.96,15.15,14.55,15.03,2512519.0,36543848.0
2014-03-24,14.91,15.07,14.58,14.65,1631005.0,23755332.0
2014-03-25,14.67,15.18,14.6,15.1,2253350.0,33195128.0
2014-03-26,15.1,15.2,14.92,15.1,932812.0,13732013.0
2014-03-27,15.06,15.12,14.58,14.62,1431813.0,20655834.0
2014-03-28,14.58,14.6,13.51,13.87,2682450.0,36698208.0
2014-03-31,13.95,14.13,13.07,13.38,3580286.0,46720716.0
2014-04-01,13.38,13.79,13.36,13.7,1934982.0,25756084.0
2014-04-02,13.7,13.75,13.35,13.48,1296030.0,17115972.0
2014-04-03,13.49,13.61,13.34,13.59,974973.0,12877037.0
2014-04-04,13.57,13.9,13.5,13.79,1222455.0,16500323.0
2014-04-08,13.69,13.98,13.6,13.86,989641.0,13424995.0
2014-04-09,13.99,14.19,13.84,14.06,1339044.0,18394612.0
2014-04-10,14.18,14.37,13.99,14.09,1666582.0,23086944.0
2014-04-11,14.04,14.04,13.69,13.71,1198108.0,16170728.0
2014-04-14,13.74,13.95,13.7,13.93,835700.0,11338074.0
2014-04-15,13.93,14.12,13.8,14.02,723055.0,9896249.0
2014-04-16,14.07,14.26,13.98,14.15,1050689.0,14543334.0
2014-04-17,14.2,14.21,13.89,13.97,1021742.0,13991593.0
2014-04-18,13.97,14.25,13.91,14.2,796711.0,10976162.0
2014-04-21,14.15,14.71,13.94,14.3,2129098.0,29649316.0
2014-04-22,14.41,15.6,13.82,14.09,11248321.0,162219248.0
2014-04-23,13.7,13.7,12.71,12.84,5939457.0,75570384.0
2014-04-24,12.68,12.84,12.49,12.83,2044350.0,25362902.0
2014-04-25,12.77,12.99,12.57,12.58,1563443.0,19586050.0
2014-04-28,12.46,12.49,12.05,12.06,1429299.0,17058272.0
2014-04-29,11.98,12.24,11.96,12.1,759395.0,9007098.0
2014-04-30,12.26,12.29,12.02,12.23,939132.0,11185612.0
2014-05-05,12.26,12.35,12.13,12.23,765108.0,9140273.0
2014-05-06,12.28,12.75,12.22,12.55,1867519.0,22893982.0
2014-05-07,12.46,12.54,12.27,12.3,793418.0,9595016.0
2014-05-08,12.3,12.41,12.2,12.26,613183.0,7392378.0
2014-05-09,12.19,12.29,12.05,12.11,478828.0,5695727.0
2014-05-12,12.22,12.43,12.15,12.42,739624.0,8927158.0
2014-05-13,12.42,12.48,12.35,12.45,699184.0,8503692.0
2014-05-14,12.45,12.51,12.36,12.39,697620.0,8497910.0
2014-05-15,12.38,12.46,12.02,12.05,832170.0,9924275.0
2014-05-16,11.99,12.12,11.54,11.83,816716.0,9519847.0
2014-05-19,11.74,11.99,11.69,11.89,323119.0,3748529.0
2014-05-20,11.99,12.14,11.96,12.04,363397.0,4286670.0
2014-05-21,12.11,12.13,11.95,12.07,571952.0,6758518.0
2014-05-22,12.08,12.28,11.99,12.02,735401.0,8738898.0
2014-05-23,11.98,12.1,11.95,12.09,842874.0,9920844.0
2014-05-26,12.2,12.53,12.2,12.51,1483479.0,18043026.0
2014-06-10,12.82,13.77,12.82,13.43,6331675.0,83060376.0
2014-06-11,13.5,13.62,13.07,13.55,2890894.0,37824372.0
2014-06-12,13.46,13.62,13.24,13.28,1944494.0,25452914.0
2014-06-13,13.3,13.48,13.15,13.26,1876080.0,24433722.0
2014-06-16,13.29,13.46,13.24,13.34,1464734.0,19163730.0
2014-06-17,13.28,13.4,12.87,12.97,1361947.0,17479276.0
2014-06-18,12.97,13.08,12.82,12.92,1771127.0,22495386.0
2014-06-19,12.85,13.12,12.62,12.72,1155134.0,14629341.0
2014-06-20,12.66,12.96,12.66,12.96,456742.0,5738411.0
2014-06-23,12.95,13.17,12.89,13.15,1008715.0,12935576.0
2014-06-24,12.98,13.16,12.98,13.07,674182.0,8619535.0
2014-06-25,13.0,13.16,13.0,13.09,615399.0,7884337.0
2014-06-26,13.02,13.48,12.97,13.39,2220704.0,29003178.0
2014-06-27,13.33,13.58,13.33,13.39,1688754.0,22199820.0
2014-06-30,13.42,13.84,13.31,13.84,3081027.0,41248848.0
2014-07-01,13.94,13.94,13.64,13.68,1439323.0,19338956.0
2014-07-02,13.63,14.44,13.59,14.3,4429868.0,60988412.0
2014-07-03,14.3,14.86,14.09,14.81,4533357.0,64372496.0
2014-07-04,14.71,14.89,14.46,14.55,1526552.0,21811354.0
2014-07-07,14.5,14.64,14.4,14.48,1020290.0,14500401.0
2014-07-08,14.58,15.52,14.11,14.91,4128936.0,60249940.0
2014-07-09,14.8,15.18,14.47,14.83,2656752.0,38575676.0
2014-07-10,14.71,15.15,14.6,14.81,1811829.0,26562936.0
2014-07-11,14.71,14.99,14.54,14.7,965598.0,13928440.0
2014-07-14,14.64,15.65,14.52,15.52,3849511.0,57575780.0
2014-07-15,15.41,15.44,15.05,15.24,2689842.0,40193640.0
2014-07-16,15.16,15.28,15.01,15.04,1529473.0,22608722.0
2014-07-17,14.91,15.12,14.75,14.89,983775.0,14346637.0
2014-07-18,14.89,15.25,14.8,15.02,867969.0,12825404.0
2014-07-21,14.91,15.09,14.68,14.72,716574.0,10400046.0
2014-07-23,14.55,15.16,14.37,14.66,1848523.0,26709038.0
2014-07-24,14.74,14.74,13.65,13.74,2337187.0,31834778.0
2014-07-25,13.75,14.32,13.62,14.21,1542409.0,21198190.0
2014-07-28,14.28,14.55,14.16,14.41,1088361.0,15204676.0
2014-07-29,14.37,14.88,14.29,14.88,1254641.0,18027000.0
2014-07-30,14.93,15.19,14.78,14.92,908959.0,13247344.0
2014-07-31,14.88,15.04,14.74,14.93,895750.0,12997236.0
2014-08-01,15.02,15.06,14.73,14.82,822808.0,11946454.0
2014-08-04,14.93,15.19,14.88,14.99,1064317.0,15595676.0
2014-08-05,14.88,15.2,14.87,14.9,1214401.0,17731284.0
2014-08-06,14.82,15.0,14.82,14.83,809261.0,11746573.0
2014-08-07,14.83,15.07,14.8,14.85,666909.0,9688290.0
2014-08-08,14.83,14.93,14.55,14.65,802171.0,11468664.0
2014-08-11,14.69,14.77,14.5,14.69,1749704.0,24906466.0
2014-08-12,14.69,15.4,14.64,15.39,3137630.0,46042152.0
2014-08-13,15.63,16.17,15.29,15.49,7464273.0,113980104.0
2014-08-14,15.53,16.68,15.29,16.42,8058641.0,126963904.0
2014-08-15,16.46,16.58,16.17,16.44,3306922.0,52889440.0
2014-08-18,16.49,16.79,16.22,16.65,2841851.0,45901292.0
2014-08-19,16.56,17.13,16.47,16.94,3686359.0,60237276.0
2014-08-20,16.91,17.33,16.64,16.75,2308964.0,38097776.0
2014-08-21,16.59,16.66,16.21,16.32,2316622.0,36955472.0
2014-08-22,16.22,16.57,16.11,16.52,1838260.0,29498020.0
2014-08-25,16.52,16.52,15.6,15.91,2517872.0,39232256.0
2014-08-26,15.81,16.19,15.55,15.65,2031612.0,31547274.0
2014-08-27,15.62,17.09,15.62,16.77,4799829.0,76951128.0
2014-08-28,16.52,16.98,16.45,16.63,1954674.0,31806762.0
2014-08-29,16.63,16.81,16.31,16.78,1886965.0,30531330.0
2014-09-01,16.7,17.89,16.55,17.78,4859948.0,82876200.0
2014-09-02,17.77,18.63,17.6,18.17,3799480.0,67315640.0
2014-09-03,18.42,18.51,17.82,18.24,2405466.0,42922400.0
2014-09-04,18.16,18.32,17.85,18.27,2212530.0,39044276.0
2014-09-05,18.22,18.43,17.86,18.07,2000177.0,35189172.0
2014-09-09,18.12,19.27,17.9,19.12,3465563.0,63130496.0
2014-09-10,19.12,20.1,18.84,19.85,4975897.0,95065104.0
2014-09-11,19.66,20.31,19.25,20.18,4489880.0,86755984.0
2014-09-12,20.02,20.16,19.38,19.5,3252320.0,62501948.0
2014-09-15,19.29,20.02,19.1,19.8,2898977.0,54950352.0
2014-09-16,19.72,20.43,18.27,18.66,3653177.0,69486680.0
2014-09-17,18.64,19.5,18.35,19.25,2752357.0,50515160.0
2014-09-18,19.1,19.64,19.07,19.43,1258822.0,23802904.0
2014-09-19,19.41,19.66,19.3,19.66,1416627.0,26926280.0
2014-09-22,19.52,19.7,18.59,19.36,2518967.0,46845064.0
2014-09-23,18.93,19.61,18.93,19.57,1283297.0,24221730.0
2014-09-24,21.53,21.53,19.81,20.05,3054546.0,61287500.0
2014-09-25,20.2,20.31,19.52,19.67,1820792.0,35236028.0
2014-09-26,19.66,19.75,18.91,19.75,3536687.0,66653576.0
2014-09-29,19.94,20.28,19.6,20.05,2787830.0,54278044.0
2014-09-30,20.12,20.73,19.86,20.41,2074737.0,41124208.0
2014-10-08,20.37,20.41,19.99,20.07,1673734.0,32836614.0
2014-10-09,20.11,21.03,19.88,20.94,2822204.0,56109200.0
2014-10-10,20.63,20.71,20.18,20.34,2477527.0,49163776.0
2014-10-13,20.27,20.7,19.86,20.6,1682068.0,33044782.0
2014-10-14,20.53,20.72,20.14,20.39,1313289.0,26178272.0
2014-10-15,20.3,20.49,20.15,20.31,1475566.0,29162530.0
2014-10-16,20.15,20.29,19.87,19.88,1246318.0,24353448.0
2014-10-17,19.3,19.86,18.94,19.29,1674437.0,31383468.0
2014-10-20,19.29,19.45,19.03,19.29,1067441.0,19969266.0
2014-10-21,19.3,19.3,18.04,18.07,4609741.0,83198552.0
2014-10-22,18.13,18.37,18.03,18.11,1984606.0,35122704.0
2014-10-23,18.11,18.21,17.62,18.03,1226901.0,21478248.0
2014-10-24,17.99,18.21,17.82,17.95,776908.0,13606650.0
2014-10-27,17.95,18.34,17.63,18.23,810221.0,14195559.0
2014-10-28,18.25,19.16,18.1,19.11,3424172.0,62528184.0
2014-10-29,18.99,20.02,18.97,19.52,3167869.0,60352644.0
2014-10-30,19.52,19.69,19.1,19.37,1329310.0,25104624.0
2014-10-31,19.37,19.4,18.68,18.82,2443764.0,44903428.0
2014-11-03,19.04,19.29,18.78,19.01,1244729.0,22965192.0
2014-11-04,18.9,19.29,18.48,18.69,1266057.0,23203980.0
2014-11-05,18.67,18.67,18.26,18.63,1756569.0,31504630.0
2014-11-06,18.48,18.77,18.36,18.75,873160.0,15747142.0
2014-11-07,18.84,18.92,18.43,18.51,1233342.0,22332652.0
2014-11-10,18.51,18.57,18.33,18.42,827501.0,14827572.0
2014-11-11,18.4,18.49,17.45,17.62,2110782.0,36856020.0
2014-11-12,17.66,17.9,17.65,17.85,809507.0,14018115.0
2014-11-13,17.85,17.91,17.11,17.51,2451614.0,41615692.0
2014-11-14,17.4,17.52,17.22,17.44,1023890.0,17302696.0
2014-11-17,17.46,18.4,17.46,18.3,1473064.0,25950028.0
2014-11-18,18.32,19.14,18.27,18.89,3080560.0,56709228.0
2014-11-19,18.89,19.39,18.79,19.01,3132827.0,58576612.0
2014-11-20,19.02,19.21,18.63,19.01,1384201.0,25345320.0
2014-11-21,18.75,19.01,18.75,18.79,1576456.0,28868626.0
2014-11-24,19.3,19.3,18.75,18.8,1081985.0,19881520.0
2014-11-25,18.81,19.23,18.48,19.14,1809921.0,33398646.0
2014-11-26,19.15,19.28,18.92,19.19,1126857.0,20954362.0
2014-11-27,19.19,19.28,18.84,18.92,1294879.0,23908102.0
2014-11-28,18.93,18.94,18.25,18.32,2790035.0,50261912.0
2014-12-01,18.38,18.38,17.53,17.53,3477644.0,60258504.0
2014-12-02,17.57,18.12,17.55,18.0,1634974.0,28531868.0
2014-12-03,18.0,18.68,17.68,18.27,2544831.0,44865236.0
2014-12-04,18.17,18.82,17.96,18.41,3114315.0,55951720.0
2014-12-05,18.57,18.79,18.04,18.15,4244259.0,76191112.0
2014-12-08,17.24,18.17,17.22,17.42,3748013.0,63526720.0
2014-12-09,17.0,17.35,16.12,16.33,4177602.0,67694552.0
2014-12-10,16.33,16.76,16.21,16.7,1464246.0,23598224.0
2014-12-11,16.8,17.3,16.66,17.05,1615429.0,26930998.0
2014-12-12,17.35,18.53,16.94,18.11,4198391.0,72788464.0
2014-12-15,18.16,18.61,17.97,18.25,1798876.0,32040380.0
2014-12-16,18.25,18.25,17.83,17.97,1114501.0,19515976.0
2014-12-17,17.96,18.22,17.38,17.85,1615754.0,27882356.0
2014-12-18,17.9,18.04,17.51,17.79,1832754.0,31754040.0
2014-12-19,17.95,17.95,16.7,17.55,1645044.0,27850920.0
2014-12-22,17.53,17.53,16.43,16.91,1797599.0,29132242.0
2014-12-23,16.82,16.82,16.42,16.61,1823412.0,29350776.0
2014-12-24,16.47,16.76,16.42,16.62,1395531.0,22619022.0
2014-12-25,16.73,17.42,16.61,17.36,2208317.0,36732272.0
2014-12-26,17.41,18.15,17.23,17.62,1359100.0,23453860.0
2014-12-29,17.57,17.89,17.11,17.45,1372862.0,23250834.0
2014-12-30,17.35,17.43,16.71,17.43,1255091.0,20828194.0
2014-12-31,17.29,17.85,17.21,17.77,2351228.0,40634296.0
2015-01-05,17.78,17.8,16.94,17.72,1320937.0,22452866.0
2015-01-06,17.54,17.86,17.27,17.81,1450366.0,24932886.0
2015-01-07,17.53,17.74,17.38,17.5,957564.0,16323458.0
2015-01-08,17.68,17.68,17.24,17.35,1024020.0,17411190.0
2015-01-09,17.14,17.74,17.14,17.63,1647602.0,28216336.0
2015-01-12,17.47,17.65,17.15,17.33,934404.0,15871147.0
2015-01-13,17.5,17.95,17.33,17.83,2102218.0,36210532.0
2015-01-14,17.66,17.92,17.59,17.85,1246416.0,21522444.0
2015-01-15,17.96,18.13,17.71,17.9,1457164.0,25546598.0
2015-01-16,17.9,18.17,17.79,17.96,1139258.0,20017080.0
2015-01-19,18.17,18.17,17.3,17.32,1658302.0,28703318.0
2015-01-20,17.35,18.14,17.35,18.1,1645903.0,28562800.0
2015-01-21,18.09,19.23,18.09,18.66,4445229.0,81458720.0
2015-01-22,18.66,19.17,18.66,19.07,2752112.0,51064556.0
2015-01-23,18.97,19.48,18.89,19.11,2643659.0,49638216.0
2015-01-26,20.53,20.73,19.4,20.32,5435431.0,107307400.0
2015-01-27,20.52,20.53,19.61,19.88,2152478.0,41721248.0
2015-01-28,19.81,20.73,19.6,20.63,2744799.0,54687160.0
2015-01-29,20.6,20.84,19.86,20.12,1992570.0,39581948.0
2015-01-30,19.71,20.2,19.6,19.81,1182539.0,23031804.0
2015-02-02,19.78,20.56,18.97,20.51,2048802.0,39950556.0
2015-02-03,20.63,22.56,20.3,22.56,4805298.0,102151608.0
2015-02-04,22.43,23.81,22.12,23.03,3602494.0,81102080.0
2015-02-05,22.89,23.24,22.58,22.88,1741071.0,38692128.0
2015-02-06,22.89,23.08,22.59,22.79,1302499.0,28901262.0
2015-02-09,22.81,23.25,22.58,22.92,1767927.0,39375668.0
2015-02-10,23.04,23.04,21.9,22.28,1953391.0,42690828.0
2015-02-11,22.53,23.83,22.08,23.61,1855732.0,41755380.0
2015-02-12,23.5,23.79,23.09,23.63,1357704.0,31093436.0
2015-02-13,23.6,23.7,23.39,23.56,2181981.0,50016900.0
2015-02-16,23.42,24.11,23.42,23.78,1355282.0,31545370.0
2015-02-17,23.7,24.16,23.28,23.63,1891293.0,43667200.0
2015-02-25,23.42,24.06,23.23,23.45,1536920.0,35270884.0
2015-02-26,23.44,23.58,22.71,23.09,1216530.0,27232178.0
2015-02-27,22.83,23.56,22.77,23.24,1194502.0,27019340.0
2015-03-02,23.09,24.51,22.89,24.47,1871800.0,43111176.0
2015-03-03,24.43,25.86,24.2,24.82,2757902.0,67331344.0
2015-03-04,24.82,25.92,24.53,25.56,1784151.0,44486084.0
2015-03-05,25.58,25.65,24.94,25.35,877630.0,21531430.0
2015-03-06,25.54,25.65,24.19,24.37,1189123.0,28467016.0
2015-03-09,24.22,24.82,23.75,24.75,1145070.0,27468676.0
2015-03-10,24.74,25.13,24.44,24.77,846141.0,20470928.0
2015-03-11,24.78,25.02,23.81,24.01,1405472.0,33122690.0
2015-03-12,24.12,24.48,22.78,23.4,1151013.0,26435254.0
2015-03-13,23.29,23.91,23.09,23.84,910268.0,20879570.0
2015-03-16,23.81,24.21,23.71,24.07,1261316.0,29486384.0
2015-03-17,24.07,25.12,23.81,25.11,2278923.0,53897980.0
2015-03-18,25.13,26.23,24.39,26.12,2886402.0,70673160.0
2015-03-19,26.07,26.68,25.45,26.48,2811530.0,71381176.0
2015-03-20,26.55,29.13,26.4,29.13,7075842.0,194120592.0
2015-03-23,29.13,30.5,28.23,29.57,5007864.0,144603376.0
2015-03-24,29.27,30.67,28.29,30.61,4179189.0,119681144.0
2015-03-25,30.48,31.74,29.41,31.3,3593299.0,108209920.0
2015-03-26,31.25,31.25,28.63,28.84,3606014.0,104025320.0
2015-03-27,28.84,29.84,28.74,29.41,2143567.0,61135344.0
2015-03-30,29.41,30.25,29.34,29.41,2062085.0,59565880.0
2015-03-31,29.44,30.41,29.25,29.8,1973812.0,57459240.0
2015-04-01,29.79,30.34,29.61,29.8,1875634.0,54509360.0
2015-04-02,29.87,31.23,29.54,30.79,3285099.0,97282624.0
2015-04-03,30.56,33.87,30.12,33.18,3600334.0,113855056.0
2015-04-07,32.84,35.47,32.19,34.5,2472792.0,79993768.0
2015-04-08,34.06,34.49,32.96,33.51,1817505.0,59959900.0
2015-04-09,33.44,33.45,30.17,31.96,2031466.0,62758372.0
2015-04-10,32.0,32.77,31.72,32.44,1407203.0,44301132.0
2015-04-13,32.44,34.12,32.44,33.67,2246667.0,73357320.0
2015-04-14,33.62,34.19,32.72,33.32,1437816.0,47069380.0
2015-04-15,33.32,33.32,31.27,31.87,1593180.0,50268592.0
2015-04-16,31.87,32.47,30.57,31.05,1843818.0,56053724.0
2015-04-17,31.06,31.91,31.06,31.61,1394179.0,42790096.0
2015-04-20,31.46,31.46,29.21,29.44,2411614.0,71147576.0
2015-04-21,29.59,31.61,29.59,31.57,1886139.0,56302896.0
2015-04-22,31.72,33.62,31.72,33.05,3329809.0,107054760.0
2015-04-23,33.05,34.38,33.05,34.12,3175655.0,104370192.0
2015-04-24,33.87,35.08,32.66,34.25,3035359.0,100326712.0
2015-04-27,34.38,34.51,33.69,34.02,2065905.0,68770304.0
2015-04-28,34.03,34.2,31.1,32.56,1566916.0,50017496.0
2015-04-29,31.52,34.38,31.52,33.16,1488141.0,48231356.0
2015-04-30,33.48,36.23,32.56,34.27,2873048.0,96058176.0
2015-05-04,34.26,34.26,32.93,33.26,1601000.0,52206736.0
2015-05-05,33.36,33.71,32.44,32.47,1167448.0,37402360.0
2015-05-06,32.47,34.17,32.47,32.84,1407830.0,45718524.0
2015-05-07,32.05,33.35,32.05,32.62,933994.0,29794714.0
2015-05-08,32.96,34.86,32.62,34.62,2033366.0,66848256.0
2015-05-11,34.77,35.91,34.41,35.41,2938435.0,100346856.0
2015-05-12,35.37,35.4,33.96,34.97,2826991.0,95435368.0
2015-05-13,34.9,34.97,34.01,34.63,2301309.0,77025416.0
2015-05-14,34.65,38.09,34.47,38.09,5572985.0,197286672.0
2015-05-15,37.46,38.09,36.03,36.75,3608080.0,129506904.0
2015-05-18,37.67,38.7,36.08,37.24,4030974.0,145809664.0
2015-05-19,37.24,37.94,36.28,37.27,2339415.0,84139800.0
2015-05-20,37.59,40.44,37.26,38.52,4042957.0,152864752.0
2015-05-21,38.05,41.24,37.88,40.85,4263645.0,162717152.0
2015-05-22,41.06,41.63,40.49,41.28,3965821.0,158802304.0
2015-05-25,41.07,44.01,39.62,43.06,3921731.0,160907408.0
2015-05-26,43.01,44.44,42.22,43.25,2440812.0,102698200.0
2015-05-27,43.21,43.21,41.06,41.72,4294712.0,174577920.0
2015-05-28,41.77,42.23,39.25,39.25,4668994.0,185458112.0
2015-05-29,38.63,40.67,36.44,40.09,3096523.0,118682632.0
2015-06-01,40.77,42.15,40.15,41.47,3713628.0,149638224.0
2015-06-02,42.49,42.56,39.95,40.55,5228933.0,208784672.0
2015-06-03,40.11,40.35,38.82,39.13,4016463.0,154323648.0
2015-06-04,39.32,41.07,36.94,40.36,4805701.0,186452304.0
2015-06-05,40.94,42.09,39.64,41.4,5130501.0,204460848.0
2015-06-08,41.08,41.18,39.93,40.31,4105379.0,162114704.0
2015-06-09,40.15,44.34,39.94,43.09,5371500.0,222872128.0
2015-06-10,43.14,47.23,42.31,45.98,5965389.0,262361696.0
2015-06-11,46.28,47.85,45.35,46.95,5375485.0,243999984.0
2015-06-12,47.04,47.51,46.4,46.67,3107909.0,141696512.0
2015-06-15,47.24,47.34,44.78,44.94,3696403.0,164754544.0
2015-06-16,44.76,44.76,42.54,42.82,2783340.0,116693648.0
2015-06-17,43.65,44.66,42.31,44.55,3877731.0,165493728.0
2015-06-18,45.06,46.11,43.65,43.8,2798550.0,122832176.0
2015-06-19,43.8,44.21,42.62,43.85,3180375.0,134482560.0
2015-06-23,43.9,47.03,41.59,46.67,4907441.0,211064624.0
2015-06-24,46.69,50.88,46.5,50.63,8725530.0,413706400.0
2015-06-25,50.17,50.18,45.56,45.6,6388749.0,299243712.0
2015-06-26,42.99,43.62,41.04,41.04,6296264.0,257163264.0
2015-06-29,41.05,42.99,36.93,39.33,6013340.0,229363152.0
2015-08-20,35.4,35.4,35.4,35.4,545800.0,18813726.0
2015-08-21,31.86,31.86,31.86,31.86,431600.0,13388232.0
2015-08-24,28.67,28.67,28.67,28.67,692000.0,19320640.0
2015-08-25,25.81,28.54,25.81,28.45,11880200.0,302025408.0
2015-08-26,28.75,28.75,25.6,26.24,15977911.0,409248448.0
2015-08-27,26.25,27.83,26.24,27.81,11870229.0,312296960.0
2015-08-28,30.5,30.5,28.34,29.58,11271266.0,323295104.0
2015-08-31,27.52,28.55,26.62,26.62,8334131.0,220868912.0
2015-12-15,29.27,29.27,29.27,29.27,734003.0,6973029.0
2015-12-16,32.2,32.2,32.2,32.2,500830.0,5233674.0
2015-12-17,35.43,35.43,35.43,35.43,53734788.0,617950080.0
2015-12-18,38.97,38.97,38.97,38.97,35285476.0,446361280.0
2015-12-21,40.02,42.88,38.97,42.88,134907232.0,1788822912.0
2015-12-22,42.82,42.88,40.2,41.5,88315672.0,1193214080.0
2015-12-23,40.91,45.44,40.67,42.95,87159160.0,1228776832.0
2015-12-24,41.16,41.87,40.33,40.88,46329524.0,615267712.0
2015-12-25,41.04,41.44,39.74,40.3,30562192.0,400617120.0
2015-12-28,40.39,40.7,37.31,37.46,40585120.0,509015424.0
2015-12-29,36.97,37.74,35.77,36.63,28656656.0,339025120.0
2015-12-30,36.85,38.36,36.05,37.62,25699624.0,311394528.0
2015-12-31,37.74,38.26,36.69,37.09,18703062.0,228048864.0
2016-01-04,36.72,37.31,33.43,33.43,16946824.0,193438560.0
2016-01-05,30.84,33.37,30.56,32.38,25164816.0,260940096.0
2016-01-06,32.59,35.61,32.35,35.61,27597522.0,302777888.0
2016-01-07,35.43,35.43,32.04,32.13,7271999.0,79845008.0
2016-01-08,33.12,35.03,29.58,33.77,30361508.0,326679968.0
2016-01-11,31.89,33.3,30.41,30.44,21133152.0,219210144.0
2016-01-12,30.47,31.79,29.58,30.99,15570599.0,155707712.0
2016-01-13,31.42,31.55,29.27,29.42,14509864.0,143159680.0
2016-01-14,28.34,30.35,27.73,30.16,16097754.0,152209408.0
2016-01-15,29.58,30.1,27.73,27.91,15287658.0,143338288.0
2016-01-18,26.96,28.81,26.8,28.19,12212527.0,110951912.0
2016-01-19,28.25,30.35,28.13,29.58,16364076.0,154418544.0
2016-01-20,29.51,29.98,28.62,28.9,12598560.0,119416376.0
2016-01-21,28.65,29.02,27.42,27.45,11191209.0,102645800.0
2016-01-22,27.85,28.1,26.86,27.79,9576304.0,85690000.0
2016-01-25,28.28,28.28,27.42,27.85,8332598.0,75466256.0
2016-01-26,27.42,30.62,27.08,29.85,47934052.0,464751328.0
2016-01-27,29.27,29.27,26.86,28.44,30620876.0,277371680.0
2016-01-28,27.42,28.34,25.6,25.63,19446104.0,172332512.0
2016-01-29,25.63,26.56,23.69,26.09,18213332.0,150386336.0
2016-02-01,25.88,26.12,24.65,25.11,10222966.0,84110088.0
2016-02-02,25.05,26.37,24.8,25.76,9922931.0,83093136.0
2016-02-03,25.57,26.0,24.8,25.79,8896892.0,73249016.0
2016-02-04,25.94,26.53,25.85,26.25,10295419.0,87789000.0
2016-02-05,26.53,28.87,26.34,28.87,27567256.0,251339952.0
2016-02-15,28.16,31.76,27.88,30.84,37746936.0,373919616.0
2016-02-16,30.53,31.73,29.91,31.18,39419512.0,394235072.0
2016-02-17,30.93,30.93,29.88,30.75,25461510.0,252102048.0
2016-02-18,30.87,31.24,30.25,30.53,18389390.0,183071712.0
2016-02-19,30.19,30.59,29.82,30.16,13258986.0,129583688.0
2016-02-22,30.5,31.7,30.04,31.39,23146280.0,231118144.0
2016-02-23,31.12,31.12,29.88,30.25,15940163.0,157647840.0
2016-02-24,30.19,30.38,29.18,29.85,13462395.0,130103976.0
2016-02-25,29.73,29.79,26.86,26.86,16850036.0,153227792.0
2016-02-26,28.07,28.07,25.82,26.65,11317369.0,99077272.0
2016-02-29,26.8,27.39,24.65,25.45,12935530.0,107629928.0
2016-03-01,25.6,26.43,24.74,25.88,9646359.0,80214016.0
2016-03-02,25.76,27.11,25.63,26.96,13323720.0,114900880.0
2016-03-03,26.96,28.16,26.68,27.11,17110666.0,151921136.0
2016-03-04,26.89,27.27,25.14,25.88,11200192.0,95454032.0
2016-03-07,26.03,26.74,25.91,26.37,7118288.0,61172216.0
2016-03-08,26.34,26.65,25.23,26.62,8926858.0,75102096.0
2016-03-09,25.88,26.28,25.57,25.82,5777979.0,48575920.0
2016-03-10,25.88,26.28,25.36,25.48,6443092.0,53738220.0
2016-03-11,25.26,25.85,25.11,25.57,4383275.0,36281600.0
2016-03-14,25.73,26.65,25.73,26.43,8906329.0,76175944.0
2016-03-15,26.37,26.4,25.76,25.94,6606409.0,55833856.0
2016-03-16,26.19,26.5,25.91,26.31,10070458.0,85780936.0
2016-03-17,26.37,27.23,26.22,26.86,12236591.0,105999400.0
2016-03-18,26.96,28.56,26.8,28.25,20697292.0,186999888.0
2016-03-21,29.88,30.78,28.96,29.3,26419516.0,253359264.0
2016-03-22,29.11,32.23,28.34,32.23,42127888.0,421186944.0
2016-03-23,32.97,34.51,32.97,33.86,59290352.0,647551488.0
2016-04-01,33.27,33.77,30.78,32.01,32497608.0,343216000.0
2016-04-05,31.12,32.53,30.1,31.95,28655776.0,291651136.0
2016-04-06,31.36,33.86,30.96,33.27,32874958.0,344340864.0
2016-04-07,32.97,33.0,31.58,31.86,22634006.0,237548768.0
2016-04-08,31.12,31.67,29.88,31.27,18567190.0,185721040.0
2016-04-11,31.39,31.76,31.27,31.3,15793206.0,161373856.0
2016-04-12,31.42,31.42,30.5,30.59,12173963.0,121508064.0
2016-04-13,30.59,31.21,30.59,30.81,13584889.0,136628272.0
2016-04-14,30.9,31.15,30.56,30.93,11324802.0,113293656.0
2016-04-15,30.96,31.86,30.84,31.58,18563850.0,190021904.0
2016-04-18,31.64,31.64,30.68,30.81,11141956.0,111939528.0
2016-04-19,30.99,31.49,30.9,31.27,11079438.0,112206424.0
2016-04-20,31.42,31.45,28.5,28.9,17810484.0,172569824.0
2016-04-21,28.93,29.27,28.53,28.68,9581385.0,89825656.0
2016-04-22,28.59,28.99,27.73,28.84,10011887.0,92238712.0
2016-04-25,28.84,29.85,28.37,29.7,9574337.0,90904168.0
2016-04-26,29.27,29.51,28.99,29.42,8086679.0,76793672.0
2016-04-27,29.42,29.76,29.05,29.14,7187885.0,68718680.0
2016-04-28,29.11,29.27,28.65,29.18,6298243.0,59185204.0
2016-04-29,29.11,29.42,28.96,29.24,4458157.0,42288108.0
2016-05-03,29.24,30.19,28.99,29.91,6887205.0,66384528.0
2016-05-04,29.82,32.2,29.64,31.02,16042987.0,162372208.0
2016-05-05,31.05,31.24,30.56,30.99,8271704.0,82933352.0
2016-05-06,30.99,31.12,29.27,29.58,9747146.0,95604208.0
2016-05-09,28.96,29.08,27.82,28.47,7198214.0,66464568.0
2016-05-10,28.53,29.27,28.53,28.71,4197086.0,39105380.0
2016-05-11,28.74,29.51,28.56,28.62,4066570.0,38169393.0
2016-05-12,28.31,28.74,27.64,28.34,4291608.0,39184172.0
2016-05-13,28.59,28.81,28.22,28.65,3789520.0,35065002.0
2016-05-16,28.62,28.9,28.44,28.84,3673512.0,34181236.0
2016-05-17,28.96,28.99,28.47,28.59,3337666.0,31068856.0
2016-05-18,28.5,28.5,27.57,27.73,4474752.0,40473965.0
2016-05-19,27.73,28.19,27.67,27.67,2721707.0,24673259.0
2016-05-20,27.76,27.91,27.45,27.79,3180167.0,28614166.0
2016-05-23,27.64,28.04,27.64,27.88,3059022.0,27672890.0
2016-05-24,27.76,28.62,27.76,28.34,7580601.0,69657314.0
2016-05-25,28.37,28.59,27.67,27.79,5011626.0,45658788.0
2016-05-26,28.06,28.06,27.14,27.63,4447737.0,39542687.0
2016-05-27,27.63,27.72,27.35,27.45,3661879.0,32623962.0
2016-05-30,27.35,27.35,26.83,27.01,3082387.0,27117975.0
2016-05-31,27.04,27.91,27.04,27.85,6123960.0,54879450.0
2016-06-01,27.88,28.06,27.69,27.94,5212589.0,47187609.0
2016-06-02,28.09,28.68,27.97,28.28,5621237.0,51575760.0
2016-06-03,28.09,28.37,27.91,28.06,4805206.0,43801925.0
2016-06-06,28.06,28.37,28.0,28.18,3406188.0,31085385.0
2016-06-07,28.96,28.96,27.69,27.91,7537231.0,68513811.0
2016-06-08,27.6,28.0,27.14,27.85,10234517.0,91144098.0
2016-06-13,27.14,27.41,26.3,26.67,7303867.0,63931054.0
2016-06-14,26.55,26.77,26.18,26.61,4301648.0,36851176.0
2016-06-15,26.34,27.51,26.03,27.41,5783713.0,50969818.0
2016-06-16,27.38,27.38,26.83,26.89,3455644.0,30351176.0
2016-06-17,26.89,27.6,26.89,27.45,5795341.0,51458226.0
2016-06-20,27.69,30.19,27.69,30.13,31274783.0,301202881.0
2016-06-21,30.38,33.15,30.13,33.15,49209740.0,515423912.0
2016-06-22,33.86,33.92,31.79,33.3,38415258.0,408204812.0
2016-06-23,34.88,36.63,32.38,32.69,55115221.0,617361531.0
2016-06-24,33.46,35.46,32.38,34.29,56768935.0,633349366.0
2016-06-27,33.3,37.71,32.93,37.71,61281509.0,713538588.0
2016-06-28,38.12,38.67,36.33,37.31,49319957.0,598654665.0
2016-06-29,37.31,37.56,35.77,36.88,31959340.0,379613506.0
2016-06-30,36.51,36.88,35.31,35.9,27109116.0,315664278.0
2016-07-01,36.05,36.88,35.46,35.99,24019628.0,281874734.0
2016-07-04,35.4,36.79,35.16,36.3,17739653.0,208311644.0
2016-07-05,36.63,37.65,35.71,36.51,22035819.0,261696051.0
2016-07-06,36.42,37.16,35.31,36.08,19571124.0,229489818.0
2016-07-07,36.05,36.91,34.51,36.85,33244077.0,387754429.0
2016-07-08,36.63,40.55,36.14,40.55,62078738.0,796822129.0
2016-07-11,40.7,44.62,40.4,44.25,61258128.0,867623499.0
2016-07-12,42.68,43.79,40.77,42.96,40552331.0,562056589.0
2016-07-13,43.17,43.48,41.35,42.37,24111650.0,328403385.0
2016-07-14,42.12,43.36,41.32,42.62,21860863.0,299674486.0
2016-07-15,41.72,42.12,40.64,40.7,23078803.0,308208649.0
2016-07-18,41.38,41.38,38.36,39.16,24998691.0,319297033.0
2016-07-19,40.55,42.86,40.4,41.66,37252547.0,502665403.0
2016-07-20,40.74,43.79,40.09,42.74,38498499.0,526586074.0
2016-07-21,42.49,44.41,41.78,41.97,29102394.0,404373171.0
2016-07-22,41.05,42.8,40.4,40.67,26221325.0,352476995.0
2016-07-25,40.58,40.98,38.79,39.23,23669709.0,303413114.0
2016-07-26,39.19,40.27,38.79,39.63,13417835.0,172293698.0
2016-07-27,39.97,40.06,35.8,36.67,25276509.0,309758734.0
2016-07-28,36.63,36.63,33.92,35.09,22125037.0,252846100.0
2016-07-29,35.06,35.86,34.23,34.78,12271953.0,139416804.0
2016-08-01,35.06,35.68,33.61,35.49,14405365.0,163584876.0
2016-08-02,35.46,37.93,34.97,36.85,21535659.0,255490672.0
2016-08-03,36.85,37.59,36.2,36.6,13885134.0,165432789.0
2016-08-04,36.08,36.54,35.46,36.2,14039992.0,163962547.0
2016-08-05,36.14,36.17,35.52,35.56,11308018.0,131128274.0
2016-08-08,35.77,36.94,35.09,36.82,13409578.0,157277204.0
2016-08-09,36.88,37.19,36.39,36.7,11427111.0,135958265.0
2016-08-10,36.36,37.01,36.36,36.67,7895931.0,93912543.0
2016-08-11,36.36,38.08,36.2,36.45,14106506.0,169713073.0
2016-08-12,35.62,36.42,35.46,36.27,10725239.0,124839600.0
2016-08-15,36.2,36.88,35.52,36.6,14463465.0,170243732.0
2016-08-16,36.67,37.16,36.36,36.82,16389915.0,195328258.0
2016-08-17,36.85,38.55,36.54,37.93,23753161.0,291637993.0
2016-08-18,37.93,38.45,37.47,37.74,15515999.0,190970444.0
2016-08-19,37.99,39.01,37.96,38.05,13208385.0,163831014.0
2016-08-22,38.05,39.16,36.91,39.1,21963936.0,271522162.0
2016-08-23,38.42,40.55,38.27,39.63,31313833.0,400305591.0
2016-08-24,39.16,39.44,38.58,38.95,16744709.0,211748054.0
2016-08-25,38.64,39.81,37.99,39.35,14888201.0,187712712.0
2016-08-26,39.26,39.26,38.48,38.73,11188113.0,141081772.0
2016-08-29,38.82,38.82,37.44,37.65,13472137.0,165228709.0
2016-08-30,37.62,38.21,37.5,37.74,6430587.0,78834567.0
2016-08-31,37.78,37.99,37.41,37.62,8147696.0,99308236.0
2016-09-01,38.39,39.69,37.9,38.08,17547807.0,220819656.0
2016-09-02,37.44,38.08,36.7,37.04,13398321.0,162446486.0
2016-09-05,37.31,37.74,37.07,37.34,6598519.0,79927539.0
2016-09-06,37.34,37.56,36.27,37.07,10332801.0,122918873.0
2016-09-07,37.01,37.28,36.54,36.6,8028757.0,95965186.0
2016-09-08,36.36,37.07,36.36,36.73,5715493.0,68027662.0
2016-09-09,36.7,36.7,36.02,36.05,6477008.0,76317781.0
2016-09-12,35.06,35.06,33.64,33.92,13084993.0,145787778.0
2016-09-13,34.14,34.45,33.46,33.89,6749061.0,74263887.0
2016-09-14,33.61,34.14,33.3,34.11,4864224.0,53135988.0
2016-09-19,34.11,35.31,34.11,35.06,8130411.0,91726414.0
2016-09-20,35.46,35.8,34.66,34.85,5615512.0,63925619.0
2016-09-21,34.85,35.31,34.32,35.16,7576100.0,85660376.0
2016-09-22,35.93,36.39,34.85,34.91,10729967.0,123164902.0
2016-09-23,34.63,35.19,34.6,34.72,5189373.0,58659415.0
2016-09-26,34.78,35.62,34.23,34.26,7592416.0,86204150.0
2016-09-27,33.86,34.48,33.58,34.29,4762891.0,52529167.0
2016-09-28,33.98,34.45,33.98,34.29,3543183.0,39352317.0
2016-09-29,34.66,34.85,33.67,33.7,7550686.0,83363806.0
2016-09-30,33.64,33.83,33.34,33.52,5159821.0,56151660.0
2016-10-10,33.67,34.2,33.58,34.17,9679675.0,106582465.0
2016-10-11,34.17,35.65,34.17,35.62,16801363.0,191593459.0
2016-10-12,35.16,35.59,35.03,35.28,8143955.0,93043967.0
2016-10-13,35.28,35.46,34.78,34.88,9482883.0,107627277.0
2016-10-14,34.85,35.0,34.48,34.81,5808732.0,65512898.0
2016-10-17,34.85,35.06,34.11,34.17,6639457.0,74401070.0
2016-10-18,34.17,34.54,33.95,34.54,6519556.0,72494624.0
2016-10-19,34.54,35.0,34.51,34.57,6305803.0,70991775.0
2016-10-20,34.57,37.87,34.2,37.01,35978703.0,425345207.0
2016-10-21,36.54,37.87,36.45,36.63,23304761.0,279965265.0
2016-10-24,36.54,37.31,36.54,36.88,12708406.0,151810443.0
2016-10-25,36.73,38.21,36.7,37.59,27837531.0,340184481.0
2016-10-26,37.65,38.39,37.34,38.02,25354493.0,311457348.0
2016-10-27,38.05,38.33,37.65,37.71,16917257.0,208328794.0
2016-10-28,37.56,39.04,37.1,38.24,28176697.0,348410728.0
2016-10-31,38.27,39.66,38.12,39.23,35323985.0,447561839.0
2016-11-01,38.98,41.63,38.85,39.26,55786367.0,723856998.0
2016-11-02,38.89,39.47,37.19,37.28,34487561.0,425848847.0
2016-11-03,37.25,37.74,36.82,37.01,19483553.0,235410078.0
2016-11-04,36.91,37.71,35.99,36.08,25340421.0,302414070.0
2016-11-07,36.51,37.04,36.33,36.67,14083471.0,167474142.0
2016-11-08,36.79,36.82,35.74,36.11,18039399.0,210928510.0
2016-11-09,36.14,36.23,35.0,36.14,16997440.0,196168538.0
2016-11-10,36.27,37.19,35.68,36.51,19101654.0,225627068.0
2016-11-11,36.36,36.51,35.96,36.14,11405781.0,133713772.0
2016-11-14,35.77,39.75,35.77,39.75,46544746.0,582071368.0
2016-11-15,40.43,42.43,40.03,40.46,94086097.0,1250821064.0
2016-11-16,39.53,42.83,39.04,41.29,73717544.0,978807471.0
2016-11-17,40.12,44.04,39.69,42.56,93851488.0,1283910053.0
2016-11-18,42.56,42.86,41.26,41.82,49279136.0,670922632.0
2016-11-21,41.66,42.86,41.05,42.25,60036298.0,820170600.0
2016-11-22,41.78,42.4,41.14,41.94,41986213.0,569461129.0
2016-11-23,41.05,42.49,40.58,42.49,65210098.0,879274386.0
2016-11-24,41.82,46.75,41.69,46.75,114091588.0,1636499601.0
2016-11-25,46.56,50.54,45.48,46.87,140638717.0,2143536368.0
2016-11-28,47.64,47.64,44.87,44.96,72224620.0,1077450653.0
2016-11-29,44.5,46.32,43.02,45.52,61762697.0,893469640.0
2016-11-30,45.36,46.56,44.22,46.26,56174343.0,831319090.0
2016-12-01,45.92,47.03,45.48,45.98,56463000.0,846570616.0
2016-12-02,45.48,46.41,44.44,45.76,49916294.0,737746061.0
2016-12-05,45.73,46.41,44.78,45.92,58574246.0,870631060.0
2016-12-06,45.95,46.19,43.2,44.41,54572900.0,795910222.0
2016-12-07,44.34,44.87,42.86,44.34,46243856.0,659064251.0
2016-12-08,44.41,44.56,42.59,43.14,43432143.0,610528367.0
2016-12-09,43.14,43.76,42.56,43.51,46036502.0,645592134.0
2016-12-12,43.54,43.54,40.92,41.57,40190553.0,548877873.0
2016-12-13,40.95,41.01,37.65,39.01,41165120.0,516573158.0
2016-12-14,38.55,40.4,37.31,40.18,41752895.0,527343046.0
2016-12-15,40.77,42.56,39.5,41.91,44674593.0,595576521.0
2016-12-16,41.78,42.4,41.17,41.51,27678608.0,374704672.0
2016-12-19,41.57,44.68,40.95,44.22,57747283.0,810755897.0
2016-12-20,44.19,44.87,43.27,43.94,71417088.0,1018693801.0
2016-12-21,43.45,44.47,43.23,43.54,54975015.0,781266423.0
2016-12-22,44.25,44.25,41.17,41.17,52566653.0,727018209.0
2016-12-23,40.86,41.88,38.92,41.14,43119136.0,567957307.0
2016-12-26,40.7,41.69,40.18,41.01,31717653.0,422997268.0
2016-12-27,40.74,41.35,39.66,39.72,30985420.0,407589749.0
2016-12-28,39.32,39.32,37.78,37.93,29824494.0,372733251.0
2016-12-29,38.02,38.7,37.65,37.93,16641209.0,206067445.0
2016-12-30,38.24,38.64,37.81,38.02,12176779.0,150941292.0
2017-01-03,38.52,38.52,37.81,38.08,11846922.0,146344873.0
2017-01-04,37.96,39.41,37.96,39.38,22460868.0,283645920.0
2017-01-05,39.32,39.41,38.76,38.98,14483761.0,183007786.0
2017-01-06,38.89,38.98,37.84,38.08,16091451.0,199393113.0
2017-01-09,37.93,37.93,36.63,37.04,16328748.0,196582245.0
2017-01-10,37.01,37.93,36.85,37.38,10639350.0,129462457.0
2017-01-11,37.1,37.25,36.63,36.63,10295200.0,123112292.0
2017-01-12,36.7,37.22,36.54,36.7,8600264.0,102760944.0
2017-01-13,36.7,36.82,33.92,35.77,11786440.0,136559244.0
2017-01-16,36.08,36.54,32.47,34.6,13971950.0,159023462.0
2017-01-17,33.95,34.85,33.0,34.69,10712853.0,118848566.0
2017-01-18,34.38,34.66,34.01,34.08,6442786.0,71673731.0
2017-01-19,34.05,34.54,33.06,34.45,9012139.0,98914604.0
2017-01-20,34.48,37.01,34.48,35.37,15383265.0,178508451.0
2017-01-23,34.88,36.14,34.48,35.96,9675913.0,111931133.0
2017-01-24,35.86,36.33,35.43,35.52,6792852.0,78737916.0
2017-01-25,35.43,35.77,35.34,35.4,6081655.0,70036259.0
2017-01-26,35.46,36.08,35.43,35.83,5785011.0,67086580.0
2017-02-03,35.8,36.14,35.52,35.56,5103006.0,59255673.0
2017-02-06,35.46,35.77,35.22,35.77,5637543.0,65000142.0
2017-02-07,35.65,36.08,35.4,35.62,5686233.0,65784755.0
2017-02-08,35.74,37.28,35.62,36.73,14095168.0,167634030.0
2017-02-09,36.45,36.94,36.3,36.79,10106976.0,119926618.0
2017-02-10,36.88,36.88,36.33,36.36,8784299.0,103929477.0
2017-02-13,36.39,36.57,35.86,36.36,6822324.0,80064048.0
2017-02-14,36.42,36.48,35.96,36.05,6176060.0,72240828.0
2017-02-15,36.08,36.36,35.31,35.46,7955957.0,92507026.0
2017-02-16,35.31,35.62,35.06,35.37,7450413.0,85372402.0
2017-02-17,35.37,35.49,34.54,34.6,8302800.0,93941183.0
2017-02-20,34.78,35.62,34.41,35.49,8244740.0,93389045.0
2017-02-21,35.49,35.77,35.16,35.65,7702424.0,88898986.0
2017-02-22,35.65,36.27,35.56,35.96,9390332.0,109603650.0
2017-02-23,36.14,36.23,35.49,36.11,8687951.0,101096666.0
2017-02-24,36.08,37.16,35.8,36.79,18970206.0,225995215.0
2017-02-27,36.6,37.04,35.93,35.96,11486884.0,135822670.0
2017-02-28,36.02,36.33,35.4,35.86,10246753.0,118710273.0
2017-03-01,35.86,35.93,35.4,35.62,7685171.0,88812493.0
2017-03-02,35.65,35.86,35.16,35.16,7037800.0,80874894.0
2017-03-03,35.09,35.59,34.88,35.46,5586825.0,64056992.0
2017-03-06,35.46,36.73,35.37,36.33,12330331.0,144247205.0
2017-03-07,36.39,37.01,36.39,36.79,18191581.0,216746055.0
2017-03-08,36.7,36.97,35.99,36.91,15526158.0,183539736.0
2017-03-09,36.57,37.53,36.57,37.16,20842205.0,250816391.0
2017-03-10,37.16,37.74,36.54,36.54,15575355.0,186749048.0
2017-03-13,36.67,36.88,36.08,36.76,9061031.0,107490136.0
2017-03-14,36.63,37.22,36.36,36.94,12760857.0,152117723.0
2017-03-15,36.7,37.16,36.39,36.63,11956881.0,142521391.0
2017-03-16,36.63,37.31,36.48,37.31,15652021.0,188069059.0
2017-03-17,37.47,40.98,37.16,39.01,48377788.0,606912901.0
2017-03-20,38.85,39.63,38.55,39.41,27944061.0,354112859.0
2017-03-21,39.07,40.0,38.55,38.89,21407192.0,272709912.0
2017-03-22,38.58,38.79,37.99,38.55,14754028.0,183762692.0
2017-03-23,38.33,38.92,37.56,37.93,13402557.0,166281765.0
2017-03-24,38.08,39.23,37.96,38.85,17605569.0,220921711.0
2017-03-27,39.44,39.69,38.33,38.36,14378004.0,180820233.0
2017-03-28,38.12,38.18,37.47,37.5,10743803.0,131609491.0
2017-03-29,37.62,38.36,37.62,37.65,9789993.0,120665206.0
2017-03-30,37.65,37.81,35.83,36.02,15142077.0,179472289.0
2017-03-31,35.99,36.39,35.56,35.83,7113377.0,82892978.0
2017-04-05,35.9,37.31,35.86,36.91,8146496.0,96890454.0
2017-04-06,38.18,39.1,37.53,37.99,15574560.0,192598979.0
2017-04-07,38.27,38.79,37.25,37.41,13301840.0,162701384.0
2017-04-10,36.82,37.28,36.11,36.27,11117237.0,131560256.0
2017-04-11,36.05,36.85,35.93,36.7,8554600.0,100793067.0
2017-04-12,36.45,36.63,36.08,36.11,5864480.0,68841910.0
2017-04-13,36.08,36.45,35.83,35.96,4779476.0,55977782.0
2017-04-14,35.93,36.14,35.03,35.03,7894905.0,90553933.0
2017-04-17,35.09,35.09,34.23,34.51,5453801.0,61044944.0
2017-04-18,34.66,34.78,34.08,34.08,4208800.0,47037995.0
2017-04-19,33.67,33.77,33.0,33.27,6418052.0,69325338.0
2017-04-20,33.3,33.92,33.06,33.4,4916748.0,53493049.0
2017-04-21,33.18,33.74,33.18,33.43,2919474.0,31662118.0
2017-04-24,33.55,33.61,31.52,31.55,5175104.0,54412836.0
2017-04-25,31.79,31.98,30.96,31.67,4146002.0,42501966.0
2017-04-26,31.73,31.73,31.21,31.45,3500401.0,35742938.0
2017-04-27,31.48,31.76,30.44,31.61,6160271.0,62427382.0
2017-04-28,31.33,33.67,31.33,32.97,8258250.0,87313750.0
2017-05-02,33.3,34.48,33.0,33.92,9242451.0,101864816.0
2017-05-03,33.64,33.92,32.93,32.97,6010048.0,64756741.0
2017-05-04,32.94,33.37,32.38,32.69,4238923.0,45168108.0
2017-05-05,32.69,32.69,31.73,31.79,4380500.0,45736686.0
2017-05-08,31.61,31.76,30.78,30.78,4140768.0,41943981.0
2017-05-09,30.78,31.67,30.75,31.52,4947850.0,50078565.0
2017-05-10,31.52,31.95,30.65,30.96,5015998.0,50924041.0
2017-05-11,30.9,31.21,29.94,30.96,5778800.0,57347017.0
2017-05-12,30.78,31.15,30.5,30.65,3873500.0,38554476.0
2017-05-15,31.08,31.08,30.56,30.56,2874250.0,28652097.0
2017-05-16,30.81,30.81,29.36,30.65,8561105.0,83323248.0
2017-05-17,30.59,31.39,30.38,30.62,6785177.0,67856485.0
2017-05-18,30.28,30.59,29.97,30.07,5444650.0,53359146.0
2017-05-19,30.31,30.5,29.91,30.0,3410700.0,33377332.0
2017-05-22,30.0,30.0,27.79,28.06,8294974.0,77781033.0
2017-05-23,28.06,28.25,26.15,26.4,9945438.0,87032456.0
2017-05-24,26.21,26.8,25.38,26.49,5273950.0,44722485.0
2017-05-25,26.58,27.14,26.24,26.83,4487100.0,38804197.0
2017-05-26,26.89,27.14,26.7,26.7,2790800.0,24314800.0
2017-05-31,27.14,27.54,26.7,26.77,3077596.0,27005276.0
2017-06-01,26.7,26.74,25.23,25.26,4657800.0,39147522.0
2017-06-02,25.35,25.53,24.42,25.44,5424441.0,43938830.0
2017-06-05,25.5,25.66,25.29,25.5,3871102.0,32014745.0
2017-06-06,25.44,25.78,25.16,25.72,3859753.0,31989588.0
2017-06-07,28.28,28.28,26.77,27.69,18329746.0,165436675.0
2017-06-08,27.26,27.6,26.89,27.14,12658500.0,111745433.0
2017-06-09,26.86,27.01,26.49,26.7,7513823.0,65091668.0
2017-06-12,26.67,26.67,26.06,26.24,4866844.0,41551871.0
2017-06-13,25.96,26.61,25.96,26.49,5267345.0,44980641.0
2017-06-14,26.43,27.07,26.3,26.74,6440945.0,55932113.0
2017-06-15,26.89,27.35,26.74,27.14,5621200.0,49474221.0
2017-06-16,27.29,27.29,26.86,26.92,3817045.0,33405238.0
2017-06-19,26.95,27.07,26.77,27.07,2722768.0,23804202.0
2017-06-20,27.07,28.83,26.89,28.37,12796109.0,115351834.0
2017-06-21,27.45,28.09,27.38,27.82,8754590.0,78885919.0
2017-06-22,27.66,27.75,26.74,26.83,6684013.0,59230669.0
2017-06-23,26.74,27.26,26.67,27.14,3983200.0,34858151.0
2017-06-26,27.11,27.45,26.95,27.38,4807489.0,42477452.0
2017-06-27,27.51,29.57,27.45,28.52,18139549.0,168510715.0
2017-06-28,28.16,28.4,27.75,27.94,8331018.0,75604553.0
2017-06-29,27.91,28.18,27.82,27.91,5570801.0,50558279.0
2017-06-30,27.91,28.16,27.79,28.03,3946286.0,35766271.0
2017-07-03,28.03,28.25,27.85,28.09,4104783.0,37309617.0
2017-07-04,28.09,28.65,28.0,28.22,5732300.0,52661396.0
2017-07-05,28.09,28.56,28.09,28.46,4442355.0,40790912.0
2017-07-06,28.46,28.89,28.25,28.71,7257091.0,67315233.0
2017-07-07,28.68,29.54,28.31,29.48,14075604.0,133097651.0
2017-07-10,29.36,29.42,28.86,28.99,9043240.0,85313414.0
2017-07-11,28.88,29.25,28.02,28.17,6483761.0,60239547.0
2017-07-12,28.02,28.54,27.61,28.42,5055907.0,46067060.0
2017-07-13,28.17,28.32,28.05,28.11,3296361.0,30062130.0
2017-07-14,28.26,29.22,28.17,28.26,8281951.0,76830887.0
2017-07-17,27.68,27.71,25.45,25.45,12015001.0,102177960.0
2017-07-18,25.17,25.64,24.43,25.64,8411463.0,68438023.0
2017-07-19,25.36,25.76,24.89,25.61,7927150.0,64892463.0
2017-07-20,25.48,25.95,25.33,25.45,6637300.0,55032384.0
2017-07-21,25.51,25.67,24.93,25.11,5689461.0,46772914.0
2017-07-24,25.05,25.3,24.8,25.23,4266190.0,34572684.0
2017-07-25,25.23,25.3,24.93,25.14,3505600.0,28449810.0
2017-07-26,25.17,25.61,25.08,25.33,4627703.0,38010737.0
2017-07-27,25.33,25.73,25.17,25.64,6376193.0,52737562.0
2017-07-28,25.7,25.79,25.45,25.51,6084461.0,50408016.0
2017-07-31,25.48,25.57,25.33,25.45,4354400.0,35879980.0
2017-08-01,25.45,25.64,25.33,25.61,5400065.0,44545503.0
2017-08-02,25.61,25.61,25.02,25.14,5757158.0,47121673.0
2017-08-03,25.11,25.57,24.89,25.23,4512732.0,36871929.0
2017-08-04,25.39,25.61,25.2,25.36,5569524.0,45808150.0
2017-08-07,25.23,25.48,25.17,25.3,4537709.0,37148101.0
2017-08-08,25.3,25.36,25.05,25.2,4669671.0,38021522.0
2017-08-09,25.23,25.23,24.99,25.14,3681971.0,29892164.0
2017-08-10,25.14,25.79,24.99,25.73,8631915.0,70933641.0
2017-08-11,25.48,27.64,25.36,26.87,26917838.0,233354647.0
2017-08-14,26.41,27.92,26.19,27.89,19065077.0,166504380.0
2017-08-15,27.58,28.05,27.21,27.46,12816103.0,114755331.0
2017-08-16,27.37,29.1,27.15,27.58,16863929.0,153331327.0
2017-08-17,27.18,27.55,26.75,27.3,12094995.0,106300824.0
2017-08-18,27.06,27.95,26.81,27.58,10867016.0,96713824.0
2017-08-21,27.83,28.82,27.8,28.32,15340598.0,140507936.0
2017-08-22,27.98,28.42,27.86,28.2,8633416.0,78580739.0
2017-08-23,28.32,28.39,27.18,27.21,8932513.0,80102543.0
2017-08-24,27.37,28.91,27.12,27.95,13595167.0,123356308.0
2017-08-25,27.58,27.92,27.24,27.68,8674301.0,77463798.0
2017-08-28,27.95,28.45,27.71,27.92,9051401.0,81940502.0
2017-08-29,27.83,28.11,27.37,27.52,6915121.0,61880463.0
2017-08-30,27.37,27.64,27.27,27.49,4387317.0,39001035.0
2017-08-31,27.4,27.58,27.24,27.4,4175759.0,37009559.0
2017-09-01,27.49,28.26,27.49,27.95,10364000.0,93749263.0
2017-09-04,27.98,28.66,27.8,28.57,13042560.0,120024302.0
2017-09-05,28.57,28.63,28.08,28.36,6624973.0,60616099.0
2017-09-06,28.17,29.93,28.17,29.34,20836856.0,196435260.0
2017-09-07,29.65,30.3,28.66,28.66,27801559.0,264756700.0
2017-09-08,28.54,28.54,28.02,28.32,14106419.0,128794760.0
2017-09-11,28.63,29.78,28.39,29.62,25078655.0,237334841.0
2017-09-12,30.05,32.59,29.44,31.47,57922902.0,585982154.0
2017-09-13,31.17,33.2,31.01,32.22,48756563.0,506704578.0
2017-09-14,33.51,35.43,32.74,32.99,55401752.0,605472653.0
2017-09-15,32.93,32.99,31.44,31.84,31699671.0,330653995.0
2017-09-18,31.75,32.9,31.38,32.49,24098412.0,250725639.0
2017-09-19,32.28,32.49,31.23,31.44,18669827.0,191831454.0
2017-09-20,31.23,31.91,31.04,31.44,16373025.0,166931767.0
2017-09-21,34.59,34.59,33.73,34.59,54700360.0,611462460.0
2017-09-22,34.38,36.82,33.33,36.05,97650357.0,1112731017.0
2017-09-25,34.75,34.87,32.43,32.74,56693606.0,617834854.0
2017-09-26,32.25,33.48,31.66,32.9,33133935.0,349848743.0
2017-09-27,32.59,33.7,32.28,33.05,26917585.0,288485084.0
2017-09-28,32.71,32.93,31.75,32.09,24844013.0,260201550.0
2017-09-29,32.12,32.71,31.75,32.4,21506251.0,224117616.0
2017-10-09,33.05,33.95,32.49,33.39,27542798.0,296367536.0
2017-10-10,33.05,33.2,32.12,32.74,16666351.0,175956396.0
2017-10-11,32.74,33.95,32.28,33.27,24307228.0,260749402.0
2017-10-12,32.74,33.45,32.46,32.74,14476518.0,154134525.0
2017-10-13,32.43,32.52,31.14,31.48,23111193.0,236476374.0
2017-10-16,31.2,31.2,28.88,29.1,24551995.0,236450531.0
2017-10-17,28.76,29.56,28.76,29.31,7220494.0,68453028.0
2017-10-18,29.19,29.53,28.39,28.7,8920717.0,83764292.0
2017-10-19,28.91,29.47,28.57,28.97,8818299.0,83087811.0
2017-10-20,28.97,29.47,28.66,29.31,13707496.0,129436870.0
2017-10-23,27.49,28.29,26.75,27.83,17531172.0,156617914.0
2017-10-24,27.43,27.95,27.27,27.46,8105503.0,72140880.0
2017-10-25,27.46,27.95,27.46,27.83,7119939.0,64083220.0
2017-10-26,27.77,27.92,27.55,27.83,7509800.0,67580050.0
2017-10-27,27.89,28.39,27.64,27.83,7953199.0,72035660.0
2017-10-30,27.64,27.64,26.25,26.59,11474703.0,99199636.0
2017-10-31,26.59,27.15,26.41,27.09,5573612.0,48317080.0
2017-11-01,27.09,27.15,26.5,26.72,6718412.0,58233705.0
2017-11-02,26.56,26.9,26.16,26.47,5383600.0,46207694.0
2017-11-03,26.44,26.78,25.88,26.56,7598900.0,64778326.0
2017-11-06,26.44,27.06,26.38,27.03,5783600.0,50060977.0
2017-11-07,26.93,27.4,26.81,27.24,6763347.0,59511727.0
2017-11-08,27.24,28.11,27.24,27.8,11247879.0,101354418.0
2017-11-09,27.89,28.17,27.52,28.11,11161296.0,100799070.0
2017-11-10,27.83,28.08,27.49,27.55,9197396.0,82665580.0
2017-11-13,27.8,29.03,27.55,28.17,15093634.0,137200259.0
2017-11-14,28.2,28.42,27.83,27.92,13659215.0,124173136.0
2017-11-15,27.8,28.42,27.58,28.02,11769157.0,107066699.0
2017-11-16,27.8,28.05,27.58,27.61,7923773.0,71223346.0
2017-11-17,27.61,27.83,25.05,25.64,11815614.0,102206880.0
2017-11-20,25.64,26.29,25.3,25.95,7442202.0,62195198.0
2017-11-21,25.76,26.29,25.76,26.22,4778802.0,40424903.0
2017-11-22,26.25,27.03,26.13,26.53,5988145.0,51472005.0
2017-11-23,26.72,26.96,25.95,25.95,5668400.0,48533146.0
2017-11-24,25.95,26.19,25.57,25.79,4831401.0,40318632.0
2017-11-27,26.16,26.25,25.42,25.61,3485568.0,29001811.0
2017-11-28,25.7,25.7,25.05,25.51,4302199.0,35345872.0
2017-11-29,25.61,25.7,25.11,25.39,4392005.0,35976388.0
2017-11-30,25.33,25.33,24.77,24.99,5269096.0,42722057.0
2017-12-01,25.05,25.79,24.99,25.48,4994819.0,41076259.0
2017-12-04,25.33,25.67,25.17,25.2,4160984.0,34288002.0
2017-12-05,25.33,25.33,23.94,24.62,9571537.0,75791445.0
2017-12-06,24.22,24.56,24.03,24.52,2734803.0,21540270.0
2017-12-07,24.43,24.68,24.34,24.4,2103043.0,16667378.0
2017-12-08,24.74,25.02,24.46,24.96,2789934.0,22437146.0
2017-12-11,24.99,25.14,24.8,25.08,2676082.0,21655389.0
2017-12-12,25.08,25.08,24.77,24.83,2375600.0,19167373.0
2017-12-13,24.83,24.89,24.59,24.86,2116350.0,16960739.0
2017-12-14,24.93,24.93,24.52,24.74,3016303.0,24113340.0
2017-12-15,24.65,24.71,24.4,24.46,2404247.0,19108055.0
2017-12-18,24.52,25.3,24.18,24.99,6832799.0,55168187.0
2017-12-19,24.89,25.02,24.77,24.93,2744999.0,22110212.0
2017-12-20,24.93,25.64,24.83,25.11,6100562.0,50001884.0
2017-12-21,24.93,25.23,24.77,25.08,3407700.0,27552607.0
2017-12-22,24.99,25.51,24.86,25.42,5058248.0,41374600.0
2017-12-25,25.39,25.73,24.86,25.02,3560203.0,29033363.0
2017-12-26,24.93,24.99,24.62,24.86,3674303.0,29473064.0
2017-12-27,24.89,25.39,24.74,25.17,3488797.0,28273585.0
2017-12-28,24.99,25.27,24.93,25.02,3654633.0,29684228.0
2017-12-29,25.27,25.27,24.8,25.05,2618700.0,21225591.0
2018-01-02,25.08,25.64,25.05,25.48,4256600.0,34953774.0
2018-01-03,25.64,26.25,25.36,25.73,9222300.0,77261577.0
2018-01-04,25.67,26.13,25.51,25.57,4860332.0,40549711.0
2018-01-05,25.51,25.79,25.39,25.45,2838477.0,23442477.0
2018-01-08,25.33,25.73,25.14,25.64,3476604.0,28489206.0
2018-01-09,25.64,26.25,25.33,26.01,10087078.0,84831590.0
2018-01-10,25.79,25.98,25.48,25.7,5807585.0,48418350.0
2018-01-11,25.57,26.07,25.27,25.82,5286463.0,43999178.0
2018-01-12,25.76,26.13,25.57,25.98,5990803.0,50331568.0
2018-01-15,25.73,25.95,25.27,25.39,4427720.0,36714279.0
2018-01-16,25.33,25.57,25.33,25.39,2831703.0,23302692.0
2018-01-17,25.51,25.51,24.77,25.27,3472900.0,28286228.0
2018-01-18,25.23,25.42,24.93,25.11,4373100.0,35651725.0
2018-01-19,25.11,25.27,24.9,24.96,5416803.0,44019989.0
2018-01-22,24.96,25.33,24.74,25.14,3651933.0,29679503.0
2018-01-23,25.17,25.98,24.9,25.54,8926824.0,73564102.0
2018-01-24,25.33,25.85,25.14,25.61,5975606.0,49317416.0
2018-01-25,25.57,25.64,25.3,25.39,4806400.0,39666748.0
2018-01-26,25.33,25.48,25.02,25.33,5620940.0,45956124.0
2018-01-29,25.17,25.64,25.08,25.3,5646100.0,46329989.0
2018-01-30,25.36,25.45,25.11,25.27,3187700.0,26082476.0
2018-01-31,25.27,25.27,24.4,24.4,6691200.0,53608549.0
2018-02-01,24.28,24.49,23.51,23.6,6565500.0,51053868.0
2018-02-02,23.48,23.51,21.25,23.32,5767558.0,42469524.0
2018-02-05,22.58,23.78,22.55,23.32,2394899.0,18090891.0
2018-02-06,23.14,23.23,21.0,22.64,9008506.0,64158746.0
2018-02-07,22.64,22.83,21.93,22.67,7416422.0,53826444.0
2018-02-08,22.3,22.76,22.3,22.7,2890700.0,21183468.0
2018-02-09,22.05,22.55,21.56,22.55,5388007.0,38574002.0
2018-02-12,22.52,23.14,22.39,22.7,3322900.0,24496089.0
2018-02-13,23.01,23.23,22.18,22.7,4180600.0,30569697.0
2018-02-14,22.73,22.86,22.43,22.76,2059258.0,15130169.0
2018-02-22,22.83,23.29,22.83,22.98,2014958.0,15005776.0
2018-02-23,23.04,23.04,22.8,23.01,1951003.0,14499280.0
2018-02-26,23.1,23.48,22.86,23.2,6712129.0,50219707.0
2018-02-27,23.32,23.35,23.1,23.26,3856091.0,28998203.0
2018-02-28,23.17,23.17,22.86,22.95,3800395.0,28276053.0
2018-03-01,22.92,23.23,22.73,23.1,3617685.0,27011295.0
2018-03-02,23.04,23.78,22.98,23.26,4737168.0,35912559.0
2018-03-05,23.2,23.41,23.01,23.17,2572304.0,19293422.0
2018-03-06,23.23,23.75,23.23,23.54,4969391.0,37773095.0
2018-03-07,23.35,23.84,22.92,23.41,9005500.0,68040664.0
2018-03-08,23.14,24.28,23.14,23.66,13409205.0,103425960.0
2018-03-09,23.69,23.94,23.54,23.72,6253400.0,48075205.0
2018-03-12,23.91,24.15,23.66,24.03,6472645.0,50189154.0
2018-03-13,23.94,24.96,23.88,24.59,12437813.0,98587153.0
2018-03-14,24.62,25.08,24.25,24.31,9531806.0,75987534.0
2018-03-15,24.49,26.25,24.49,25.23,14979909.0,122793595.0
2018-03-16,24.9,25.42,24.65,25.17,9518523.0,77273994.0
2018-03-19,25.02,25.36,25.02,25.11,6015159.0,49007563.0
2018-03-20,25.02,25.02,24.43,24.49,6086500.0,48473545.0
2018-03-21,24.49,24.77,24.0,24.12,5030600.0,39704129.0
2018-03-22,24.12,24.25,23.63,23.75,5198603.0,40233321.0
2018-03-23,22.98,22.98,22.45,22.7,7265968.0,53404625.0
2018-03-26,22.49,23.17,21.81,23.14,4207704.0,30911460.0
2018-03-27,23.17,23.63,23.17,23.6,3241100.0,24643339.0
2018-03-28,23.48,23.63,23.17,23.38,2178600.0,16513388.0
2018-03-29,23.48,23.6,23.23,23.44,2458100.0,18595332.0
2018-03-30,23.44,23.57,23.35,23.44,2664900.0,20233380.0
2018-04-02,23.26,23.51,22.8,23.04,5482748.0,41207285.0
2018-04-03,22.73,23.04,22.64,22.8,2793842.0,20635858.0
2018-04-04,22.86,23.04,22.73,22.83,2917603.0,21566747.0
2018-04-09,22.8,23.35,22.43,23.32,3950157.0,29469956.0
2018-04-10,23.48,24.0,23.29,23.48,5960200.0,45596134.0
2018-04-11,23.63,23.75,23.23,23.26,4839300.0,36653525.0
2018-04-12,23.48,23.6,23.07,23.1,6871500.0,51892650.0
2018-04-13,23.23,23.35,22.8,22.89,2461727.0,18335354.0
2018-04-16,22.86,23.29,22.55,22.8,5934995.0,44007811.0
2018-04-17,22.89,23.1,22.24,22.73,2535708.0,18620113.0
2018-04-18,22.7,22.83,22.36,22.73,2378600.0,17401736.0
2018-04-19,22.73,22.98,22.43,22.7,8939829.0,65820209.0
2018-04-20,22.45,22.45,20.45,20.82,20718317.0,142258946.0
2018-04-23,19.77,20.26,18.96,20.08,12080140.0,77291860.0
2018-04-24,20.08,20.11,19.55,20.08,5574933.0,35954114.0
2018-04-25,19.98,20.05,19.71,20.05,5010988.0,32215761.0
2018-04-26,20.05,21.28,20.05,20.63,9066372.0,60968921.0
2018-04-27,20.79,21.16,20.66,20.85,4383500.0,29600522.0
2018-05-02,20.82,21.96,20.73,21.37,5926931.0,41121412.0
2018-05-03,21.37,21.53,21.0,21.37,3196256.0,21977473.0
2018-05-04,21.16,21.56,21.16,21.28,2067200.0,14292760.0
2018-05-07,21.28,21.56,21.0,21.47,4515159.0,31371831.0
2018-05-08,21.68,21.68,21.37,21.44,1900700.0,13207794.0
2018-05-09,21.37,21.53,21.25,21.5,2522033.0,17473631.0
2018-05-10,21.5,21.62,21.34,21.37,1836000.0,12742945.0
2018-05-11,21.37,21.44,20.85,20.85,4784500.0,32693583.0
2018-05-14,20.91,21.31,20.91,21.13,2632708.0,18003365.0
2018-05-15,21.16,21.22,20.85,21.04,2111800.0,14359078.0
2018-05-16,20.88,21.1,20.42,20.57,3896000.0,26175444.0
2018-05-17,20.45,20.73,20.05,20.23,3971815.0,26065785.0
2018-05-18,20.2,21.19,19.98,20.94,5508912.0,37030874.0
2018-05-21,21.07,22.55,21.07,22.12,11520399.0,81188166.0
2018-05-22,21.71,22.05,21.53,21.68,7389838.0,51980443.0
2018-05-23,21.71,21.78,21.31,21.31,3667603.0,25434308.0
2018-05-24,21.5,21.5,21.1,21.28,3735800.0,25751240.0
2018-05-25,21.44,21.56,21.19,21.37,3859800.0,26809689.0
2018-05-28,21.34,22.05,21.28,21.81,7302243.0,51507164.0
2018-05-29,21.65,22.02,21.62,21.78,4287800.0,30274647.0
2018-05-30,21.53,21.9,21.16,21.47,5987989.0,41498272.0
2018-05-31,21.47,21.75,21.34,21.65,4234433.0,29583364.0
2018-06-01,21.56,21.71,21.37,21.68,4279083.0,29940801.0
2018-06-04,21.81,21.93,21.47,21.47,3409903.0,23882903.0
2018-06-05,21.59,21.87,21.16,21.53,5235461.0,36240721.0
2018-06-06,21.41,21.56,21.31,21.5,3206200.0,22264949.0
2018-06-07,21.65,21.81,20.94,21.0,6371700.0,43930254.0
2018-06-08,20.94,20.97,20.57,20.88,5062600.0,34154501.0
2018-06-11,20.76,21.0,20.7,20.91,4467106.0,30173426.0
2018-06-12,21.16,21.16,20.7,20.76,6186200.0,41723949.0
2018-06-13,20.79,20.88,20.45,20.79,6787501.0,45333529.0
2018-06-14,20.57,20.79,20.42,20.57,5757500.0,38290076.0
2018-06-15,20.66,20.73,19.64,20.45,7215068.0,47487417.0
2018-06-19,20.36,20.39,18.84,20.08,8485408.0,53752038.0
2018-06-20,19.92,20.23,19.64,20.08,3563521.0,23005329.0
2018-06-21,20.05,20.05,19.15,19.8,6855800.0,43500635.0
2018-06-22,19.55,19.61,19.09,19.58,8162668.0,51307154.0
2018-06-25,19.68,19.83,19.24,19.46,3946257.0,24782342.0
2018-06-26,19.37,19.55,19.0,19.52,7434900.0,46351936.0
2018-06-27,19.46,19.55,19.3,19.49,4189977.0,26416740.0
2018-06-28,19.49,19.68,19.4,19.46,1985810.0,12536402.0
2018-06-29,19.52,19.95,19.37,19.89,4213401.0,26901025.0
2018-07-02,19.77,19.92,19.58,19.64,1547103.0,9861882.0
2018-07-03,19.61,19.74,19.37,19.74,3467568.0,21988184.0
2018-07-04,19.74,19.74,19.3,19.49,4176200.0,26372830.0
2018-07-05,19.3,19.46,18.87,19.06,5900603.0,36412855.0
2018-07-06,20.97,20.97,19.27,19.64,18796329.0,123668199.0
2018-07-09,18.53,20.08,17.67,18.96,19650962.0,115890696.0
2018-07-10,18.32,18.81,18.16,18.5,6860700.0,40970872.0
2018-07-11,18.41,18.59,17.91,18.59,7747900.0,45351178.0
2018-07-12,18.47,18.78,18.38,18.66,6906767.0,41596989.0
2018-07-13,18.59,18.72,18.35,18.5,3382764.0,20233657.0
2018-07-16,18.5,18.5,18.22,18.22,3278300.0,19455869.0
2018-07-17,18.22,18.29,17.73,18.1,8330815.0,48398314.0
2018-07-18,18.04,18.04,17.79,17.95,3124488.0,18107883.0
2018-07-19,18.01,18.07,17.79,17.95,2891278.0,16796580.0
2018-07-20,17.76,18.07,17.7,18.07,2875000.0,16675895.0
2018-07-23,18.07,18.56,18.07,18.53,7807503.0,46258294.0
2018-07-24,18.93,18.93,18.29,18.44,7890600.0,47217734.0
2018-07-25,18.41,18.44,18.04,18.22,8744900.0,51489316.0
2018-07-26,18.16,18.32,17.98,18.29,6789670.0,39887746.0
2018-07-27,18.22,18.25,18.07,18.22,3384189.0,19905682.0
2018-07-30,18.16,18.16,17.76,18.01,4969984.0,28847783.0
2018-07-31,17.95,18.29,17.82,18.25,9712600.0,56981751.0
2018-08-01,18.01,18.16,17.85,18.07,5415700.0,31490389.0
2018-08-02,17.88,17.88,17.51,17.88,5819479.0,33353701.0
2018-08-03,17.79,17.88,17.67,17.85,2313500.0,13319287.0
2018-08-06,17.85,17.85,17.51,17.85,2793699.0,16005589.0
2018-08-07,17.82,18.07,17.7,18.07,4235814.0,24570888.0
2018-08-08,17.98,18.19,17.79,18.04,3670499.0,21399418.0
2018-08-09,17.98,18.38,17.91,18.19,7020488.0,41219141.0
2018-08-10,18.07,18.22,17.98,18.07,2756000.0,16131630.0
2018-08-13,17.91,18.04,17.76,18.04,2404243.0,13934520.0
2018-08-14,17.95,18.1,17.91,18.04,2036700.0,11886058.0
2018-08-15,17.98,18.04,17.79,17.95,1783400.0,10333449.0
2018-08-16,17.88,17.91,17.7,17.85,4291900.0,24723252.0
2018-08-17,17.85,17.88,17.57,17.57,2279900.0,13049614.0
2018-08-20,17.54,17.82,17.17,17.7,3407308.0,19238727.0
2018-08-21,17.7,18.01,17.7,17.91,2835700.0,16435413.0
2018-08-22,18.1,18.16,17.85,18.04,2239021.0,13023598.0
2018-08-23,17.91,18.01,17.73,17.91,3143700.0,18179499.0
2018-08-24,17.98,18.13,17.82,18.07,3572962.0,20843928.0
2018-08-27,18.04,18.47,17.98,18.29,3974155.0,23416980.0
2018-08-28,18.22,18.41,18.01,18.38,3328811.0,19696083.0
2018-08-29,18.32,18.53,18.22,18.38,2362399.0,14049672.0
2018-08-30,18.29,18.47,18.19,18.22,1700752.0,10085171.0
2018-08-31,18.25,18.29,17.95,18.04,1736600.0,10156184.0
2018-09-03,17.91,18.07,17.73,18.07,2124600.0,12295139.0
2018-09-04,18.04,18.1,17.91,18.1,1455000.0,8494579.0
2018-09-05,18.04,18.69,17.98,18.16,5356578.0,31884405.0
2018-09-06,18.16,18.38,18.01,18.07,2648152.0,15530679.0
2018-09-07,17.98,18.1,17.91,18.04,1793400.0,10479535.0
2018-09-10,17.98,18.13,17.82,18.01,1460520.0,8486800.0
2018-09-11,17.98,18.13,17.91,18.13,1268800.0,7402618.0
2018-09-12,18.1,18.13,17.98,18.07,1731300.0,10129761.0
2018-09-13,18.07,18.32,18.07,18.22,1953000.0,11475247.0
2018-09-14,18.19,18.25,18.04,18.1,1434700.0,8412201.0
2018-09-17,18.07,18.13,17.79,17.91,1135300.0,6582303.0
2018-09-18,17.91,18.07,17.82,17.98,1394220.0,8098774.0
2018-09-19,17.91,18.1,17.82,18.01,2447203.0,14228700.0
2018-09-20,17.98,18.16,17.95,18.04,2031800.0,11876611.0
2018-09-21,18.01,18.25,17.98,18.19,3655800.0,21473458.0
2018-09-25,18.16,18.16,17.73,17.82,4144000.0,24005366.0
2018-09-26,17.79,17.88,17.64,17.82,3964287.0,22809078.0
2018-09-27,17.82,18.07,17.61,18.04,3359079.0,19369916.0
2018-09-28,17.95,18.1,17.85,18.1,3034500.0,17659393.0
2018-10-08,17.98,17.98,17.67,17.88,2088400.0,12039155.0
2018-10-09,17.79,17.91,17.67,17.82,1486000.0,8558519.0
2018-10-10,17.82,17.95,17.7,17.85,1078400.0,6215641.0
2018-10-11,17.67,17.76,16.28,17.14,8930600.0,49476178.0
2018-10-12,16.77,17.14,16.28,17.14,3877044.0,21086732.0
2018-10-15,17.3,17.3,16.9,17.14,1565200.0,8662201.0
2018-10-16,17.05,17.17,16.77,17.02,2008600.0,11021124.0
2018-10-17,17.02,17.02,16.8,16.9,1475900.0,8086911.0
2018-10-18,16.83,16.99,16.49,16.52,1881300.0,10150672.0
2018-10-19,16.37,16.62,16.03,16.59,1843000.0,9771408.0
2018-10-22,16.59,17.51,16.52,17.17,7399400.0,41159142.0
2018-10-23,17.14,17.27,16.52,16.56,3436693.0,18719001.0
2018-10-24,16.56,16.96,16.4,16.77,5169299.0,28017531.0
2018-10-25,16.4,17.33,16.15,16.96,11745560.0,64138751.0
2018-10-26,17.17,17.91,16.9,17.2,11957871.0,67048489.0
2018-10-29,16.96,17.2,16.65,16.96,5228560.0,28755541.0
2018-10-30,16.86,17.11,16.68,16.9,3760700.0,20546388.0
2018-10-31,16.86,17.02,16.59,16.9,4378400.0,23887783.0
2018-11-01,16.9,16.99,16.83,16.93,2358400.0,12923104.0
2018-11-02,16.99,17.23,16.93,17.05,5016700.0,27774323.0
2018-11-05,16.99,17.17,16.77,16.99,6913429.0,37848906.0
2018-11-06,16.9,16.93,16.68,16.77,2113800.0,11479537.0
2018-11-07,16.77,16.93,16.74,16.83,2402200.0,13104551.0
2018-11-08,16.83,16.99,16.83,16.96,1926500.0,10556459.0
2018-11-09,16.96,17.36,16.83,17.14,7996544.0,44521437.0
2018-11-12,16.99,17.51,16.99,17.3,7593908.0,42510295.0
2018-11-13,17.14,17.64,17.11,17.54,11456647.0,64763069.0
