2012-07-03,19.19,23.03,18.83,23.03,18700576.0,375129920.0
2012-07-04,21.5,25.33,21.5,25.33,13748880.0,330312448.0
2012-07-05,25.85,27.86,24.88,27.86,15254728.0,405150272.0
2012-07-06,27.86,29.1,26.5,27.2,12506837.0,349032448.0
2012-07-09,26.75,29.44,25.05,28.25,12423433.0,336868864.0
2012-07-10,27.0,28.05,25.43,25.43,8817482.0,236367488.0
2012-07-11,24.2,24.2,22.89,23.11,8469908.0,198342528.0
2012-07-12,23.0,25.05,22.5,24.44,9279342.0,219969056.0
2012-07-13,23.51,24.28,22.02,22.09,8253351.0,191322960.0
2012-07-16,22.0,22.0,20.15,20.39,6195269.0,128663080.0
2012-07-17,20.39,21.02,20.2,20.79,4125607.0,85244528.0
2012-07-18,20.59,20.84,19.51,20.64,4830397.0,97594800.0
2012-07-19,20.5,22.18,20.16,21.53,6863916.0,147000384.0
2012-07-20,21.13,21.85,20.91,21.13,4684227.0,99893832.0
2012-07-23,20.88,22.18,19.89,21.95,7133956.0,151114112.0
2012-07-24,21.8,22.7,21.61,22.54,7082158.0,157241248.0
2012-07-25,22.08,23.61,22.0,22.48,7287368.0,167138656.0
2012-07-26,22.0,22.76,21.52,21.71,5092952.0,112183728.0
2012-07-27,21.78,22.84,21.49,21.54,4439296.0,98172928.0
2012-07-30,20.66,20.99,19.39,19.39,4495707.0,90196632.0
2012-07-31,18.88,19.22,17.5,17.8,4431060.0,80404080.0
2012-08-01,17.5,18.35,17.5,18.0,3074296.0,55542764.0
2012-08-02,17.8,18.28,17.6,18.22,2749669.0,49494308.0
2012-08-03,18.1,18.8,18.08,18.61,3119420.0,57574460.0
2012-08-06,18.42,19.28,18.35,19.14,3442974.0,64973772.0
2012-08-07,19.0,19.28,18.63,18.72,3225750.0,60884608.0
2012-08-08,18.72,19.2,18.24,18.55,3082400.0,57771440.0
2012-08-09,18.65,19.53,18.33,19.34,4165253.0,78954256.0
2012-08-10,19.21,19.47,18.7,18.75,2731751.0,51730604.0
2012-08-13,18.75,18.75,18.21,18.24,1953032.0,35841500.0
2012-08-14,18.16,18.38,17.63,18.2,1997260.0,35875584.0
2012-08-15,18.2,18.2,17.68,17.71,1395600.0,24983524.0
2012-08-16,17.56,18.1,17.55,17.77,1496648.0,26627626.0
2012-08-17,17.78,17.93,17.48,17.75,1435933.0,25347242.0
2012-08-20,17.67,17.67,17.04,17.52,1596949.0,27639258.0
2012-08-21,17.52,18.15,17.36,18.12,2218157.0,39518184.0
2012-08-22,18.02,18.19,17.83,17.95,1822834.0,32840844.0
2012-08-23,17.95,18.5,17.72,18.4,1855240.0,33770880.0
2012-08-24,18.29,18.29,16.92,16.94,2513388.0,43937548.0
2012-08-27,16.6,16.7,15.96,16.02,1643004.0,26821954.0
2012-08-28,16.02,16.9,16.02,16.61,1722236.0,28525956.0
2012-08-29,16.71,17.18,16.38,16.4,2066820.0,34773236.0
2012-08-30,16.34,17.09,16.08,17.09,2363322.0,39211872.0
2012-08-31,17.0,17.27,16.75,16.79,1425764.0,24165872.0
2012-09-03,16.67,17.25,16.4,17.09,1737483.0,29372452.0
2012-09-04,17.1,17.18,16.55,16.77,1552653.0,26177062.0
2012-09-05,16.69,17.06,16.55,16.79,1149848.0,19337116.0
2012-09-06,16.78,17.5,16.78,17.46,3067159.0,52966616.0
2012-09-07,17.48,18.35,17.48,18.1,3838323.0,68723592.0
2012-09-10,18.28,18.48,18.01,18.23,2860660.0,52153164.0
2012-09-11,18.1,18.1,17.69,18.0,1974817.0,35331656.0
2012-09-12,18.0,18.5,18.0,18.33,2087079.0,38037612.0
2012-09-13,18.3,18.33,17.82,17.82,1574834.0,28375902.0
2012-09-14,17.91,18.12,17.32,17.55,1505659.0,26597400.0
2012-09-17,17.6,17.6,16.82,16.95,947164.0,16393160.0
2012-09-18,16.92,17.14,16.65,16.7,625162.0,10532321.0
2012-09-19,16.77,16.96,16.52,16.92,841827.0,14117054.0
2012-09-20,16.9,16.9,15.83,15.96,1284115.0,20905012.0
2012-09-21,15.9,16.1,15.61,15.67,880783.0,14044010.0
2012-09-24,15.59,15.73,15.13,15.59,875944.0,13511916.0
2012-09-25,15.58,15.66,15.19,15.22,719862.0,11082044.0
2012-09-26,15.48,16.74,15.29,16.74,3179089.0,52546004.0
2012-09-27,16.93,17.96,16.22,17.62,5693420.0,96251600.0
2012-09-28,16.99,17.29,16.8,17.28,3285058.0,55970728.0
2012-10-08,17.07,17.55,16.88,17.07,1850225.0,31726220.0
2012-10-09,17.03,17.58,17.03,17.5,2809209.0,48720296.0
2012-10-10,17.43,17.45,17.11,17.43,2110486.0,36442848.0
2012-10-11,17.33,17.37,16.7,16.7,1812371.0,30863618.0
2012-10-12,16.72,16.92,16.1,16.29,1645183.0,26951226.0
2012-10-15,16.25,16.57,16.05,16.53,1101744.0,17990396.0
2012-10-16,16.4,18.18,16.4,18.18,4161410.0,74033520.0
2012-10-17,18.5,19.42,18.02,18.05,7704928.0,143522992.0
2012-10-18,17.52,18.48,17.52,18.16,4198245.0,75988616.0
2012-10-19,18.0,19.15,18.0,18.94,5272563.0,98188728.0
2012-10-22,18.6,19.68,18.52,19.01,4652153.0,88820256.0
2012-10-23,18.7,19.35,18.23,18.28,3162490.0,59123152.0
2012-10-24,17.96,18.58,17.9,18.2,1781047.0,32528836.0
2012-10-25,18.14,18.36,17.31,17.47,1819879.0,32549912.0
2012-10-26,17.41,19.22,17.4,18.62,6689237.0,125957728.0
2012-10-29,18.2,20.4,18.16,19.85,7328685.0,143323536.0
2012-10-30,19.88,20.08,19.21,20.0,5147759.0,101017560.0
2012-10-31,19.75,21.46,19.45,20.69,6704426.0,137721584.0
2012-11-01,20.35,21.34,20.35,20.57,4947988.0,102137024.0
2012-11-02,20.39,20.87,19.81,19.96,4710988.0,95188104.0
2012-11-05,19.7,21.96,19.52,21.96,6945103.0,144512448.0
2012-11-06,21.7,22.46,21.32,21.68,6819333.0,149176768.0
2012-11-07,21.48,21.67,20.8,21.16,3717813.0,78740104.0
2012-11-08,21.0,23.1,20.75,21.3,6434800.0,141649808.0
2012-11-09,20.94,22.75,20.8,21.97,4809298.0,105210152.0
2012-11-12,21.69,22.25,21.2,21.78,3088572.0,66832072.0
2012-11-13,21.46,21.77,19.6,19.6,4532760.0,92148552.0
2012-11-14,19.42,20.55,19.4,20.3,3258400.0,65630548.0
2012-11-15,20.15,20.15,18.53,18.92,4086713.0,78702512.0
2012-11-16,18.8,19.26,18.53,18.95,2036583.0,38527384.0
2012-11-19,19.19,20.5,19.08,20.24,3881627.0,77268144.0
2012-11-20,20.27,21.2,19.83,20.5,3347231.0,68924480.0
2012-11-21,20.3,21.56,19.72,21.35,3795340.0,77854176.0
2012-11-22,21.02,21.65,20.85,21.07,3214062.0,68078496.0
2012-11-23,21.18,21.3,20.72,20.92,1946037.0,40861368.0
2012-11-26,20.6,20.84,19.87,19.9,1881172.0,38114472.0
2012-11-27,19.59,19.86,18.73,18.96,2117190.0,40310396.0
2012-11-28,18.85,19.6,18.76,19.36,2112925.0,40714536.0
2012-11-29,19.08,19.55,17.42,17.43,3002881.0,55229928.0
2012-11-30,17.0,17.79,17.0,17.72,2118475.0,36916488.0
2012-12-03,17.64,17.97,16.95,17.03,1820662.0,31776712.0
2012-12-04,17.04,17.35,16.31,17.25,1916270.0,32211176.0
2012-12-05,17.03,18.4,17.0,17.9,2747186.0,49111060.0
2012-12-06,17.8,18.38,17.77,18.07,1792120.0,32468382.0
2012-12-07,18.25,18.55,17.78,18.38,2465317.0,44944080.0
2012-12-10,18.39,19.49,18.08,19.21,3143138.0,59277184.0
2012-12-11,19.08,19.19,18.65,18.68,1778509.0,33558476.0
2012-12-12,18.68,19.11,18.6,19.05,2021097.0,38242908.0
2012-12-13,19.06,19.87,18.92,19.02,2542848.0,49197672.0
2012-12-14,18.99,19.83,18.88,19.56,2735605.0,53419504.0
2012-12-17,19.6,20.51,19.59,19.81,2600326.0,52132612.0
2012-12-18,19.79,19.88,19.2,19.38,1777447.0,34760012.0
2012-12-19,19.17,20.18,19.14,19.89,1769154.0,34893900.0
2012-12-20,19.83,21.3,19.5,20.34,3189200.0,65171968.0
2012-12-21,20.35,21.6,20.02,21.27,5305727.0,111287296.0
2012-12-24,21.5,22.1,21.21,21.55,4135754.0,89144000.0
2012-12-25,21.2,22.52,21.1,22.32,4776614.0,104556384.0
2012-12-26,22.3,23.87,22.1,23.54,5044268.0,116660744.0
2012-12-27,23.75,24.23,21.8,21.81,5798521.0,130615920.0
2012-12-28,21.58,22.67,21.58,21.98,4180851.0,92367840.0
2012-12-31,21.98,22.09,21.3,21.93,2796417.0,60648436.0
2013-01-04,21.96,22.44,21.52,22.15,3232116.0,71287288.0
2013-01-07,22.1,22.1,21.43,21.88,2370822.0,51477032.0
2013-01-08,21.75,22.9,21.58,22.52,3851674.0,86401032.0
2013-01-09,22.47,22.47,21.45,21.7,3041229.0,66453684.0
2013-01-10,21.6,21.95,21.35,21.48,2017353.0,43606048.0
2013-01-11,21.6,22.08,21.47,21.78,2584523.0,56358364.0
2013-01-14,21.9,23.19,21.76,22.98,4838690.0,109939448.0
2013-01-15,23.16,23.16,22.67,22.78,3516532.0,80242952.0
2013-01-16,22.81,22.83,21.9,22.35,2784997.0,62232344.0
2013-01-17,22.25,22.5,22.05,22.3,2101496.0,46852204.0
2013-01-18,22.48,22.59,22.03,22.32,1441608.0,32147144.0
2013-01-21,22.32,23.34,22.16,23.08,3445875.0,78803576.0
2013-01-22,23.07,23.07,21.0,21.42,3922061.0,86257064.0
2013-01-23,21.29,21.4,20.81,21.32,1414236.0,29819282.0
2013-01-24,21.32,21.68,20.51,20.68,1772539.0,37523464.0
2013-01-25,20.67,20.89,20.49,20.55,828616.0,17148216.0
2013-01-28,20.55,21.39,20.55,21.18,1062137.0,22362268.0
2013-01-29,21.2,21.48,21.01,21.37,1008560.0,21510408.0
2013-01-30,21.34,21.55,20.93,21.06,1057936.0,22386978.0
2013-01-31,21.12,21.12,20.6,20.87,816720.0,16956062.0
2013-02-01,20.8,21.48,20.65,21.35,1229482.0,26062818.0
2013-02-04,21.35,21.39,20.72,20.75,1087223.0,22737926.0
2013-02-05,20.65,20.98,20.5,20.97,855390.0,17832604.0
2013-02-06,20.97,21.1,20.81,20.92,600228.0,12553221.0
2013-02-07,20.92,21.15,20.77,20.97,694314.0,14536076.0
2013-02-08,21.09,21.68,21.02,21.3,1300670.0,27846296.0
2013-02-18,21.5,21.84,21.18,21.73,1382893.0,29878056.0
2013-02-19,21.87,22.35,21.52,21.6,1904674.0,41728136.0
2013-02-20,21.51,21.98,21.2,21.98,1265120.0,27436128.0
2013-02-21,21.77,21.9,21.28,21.51,1102720.0,23815248.0
2013-02-22,21.45,21.85,21.29,21.45,770211.0,16640927.0
2013-02-25,21.7,21.7,20.87,21.08,1197563.0,25287624.0
2013-02-26,21.27,21.67,20.8,20.91,909902.0,19358098.0
2013-02-27,20.8,21.37,20.8,20.96,706908.0,14881693.0
2013-02-28,20.98,21.46,20.86,21.35,1057821.0,22526014.0
2013-03-01,21.39,21.86,21.32,21.72,1278919.0,27626688.0
2013-03-04,21.67,21.67,20.61,20.81,1121195.0,23687838.0
2013-03-05,21.14,21.14,20.67,20.99,806504.0,16879806.0
2013-03-06,21.03,21.67,21.03,21.67,1530806.0,32945302.0
2013-03-07,21.67,22.16,21.48,21.89,1707109.0,37235964.0
2013-03-08,21.91,22.27,21.43,21.45,1376620.0,30019682.0
2013-03-11,21.44,21.89,21.06,21.2,732909.0,15565459.0
2013-03-12,21.45,21.5,20.08,20.29,1216172.0,24992368.0
2013-03-13,20.4,20.4,19.06,19.67,895245.0,17584334.0
2013-03-14,19.7,19.91,19.52,19.65,428401.0,8433146.0
2013-03-15,19.6,19.91,19.39,19.58,509338.0,10020452.0
2013-03-18,19.5,19.65,19.05,19.05,553768.0,10730466.0
2013-03-19,19.4,19.47,19.07,19.47,503641.0,9701238.0
2013-03-20,19.5,19.94,19.5,19.93,637942.0,12599248.0
2013-03-21,20.1,20.38,19.9,20.13,793410.0,15984492.0
2013-03-22,20.2,20.26,19.85,20.09,523979.0,10486595.0
2013-03-25,20.06,20.24,19.71,19.8,471240.0,9353166.0
2013-03-26,19.8,19.88,19.2,19.47,512980.0,9972645.0
2013-03-27,19.46,19.74,19.31,19.45,366496.0,7150685.0
2013-03-28,19.1,19.28,19.01,19.15,530290.0,10140528.0
2013-03-29,19.15,19.33,19.08,19.13,311139.0,5968736.0
2013-04-01,19.1,19.88,19.1,19.7,497720.0,9771514.0
2013-04-02,19.88,19.88,19.35,19.36,483164.0,9489004.0
2013-04-03,19.21,19.51,19.21,19.32,345892.0,6688092.0
2013-04-08,19.02,19.75,18.81,19.75,574172.0,11220664.0
2013-04-09,19.7,20.04,19.62,19.81,576421.0,11465296.0
2013-04-10,19.8,19.89,19.38,19.6,343969.0,6740663.0
2013-04-11,19.47,19.78,19.44,19.45,379823.0,7448203.0
2013-04-12,19.43,19.58,19.27,19.32,358328.0,6934532.0
2013-04-15,19.31,19.63,18.66,18.68,478807.0,9015449.0
2013-04-16,18.75,18.75,18.35,18.69,423971.0,7841100.0
2013-04-17,18.51,18.85,18.51,18.78,238379.0,4451109.0
2013-04-18,18.62,19.19,18.47,19.1,410362.0,7778477.0
2013-04-19,19.2,19.75,19.02,19.58,584924.0,11417740.0
2013-04-22,19.51,20.15,19.38,20.15,800088.0,15855754.0
2013-04-23,20.0,20.06,19.41,19.48,695014.0,13688585.0
2013-04-24,19.48,19.99,19.35,19.96,746917.0,14719555.0
2013-04-25,19.76,20.1,19.6,19.6,703322.0,13945141.0
2013-04-26,19.62,19.75,19.02,19.02,489620.0,9420854.0
2013-05-02,19.0,19.0,18.72,18.78,337553.0,6363231.0
2013-05-03,18.8,19.35,18.8,19.23,380720.0,7324455.0
2013-05-06,19.49,19.74,19.26,19.62,410771.0,8035246.0
2013-05-07,19.77,19.77,19.5,19.69,440512.0,8648570.0
2013-05-08,19.68,19.9,19.58,19.8,592361.0,11695299.0
2013-05-09,19.88,20.45,19.66,20.38,1425462.0,28662026.0
2013-05-10,20.36,20.8,20.16,20.73,1444247.0,29745586.0
2013-05-13,20.6,20.94,20.47,20.5,1035983.0,21394832.0
2013-05-14,20.45,20.6,19.85,20.25,781809.0,15866405.0
2013-05-15,20.25,20.88,20.16,20.85,939705.0,19423020.0
2013-05-16,20.88,21.06,20.4,20.52,1377382.0,28558404.0
2013-05-17,20.55,20.87,20.45,20.79,1059971.0,21956328.0
2013-05-20,21.39,21.85,21.01,21.67,2213611.0,47367000.0
2013-05-21,21.57,22.48,21.4,22.36,2265194.0,49852856.0
2013-05-22,22.49,22.84,22.08,22.38,2995101.0,67065800.0
2013-05-23,22.4,23.49,22.1,23.0,3626281.0,83215832.0
2013-05-24,22.9,23.28,22.8,22.99,2354569.0,54210996.0
2013-05-27,22.98,23.37,22.72,22.88,3062456.0,70541248.0
2013-05-28,22.89,23.42,22.32,22.95,2932627.0,44278104.0
2013-05-29,22.95,23.73,22.91,23.36,3888343.0,59594044.0
2013-05-30,23.23,25.36,23.09,24.62,8208053.0,129699144.0
2013-05-31,24.09,25.01,23.73,24.57,5000575.0,80918584.0
2013-06-03,24.48,24.96,24.18,24.38,4780498.0,77779768.0
2013-06-04,24.41,24.45,23.32,23.42,2897023.0,45629496.0
2013-06-05,23.42,23.82,22.4,22.85,3333457.0,50324428.0
2013-06-06,22.82,22.82,21.64,21.7,1987239.0,29047850.0
2013-06-07,21.61,22.15,21.49,21.73,1221985.0,17636836.0
2013-06-13,21.59,21.61,20.7,21.5,1929254.0,26767682.0
2013-06-14,21.53,22.06,21.25,21.93,1844825.0,26548500.0
2013-06-17,22.02,22.2,21.44,21.72,1554245.0,22446732.0
2013-06-18,21.69,22.43,21.19,22.41,3600339.0,52414392.0
2013-06-19,22.3,22.3,21.47,22.0,1345721.0,19439292.0
2013-06-20,21.75,21.75,21.02,21.1,1836496.0,25844900.0
2013-06-21,20.93,21.4,20.4,21.13,1311112.0,18208656.0
2013-06-24,21.87,21.87,19.01,19.84,1955039.0,26351942.0
2013-06-25,19.55,19.64,17.98,18.89,1565484.0,19525160.0
2013-06-26,19.1,19.27,18.56,19.12,1224706.0,15346129.0
2013-06-27,19.13,19.34,18.06,18.2,1693119.0,21093508.0
2013-06-28,17.94,18.33,17.64,17.91,1223844.0,14543529.0
2013-07-01,18.01,18.24,17.83,18.23,862033.0,10284163.0
2013-07-02,18.32,18.78,18.0,18.75,1657580.0,20173828.0
2013-07-03,18.72,18.98,18.06,18.32,1246576.0,15157165.0
2013-07-04,18.32,18.98,18.06,18.59,1455947.0,17911118.0
2013-07-05,18.62,19.33,18.47,18.5,1253070.0,15636731.0
2013-07-08,18.18,18.27,17.23,17.26,1366291.0,15955340.0
2013-07-09,17.11,17.45,17.11,17.39,599816.0,6863907.0
2013-07-10,17.41,18.29,17.41,18.16,984559.0,11677717.0
2013-07-11,18.16,18.89,18.16,18.54,1293599.0,15892401.0
2013-07-12,18.56,19.04,18.29,18.32,1266653.0,15613133.0
2013-07-15,18.44,18.96,18.3,18.86,1081842.0,13398256.0
2013-07-16,18.91,19.8,18.86,19.78,1932232.0,24783378.0
2013-07-17,19.49,20.22,19.36,19.95,1895628.0,24902708.0
2013-07-18,19.95,21.1,19.71,21.1,6325810.0,86567904.0
2013-07-19,20.93,20.93,19.8,19.83,3255138.0,44067876.0
2013-07-22,19.3,20.01,19.18,19.99,1407966.0,18333694.0
2013-07-23,20.33,20.33,19.93,20.19,1351489.0,18015588.0
2013-07-24,19.95,20.3,19.61,19.89,1823907.0,23941272.0
2013-07-25,19.83,20.16,19.43,19.45,1449977.0,19004610.0
2013-07-26,19.65,19.65,19.01,19.24,1006869.0,12789755.0
2013-07-29,19.09,19.12,18.6,18.74,1033017.0,12850745.0
2013-07-30,18.74,19.45,18.3,19.39,1185420.0,14952008.0
2013-07-31,19.21,19.74,19.21,19.27,996323.0,12826250.0
2013-08-01,19.27,19.74,19.15,19.6,1199470.0,15535908.0
2013-08-02,19.59,20.1,19.59,19.78,1452745.0,19115212.0
2013-08-05,19.77,20.39,19.65,20.39,1547449.0,20716810.0
2013-08-06,20.25,20.64,20.08,20.3,1508830.0,20228472.0
2013-08-07,20.3,20.51,19.89,19.93,1326949.0,17700896.0
2013-08-08,19.78,20.27,19.78,20.05,787252.0,10456082.0
2013-08-09,20.05,20.25,19.81,20.13,918658.0,12188568.0
2013-08-12,20.13,20.79,20.13,20.75,2034697.0,27621386.0
2013-08-13,20.82,20.9,20.49,20.63,1562019.0,21347846.0
2013-08-14,20.58,20.93,20.43,20.64,1472531.0,20148500.0
2013-08-15,20.72,20.93,20.61,20.64,1616356.0,22171662.0
2013-08-16,20.63,20.63,19.46,19.46,1933409.0,25687784.0
2013-08-19,19.1,19.72,19.07,19.69,1126205.0,14473371.0
2013-08-20,19.65,19.93,19.42,19.54,884665.0,11518220.0
2013-08-21,19.46,19.77,19.36,19.71,762622.0,9894914.0
2013-08-22,19.65,19.8,19.51,19.65,1017538.0,13223309.0
2013-08-23,19.65,19.86,19.19,19.37,1032428.0,13346744.0
2013-08-26,19.37,19.75,19.21,19.75,871610.0,11324530.0
2013-08-27,19.66,20.28,19.66,20.11,1361395.0,18082140.0
2013-08-28,19.98,20.08,19.74,19.78,1180506.0,15510131.0
2013-08-29,19.69,19.89,19.42,19.5,989837.0,12810548.0
2013-08-30,19.4,19.65,18.89,18.98,1171795.0,14946984.0
2013-09-02,18.98,19.49,18.8,19.37,705587.0,8955878.0
2013-09-03,20.4,20.4,19.63,19.89,1644962.0,21763622.0
2013-09-04,19.89,19.93,19.6,19.72,891707.0,11642481.0
2013-09-05,19.72,19.95,19.6,19.95,1106182.0,14528355.0
2013-09-06,19.95,20.04,19.86,20.02,985455.0,13012135.0
2013-09-09,20.04,20.37,19.96,20.07,1372715.0,18287610.0
2013-09-10,20.07,20.54,20.02,20.39,1675704.0,22565160.0
2013-09-11,20.37,20.42,19.66,19.95,1568900.0,20751374.0
2013-09-12,19.8,20.22,19.74,20.02,1146880.0,15197134.0
2013-09-13,20.17,20.52,19.84,20.37,1645122.0,22008356.0
2013-09-16,20.36,20.82,20.17,20.73,2362037.0,32138656.0
2013-09-17,20.75,20.75,19.9,19.99,1396590.0,18716062.0
2013-09-18,19.99,20.16,19.89,20.1,786784.0,10434804.0
2013-09-23,20.1,20.63,20.01,20.46,1466862.0,19739720.0
2013-09-24,20.48,22.35,20.34,21.76,4696912.0,66352256.0
2013-09-25,21.75,21.75,20.89,20.93,3387108.0,47686164.0
2013-09-26,20.95,21.73,20.67,21.44,3092267.0,43503440.0
2013-09-27,21.38,21.7,20.98,21.16,1517082.0,21407190.0
2013-09-30,21.16,21.46,20.58,20.75,1659433.0,22803120.0
2013-10-08,20.69,21.13,20.4,21.01,1482338.0,20330522.0
2013-10-09,20.82,21.69,20.78,21.57,2427907.0,34289972.0
2013-10-10,21.31,23.0,21.31,22.68,6659618.0,99030200.0
2013-10-11,23.27,23.29,22.38,22.64,3918349.0,58814456.0
2013-10-14,22.25,23.7,22.23,23.06,3381680.0,51730132.0
2013-10-15,22.89,23.3,22.67,23.02,2059037.0,31116996.0
2013-10-16,23.5,23.5,22.32,22.68,2209006.0,33217560.0
2013-10-17,23.2,23.2,22.29,22.34,2100914.0,31440228.0
2013-10-18,22.46,22.97,22.23,22.88,1558289.0,23444984.0
2013-10-21,22.94,23.32,22.79,23.29,2272793.0,34685028.0
2013-10-22,23.38,23.39,22.44,22.56,2126386.0,32230072.0
2013-10-23,22.37,22.65,21.47,22.64,2192854.0,32172350.0
2013-10-24,22.38,23.12,21.91,23.06,1765528.0,26508278.0
2013-10-25,22.97,23.51,22.67,23.08,1910560.0,29193380.0
2013-10-28,23.12,23.51,22.37,22.95,1556276.0,23650100.0
2013-10-29,22.8,23.05,21.61,22.67,2269720.0,33519022.0
2013-10-30,22.74,24.45,22.37,24.3,5764834.0,90238440.0
2013-10-31,23.85,24.3,23.57,23.73,3072603.0,48585568.0
2013-11-01,23.85,23.95,23.0,23.88,2120591.0,32948704.0
2013-11-04,23.62,24.3,23.62,24.19,2226775.0,35438560.0
2013-11-05,24.18,24.32,23.3,24.1,2265923.0,35816988.0
2013-11-06,24.0,24.3,23.54,23.71,2516637.0,39872312.0
2013-11-07,23.77,23.77,22.8,23.23,1885063.0,29040216.0
2013-11-08,23.05,23.42,22.68,23.11,1799977.0,27485718.0
2013-11-11,23.21,25.39,22.76,24.5,2284703.0,36069968.0
2013-11-12,24.19,24.42,23.88,24.04,2097137.0,33411186.0
2013-11-13,24.01,24.62,23.44,24.18,2120785.0,33917220.0
2013-11-14,24.1,25.81,24.1,25.49,5413762.0,90659656.0
2013-11-15,25.61,26.51,25.18,25.93,5263541.0,89922056.0
2013-11-18,25.69,26.73,25.68,26.11,4058770.0,70458352.0
2013-11-19,26.16,26.17,25.33,25.77,3139461.0,53495684.0
2013-11-20,25.8,27.11,25.69,26.82,3757247.0,65879224.0
2013-11-21,26.61,28.7,26.42,28.34,5296857.0,97008656.0
2013-11-22,28.23,28.41,27.17,27.96,3286409.0,60556636.0
2013-11-25,27.87,29.45,27.44,29.2,4687212.0,89677336.0
2013-11-26,29.3,29.62,28.71,29.42,4213491.0,81567072.0
2013-11-27,29.54,29.54,28.86,29.45,2774936.0,53648384.0
2013-11-28,29.32,29.47,27.96,28.7,4911219.0,93128744.0
2013-11-29,28.44,29.24,28.34,28.68,3358690.0,64046844.0
2013-12-09,26.31,28.27,26.3,27.31,4930649.0,88367736.0
2013-12-10,26.93,28.26,26.78,28.0,3166133.0,57853664.0
2013-12-11,27.66,28.08,26.72,27.25,2582488.0,46783904.0
2013-12-12,27.07,27.61,27.0,27.02,1599803.0,28796490.0
2013-12-13,26.72,27.43,26.45,27.2,1896976.0,33837312.0
2013-12-16,27.17,27.17,26.39,26.52,1769140.0,31323608.0
2013-12-17,26.49,27.93,25.78,27.02,2518949.0,44022748.0
2013-12-18,26.82,27.5,26.63,27.28,1326116.0,23729406.0
2013-12-19,27.35,27.46,25.74,25.92,1144517.0,20243050.0
2013-12-20,25.86,26.25,25.39,25.39,1552419.0,26430488.0
2013-12-23,25.36,25.39,24.34,24.86,1171685.0,19267522.0
2013-12-24,25.01,25.64,24.89,25.25,936112.0,15685565.0
2013-12-25,25.31,26.6,25.27,26.42,2309646.0,39915012.0
2013-12-26,26.49,26.72,25.69,25.71,1421112.0,24620732.0
2013-12-27,25.43,26.37,25.43,26.14,1786301.0,30888634.0
2013-12-30,26.3,26.54,26.1,26.17,1071564.0,18626696.0
2013-12-31,25.89,26.23,25.42,25.54,1159894.0,19735116.0
2014-01-02,25.54,26.37,25.34,26.23,1567746.0,27062436.0
2014-01-03,26.28,26.34,25.86,26.14,776951.0,13398333.0
2014-01-06,26.11,26.88,24.84,25.55,1551620.0,26074380.0
2014-01-07,25.4,25.66,25.09,25.31,666818.0,11183570.0
2014-01-08,25.46,25.86,25.36,25.74,889023.0,15100921.0
2014-01-09,25.78,25.8,24.78,25.51,1753919.0,29265434.0
2014-01-10,25.51,25.51,24.21,24.48,1132355.0,18543384.0
2014-01-13,24.39,24.68,24.1,24.21,911047.0,14635178.0
2014-01-14,24.23,24.6,23.79,24.45,1132094.0,18154992.0
2014-01-15,24.42,24.6,24.18,24.53,965739.0,15554556.0
2014-01-16,24.53,24.98,24.33,24.62,1030379.0,16836350.0
2014-01-17,24.57,24.71,24.18,24.19,598616.0,9647404.0
2014-01-20,24.18,24.3,23.82,24.23,794534.0,12669121.0
2014-01-21,24.23,25.69,23.94,25.31,2764381.0,45874960.0
2014-01-22,25.16,25.55,25.1,25.51,1847825.0,31032276.0
2014-01-23,25.31,26.08,25.31,25.69,1482453.0,25357978.0
2014-01-24,25.54,26.22,25.54,26.2,1498374.0,25824778.0
2014-01-27,26.11,26.61,25.87,26.13,1474444.0,25698020.0
2014-01-28,26.36,26.36,25.71,26.11,1106259.0,19021818.0
2014-01-29,26.07,26.57,25.95,26.42,1072706.0,18734478.0
2014-01-30,26.42,26.42,25.77,25.84,958543.0,16488942.0
2014-02-07,25.46,26.11,25.46,26.1,1032586.0,17653556.0
2014-02-10,26.14,27.17,26.1,26.93,2356363.0,41739408.0
2014-02-11,27.13,27.58,26.67,27.58,3226992.0,57926416.0
2014-02-12,27.58,27.96,27.28,27.87,2874014.0,52620472.0
2014-02-13,27.66,29.47,27.58,27.94,3964439.0,74990696.0
2014-02-14,28.03,29.17,27.76,28.92,2949064.0,55843736.0
2014-02-17,28.86,31.43,28.86,31.37,4613647.0,92927408.0
2014-02-18,30.83,31.13,29.97,30.22,5254818.0,105758240.0
2014-02-19,30.3,31.05,29.33,29.89,3798313.0,75859696.0
2014-02-20,29.71,30.0,28.14,28.26,3758626.0,71566216.0
2014-02-21,28.14,28.56,27.47,27.96,2284978.0,42225248.0
2014-02-24,27.94,28.56,27.35,28.47,1855535.0,34531424.0
2014-02-25,28.44,28.68,25.69,26.07,2518581.0,45873336.0
2014-02-26,26.05,26.99,25.69,26.64,1945336.0,34036616.0
2014-02-27,26.57,26.87,25.43,25.61,1624729.0,28171688.0
2014-02-28,25.6,26.13,24.96,25.95,1235043.0,20834044.0
2014-03-03,25.93,26.64,25.77,26.43,1992467.0,34618916.0
2014-03-04,26.01,26.42,25.54,26.14,1277624.0,21999048.0
2014-03-05,25.96,28.49,25.96,27.75,3090937.0,55814636.0
2014-03-06,27.66,27.87,27.02,27.62,1554827.0,28340348.0
2014-03-07,27.62,27.96,26.63,26.81,1503179.0,27041530.0
2014-03-10,26.73,26.73,25.24,25.52,1145741.0,19532792.0
2014-03-11,25.16,25.84,25.16,25.69,565409.0,9577612.0
2014-03-12,25.72,25.78,25.1,25.68,615794.0,10385615.0
2014-03-13,25.92,25.96,25.48,25.8,514078.0,8777932.0
2014-03-14,25.69,26.98,25.54,26.78,1527292.0,26739342.0
2014-03-17,26.82,27.35,26.51,27.05,1064127.0,19013592.0
2014-03-18,27.05,27.66,26.82,27.58,1171116.0,21152716.0
2014-03-19,27.61,27.9,27.28,27.62,909431.0,16584941.0
2014-03-20,27.2,27.61,26.14,26.14,1055394.0,18745010.0
2014-03-21,25.74,27.05,25.68,26.87,926577.0,16147954.0
2014-03-24,26.75,27.44,26.75,27.04,692143.0,12440450.0
2014-03-25,27.04,27.49,26.75,27.08,617757.0,11105363.0
2014-03-26,27.19,27.44,26.72,26.96,488156.0,8694016.0
2014-03-27,26.76,26.99,25.72,25.77,945058.0,16425050.0
2014-03-28,26.23,26.23,25.24,25.27,935445.0,15769466.0
2014-03-31,25.12,25.57,25.1,25.48,605153.0,10155377.0
2014-04-01,25.24,25.75,25.24,25.71,488512.0,8281078.0
2014-04-02,25.71,25.92,25.25,25.43,421853.0,7128798.0
2014-04-03,25.48,25.81,25.45,25.61,283770.0,4812478.0
2014-04-04,25.69,26.88,25.63,26.67,888747.0,15517593.0
2014-04-08,26.67,27.08,26.67,26.95,761324.0,13565213.0
2014-04-09,27.04,27.35,26.9,26.98,547268.0,9785868.0
2014-04-10,26.99,27.43,26.93,27.13,784923.0,14136993.0
2014-04-11,27.02,27.66,26.98,27.43,1065712.0,19342644.0
2014-04-14,27.73,28.29,27.43,27.73,1028101.0,18907474.0
2014-04-15,27.73,27.96,27.34,27.35,692808.0,12659682.0
2014-04-16,27.28,27.68,27.08,27.53,649823.0,11775931.0
2014-04-17,27.66,28.34,27.52,28.32,1192188.0,22123312.0
2014-04-18,28.32,28.82,27.97,28.7,1175590.0,22170016.0
2014-04-21,28.41,28.56,26.45,26.9,2320915.0,42547128.0
2014-04-22,26.9,27.16,25.92,26.42,1109647.0,19525916.0
2014-04-23,27.96,29.06,27.73,28.41,6057063.0,114313064.0
2014-04-24,27.81,28.39,26.91,27.05,2797705.0,51047752.0
2014-04-25,26.45,26.75,25.81,26.04,1860866.0,32351438.0
2014-04-28,25.74,25.99,25.39,25.49,583353.0,9861773.0
2014-05-07,26.07,27.96,25.86,26.73,3230170.0,57456492.0
2014-05-08,26.16,26.85,25.63,25.63,2344872.0,40402236.0
2014-05-09,25.54,25.84,24.45,24.48,1701156.0,28119564.0
2014-05-12,24.69,25.28,24.69,25.24,882739.0,14602328.0
2014-05-13,25.33,26.08,25.18,25.72,1129398.0,19218506.0
2014-05-14,25.68,25.83,25.39,25.69,484989.0,8212546.0
2014-05-15,25.68,25.83,25.45,25.48,569778.0,9647453.0
2014-05-16,25.55,25.83,25.09,25.64,743752.0,12594825.0
2014-05-19,25.69,25.74,25.46,25.63,331713.0,5615073.0
2014-05-20,25.83,26.08,25.54,25.77,718834.0,12257624.0
2014-05-21,25.66,25.9,25.51,25.87,511853.0,8718056.0
2014-05-22,25.86,26.49,25.86,26.07,957858.0,16646154.0
2014-05-23,26.07,26.45,26.01,26.4,605545.0,10508974.0
2014-05-26,26.52,26.99,26.45,26.95,932297.0,16544854.0
2014-05-27,27.05,27.35,26.52,26.57,797821.0,14110368.0
2014-05-28,26.46,26.95,26.46,26.9,608681.0,10792755.0
2014-05-29,26.9,26.99,26.43,26.43,428100.0,7556565.0
2014-05-30,26.45,26.99,26.45,26.78,661690.0,11744931.0
2014-06-03,26.78,27.19,26.78,27.05,631298.0,11290337.0
2014-06-04,27.05,27.05,26.64,26.81,432785.0,7677592.0
2014-06-05,27.02,27.32,26.76,27.32,594297.0,10623924.0
2014-06-06,27.58,28.03,27.22,27.67,1272615.0,23328694.0
2014-06-09,27.91,27.96,27.29,27.34,956009.0,17417550.0
2014-06-10,27.53,27.73,27.26,27.68,745688.0,13567972.0
2014-06-11,27.59,27.94,27.59,27.9,981965.0,18064630.0
2014-06-12,28.0,28.61,27.75,28.56,2045042.0,38236212.0
2014-06-13,28.47,28.94,28.18,28.77,1554723.0,29487134.0
2014-06-16,28.77,28.98,28.47,28.94,1342475.0,25553384.0
2014-06-17,28.92,29.05,28.43,28.73,2589630.0,49238204.0
2014-06-18,28.62,28.68,27.67,28.06,1867311.0,34765552.0
2014-06-19,28.12,28.64,27.47,27.66,1684172.0,31407414.0
2014-06-20,27.75,28.56,27.75,28.3,1848618.0,34561664.0
2014-06-23,28.71,30.53,28.71,29.88,4726461.0,93099808.0
2014-06-24,29.62,29.91,29.2,29.66,2155962.0,42186444.0
2014-06-25,29.56,29.94,29.02,29.2,1874242.0,36306296.0
2014-06-26,29.24,29.56,28.89,29.24,2994591.0,57827820.0
2014-06-27,29.22,29.22,28.39,28.7,3837492.0,36342544.0
2014-06-30,28.88,31.07,28.82,30.13,7616600.0,75032664.0
2014-07-01,30.16,30.16,29.52,30.07,3887538.0,38111380.0
2014-07-02,30.07,30.89,29.31,30.62,6631098.0,65547184.0
2014-07-03,30.46,31.23,30.1,31.04,5799343.0,58571524.0
2014-07-04,31.07,31.26,30.4,30.43,4694532.0,47326000.0
2014-07-07,30.46,30.71,30.01,30.19,3449576.0,34300716.0
2014-07-08,30.19,30.4,29.79,30.31,2714087.0,26842162.0
2014-07-09,30.34,30.86,30.13,30.13,3750552.0,37544276.0
2014-07-10,30.01,30.37,29.86,29.95,2287518.0,22600776.0
2014-07-11,29.89,32.75,29.7,32.29,11577273.0,120810952.0
2014-07-14,31.99,34.55,31.77,33.78,10533564.0,114808432.0
2014-07-15,33.66,34.06,32.66,33.27,5449912.0,59446528.0
2014-07-16,33.3,33.33,32.17,32.26,3882743.0,41578900.0
2014-07-17,32.23,35.49,31.71,35.49,10466772.0,118260432.0
2014-07-18,36.41,38.69,34.88,37.2,15240485.0,184117456.0
2014-07-21,37.2,37.62,34.03,35.86,9252059.0,109792064.0
2014-07-22,35.37,37.84,35.28,37.53,10103094.0,121068160.0
2014-07-23,36.86,38.08,35.7,36.13,6834893.0,83076432.0
2014-07-24,36.31,36.56,33.54,34.73,5482576.0,62848040.0
2014-07-25,34.42,35.03,33.48,34.58,5211169.0,58435056.0
2014-07-28,34.58,35.22,33.88,35.03,4276369.0,48532988.0
2014-07-29,34.79,36.41,34.33,35.95,5654373.0,65918388.0
2014-07-30,35.77,36.13,35.16,35.7,3687156.0,43138484.0
2014-07-31,36.07,36.31,35.25,35.8,3156513.0,37041612.0
2014-08-01,36.19,37.35,35.67,37.05,6996549.0,84107704.0
2014-08-04,36.59,38.93,36.59,38.69,8175470.0,102706472.0
2014-08-05,39.09,39.12,37.72,38.08,4111269.0,51413248.0
2014-08-06,38.39,38.63,37.65,38.33,3002512.0,37477576.0
2014-08-07,38.33,38.33,36.74,36.95,3527575.0,43440460.0
2014-08-08,36.98,38.05,36.77,37.47,2531800.0,31065718.0
2014-08-11,37.41,38.2,37.11,37.78,2557045.0,31689170.0
2014-08-12,37.72,38.05,36.62,37.11,3655054.0,44612884.0
2014-08-13,37.14,37.59,36.71,37.44,2751275.0,33606388.0
2014-08-14,37.41,37.93,37.02,37.65,2820025.0,34854248.0
2014-08-15,37.56,37.93,37.29,37.65,1795746.0,22210638.0
2014-08-18,37.47,38.99,37.38,38.69,3496490.0,43778776.0
2014-08-19,38.72,38.99,38.17,38.69,2800894.0,35539992.0
2014-08-20,38.81,39.79,38.39,39.63,4700443.0,60552812.0
2014-08-21,39.63,39.66,37.96,38.78,2968643.0,37819520.0
2014-08-22,38.81,39.36,38.42,39.18,2157062.0,27641456.0
2014-08-25,39.15,39.63,38.17,38.93,1967917.0,25101240.0
2014-08-26,38.69,38.78,36.92,37.17,2675952.0,33093506.0
2014-08-27,37.08,37.78,36.95,37.17,1381215.0,16887270.0
2014-08-28,37.05,37.72,36.59,36.95,1354217.0,16491429.0
2014-08-29,36.89,37.2,36.59,37.14,882696.0,10711173.0
2014-09-01,37.02,37.72,37.02,37.65,1067378.0,13116525.0
2014-09-02,37.84,38.81,37.75,38.45,2449698.0,30834280.0
2014-09-03,38.63,38.75,37.87,38.17,2339432.0,29434294.0
2014-09-04,38.2,38.66,37.96,38.42,2623535.0,33048940.0
2014-09-05,38.57,38.78,38.08,38.66,2808579.0,35433064.0
2014-09-09,38.69,41.04,37.72,40.49,7040993.0,91172104.0
2014-09-10,40.52,44.54,40.52,44.54,14762799.0,208695328.0
2014-09-11,44.57,44.6,43.08,43.2,8341847.0,119744448.0
2014-09-12,43.2,43.99,42.25,43.47,4581117.0,64584984.0
2014-09-15,43.23,44.63,42.86,43.5,4751563.0,68383872.0
2014-09-16,43.2,43.93,41.37,41.68,4379174.0,61653940.0
2014-09-17,41.65,42.47,41.25,42.19,2027108.0,27814416.0
2014-09-18,42.19,44.11,41.83,43.66,2794155.0,39499508.0
2014-09-19,44.08,44.08,43.05,43.47,1801505.0,25739840.0
2014-09-22,43.35,43.41,42.04,42.04,2130464.0,29633464.0
2014-09-23,42.04,42.5,41.46,42.1,1723538.0,23771670.0
2014-09-24,42.38,42.59,41.74,42.41,1601377.0,22232956.0
2014-09-25,42.35,43.38,42.28,42.71,2694852.0,37764224.0
2014-09-26,42.56,43.72,42.31,43.41,2374930.0,33702300.0
2014-09-29,43.32,46.46,42.89,45.73,6203885.0,90476784.0
2014-09-30,45.61,45.82,44.63,45.27,3815123.0,56705864.0
2014-10-08,45.24,45.55,44.2,45.03,3551012.0,52277944.0
2014-10-09,45.03,45.79,44.57,45.24,3078912.0,45670112.0
2014-10-10,45.03,45.09,43.9,44.05,3128209.0,45632260.0
2014-10-13,43.62,43.99,42.68,43.2,2516054.0,35603552.0
2014-10-14,43.2,43.66,42.68,43.32,2080700.0,29485800.0
2014-10-15,43.32,43.5,43.02,43.44,1591605.0,22608954.0
2014-10-16,43.38,43.47,42.19,42.22,1727130.0,24419472.0
2014-10-17,42.04,45.24,39.39,45.09,7374553.0,101020984.0
2014-10-20,44.81,45.33,42.22,42.89,9377566.0,134952464.0
2014-10-21,42.71,43.84,41.77,43.11,6494291.0,91099464.0
2014-10-22,42.8,44.84,42.13,43.87,9622218.0,138331184.0
2014-10-23,43.38,43.87,41.49,43.05,4247748.0,59798052.0
2014-10-24,42.8,43.17,42.04,42.92,7039338.0,98517064.0
2014-10-27,42.59,42.8,41.46,42.25,1531352.0,21285274.0
2014-10-28,42.1,43.32,42.1,42.95,2531335.0,35645020.0
2014-10-29,43.02,44.08,42.99,43.38,3942242.0,56396892.0
2014-10-30,43.38,44.63,42.83,44.57,5510579.0,79466904.0
2014-10-31,44.17,45.18,43.53,44.66,9673064.0,141579216.0
2014-11-03,44.78,45.58,44.23,44.45,7570552.0,111254632.0
2014-11-04,44.3,44.39,42.86,42.86,5085536.0,72305064.0
2014-11-05,42.83,43.69,42.83,43.08,2131884.0,30197542.0
2014-11-06,43.26,43.26,42.41,43.23,2715517.0,38179584.0
2014-11-07,43.23,43.47,42.26,42.26,3218395.0,45392016.0
2014-11-10,42.59,42.92,42.04,42.68,1830458.0,25570708.0
2014-11-11,42.74,42.95,40.21,40.4,3457998.0,47173028.0
2014-11-12,40.3,41.07,39.66,41.07,2217265.0,29362926.0
2014-11-13,40.94,40.94,40.21,40.3,1917402.0,25448806.0
2014-11-14,40.27,40.49,39.97,40.06,1227361.0,16194781.0
2014-11-17,40.0,40.67,40.0,40.49,1741614.0,23055024.0
2014-11-18,40.52,40.85,40.34,40.79,1363271.0,18158446.0
2014-11-19,40.76,41.28,40.61,40.91,1283502.0,17231238.0
2014-11-20,40.91,41.28,40.55,40.79,1115976.0,15011230.0
2014-11-21,41.01,42.31,40.76,42.31,2493455.0,34057536.0
2014-11-24,42.86,44.3,42.41,43.9,7692508.0,109814800.0
2014-11-25,43.93,43.99,43.14,43.53,3875396.0,55229176.0
2014-11-26,43.59,44.42,43.02,44.05,4413758.0,63522840.0
2014-11-27,44.14,44.42,43.29,43.59,3860100.0,55388640.0
2014-11-28,43.66,43.72,42.68,43.2,2821906.0,39860144.0
2014-12-01,43.32,43.87,43.14,43.81,4136612.0,59063840.0
2014-12-02,43.81,44.23,43.56,43.99,3983171.0,57479964.0
2014-12-03,44.39,45.7,44.02,45.09,6425420.0,94581464.0
2014-12-04,45.64,45.64,44.57,44.63,4232584.0,62258144.0
2014-12-05,44.63,44.66,41.37,44.27,5360612.0,75691176.0
2014-12-08,44.27,44.63,43.78,44.02,4995195.0,72415224.0
2014-12-09,44.08,44.17,42.04,42.04,4261424.0,60259584.0
2014-12-10,42.07,43.56,41.71,43.38,2751986.0,38837412.0
2014-12-11,43.26,43.87,42.95,43.56,2823300.0,40288604.0
2014-12-12,43.29,44.14,43.26,44.14,2739204.0,39319180.0
2014-12-15,44.2,45.51,44.17,44.84,5509283.0,80985856.0
2014-12-16,44.48,45.12,43.72,43.87,3059865.0,44329276.0
2014-12-17,44.02,44.05,42.1,42.16,4025747.0,56210652.0
2014-12-18,42.07,42.77,41.58,42.31,2369336.0,32626828.0
2014-12-19,42.44,42.44,39.94,40.43,3009285.0,40189204.0
2014-12-22,40.52,40.73,36.38,36.8,3696291.0,45523168.0
2014-12-23,37.47,39.18,36.89,37.99,2726356.0,34114720.0
2014-12-24,37.96,38.66,37.96,38.45,1043182.0,13143060.0
2014-12-25,38.45,38.63,38.23,38.63,974471.0,12289500.0
2014-12-26,38.93,39.6,38.6,39.24,1395517.0,17976822.0
2014-12-29,40.52,41.1,39.6,40.09,2383631.0,31551356.0
2014-12-30,40.37,40.73,39.06,39.12,1491200.0,19401280.0
2014-12-31,39.24,39.3,38.11,38.42,1150502.0,14508730.0
2015-01-05,38.45,38.54,36.89,37.99,1359666.0,16804588.0
2015-01-06,38.05,40.0,37.56,39.97,2273951.0,29100700.0
2015-01-07,39.97,40.34,38.38,38.96,1824975.0,23456612.0
2015-01-08,38.72,39.45,38.72,39.12,1085800.0,13936342.0
2015-01-09,38.81,39.3,38.57,38.57,942220.0,12054973.0
2015-01-12,38.6,38.6,37.47,37.47,802351.0,9971666.0
2015-01-13,37.44,37.93,37.44,37.87,700740.0,8681665.0
2015-01-14,37.9,38.93,37.78,37.96,853060.0,10698696.0
2015-01-15,38.29,38.29,37.84,37.93,762683.0,9505598.0
2015-01-16,37.96,38.51,37.75,38.17,914590.0,11458498.0
2015-01-19,38.02,38.81,37.05,37.62,1611249.0,20056132.0
2015-01-20,37.62,39.48,37.56,39.33,2566802.0,32574678.0
2015-01-21,39.09,40.09,39.09,39.91,2575988.0,33571852.0
2015-01-22,39.91,40.21,39.76,40.03,1762189.0,23131608.0
2015-01-23,40.03,40.15,39.33,39.45,1739175.0,22623096.0
2015-01-26,39.45,39.97,39.45,39.88,1244194.0,16224243.0
2015-01-27,39.91,40.98,39.33,40.82,3106936.0,41023524.0
2015-01-28,40.64,40.76,39.91,40.09,1387102.0,18376272.0
2015-01-29,39.66,40.46,39.66,40.09,870534.0,11490812.0
2015-01-30,40.12,40.46,39.66,39.91,731851.0,9642127.0
2015-02-02,39.91,40.15,39.48,39.57,874683.0,11438029.0
2015-02-03,39.54,40.18,39.3,39.82,1180670.0,15455708.0
2015-02-04,39.85,40.18,39.42,39.42,1010437.0,13197943.0
2015-02-05,39.73,40.18,38.99,39.09,1394550.0,18124002.0
2015-02-06,39.12,39.6,37.78,38.33,932754.0,11928468.0
2015-02-09,38.32,39.6,38.32,38.93,903324.0,11592338.0
2015-02-10,38.75,39.45,38.69,39.06,709019.0,9064632.0
2015-02-11,38.99,39.33,38.87,39.12,909466.0,11668510.0
2015-02-12,39.57,40.06,39.06,39.82,1299394.0,16943914.0
2015-02-13,40.15,40.18,39.82,39.91,1291706.0,16952150.0
2015-02-16,39.91,40.52,39.79,40.52,1405270.0,18583060.0
2015-02-17,40.61,40.76,40.15,40.34,881652.0,11674532.0
2015-02-25,40.34,41.34,40.15,40.94,1553148.0,20835978.0
2015-02-26,40.98,41.4,40.61,41.01,1247190.0,16750951.0
2015-02-27,41.01,41.8,40.82,41.46,1713588.0,23198076.0
2015-03-02,41.43,42.16,41.1,42.1,2462701.0,33705488.0
2015-03-03,42.13,42.19,41.46,41.62,2039382.0,28019664.0
2015-03-04,41.74,42.71,41.74,42.47,2465377.0,34245196.0
2015-03-05,42.65,42.8,42.1,42.5,2020337.0,28164112.0
2015-03-06,42.44,42.77,41.37,41.37,1916152.0,26292170.0
2015-03-09,41.37,42.1,41.25,41.77,1341550.0,18358824.0
2015-03-10,41.74,42.56,41.65,42.56,2026782.0,28123714.0
2015-03-11,42.56,42.62,41.52,41.62,1598853.0,22103514.0
2015-03-12,41.68,42.04,41.16,41.28,1434262.0,19555294.0
2015-03-13,41.37,42.01,41.31,41.98,1473714.0,20160822.0
2015-03-16,42.07,43.02,42.07,42.99,2616992.0,36676816.0
2015-03-17,43.02,43.47,42.65,43.11,3690228.0,52114192.0
2015-03-18,43.47,45.09,43.47,44.33,4541483.0,66358284.0
2015-03-19,43.72,44.94,43.72,44.91,3579886.0,52381268.0
2015-03-20,45.09,49.38,45.09,49.38,16915388.0,271660320.0
2015-03-23,49.9,54.32,48.93,53.31,17684672.0,297090496.0
2015-03-24,53.16,53.16,49.29,51.7,12793587.0,215728896.0
2015-03-25,51.48,51.52,49.99,51.21,7939221.0,132345248.0
2015-03-26,50.91,52.86,49.96,50.48,7669093.0,129235600.0
2015-03-27,50.42,51.15,50.11,50.57,3963917.0,65830512.0
2015-03-30,50.42,50.88,49.35,50.17,4995306.0,81888424.0
2015-03-31,50.42,51.42,48.96,50.63,5953064.0,98037712.0
2015-04-01,50.57,52.4,50.33,52.03,7173117.0,121994512.0
2015-04-02,53.04,55.75,52.55,53.8,8128741.0,144441232.0
2015-04-03,53.8,55.02,52.55,53.89,6399006.0,113324064.0
2015-04-07,54.1,56.33,54.1,56.3,7787399.0,142021440.0
2015-04-08,56.3,56.54,53.62,54.14,6020099.0,108718344.0
2015-04-09,54.14,54.14,50.75,52.03,4734407.0,80915008.0
2015-04-10,51.76,53.89,51.27,53.31,3676880.0,63924696.0
2015-04-13,53.92,54.84,52.28,54.53,4874856.0,86224952.0
2015-04-14,54.23,54.68,53.01,53.13,3713592.0,65520776.0
2015-04-15,53.13,53.13,51.42,51.42,3652443.0,62449108.0
2015-04-16,50.57,52.46,49.69,51.61,2816394.0,47398740.0
2015-04-17,51.61,53.83,51.58,51.97,3211500.0,55567956.0
2015-04-20,52.09,52.55,49.96,49.99,3405370.0,57032804.0
2015-04-21,49.96,52.0,49.96,52.0,3151889.0,52759056.0
2015-04-22,52.4,53.41,51.67,53.41,4327886.0,75025536.0
2015-04-23,53.53,54.47,53.07,54.23,4577696.0,80838928.0
2015-04-24,53.56,54.81,53.04,54.72,5115455.0,90959920.0
2015-04-27,54.96,56.05,54.26,54.93,5789196.0,104688152.0
2015-04-28,54.84,55.08,51.79,52.52,3684634.0,64175844.0
2015-04-29,51.82,53.8,51.79,53.37,2263797.0,39398580.0
2015-04-30,52.8,57.79,52.8,57.27,10446071.0,191540640.0
2015-05-04,57.88,58.4,55.51,57.24,7694547.0,143522816.0
2015-05-05,56.36,57.37,54.17,54.17,5375938.0,97498224.0
2015-05-06,54.23,55.38,52.86,53.07,3849667.0,68653768.0
2015-05-07,52.7,53.77,50.57,52.7,2683458.0,45897692.0
2015-05-08,53.31,55.87,52.83,55.48,4772856.0,85693528.0
2015-05-11,55.66,58.19,55.66,57.46,6168880.0,115608992.0
2015-05-12,58.01,63.21,56.54,63.21,12857343.0,256629440.0
2015-05-13,62.76,66.26,60.62,62.88,9653837.0,200233056.0
2015-05-14,62.85,66.17,61.48,64.71,7497842.0,157269584.0
2015-05-15,63.98,66.32,62.54,64.83,6701492.0,142092976.0
2015-05-18,63.91,67.66,63.49,65.01,5302212.0,115079016.0
2015-05-19,65.68,69.73,63.31,68.33,7847900.0,170958352.0
2015-05-20,67.69,73.63,66.6,70.07,7283707.0,168116720.0
2015-05-21,70.89,73.91,68.91,72.81,6419156.0,152600736.0
2015-05-22,74.64,75.09,70.1,71.29,6774632.0,159454928.0
2015-05-25,70.22,72.51,68.82,71.29,5822316.0,136159248.0
2015-05-26,70.74,78.42,70.74,78.42,7924364.0,196599104.0
2015-05-27,80.49,84.51,75.55,82.86,10266872.0,266450640.0
2015-05-28,83.17,85.33,75.06,75.34,11109387.0,295939744.0
2015-05-29,76.31,79.73,70.07,77.23,7576350.0,191091104.0
2015-06-01,79.36,81.92,77.84,81.89,6367034.0,168561648.0
2015-06-02,81.95,90.08,81.34,90.08,7882692.0,222692688.0
2015-06-03,91.12,93.83,82.28,90.69,7487428.0,222605792.0
2015-06-04,90.69,95.35,82.25,94.44,6303322.0,183591232.0
2015-06-05,97.49,100.5,91.7,95.96,7627987.0,239677008.0
2015-06-08,98.86,100.23,91.7,92.46,7653725.0,241601088.0
2015-06-09,92.0,92.92,87.71,89.69,4892858.0,144590944.0
2015-06-10,88.62,92.86,87.13,90.69,3972240.0,118235632.0
2015-06-11,90.6,96.08,88.44,95.35,4961919.0,152021056.0
2015-06-12,95.35,99.31,95.35,98.37,4765194.0,152675312.0
2015-06-15,97.79,102.0,95.39,98.07,4987175.0,162180960.0
2015-06-16,97.79,99.92,94.14,94.9,4320870.0,137150832.0
2015-06-17,94.96,104.19,94.44,104.19,5607603.0,181737760.0
2015-06-18,104.4,114.61,102.27,107.54,6401924.0,231675440.0
2015-06-19,106.63,107.39,96.79,96.79,4757447.0,156456624.0
2015-06-23,92.31,95.81,87.1,87.89,5341761.0,157747696.0
2015-06-24,90.3,92.95,83.81,88.5,5283652.0,153508944.0
2015-06-25,88.38,89.81,79.67,82.53,4288890.0,122528992.0
2015-06-26,80.37,80.37,74.27,74.27,3591378.0,88674424.0
2015-06-29,75.86,76.56,66.84,66.84,5207875.0,116910232.0
2015-06-30,64.77,70.83,60.17,70.19,6138175.0,130908576.0
2015-07-01,69.46,71.07,63.18,63.18,5558972.0,124275616.0
2015-07-02,63.18,63.85,56.88,56.88,3807619.0,74391152.0
2015-07-03,51.73,56.33,51.18,51.18,6263730.0,106674952.0
2015-07-06,56.05,56.3,46.06,46.06,5492891.0,90166504.0
2015-07-07,43.9,43.9,41.46,41.46,1481100.0,20217756.0
2015-07-29,45.61,45.61,45.61,45.61,28101.0,420672.0
2015-07-30,50.17,50.17,50.17,50.17,38115.0,627754.0
2015-07-31,55.2,55.2,55.2,55.2,453427.0,8216097.0
2015-08-03,60.72,60.72,51.33,52.58,25035296.0,466102752.0
2015-08-04,48.44,57.33,48.44,57.33,16976718.0,292655328.0
2015-08-05,56.24,57.33,53.37,54.26,14068329.0,256786688.0
2015-08-06,52.09,54.93,51.64,52.64,7129228.0,124725776.0
2015-08-07,54.47,56.36,53.34,55.38,9581565.0,172666176.0
2015-08-10,56.91,59.71,55.75,59.16,11741419.0,223004336.0
2015-08-11,59.13,64.86,58.49,62.79,11141887.0,227414272.0
2015-08-12,62.39,64.83,61.14,62.24,10288279.0,214397200.0
2015-08-13,61.42,63.37,59.89,63.03,9686666.0,196092560.0
2015-08-14,65.14,65.14,62.62,62.8,14397576.0,199643456.0
2015-08-17,62.8,68.58,62.8,68.58,15262440.0,218531840.0
2015-08-18,69.18,75.46,69.18,71.24,29495688.0,470675584.0
2015-08-19,68.58,77.99,65.83,77.94,22371334.0,346021536.0
2015-09-14,70.14,77.44,70.14,70.14,24589424.0,385372736.0
2015-09-15,63.12,63.12,63.12,63.12,1435400.0,19751104.0
2015-09-16,56.79,68.81,56.79,64.36,28015274.0,376054112.0
2015-09-17,60.74,62.76,57.94,57.94,19602902.0,257344016.0
2015-09-18,57.34,57.34,52.16,52.16,19876502.0,230557632.0
2015-09-21,49.41,54.22,48.08,52.89,17919780.0,199147168.0
2015-09-22,51.98,54.55,51.93,52.8,13783494.0,160216960.0
2015-09-23,51.75,54.13,50.46,53.12,12600326.0,145129136.0
2015-09-24,52.99,55.46,52.99,54.68,12880985.0,153124224.0
2015-09-25,54.5,55.05,50.05,50.46,10897450.0,124198280.0
2015-09-28,51.29,51.38,49.09,50.92,7204313.0,79092304.0
2015-09-29,49.64,49.91,48.17,48.49,8296011.0,88598744.0
2015-09-30,48.99,53.22,48.99,52.11,12627349.0,140913776.0
2015-10-08,53.67,54.55,53.35,54.04,12167633.0,143361920.0
2015-10-09,54.32,54.36,52.3,53.35,10191333.0,118131848.0
2015-10-12,53.58,57.34,53.58,56.98,15044125.0,182062528.0
2015-10-13,56.15,62.66,55.51,62.66,18010826.0,230414352.0
2015-10-14,61.88,63.26,59.18,59.59,19771848.0,262238704.0
2015-10-15,58.72,61.2,58.72,60.74,13027322.0,171417680.0
2015-10-16,61.01,61.38,58.63,60.28,15669503.0,204610048.0
2015-10-19,60.37,60.37,57.62,58.72,13116425.0,168888208.0
2015-10-20,58.31,64.59,58.31,64.59,25896104.0,349554176.0
2015-10-21,65.1,67.44,58.99,59.13,34423040.0,486463872.0
2015-10-22,58.22,65.05,58.08,64.04,23412060.0,311237696.0
2015-10-23,64.0,66.52,62.02,65.1,23229956.0,324759232.0
2015-10-26,66.01,66.29,63.63,65.33,16390597.0,231837376.0
2015-10-27,64.18,64.78,60.33,63.54,14401592.0,196716688.0
2015-10-28,63.03,69.64,62.16,67.25,28921500.0,415415360.0
2015-10-29,66.52,67.11,64.27,65.14,20593824.0,294070880.0
2015-10-30,64.27,64.45,61.38,63.26,11665385.0,160724960.0
2015-11-02,61.38,64.87,60.92,61.56,9785785.0,134014008.0
2015-11-03,61.38,62.66,59.18,60.19,8396830.0,111028792.0
2015-11-04,60.37,64.64,60.37,63.58,11283433.0,153922896.0
2015-11-05,63.63,65.28,63.03,63.45,11804273.0,164327840.0
2015-11-06,63.54,66.11,63.54,65.14,13353679.0,189508416.0
2015-11-09,63.67,66.06,62.9,65.65,13228961.0,186362304.0
2015-11-10,65.65,67.02,64.22,65.78,12978553.0,185887248.0
2015-11-11,65.6,68.35,65.14,67.89,15155770.0,221504816.0
2015-11-12,67.99,74.32,67.99,72.99,24937720.0,383003072.0
2015-11-13,71.11,73.35,68.81,70.0,19815748.0,306777568.0
2015-11-16,67.89,74.23,67.25,72.48,16486447.0,255539920.0
2015-11-17,73.63,76.06,71.56,71.7,21903600.0,351179360.0
2015-11-18,71.7,77.8,69.68,75.42,29836668.0,484693024.0
2015-11-19,77.76,82.44,75.42,82.25,26906264.0,467646368.0
2015-11-20,83.12,90.47,83.12,87.16,23049938.0,440158240.0
2015-11-23,86.25,91.29,82.58,82.76,17612016.0,332044064.0
2015-11-24,82.3,85.51,78.58,85.24,13921909.0,249748608.0
2015-11-25,85.51,93.13,84.18,92.9,21787622.0,423603712.0
2015-11-26,91.75,96.84,90.42,92.44,20066992.0,409504960.0
2015-11-27,89.23,92.35,83.22,83.22,16529151.0,310367264.0
2015-11-30,83.86,84.18,74.91,82.07,19137624.0,328907008.0
2015-12-01,82.07,82.07,75.92,78.17,12214726.0,210270320.0
2015-12-02,78.67,80.65,71.56,76.8,11078529.0,185083920.0
2015-12-03,77.07,82.12,77.07,81.34,9575067.0,165542096.0
2015-12-04,81.34,83.36,79.09,80.05,11283423.0,200594880.0
2015-12-07,81.15,81.15,76.66,79.87,12808454.0,220690176.0
2015-12-08,79.41,79.41,74.55,75.51,11292809.0,188624496.0
2015-12-09,74.55,75.46,72.48,74.32,8385725.0,135084032.0
2015-12-10,74.04,77.3,73.54,76.24,11194966.0,184074096.0
2015-12-11,76.84,77.02,73.63,74.18,5407049.0,87810984.0
2015-12-14,73.31,77.44,72.85,77.21,7112259.0,116878208.0
2015-12-15,77.44,79.82,76.56,79.04,8098445.0,138603312.0
2015-12-16,79.36,79.91,77.76,78.35,7169415.0,122697672.0
2015-12-17,78.49,83.72,78.49,82.8,11317374.0,200119456.0
2015-12-18,82.3,82.53,80.28,81.29,7215118.0,128066520.0
2015-12-21,80.74,82.62,78.95,79.82,8975581.0,157073984.0
2015-12-22,80.05,80.6,77.71,79.82,9069380.0,155604704.0
2015-12-23,79.13,80.69,77.3,77.3,8074883.0,137788864.0
2015-12-24,77.34,79.36,76.61,78.68,6010343.0,102021048.0
2015-12-25,78.31,78.91,76.75,77.9,5906263.0,100081832.0
2015-12-28,78.22,82.53,77.62,80.92,17527336.0,309240736.0
2015-12-29,79.36,80.05,76.84,79.32,9069486.0,155150016.0
2015-12-30,78.95,79.36,76.61,78.12,9351399.0,158694528.0
2015-12-31,78.22,85.33,78.22,80.83,18688280.0,335143456.0
2016-01-04,81.66,85.28,73.45,77.16,15968875.0,287802912.0
2016-01-05,73.49,79.55,70.78,77.12,17288956.0,284661184.0
2016-01-06,76.38,77.25,72.89,76.75,13494733.0,220929744.0
2016-01-07,75.69,75.69,69.09,69.09,2747750.0,42773924.0
2016-01-08,69.64,71.98,62.3,65.42,14261924.0,206462912.0
2016-01-11,63.77,63.95,58.86,58.86,11497940.0,151986352.0
2016-01-12,58.86,59.36,53.26,56.24,11107469.0,136283648.0
2016-01-13,56.61,58.31,54.04,54.13,7409136.0,91243368.0
2016-01-14,51.38,57.16,51.38,56.7,7795368.0,92621760.0
2016-01-15,56.66,57.3,52.07,54.04,8096470.0,96620504.0
2016-01-18,52.3,56.98,51.52,56.1,7847730.0,94548688.0
2016-01-19,56.66,58.58,55.33,57.99,10322623.0,128360144.0
2016-01-20,57.99,61.88,56.98,58.95,11216200.0,145292112.0
2016-01-21,56.75,59.04,54.77,55.51,7438977.0,92596400.0
2016-01-22,56.7,56.98,53.81,56.7,6213772.0,75400224.0
2016-01-25,57.76,58.49,56.01,57.11,4850904.0,60524420.0
2016-01-26,56.2,56.33,51.43,51.43,5945600.0,69595936.0
2016-01-27,52.71,52.71,46.29,49.09,9457955.0,99153664.0
2016-01-28,48.31,50.0,45.32,45.83,6061893.0,62534632.0
2016-01-29,45.88,49.41,45.42,48.17,7998033.0,82604752.0
2016-02-01,48.17,48.44,45.23,47.25,5551035.0,57151460.0
2016-02-02,43.21,48.4,43.21,47.25,20808620.0,206767376.0
2016-02-03,45.19,47.62,44.64,46.79,10808779.0,108789480.0
2016-02-04,47.62,50.97,46.98,49.82,12780768.0,137109792.0
2016-02-05,49.77,50.97,48.63,48.72,6163830.0,66209324.0
2016-02-15,46.88,50.23,46.79,49.59,6256570.0,66599484.0
2016-02-16,50.33,52.76,48.67,51.75,8372616.0,93752976.0
2016-02-17,51.7,56.93,51.33,54.68,13115921.0,157181200.0
2016-02-18,54.5,55.14,52.94,53.67,9316472.0,109443216.0
2016-02-19,53.22,54.36,53.12,53.63,4761344.0,55757136.0
2016-02-22,54.73,54.87,53.63,54.45,5143493.0,60955688.0
2016-02-23,54.5,55.83,53.86,55.05,6231528.0,74432968.0
2016-02-24,55.0,55.78,53.4,54.96,5374410.0,64002316.0
2016-02-25,55.05,55.69,49.45,49.45,9390106.0,107891664.0
2016-02-26,49.96,50.37,45.92,48.4,8752643.0,91660200.0
2016-02-29,48.17,48.31,43.58,43.58,8665865.0,83929456.0
2016-03-01,43.63,45.23,42.34,44.55,6023665.0,57667844.0
2016-03-02,44.96,47.57,44.27,47.07,7242073.0,72049424.0
2016-03-03,47.02,48.4,46.56,47.02,7520233.0,77452400.0
2016-03-04,46.79,46.98,43.31,44.04,7986307.0,78320520.0
2016-03-07,44.36,47.25,44.36,47.25,8355467.0,83965592.0
2016-03-08,47.3,48.35,44.96,48.26,7911630.0,80677160.0
2016-03-09,46.79,48.44,46.61,46.88,5682493.0,58806912.0
2016-03-10,46.88,47.53,45.97,46.24,3886386.0,39582308.0
2016-03-11,45.51,46.75,44.87,46.24,3966518.0,39460488.0
2016-03-14,46.29,48.63,46.29,48.4,6371014.0,66772032.0
2016-03-15,48.17,48.63,47.16,47.39,4476217.0,46588960.0
2016-03-16,48.54,48.81,45.97,47.48,5286242.0,54703104.0
2016-03-17,48.12,51.15,47.48,50.97,10153263.0,109662792.0
2016-03-18,50.88,53.95,50.23,52.62,8463208.0,96900192.0
2016-03-21,53.49,54.82,52.3,53.54,8605220.0,100254952.0
2016-03-22,52.76,56.43,52.39,56.38,10464530.0,125430664.0
2016-03-23,56.24,56.84,54.5,56.2,8451499.0,102714264.0
2016-03-24,55.19,57.34,54.5,54.68,8053573.0,97706088.0
2016-03-25,55.05,55.74,53.95,55.42,4378693.0,52086652.0
2016-03-28,56.1,58.08,55.46,55.88,7077397.0,87705072.0
2016-03-29,55.51,56.2,52.8,53.58,6220276.0,73256200.0
2016-03-30,54.27,55.74,53.86,55.74,5359048.0,64061752.0
2016-03-31,56.01,57.16,55.19,55.97,6173419.0,75471192.0
2016-04-01,56.1,56.75,53.81,55.33,5752756.0,69100192.0
2016-04-05,55.97,57.8,55.0,56.88,6727615.0,82882912.0
2016-04-06,56.75,60.05,56.43,59.32,9399239.0,120610784.0
2016-04-07,58.81,59.55,56.75,57.48,7492192.0,94717720.0
2016-04-08,57.44,57.44,55.51,56.56,4775200.0,58648128.0
2016-04-11,57.11,58.08,57.11,58.03,4459991.0,56168340.0
2016-04-12,58.22,58.22,55.69,56.93,4645421.0,57469012.0
2016-04-13,56.79,62.25,56.79,61.1,15398771.0,202941872.0
2016-04-14,61.7,65.46,61.01,65.23,13652488.0,189682544.0
2016-04-15,65.6,67.25,63.31,66.06,11335218.0,160734240.0
2016-04-18,68.81,70.6,63.86,64.0,13080307.0,187418400.0
2016-04-19,64.5,65.33,61.66,62.39,8373358.0,114906816.0
2016-07-14,68.58,68.58,68.58,68.58,534609.0,7960328.0
2016-07-15,75.45,75.45,75.45,75.45,336553.0,5512738.0
2016-07-18,83.0,83.0,80.65,83.0,22519520.0,405409791.0
2016-07-19,83.14,84.29,79.04,81.48,43480295.0,773447385.0
2016-07-20,83.37,88.62,83.37,83.74,47958132.0,885903127.0
2016-07-21,81.62,85.16,81.62,83.74,22561574.0,407502717.0
2016-07-22,82.08,87.38,82.08,83.37,26020122.0,481257466.0
2016-07-25,81.48,81.99,77.15,79.82,15855002.0,273692596.0
2016-07-26,78.3,81.89,78.26,79.78,10685968.0,185727484.0
2016-07-27,80.51,80.61,71.81,74.06,24076425.0,390609181.0
2016-07-28,73.97,74.57,69.5,73.79,13253469.0,207773264.0
2016-07-29,74.2,75.12,72.22,73.23,7270404.0,116370064.0
2016-08-01,73.7,77.52,72.31,76.32,16191531.0,264235932.0
2016-08-02,75.91,81.53,75.91,80.05,16770161.0,290475818.0
2016-08-03,80.74,83.05,78.3,81.39,13061970.0,229774775.0
2016-08-04,81.06,81.16,78.35,79.64,10520574.0,181303458.0
2016-08-05,79.91,81.43,77.24,77.84,9446752.0,162089922.0
2016-08-08,77.84,77.84,74.94,77.47,8838456.0,146058869.0
2016-08-09,77.93,78.03,75.95,77.38,6680860.0,111737824.0
2016-08-10,76.97,77.93,75.54,76.28,6496499.0,107701366.0
2016-08-11,77.1,77.1,72.77,73.14,9461829.0,152217494.0
2016-08-12,73.33,74.43,72.27,74.39,5804488.0,92654047.0
2016-08-15,74.16,75.31,71.85,75.08,9488761.0,152624185.0
2016-08-16,75.08,77.1,74.66,76.37,7421545.0,122516449.0
2016-08-17,76.0,76.46,74.94,75.12,5069453.0,83027566.0
2016-08-18,74.89,76.23,74.89,75.12,4215042.0,68982255.0
2016-08-19,75.54,76.69,74.89,76.18,5217402.0,85890526.0
2016-08-22,76.23,79.78,76.23,76.69,6442917.0,108883240.0
2016-08-23,77.01,77.2,74.66,75.26,5202998.0,85323311.0
2016-08-24,75.08,75.63,74.25,75.03,3155895.0,51258908.0
2016-08-25,75.08,75.08,72.13,72.82,4814258.0,76301940.0
2016-08-26,72.82,74.02,72.54,72.64,3698105.0,58694368.0
2016-08-29,72.59,74.66,72.22,74.53,3882071.0,62128003.0
2016-08-30,74.57,75.31,72.91,73.42,3697114.0,59203194.0
2016-08-31,73.42,74.57,72.45,74.16,2607140.0,41621283.0
2016-09-01,74.62,74.98,72.73,73.0,4095024.0,65528698.0
2016-09-02,73.0,73.0,71.81,72.82,2874370.0,45217983.0
2016-09-05,73.51,73.93,72.41,73.14,3235941.0,51478297.0
2016-09-06,73.05,75.49,72.59,75.35,5874321.0,94539277.0
2016-09-07,75.63,78.26,75.08,75.54,6090730.0,101397008.0
2016-09-08,76.0,76.0,74.66,75.68,3457088.0,56503256.0
2016-09-09,75.86,80.14,75.86,77.52,9684610.0,164299293.0
2016-09-12,76.69,76.69,72.31,73.14,8024819.0,129201637.0
2016-09-13,73.7,74.43,72.82,73.1,3306043.0,52665989.0
2016-09-14,72.73,72.73,70.24,71.85,5865122.0,91090800.0
2016-09-19,71.62,72.68,70.98,72.41,3211944.0,50063678.0
2016-09-20,72.22,73.14,69.97,70.47,6780268.0,104553792.0
2016-09-21,70.84,71.48,70.47,70.89,2210280.0,34137086.0
2016-09-22,71.85,72.18,70.7,71.07,3151733.0,48723275.0
2016-09-23,71.12,71.99,70.06,71.39,2617070.0,40508250.0
2016-09-26,70.47,71.85,70.01,70.19,2072446.0,31961619.0
2016-09-27,70.06,70.66,67.94,69.73,3807525.0,57101087.0
2016-09-28,69.78,69.83,68.58,68.67,2105947.0,31519886.0
2016-09-29,69.09,69.37,68.4,68.67,1529539.0,22856612.0
2016-09-30,68.03,70.84,68.03,70.56,2405443.0,36277587.0
2016-10-10,70.56,71.67,69.78,71.25,2919457.0,45024364.0
2016-10-11,71.39,71.53,70.98,71.44,2376807.0,36798541.0
2016-10-12,70.75,71.76,70.75,71.67,2288514.0,35478573.0
2016-10-13,71.67,75.81,71.67,75.45,8888413.0,143304139.0
2016-10-14,75.08,75.81,74.16,74.8,5564314.0,90437555.0
2016-10-17,74.62,77.29,74.16,75.45,5870286.0,96563424.0
2016-10-18,75.49,77.7,74.43,77.29,6535298.0,109016952.0
2016-10-19,77.29,77.89,75.22,75.86,4545588.0,75296374.0
2016-10-20,75.81,76.74,75.08,75.77,2211702.0,36300321.0
2016-10-21,75.77,76.64,74.2,75.58,2996026.0,49027782.0
2016-10-24,76.0,76.37,74.98,75.63,2773784.0,45552693.0
2016-10-25,75.63,77.38,75.35,75.77,3444982.0,57040465.0
2016-10-26,75.77,75.81,73.47,74.2,4507131.0,72653278.0
2016-10-27,74.25,74.62,73.0,74.2,2785547.0,44442164.0
2016-10-28,74.06,74.85,73.19,73.42,1724472.0,27631093.0
2016-10-31,73.65,74.11,72.78,73.51,2369439.0,37879828.0
2016-11-01,73.23,75.03,73.23,74.98,3495855.0,56321358.0
2016-11-09,77.47,80.61,75.03,76.28,12169873.0,204438879.0
2016-11-10,75.35,77.66,75.35,76.83,7513113.0,124528684.0
2016-11-11,77.1,77.29,75.77,76.83,5128254.0,85050281.0
2016-11-14,76.46,78.81,76.41,78.72,8252266.0,139957359.0
2016-11-15,78.85,81.3,77.66,80.88,9905306.0,171591658.0
2016-11-16,80.51,81.76,79.87,80.61,7191792.0,126239623.0
2016-11-17,80.56,82.31,79.45,80.56,8147857.0,143336340.0
2016-11-18,80.83,81.06,78.16,78.95,5079591.0,87377755.0
2016-11-21,78.99,80.01,78.76,79.08,4980149.0,85684657.0
2016-11-22,78.76,79.87,78.49,79.04,3506390.0,60114066.0
2016-11-23,78.99,79.13,78.26,78.9,3520746.0,60132502.0
2016-11-24,78.85,79.59,78.16,78.67,4258315.0,73049847.0
2016-11-25,79.22,79.22,76.18,78.49,3505448.0,59009567.0
2016-11-28,78.3,78.95,76.46,77.06,5302463.0,89010414.0
2016-11-29,76.83,78.26,76.78,77.52,3584993.0,60267014.0
2016-11-30,77.38,77.38,73.23,73.79,7858868.0,127651079.0
2016-12-01,73.79,74.48,73.42,73.79,3045512.0,48884163.0
2016-12-02,73.83,74.11,71.3,71.85,4172515.0,65334527.0
2016-12-05,70.89,72.64,70.89,71.85,2984883.0,46652199.0
2016-12-06,71.99,72.54,71.3,72.18,2342422.0,36574134.0
2016-12-07,72.22,72.22,71.21,71.99,2461628.0,38283082.0
2016-12-08,72.18,72.18,70.98,71.07,2634600.0,40804328.0
2016-12-09,71.44,72.36,70.89,71.9,2417678.0,37584599.0
2016-12-12,71.85,73.14,69.09,70.19,3928546.0,60852320.0
2016-12-13,69.04,70.75,68.86,70.33,2416880.0,36740160.0
2016-12-14,69.69,70.33,68.17,69.92,3701538.0,55478657.0
2016-12-15,69.09,70.1,68.58,69.78,4907910.0,73822348.0
2016-12-16,69.18,69.97,68.86,69.09,3728846.0,56045387.0
2016-12-19,69.6,69.6,67.34,68.03,2865048.0,42402676.0
2016-12-20,67.8,74.53,67.71,70.56,10538822.0,160784577.0
2016-12-21,71.62,71.67,70.06,70.98,3487002.0,53518804.0
2016-12-22,70.79,71.02,69.69,70.29,2434795.0,37080640.0
2016-12-23,69.83,70.93,68.54,69.5,1519623.0,22895688.0
2016-12-26,69.32,70.38,68.08,69.73,2365925.0,35734442.0
2016-12-27,69.78,70.29,69.0,69.09,1604301.0,24215845.0
2016-12-28,68.72,69.46,67.62,68.03,3152905.0,46755252.0
2016-12-29,68.08,68.86,67.71,68.12,3959828.0,58831494.0
2016-12-30,68.86,68.86,67.75,68.26,1332632.0,19702080.0
2017-01-03,68.26,68.77,67.8,68.49,2475603.0,36698855.0
2017-01-04,68.44,69.69,68.08,69.64,4087936.0,61472853.0
2017-01-05,69.5,71.39,68.91,70.52,4356807.0,66137255.0
2017-01-06,69.83,70.84,69.83,70.52,1558371.0,23750251.0
2017-01-09,70.7,72.91,70.24,72.64,4757266.0,74173817.0
2017-01-10,72.64,73.0,71.07,71.62,2325850.0,36378549.0
2017-01-11,71.39,72.22,70.61,70.89,1371064.0,21203172.0
2017-01-12,70.29,70.98,70.06,70.66,936382.0,14323930.0
2017-01-13,69.64,70.79,68.17,68.91,2158581.0,32375098.0
2017-01-16,67.34,69.04,62.87,66.23,2605750.0,37657898.0
2017-01-17,67.57,67.57,65.08,66.88,1642400.0,23604946.0
2017-01-18,66.88,69.73,65.87,68.91,2707447.0,40119748.0
2017-01-19,68.26,71.16,68.03,70.19,2731379.0,41683484.0
2017-01-20,70.47,71.35,70.06,70.43,2359650.0,36267113.0
2017-01-23,70.47,71.3,68.54,69.14,2017900.0,30451431.0
2017-01-24,69.37,69.41,68.54,68.91,1121003.0,16746792.0
2017-01-25,68.91,69.55,68.58,69.09,591993.0,8876113.0
2017-01-26,68.91,69.73,68.91,69.27,893251.0,13415623.0
2017-02-03,69.09,70.19,69.09,69.92,987462.0,14954874.0
2017-02-06,70.56,70.61,69.5,70.29,1492847.0,22730033.0
2017-02-07,70.29,70.7,69.69,70.47,1137700.0,17355560.0
2017-02-08,69.87,70.75,69.83,70.47,1178593.0,18000702.0
2017-02-09,70.47,71.44,70.06,71.44,1744459.0,26795870.0
2017-02-10,71.39,71.85,69.87,70.98,1877062.0,28827777.0
2017-02-13,71.02,71.16,70.01,70.56,1388529.0,21288304.0
2017-02-14,70.47,70.79,69.37,70.2,1311510.0,19935730.0
2017-02-15,69.69,70.47,68.86,69.37,1997427.0,30196773.0
2017-02-16,69.46,69.5,68.26,69.27,1279488.0,19169656.0
2017-02-17,68.72,69.55,68.58,68.95,1202566.0,18011490.0
2017-02-20,68.95,69.41,67.89,68.58,1851348.0,27564909.0
2017-02-21,68.35,69.46,68.26,69.32,1538063.0,23086061.0
2017-02-22,69.32,69.92,69.0,69.27,940894.0,14146782.0
2017-02-23,69.27,69.6,68.31,69.04,2111891.0,31558512.0
2017-02-24,69.09,71.12,69.09,70.56,2573367.0,39321040.0
2017-02-27,71.07,72.55,70.61,72.36,6229513.0,97522220.0
2017-02-28,72.04,72.87,71.48,72.55,3557453.0,55952294.0
2017-03-01,72.22,72.55,71.25,71.3,3097212.0,48279384.0
2017-03-02,71.16,71.72,70.66,70.98,1451317.0,22408083.0
2017-03-03,70.93,72.73,70.47,72.36,3051674.0,47683729.0
2017-03-06,72.31,74.25,72.31,73.74,4654175.0,74501171.0
2017-03-07,74.16,74.25,73.05,73.56,2994975.0,47866593.0
2017-03-08,73.56,74.89,72.18,72.78,3171956.0,50392337.0
2017-03-09,73.14,74.06,72.22,72.68,2057733.0,32516332.0
2017-03-10,72.31,73.19,71.85,71.95,1482200.0,23318571.0
2017-03-13,71.95,75.08,71.03,74.02,3571803.0,56911553.0
2017-03-14,74.39,74.53,72.91,73.14,1996399.0,31821874.0
2017-03-15,73.1,73.6,72.59,72.82,1488908.0,23625626.0
2017-03-16,72.55,73.7,72.22,72.59,2068106.0,32645104.0
2017-03-17,72.91,73.83,72.45,72.78,3414575.0,54204198.0
2017-03-20,73.33,73.33,72.5,72.96,1433370.0,22656184.0
2017-03-21,72.82,72.91,71.44,71.85,1742200.0,27274321.0
2017-03-22,71.76,71.76,69.69,70.93,2151956.0,33073017.0
2017-03-23,70.93,71.25,70.01,70.61,2167380.0,33273195.0
2017-03-24,70.7,71.67,70.24,71.44,2090246.0,32392504.0
2017-03-27,71.81,73.47,71.48,73.47,3340187.0,52913246.0
2017-03-28,73.65,73.83,72.13,72.18,2171248.0,34386531.0
2017-03-29,72.22,72.87,70.7,71.58,2179486.0,33776306.0
2017-03-30,71.16,71.58,70.24,70.7,2084194.0,32024816.0
2017-03-31,70.7,71.76,70.33,70.93,1928189.0,29800222.0
2017-04-05,70.43,73.79,70.38,73.37,2361603.0,36899052.0
2017-04-06,73.23,74.25,72.36,73.28,2640681.0,42074624.0
2017-04-07,72.78,74.11,72.41,73.88,3220289.0,51374424.0
2017-04-10,74.11,75.35,73.33,73.97,3500856.0,56398433.0
2017-04-11,73.05,74.02,71.16,73.0,3783280.0,59350573.0
2017-04-12,73.14,73.14,71.21,71.39,3181260.0,49618202.0
2017-04-13,71.39,71.85,70.01,70.79,3039288.0,46633672.0
2017-04-14,70.52,70.98,68.68,69.87,2273850.0,34354597.0
2017-04-17,69.73,70.75,69.32,70.75,1462555.0,22302826.0
2017-04-18,70.84,71.58,69.09,70.01,1417208.0,21758828.0
2017-04-19,69.92,69.92,67.06,68.17,2229647.0,33056555.0
2017-04-20,68.53,69.69,68.53,69.32,1954592.0,29263946.0
2017-04-21,69.32,69.32,66.73,67.52,1708423.0,25053223.0
2017-04-24,68.12,68.12,65.53,66.03,1153300.0,16557890.0
2017-04-25,66.03,67.14,64.55,65.06,1233650.0,17522634.0
2017-04-26,65.8,65.8,64.09,65.11,1399820.0,19593060.0
2017-04-27,65.11,65.8,63.86,65.62,1455700.0,20415745.0
2017-04-28,65.71,65.99,65.06,65.62,734200.0,10388637.0
2017-05-02,65.62,67.01,65.48,66.27,945076.0,13528792.0
2017-05-03,66.82,66.82,65.62,66.13,552122.0,7869072.0
2017-05-04,66.13,66.5,64.37,64.97,1591450.0,22481908.0
2017-05-05,64.37,65.02,63.58,64.05,1216262.0,16855451.0
2017-05-08,64.05,64.51,62.29,62.93,1225191.0,16717762.0
2017-05-09,62.93,63.21,61.18,62.29,1292057.0,17324640.0
2017-05-10,63.21,63.3,60.16,60.71,1089300.0,14529194.0
2017-05-11,60.67,60.67,58.08,60.06,1740756.0,22199790.0
2017-05-12,60.2,61.08,59.6,59.97,999542.0,13023431.0
2017-05-15,60.71,61.31,60.25,60.39,764533.0,10036539.0
2017-05-16,60.39,60.9,58.35,60.85,2210733.0,28547940.0
2017-05-17,60.85,63.67,60.44,62.61,2263915.0,30684404.0
2017-05-18,62.47,63.35,61.73,62.7,716700.0,9718641.0
2017-05-19,62.47,63.21,61.69,61.96,1024137.0,13729993.0
2017-05-22,61.96,62.19,59.28,61.36,1347244.0,17602933.0
2017-05-23,60.48,61.45,59.33,59.7,973850.0,12685877.0
2017-05-24,59.7,60.16,58.49,59.83,775853.0,9951103.0
2017-05-25,59.6,60.85,58.91,60.62,2027900.0,26221673.0
2017-05-26,60.81,60.85,58.91,58.91,2131200.0,27507638.0
2017-05-31,59.23,60.57,58.54,58.86,1204500.0,15485057.0
2017-06-01,58.35,59.23,56.46,56.46,1392400.0,17395343.0
2017-06-02,56.27,56.46,54.47,55.76,2089512.0,24952754.0
2017-06-05,55.62,56.92,55.44,56.46,952154.0,11594544.0
2017-06-06,56.83,57.24,55.58,55.76,1150152.0,14011298.0
2017-06-07,55.76,57.98,55.76,57.94,1436208.0,17728113.0
2017-06-08,57.98,58.86,57.52,57.7,1055354.0,13253946.0
2017-06-09,57.38,57.84,57.01,57.34,734143.0,9083579.0
2017-06-12,57.38,57.38,55.48,55.95,1487234.0,18002547.0
2017-06-13,55.95,57.61,55.39,57.15,1200551.0,14748041.0
2017-06-14,58.17,62.89,57.29,60.16,4003781.0,52411658.0
2017-06-15,60.3,62.15,59.7,61.41,4023850.0,53266276.0
2017-06-16,61.55,62.75,60.62,61.31,1960597.0,26163433.0
2017-06-19,61.08,64.09,60.9,63.03,2334004.0,31782718.0
2017-06-20,62.98,65.76,62.61,65.43,6024991.0,84161614.0
2017-06-21,65.62,66.22,64.74,65.39,2833572.0,39955341.0
2017-06-22,65.39,65.39,63.35,63.4,1817807.0,25238746.0
2017-06-23,63.44,64.37,62.52,63.3,1693879.0,23256533.0
2017-06-26,63.3,64.55,62.52,64.42,1936853.0,26500467.0
2017-06-27,64.42,64.46,62.84,63.86,2421071.0,33304560.0
2017-06-28,63.86,63.86,62.56,62.93,1059304.0,14413624.0
2017-06-29,63.03,63.86,61.73,62.93,1954161.0,26514931.0
2017-06-30,62.33,63.49,62.33,63.3,1281551.0,17417001.0
2017-07-03,63.86,64.32,62.84,63.72,1116950.0,15331537.0
2017-07-04,64.23,65.02,63.77,64.37,1894500.0,26451470.0
2017-07-05,64.42,65.02,64.18,64.69,1097399.0,15307642.0
2017-07-06,64.65,67.28,64.65,65.8,4965337.0,70890773.0
2017-07-07,65.48,66.68,64.83,66.17,2108390.0,30006139.0
2017-07-10,66.54,67.52,65.62,65.9,2326297.0,33466460.0
2017-07-11,65.76,66.03,64.09,64.74,1431104.0,20197883.0
2017-07-12,64.51,65.71,64.23,65.62,1233073.0,17348513.0
2017-07-13,66.31,67.28,65.62,66.59,1789144.0,25731568.0
2017-07-14,66.59,66.64,65.29,65.62,762550.0,10868520.0
2017-07-17,64.92,65.94,59.23,62.15,2669633.0,35937965.0
2017-07-18,62.05,62.05,59.46,60.25,2063797.0,26985682.0
2017-07-19,60.81,60.81,58.45,59.19,2458478.0,31456798.0
2017-07-20,59.23,61.92,59.19,60.48,1902855.0,24979967.0
2017-07-21,60.76,61.92,59.7,61.59,1747301.0,23044714.0
2017-07-24,61.5,61.5,58.54,59.56,2576348.0,33187849.0
2017-07-25,59.37,59.79,56.92,57.24,5427958.0,68277588.0
2017-07-26,57.29,58.17,56.92,57.8,2468048.0,30679767.0
2017-07-27,57.8,59.7,57.43,59.46,2164203.0,27541975.0
2017-07-28,59.56,59.88,57.06,59.14,2382143.0,30324024.0
2017-07-31,59.05,61.27,58.4,59.83,1857997.0,24045871.0
2017-08-01,59.83,60.85,59.37,60.11,1740683.0,22647896.0
2017-08-02,63.4,64.55,61.55,61.73,4005411.0,53955749.0
2017-08-03,61.69,62.05,59.97,60.99,2633209.0,34646084.0
2017-08-04,61.45,61.45,59.6,60.16,1358004.0,17661900.0
2017-08-07,60.16,60.57,59.6,59.93,1157976.0,15001942.0
2017-08-08,60.2,60.2,58.58,59.51,1383497.0,17671651.0
2017-08-09,59.46,59.46,58.45,59.33,1395250.0,17755040.0
2017-08-10,59.46,59.46,57.98,58.49,1748320.0,22101903.0
2017-08-11,58.31,58.68,57.24,57.7,1333494.0,16643877.0
2017-08-14,57.7,59.0,57.52,58.77,1489000.0,18743385.0
2017-08-15,58.77,59.05,58.17,58.58,1024243.0,12949651.0
2017-08-16,58.63,59.33,58.31,59.33,1195400.0,15197352.0
2017-08-17,59.37,59.65,58.63,59.0,1566206.0,19918160.0
2017-08-18,58.77,58.77,56.92,57.47,3375184.0,42057106.0
2017-08-21,57.7,58.26,57.06,58.12,1878206.0,23499553.0
2017-08-22,58.12,58.4,57.29,57.61,2431919.0,30302781.0
2017-08-23,57.7,57.7,56.18,56.46,3308728.0,40470079.0
2017-08-24,56.64,57.15,56.27,56.64,1693443.0,20757408.0
2017-08-25,56.97,57.47,56.5,57.06,1713700.0,21134539.0
2017-08-28,57.06,57.7,56.97,57.38,2735000.0,33896889.0
2017-08-29,57.38,58.08,57.1,57.66,2109430.0,26265418.0
2017-08-30,57.43,57.75,57.34,57.57,1582155.0,19679404.0
2017-08-31,57.29,57.7,57.29,57.61,1877204.0,23340116.0
2017-09-01,57.57,58.82,57.57,58.77,3826738.0,48143516.0
2017-09-04,59.23,59.23,57.8,58.35,3147721.0,39700738.0
2017-09-05,58.35,58.49,57.52,57.7,1968518.0,24638703.0
2017-09-06,57.61,59.93,57.15,59.6,5757928.0,73335990.0
2017-09-07,59.6,60.11,58.77,58.86,3086869.0,39700295.0
2017-09-08,58.86,59.28,57.43,58.21,2766599.0,34919566.0
2017-09-11,58.49,64.05,58.49,62.75,10086555.0,134289842.0
2017-09-12,62.61,65.66,61.82,63.03,12206010.0,168600089.0
2017-09-13,62.7,63.3,61.13,62.19,5072601.0,67803215.0
2017-09-14,62.38,62.38,61.36,62.15,5258115.0,70198107.0
2017-09-15,62.33,63.63,60.85,63.49,8632522.0,116302188.0
2017-09-18,64.83,65.48,62.52,63.26,7127863.0,98386081.0
2017-09-19,62.93,63.86,61.87,62.42,3272230.0,44272572.0
2017-09-20,62.66,64.6,60.9,63.72,6287599.0,85559604.0
2017-09-21,63.91,64.55,61.87,62.15,4119900.0,56215275.0
2017-09-22,61.31,62.29,61.31,62.01,2447512.0,32679775.0
2017-09-25,61.92,61.92,58.86,59.6,6102834.0,79147267.0
2017-09-26,59.05,59.93,59.05,59.51,1623250.0,20867673.0
2017-09-27,59.51,60.06,59.09,59.7,1466943.0,18928087.0
2017-09-28,59.46,59.83,58.31,59.05,2318563.0,29521135.0
2017-09-29,59.09,59.83,57.98,58.91,2435690.0,31023115.0
2017-10-09,59.56,59.7,58.49,58.82,3081118.0,39209215.0
2017-10-10,58.86,59.7,58.35,59.51,2990656.0,38306651.0
2017-10-11,59.51,59.93,59.19,59.37,3322650.0,42720262.0
2017-10-12,59.46,60.57,59.37,60.06,3123824.0,40493025.0
2017-10-13,60.16,60.44,59.46,59.88,2084370.0,26933157.0
2017-10-16,59.28,59.28,56.46,57.98,5185775.0,64803903.0
2017-10-17,57.84,57.94,56.92,57.2,1451032.0,17959447.0
2017-10-18,57.47,57.61,56.69,57.15,2283250.0,28303452.0
2017-10-19,57.15,57.15,55.53,55.99,2387433.0,29027612.0
2017-10-20,55.99,56.73,55.44,56.32,2061310.0,24999339.0
2017-10-23,56.73,56.92,56.27,56.83,1996211.0,24493126.0
2017-10-24,56.69,57.1,56.32,56.64,1644800.0,20182886.0
2017-10-25,56.36,57.01,56.13,57.01,1362536.0,16670614.0
2017-10-26,56.73,57.8,56.22,57.52,2375285.0,29440572.0
2017-10-27,57.06,57.75,56.92,57.38,2206100.0,27357118.0
2017-10-30,57.1,57.1,54.93,55.95,2972016.0,35846052.0
2017-10-31,56.27,56.92,55.34,56.87,1722926.0,20941063.0
2017-11-01,56.55,57.34,56.46,56.97,2493629.0,30694388.0
2017-11-02,56.55,57.94,56.46,57.43,3018733.0,37422887.0
2017-11-03,57.2,57.8,55.3,56.27,2803546.0,34184391.0
2017-11-06,56.73,56.73,55.3,55.48,1778324.0,21369878.0
2017-11-07,55.39,56.46,55.07,56.13,1324600.0,15969975.0
2017-11-08,56.04,56.46,55.81,56.41,1658211.0,20148984.0
2017-11-09,56.64,57.01,56.41,56.78,1046850.0,12829438.0
2017-11-10,56.55,56.83,56.09,56.78,1353800.0,16537621.0
2017-11-13,56.97,57.57,56.55,57.2,2485110.0,30578507.0
2017-11-14,56.97,57.52,56.59,57.29,1821200.0,22461993.0
2017-11-15,57.01,57.34,55.9,57.06,1171250.0,14405539.0
2017-11-16,57.06,57.15,54.47,57.1,1886803.0,23128479.0
2017-11-17,57.1,57.15,55.16,55.85,1839400.0,22257535.0
2017-11-20,55.07,57.84,54.42,57.84,3048011.0,36643452.0
2017-11-21,57.84,58.08,56.87,57.34,2006150.0,24855761.0
2017-11-22,57.15,57.61,56.09,56.36,1126317.0,13769846.0
2017-11-23,56.59,56.64,55.39,56.18,1724971.0,20782035.0
2017-11-24,56.09,56.41,55.34,56.13,1109153.0,13390945.0
2017-11-27,55.95,55.99,55.44,55.72,835100.0,10051118.0
2017-11-28,55.9,56.04,55.44,55.85,526250.0,6336440.0
2017-11-29,55.53,56.04,55.21,55.9,828748.0,9964738.0
2017-11-30,55.9,56.13,55.48,55.95,866902.0,10438436.0
2017-12-01,55.99,56.41,55.67,56.04,954600.0,11547317.0
2017-12-04,55.95,56.18,55.62,56.04,830051.0,10020815.0
2017-12-05,55.85,58.49,54.47,57.75,3784506.0,45877633.0
2017-12-06,56.97,58.03,56.22,57.84,2670951.0,32982588.0
2017-12-07,57.84,57.84,56.87,57.38,2681800.0,33203715.0
2017-12-08,57.2,57.52,56.87,57.29,2447306.0,30189997.0
2017-12-11,57.29,58.12,56.83,57.61,1691900.0,20975087.0
2017-12-12,57.2,57.98,57.2,57.57,780700.0,9704126.0
2017-12-13,57.38,59.23,57.2,58.86,2382948.0,30078507.0
2017-12-14,59.19,59.79,58.35,59.65,2849326.0,36412828.0
2017-12-15,59.33,60.99,59.28,60.34,3012653.0,39341862.0
2017-12-18,61.13,61.41,59.37,60.48,2264700.0,29442519.0
2017-12-19,64.74,64.74,58.77,59.79,7240657.0,95692352.0
2017-12-20,59.28,59.51,57.38,57.66,2708000.0,34094823.0
2017-12-21,57.61,57.84,56.92,57.2,1185200.0,14680287.0
2017-12-22,57.1,58.12,57.06,57.2,990400.0,12315849.0
2017-12-25,57.29,57.75,56.22,56.69,988500.0,12160768.0
2017-12-26,56.41,57.57,56.41,57.52,1494143.0,18385308.0
2017-12-27,57.15,58.21,57.15,58.21,1178287.0,14728336.0
2017-12-28,57.75,58.95,57.66,58.58,1121500.0,14176332.0
2017-12-29,58.31,58.95,58.21,58.58,1008743.0,12742462.0
2018-01-02,58.35,60.06,58.35,59.23,1798700.0,23012632.0
2018-01-03,59.23,59.23,58.17,58.35,1770950.0,22381745.0
2018-01-04,58.77,58.95,57.43,57.89,1236650.0,15529083.0
2018-01-05,57.61,58.03,57.29,57.84,1148403.0,14323248.0
2018-01-08,57.75,57.75,56.69,57.24,1182100.0,14595205.0
2018-01-09,57.43,57.43,56.83,57.24,992100.0,12251483.0
2018-01-10,57.15,57.75,56.83,57.66,1206160.0,14942509.0
2018-01-11,57.61,58.54,57.06,58.12,1407450.0,17603280.0
2018-01-12,57.7,60.06,57.7,59.51,3626047.0,46187810.0
2018-01-15,59.09,60.3,57.94,59.46,2702700.0,34434435.0
2018-01-16,59.0,59.83,57.8,58.35,2836450.0,35832690.0
2018-01-17,58.21,60.11,57.34,58.31,2769350.0,34948427.0
2018-01-18,57.84,58.08,57.29,57.52,989450.0,12313697.0
2018-01-19,57.47,57.89,56.32,57.47,2000600.0,24681215.0
2018-01-22,57.47,57.47,55.62,56.5,1301411.0,15869226.0
2018-01-23,56.46,56.78,55.3,55.67,1838600.0,22154269.0
2018-01-24,55.81,57.01,55.53,56.59,1789650.0,21863445.0
2018-01-25,57.15,57.15,56.18,56.55,1155000.0,14118492.0
2018-01-26,56.18,56.69,55.53,56.36,1911010.0,23128369.0
2018-01-29,56.46,56.5,55.53,55.85,1822400.0,21941327.0
2018-01-30,55.85,56.04,55.53,55.76,924000.0,11102091.0
2018-01-31,55.76,56.69,54.28,56.41,1985400.0,23661093.0
2018-02-01,56.13,56.69,50.76,50.76,8666365.0,96330408.0
2018-02-02,45.67,50.02,45.67,49.28,16470689.0,165584137.0
2018-02-05,47.8,47.8,44.93,46.27,5328110.0,53183719.0
2018-02-06,45.44,45.72,43.64,44.1,4028307.0,38769234.0
2018-02-07,44.7,45.35,43.55,44.79,1624100.0,15642660.0
2018-02-08,44.56,45.26,44.56,45.12,746856.0,7252189.0
2018-02-09,44.24,44.89,41.79,44.89,3587900.0,33818118.0
2018-02-12,44.84,45.53,44.05,45.35,1078100.0,10502069.0
2018-02-13,45.3,46.23,44.98,45.81,1372900.0,13582024.0
2018-02-14,45.86,46.78,45.77,46.78,1115706.0,11126633.0
2018-02-22,47.11,47.52,46.74,47.15,1321841.0,13427607.0
2018-02-23,46.74,47.39,46.74,47.2,826364.0,8427375.0
2018-02-26,47.25,48.22,47.2,47.29,935990.0,9615022.0
2018-02-27,47.29,47.76,47.29,47.43,766965.0,7875099.0
2018-02-28,47.43,47.57,47.02,47.11,638065.0,6510567.0
2018-03-01,47.11,47.52,46.74,47.34,815150.0,8296397.0
2018-03-02,47.34,47.99,46.74,47.43,1045351.0,10668219.0
2018-03-05,47.43,47.66,46.74,47.15,934900.0,9517040.0
2018-03-06,47.48,47.99,46.69,47.99,820746.0,8428482.0
2018-03-07,47.99,50.67,47.71,48.82,1874800.0,19993925.0
2018-03-08,48.54,49.7,47.94,49.24,672000.0,7110531.0
2018-03-09,49.24,49.98,48.59,49.65,779961.0,8337213.0
2018-03-12,50.12,50.58,49.61,50.16,1235750.0,13409359.0
2018-03-13,50.16,50.49,49.75,50.02,705758.0,7655537.0
2018-03-14,50.02,50.12,49.28,49.7,1783387.0,19211416.0
2018-03-15,49.93,49.93,49.56,49.88,760107.0,8163190.0
2018-03-16,50.16,50.49,49.88,50.3,969659.0,10524804.0
2018-03-19,50.62,50.72,50.07,50.49,1278500.0,13945163.0
2018-03-20,50.44,51.23,48.87,50.81,910169.0,9909790.0
2018-03-21,51.09,51.13,50.44,50.53,867373.0,9506319.0
2018-03-22,49.98,50.86,49.98,50.67,771950.0,8432780.0
2018-03-23,50.07,50.16,47.34,47.62,1953004.0,20549423.0
2018-03-26,47.57,48.54,45.35,48.45,1042136.0,10662641.0
2018-03-27,48.59,50.44,48.59,50.35,1343783.0,14487049.0
2018-03-28,49.61,50.62,49.61,50.35,885831.0,9635315.0
2018-03-29,50.53,50.9,49.98,50.39,818750.0,8912499.0
2018-03-30,50.86,50.86,49.42,49.79,2965050.0,31937618.0
2018-04-02,49.88,49.93,48.77,49.47,1783603.0,19004862.0
2018-04-03,48.87,49.01,47.76,48.87,861112.0,8999515.0
2018-04-04,48.5,49.01,48.31,48.59,652253.0,6853888.0
2018-04-09,48.5,48.5,47.15,47.8,934483.0,9611313.0
2018-04-10,47.66,48.87,47.25,48.5,795750.0,8251417.0
2018-04-11,47.94,49.75,47.9,49.19,1104300.0,11700437.0
2018-04-12,49.01,49.42,47.71,48.27,1013804.0,10599373.0
2018-04-13,48.08,48.5,46.92,47.43,1784674.0,18273214.0
2018-04-16,46.97,50.44,46.92,50.44,1711100.0,17953749.0
2018-04-17,51.97,51.97,47.29,47.29,3501103.0,37652728.0
2018-04-18,47.34,47.43,46.09,46.32,1604719.0,16117012.0
2018-04-19,46.51,46.83,45.81,45.91,1037361.0,10334237.0
2018-04-20,45.91,45.95,44.24,44.89,1132323.0,10989436.0
2018-04-23,45.12,45.26,44.24,45.21,903952.0,8751131.0
2018-04-24,44.89,45.77,44.89,45.63,1016361.0,10000012.0
2018-04-25,45.49,46.14,45.12,46.0,540576.0,5347646.0
2018-04-26,45.63,45.86,44.89,45.35,553076.0,5436816.0
2018-04-27,46.0,46.0,45.03,45.16,427633.0,4183569.0
2018-05-02,45.44,46.18,45.21,45.81,610595.0,6035303.0
2018-05-03,46.18,46.74,45.03,46.46,1087461.0,10838927.0
2018-05-04,46.41,46.65,46.18,46.41,295453.0,2963813.0
2018-05-07,46.27,46.92,46.27,46.65,567900.0,5718500.0
2018-05-08,46.46,46.92,46.32,46.46,390600.0,3927978.0
2018-05-09,46.46,46.69,46.23,46.65,445100.0,4470802.0
2018-05-10,46.65,46.65,45.58,46.23,558230.0,5556065.0
2018-05-11,46.23,46.51,45.44,45.81,440027.0,4353932.0
2018-05-14,46.0,46.0,44.66,45.26,731100.0,7158194.0
2018-05-15,45.86,45.86,44.24,45.16,345142.0,3361834.0
2018-05-16,45.12,45.12,44.75,45.12,412381.0,4006154.0
2018-05-17,45.3,45.58,44.79,45.58,722525.0,7054030.0
2018-05-18,45.58,45.58,44.98,45.49,406350.0,3972456.0
2018-05-21,46.23,46.46,45.16,46.0,572500.0,5660234.0
2018-05-22,45.72,46.14,45.26,45.53,693289.0,6816782.0
2018-05-23,45.35,45.77,45.12,45.26,595400.0,5841216.0
2018-05-24,45.49,45.49,42.94,44.75,777800.0,7531470.0
2018-05-25,44.38,44.89,44.05,44.47,387550.0,3736658.0
2018-05-28,44.28,44.66,43.55,43.78,428175.0,4086408.0
2018-05-29,43.96,44.33,43.22,43.82,522000.0,4940857.0
2018-05-30,43.5,43.59,42.76,43.55,847300.0,7900031.0
2018-05-31,43.55,45.07,42.94,45.07,1044303.0,9943477.0
2018-06-01,45.07,45.3,44.1,44.66,1116400.0,10747374.0
2018-06-04,44.84,44.84,42.71,44.42,2081250.0,19573762.0
2018-06-05,44.15,44.15,42.94,43.64,1612850.0,15054332.0
2018-06-06,43.64,43.64,42.34,42.34,1616044.0,14971101.0
2018-06-07,42.39,43.04,42.39,42.8,585300.0,5403780.0
2018-06-08,42.8,42.8,41.19,42.11,854350.0,7772244.0
2018-06-11,42.48,42.53,41.28,41.79,714604.0,6489612.0
2018-06-12,41.79,43.5,41.79,42.25,667054.0,6115657.0
2018-06-13,42.11,42.39,41.42,41.79,633420.0,5725499.0
2018-06-14,42.11,42.11,40.63,41.65,885900.0,7898068.0
2018-06-15,40.86,41.09,39.33,40.44,1154723.0,10041044.0
2018-06-19,39.38,40.17,36.42,36.42,1616425.0,13044701.0
2018-06-20,36.37,36.42,33.32,34.89,4856937.0,35854826.0
2018-06-21,34.34,34.61,32.12,32.67,2070200.0,14950238.0
2018-06-22,32.67,34.24,32.16,33.27,1178100.0,8380991.0
2018-06-25,33.6,33.69,31.61,31.79,2308004.0,16087226.0
2018-06-26,31.42,32.35,30.59,31.75,1475104.0,10028195.0
2018-06-27,32.07,32.07,31.33,31.7,1024933.0,7027573.0
2018-06-28,31.7,32.16,31.42,31.61,969750.0,6662594.0
2018-06-29,31.75,32.72,31.56,32.62,1433321.0,9969198.0
2018-07-02,33.73,33.73,32.21,32.76,2405147.0,17218175.0
2018-07-03,32.39,32.9,32.12,32.76,1682948.0,11848907.0
2018-07-04,32.76,33.13,32.12,32.39,853800.0,6003079.0
2018-07-05,32.58,32.62,30.63,31.0,1308230.0,8899916.0
2018-07-06,31.19,32.16,30.63,31.93,1127364.0,7671086.0
2018-07-09,31.7,32.72,31.7,32.58,603630.0,4231660.0
2018-07-10,32.72,32.85,31.79,32.16,1135416.0,7902396.0
2018-07-11,31.98,31.98,30.31,30.87,1380400.0,9232952.0
2018-07-12,30.77,32.35,30.68,32.35,1260296.0,8598475.0
2018-07-13,34.01,35.59,32.9,33.83,5827880.0,43100422.0
2018-07-16,33.78,37.2,33.32,37.2,9909909.0,77237922.0
2018-07-17,37.73,40.91,37.46,40.91,20823414.0,180587397.0
2018-07-18,40.58,43.38,39.18,39.23,27956315.0,247407272.0
2018-07-19,37.5,41.05,35.82,38.72,20203283.0,163665647.0
2018-07-20,36.57,37.92,35.96,36.99,15276162.0,121188750.0
2018-07-23,36.1,39.09,36.01,37.59,13067012.0,105813480.0
2018-07-24,36.66,37.5,35.82,36.9,11317522.0,89010447.0
2018-07-25,36.85,38.67,36.38,38.25,12622446.0,101498135.0
2018-07-26,37.55,37.78,36.48,36.9,9164749.0,73039890.0
2018-07-27,36.52,37.13,35.36,35.54,6188400.0,48153038.0
2018-07-30,35.54,35.82,34.1,34.61,5460250.0,40750223.0
2018-07-31,34.7,35.12,34.56,34.7,2914150.0,21752731.0
2018-08-01,34.84,35.03,32.88,33.07,5334700.0,38747234.0
2018-08-02,33.12,33.21,30.69,31.81,6443747.0,43898898.0
2018-08-03,31.72,32.0,31.25,31.34,2908295.0,19747595.0
2018-08-06,31.3,31.95,30.88,31.07,2873089.0,19319722.0
2018-08-07,30.97,32.19,30.69,32.05,3458130.0,23331189.0
2018-08-08,31.95,32.23,31.02,31.07,3475022.0,23605584.0
2018-08-09,31.02,31.95,30.79,31.67,3689142.0,24969482.0
2018-08-10,31.72,32.0,31.48,31.95,3192086.0,21772722.0
2018-08-13,31.25,32.05,30.97,32.05,2889444.0,19553999.0
2018-08-14,31.91,33.44,31.77,33.26,7582354.0,53390483.0
2018-08-15,32.93,32.93,31.81,31.86,4321944.0,29979532.0
2018-08-16,31.3,31.81,30.97,31.48,2700856.0,18178391.0
2018-08-17,31.77,31.95,30.37,30.46,2345650.0,15644713.0
2018-08-20,30.27,30.88,29.85,30.64,2184800.0,14283288.0
2018-08-21,30.74,30.97,30.46,30.79,2248788.0,14819685.0
2018-08-22,30.83,30.83,29.9,29.9,2257400.0,14664507.0
2018-08-23,30.13,30.55,30.09,30.27,1980150.0,12890850.0
2018-08-24,30.46,30.64,30.13,30.37,1611550.0,10488705.0
2018-08-27,30.32,31.02,30.27,30.93,2036780.0,13409769.0
2018-08-28,30.6,31.2,30.41,30.79,2670800.0,17597244.0
2018-08-29,30.83,30.93,30.09,30.23,2425600.0,15773928.0
2018-08-30,30.23,30.36,29.15,29.2,2700870.0,17140456.0
2018-08-31,29.2,29.29,28.22,28.22,2238383.0,13697910.0
2018-09-03,28.27,28.27,26.91,27.43,3037800.0,17840922.0
2018-09-04,27.43,28.41,27.33,28.31,3112656.0,18719094.0
2018-09-05,28.45,29.15,28.08,28.13,3520100.0,21621757.0
2018-09-06,27.85,28.55,27.33,27.61,2183500.0,13116900.0
2018-09-07,27.61,28.5,27.61,28.03,2616215.0,15827253.0
2018-09-10,28.13,28.69,27.89,28.17,2273700.0,13798602.0
2018-09-11,28.31,28.36,27.29,27.8,1838300.0,10922106.0
2018-09-12,27.66,29.2,27.57,28.73,3796310.0,23236929.0
2018-09-13,28.59,28.87,28.41,28.73,2155281.0,13246041.0
2018-09-14,29.11,29.34,28.45,28.45,1821600.0,11269036.0
2018-09-17,28.45,28.45,27.57,27.85,1490100.0,8892893.0
2018-09-18,27.8,28.59,27.66,28.41,1611600.0,9760318.0
2018-09-19,28.27,28.92,28.27,28.78,2007518.0,12367437.0
2018-09-20,29.11,29.15,28.55,28.97,1746756.0,10812120.0
2018-09-21,29.15,29.29,28.64,28.97,2055691.0,12760046.0
2018-09-25,28.83,28.92,28.59,28.83,1179216.0,7268853.0
2018-09-26,29.01,29.11,28.55,28.97,1598086.0,9897667.0
2018-09-27,28.87,29.15,27.99,27.99,1854408.0,11375254.0
2018-09-28,28.08,29.06,28.08,28.92,1847401.0,11362381.0
2018-10-08,28.92,28.92,27.29,27.47,2065600.0,12393243.0
2018-10-09,27.57,27.85,27.47,27.61,953404.0,5648125.0
2018-10-10,28.41,28.41,27.52,27.71,1019425.0,6061909.0
2018-10-11,26.87,26.87,24.95,25.19,2902998.0,15947757.0
2018-10-12,24.49,25.14,23.37,24.3,2393100.0,12485441.0
2018-10-15,24.58,25.14,24.3,24.3,1721014.0,9098562.0
2018-10-16,24.25,24.86,23.46,23.56,2140999.0,11095843.0
2018-10-17,24.07,24.16,23.41,23.88,1544529.0,7870818.0
2018-10-18,23.79,23.79,23.09,23.32,1349357.0,6775333.0
2018-10-19,23.32,23.74,22.48,23.56,1823100.0,9068100.0
2018-10-22,23.7,25.28,23.7,24.86,2832600.0,14977254.0
2018-10-23,25.14,25.19,24.3,24.58,1766900.0,9381798.0
2018-10-24,24.54,25.0,24.25,24.91,1548300.0,8226249.0
2018-10-25,23.88,24.82,23.88,24.72,1436033.0,7497554.0
2018-10-26,24.91,25.28,24.82,25.0,1498900.0,8038650.0
2018-10-29,25.0,25.0,24.3,24.49,1475300.0,7772243.0
2018-10-30,24.35,24.68,23.7,24.44,1730131.0,8996062.0
2018-10-31,24.68,25.19,24.49,25.19,1854590.0,9887693.0
2018-11-01,25.65,25.65,24.91,24.95,2475393.0,13372354.0
2018-11-02,25.09,25.89,25.09,25.7,2174322.0,11911220.0
2018-11-05,25.98,26.49,25.47,26.45,2918465.0,16348046.0
2018-11-06,26.59,26.59,25.98,26.31,1972700.0,11096810.0
2018-11-07,25.89,27.71,25.89,27.33,3869717.0,22434115.0
2018-11-08,27.38,28.31,27.01,28.03,4609400.0,27534187.0
2018-11-09,27.61,28.27,27.57,27.99,2660103.0,15944072.0
2018-11-12,30.79,30.79,30.79,30.79,1094167.0,7221502.0
2018-11-13,33.86,33.86,33.86,33.86,4600990.0,33403187.0
