2012-10-11,22.9,24.83,22.51,23.86,54115888.0,1267758592.0
2012-10-12,23.05,23.49,21.5,21.79,28464112.0,638948928.0
2012-10-15,21.56,21.78,20.61,21.28,15376098.0,325405312.0
2012-10-16,21.17,21.58,20.72,21.46,12531706.0,265709552.0
2012-10-17,21.3,21.48,20.73,20.73,9554415.0,201132896.0
2012-10-18,20.67,22.08,20.67,21.69,14326561.0,307904928.0
2012-10-19,21.68,21.75,21.35,21.4,6973178.0,149848912.0
2012-10-22,21.05,21.18,20.74,21.14,6602046.0,138569872.0
2012-10-23,21.06,21.2,20.71,20.75,6607797.0,138075328.0
2012-10-24,20.57,20.58,19.88,20.13,10637183.0,214741136.0
2012-10-25,20.19,20.59,20.0,20.5,7436558.0,151237472.0
2012-10-26,20.5,20.85,20.23,20.52,6808723.0,139878032.0
2012-10-29,20.38,21.29,20.28,21.15,7584612.0,158857264.0
2012-10-30,21.18,21.29,20.76,21.21,5023487.0,105642048.0
2012-10-31,21.27,21.63,21.08,21.15,5901470.0,125965488.0
2012-11-01,21.18,21.6,21.1,21.33,6574730.0,140374224.0
2012-11-02,21.46,21.47,20.81,21.11,6409652.0,135354112.0
2012-11-05,21.0,21.17,20.71,20.71,4291769.0,89823432.0
2012-11-06,20.41,22.33,20.41,21.85,14622630.0,315326560.0
2012-11-07,21.65,22.15,21.5,21.7,6686799.0,145702016.0
2012-11-08,21.52,22.44,21.52,21.73,10328273.0,228166288.0
2012-11-09,21.85,22.6,21.73,22.4,10503842.0,234388064.0
2012-11-12,22.31,22.54,21.82,22.18,6964126.0,153938384.0
2012-11-13,22.11,22.54,21.64,21.7,7642797.0,168730992.0
2012-11-14,21.66,22.28,21.36,21.85,7196354.0,157294592.0
2012-11-15,21.6,21.65,20.8,20.9,7425838.0,156789584.0
2012-11-16,20.66,21.16,20.55,20.82,4263956.0,88983200.0
2012-11-19,20.58,21.0,20.5,20.88,3798486.0,78851472.0
2012-11-20,21.0,22.29,20.92,21.93,11170175.0,242284016.0
2012-11-21,21.7,22.08,21.48,22.07,7802653.0,169988704.0
2012-11-22,21.89,22.53,21.82,21.95,8099552.0,179517504.0
2012-11-23,22.05,22.49,21.71,21.79,5750121.0,126522200.0
2012-11-26,21.72,22.05,20.96,21.08,5083921.0,109408080.0
2012-11-27,20.98,20.98,20.0,20.01,5667505.0,115917368.0
2012-11-28,20.1,20.45,19.93,20.16,3696065.0,74632800.0
2012-11-29,20.2,20.44,18.14,18.2,10865987.0,206229248.0
2012-11-30,18.01,18.36,17.78,18.26,5140281.0,93160544.0
2012-12-03,18.26,18.29,16.91,17.11,7672653.0,134138776.0
2012-12-04,17.05,17.66,17.0,17.65,4014203.0,69574176.0
2012-12-05,17.6,18.85,17.5,18.41,8454119.0,154450720.0
2012-12-06,18.25,18.65,18.04,18.26,4306341.0,79029376.0
2012-12-07,18.26,18.65,18.09,18.6,5131577.0,94792136.0
2012-12-10,18.65,19.38,18.56,19.06,5382545.0,102168912.0
2012-12-11,18.98,18.99,18.55,18.59,4554427.0,85363040.0
2012-12-12,18.7,19.45,18.61,19.24,7085372.0,135646496.0
2012-12-13,19.1,19.18,18.6,18.72,4311293.0,81272352.0
2012-12-14,19.02,20.1,18.92,19.85,8754544.0,171049776.0
2012-12-17,19.97,20.35,19.71,20.12,7174337.0,143887808.0
2012-12-18,20.05,20.16,19.66,19.83,5217210.0,104111480.0
2012-12-19,19.85,20.3,19.72,19.98,4069519.0,81774496.0
2012-12-20,19.97,21.0,19.79,20.65,8009342.0,164955008.0
2012-12-21,20.6,21.95,20.5,21.38,9434706.0,199803344.0
2012-12-24,21.28,22.3,21.14,22.2,11667699.0,253835456.0
2012-12-25,22.01,22.86,21.82,22.19,13020306.0,289624192.0
2012-12-26,21.98,24.37,21.98,23.66,16414794.0,385600992.0
2012-12-27,23.75,24.29,22.8,22.85,12724076.0,296855776.0
2012-12-28,22.95,25.14,22.95,25.14,22871668.0,560194368.0
2012-12-31,24.79,25.33,24.08,25.05,16861208.0,418483808.0
2013-01-04,25.16,26.15,24.91,25.38,16896768.0,430912160.0
2013-01-07,25.05,25.99,24.88,25.78,10284738.0,261159872.0
2013-01-08,25.82,27.88,25.5,26.4,15888497.0,424243744.0
2013-01-09,25.94,26.33,25.11,25.61,11832589.0,303931296.0
2013-01-10,25.47,26.19,25.2,25.55,7379099.0,189517056.0
2013-01-11,25.95,26.5,25.57,25.77,10638444.0,277121248.0
2013-01-14,25.92,27.01,25.7,26.91,11692064.0,311544576.0
2013-01-15,27.13,27.78,26.2,26.89,11524827.0,308953184.0
2013-01-16,26.9,27.19,26.1,26.88,8534330.0,227992032.0
2013-01-17,26.79,27.48,26.68,27.18,8464572.0,230082816.0
2013-01-18,27.36,27.64,26.5,27.16,7383147.0,200000832.0
2013-01-21,27.29,28.46,27.22,28.4,8911032.0,249787072.0
2013-01-22,28.2,28.35,25.56,26.13,12067338.0,327091104.0
2013-01-23,26.0,26.0,24.13,25.19,11006031.0,274662976.0
2013-01-24,24.96,25.52,23.8,24.21,10044546.0,246638816.0
2013-01-25,24.0,24.8,23.95,24.55,5159383.0,125846688.0
2013-01-28,24.5,25.3,24.41,25.22,5501877.0,137234720.0
2013-01-29,25.25,25.46,25.03,25.25,5223800.0,131621936.0
2013-01-30,25.2,25.29,24.11,24.44,6461733.0,158674784.0
2013-01-31,24.5,24.53,23.84,24.1,4746853.0,114096840.0
2013-02-01,23.8,24.77,23.8,24.55,4526332.0,110662736.0
2013-02-04,24.58,24.7,23.82,24.05,4342166.0,104649800.0
2013-02-05,23.9,25.29,23.7,24.98,5986416.0,148284624.0
2013-02-06,24.98,25.24,24.7,25.02,3281366.0,81964344.0
2013-02-07,25.0,25.14,24.85,25.09,2745256.0,68608232.0
2013-02-08,25.21,25.98,25.13,25.83,5033037.0,128977384.0
2013-02-18,25.91,26.98,25.91,26.8,7334919.0,195027552.0
2013-02-19,26.83,27.27,26.21,26.8,6546723.0,175024688.0
2013-02-20,26.71,27.17,26.41,27.09,4695838.0,126244736.0
2013-02-21,26.98,27.4,26.01,26.21,5938166.0,158983616.0
2013-02-22,26.13,26.38,25.73,25.78,4783754.0,124484160.0
2013-02-25,25.4,25.98,25.33,25.78,3614610.0,92716008.0
2013-02-26,25.7,25.85,25.29,25.32,4283139.0,109502976.0
2013-02-27,25.77,27.5,25.75,26.63,7837748.0,208670560.0
2013-02-28,26.74,27.2,26.51,26.82,5121019.0,137146672.0
2013-03-01,26.84,27.72,26.83,27.41,7495191.0,205235520.0
2013-03-04,27.17,27.8,26.66,26.84,6145567.0,167163488.0
2013-03-05,26.98,27.8,26.66,27.7,5668223.0,155613552.0
2013-03-06,27.72,28.66,27.72,28.25,5763387.0,163562672.0
2013-03-07,28.25,28.8,27.18,27.18,6019245.0,168640384.0
2013-03-08,27.4,27.8,26.63,27.5,4313782.0,117066096.0
2013-03-11,27.95,27.95,27.15,27.27,3060914.0,84014992.0
2013-03-12,27.35,27.5,25.73,26.08,5366470.0,141414944.0
2013-03-13,26.0,26.48,25.8,26.28,2727387.0,71440616.0
2013-03-14,26.3,26.97,26.3,26.6,2868264.0,76436776.0
2013-03-15,26.62,26.99,26.19,26.51,2531345.0,67450992.0
2013-03-18,26.4,27.38,26.2,27.14,3903726.0,105482672.0
2013-03-19,27.11,27.3,26.49,27.08,2585583.0,69493480.0
2013-03-20,27.07,27.97,26.95,27.94,4417252.0,121988696.0
2013-03-21,27.88,28.47,27.72,28.43,5475256.0,154412224.0
2013-03-22,28.4,30.65,28.17,30.46,10172648.0,300797120.0
2013-03-25,30.59,30.63,29.84,30.05,5174606.0,156186656.0
2013-03-26,30.0,31.0,29.65,30.64,6113282.0,186185664.0
2013-03-27,29.7,29.95,28.51,28.87,11400834.0,334149664.0
2013-03-28,28.88,29.15,28.01,28.62,4709213.0,134876112.0
2013-03-29,28.8,28.95,28.0,28.24,3398235.0,96556192.0
2013-04-01,28.32,29.15,28.19,28.93,3161428.0,90856488.0
2013-04-02,29.0,29.33,28.2,28.4,3032359.0,87173520.0
2013-04-03,28.32,28.54,27.16,27.16,3550078.0,98166384.0
2013-04-08,27.15,27.99,26.38,27.65,2879952.0,78592040.0
2013-04-09,27.65,28.6,27.45,28.37,2690352.0,75857904.0
2013-04-10,28.3,28.66,27.65,28.15,1962456.0,55261284.0
2013-04-11,28.23,28.59,27.55,27.58,1968732.0,55021396.0
2013-04-12,27.54,28.1,27.4,27.72,1254764.0,34909200.0
2013-04-15,27.52,28.52,27.5,28.09,3193659.0,90071080.0
2013-04-16,27.7,28.45,27.52,28.39,1866813.0,52517356.0
2013-04-17,28.57,29.21,28.35,28.88,3079015.0,88766248.0
2013-04-18,28.88,29.5,28.75,29.31,2884340.0,84313792.0
2013-04-19,29.31,29.76,29.1,29.61,3657316.0,107695712.0
2013-04-22,29.5,30.55,29.16,30.46,4256750.0,128078616.0
2013-04-23,31.0,32.02,29.77,29.81,8537856.0,265304160.0
2013-04-24,30.03,32.78,30.03,31.96,8080347.0,255200544.0
2013-04-25,32.1,32.94,31.32,31.4,6534528.0,210254832.0
2013-04-26,31.4,33.48,31.05,32.89,7564819.0,245794368.0
2013-05-02,32.5,34.99,32.35,34.7,7613959.0,259005696.0
2013-05-03,34.7,34.98,34.1,34.98,6879260.0,237682448.0
2013-05-06,35.11,35.31,33.77,34.18,7681484.0,255389568.0
2013-05-07,33.97,34.39,33.3,33.42,5255924.0,172091952.0
2013-05-08,33.49,34.88,33.49,34.06,5109218.0,170055664.0
2013-05-09,33.87,34.75,33.46,34.34,4366251.0,144743824.0
2013-05-10,34.29,34.3,32.53,32.8,6074968.0,195520800.0
2013-05-13,32.7,33.35,32.43,32.92,2961727.0,94837408.0
2013-05-14,32.74,33.17,32.56,32.67,3055830.0,97460096.0
2013-05-15,32.95,34.32,32.5,34.18,5580787.0,182656656.0
2013-05-16,34.31,34.69,33.44,33.69,5306238.0,175125504.0
2013-05-17,33.69,36.16,33.66,35.62,8838031.0,303632480.0
2013-05-20,35.96,37.06,35.51,36.09,5781203.0,203681184.0
2013-05-21,35.83,36.9,35.52,36.68,4410790.0,155554288.0
2013-05-22,36.59,37.27,35.31,35.52,5271317.0,185659376.0
2013-05-23,35.36,36.49,34.85,35.0,4741974.0,163980816.0
2013-05-24,35.11,36.44,35.05,36.28,3926935.0,137030576.0
2013-05-27,36.28,37.19,36.24,36.8,3533064.0,125900056.0
2013-05-28,36.94,37.17,35.31,35.73,4281111.0,149456416.0
2013-05-29,35.72,36.12,35.11,35.88,2853634.0,99189376.0
2013-05-30,35.67,35.92,35.02,35.36,3188238.0,109576128.0
2013-05-31,35.32,36.09,35.11,35.11,2785821.0,96076520.0
2013-06-03,34.88,35.42,33.85,33.97,4830502.0,161512320.0
2013-06-04,33.75,33.97,32.82,33.23,3216536.0,103675920.0
2013-06-05,33.2,33.77,33.2,33.42,2325329.0,75738320.0
2013-06-06,33.25,33.93,33.02,33.65,2367832.0,77471296.0
2013-06-07,33.81,34.98,33.3,34.16,4184357.0,139165104.0
2013-06-13,33.56,35.18,32.44,34.9,4325526.0,143085232.0
2013-06-14,35.19,35.8,34.82,35.53,4019412.0,138125440.0
2013-06-17,35.45,36.18,34.85,35.3,4072685.0,140695184.0
2013-06-18,35.24,35.51,33.56,33.87,4302848.0,143334512.0
2013-06-19,33.75,34.17,32.97,34.04,2684570.0,87447936.0
2013-06-20,33.77,33.79,32.62,32.74,2754916.0,88817296.0
2013-06-21,31.94,32.53,30.94,31.6,3122866.0,96346544.0
2013-06-24,31.78,32.16,28.9,29.7,3649177.0,108678680.0
2013-06-25,29.39,30.88,27.67,30.68,4859536.0,139223760.0
2013-06-26,30.67,31.71,30.31,31.49,4521555.0,136381520.0
2013-06-27,31.48,31.73,28.34,28.34,7778760.0,225833568.0
2013-06-28,27.59,29.44,27.18,29.03,4309852.0,120082368.0
2013-07-01,28.84,30.36,28.31,30.34,3551705.0,102179808.0
2013-07-02,30.06,30.7,29.97,30.47,3179648.0,93732744.0
2013-07-03,29.98,30.28,28.92,29.93,4000801.0,115078096.0
2013-07-04,29.82,31.57,29.51,31.0,4452874.0,133495136.0
2013-07-05,30.9,31.19,30.27,30.31,2731602.0,81299096.0
2013-07-08,29.86,29.87,28.26,28.79,2769645.0,78116776.0
2013-07-09,28.83,29.24,28.54,28.79,2035595.0,57067988.0
2013-07-10,28.72,30.16,28.72,30.16,2486357.0,71236136.0
2013-07-11,30.32,31.6,30.18,31.07,4192734.0,126513800.0
2013-07-12,31.07,31.61,30.42,30.46,3423083.0,103119968.0
2013-07-15,30.88,31.87,30.78,31.47,3182372.0,97383576.0
2013-07-16,31.48,31.74,30.86,31.55,2895274.0,88044816.0
2013-07-17,31.55,32.48,31.19,31.86,4030717.0,124876632.0
2013-07-18,31.73,31.81,30.89,31.04,2759959.0,83710312.0
2013-07-19,30.92,31.26,29.42,29.42,3034250.0,89757176.0
2013-07-22,29.44,30.27,29.17,30.13,2009474.0,58023088.0
2013-07-23,29.96,31.04,29.86,31.02,3133131.0,92907896.0
2013-07-24,30.8,32.12,30.8,31.81,4661447.0,142795360.0
2013-07-25,31.71,31.91,30.6,30.89,2983372.0,90615880.0
2013-07-26,30.67,31.34,30.27,30.47,2498328.0,74426160.0
2013-07-29,30.16,30.25,29.45,29.62,2114450.0,61110948.0
2013-07-30,29.65,30.57,28.72,30.29,2949812.0,84988000.0
2013-07-31,30.27,30.47,29.24,29.53,2079283.0,60296432.0
2013-08-01,29.55,30.22,29.34,30.18,2864536.0,83277848.0
2013-08-02,30.27,30.86,29.92,30.46,3474525.0,102440448.0
2013-08-05,30.46,31.83,30.46,31.48,5311377.0,161848192.0
2013-08-06,31.32,32.41,31.32,31.91,4774393.0,148293344.0
2013-08-07,31.78,32.08,31.14,31.28,3650673.0,111645048.0
2013-08-08,31.35,32.1,30.89,32.08,3235045.0,99200448.0
2013-08-09,32.2,33.22,32.12,32.68,5050717.0,160816560.0
2013-08-12,32.82,33.56,32.53,32.84,4171792.0,133742608.0
2013-08-13,32.83,33.05,32.34,32.9,2154615.0,68496400.0
2013-08-14,32.84,33.51,32.31,32.43,3159913.0,101176352.0
2013-08-15,32.43,32.57,31.61,31.62,2671266.0,83068936.0
2013-08-16,31.41,32.41,31.14,31.16,2531631.0,78160176.0
2013-08-19,30.95,32.07,30.9,32.03,1403031.0,43217684.0
2013-08-20,31.83,32.64,31.5,31.67,2386314.0,74287056.0
2013-08-21,31.52,31.91,31.16,31.69,1687990.0,51580212.0
2013-08-22,31.59,33.01,31.4,32.86,3189766.0,100740904.0
2013-08-23,32.9,33.16,32.05,32.58,3213887.0,101671104.0
2013-08-26,32.58,33.95,32.58,33.79,4402307.0,143748672.0
2013-08-27,33.96,34.38,33.41,34.29,3349530.0,110171568.0
2013-08-28,33.97,34.26,32.59,32.83,3554290.0,115555800.0
2013-08-29,33.3,33.87,31.94,32.33,4009256.0,127868024.0
2013-08-30,32.5,33.2,32.12,32.34,2501256.0,79243752.0
2013-09-02,32.43,33.46,32.02,33.42,2289797.0,73012328.0
2013-09-03,33.41,33.79,33.08,33.52,2387483.0,77562624.0
2013-09-04,33.52,33.65,32.65,32.66,2586697.0,83074368.0
2013-09-05,32.6,32.95,32.23,32.65,2180419.0,68922984.0
2013-09-06,32.47,32.7,31.82,32.15,2663810.0,83170512.0
2013-09-09,32.12,32.42,31.91,32.22,2313181.0,72348376.0
2013-09-10,32.22,32.37,31.15,31.45,3771375.0,115620008.0
2013-09-11,31.45,31.45,30.48,31.17,2872088.0,86361680.0
2013-09-12,31.17,31.55,30.52,30.66,2678721.0,80407024.0
2013-09-13,30.6,31.09,30.1,30.99,2741239.0,81404928.0
2013-09-16,31.01,31.63,30.73,31.57,2345961.0,71125296.0
2013-09-17,31.42,31.57,30.49,30.6,1686454.0,50728792.0
2013-09-18,30.68,31.27,30.68,30.81,1461188.0,43913088.0
2013-09-23,30.83,32.08,30.83,31.99,2694215.0,82865216.0
2013-09-24,31.99,31.99,31.32,31.54,1857414.0,57031760.0
2013-09-25,31.55,31.88,31.3,31.31,1519344.0,46438304.0
2013-09-26,31.2,31.3,30.46,30.59,1998396.0,59722608.0
2013-09-27,30.63,30.99,30.48,30.83,1015804.0,30329358.0
2013-09-30,30.89,31.61,30.68,31.38,1289153.0,39100656.0
2013-10-08,31.29,31.99,30.5,31.91,2004414.0,61293164.0
2013-10-09,31.77,32.89,31.66,32.62,3246240.0,102678912.0
2013-10-10,32.45,32.79,32.0,32.02,2462088.0,77240104.0
2013-10-11,32.44,33.29,32.43,33.04,3632369.0,116238904.0
2013-10-14,33.15,34.43,32.74,34.09,4874814.0,160474912.0
2013-10-15,33.66,33.95,32.58,32.97,4859203.0,156064672.0
2013-10-16,32.97,33.12,32.2,32.46,2603386.0,82215544.0
2013-10-17,32.66,32.9,31.5,31.66,2675469.0,83907680.0
2013-10-18,31.62,31.71,30.86,31.35,3204712.0,96864840.0
2013-10-21,31.2,32.79,31.07,32.55,3695684.0,115045184.0
2013-10-22,32.22,32.51,30.99,31.1,4641520.0,142623664.0
2013-10-23,31.05,31.66,30.99,31.57,2563126.0,78235016.0
2013-10-24,31.4,32.74,31.36,32.13,3120215.0,97919560.0
2013-10-25,31.91,31.91,30.79,31.14,5137356.0,156174048.0
2013-10-28,31.91,32.71,31.51,31.71,3481085.0,108374104.0
2013-10-29,31.4,32.53,31.19,32.16,6594026.0,204349024.0
2013-10-30,32.43,34.3,31.94,33.81,10278698.0,333618560.0
2013-10-31,33.65,33.66,32.2,32.31,11348310.0,363945760.0
2013-11-01,31.91,33.35,31.14,33.07,7739899.0,245173040.0
2013-11-04,33.0,34.12,32.85,33.05,5486077.0,179077904.0
2013-11-05,32.92,35.19,32.49,34.85,9186497.0,304857952.0
2013-11-06,34.48,35.21,34.18,34.31,7909164.0,266726352.0
2013-11-07,34.26,35.82,34.23,34.94,7354220.0,251546672.0
2013-11-08,34.78,34.97,33.66,34.14,5939091.0,197329296.0
2013-11-11,34.24,36.33,34.09,35.83,7515513.0,259304592.0
2013-11-12,35.62,36.63,35.51,36.13,6698258.0,234342096.0
2013-11-13,35.88,37.22,35.72,36.29,7655393.0,272695616.0
2013-11-14,36.23,37.53,35.58,36.8,7351383.0,261691312.0
2013-11-15,36.73,37.88,36.44,37.43,7828350.0,283174144.0
2013-11-18,37.63,39.71,37.54,37.99,12680373.0,475028864.0
2013-11-19,38.01,39.07,37.47,37.99,6140346.0,228432688.0
2013-11-20,38.0,40.66,37.79,40.2,10094729.0,386998816.0
2013-11-21,39.29,40.26,38.97,39.64,10610387.0,406753952.0
2013-11-22,39.69,39.88,38.11,38.3,11033910.0,416784384.0
2013-11-25,37.99,39.37,37.82,39.1,8293215.0,312637024.0
2013-11-26,39.03,40.52,38.9,40.17,8125431.0,313868608.0
2013-11-27,40.17,40.61,39.34,39.76,6035725.0,233658992.0
2013-11-28,39.71,41.7,39.59,41.08,7650425.0,304733600.0
2013-11-29,41.28,42.63,40.77,41.88,9249060.0,374288704.0
2013-12-02,39.64,39.64,37.69,37.69,15158098.0,567753344.0
2013-12-03,37.12,41.46,37.06,41.46,13117001.0,507219296.0
2013-12-04,42.11,45.35,41.62,42.44,14749820.0,622638720.0
2013-12-05,42.11,44.48,41.84,43.14,9207535.0,387004064.0
2013-12-06,43.24,44.42,42.02,43.22,7825143.0,328621216.0
2013-12-09,43.34,47.54,43.34,47.27,13222875.0,590618176.0
2013-12-10,46.67,47.2,45.31,46.66,8691920.0,390199904.0
2013-12-11,46.72,47.72,44.58,45.16,8867652.0,394195552.0
2013-12-12,44.64,45.59,43.77,45.07,7262507.0,315922400.0
2013-12-13,44.31,45.1,43.65,44.18,6658285.0,286609152.0
2013-12-16,43.45,44.15,41.86,42.23,11860621.0,489799456.0
2013-12-17,42.42,43.32,42.13,42.52,5103648.0,211903824.0
2013-12-18,42.52,42.89,40.54,41.24,6523013.0,262493392.0
2013-12-19,41.49,42.0,40.88,41.42,5922037.0,238088096.0
2013-12-20,40.55,41.13,39.96,40.67,8971115.0,353549696.0
2013-12-23,39.95,40.05,38.4,39.63,9103525.0,346875200.0
2013-12-24,39.59,41.58,39.43,40.47,7703460.0,304312864.0
2013-12-25,40.88,42.19,40.77,41.7,6457105.0,261455488.0
2013-12-26,41.08,41.49,37.58,37.88,12344172.0,472466688.0
2013-12-27,38.4,39.22,38.3,38.73,6753919.0,254175312.0
2013-12-30,39.07,40.3,38.81,39.95,6193323.0,238177904.0
2013-12-31,39.42,39.84,38.82,39.4,3910782.0,149404496.0
2014-01-02,39.3,40.6,39.13,40.12,4055831.0,158090736.0
2014-01-03,40.05,40.96,39.79,40.38,4619541.0,181537744.0
2014-01-06,39.84,41.15,38.31,40.39,7312916.0,282656672.0
2014-01-07,39.77,41.03,39.66,40.38,3200970.0,125682376.0
2014-01-08,40.51,42.51,40.51,41.8,6500573.0,263950320.0
2014-01-09,41.82,41.99,40.56,40.56,4037271.0,161933152.0
2014-01-10,41.28,42.38,40.87,41.01,4786766.0,193067984.0
2014-01-13,40.92,42.89,40.67,42.89,6295610.0,258263568.0
2014-01-14,42.98,43.53,42.22,43.28,4903698.0,205153744.0
2014-01-15,43.14,43.14,42.47,42.86,3515311.0,146077744.0
2014-01-16,42.82,43.58,41.98,42.06,3846672.0,159235824.0
2014-01-17,41.91,42.2,40.23,40.43,4325166.0,172516288.0
2014-01-20,40.46,41.24,39.95,40.67,2580913.0,101867424.0
2014-01-21,40.56,40.94,39.97,40.55,2649587.0,104029528.0
2014-01-22,40.54,42.09,40.54,42.09,3837683.0,155125584.0
2014-01-23,42.33,42.89,41.61,41.96,4066088.0,166537504.0
2014-01-24,41.9,44.4,41.73,43.64,5696405.0,239197920.0
2014-01-27,43.46,45.22,43.26,43.98,5285510.0,226948464.0
2014-01-28,43.98,44.45,42.68,43.26,4025085.0,168996624.0
2014-01-29,43.14,43.74,42.31,43.24,3531884.0,147547488.0
2014-01-30,43.17,43.19,42.38,42.58,3011244.0,124773768.0
2014-02-07,42.14,43.14,41.58,42.96,2198081.0,90686760.0
2014-02-10,42.96,44.5,42.78,44.13,3806577.0,162478736.0
2014-02-11,44.15,44.78,42.84,43.16,4190464.0,177650112.0
2014-02-12,43.56,44.01,42.11,43.03,5228066.0,217353952.0
2014-02-13,42.67,42.93,41.47,41.57,6526810.0,266628320.0
2014-02-14,41.7,43.86,41.7,43.86,5997533.0,250718624.0
2014-02-17,44.37,44.76,43.47,44.25,6111798.0,261660672.0
2014-02-18,44.12,45.79,43.56,44.94,7208395.0,315386208.0
2014-02-19,44.63,46.16,44.17,44.63,4603295.0,201362912.0
2014-02-20,45.04,45.45,43.06,43.16,3955548.0,168180256.0
2014-02-21,43.03,43.75,42.61,43.18,3016868.0,126106040.0
2014-02-24,43.13,43.96,42.31,43.93,3493630.0,145534512.0
2014-02-25,43.82,44.03,40.98,41.06,5028574.0,207741728.0
2014-02-26,41.06,41.58,39.65,39.95,5990336.0,236990608.0
2014-02-27,40.07,40.77,38.09,38.55,5660079.0,215248320.0
2014-02-28,39.02,40.46,38.72,39.69,4217338.0,162179904.0
2014-03-03,39.71,41.54,39.69,41.27,3653617.0,145413104.0
2014-03-04,40.98,42.11,40.42,41.78,3909452.0,156978128.0
2014-03-05,42.52,44.26,42.52,43.42,6098447.0,257012016.0
2014-03-06,43.34,44.38,42.36,43.42,3429811.0,144609904.0
2014-03-07,43.33,43.75,42.67,42.73,2320481.0,97060800.0
2014-03-10,42.24,42.24,39.74,40.05,4758917.0,188950816.0
2014-03-11,39.44,41.03,39.44,40.85,2720409.0,107134728.0
2014-03-12,40.85,41.49,39.82,40.45,2049719.0,80738848.0
2014-03-13,40.48,41.7,40.44,41.25,2092639.0,83799896.0
2014-03-14,40.9,42.08,40.87,41.7,2985991.0,120441344.0
2014-03-17,41.61,43.73,41.38,43.71,4518123.0,188986160.0
2014-03-18,43.77,43.81,43.08,43.77,3252116.0,137321184.0
2014-03-19,43.63,44.24,43.16,43.24,2675501.0,113184104.0
2014-03-20,43.03,44.76,42.73,43.29,4418877.0,188026464.0
2014-03-21,42.93,45.5,42.73,45.27,6467692.0,280257152.0
2014-03-24,45.3,47.76,45.3,47.36,7066103.0,321477696.0
2014-03-25,47.34,48.14,45.92,47.86,5082172.0,231735168.0
2014-03-26,47.49,48.49,46.88,46.92,2989240.0,137858784.0
2014-03-27,47.05,48.31,45.08,45.08,4378531.0,198302464.0
2014-03-28,44.79,46.43,44.48,45.5,4644851.0,205566384.0
2014-03-31,47.35,47.35,44.78,44.78,4458874.0,199860544.0
2014-04-01,44.47,49.21,44.28,48.9,5920428.0,273698624.0
2014-04-02,48.9,49.82,48.08,49.38,4780194.0,227502672.0
2014-04-03,49.13,49.38,47.9,48.43,3491613.0,165112032.0
2014-04-04,48.19,49.21,47.27,48.22,3388814.0,158374272.0
2014-04-08,47.9,48.26,47.0,47.8,2815021.0,130097072.0
2014-04-09,47.55,48.15,46.64,48.06,3797499.0,174567536.0
2014-04-10,47.83,49.62,47.69,48.3,5002047.0,237421456.0
2014-04-11,48.06,49.9,47.41,49.63,5004042.0,239102560.0
2014-04-14,49.67,50.1,48.67,49.19,3451598.0,165090560.0
2014-04-15,49.3,50.06,48.54,48.88,2947634.0,140880624.0
2014-04-16,48.24,48.77,47.71,47.74,2791418.0,130508016.0
2014-04-17,47.79,49.06,47.79,48.2,2131764.0,100439112.0
2014-04-18,48.18,48.57,47.79,48.19,1375814.0,64389912.0
2014-04-21,47.87,47.98,46.04,46.14,5020149.0,228127136.0
2014-04-22,46.11,47.36,45.3,47.15,3191635.0,143158992.0
2014-04-23,44.37,47.41,44.37,46.35,2027426.0,91325552.0
2014-04-24,46.43,47.38,45.91,46.86,2125621.0,96660416.0
2014-04-25,47.22,48.95,46.94,47.75,3627793.0,169179184.0
2014-04-28,47.81,48.7,46.69,47.36,3071782.0,142642816.0
2014-04-29,47.2,48.77,47.15,48.7,2975166.0,139297024.0
2014-04-30,48.8,49.73,48.42,48.72,3502157.0,166610144.0
2014-05-05,48.75,49.73,47.98,49.73,2570221.0,121926480.0
2014-05-06,49.48,50.26,49.13,49.24,3009440.0,145416544.0
2014-05-07,49.21,49.82,48.49,49.54,2336247.0,111691616.0
2014-05-08,49.38,49.51,47.36,47.59,3743390.0,176091520.0
2014-05-09,48.0,48.64,46.65,47.6,2969901.0,138019760.0
2014-05-12,48.18,49.5,47.36,49.2,3094431.0,146133344.0
2014-05-13,49.18,49.98,48.7,49.23,2620540.0,125693792.0
2014-05-14,49.29,49.64,48.4,48.54,3210739.0,152410784.0
2014-05-15,48.72,49.65,47.38,47.44,8309274.0,192446608.0
2014-05-16,46.94,46.94,42.7,44.98,14303927.0,304131264.0
2014-05-19,44.64,45.36,43.42,44.14,4473416.0,94419576.0
2014-05-20,44.73,45.76,44.11,44.73,6149250.0,130815720.0
2014-05-21,44.53,45.17,43.97,44.41,4403589.0,93211752.0
2014-05-22,44.45,45.1,44.03,44.22,5753999.0,122057248.0
2014-05-23,44.33,44.56,42.47,43.82,7108132.0,146772944.0
2014-05-26,43.82,45.69,43.17,45.4,8430775.0,178931408.0
2014-05-27,45.25,45.84,44.96,45.38,4929657.0,106580648.0
2014-05-28,45.38,45.86,44.53,45.52,4331209.0,93060048.0
2014-05-29,45.25,45.92,44.75,45.1,4173422.0,89941928.0
2014-05-30,45.1,45.61,44.83,45.42,2832193.0,60857100.0
2014-06-03,45.31,45.95,45.04,45.23,3249670.0,70103936.0
2014-06-04,45.19,45.21,43.52,44.14,4066530.0,85219136.0
2014-06-05,43.82,45.52,43.82,45.17,4594427.0,98518272.0
2014-06-06,45.15,45.55,44.62,44.85,2527771.0,54065368.0
2014-06-09,44.89,45.86,44.73,45.46,4022439.0,86798272.0
2014-06-10,45.46,45.46,44.62,45.31,4409389.0,94256408.0
2014-06-11,45.31,45.76,44.51,45.73,5784745.0,123751576.0
2014-06-12,45.27,45.69,44.96,44.98,4088606.0,88046408.0
2014-06-13,44.91,45.57,44.91,45.25,3157178.0,67834536.0
2014-06-16,45.36,45.42,44.73,45.19,4124013.0,88481176.0
2014-06-17,45.21,45.31,43.84,43.95,5346035.0,112998480.0
2014-06-18,43.99,44.2,41.78,42.05,10046917.0,203359376.0
2014-06-19,42.05,42.37,39.57,39.97,7152500.0,138933232.0
2014-06-20,40.18,41.93,40.09,41.88,5941087.0,115952968.0
2014-06-23,42.03,42.3,41.17,41.46,4129195.0,81835264.0
2014-06-24,41.51,42.01,41.25,41.25,3073520.0,60694752.0
2014-06-25,41.31,41.57,40.39,40.62,2953571.0,57407076.0
2014-06-26,40.64,42.45,40.62,41.76,6308269.0,125848608.0
2014-06-27,41.8,42.43,41.8,42.07,3459890.0,69324752.0
2014-06-30,42.09,43.23,42.07,42.45,4869695.0,98839176.0
2014-07-01,42.62,42.85,41.88,42.47,3156472.0,63388016.0
2014-07-02,42.49,42.62,41.72,42.09,3518434.0,70462032.0
2014-07-03,42.09,43.12,42.09,42.75,4889466.0,99252904.0
2014-07-04,42.47,42.98,41.82,42.24,4179839.0,83874328.0
2014-07-07,42.24,42.41,41.17,41.51,4379331.0,86747896.0
2014-07-08,41.46,41.82,41.21,41.36,3175951.0,62474992.0
2014-07-09,41.44,41.46,39.99,40.01,7382678.0,142040560.0
2014-07-10,40.07,40.37,39.53,39.74,5489636.0,103839840.0
2014-07-11,39.74,40.56,39.63,40.35,3291932.0,63115076.0
2014-07-14,40.45,40.87,40.07,40.75,3766136.0,72454496.0
2014-07-15,40.75,40.77,39.97,40.24,3675262.0,70298256.0
2014-07-16,40.2,40.73,40.03,40.26,2542475.0,48731780.0
2014-07-17,40.28,40.28,39.78,39.93,2278865.0,43284840.0
2014-07-18,39.8,40.98,39.8,40.73,4603633.0,88877104.0
2014-07-21,40.73,41.15,40.35,41.13,3922492.0,75987016.0
2014-07-22,40.81,41.13,40.56,40.73,4767994.0,92431656.0
2014-07-23,40.73,40.73,38.73,39.02,7352463.0,138633664.0
2014-07-24,38.94,39.48,38.68,38.75,5960955.0,110670248.0
2014-07-25,38.83,39.46,38.83,39.15,3147940.0,58506076.0
2014-07-28,39.21,39.91,39.13,39.82,4969032.0,93559608.0
2014-07-29,40.07,40.54,39.84,40.03,7612751.0,145436352.0
2014-07-30,39.99,40.14,39.63,40.03,6278469.0,118880568.0
2014-07-31,40.43,41.84,40.43,41.72,12775419.0,250074512.0
2014-08-01,41.63,42.41,41.0,41.17,10088689.0,200042000.0
2014-08-04,41.27,42.45,41.27,42.35,10948497.0,219370784.0
2014-08-05,42.37,42.49,41.84,42.22,9524007.0,190534720.0
2014-08-06,42.14,42.3,41.69,42.26,7094692.0,141379904.0
2014-08-07,42.09,42.37,41.67,41.8,5661961.0,112999088.0
2014-08-08,41.8,41.99,41.44,41.86,5193292.0,102890840.0
2014-08-11,42.09,42.68,42.09,42.41,6000078.0,120934592.0
2014-08-12,42.49,42.49,41.82,42.03,7953298.0,158741312.0
2014-08-13,42.09,42.22,41.19,41.63,7778009.0,153447392.0
2014-08-14,41.67,41.86,41.23,41.44,6111006.0,120536472.0
2014-08-15,41.44,43.25,41.44,43.19,16823538.0,339650944.0
2014-08-18,43.21,46.2,43.21,45.78,22675900.0,481960992.0
2014-08-19,45.63,45.63,44.81,45.46,11579654.0,249144592.0
2014-08-20,45.57,46.01,44.87,45.12,9668131.0,208017392.0
2014-08-21,45.12,45.67,44.39,45.36,10231730.0,219193712.0
2014-08-22,45.36,45.76,44.51,44.85,9522343.0,203208864.0
2014-08-25,44.83,44.83,43.61,44.01,10027102.0,209938816.0
2014-08-26,43.97,43.97,42.56,42.87,8546709.0,175363888.0
2014-08-27,42.91,43.34,42.47,42.79,6353696.0,129604904.0
2014-08-28,42.94,43.1,42.47,42.98,4867094.0,98895904.0
2014-08-29,43.34,44.07,43.1,43.52,7227803.0,149535632.0
2014-09-01,43.71,43.84,42.35,43.74,12096363.0,247314400.0
2014-09-02,43.92,44.83,43.59,44.77,13438675.0,283048096.0
2014-09-03,44.87,45.15,44.37,45.02,11216517.0,238318912.0
2014-09-04,45.25,45.36,44.64,44.94,8834212.0,188270608.0
2014-09-05,44.96,45.06,44.09,44.49,10424114.0,220348688.0
2014-09-09,44.49,44.98,44.28,44.89,9702680.0,205696672.0
2014-09-10,44.89,45.73,44.47,45.48,12248758.0,262974672.0
2014-09-11,45.5,46.7,45.25,45.71,19345822.0,421437280.0
2014-09-12,45.71,47.36,45.25,47.15,20173532.0,446023296.0
2014-09-15,47.15,48.24,46.74,48.03,20108910.0,455152224.0
2014-09-16,47.95,47.95,45.9,46.07,18929276.0,422689088.0
2014-09-17,45.95,47.61,45.44,47.36,17631844.0,391975072.0
2014-09-18,47.25,48.2,46.77,47.31,12200086.0,275178432.0
2014-09-19,47.04,48.37,46.47,48.07,17708114.0,399107712.0
2014-09-22,47.97,47.97,46.94,47.27,10184866.0,229276160.0
2014-09-23,47.17,48.34,47.06,48.28,16682219.0,378714656.0
2014-09-24,47.99,49.23,47.99,48.32,15215722.0,351456736.0
2014-09-25,48.2,48.77,47.57,47.71,13338669.0,304328000.0
2014-09-26,47.46,47.69,46.72,46.89,12175387.0,272037568.0
2014-09-29,47.06,47.55,46.98,47.06,8193108.0,183866032.0
2014-09-30,47.08,48.09,47.08,47.97,8086231.0,182920928.0
2014-10-08,48.16,48.37,47.52,48.18,8250764.0,188037808.0
2014-10-09,48.18,51.31,47.92,50.6,25182836.0,591378880.0
2014-10-10,50.51,51.31,49.71,50.2,16528958.0,396267328.0
2014-10-13,50.18,50.87,49.42,50.43,12576357.0,299200992.0
2014-10-14,50.53,51.56,49.59,49.9,13836441.0,333023744.0
2014-10-15,49.94,50.16,48.89,49.55,9244496.0,217240432.0
2014-10-16,49.15,50.3,48.74,48.91,9464031.0,222401984.0
2014-10-17,48.53,49.44,47.17,47.8,10922647.0,249498832.0
2014-10-20,48.37,49.02,47.92,48.72,5898963.0,136343744.0
2014-10-21,49.0,49.99,48.74,49.15,9380219.0,220130064.0
2014-10-22,49.15,49.69,47.52,47.63,10019855.0,231445200.0
2014-10-23,47.63,47.84,46.32,46.51,9475917.0,210912032.0
2014-10-24,46.41,46.83,45.48,46.37,8994045.0,196876624.0
2014-10-27,46.09,46.81,45.92,46.77,4722702.0,104462264.0
2014-10-28,46.87,47.86,46.87,47.86,6677729.0,150852880.0
2014-10-29,48.13,48.6,47.5,48.53,10058113.0,230310992.0
2014-10-30,49.12,49.76,48.03,48.13,15782294.0,366114624.0
2014-10-31,48.37,49.42,48.16,48.72,12077908.0,280586176.0
2014-11-03,48.93,49.44,48.39,48.58,9532237.0,220859872.0
2014-11-04,48.58,48.74,47.42,47.63,10200258.0,231883296.0
2014-11-05,47.57,47.57,46.49,46.83,11261815.0,250857344.0
2014-11-06,46.79,47.36,46.74,47.31,5430461.0,121399376.0
2014-11-07,47.42,47.55,46.39,46.56,10611609.0,236307104.0
2014-11-10,46.51,47.25,46.51,47.04,6999356.0,156158704.0
2014-11-11,47.36,47.44,45.04,45.4,11652728.0,254416832.0
2014-11-12,45.44,45.86,45.08,45.82,5304174.0,114844328.0
2014-11-13,45.65,45.65,43.86,44.56,9200073.0,195195952.0
2014-11-14,44.64,44.94,44.24,44.66,5036949.0,106777360.0
2014-11-17,44.73,45.82,44.47,45.59,5507308.0,118899496.0
2014-11-18,45.25,45.9,44.98,45.19,3828862.0,82476688.0
2014-11-19,45.17,45.67,44.98,45.44,4041993.0,87015248.0
2014-11-20,45.46,45.46,44.47,44.64,4668202.0,99509832.0
2014-11-21,44.66,45.15,44.66,45.1,3982518.0,85083368.0
2014-11-24,45.57,46.62,45.38,46.09,11063300.0,242498864.0
2014-11-25,46.07,46.58,45.67,46.28,7265381.0,159433008.0
2014-11-26,46.41,48.74,46.41,47.9,16482624.0,374864608.0
2014-11-27,48.13,48.53,47.04,47.29,13082342.0,295555744.0
2014-11-28,47.38,48.24,46.89,47.34,9691819.0,218761552.0
2014-12-01,47.52,48.07,47.36,47.8,10603765.0,240242304.0
2014-12-02,47.82,48.83,47.78,47.99,12662977.0,290043456.0
2014-12-03,48.2,48.22,46.45,47.48,18449848.0,412547648.0
2014-12-04,47.48,48.28,47.36,47.65,15390614.0,349212640.0
2014-12-05,47.78,47.78,45.67,45.8,18594120.0,409850720.0
2014-12-08,45.78,46.16,45.25,45.34,13432962.0,290836544.0
2014-12-09,45.25,45.27,43.95,43.95,15463204.0,329041856.0
2014-12-10,43.9,45.44,43.78,45.31,8573787.0,182792832.0
2014-12-11,45.4,46.22,44.87,45.4,9362429.0,202300608.0
2014-12-12,45.67,45.71,44.89,45.15,7958741.0,170844944.0
2014-12-15,45.15,46.81,45.0,46.7,12112551.0,265137136.0
2014-12-16,47.02,47.02,45.95,46.32,9151797.0,201126080.0
2014-12-17,46.2,46.2,45.02,45.21,10010488.0,215723264.0
2014-12-18,45.12,45.63,44.64,45.0,6685374.0,143461200.0
2014-12-19,45.36,46.01,44.41,45.23,9353952.0,200360304.0
2014-12-22,45.21,45.21,43.38,43.59,9714891.0,202338560.0
2014-12-23,43.59,44.66,43.5,43.55,7039120.0,147039504.0
2014-12-24,43.8,44.62,43.8,44.41,5879568.0,123536392.0
2014-12-25,44.43,44.89,44.14,44.43,5267181.0,111290112.0
2014-12-26,44.26,44.51,43.86,44.37,6818634.0,143064336.0
2014-12-29,44.33,44.41,43.48,43.67,8010758.0,166555952.0
2014-12-30,43.78,43.95,42.52,42.68,7276712.0,149282944.0
2014-12-31,42.81,43.12,42.2,43.08,7169917.0,145063680.0
2015-01-05,43.06,44.94,42.85,44.77,12857558.0,271907680.0
2015-01-06,44.79,47.31,44.2,47.08,22758026.0,501946592.0
2015-01-07,47.15,47.55,46.09,47.25,13947787.0,310845760.0
2015-01-08,46.98,47.78,46.66,47.0,10573395.0,237810528.0
2015-01-09,46.94,48.81,46.91,47.31,16340366.0,372614048.0
2015-01-12,47.15,48.72,46.94,48.07,12667882.0,289276672.0
2015-01-13,48.83,50.03,48.18,49.73,22691256.0,530593216.0
2015-01-14,49.44,50.05,48.22,48.41,15140052.0,352838944.0
2015-01-15,49.21,51.14,49.21,50.28,17174178.0,409997312.0
2015-01-16,50.28,50.79,49.5,50.09,10217397.0,243066464.0
2015-01-19,48.43,51.06,47.73,48.2,18275040.0,428567456.0
2015-01-20,48.64,51.0,48.41,50.89,20471020.0,487937216.0
2015-01-21,51.25,53.02,51.25,52.15,21166950.0,526471552.0
2015-01-22,51.56,52.83,51.56,52.43,11889408.0,295256896.0
2015-01-23,52.45,52.62,51.16,51.52,11316940.0,277887040.0
2015-01-26,51.59,52.22,50.93,51.56,10305872.0,252179056.0
2015-01-27,51.84,52.6,50.89,52.01,11097348.0,273195648.0
2015-01-28,51.63,52.01,50.49,50.64,12764493.0,310233632.0
2015-01-29,50.68,50.72,49.59,49.67,9327188.0,221499952.0
2015-01-30,49.69,50.7,49.52,49.52,8332404.0,198282976.0
2015-02-02,48.62,50.51,48.62,50.22,8445846.0,199648560.0
2015-02-03,50.47,52.58,50.45,52.2,14784233.0,363123840.0
2015-02-04,53.14,53.4,51.99,51.99,14879463.0,372679968.0
2015-02-05,52.6,56.57,51.59,54.26,23889838.0,612169664.0
2015-02-06,54.51,55.9,53.42,53.99,14773554.0,383260480.0
2015-02-09,53.8,54.49,53.04,53.46,11555715.0,295481152.0
2015-02-10,53.35,54.58,53.0,54.51,8944211.0,228400976.0
2015-02-11,54.74,55.77,54.51,55.56,8284336.0,217767056.0
2015-02-12,55.73,55.94,54.51,55.14,8228734.0,215018256.0
2015-02-13,55.14,55.98,54.93,55.12,8980660.0,236156800.0
2015-02-16,55.14,55.98,54.24,55.46,10756483.0,281050976.0
2015-02-17,55.56,55.92,54.49,54.58,8496874.0,221674160.0
2015-02-25,54.41,56.76,54.36,56.22,11741931.0,311695904.0
2015-02-26,56.01,57.6,55.56,56.49,10173337.0,273290400.0
2015-02-27,56.49,57.58,55.71,57.54,9045780.0,243222480.0
2015-03-02,57.54,58.51,56.59,58.3,12669584.0,347766432.0
2015-03-03,58.47,60.09,57.82,57.84,15549927.0,435558880.0
2015-03-04,57.63,61.44,57.54,61.2,17414300.0,495612096.0
2015-03-05,61.35,62.3,60.11,61.69,12859780.0,373735968.0
2015-03-06,61.56,62.05,58.3,59.23,12435460.0,356375328.0
2015-03-09,58.93,61.98,58.32,61.52,12101213.0,347173792.0
2015-03-10,61.04,62.89,60.97,62.62,8758582.0,257863120.0
2015-03-11,63.14,63.14,60.19,61.37,12607943.0,367616032.0
2015-03-12,62.68,62.68,59.35,59.52,11248927.0,322510112.0
2015-03-13,60.03,62.26,60.03,61.79,11861937.0,347225792.0
2015-03-16,62.51,65.79,61.67,65.08,17027200.0,518839328.0
2015-03-17,65.1,69.75,65.1,67.27,21381100.0,685305920.0
2015-03-18,68.23,69.14,66.51,67.94,15343434.0,492676544.0
2015-03-19,67.98,67.98,66.93,67.41,8555720.0,273428032.0
2015-03-20,67.56,71.77,67.56,70.36,14781314.0,493049984.0
2015-03-23,70.93,73.41,70.93,71.45,16211723.0,554368000.0
2015-03-24,71.35,73.39,69.77,72.72,16286474.0,553651136.0
2015-03-25,72.3,77.98,71.56,76.51,20323324.0,727483072.0
2015-03-26,76.4,77.92,74.61,75.39,13751502.0,496325440.0
2015-03-27,76.19,76.78,73.45,75.12,12495813.0,443087040.0
2015-03-30,75.26,75.85,74.08,74.82,9680310.0,344111808.0
2015-03-31,74.55,75.73,72.72,74.46,15928083.0,560001408.0
2015-04-01,74.82,77.14,73.71,77.01,14696824.0,530600576.0
2015-04-02,76.99,79.79,76.61,79.31,15383083.0,575815104.0
2015-04-03,78.93,79.35,77.89,78.57,12807684.0,477308640.0
2015-04-07,78.88,81.77,78.74,79.35,14407677.0,548625792.0
2015-04-08,79.33,79.35,76.0,77.68,17021124.0,627094976.0
2015-04-09,77.66,78.23,70.3,76.8,20258084.0,716877312.0
2015-04-10,75.98,78.72,75.01,77.26,11036745.0,405099968.0
2015-04-13,77.45,80.55,77.31,80.11,16765785.0,630176192.0
2015-04-14,81.66,82.08,79.35,80.48,11962201.0,458299936.0
2015-04-15,80.4,80.48,77.24,77.26,15349091.0,572901952.0
2015-04-16,76.61,79.68,74.95,78.46,10658526.0,394675680.0
2015-04-17,79.98,81.18,78.34,78.93,12639506.0,476242240.0
2015-04-20,78.74,85.45,78.5,83.33,23021996.0,900255232.0
2015-04-21,83.77,86.29,82.5,86.14,14839735.0,594933568.0
2015-04-22,86.82,90.82,86.82,90.67,13670940.0,585494912.0
2015-04-23,91.13,92.17,87.34,87.77,17498500.0,739848064.0
2015-04-24,87.23,90.59,82.72,88.88,24044402.0,616023360.0
2015-04-27,88.53,90.66,86.24,88.02,21206552.0,547859136.0
2015-04-28,88.19,88.23,82.82,84.16,20524604.0,508598304.0
2015-04-29,85.8,87.47,84.16,86.45,15927602.0,403032224.0
2015-04-30,87.58,88.6,86.45,86.45,13056247.0,332962688.0
2015-05-04,86.86,87.58,85.11,85.97,10044609.0,253839600.0
2015-05-05,85.97,86.55,82.1,82.79,13709656.0,336552224.0
2015-05-06,83.2,86.14,82.72,83.1,16076812.0,398058176.0
2015-05-07,83.13,83.75,81.35,82.1,10547805.0,254419056.0
2015-05-08,83.13,87.82,83.13,87.06,17339516.0,430736768.0
2015-05-11,87.92,92.61,87.58,91.92,29324536.0,773953344.0
2015-05-12,94.62,100.85,92.88,97.43,32311864.0,914562368.0
2015-05-13,97.84,107.18,97.67,106.32,34940672.0,1059141952.0
2015-06-24,109.06,116.96,95.79,108.79,68996712.0,2177153792.0
2015-06-25,107.21,107.21,98.05,99.89,41126624.0,1237941760.0
2015-06-26,95.79,96.1,89.9,89.9,24392538.0,657848768.0
2015-06-29,90.86,94.35,80.91,80.94,40866648.0,1021351296.0
2015-06-30,80.87,89.05,76.49,89.05,40288788.0,982651520.0
2015-07-01,92.71,97.94,89.05,92.03,41007516.0,1138591488.0
2015-07-02,92.02,98.63,82.82,84.4,47029632.0,1242804864.0
2015-07-03,81.93,91.1,76.46,85.53,39036220.0,958842560.0
2015-07-06,94.08,94.08,77.01,85.46,46951356.0,1176309760.0
2015-07-07,78.72,84.84,76.9,76.9,21146844.0,488921632.0
2015-07-13,84.6,84.6,84.6,84.6,2508209.0,62028008.0
2015-07-14,93.05,93.05,93.05,93.05,5697105.0,154961248.0
2015-07-15,97.5,97.5,84.43,84.53,47284144.0,1247193600.0
2015-07-16,84.53,92.95,84.53,92.44,32553548.0,853217664.0
2015-07-17,94.01,100.95,92.54,99.21,27095276.0,774882368.0
2015-07-20,102.53,102.53,96.03,98.15,33436966.0,971822592.0
2015-07-21,96.81,102.15,94.39,99.89,21731804.0,635406336.0
2015-07-22,100.23,106.05,99.76,101.98,23829520.0,718066048.0
2015-07-23,101.12,105.84,99.82,103.96,24409180.0,731097728.0
2015-07-24,103.66,104.92,98.18,98.87,24215968.0,718880384.0
2015-07-27,97.16,100.34,88.98,89.22,25612800.0,712037056.0
2015-07-28,87.41,93.29,80.7,91.65,36939020.0,949526144.0
2015-07-29,92.4,95.07,86.79,95.07,22393472.0,599324480.0
2015-07-30,94.93,96.13,89.97,90.66,18376804.0,501624128.0
2015-07-31,89.01,92.26,88.84,91.65,16401280.0,434587456.0
2015-08-03,91.34,94.69,87.85,94.49,23347402.0,628251072.0
2015-08-04,95.27,98.11,92.64,98.05,19522644.0,547409664.0
2015-08-05,98.35,98.73,94.42,95.58,13273192.0,374688928.0
2015-08-06,92.74,97.46,92.37,94.86,8932776.0,249357024.0
2015-08-07,95.79,99.52,95.38,99.28,19178844.0,545795072.0
2015-08-10,100.58,104.07,98.69,103.66,24105060.0,716613120.0
2015-08-11,102.56,103.89,100.23,100.64,17190328.0,512446272.0
2015-08-12,100.41,103.07,98.8,99.17,13842050.0,408811104.0
2015-08-13,96.64,101.43,96.64,100.82,10559864.0,307781920.0
2015-08-14,101.74,102.29,98.46,99.0,11948920.0,348625632.0
2015-08-17,99.0,99.0,95.17,97.12,10762659.0,304527008.0
2015-08-18,96.33,99.14,90.08,91.85,14312205.0,395083680.0
2015-08-19,88.26,96.44,87.92,94.42,13535179.0,364918368.0
2015-08-20,93.7,94.08,90.83,91.34,9199311.0,247941584.0
2015-08-21,92.64,94.08,88.26,90.35,13761315.0,366517312.0
2015-08-24,86.83,89.97,81.32,81.32,15026893.0,362827712.0
2015-08-25,73.21,80.67,73.17,73.55,38110040.0,826774592.0
2015-08-26,76.08,78.61,68.49,72.25,21005280.0,455876800.0
2015-08-27,75.26,78.2,74.1,78.2,22304756.0,499925152.0
2015-08-28,80.73,83.64,78.68,82.62,17984348.0,423902528.0
2015-08-31,83.13,83.4,78.34,78.34,12649029.0,295912416.0
2015-09-01,78.68,78.96,72.53,72.53,11253656.0,246371040.0
2015-09-02,68.62,75.6,68.49,74.58,18648044.0,393944064.0
2015-09-07,75.19,78.68,73.41,74.3,14811462.0,327490304.0
2015-09-08,74.37,76.77,70.98,76.6,9919692.0,215059600.0
2015-09-09,77.79,81.86,76.8,80.02,15542689.0,360542080.0
2015-09-10,80.39,81.76,78.41,79.26,8564118.0,200163792.0
2015-09-11,78.78,79.88,78.31,79.2,5697592.0,131673400.0
2015-09-14,80.22,80.36,71.84,71.84,9381511.0,207972176.0
2015-09-15,70.23,73.96,69.99,70.47,9632941.0,202158576.0
2015-09-16,70.51,77.52,70.51,77.01,10414966.0,224208640.0
2015-09-17,75.98,78.03,74.58,74.92,9903666.0,221649872.0
2015-09-18,75.16,76.12,73.21,74.85,8613008.0,187487344.0
2015-09-21,73.89,78.0,73.21,77.38,13283197.0,296531072.0
2015-09-22,77.45,79.3,76.97,78.03,9845189.0,225679824.0
2015-09-23,77.96,77.96,74.2,74.95,10819665.0,240322464.0
2015-09-24,75.09,77.25,75.09,76.32,5118764.0,113872080.0
2015-09-25,75.64,76.8,72.22,72.8,9857525.0,213710048.0
2015-09-28,72.94,75.33,71.84,74.0,9064504.0,195361360.0
2015-09-29,73.04,74.0,72.32,73.14,6397300.0,136583008.0
2015-09-30,73.83,74.17,72.15,72.7,4371858.0,93051856.0
2015-10-08,75.26,78.96,74.58,78.68,20889818.0,475725600.0
2015-10-09,78.34,79.54,77.69,79.3,8947097.0,207057968.0
2015-10-12,79.67,84.6,79.33,83.78,18796044.0,456125408.0
2015-10-13,83.85,83.98,81.08,83.27,10500274.0,253146816.0
2015-10-14,82.58,83.16,81.35,82.0,4997795.0,120157184.0
2015-10-15,81.18,83.98,80.77,83.78,9927248.0,241100096.0
2015-10-16,84.46,84.67,82.28,83.88,11110174.0,271313280.0
2015-10-19,83.81,87.23,83.54,85.97,13692614.0,342099040.0
2015-10-20,85.39,86.31,84.33,85.87,8802973.0,219267648.0
2015-10-21,85.94,87.89,80.56,81.39,11885123.0,295388480.0
2015-10-22,81.76,84.7,81.21,83.88,7883298.0,191057200.0
2015-10-23,84.09,86.14,83.3,85.83,11138524.0,276832544.0
2015-10-26,87.23,87.54,84.46,85.83,13427153.0,337832672.0
2015-10-27,85.53,87.37,82.72,86.72,8556442.0,213164992.0
2015-10-28,85.97,89.63,85.18,85.53,9957028.0,254659728.0
2015-10-29,85.59,89.32,84.43,88.26,14854194.0,377458048.0
2015-10-30,88.6,93.12,88.57,92.71,20478696.0,550320320.0
2015-11-02,91.0,98.39,89.97,95.72,22195694.0,621556928.0
2015-11-03,95.58,96.92,92.74,94.49,11994791.0,330752288.0
2015-11-04,94.45,97.29,93.8,97.02,12260375.0,343870336.0
2015-11-05,97.02,97.7,95.14,97.39,7233336.0,203965312.0
2015-11-10,107.14,107.14,99.38,100.64,31471496.0,947069120.0
2015-11-11,101.23,101.94,98.35,100.23,15615830.0,456238496.0
2015-11-12,100.58,100.92,95.96,97.94,17337924.0,496636128.0
2015-11-13,97.6,99.65,96.16,97.39,11289401.0,323032416.0
2015-11-16,95.82,99.38,95.79,98.28,9286029.0,266249088.0
2015-11-17,99.21,99.72,95.79,96.47,10044352.0,288658880.0
2015-11-18,95.96,97.12,94.08,95.48,8252035.0,230361696.0
2015-11-19,97.36,104.0,96.03,102.49,22852740.0,666884352.0
2015-11-20,102.63,108.72,101.94,103.66,22746342.0,695924736.0
2015-11-23,104.51,105.19,100.58,102.8,12122622.0,361948064.0
2015-11-24,101.77,102.29,100.23,101.88,7078536.0,209156608.0
2015-11-25,102.12,104.13,101.6,103.48,13186760.0,396271808.0
2015-11-26,106.05,106.05,100.41,100.41,13624232.0,405140000.0
2015-11-27,100.58,100.58,90.42,91.96,17349192.0,485289280.0
2015-11-30,93.15,94.9,89.01,93.6,11175583.0,302720672.0
2015-12-01,94.42,95.79,93.32,95.1,7053618.0,194788400.0
2015-12-02,95.03,95.79,91.34,95.41,6572373.0,179555136.0
2015-12-03,95.62,96.68,94.08,96.13,8657459.0,241462336.0
2015-12-04,95.62,96.4,93.63,93.97,5124663.0,142572560.0
2015-12-07,95.14,95.14,92.71,93.05,6476685.0,176940480.0
2015-12-08,92.44,95.62,92.37,92.88,8884083.0,244545008.0
2015-12-09,92.64,93.39,91.03,92.13,6405452.0,172428032.0
2015-12-10,90.79,92.3,90.76,91.27,4302662.0,115195040.0
2015-12-11,91.34,92.3,90.31,91.51,5977029.0,159388416.0
2015-12-14,91.0,95.21,90.31,95.1,7334997.0,199311648.0
2015-12-15,95.1,95.34,93.56,93.94,6017414.0,165651024.0
2015-12-16,94.62,94.73,92.37,93.91,7728174.0,211483024.0
2015-12-17,93.94,96.37,93.94,95.82,9438561.0,262820448.0
2015-12-18,95.14,98.46,95.14,96.54,11075233.0,313878176.0
2015-12-21,95.99,98.18,95.51,96.75,10028563.0,284306432.0
2015-12-22,97.77,100.41,96.51,99.24,10328727.0,296341728.0
2015-12-23,98.87,100.13,96.47,96.54,11390684.0,326383936.0
2015-12-24,96.51,100.34,95.79,100.1,12332199.0,355364928.0
2015-12-25,100.92,101.26,98.39,99.69,8921715.0,258837536.0
2015-12-28,99.55,99.86,95.1,95.14,14101456.0,400863712.0
2015-12-29,95.1,99.21,95.1,96.3,6104150.0,171446736.0
2015-12-30,96.13,99.14,95.79,98.11,6129070.0,174969904.0
2015-12-31,98.39,98.52,96.37,96.68,4111658.0,116803128.0
2016-01-04,96.98,97.36,88.98,89.46,6599640.0,179814432.0
2016-01-05,86.55,94.11,86.55,90.76,8355405.0,219222112.0
2016-01-06,90.83,91.68,87.92,90.76,8710297.0,228067552.0
2016-01-07,88.94,88.94,81.76,82.38,2177038.0,54553652.0
2016-01-08,79.71,86.38,79.44,84.12,17063348.0,415662368.0
2016-01-11,82.07,84.84,79.37,79.91,10381161.0,248577232.0
2016-01-12,80.97,82.75,78.85,80.39,7611543.0,180057680.0
2016-01-13,82.1,83.4,79.37,79.88,7394194.0,175803040.0
2016-01-14,78.51,82.45,78.0,81.9,8182795.0,193084832.0
2016-01-15,82.1,82.38,78.27,78.92,8246708.0,192726816.0
2016-01-18,76.97,79.67,76.83,78.38,6004254.0,137542608.0
2016-01-19,78.68,82.0,77.48,81.21,7192371.0,169095648.0
2016-01-20,80.73,82.72,80.46,81.39,8434444.0,201406656.0
2016-01-21,79.74,83.81,78.78,80.29,7220371.0,173075936.0
2016-01-22,81.42,82.07,78.0,79.71,6686421.0,155200128.0
2016-01-25,80.67,82.1,79.81,81.35,5427707.0,128607576.0
2016-01-26,80.43,80.97,76.77,78.34,6369513.0,146842064.0
2016-01-27,78.38,78.96,72.59,75.26,10598671.0,232745472.0
2016-01-28,75.33,75.6,72.53,73.52,5502381.0,119179200.0
2016-01-29,73.38,77.31,71.91,76.49,7611639.0,167012592.0
2016-02-01,76.46,76.9,74.34,74.95,2865204.0,63399748.0
2016-02-02,75.26,78.61,74.95,77.86,6067432.0,137319824.0
2016-02-03,76.97,78.34,75.98,77.93,3652404.0,82188992.0
2016-02-04,78.61,80.26,78.27,79.06,5564081.0,128776016.0
2016-02-05,79.74,80.77,78.92,78.96,3850574.0,89579104.0
2016-02-15,76.94,78.2,76.32,77.45,3608140.0,81649256.0
2016-02-16,77.96,80.05,77.93,79.78,6796607.0,157474912.0
2016-02-17,80.02,80.33,78.34,79.91,7932752.0,183921328.0
2016-02-18,80.22,80.56,78.99,79.16,5830019.0,136021952.0
2016-02-19,79.13,79.5,77.93,78.55,4232487.0,97393480.0
2016-02-22,79.23,81.52,78.99,81.52,10702975.0,251512592.0
2016-02-23,81.56,81.56,78.96,80.05,6746278.0,157949328.0
2016-02-24,79.5,80.53,77.31,78.65,7508647.0,172885760.0
2016-02-25,78.51,78.61,71.09,72.87,10899393.0,238158960.0
2016-02-26,73.38,73.55,69.75,71.43,10076445.0,210123952.0
2016-02-29,74.85,74.92,70.78,72.76,21161528.0,452659648.0
2016-03-01,72.53,75.09,71.16,74.37,12724028.0,271314304.0
2016-03-02,73.86,76.97,73.86,76.94,13969550.0,308657120.0
2016-03-03,76.97,78.61,75.84,75.88,12841622.0,287998784.0
2016-03-04,75.53,76.73,72.25,73.31,11075459.0,240133920.0
2016-03-07,73.72,75.84,73.55,75.06,8675742.0,189610048.0
2016-03-08,75.33,75.88,72.87,75.33,9724170.0,211639040.0
2016-03-09,74.13,75.3,73.21,74.89,6003901.0,130768936.0
2016-03-10,74.58,75.26,73.55,73.72,5080174.0,110281192.0
2016-03-11,72.53,74.2,72.53,74.06,4327271.0,92883848.0
2016-03-14,74.75,78.07,74.51,76.56,10850240.0,243303872.0
2016-03-15,76.73,76.77,75.6,75.74,5098891.0,113372888.0
2016-03-16,76.29,76.56,74.23,74.54,4998390.0,109810736.0
2016-03-17,74.78,77.28,74.78,76.42,7874924.0,175270112.0
2016-03-18,76.56,80.29,76.56,79.33,16587486.0,382775616.0
2016-03-21,80.91,81.08,79.33,80.02,14004859.0,327744448.0
2016-03-22,79.71,80.67,78.99,80.26,10587529.0,247065840.0
2016-03-23,80.39,81.45,79.78,81.42,11715710.0,276559008.0
2016-03-24,81.08,83.81,80.46,82.21,20178204.0,486711456.0
2016-03-25,81.59,82.75,80.33,81.76,11110689.0,264785344.0
2016-03-28,82.48,83.98,80.39,81.35,15183966.0,366993408.0
2016-03-29,81.56,81.66,78.2,79.13,10798677.0,251925856.0
2016-03-30,79.91,84.46,79.37,84.36,21817984.0,526275392.0
2016-03-31,84.64,84.64,82.51,83.47,21628284.0,529142144.0
2016-04-01,83.64,84.02,81.56,82.03,15533104.0,374214720.0
2016-04-05,82.28,84.43,82.28,84.19,15872744.0,387169888.0
2016-04-06,83.98,85.8,83.3,85.73,18174910.0,447821056.0
2016-04-07,86.04,86.21,83.3,83.3,17945920.0,443860352.0
2016-04-08,82.82,83.64,81.08,82.07,14182012.0,341563008.0
2016-04-11,83.06,84.19,83.03,83.37,11727748.0,286622208.0
2016-04-12,83.16,83.81,81.49,82.34,10387993.0,249971904.0
2016-04-13,82.69,84.22,82.48,83.06,15106765.0,368879456.0
2016-04-14,83.51,84.12,82.72,83.78,9163738.0,223278800.0
2016-04-15,83.88,83.98,82.55,82.96,9205646.0,223572336.0
2016-04-18,82.17,82.38,80.6,80.73,10583251.0,251426464.0
2016-04-19,81.25,81.66,80.12,80.73,8621987.0,203626368.0
2016-04-20,81.04,81.52,76.01,77.59,16802504.0,384984992.0
2016-04-21,77.14,78.24,76.39,76.53,7684311.0,174150944.0
2016-04-22,76.46,78.07,76.36,78.07,7407542.0,167002992.0
2016-04-25,77.86,77.86,76.05,76.39,7646153.0,171220064.0
2016-04-26,76.39,77.14,76.12,77.08,6401389.0,143450752.0
2016-04-27,77.35,77.83,76.8,77.79,7384152.0,167244624.0
2016-04-28,77.72,77.96,75.98,77.28,6270850.0,141109504.0
2016-04-29,78.51,80.7,78.44,80.29,15042212.0,349952416.0
2016-05-03,80.39,82.24,80.29,81.8,12272035.0,291656736.0
2016-05-04,81.97,82.24,81.04,81.45,10697731.0,255105088.0
2016-05-05,81.83,83.58,81.52,82.55,18959006.0,457476736.0
2016-05-06,83.61,83.61,76.91,76.91,47045448.0,446732544.0
2016-05-09,75.65,75.99,72.64,72.97,28550168.0,252152432.0
2016-05-10,73.56,74.9,72.05,73.73,18166456.0,159624320.0
2016-05-11,73.89,76.66,73.39,73.98,18100266.0,161507927.0
2016-05-12,74.56,77.5,73.64,76.41,27624915.0,250590904.0
2016-05-13,75.4,76.41,73.14,74.56,21676519.0,194220296.0
2016-05-16,74.23,75.32,72.89,75.23,16185824.0,142988175.0
2016-05-17,75.23,75.65,73.89,74.4,13650347.0,121243164.0
2016-05-18,73.81,74.06,71.63,72.81,15642719.0,135847316.0
2016-05-19,72.89,73.73,71.88,71.97,13087523.0,113784680.0
2016-05-20,71.3,72.55,71.21,72.05,10709037.0,91908809.0
2016-05-23,72.14,72.64,71.8,72.05,13922019.0,119836606.0
2016-05-24,71.97,72.05,70.8,71.05,12384326.0,105376155.0
2016-05-25,71.55,72.14,70.88,71.05,10419533.0,88851437.0
2016-05-26,70.88,71.38,69.62,70.54,12563294.0,105326045.0
2016-05-27,70.54,71.13,70.38,70.63,7498275.0,63302004.0
2016-05-30,70.46,70.46,68.95,69.79,10928357.0,90806317.0
2016-05-31,69.79,72.72,69.54,72.72,21430342.0,183271134.0
2016-06-01,72.97,73.06,71.8,72.05,17065356.0,147308450.0
2016-06-02,72.05,73.06,71.63,72.89,19366253.0,166751671.0
2016-06-03,72.89,76.16,72.64,74.73,30812014.0,274754318.0
2016-06-06,74.56,75.74,73.56,74.23,19372501.0,172607074.0
2016-06-07,74.56,74.56,72.97,73.64,11314785.0,99428754.0
2016-06-08,73.89,73.98,73.06,73.31,9431939.0,82679547.0
2016-06-13,73.31,73.31,69.03,69.12,31507599.0,265904622.0
2016-06-14,69.2,69.79,68.87,69.37,10611378.0,87738031.0
2016-06-15,69.03,72.14,68.28,71.88,22601394.0,191911183.0
2016-06-16,71.88,72.47,70.46,71.55,16400351.0,139582623.0
2016-06-17,71.3,72.3,70.88,71.47,12859711.0,110213509.0
2016-06-20,71.47,71.97,71.13,71.88,9736508.0,83303472.0
2016-06-21,72.05,73.22,70.38,70.96,17269463.0,148390057.0
2016-06-22,70.96,71.72,70.46,71.55,9771605.0,82866072.0
2016-06-23,71.55,72.22,70.38,71.38,14166515.0,120566200.0
2016-06-24,71.47,72.89,69.62,71.63,19107156.0,162381884.0
2016-06-27,72.81,74.98,72.72,73.81,32736286.0,289384191.0
2016-06-28,73.31,74.4,72.55,74.06,26528057.0,232696082.0
2016-06-29,74.56,75.07,73.89,74.15,20407942.0,181097549.0
2016-06-30,74.73,74.73,73.56,73.98,16361243.0,144675915.0
2016-07-01,73.98,74.48,73.81,74.31,17633636.0,156249216.0
2016-07-04,74.23,75.91,73.81,75.32,25995440.0,232476410.0
2016-07-05,75.32,75.91,74.23,74.48,26038957.0,232548887.0
2016-07-06,74.31,74.31,73.39,74.06,17564755.0,154967660.0
2016-07-07,74.06,74.56,73.39,73.73,17037853.0,150179976.0
2016-07-08,73.81,74.31,73.56,73.56,12943424.0,114070027.0
2016-07-11,73.56,74.23,72.97,73.98,20372961.0,179183109.0
2016-07-12,73.98,76.24,73.48,76.07,36780352.0,327384536.0
2016-07-13,76.49,80.43,76.49,79.26,55493873.0,523002078.0
2016-07-14,79.34,79.34,77.67,78.42,21767079.0,203496668.0
2016-07-15,78.33,79.93,78.33,78.59,20480146.0,193269067.0
2016-07-18,78.59,79.0,76.66,76.66,22611912.0,209127243.0
2016-07-19,77.0,77.33,75.91,76.74,19779912.0,180427183.0
2016-07-20,77.92,77.92,76.49,76.58,14995700.0,137865811.0
2016-07-21,76.41,77.5,76.41,76.66,13831565.0,127030300.0
2016-07-22,76.74,76.91,75.07,75.32,18427505.0,167029575.0
2016-07-25,75.23,76.41,75.15,76.24,15715399.0,141881974.0
2016-07-26,76.24,78.67,76.16,78.33,25202211.0,233318979.0
2016-07-27,78.5,79.26,73.73,74.82,38211623.0,348499729.0
2016-07-28,74.82,76.91,74.23,76.66,24933580.0,224990854.0
2016-07-29,76.74,77.58,75.99,76.49,20203591.0,185424061.0
2016-08-01,76.24,76.24,74.23,75.15,16238227.0,145212426.0
2016-08-02,75.4,76.07,74.73,75.15,10962701.0,98677918.0
2016-08-03,75.07,75.23,74.56,74.82,9561815.0,85461507.0
2016-08-04,74.98,75.07,74.06,74.98,19137586.0,170366071.0
2016-08-05,74.65,75.57,74.4,74.9,12283620.0,110028482.0
2016-08-08,77.33,78.67,76.58,77.25,54027139.0,498779889.0
2016-08-09,76.49,77.0,76.07,76.83,25615309.0,233836909.0
2016-08-10,76.66,77.25,76.41,76.41,19344847.0,177489035.0
2016-08-11,76.41,77.16,75.65,76.41,20098728.0,183592341.0
2016-08-12,76.41,77.5,75.65,77.0,18295839.0,167254373.0
2016-08-15,77.0,78.5,76.49,77.75,35121148.0,325512478.0
2016-08-16,77.83,78.59,77.67,77.75,24400702.0,227389392.0
2016-08-17,77.75,81.52,77.67,80.01,44441902.0,422036416.0
2016-08-18,79.84,80.18,78.67,79.09,27862658.0,263697166.0
2016-08-19,78.75,79.51,78.59,78.84,12280828.0,115715813.0
2016-08-22,79.09,79.26,77.5,77.67,16024226.0,149966017.0
2016-08-23,77.75,78.25,77.41,77.83,10296729.0,95598489.0
2016-08-24,77.92,80.43,77.92,79.59,35127330.0,333526855.0
2016-08-25,79.59,81.77,78.84,81.52,49898767.0,481312565.0
2016-08-26,81.1,84.53,80.93,82.19,56799544.0,564001575.0
2016-08-29,82.36,85.29,82.27,83.7,43936244.0,440719944.0
2016-08-30,83.86,84.53,82.44,82.69,25077123.0,248591711.0
2016-08-31,83.7,84.12,82.02,82.94,20092146.0,199289267.0
2016-09-01,83.28,83.28,81.44,81.6,19253202.0,189137977.0
2016-09-02,81.27,82.02,80.18,81.1,18452094.0,178897895.0
2016-09-05,81.18,85.04,81.18,84.12,35543890.0,354856095.0
2016-09-06,84.62,86.21,82.94,85.46,41066973.0,416448136.0
2016-09-07,84.87,87.3,84.03,84.7,32713626.0,334520918.0
2016-09-08,84.79,86.88,84.37,86.29,31368405.0,322769921.0
2016-09-09,86.13,88.97,86.04,87.38,46093412.0,483670008.0
2016-09-12,85.37,89.31,85.04,86.04,43122047.0,446564693.0
2016-09-13,86.38,87.3,84.62,86.46,19717193.0,201792086.0
2016-09-14,85.54,86.29,83.61,84.12,26152439.0,264503466.0
2016-09-19,84.37,85.71,83.11,85.29,21450110.0,216479677.0
2016-09-20,85.29,85.71,83.86,84.2,11469382.0,116002899.0
2016-09-21,83.53,85.04,83.45,84.2,14814119.0,148804051.0
2016-09-22,85.04,85.71,83.95,84.62,26587196.0,269225200.0
2016-09-23,84.62,85.2,83.61,84.45,18445452.0,185628195.0
2016-09-26,83.86,84.45,81.1,81.27,33998011.0,336240890.0
2016-09-27,81.02,82.27,80.09,81.6,19715355.0,190350149.0
2016-09-28,81.6,83.78,81.35,83.11,21528825.0,213197270.0
2016-09-29,82.86,84.03,82.86,83.45,15509437.0,154790177.0
2016-09-30,83.19,84.79,83.11,83.95,16056667.0,161485482.0
2016-10-10,84.62,85.04,83.45,84.37,20295335.0,203799208.0
2016-10-11,84.37,84.45,83.53,83.78,19095714.0,191231978.0
2016-10-12,83.86,84.2,82.94,83.36,12473991.0,124185578.0
2016-10-13,83.03,83.53,82.44,82.69,17564621.0,173602243.0
2016-10-14,82.52,82.94,81.85,82.78,12720142.0,124946760.0
2016-10-17,82.78,82.86,81.18,81.35,14707103.0,143968825.0
2016-10-18,81.27,82.94,81.18,82.86,14725904.0,144909504.0
2016-10-19,82.86,83.19,81.6,82.11,12839981.0,125996914.0
2016-10-20,82.69,82.69,81.69,82.02,17029506.0,166933033.0
2016-10-21,82.11,82.11,80.43,81.18,16694746.0,161518919.0
2016-10-24,80.85,82.36,80.6,81.77,17631398.0,171338802.0
2016-10-25,81.6,81.85,81.1,81.6,9005926.0,87472662.0
2016-10-26,81.27,81.35,78.92,79.84,25576103.0,243798682.0
2016-10-27,80.43,82.69,80.43,82.11,26849072.0,262562405.0
2016-10-28,81.69,82.86,81.44,81.69,13423936.0,131544495.0
2016-10-31,81.69,81.77,80.18,80.93,9094714.0,87509032.0
2016-11-01,81.02,81.27,80.26,80.93,10848259.0,104560295.0
2016-11-02,80.85,81.1,80.18,80.26,9223821.0,88761275.0
2016-11-03,79.59,80.93,79.34,80.01,13265696.0,127033456.0
2016-11-04,80.18,82.61,79.93,80.93,19335521.0,187031534.0
2016-11-07,80.93,81.02,79.34,79.59,16551433.0,157830843.0
2016-11-08,79.84,80.01,78.75,79.17,18224063.0,172307368.0
2016-11-09,78.92,79.34,77.5,78.33,15802284.0,147958921.0
2016-11-10,78.75,80.51,78.75,80.43,19036789.0,180684056.0
2016-11-11,80.43,80.43,78.92,79.26,20301274.0,192340227.0
2016-11-14,79.26,79.59,78.59,78.92,18990380.0,179193441.0
2016-11-15,78.92,79.93,78.92,79.42,13282710.0,126003569.0
2016-11-16,79.42,79.84,79.09,79.51,11980638.0,113543542.0
2016-11-17,79.76,79.76,79.0,79.26,10587516.0,100300958.0
2016-11-18,79.17,79.34,78.59,78.67,11656390.0,109681514.0
2016-11-21,78.75,79.0,78.17,78.67,11184941.0,104946081.0
2016-11-22,78.67,79.26,78.5,78.5,12707320.0,119539171.0
2016-11-23,78.84,79.34,78.59,78.92,14439324.0,136168691.0
2016-11-24,78.92,80.18,78.92,79.51,21820300.0,207497935.0
2016-11-25,79.84,79.84,77.92,79.17,23414927.0,219836539.0
2016-11-28,79.59,79.76,78.5,78.59,19016884.0,178938737.0
2016-11-29,78.5,78.67,77.92,78.0,18381574.0,171594266.0
2016-11-30,77.83,78.17,77.0,77.41,20567961.0,190558804.0
2016-12-01,77.5,78.59,77.5,78.08,14479849.0,135055527.0
2016-12-02,78.33,78.67,77.75,78.0,10758565.0,100413901.0
2016-12-05,77.58,78.5,77.41,77.75,8792700.0,81946681.0
2016-12-06,77.83,78.17,77.5,77.67,7714841.0,71615256.0
2016-12-07,77.83,78.0,77.33,77.92,9867971.0,91472560.0
2016-12-08,77.75,78.17,77.5,77.58,10064345.0,93507196.0
2016-12-09,77.58,77.75,76.74,76.91,13809059.0,127246778.0
2016-12-12,77.5,78.75,75.99,77.83,29170521.0,270711979.0
2016-12-13,77.92,78.25,76.24,77.83,13998563.0,129458021.0
2016-12-14,78.08,78.75,77.67,78.5,20082629.0,188033675.0
2016-12-15,78.33,78.59,77.08,77.5,14813806.0,137769689.0
2016-12-16,77.58,77.75,76.41,77.0,15842639.0,145453594.0
2016-12-19,77.0,77.08,76.24,76.66,10230352.0,93536991.0
2016-12-20,76.66,76.83,75.49,75.82,15043252.0,136197218.0
2016-12-21,75.99,76.32,75.65,76.07,12956625.0,117493572.0
2016-12-22,75.82,76.07,75.23,75.65,12389670.0,111724386.0
2016-12-23,75.91,76.58,75.32,75.82,11039682.0,100189484.0
2016-12-26,75.74,75.99,74.82,75.65,12651078.0,113762905.0
2016-12-27,75.65,75.91,75.4,75.65,6384393.0,57667930.0
2016-12-28,75.74,75.82,75.4,75.49,5524577.0,49826296.0
2016-12-29,75.49,75.82,74.48,74.56,11657316.0,104341490.0
2016-12-30,74.56,74.82,71.8,72.39,31765554.0,276044544.0
2017-01-03,72.39,72.89,71.55,72.81,22126259.0,190284295.0
2017-01-04,72.39,74.98,72.22,74.31,19791922.0,174700465.0
2017-01-05,74.4,74.9,73.89,74.56,10237606.0,90985342.0
2017-01-06,74.23,74.9,73.81,74.48,8324737.0,73917623.0
2017-01-09,74.56,74.82,74.06,74.23,5835045.0,51742678.0
2017-01-10,74.23,75.15,73.73,73.98,8715219.0,77447886.0
2017-01-11,73.98,74.15,73.31,73.39,5673778.0,49910419.0
2017-01-12,73.31,73.56,72.05,72.05,10359982.0,89784874.0
2017-01-13,72.14,72.3,68.28,69.2,23741323.0,198298708.0
2017-01-16,69.37,69.37,64.76,67.03,32498168.0,259979325.0
2017-01-17,67.69,69.79,67.53,69.29,19054729.0,156391759.0
2017-01-18,69.29,71.47,69.12,69.29,18569892.0,155876931.0
2017-01-19,69.7,70.46,68.95,70.04,12127524.0,101036496.0
2017-01-20,70.04,71.05,69.87,70.63,11226237.0,94669393.0
2017-01-23,70.88,71.13,69.7,70.46,10949245.0,91865611.0
2017-01-24,70.21,72.55,70.21,71.8,24619185.0,210273664.0
2017-01-25,71.72,73.14,71.63,72.14,9497917.0,82056849.0
2017-01-26,71.8,72.72,71.8,71.97,4859247.0,41809618.0
2017-02-03,72.39,72.47,71.3,71.38,5331444.0,45721518.0
2017-02-06,71.38,72.39,71.3,72.22,8508238.0,72873120.0
2017-02-07,72.22,72.3,70.88,71.38,11425621.0,97601260.0
2017-02-08,71.05,71.38,69.96,70.88,13954321.0,117386842.0
2017-02-09,70.8,71.88,70.46,71.05,9101740.0,77177920.0
2017-02-10,71.21,71.38,70.54,70.63,7720088.0,65238604.0
2017-02-13,70.63,71.13,70.21,70.71,10964960.0,92585233.0
2017-02-14,70.46,70.8,70.21,70.46,8005170.0,67290872.0
2017-02-15,70.46,70.8,69.62,70.63,22941678.0,192099187.0
2017-02-16,70.54,74.9,70.38,74.73,51656160.0,452453826.0
2017-02-17,74.73,74.73,73.31,74.06,24795073.0,218634446.0
2017-02-20,74.4,74.65,73.22,74.31,18110729.0,159940546.0
2017-02-21,74.31,76.49,73.81,75.65,27986773.0,251688349.0
2017-02-22,75.65,76.41,75.07,75.32,12567899.0,113289397.0
2017-02-23,75.4,75.57,73.73,73.98,17373207.0,153887424.0
2017-02-24,73.73,76.74,73.73,74.9,19727499.0,176859317.0
2017-02-27,74.98,75.99,74.06,74.48,15820655.0,141785597.0
2017-02-28,74.4,74.82,73.14,73.81,23972147.0,210787740.0
2017-03-01,73.81,74.06,72.97,73.89,11523848.0,101322938.0
2017-03-02,73.98,74.06,72.55,72.72,13959643.0,122039017.0
2017-03-03,72.47,73.06,71.55,73.06,11156762.0,96438946.0
2017-03-06,73.06,73.39,72.89,73.14,10681727.0,93156428.0
2017-03-07,73.22,74.73,72.64,74.06,28128297.0,248141320.0
2017-03-08,74.06,74.56,73.56,73.89,15253899.0,134607765.0
2017-03-09,73.73,73.73,72.64,72.97,11811560.0,103060340.0
2017-03-10,72.81,73.47,72.81,72.89,9368813.0,81790249.0
2017-03-13,72.89,73.14,72.14,72.81,13118791.0,113639548.0
2017-03-14,72.89,73.14,72.14,72.22,13794015.0,119217494.0
2017-03-15,72.14,72.3,71.55,71.72,10534302.0,90242349.0
2017-03-16,71.72,72.64,71.72,72.55,14693713.0,126722769.0
2017-03-17,72.72,72.81,71.05,71.21,29413136.0,252109878.0
2017-03-20,71.21,71.8,70.63,71.47,10979636.0,93416233.0
2017-03-21,71.47,71.55,70.71,71.47,10841391.0,92008115.0
2017-03-22,71.63,72.64,71.3,71.88,21311710.0,182853804.0
2017-03-23,71.88,72.14,70.71,71.38,13204299.0,112519939.0
2017-03-24,71.3,71.38,70.71,71.21,10921151.0,92524989.0
2017-03-27,71.3,71.47,70.88,71.13,10453261.0,88806127.0
2017-03-28,71.21,71.3,69.62,70.04,17029591.0,143207959.0
2017-03-29,70.21,70.29,69.2,69.29,15179422.0,126090700.0
2017-03-30,69.12,69.87,68.28,68.45,14954338.0,122875454.0
2017-03-31,68.53,69.03,67.78,68.78,12937579.0,105670627.0
2017-04-05,69.03,69.79,68.45,69.54,19375548.0,159782688.0
2017-04-06,69.54,70.71,69.03,70.54,19241545.0,160744311.0
2017-04-07,70.46,71.88,70.21,71.21,21618634.0,184272913.0
2017-04-10,71.47,71.55,70.63,71.05,13905753.0,117828942.0
2017-04-11,71.13,71.13,69.54,70.29,12291165.0,103099599.0
2017-04-12,70.46,70.88,69.62,69.96,12499604.0,104629368.0
2017-04-13,69.96,70.63,69.62,69.7,10543265.0,88237126.0
2017-04-14,69.79,70.04,69.29,69.7,7961026.0,66107889.0
2017-04-17,69.54,69.62,68.11,68.95,10609163.0,87273036.0
2017-04-18,68.78,69.45,67.86,67.86,11174754.0,91652328.0
2017-04-19,67.86,68.2,65.77,66.44,18413940.0,146841820.0
2017-04-20,66.44,67.78,66.19,66.52,17259440.0,137570003.0
2017-04-21,66.77,68.2,66.61,67.61,15428317.0,124265835.0
2017-04-24,68.11,68.11,66.35,66.77,9477120.0,75602410.0
2017-04-25,66.77,67.28,65.01,65.35,17116016.0,134856696.0
2017-04-26,65.35,66.19,65.01,65.35,13024575.0,101802750.0
2017-04-27,65.43,65.52,62.58,63.67,28014626.0,212708814.0
2017-04-28,59.48,62.42,58.9,59.82,54947289.0,397622879.0
2017-05-02,59.99,60.91,59.48,59.9,18888984.0,135540545.0
2017-05-03,59.82,59.99,57.39,58.48,32682594.0,227634167.0
2017-05-04,58.23,59.4,57.47,58.9,15666002.0,109953282.0
2017-05-05,59.06,59.32,57.89,58.06,10994167.0,76859061.0
2017-05-08,58.06,58.81,57.81,57.81,11243467.0,78171818.0
2017-05-09,57.98,58.14,56.8,57.56,10850229.0,74437446.0
2017-05-10,57.81,58.81,57.14,57.14,11448083.0,79268897.0
2017-05-11,57.05,57.05,55.13,56.8,19382286.0,129484252.0
2017-05-12,56.63,56.8,55.46,56.55,10109407.0,67771894.0
2017-05-15,57.05,57.81,56.89,57.22,8691014.0,59370458.0
2017-05-16,57.14,58.06,56.8,58.06,12305353.0,84181657.0
2017-05-17,58.06,58.48,57.47,57.98,7172039.0,49698725.0
2017-05-18,57.81,58.06,57.31,57.47,8024463.0,55199570.0
2017-05-19,57.64,57.73,56.72,57.47,8839813.0,60232519.0
2017-05-22,57.56,57.73,55.46,55.71,11625585.0,78195371.0
2017-05-23,55.46,55.71,53.37,53.45,12230264.0,79650893.0
2017-05-24,52.2,52.87,51.78,52.45,17477025.0,109139646.0
2017-05-25,52.45,54.62,52.28,53.95,16302741.0,103599923.0
2017-05-26,54.21,55.38,54.04,54.62,14160392.0,92724195.0
2017-05-31,54.96,55.63,54.37,54.46,7075667.0,46317872.0
2017-06-01,54.37,54.62,53.03,53.45,6508246.0,41944039.0
2017-06-02,53.45,53.79,52.61,53.62,7672932.0,48740297.0
2017-06-05,53.7,54.62,53.7,54.12,6557918.0,42437805.0
2017-06-06,54.37,55.04,54.12,54.37,7549444.0,49235579.0
2017-06-07,54.29,56.47,54.21,56.22,16268432.0,107623664.0
2017-06-08,56.22,56.47,55.38,55.63,10713001.0,71563823.0
2017-06-09,55.8,55.8,54.96,55.55,9406996.0,62054054.0
2017-06-12,55.55,56.55,54.46,55.8,15031590.0,99605283.0
2017-06-13,55.88,57.64,55.55,56.97,16830463.0,114221644.0
2017-06-14,57.14,57.47,56.47,56.97,8570833.0,58258959.0
2017-06-15,56.8,57.31,56.63,56.89,9432952.0,64197091.0
2017-06-16,56.97,57.05,55.97,56.13,10521308.0,70767480.0
2017-06-19,56.3,56.3,55.46,55.8,11286454.0,75161090.0
2017-06-20,55.97,56.13,55.55,55.8,9380406.0,62469327.0
2017-06-21,55.88,57.05,55.71,56.47,13499745.0,90968039.0
2017-06-22,56.47,56.47,54.96,54.96,15162874.0,100714111.0
2017-06-23,54.62,55.13,53.95,54.79,8923811.0,58185564.0
2017-06-26,54.79,55.21,54.37,55.13,7159471.0,46819291.0
2017-06-27,55.21,55.3,53.62,54.37,19340580.0,125465586.0
2017-06-28,53.95,54.29,53.54,53.62,11954158.0,76734821.0
2017-06-29,53.7,53.87,52.95,53.37,15917366.0,101279984.0
2017-06-30,53.28,53.79,53.03,53.54,8703194.0,55447000.0
2017-07-03,54.12,54.12,53.28,53.95,9483224.0,60835118.0
2017-07-04,53.79,54.62,53.62,54.37,12274228.0,79552859.0
2017-07-05,54.29,54.54,53.03,53.7,29310632.0,187394239.0
2017-07-06,53.7,54.12,52.87,53.2,23146487.0,147466781.0
2017-07-07,53.12,53.2,52.7,52.95,16326918.0,103042585.0
2017-07-10,52.87,52.95,51.86,52.11,21585700.0,134792673.0
2017-09-12,53.7,57.31,52.87,57.22,154207654.0,1029469086.0
2017-09-13,56.97,61.83,56.13,59.48,145073379.0,1013407574.0
2017-09-14,59.23,59.4,57.64,58.73,64368719.0,449654086.0
2017-09-15,58.73,59.9,57.56,59.4,51828920.0,363165395.0
2017-09-18,58.81,59.99,58.31,58.56,25603548.0,179635627.0
2017-09-19,58.4,58.56,56.97,57.56,36980172.0,254209141.0
2017-09-20,57.22,58.23,56.72,57.98,26213390.0,179551781.0
2017-09-21,58.14,58.23,56.8,56.8,18049500.0,123371498.0
2017-09-22,56.72,56.97,55.8,56.05,16104319.0,108011522.0
2017-09-25,56.05,56.8,55.46,55.46,16124409.0,108140492.0
2017-09-26,55.46,56.13,54.29,54.54,17418894.0,114475262.0
2017-09-27,54.29,54.88,53.79,54.29,25177218.0,162642113.0
2017-09-28,54.54,54.88,53.95,54.71,20659032.0,134471965.0
2017-09-29,54.62,54.79,54.04,54.37,14915127.0,96803093.0
2017-10-09,54.79,55.13,54.62,55.04,12820175.0,84038230.0
2017-10-10,55.04,55.04,54.46,54.79,13204177.0,86210155.0
2017-10-11,54.79,56.64,54.62,56.55,33658692.0,224709859.0
2017-10-12,56.3,56.55,55.55,55.97,16699970.0,111438078.0
2017-10-13,55.8,56.13,55.55,55.97,8354342.0,55734118.0
2017-10-16,56.22,56.3,54.29,54.37,15660668.0,103283537.0
2017-10-17,54.37,54.88,54.12,54.29,8104052.0,52725885.0
2017-10-18,54.88,54.88,53.79,53.87,9123330.0,59121218.0
2017-10-19,53.87,54.21,52.95,53.03,11202627.0,71249238.0
2017-10-20,53.03,54.37,52.95,54.21,10030503.0,64331506.0
2017-10-23,54.12,56.55,53.87,55.46,19071325.0,126334057.0
2017-10-24,55.46,55.88,54.88,55.8,10503116.0,69505515.0
2017-10-25,55.55,55.8,55.3,55.63,8104488.0,53742451.0
2017-10-26,55.71,55.8,55.3,55.63,7277852.0,48214355.0
2017-10-27,55.3,55.88,54.71,54.79,14981751.0,98849647.0
2017-10-30,54.79,56.13,54.04,56.05,21615589.0,142827607.0
2017-10-31,56.13,57.56,55.97,56.97,31528803.0,214244490.0
2017-11-01,56.72,56.97,56.22,56.89,16036060.0,108283709.0
2017-11-02,56.8,56.8,55.46,55.71,15203462.0,101817158.0
2017-11-03,55.71,56.8,55.71,56.55,15259596.0,102519375.0
2017-11-06,56.47,57.22,56.13,56.97,18292551.0,124021623.0
2017-11-07,57.14,57.14,55.97,56.47,16117161.0,108470636.0
2017-11-08,56.47,57.05,56.3,56.47,14027071.0,94771460.0
2017-11-09,56.55,56.89,55.8,56.13,11960116.0,80127706.0
2017-11-10,56.05,56.05,54.96,55.04,18352379.0,121084327.0
2017-11-13,54.88,54.88,53.62,53.87,17449252.0,112892825.0
2017-11-14,53.62,54.62,52.78,53.95,17151130.0,109797296.0
2017-11-15,53.79,54.29,53.37,53.87,6891991.0,44336410.0
2017-11-16,53.95,54.37,53.28,53.37,11961936.0,76720527.0
2017-11-17,53.28,53.54,51.11,52.95,26770676.0,166498155.0
2017-11-20,52.36,52.87,51.36,52.61,10195336.0,63332479.0
2017-11-21,52.45,52.7,51.78,52.28,10231004.0,63768501.0
2017-11-22,52.45,52.87,51.86,52.36,8682001.0,54167126.0
2017-11-23,52.53,52.78,51.94,51.94,10963658.0,68362505.0
2017-11-24,51.94,52.36,51.94,52.28,5078622.0,31611075.0
2017-11-27,52.2,52.36,51.52,51.52,9536749.0,58986789.0
2017-11-28,51.69,52.2,51.61,52.2,5749177.0,35556448.0
2017-11-29,52.03,52.11,51.44,52.11,6454456.0,39904215.0
2017-11-30,52.03,53.28,51.61,52.7,14078787.0,88380124.0
2017-12-01,52.7,53.28,52.53,52.7,6495449.0,40934058.0
2017-12-04,52.53,52.7,51.02,51.69,13743835.0,84838110.0
2017-12-05,51.52,51.61,49.93,50.19,11983366.0,72946315.0
2017-12-06,50.19,51.19,50.02,50.77,11201885.0,67416065.0
2017-12-07,50.35,51.02,50.1,50.35,7302825.0,44080365.0
2017-12-08,50.35,51.19,50.27,50.6,7178747.0,43520209.0
2017-12-11,50.44,51.02,50.44,50.77,4145106.0,25138259.0
2017-12-12,50.69,51.19,50.6,51.02,6008410.0,36557611.0
2017-12-13,50.94,51.02,50.27,50.94,7209330.0,43651912.0
2017-12-14,50.85,53.54,50.77,52.03,11199596.0,69699924.0
2017-12-15,51.94,52.36,51.44,51.69,6101224.0,37770221.0
2017-12-18,51.69,52.2,51.52,51.78,5412524.0,33503951.0
2017-12-19,51.61,51.94,51.52,51.86,2590511.0,16017220.0
2017-12-20,52.11,52.36,51.61,51.69,5142937.0,31857464.0
2017-12-21,51.86,51.94,51.27,51.61,3825428.0,23597083.0
2017-12-22,51.69,52.28,51.61,52.2,5143183.0,31958610.0
2017-12-25,52.11,53.2,51.94,52.53,11045220.0,69467468.0
2017-12-26,52.28,52.7,51.94,52.28,4981352.0,31088443.0
2017-12-27,52.03,52.53,50.6,51.44,16113590.0,99279788.0
2017-12-28,51.19,52.53,50.94,52.28,9390924.0,58364144.0
2017-12-29,52.2,52.53,51.94,52.36,4737335.0,29541553.0
2018-01-02,52.45,52.61,51.94,52.2,7961632.0,49540557.0
2018-01-03,52.03,52.28,51.86,52.2,7493304.0,46581451.0
2018-01-04,52.2,52.45,51.86,51.94,7085677.0,44087144.0
2018-01-05,54.62,54.62,52.2,52.61,20986150.0,132649253.0
2018-01-08,52.61,52.78,51.94,52.11,8083400.0,50364403.0
2018-01-09,52.2,52.2,50.77,51.11,16109777.0,98691475.0
2018-01-10,51.11,51.27,50.77,51.02,9756269.0,59373093.0
2018-01-11,50.85,51.36,50.77,51.19,5738960.0,34969979.0
2018-01-12,51.11,51.27,50.69,50.77,6277347.0,38135837.0
2018-01-15,50.94,50.94,48.51,49.26,12334427.0,73636082.0
2018-01-16,49.26,49.68,48.42,48.76,13577082.0,79279391.0
2018-01-17,48.59,51.27,48.59,51.02,23350286.0,140480125.0
2018-01-18,50.77,51.52,50.69,50.85,8689470.0,53041009.0
2018-01-19,50.94,51.19,50.6,50.6,5802970.0,35201760.0
2018-01-22,50.77,50.77,49.51,50.27,10803159.0,64576422.0
2018-01-23,50.19,50.35,49.51,50.19,10618768.0,63396349.0
2018-01-24,50.02,50.69,50.02,50.6,6611133.0,39787447.0
2018-01-25,50.6,51.44,50.35,50.85,9981256.0,60862032.0
2018-01-26,50.69,51.11,50.69,50.85,4683759.0,28479776.0
2018-01-29,51.02,51.02,50.27,50.44,7010224.0,42445714.0
2018-01-30,50.19,50.6,49.93,50.02,4955280.0,29716303.0
2018-01-31,49.93,50.1,48.59,48.84,10075572.0,58893138.0
2018-02-01,49.09,49.09,46.67,46.67,13641236.0,77310301.0
2018-02-02,46.67,46.83,45.49,45.91,9979237.0,54760567.0
2018-02-05,45.58,46.0,44.66,45.24,12387904.0,66925470.0
2018-02-06,44.99,44.99,41.97,44.4,15645952.0,81815493.0
2018-02-07,43.98,44.82,43.06,44.4,11725996.0,61650751.0
2018-02-08,44.24,47.5,43.82,46.75,16144707.0,88201791.0
2018-02-09,45.58,46.67,45.33,45.83,12913300.0,70744752.0
2018-02-12,47.0,47.5,46.5,46.92,8635532.0,48592885.0
2018-02-13,47.0,48.26,46.83,47.84,9552936.0,54536276.0
2018-02-14,47.59,48.51,47.42,48.34,5992026.0,34436740.0
2018-02-22,48.59,48.93,47.92,48.17,5731851.0,32943363.0
2018-02-23,48.26,48.34,47.5,47.76,4790939.0,27375470.0
2018-02-26,47.92,49.26,47.84,49.26,9660175.0,56115108.0
2018-02-27,49.26,49.6,48.76,48.84,4890642.0,28658255.0
2018-02-28,48.59,50.27,48.17,49.26,10436507.0,61394641.0
2018-03-01,48.93,49.85,48.93,49.35,6994530.0,41294079.0
2018-03-02,49.35,49.77,48.84,48.93,6672942.0,39151045.0
2018-03-05,48.93,48.93,47.76,48.01,5270282.0,30346168.0
2018-03-06,48.01,48.68,47.84,48.34,6422500.0,37020023.0
2018-03-07,48.17,48.42,47.09,47.34,6184621.0,35288758.0
2018-03-08,47.42,48.01,47.42,48.01,4332563.0,24737990.0
2018-03-09,48.01,48.84,48.01,48.59,7514412.0,43460967.0
2018-03-12,48.68,49.18,48.59,48.93,7024028.0,41042218.0
2018-03-13,49.01,49.18,48.68,48.76,6082280.0,35514477.0
2018-03-14,49.01,49.68,48.84,49.01,10853746.0,63826840.0
2018-03-15,49.01,49.09,48.26,48.93,7724464.0,44835697.0
2018-03-16,48.68,48.84,48.34,48.51,4820851.0,27928025.0
2018-03-19,48.68,48.68,47.92,48.17,6473588.0,37252646.0
2018-03-20,47.84,48.17,47.42,47.92,6362495.0,36180662.0
2018-03-21,47.92,48.01,47.0,47.0,9538358.0,54075360.0
2018-03-22,47.0,51.61,47.0,50.69,35143651.0,208187969.0
2018-03-23,48.68,49.01,46.5,46.75,29726067.0,170570034.0
2018-03-26,44.82,49.68,44.82,49.18,22981404.0,130199262.0
2018-03-27,49.6,50.27,49.01,49.77,15620286.0,92548760.0
2018-03-28,49.35,49.51,47.76,47.84,12996886.0,75445676.0
2018-03-29,48.09,48.51,47.59,48.17,6371092.0,36571268.0
2018-03-30,48.26,49.18,48.17,48.84,7772645.0,45242583.0
2018-04-02,48.59,48.93,48.26,48.34,5870280.0,34034673.0
2018-04-03,48.17,48.26,47.5,47.59,5774206.0,32989995.0
2018-04-04,47.42,48.09,47.0,47.0,5547201.0,31423780.0
2018-04-09,46.92,47.84,46.33,47.5,8195849.0,46018369.0
2018-04-10,47.59,47.59,47.0,47.42,4618506.0,26059292.0
2018-04-11,47.34,49.6,47.25,48.84,15136314.0,88452785.0
2018-04-12,48.68,49.18,48.59,49.01,5630040.0,32834299.0
2018-04-13,49.09,49.18,48.59,48.68,5359933.0,31249389.0
2018-04-16,48.26,49.43,48.26,48.76,7521914.0,44080009.0
2018-04-17,49.01,49.09,48.26,48.42,5684604.0,33035305.0
2018-04-18,48.59,48.84,47.42,48.01,5631260.0,32254494.0
2018-04-19,48.01,48.34,47.34,47.76,6437279.0,36746820.0
2018-04-20,47.59,47.76,46.25,47.09,6611740.0,37073293.0
2018-04-23,46.92,47.34,45.99,46.33,5614800.0,31190820.0
2018-04-24,46.33,46.92,46.33,46.83,3896812.0,21743022.0
2018-04-25,46.83,46.92,46.25,46.92,4411777.0,24522951.0
2018-04-26,46.75,46.92,45.49,45.74,5911142.0,32480630.0
2018-04-27,46.08,48.34,46.08,47.5,11625612.0,65510023.0
2018-05-02,47.17,48.51,47.17,48.34,9449497.0,54277035.0
2018-05-03,48.34,49.6,48.01,49.35,12645445.0,73948558.0
2018-05-04,49.18,50.02,48.93,49.09,9010655.0,53185921.0
2018-05-07,49.01,49.68,48.93,49.35,7454984.0,43979699.0
2018-05-08,49.35,49.68,49.01,49.35,7255182.0,42685583.0
2018-05-09,49.43,50.02,49.01,49.77,9346943.0,55325538.0
2018-05-10,49.85,50.6,49.6,50.27,9961325.0,59749796.0
2018-05-11,50.1,50.52,49.6,49.68,5421578.0,32264662.0
2018-05-14,49.85,50.6,49.77,50.44,10314150.0,62044985.0
2018-05-15,50.6,50.6,49.18,49.35,9621238.0,57094392.0
2018-05-16,49.51,50.6,49.26,50.52,10178761.0,60905882.0
2018-05-17,50.44,50.52,48.93,49.26,10218475.0,60293391.0
2018-05-18,49.26,49.77,48.76,49.35,5316384.0,31264163.0
2018-05-21,49.68,50.52,49.68,50.52,9673250.0,57809456.0
2018-05-22,51.02,52.2,50.77,51.78,21429020.0,132183080.0
2018-05-23,51.52,53.03,51.11,52.45,25820782.0,161404056.0
2018-05-24,52.11,52.95,51.52,52.53,14133378.0,88465227.0
2018-05-25,52.36,52.61,51.44,51.94,8998888.0,55869637.0
2018-05-28,51.44,52.28,51.02,52.11,8373821.0,51654238.0
2018-05-29,52.11,52.2,50.85,50.94,8330441.0,51108400.0
2018-05-30,50.52,51.52,49.68,50.69,12698600.0,76703485.0
2018-05-31,50.69,53.03,50.69,52.7,19116118.0,118987516.0
2018-06-01,52.61,52.78,50.94,51.11,15949460.0,98867272.0
2018-06-04,51.61,52.7,51.11,51.27,14351545.0,88571906.0
2018-06-05,51.27,52.36,51.19,52.2,8663749.0,53728660.0
2018-06-06,52.2,52.53,51.36,51.69,7658368.0,47296862.0
2018-06-07,51.69,51.86,49.68,49.85,17520083.0,105742093.0
2018-06-08,50.27,50.52,49.18,50.1,10050629.0,59748646.0
2018-06-11,49.68,50.52,48.93,49.18,9968652.0,59141655.0
2018-06-12,49.51,49.77,48.42,49.77,7269734.0,42622411.0
2018-06-13,49.77,49.77,47.5,47.59,12393112.0,71602168.0
2018-06-14,47.76,48.17,46.41,47.67,13499744.0,76232104.0
2018-06-15,47.67,47.76,46.08,46.75,10471334.0,58390098.0
2018-06-19,46.41,46.58,44.07,44.57,13857225.0,75327180.0
2018-06-20,44.57,45.74,44.57,45.49,6353736.0,34348294.0
2018-06-21,45.41,46.25,44.4,45.83,9099092.0,49367188.0
2018-06-22,45.33,46.67,45.33,46.5,6378421.0,35212577.0
2018-06-25,46.75,46.83,46.16,46.33,4358500.0,24184083.0
2018-06-26,46.08,46.83,45.83,46.33,7633748.0,42238963.0
2018-06-27,46.58,47.09,45.66,45.99,5135945.0,28433195.0
2018-06-28,45.66,46.16,44.4,44.91,7410462.0,40008988.0
2018-06-29,44.82,45.83,44.82,45.74,7773354.0,42183538.0
2018-07-02,45.74,46.08,45.07,45.07,7958020.0,43312836.0
2018-07-03,45.24,45.91,44.57,45.83,9315911.0,50335810.0
2018-07-04,45.74,45.91,44.91,44.91,5750574.0,31162603.0
2018-07-05,44.91,45.33,43.65,44.4,8921955.0,47401255.0
2018-07-06,44.57,46.92,42.81,46.41,17079086.0,91380664.0
2018-07-09,46.75,46.75,44.57,46.0,21784813.0,118303519.0
2018-07-10,45.66,49.35,45.49,47.59,19148888.0,108535315.0
2018-07-11,46.83,47.67,46.25,47.25,8042813.0,44985756.0
2018-07-12,47.0,48.17,47.0,48.09,11822462.0,67217890.0
2018-07-13,48.24,48.5,47.12,47.9,8736052.0,48162108.0
2018-07-16,47.55,47.98,47.12,47.55,3782936.0,20761965.0
2018-07-17,47.55,48.16,47.12,48.07,6782080.0,37416962.0
2018-07-18,48.07,48.41,47.12,48.16,7111783.0,39228570.0
2018-07-19,47.81,47.98,47.03,47.12,4296107.0,23551727.0
2018-07-20,47.12,47.72,47.03,47.46,2618062.0,14374038.0
2018-07-23,47.64,47.72,46.95,47.64,3834960.0,21003327.0
2018-07-24,47.72,48.24,47.55,48.16,5729476.0,31818444.0
2018-07-25,48.16,48.41,46.95,47.12,10257843.0,56427210.0
2018-07-26,47.12,47.46,46.34,46.6,10577980.0,57268193.0
2018-07-27,46.51,47.03,46.25,46.77,6184564.0,33383647.0
2018-07-30,46.95,47.98,46.51,47.03,10514369.0,57724127.0
2018-07-31,46.95,47.38,46.69,47.12,3485733.0,18988789.0
2018-08-01,47.2,47.46,45.82,46.34,8309897.0,44770366.0
2018-08-02,46.17,46.95,44.52,46.95,11737684.0,61973708.0
2018-08-03,46.69,46.69,45.22,45.91,5424275.0,28767391.0
2018-08-06,45.99,45.99,44.44,45.82,10002311.0,52399558.0
2018-08-07,45.56,46.25,44.96,46.08,5777015.0,30635094.0
2018-08-08,46.08,46.34,45.82,45.99,2804866.0,14943597.0
2018-08-09,45.91,46.86,45.82,46.34,5183600.0,27902980.0
2018-08-10,46.43,47.81,46.25,47.55,7526207.0,41042597.0
2018-08-13,46.95,48.5,46.6,48.41,11061592.0,61057032.0
2018-08-14,48.33,48.33,47.03,47.29,7520185.0,41333611.0
2018-08-15,47.38,47.64,46.08,46.86,5000756.0,27066338.0
2018-08-16,46.51,46.51,45.48,46.34,7586796.0,40386575.0
2018-08-17,46.34,46.43,45.39,46.17,4747538.0,25209271.0
2018-08-20,45.91,46.34,45.13,45.82,5900314.0,31155952.0
2018-08-21,45.91,46.25,45.48,45.91,3211095.0,17035309.0
2018-08-22,45.91,45.99,45.39,45.99,3086399.0,16307883.0
2018-08-23,45.99,46.51,45.22,46.51,8923030.0,47293698.0
2018-08-24,46.25,46.25,45.65,45.82,3166251.0,16821966.0
2018-08-27,45.82,46.25,45.65,46.17,4579729.0,24391347.0
2018-08-28,46.34,46.34,45.48,45.82,6119926.0,32449265.0
2018-08-29,45.82,46.17,44.96,45.99,8669120.0,45563990.0
2018-08-30,45.91,45.91,45.13,45.82,9043260.0,47622546.0
2018-08-31,45.48,46.25,45.13,45.91,11037741.0,58277847.0
2018-09-03,45.56,47.64,45.48,47.46,15289074.0,82539309.0
2018-09-04,47.2,47.46,46.86,47.12,13470663.0,73542762.0
2018-09-05,47.03,47.55,46.77,46.95,7304000.0,39817543.0
2018-09-06,46.69,47.46,46.6,46.69,5098120.0,27714541.0
2018-09-07,46.77,47.2,46.43,46.6,3544933.0,19177639.0
2018-09-10,46.43,46.86,46.25,46.34,4166410.0,22417477.0
2018-09-11,46.43,46.69,46.25,46.43,4309305.0,23140790.0
2018-09-12,46.25,46.6,45.65,46.43,7473913.0,39934707.0
2018-09-13,46.43,46.95,45.65,46.6,10305287.0,55181415.0
2018-09-14,46.51,46.86,45.82,46.08,7317100.0,39100137.0
2018-09-17,45.82,47.72,44.52,46.77,20849861.0,110064433.0
2018-09-18,46.34,47.03,46.17,46.6,8221592.0,44345742.0
2018-09-19,46.6,46.86,46.25,46.69,8330942.0,44817766.0
2018-09-20,46.69,47.64,45.91,47.12,18715613.0,101009380.0
2018-09-21,47.03,47.55,46.69,47.38,9142180.0,49981166.0
2018-09-25,47.12,47.38,46.6,46.86,9530000.0,51632083.0
2018-09-26,46.86,47.29,46.43,46.69,9201284.0,49837253.0
2018-09-27,46.77,46.95,45.82,46.25,6031300.0,32314152.0
2018-09-28,46.25,46.6,45.82,46.6,10954105.0,58528114.0
2018-10-08,46.43,46.43,44.35,46.17,22886940.0,120012501.0
2018-10-09,45.39,45.99,45.13,45.91,9883384.0,52066420.0
2018-10-10,45.48,45.91,45.39,45.91,5679718.0,30011177.0
2018-10-11,45.22,45.65,43.23,45.65,20076551.0,103905992.0
2018-10-12,44.96,46.17,44.09,45.82,18391081.0,96157787.0
2018-10-15,45.91,46.08,45.39,45.91,8629608.0,45673448.0
2018-10-16,45.82,45.91,45.13,45.91,7952714.0,41968011.0
2018-10-17,45.82,47.98,45.22,46.77,23513659.0,126118544.0
2018-10-18,46.43,47.03,45.91,46.69,9203444.0,49764148.0
2018-10-19,46.34,47.38,46.17,47.03,10964768.0,59409761.0
2018-10-22,46.95,48.67,46.86,48.16,23041123.0,127621311.0
2018-10-23,47.9,48.07,47.46,47.64,15217927.0,84006570.0
2018-10-24,47.55,47.98,46.51,46.86,9908109.0,53767421.0
2018-10-25,45.82,46.6,43.66,46.6,27800906.0,145169250.0
2018-10-26,45.99,46.25,45.39,45.82,13080400.0,69126268.0
2018-10-29,45.13,45.82,45.04,45.82,7647261.0,40324627.0
2018-10-30,43.49,45.82,43.31,45.73,22233255.0,114622438.0
2018-10-31,45.22,45.73,45.13,45.13,10570049.0,55474916.0
2018-11-01,44.44,47.38,44.44,47.12,28314957.0,149324469.0
2018-11-02,46.51,47.12,45.99,46.43,25741229.0,138485625.0
2018-11-05,46.43,46.43,45.39,46.17,18503251.0,98283447.0
2018-11-06,45.82,46.08,45.04,45.82,17394464.0,91627088.0
2018-11-07,45.65,45.91,44.96,44.96,12979693.0,68233886.0
2018-11-08,45.22,45.39,44.78,44.78,7705844.0,40126054.0
2018-11-09,44.7,45.82,44.44,45.82,20745935.0,108337260.0
2018-11-12,45.56,45.56,45.13,45.48,14556309.0,76328414.0
2018-11-13,45.13,45.65,45.04,45.39,14090040.0,74046037.0
