2015-05-19,17.9,19.53,17.9,19.53,15000.0,291870.0
2015-05-20,21.48,21.48,21.48,21.48,4700.0,100956.0
2015-05-21,23.63,23.63,23.63,23.63,2000.0,47260.0
2015-05-22,25.99,25.99,25.99,25.99,3200.0,83168.0
2015-05-25,28.59,28.59,28.59,28.59,5200.0,148668.0
2015-05-26,31.45,31.45,31.45,31.45,4300.0,135235.0
2015-05-27,34.6,34.6,34.6,34.6,8000.0,276800.0
2015-05-28,38.06,38.06,38.06,38.06,23350.0,888701.0
2015-05-29,41.87,41.87,41.87,41.87,41750.0,1748073.0
2015-06-01,46.06,46.06,46.06,46.06,9950.0,458297.0
2015-06-02,50.67,50.67,50.67,50.67,19250.0,975398.0
2015-06-03,55.74,55.74,55.74,55.74,77548.0,4322526.0
2015-06-04,61.31,61.31,61.31,61.31,150200.0,9208762.0
2015-06-05,67.44,67.44,67.44,67.44,88225.0,5949894.0
2015-06-08,74.18,74.18,64.0,70.82,14285051.0,998888064.0
2015-06-09,63.74,63.74,63.74,63.74,1638100.0,104412496.0
2015-06-10,57.37,70.11,57.37,70.11,11348431.0,730752192.0
2015-06-11,68.12,77.12,65.9,77.12,8744641.0,658413248.0
2015-06-12,84.8,84.83,69.5,69.51,14895052.0,1162326400.0
2015-06-15,62.57,66.3,62.56,62.56,6452049.0,405370432.0
2015-06-16,57.56,61.78,56.3,56.3,6846109.0,391451040.0
2015-06-17,56.0,57.8,53.68,57.0,4702932.0,261721968.0
2015-06-18,55.55,56.52,51.3,51.3,4910262.0,262888352.0
2015-06-19,49.21,51.5,46.21,47.45,3551942.0,172169168.0
2015-06-23,47.7,51.0,47.41,49.95,2862376.0,140251616.0
2015-06-24,50.26,51.23,48.58,50.06,2716717.0,135756064.0
2015-06-25,49.65,49.65,45.2,45.99,2564712.0,123076376.0
2015-06-26,44.4,45.0,41.39,41.39,2324735.0,99136360.0
2015-06-29,42.4,42.8,37.25,37.25,2710177.0,104905768.0
2015-06-30,36.25,39.6,33.53,39.1,4026679.0,146580896.0
2015-07-01,39.0,41.0,36.78,37.0,3928932.0,154778304.0
2015-07-02,36.2,37.7,33.73,34.5,2576585.0,92259144.0
2015-07-03,33.1,35.68,31.2,32.0,2610728.0,86377104.0
2015-07-06,35.2,35.2,31.28,32.89,3461500.0,117295920.0
2015-07-07,32.0,32.5,29.6,29.6,1959902.0,58995728.0
2015-07-08,26.64,27.35,26.64,26.64,2302600.0,61553052.0
2015-07-09,25.6,29.3,25.6,29.3,3135722.0,88987480.0
2015-07-10,31.5,32.23,30.52,32.23,1723399.0,54864020.0
2015-07-13,35.4,35.45,34.3,35.45,2937613.0,103656736.0
2015-07-14,36.55,39.0,36.5,39.0,6317956.0,242008112.0
2015-07-15,37.56,38.25,35.1,35.1,3340321.0,120396112.0
2015-07-16,35.1,36.67,31.6,34.93,3348825.0,116487808.0
2015-07-17,35.05,37.6,35.01,36.9,3200249.0,116422080.0
2015-07-20,36.89,37.95,35.7,36.79,3237092.0,119408632.0
2015-07-21,36.29,38.4,35.52,38.16,3426740.0,128302184.0
2015-07-22,38.49,38.9,36.78,38.81,4076064.0,154990160.0
2015-07-23,38.88,42.69,38.5,42.69,5188806.0,211119248.0
2015-07-24,45.0,45.8,41.5,41.88,6816437.0,300723552.0
2015-07-27,40.47,42.69,37.69,37.69,3505502.0,141370464.0
2015-07-28,35.05,38.28,33.92,35.59,3627103.0,127620680.0
2015-07-29,36.5,39.15,34.72,39.15,3584781.0,132690272.0
2015-07-30,38.5,42.45,37.28,39.28,4653586.0,188280272.0
2015-07-31,38.6,43.0,37.8,41.75,5905045.0,243655600.0
2015-08-03,41.0,45.93,40.03,45.93,7432498.0,326459328.0
2015-08-04,46.66,48.58,41.4,47.7,8779772.0,399106560.0
2015-08-05,45.0,51.49,44.56,50.1,9071350.0,440853504.0
2015-08-06,47.52,49.5,46.0,46.22,5202366.0,247635616.0
2015-08-07,45.2,46.9,44.69,45.86,4361850.0,200140576.0
2015-08-10,46.0,47.97,45.07,47.35,4235632.0,197544896.0
2015-08-11,46.67,49.03,46.67,47.77,4601331.0,221270336.0
2015-08-12,47.34,48.87,45.13,45.24,3640757.0,172168816.0
2015-08-13,45.01,45.89,42.48,45.07,3557321.0,157066256.0
2015-08-14,45.52,45.99,44.5,45.02,2545859.0,114893784.0
2015-08-17,44.8,44.8,42.73,43.39,2213171.0,96452728.0
2015-08-18,42.98,44.43,39.05,39.05,2862771.0,119335592.0
2015-08-19,37.0,40.2,35.36,39.65,2772606.0,104212904.0
2015-08-20,39.2,39.2,36.0,36.49,2074607.0,78704480.0
2015-08-21,35.16,36.35,34.0,35.5,1824800.0,64127468.0
2015-08-24,33.02,33.37,31.95,31.95,1122669.0,36187520.0
2015-08-25,28.76,31.71,28.76,28.76,2027354.0,59618080.0
2015-08-26,29.08,31.64,27.33,30.41,4308277.0,131264568.0
2015-08-27,30.69,31.93,29.02,31.39,2970928.0,90492856.0
2015-08-28,31.1,33.4,30.65,32.82,2878243.0,91521952.0
2015-08-31,32.3,32.32,29.88,29.99,1890658.0,58954812.0
2015-09-01,29.55,29.69,27.12,27.12,1666538.0,47199332.0
2015-09-02,26.21,28.62,25.67,26.14,1438279.0,38847816.0
2015-09-07,26.65,28.0,26.65,27.25,1061377.0,28968076.0
2015-09-08,27.46,29.56,26.25,29.01,1650169.0,46716696.0
2015-09-09,29.05,30.5,29.05,30.33,2260409.0,67627216.0
2015-09-10,30.0,30.0,29.21,29.35,1284110.0,38074108.0
2015-09-11,29.31,29.9,29.3,29.73,791105.0,23429866.0
2015-09-14,29.61,30.26,26.76,26.77,1641208.0,46186108.0
2015-09-15,26.01,27.37,24.5,25.57,1256603.0,32752002.0
2015-09-16,25.97,28.13,25.5,28.0,1653698.0,44602800.0
2015-09-17,27.27,30.25,27.2,27.86,2027679.0,57316488.0
2015-09-18,27.97,28.6,27.7,28.28,1022899.0,28785590.0
2015-09-21,28.0,29.66,26.9,29.53,1576501.0,45705244.0
2015-09-22,29.5,30.15,29.1,29.92,1749674.0,52057880.0
2015-09-23,29.33,30.57,29.01,30.05,2122891.0,63534324.0
2015-09-24,30.05,30.69,29.84,30.23,1703707.0,51587488.0
2015-09-25,30.22,30.27,27.33,27.5,1588038.0,45591408.0
2015-09-28,28.3,28.68,27.51,28.67,1001750.0,28262530.0
2015-09-29,28.1,28.63,27.75,28.21,657446.0,18465206.0
2015-09-30,28.53,31.03,28.28,30.65,3823680.0,115755800.0
2015-10-08,30.99,32.91,30.98,32.39,3778990.0,119937160.0
2015-10-09,31.74,32.75,31.13,31.93,2840208.0,90342784.0
2015-10-12,31.95,33.9,31.74,33.29,2969222.0,97750600.0
2015-10-13,32.58,33.55,32.58,33.49,2538104.0,83739072.0
2015-10-14,32.91,33.49,32.12,32.2,2206747.0,72429848.0
2015-10-15,32.0,33.19,31.8,33.18,2053987.0,67157400.0
2015-10-16,33.5,36.21,32.9,36.1,3755392.0,128771512.0
2015-10-19,35.81,35.82,34.1,34.81,3142412.0,110497672.0
2015-10-20,34.5,35.29,34.18,35.01,2105490.0,73177696.0
2015-10-21,34.93,35.6,31.51,31.51,2719563.0,91030632.0
2015-10-22,31.39,32.81,31.02,32.59,1934787.0,61988172.0
2015-10-23,32.9,33.55,32.5,33.41,2189884.0,72239160.0
2015-10-26,33.81,34.5,33.33,33.95,2015155.0,68189640.0
2015-10-27,33.6,34.39,32.1,34.28,1919562.0,63777948.0
2015-10-28,34.01,36.74,33.82,35.98,4902323.0,173846880.0
2015-10-29,35.6,36.7,35.0,36.29,3334331.0,119813976.0
2015-10-30,36.7,37.99,36.2,36.27,4790761.0,177733888.0
2015-11-02,35.0,37.94,34.06,36.82,4034923.0,148305264.0
2015-11-03,36.48,39.1,36.48,38.95,4917505.0,187237376.0
2015-11-04,38.94,40.0,37.98,39.94,4893910.0,191099680.0
2015-11-05,39.51,40.6,38.69,38.97,4631016.0,182543008.0
2015-11-06,39.02,40.98,39.01,40.7,3580707.0,142989856.0
2015-11-09,40.29,43.55,39.8,42.55,4451684.0,185329552.0
2015-11-10,42.0,42.49,40.8,41.79,3026459.0,126403912.0
2015-11-11,41.9,45.33,41.85,45.3,4253830.0,186628800.0
2015-11-12,45.48,49.78,45.48,48.7,5541874.0,262158928.0
2015-11-13,47.7,48.6,43.83,43.83,5147567.0,234224048.0
2015-11-16,41.52,43.8,41.1,43.44,2784332.0,118729456.0
2015-11-17,44.2,44.99,41.86,41.89,3171221.0,137583456.0
2015-11-18,42.24,42.31,39.51,40.0,2452538.0,100350744.0
2015-11-19,40.8,42.3,40.21,42.3,2291118.0,94454240.0
2015-11-20,42.4,43.98,42.05,43.49,3008046.0,129998744.0
2015-11-23,43.11,44.49,42.3,42.5,2273650.0,98274632.0
2015-11-24,42.65,46.23,42.08,46.19,4100265.0,182614096.0
2015-11-25,46.19,47.34,45.5,46.32,3389391.0,157101216.0
2015-11-26,46.03,47.88,45.33,45.52,3338563.0,155753296.0
2015-11-27,45.03,45.8,42.5,43.27,3122967.0,138595376.0
2015-11-30,43.45,47.6,43.2,47.58,4208632.0,191114944.0
2015-12-01,46.98,49.76,46.0,46.71,5644501.0,272784320.0
2015-12-02,46.02,46.7,42.3,46.15,3239337.0,144899984.0
2015-12-03,46.5,50.68,46.45,49.29,4938785.0,243034512.0
2015-12-04,48.5,49.92,47.93,48.84,3766261.0,184133152.0
2015-12-07,48.81,48.95,47.3,48.48,2207156.0,106439424.0
2015-12-08,48.4,49.2,47.02,48.01,2570734.0,123446976.0
2015-12-09,47.6,48.01,45.75,46.06,2542749.0,118576664.0
2015-12-10,46.39,46.6,44.5,44.62,1892097.0,85809312.0
2015-12-11,44.3,45.0,44.27,44.7,1072109.0,47844648.0
2015-12-14,44.48,45.84,43.0,45.58,1504558.0,66449616.0
2015-12-15,45.62,46.4,45.32,45.36,1176355.0,53957428.0
2015-12-16,45.7,46.98,45.66,46.17,1617707.0,75167184.0
2015-12-17,46.75,48.2,46.52,47.97,2268542.0,107541216.0
2015-12-18,47.99,48.5,46.8,46.95,2041278.0,96853616.0
2015-12-21,46.65,48.2,46.0,48.16,2100840.0,99023040.0
2015-12-22,48.19,51.55,47.99,50.53,4105405.0,205757664.0
2015-12-23,50.43,53.0,49.3,51.08,4174455.0,212426944.0
2015-12-24,50.8,54.54,50.0,54.15,4389358.0,231108448.0
2015-12-25,53.6,54.65,52.0,52.7,3165389.0,168933856.0
2015-12-28,52.78,53.06,49.5,49.6,3509886.0,178707264.0
2015-12-29,49.02,50.4,49.0,50.07,1422475.0,70969528.0
2015-12-30,50.2,50.99,49.23,49.7,1546311.0,77257728.0
2015-12-31,49.71,49.92,47.36,48.85,1850701.0,90059288.0
2016-01-04,48.0,48.03,43.97,43.97,1368900.0,62588704.0
2016-01-05,41.0,43.1,39.58,41.88,2365481.0,97917976.0
2016-01-06,42.2,45.82,42.04,45.59,2492616.0,108727584.0
2016-01-07,44.01,44.5,41.03,41.05,492830.0,21034032.0
2016-01-08,44.0,44.0,39.05,42.97,2376532.0,100542568.0
2016-01-11,42.9,42.9,38.67,38.67,1716688.0,69539136.0
2016-01-12,39.5,39.5,36.8,38.65,1497501.0,57637540.0
2016-01-13,39.46,39.89,36.01,36.25,1225400.0,46817128.0
2016-01-14,35.0,39.3,34.3,37.78,1845688.0,67427512.0
2016-01-15,37.0,39.3,35.0,35.22,1492701.0,55307844.0
2016-01-18,34.15,36.8,33.9,35.9,1226119.0,43575528.0
2016-01-19,35.7,37.3,35.48,37.19,1364401.0,49836416.0
2016-01-20,36.61,37.76,36.54,36.85,1448580.0,53735020.0
2016-01-21,36.01,37.39,35.45,35.45,1210200.0,44160956.0
2016-01-22,35.75,36.49,34.85,35.95,1014119.0,36215916.0
2016-01-25,36.28,36.87,36.01,36.5,1004358.0,36651232.0
2016-01-26,36.45,36.45,32.85,32.85,1453342.0,49830520.0
2016-01-27,33.07,33.1,30.2,32.34,1535909.0,48501672.0
2016-01-28,31.6,32.0,30.32,30.99,1216831.0,38109940.0
2016-01-29,30.91,32.35,30.61,31.87,1238096.0,39373648.0
2016-02-01,31.8,32.27,31.47,31.95,1154415.0,36696084.0
2016-02-02,31.95,33.55,31.95,33.1,1045871.0,34462880.0
2016-02-03,32.57,33.42,32.01,33.4,802441.0,26346054.0
2016-02-04,33.51,34.49,33.51,33.96,894574.0,30451450.0
2016-02-05,34.01,34.77,33.83,33.87,904750.0,30985042.0
2016-02-15,32.8,33.7,32.0,33.28,657349.0,21468892.0
2016-02-16,33.48,35.0,33.47,34.78,970140.0,33490218.0
2016-02-17,34.23,35.49,34.23,35.27,928600.0,32544548.0
2016-02-18,35.51,35.96,34.9,35.03,1445157.0,51310808.0
2016-02-19,35.0,35.5,34.8,35.37,817722.0,28790204.0
2016-02-22,35.55,36.59,35.55,36.47,1262162.0,45599456.0
2016-02-23,36.47,37.29,35.75,36.58,1426251.0,52154904.0
2016-02-24,36.68,36.87,35.57,36.22,1326261.0,47960948.0
2016-02-25,36.32,36.39,32.6,32.64,1602289.0,54576640.0
2016-02-26,33.44,33.44,32.29,33.01,870600.0,28721040.0
2016-02-29,33.28,33.29,29.71,29.96,1302105.0,39709788.0
2016-03-01,30.09,31.15,29.71,30.94,892879.0,27035178.0
2016-03-02,30.68,34.03,30.65,34.03,1487953.0,49567612.0
2016-03-03,35.6,35.6,34.0,34.03,1791101.0,62535208.0
2016-03-04,33.81,35.46,32.57,34.29,1869366.0,62888544.0
2016-03-07,34.57,36.8,34.57,36.68,2132301.0,76682296.0
2016-03-08,36.2,37.1,35.0,37.09,1531845.0,55459668.0
2016-03-09,35.84,36.79,35.53,35.53,1291249.0,46887356.0
2016-03-10,35.6,36.49,35.18,35.5,950250.0,34005128.0
2016-03-11,36.14,36.14,35.02,35.77,568391.0,20191254.0
2016-03-14,36.1,37.97,36.1,36.93,1456336.0,54380428.0
2016-03-15,36.93,38.28,36.93,37.33,1298306.0,48807004.0
2016-03-16,37.49,37.94,36.03,36.09,901890.0,33238864.0
2016-03-17,36.19,39.12,36.16,39.0,1801373.0,68477232.0
2016-03-18,38.99,39.65,37.6,38.51,6569885.0,254362336.0
2016-03-21,38.18,40.28,37.5,40.2,4207556.0,162256432.0
2016-03-22,39.33,40.31,39.05,39.41,2796009.0,110680904.0
2016-03-23,38.02,38.86,37.9,38.78,2623828.0,100781080.0
2016-03-24,38.33,39.09,38.06,38.28,2246196.0,86475136.0
2016-03-25,38.02,38.47,37.5,38.07,1266886.0,48180984.0
2016-03-28,38.1,39.86,38.1,39.82,3701128.0,145083792.0
2016-03-29,38.98,39.28,37.42,37.5,1938442.0,74174976.0
2016-03-30,37.78,38.8,37.62,38.55,1536410.0,58706480.0
2016-03-31,38.75,39.39,38.51,38.58,1738598.0,67598592.0
2016-04-01,38.4,38.58,37.52,38.38,1300753.0,49425224.0
2016-04-05,38.8,39.4,38.1,39.11,1935849.0,75264944.0
2016-04-06,39.1,39.42,38.66,39.21,2164212.0,84653968.0
2016-04-07,39.76,40.0,39.17,39.51,2915388.0,115482640.0
2016-04-08,39.0,39.38,37.53,38.18,2049285.0,78189712.0
2016-04-11,38.28,39.15,38.28,38.84,1522074.0,59177180.0
2016-04-12,38.84,39.48,38.51,38.98,1668810.0,65145260.0
2016-04-13,39.3,40.99,39.3,39.77,2973525.0,119265432.0
2016-04-14,39.72,40.63,39.71,40.48,2164672.0,86674760.0
2016-04-15,40.67,42.45,39.85,41.93,2955562.0,121147936.0
2016-04-18,41.74,41.78,40.41,40.46,2189832.0,89236336.0
2016-04-19,40.3,41.36,39.8,40.86,1935319.0,78643904.0
2016-04-20,40.83,41.35,37.0,37.93,2360728.0,92038864.0
2016-04-21,37.95,38.71,37.4,38.07,1534547.0,58643744.0
2016-04-22,37.11,38.59,37.11,37.45,1441375.0,35990940.0
2016-04-25,37.53,37.68,36.17,37.44,1742384.0,42640148.0
2016-04-26,37.12,38.06,37.12,38.0,1415774.0,35359180.0
2016-04-27,38.06,38.65,37.47,37.74,1482549.0,37593268.0
2016-04-28,37.45,37.65,36.17,36.97,1609113.0,39283424.0
2016-04-29,36.7,37.53,36.58,37.05,1008644.0,24864220.0
2016-05-03,37.05,38.33,37.05,38.22,1627494.0,41012312.0
2016-05-04,38.59,40.41,38.28,39.51,2707456.0,71249568.0
2016-05-05,39.13,39.91,38.72,39.76,2012181.0,52553780.0
2016-05-06,39.56,40.09,37.26,37.59,2410951.0,62246076.0
2016-05-09,37.23,37.23,35.01,35.19,1879282.0,44833988.0
2016-05-10,35.34,35.81,34.71,35.19,1190310.0,27806042.0
2016-05-11,35.25,35.99,34.74,35.36,1301574.0,30608080.0
2016-05-12,35.1,35.1,33.91,34.53,1168850.0,26692429.0
2016-05-13,34.67,35.18,34.23,34.61,934635.0,21632891.0
2016-05-16,34.76,35.27,34.35,35.0,1036445.0,23883054.0
2016-05-17,35.12,35.68,34.89,35.44,1161312.0,27223669.0
2016-05-18,35.26,35.26,33.16,33.52,1439327.0,32405361.0
2016-05-19,33.25,34.14,33.25,33.55,944141.0,21173839.0
2016-05-20,33.17,33.58,32.86,33.57,988159.0,21790362.0
2016-05-23,33.9,34.41,33.76,34.03,919630.0,20738406.0
2016-05-24,34.03,34.03,33.17,33.42,733194.0,16289063.0
2016-05-25,33.76,33.96,33.51,33.85,1074819.0,24047790.0
2016-05-26,33.91,34.49,33.76,34.4,1636861.0,37097015.0
2016-05-27,34.37,34.5,33.23,34.21,1202766.0,27328929.0
2016-05-30,34.17,34.4,33.79,34.09,736472.0,16678106.0
2016-05-31,34.15,35.39,34.15,35.31,1752089.0,40642491.0
2016-06-01,35.15,36.6,35.15,36.35,1857476.0,44530239.0
2016-06-02,36.2,36.58,35.92,36.45,1668381.0,40108158.0
2016-06-03,36.7,37.12,36.23,36.81,1368795.0,33269513.0
2016-06-06,36.9,37.02,36.51,36.76,922275.0,22451577.0
2016-06-07,36.54,39.19,35.75,37.33,3746599.0,91858466.0
2016-06-08,37.15,37.15,36.46,36.85,2369104.0,57834314.0
2016-06-13,35.87,36.26,34.06,34.11,1576470.0,37093152.0
2016-06-14,33.69,34.52,33.66,34.29,808712.0,18352419.0
2016-06-15,33.42,35.65,33.42,35.48,1195183.0,27906592.0
2016-06-16,35.54,35.6,35.12,35.33,893350.0,20951285.0
2016-06-17,35.33,36.96,35.31,36.91,2387238.0,57705249.0
2016-06-20,36.63,37.56,36.63,37.08,1718906.0,42275559.0
2016-06-21,37.08,37.97,36.64,36.78,1702752.0,42132801.0
2016-06-22,36.93,37.64,36.58,37.53,1472734.0,36438037.0
2016-06-23,37.35,37.56,36.7,37.06,1162580.0,28610336.0
2016-06-24,37.06,37.44,33.91,36.19,1441001.0,34844172.0
2016-06-27,35.63,37.35,35.63,37.0,1112190.0,27202743.0
2016-06-28,37.05,38.1,36.9,37.95,2293438.0,57376779.0
2016-06-29,37.98,38.42,37.7,38.03,1578059.0,39762369.0
2016-06-30,38.03,38.34,37.7,38.1,1309055.0,33038733.0
2016-07-01,38.57,39.59,38.15,38.22,2080939.0,53655960.0
2016-07-04,37.68,39.34,37.62,39.1,2388258.0,61690855.0
2016-07-05,39.49,41.01,39.49,40.23,3695799.0,98714793.0
2016-07-06,39.51,41.39,39.49,41.34,3602137.0,97267434.0
2016-07-07,41.39,42.55,40.7,40.92,3549907.0,97851484.0
2016-07-08,40.82,41.0,40.03,40.68,2157511.0,58121395.0
2016-07-11,40.62,44.75,40.39,44.75,11126936.0,319708085.0
2016-07-12,45.04,49.23,43.71,49.23,10692457.0,333371786.0
2016-07-13,50.61,50.95,45.22,46.54,17309406.0,541796316.0
2016-07-14,46.12,46.15,44.84,45.14,8067731.0,242231958.0
2016-07-15,44.84,45.14,44.07,44.3,5049128.0,148879892.0
2016-07-18,43.77,44.67,43.74,43.89,3236316.0,94524136.0
2016-07-19,43.85,44.04,42.28,42.9,4716590.0,134001353.0
2016-07-20,43.18,43.65,42.67,43.56,3750023.0,107430668.0
2016-07-21,43.57,43.59,42.49,42.69,2803779.0,80015163.0
2016-07-22,42.5,42.96,42.32,42.61,2134384.0,60356575.0
2016-07-25,42.32,42.91,42.29,42.53,1594148.0,44996166.0
2016-07-26,42.37,43.18,42.31,43.18,2038385.0,58078097.0
2016-07-27,43.17,43.17,39.2,39.66,3859114.0,105318617.0
2016-07-28,39.91,40.09,38.71,39.05,2103500.0,54860877.0
2016-07-29,39.08,39.46,38.45,38.83,1049371.0,27075771.0
2016-08-01,38.81,38.81,37.58,38.22,1609248.0,40625945.0
2016-08-02,38.13,39.99,38.13,39.76,2216350.0,57756633.0
2016-08-03,39.37,39.66,38.99,39.46,1595950.0,41619865.0
2016-08-04,39.61,40.38,38.96,40.2,1945153.0,51295902.0
2016-08-05,40.38,40.38,39.11,39.19,1852953.0,48724942.0
2016-08-08,39.22,39.56,38.15,39.45,1290123.0,33477044.0
2016-08-09,39.37,40.0,39.37,39.85,1526523.0,40210904.0
2016-08-10,39.85,40.2,39.66,39.87,1460484.0,38687307.0
2016-08-11,39.69,39.78,38.69,38.72,1527300.0,39662571.0
2016-08-12,38.48,39.02,38.36,38.89,1145800.0,29393135.0
2016-08-15,38.9,40.39,38.9,40.0,2159900.0,57257259.0
2016-08-16,39.94,44.0,39.94,44.0,5953216.0,167055921.0
2016-08-17,44.77,44.77,42.52,42.82,6239449.0,179571959.0
2016-08-18,43.41,43.41,42.26,43.02,3151450.0,89380445.0
2016-08-19,42.88,42.93,41.6,41.87,2803416.0,78257049.0
2016-08-22,42.04,42.56,40.74,41.0,2187814.0,60773738.0
2016-08-23,41.0,42.17,40.88,42.08,2126350.0,58988194.0
2016-08-24,42.43,42.43,41.7,42.05,1298988.0,36217880.0
2016-08-25,41.75,41.98,40.7,41.4,1480499.0,40450461.0
2016-08-26,41.39,42.88,41.39,42.29,2247799.0,63174225.0
2016-08-29,42.05,42.41,41.66,41.83,1081450.0,30052390.0
2016-08-30,41.63,42.19,41.63,42.11,1017780.0,28301966.0
2016-08-31,42.1,42.1,41.15,41.57,1125869.0,31079374.0
2016-09-01,41.59,42.08,41.48,41.52,1074273.0,29802361.0
2016-09-02,41.48,41.98,41.1,41.92,1196055.0,33072763.0
2016-09-05,42.19,43.94,42.19,43.48,4505020.0,129309460.0
2016-09-06,43.03,43.97,42.47,43.68,3796620.0,108909822.0
2016-09-07,43.38,43.66,43.03,43.17,2589993.0,74433744.0
2016-09-08,42.97,43.56,42.88,43.53,1781525.0,51154868.0
2016-09-09,43.23,43.8,42.69,42.7,2027751.0,58146890.0
2016-09-12,41.46,41.9,39.82,39.93,2387725.0,64743548.0
2016-09-13,40.27,40.62,39.05,39.97,1260525.0,33249709.0
2016-09-14,39.78,40.68,38.93,40.56,1555971.0,41408701.0
2016-09-19,40.56,42.5,40.36,42.44,3243668.0,89942904.0
2016-09-20,42.47,43.63,42.2,43.54,3861848.0,110423499.0
2016-09-21,43.17,44.73,42.73,43.7,6433139.0,187587105.0
2016-09-22,43.85,43.89,42.88,43.11,3092150.0,88802468.0
2016-09-23,43.3,44.61,42.67,42.76,3309756.0,95715202.0
2016-09-26,42.28,43.21,40.71,40.79,1875552.0,52197924.0
2016-09-27,40.7,41.45,40.21,41.33,1893050.0,51045599.0
2016-09-28,41.34,41.69,41.0,41.13,1115650.0,30537570.0
2016-09-29,41.46,41.69,40.71,40.79,1378646.0,37681184.0
2016-09-30,40.7,41.45,40.68,41.1,775650.0,21075106.0
2016-10-10,41.37,42.47,41.37,42.31,1729750.0,48305430.0
2016-10-11,42.62,42.73,42.01,42.62,1656550.0,46603186.0
2016-10-12,42.5,42.66,42.1,42.66,1326928.0,37258251.0
2016-10-13,42.64,42.99,42.35,42.88,1635150.0,46283532.0
2016-10-14,42.99,43.0,42.2,42.34,1390394.0,39287328.0
2016-10-17,42.34,45.02,42.25,42.74,2720727.0,77906408.0
2016-10-18,42.5,44.13,40.7,43.86,4091772.0,117264549.0
2016-10-19,43.92,45.67,43.92,44.9,7278597.0,217237704.0
2016-10-20,44.61,49.39,43.54,49.39,8803125.0,274167485.0
2016-10-21,49.74,49.74,46.41,46.57,12201905.0,383330270.0
2016-10-24,46.42,47.61,44.96,47.46,8543257.0,264121041.0
2016-10-25,47.48,50.88,47.13,49.88,10772911.0,349988030.0
2016-10-26,48.95,51.43,48.22,51.4,8851294.0,291977351.0
2016-10-27,50.48,51.59,49.59,50.63,6060318.0,203459501.0
2016-10-28,49.6,51.55,48.7,49.68,5288595.0,175503549.0
2016-10-31,48.98,50.19,48.38,49.6,2735533.0,89533142.0
2016-11-01,49.51,51.47,49.14,49.41,5093416.0,169877706.0
2016-11-02,48.8,49.71,48.25,48.56,3788374.0,122504615.0
2016-11-03,48.16,49.02,47.33,48.61,4001311.0,127795904.0
2016-11-04,48.31,49.29,47.93,49.02,3102264.0,100098087.0
2016-11-07,49.06,49.71,48.08,48.91,2939941.0,95560157.0
2016-11-08,48.65,50.33,48.31,50.13,4157905.0,136154284.0
2016-11-09,50.04,50.93,48.26,50.91,4456679.0,147660011.0
2016-11-10,50.96,52.2,50.07,50.21,7919734.0,268834891.0
2016-11-11,50.21,50.42,47.85,48.7,4497077.0,146804934.0
2016-11-14,48.16,48.98,47.78,48.26,2569798.0,82376823.0
2016-11-15,48.41,48.67,47.76,48.07,1533875.0,48908828.0
2016-11-16,48.07,49.09,47.88,48.31,1845722.0,59312968.0
2016-11-17,48.23,48.23,47.45,47.63,1458859.0,46230087.0
2016-11-18,47.67,48.64,47.67,47.96,1669533.0,53449450.0
2016-11-21,48.01,50.19,47.75,49.83,3515041.0,114408492.0
2016-11-22,49.74,50.19,49.15,49.42,2591770.0,85193424.0
2016-11-23,49.38,51.03,49.08,50.36,4587092.0,153330230.0
2016-11-24,49.77,50.24,48.87,48.95,2307082.0,75599563.0
2016-11-25,48.46,50.27,48.23,50.27,2961205.0,96749067.0
2016-11-28,50.54,51.02,49.53,50.49,3159946.0,105653806.0
2016-11-29,50.27,51.98,49.14,49.26,3844781.0,129154281.0
2016-11-30,48.92,49.54,48.25,49.15,2105801.0,68241843.0
2016-12-01,49.18,49.36,48.35,48.98,1910527.0,61879581.0
2016-12-02,48.71,49.59,48.05,48.05,2430472.0,79026088.0
2016-12-05,46.72,47.37,45.38,46.08,2172324.0,66924481.0
2016-12-06,46.21,46.57,45.99,46.06,2447155.0,75031595.0
2016-12-07,46.06,47.33,45.55,47.13,2269420.0,70207921.0
2016-12-08,47.4,47.4,46.3,46.54,1103122.0,34326582.0
2016-12-09,46.54,46.94,45.9,46.47,1013025.0,31118769.0
2016-12-12,46.47,46.51,42.07,42.2,2411536.0,70302126.0
2016-12-13,42.2,42.81,41.78,42.59,815929.0,22952171.0
2016-12-14,42.5,43.71,42.35,42.52,1067550.0,30467591.0
2016-12-15,42.22,43.7,42.22,42.73,1113581.0,31762816.0
2016-12-16,42.9,46.72,42.81,45.82,2955588.0,87518485.0
2016-12-19,45.22,46.17,44.9,45.34,1287973.0,38956882.0
2016-12-20,45.19,45.74,44.16,45.08,1057589.0,31418037.0
2016-12-21,45.46,47.0,45.44,46.18,2170971.0,66649813.0
2016-12-22,45.97,46.12,45.22,45.53,683848.0,20733530.0
2016-12-23,45.37,45.8,44.48,45.26,1084298.0,32392806.0
2016-12-26,45.28,46.17,45.25,46.09,1098588.0,33433315.0
2016-12-27,46.09,47.6,46.0,47.18,2058690.0,64148050.0
2016-12-28,48.61,48.61,46.76,47.25,1279887.0,40214399.0
2016-12-29,47.33,48.11,46.44,48.02,1134185.0,35611367.0
2016-12-30,48.02,48.53,47.43,47.73,937238.0,29791926.0
2017-01-03,48.01,48.94,47.04,48.58,1267838.0,40610335.0
2017-01-04,48.8,50.72,48.8,50.1,4412606.0,146576292.0
2017-01-05,50.04,52.15,49.74,51.61,4866893.0,165511668.0
2017-01-06,51.82,51.98,49.74,51.37,3099372.0,105465713.0
2017-01-09,51.37,52.08,50.61,51.61,2229950.0,76060079.0
2017-01-10,51.53,51.85,50.87,51.25,1241204.0,42309491.0
2017-01-11,50.96,51.23,49.91,50.36,1450074.0,48632635.0
2017-01-12,50.37,55.39,50.04,55.39,13617961.0,488610651.0
2017-01-13,55.47,57.43,53.2,53.75,16607269.0,612567500.0
2017-01-16,51.06,54.38,48.37,49.06,7883394.0,264837637.0
2017-01-17,49.06,50.64,46.08,48.32,5066867.0,161810456.0
2017-01-18,48.61,50.64,47.48,50.43,10929877.0,355451837.0
2017-01-19,49.42,49.42,46.42,48.23,5420599.0,173621017.0
2017-01-20,48.08,48.91,47.33,48.23,3010098.0,96755625.0
2017-01-23,48.46,49.59,48.23,48.41,2433500.0,78968607.0
2017-01-24,48.98,49.26,48.38,48.61,2048070.0,66098929.0
2017-01-25,48.68,49.18,48.53,48.68,1618952.0,52438055.0
2017-01-26,48.53,49.18,48.32,48.62,1300881.0,41899218.0
2017-02-03,48.74,49.47,48.55,49.2,1438415.0,46915048.0
2017-02-06,49.2,49.63,49.17,49.56,1735341.0,56853346.0
2017-02-07,49.44,49.62,48.71,48.97,1669700.0,54436057.0
2017-02-08,48.71,49.44,48.31,49.33,1819985.0,59190691.0
2017-02-09,49.47,54.11,49.21,51.86,8128009.0,280265760.0
2017-02-10,51.28,53.01,51.28,51.97,3069129.0,106213761.0
2017-02-13,51.65,54.08,51.65,52.33,6173466.0,218097119.0
2017-02-14,51.95,53.55,50.58,53.43,6015964.0,207415056.0
2017-02-15,52.74,55.65,51.98,51.98,10983598.0,390640756.0
2017-02-16,50.04,51.05,47.48,47.81,8929710.0,288391775.0
2017-02-17,47.81,47.81,45.26,46.06,4986780.0,153571703.0
2017-02-20,46.26,46.65,45.38,46.38,2129896.0,65052191.0
2017-02-21,45.82,47.15,45.82,47.13,2273141.0,70329147.0
2017-02-22,46.97,47.73,46.39,47.31,2414926.0,75558519.0
2017-02-23,46.8,47.27,46.71,47.07,1746041.0,54415189.0
2017-02-24,46.84,47.93,46.84,47.81,1678450.0,53121376.0
2017-02-27,47.8,48.26,46.88,47.03,1482610.0,46876270.0
2017-02-28,47.39,48.46,47.34,48.31,2264860.0,72289452.0
2017-03-01,47.93,48.43,47.78,47.98,1369199.0,43640451.0
2017-03-02,47.64,48.35,47.48,47.49,1373644.0,43645724.0
2017-03-03,47.48,47.73,46.91,47.4,1104455.0,34550785.0
2017-03-06,47.33,47.88,46.92,47.87,1549169.0,48750247.0
2017-03-07,47.85,48.32,47.49,48.28,1570838.0,50071245.0
2017-03-08,48.23,48.29,47.75,48.13,1033400.0,32897978.0
2017-03-09,48.19,48.19,47.04,47.21,1311623.0,41102454.0
2017-03-10,47.4,47.54,46.27,46.27,1365745.0,42362781.0
2017-03-13,45.85,46.63,45.37,46.57,1661002.0,50519958.0
2017-03-14,46.6,46.66,46.0,46.35,907740.0,27916567.0
2017-03-15,46.41,47.3,46.09,46.71,1205087.0,37510739.0
2017-03-16,47.0,47.21,46.6,47.0,1300240.0,40406461.0
2017-03-17,47.0,47.63,46.8,47.18,1266259.0,39732987.0
2017-03-20,47.18,47.75,47.04,47.45,908629.0,28565848.0
2017-03-21,47.63,47.78,47.15,47.6,1074046.0,33899735.0
2017-03-22,47.33,47.93,46.73,47.67,1540053.0,48442381.0
2017-03-23,47.78,48.97,47.78,48.4,2558351.0,82244189.0
2017-03-24,48.34,49.21,48.05,48.74,1887097.0,61059650.0
2017-03-27,48.74,49.54,46.86,47.37,2054508.0,65460953.0
2017-03-28,47.36,47.37,46.74,47.03,1145842.0,35733243.0
2017-03-29,47.24,47.24,45.59,45.72,1455639.0,44687906.0
2017-03-30,45.52,45.72,43.03,43.71,2434640.0,70798091.0
2017-03-31,43.56,44.28,43.3,43.78,1057532.0,30711252.0
2017-04-05,43.98,44.9,43.48,44.83,996981.0,29411081.0
2017-04-06,45.04,46.17,44.78,45.37,1037093.0,31407704.0
2017-04-07,45.22,45.67,45.22,45.26,635337.0,19155216.0
2017-04-10,44.93,44.93,43.54,43.59,1191854.0,34750849.0
2017-04-11,43.7,44.22,43.3,43.89,1031768.0,29900275.0
2017-04-12,44.83,44.83,43.24,43.36,831646.0,24229703.0
2017-04-13,43.33,43.33,39.19,42.05,2534243.0,69894433.0
2017-04-14,41.6,42.99,41.46,42.79,1898456.0,53563476.0
2017-04-17,42.2,42.34,39.52,39.87,1486758.0,40001485.0
2017-04-18,39.64,40.6,38.59,38.63,732160.0,19288450.0
2017-04-19,38.65,39.17,36.93,37.56,1190501.0,29776210.0
2017-04-20,37.68,38.59,36.53,37.52,799225.0,19849460.0
2017-04-21,37.68,37.88,37.0,37.33,584185.0,14452193.0
2017-04-24,37.48,37.48,33.6,33.64,1291277.0,29880711.0
2017-04-25,33.54,35.07,33.54,34.74,1702860.0,39106278.0
2017-04-26,34.71,35.49,34.21,35.16,886876.0,20717958.0
2017-04-27,35.28,35.87,33.76,35.53,1128305.0,26036942.0
2017-04-28,37.67,39.02,36.52,37.62,2765845.0,69720697.0
2017-05-02,38.44,39.73,37.85,38.93,2166306.0,55805951.0
2017-05-03,38.52,39.16,38.3,38.52,1467951.0,37682588.0
2017-05-04,38.71,38.9,38.06,38.07,1251289.0,31885282.0
2017-05-05,38.0,38.21,37.23,37.53,1187821.0,29600544.0
2017-05-08,37.53,37.67,36.78,36.78,719102.0,17799460.0
2017-05-09,36.66,37.59,36.19,37.32,862748.0,21232983.0
2017-05-10,37.38,37.97,37.15,37.33,1045354.0,26046771.0
2017-05-11,37.18,37.64,35.41,36.84,1296642.0,31330224.0
2017-05-12,36.72,37.18,36.19,36.78,780306.0,18985278.0
2017-05-15,37.15,37.15,36.48,36.96,664982.0,16264301.0
2017-05-16,36.88,38.06,36.28,38.03,1158137.0,28637620.0
2017-05-17,38.03,39.01,37.79,38.36,1211296.0,30997150.0
2017-05-18,37.83,38.59,37.61,37.98,910062.0,23043760.0
2017-05-19,38.25,38.66,38.01,38.62,866561.0,22082176.0
2017-05-22,38.36,38.96,37.15,37.42,979232.0,24701504.0
2017-05-23,37.3,37.88,34.98,35.03,1263911.0,30191877.0
2017-05-24,34.7,35.77,34.62,35.75,864056.0,20173930.0
2017-05-25,35.65,36.11,34.7,35.72,820591.0,19283373.0
2017-05-26,35.72,36.58,35.72,36.02,605061.0,14512828.0
2017-05-31,36.63,36.99,36.02,36.13,844423.0,20487014.0
2017-06-01,35.95,35.95,33.93,33.93,1186702.0,27469264.0
2017-06-02,33.93,34.95,33.79,34.8,695558.0,15856839.0
2017-06-05,34.98,35.72,34.98,35.42,729357.0,17165282.0
2017-06-06,35.44,35.69,35.13,35.69,385449.0,9056323.0
2017-06-07,35.95,37.11,35.95,36.96,1316285.0,32039315.0
2017-06-08,36.96,37.42,36.64,37.21,1118337.0,27460582.0
2017-06-09,37.0,37.33,36.48,37.32,1027061.0,25103557.0
2017-06-12,37.08,37.27,35.87,36.16,1094843.0,26525721.0
2017-06-13,36.84,37.16,35.86,36.66,1507514.0,24318420.0
2017-06-14,36.73,40.15,36.52,38.95,4132414.0,69527032.0
2017-06-15,38.59,39.18,38.04,38.81,3168320.0,53927981.0
2017-06-16,38.97,39.04,37.88,38.79,1992215.0,33766562.0
2017-06-19,38.61,38.81,38.11,38.79,1509685.0,25581022.0
2017-06-20,38.77,38.86,38.13,38.13,1376898.0,23347316.0
2017-06-21,38.18,38.36,37.77,38.36,1320943.0,22117132.0
2017-06-22,38.25,38.45,37.43,37.43,1320479.0,22138977.0
2017-06-23,37.41,37.75,36.63,37.5,1262155.0,20694879.0
2017-06-26,37.5,38.18,37.02,38.04,1933035.0,32120935.0
2017-06-27,37.86,38.47,37.75,38.11,1332793.0,22408840.0
2017-06-28,38.06,41.92,37.79,41.92,11409708.0,202628133.0
2017-06-29,44.01,45.37,42.94,43.19,15835079.0,306828152.0
2017-06-30,42.42,42.87,41.49,42.12,10330109.0,192377686.0
2017-07-03,42.1,42.78,41.51,41.83,6377911.0,118811739.0
2017-07-04,42.01,42.76,41.56,42.01,5171270.0,95859129.0
2017-07-05,42.83,46.21,42.76,46.21,12994011.0,257248165.0
2017-07-06,47.84,48.52,46.46,47.48,18358067.0,384251740.0
2017-07-07,47.84,47.93,45.71,46.52,12341639.0,254614984.0
2017-07-10,46.09,49.88,46.09,46.55,13772887.0,289952719.0
2017-07-11,45.8,46.28,43.21,43.67,9082924.0,180206684.0
2017-07-12,44.55,44.87,42.58,44.03,6461831.0,124379425.0
2017-07-13,45.82,48.43,45.75,46.8,14523319.0,305552406.0
2017-07-14,46.62,47.84,44.91,45.39,11587125.0,235810053.0
2017-07-17,45.71,45.96,41.74,43.28,9079289.0,176059538.0
2017-07-18,43.78,47.34,43.15,46.5,10507848.0,208778398.0
2017-07-19,45.84,48.88,45.28,47.52,13664258.0,284641241.0
2017-07-20,47.18,49.79,46.39,47.7,13522961.0,288149618.0
2017-07-21,47.95,48.05,46.57,47.18,7509178.0,156303398.0
2017-07-24,47.25,48.41,46.21,47.59,8440313.0,175952024.0
2017-07-25,47.3,47.3,45.32,46.59,6821526.0,138825057.0
2017-07-26,46.25,51.24,45.91,51.24,23215359.0,517007422.0
2017-07-27,51.49,55.51,50.27,55.01,24899943.0,575318902.0
2017-07-28,53.83,60.52,52.88,60.52,24370750.0,620215135.0
2017-07-31,58.03,66.49,58.03,65.81,24008343.0,663610724.0
2017-08-01,64.79,65.1,61.86,63.74,19245288.0,538344909.0
2017-08-02,62.38,67.6,60.25,60.98,23887643.0,670458998.0
2017-08-03,60.02,60.07,57.23,58.05,16747902.0,432262769.0
2017-08-04,58.75,59.21,53.35,53.49,19972651.0,501942900.0
2017-08-07,53.56,55.12,53.06,54.83,12503712.0,297424710.0
2017-08-08,54.67,55.55,52.88,53.33,12427974.0,296141053.0
2017-08-09,53.92,55.53,53.58,54.55,9952381.0,238929538.0
2017-08-10,54.53,54.87,52.88,53.28,8123074.0,191800524.0
2017-08-11,53.1,53.44,49.47,50.27,10068760.0,229972007.0
2017-08-14,50.88,51.42,50.18,51.15,6712160.0,150524176.0
2017-08-15,50.95,54.15,50.59,53.01,11530498.0,268041982.0
2017-08-16,52.2,52.54,48.5,49.97,10798790.0,239078254.0
2017-08-17,50.59,51.27,49.63,51.04,7557285.0,168093587.0
2017-08-18,50.34,51.2,49.93,50.68,5550415.0,123514828.0
2017-08-21,50.36,53.22,50.36,52.9,10034335.0,230471089.0
2017-08-22,52.38,53.26,51.58,52.42,7505039.0,173207276.0
2017-08-23,51.97,52.85,50.86,51.04,6500650.0,148812527.0
2017-08-24,50.36,51.13,49.23,49.27,5440275.0,120165834.0
2017-08-25,49.66,51.27,49.27,50.49,5678249.0,126131735.0
2017-08-28,50.27,51.67,50.13,51.36,5733199.0,128698401.0
2017-08-29,51.67,55.58,51.38,53.74,12136247.0,288184166.0
2017-08-30,52.92,57.21,52.92,56.71,14422234.0,351395445.0
2017-08-31,55.98,56.94,55.15,56.94,10056799.0,248863235.0
2017-09-01,56.71,59.41,55.94,57.8,13788182.0,351648418.0
2017-09-04,57.14,58.46,56.26,56.62,10660630.0,269489371.0
2017-09-05,55.28,56.87,54.44,56.46,8493031.0,208245414.0
2017-09-06,55.87,58.32,55.33,58.3,9487888.0,238967825.0
2017-09-07,58.71,59.16,57.53,58.28,9672578.0,248906864.0
2017-09-08,58.21,58.87,56.53,57.73,8144957.0,208116104.0
2017-09-11,57.16,57.16,55.35,57.03,5829751.0,144325652.0
2017-09-12,57.12,59.91,56.55,57.59,11889219.0,305826503.0
2017-09-13,56.14,57.14,55.28,56.6,5805101.0,143833842.0
2017-09-14,56.21,57.05,55.58,56.96,5251177.0,130745350.0
2017-09-15,57.89,58.89,55.89,56.44,7986999.0,203155336.0
2017-09-18,53.56,54.87,53.53,53.76,6419673.0,152767613.0
2017-09-19,53.74,53.88,52.33,52.42,4813527.0,112015022.0
2017-09-20,52.4,53.31,52.4,53.19,2863668.0,66925641.0
2017-09-21,53.19,53.94,52.45,52.63,2586143.0,60567695.0
2017-09-22,52.63,52.92,50.72,50.81,3021250.0,68577900.0
2017-09-25,51.38,52.08,50.29,50.61,1578500.0,35652651.0
2017-09-26,50.65,51.92,50.65,51.77,2051119.0,46588114.0
2017-09-27,51.52,53.17,51.49,52.4,2435149.0,56233194.0
2017-09-28,51.86,52.29,51.38,51.47,2124424.0,48412165.0
2017-09-29,51.47,51.88,50.47,50.68,2146379.0,48371075.0
2017-10-09,51.61,51.95,50.93,51.83,1964719.0,44543406.0
2017-10-10,51.52,52.51,51.45,52.08,1943450.0,44370925.0
2017-10-11,51.95,52.29,51.72,51.81,1903007.0,43586220.0
2017-10-12,51.7,52.04,50.02,50.47,2634853.0,58823317.0
2017-10-13,50.59,51.15,50.22,50.99,1330408.0,29815140.0
2017-10-16,51.22,51.52,49.68,49.68,1915100.0,42736191.0
2017-10-17,49.56,49.97,49.38,49.66,1533850.0,33597896.0
2017-10-18,49.56,50.7,48.61,48.66,1419625.0,31068670.0
2017-10-19,48.5,48.86,46.21,46.46,2594150.0,53898382.0
2017-10-20,46.28,48.07,46.21,47.93,1671300.0,34840410.0
2017-10-23,47.64,48.41,47.41,48.32,1133706.0,23995901.0
2017-10-24,48.32,48.54,47.07,47.66,1302100.0,27487540.0
2017-10-25,47.66,49.91,47.07,49.79,2764251.0,60039656.0
2017-10-26,49.43,50.7,49.31,50.43,2927475.0,64532641.0
2017-10-27,50.43,50.52,48.77,49.07,2043945.0,44670816.0
2017-10-30,48.79,48.79,46.52,48.0,1958470.0,41158577.0
2017-10-31,47.3,49.18,47.3,48.32,1123500.0,23990653.0
2017-11-01,48.5,48.93,47.86,48.0,1348428.0,28856605.0
2017-11-02,47.66,48.34,47.66,47.93,1240050.0,26262370.0
2017-11-03,47.86,51.77,46.96,49.91,3376975.0,73616129.0
2017-11-06,50.2,51.27,49.45,51.2,4251170.0,95032725.0
2017-11-07,50.99,50.99,50.0,50.47,2442246.0,54258038.0
2017-11-08,50.45,50.9,50.02,50.34,2306650.0,51358895.0
2017-11-09,50.02,51.4,50.02,50.59,1976161.0,44190122.0
2017-11-10,50.24,50.34,49.45,49.93,1796378.0,39442673.0
2017-11-13,50.13,50.34,49.18,49.63,1475625.0,32155313.0
2017-11-14,49.43,49.45,48.11,48.41,2118626.0,45351744.0
2017-11-15,48.43,48.73,47.64,47.84,1175425.0,24911367.0
2017-11-16,47.86,48.66,47.52,47.95,1002650.0,21222593.0
2017-11-17,47.7,48.18,45.1,45.21,2099100.0,42735637.0
2017-11-20,44.35,45.26,43.21,45.05,1451247.0,28351156.0
2017-11-21,44.98,45.75,44.19,44.62,961550.0,18980274.0
2017-11-22,44.6,45.32,43.78,44.17,1045833.0,20416570.0
2017-11-23,44.21,44.82,43.35,43.49,1056550.0,20543680.0
2017-11-24,43.17,43.76,41.35,41.94,1824778.0,34051343.0
2017-11-27,41.94,42.83,41.65,42.33,1404374.0,26253395.0
2017-11-28,42.15,43.4,42.15,43.28,873225.0,16529910.0
2017-11-29,44.51,47.61,44.44,47.61,5792030.0,120675475.0
2017-11-30,47.64,49.23,46.91,47.77,7138276.0,150964765.0
2017-12-01,48.11,48.11,46.5,47.07,3603925.0,74567499.0
2017-12-04,46.96,48.11,46.73,47.18,3147200.0,65696585.0
2017-12-05,46.05,46.62,43.4,44.98,3901878.0,77114692.0
2017-12-06,44.48,45.21,44.23,45.01,2332600.0,45959144.0
2017-12-07,45.94,49.09,45.5,46.48,4429474.0,91642180.0
2017-12-08,45.57,46.98,44.91,46.89,3488000.0,70511437.0
2017-12-11,46.98,47.07,46.05,46.93,2147475.0,44073162.0
2017-12-12,46.5,46.91,45.01,45.03,2508900.0,50782258.0
2017-12-13,44.53,45.8,44.46,45.8,1654700.0,32839211.0
2017-12-14,45.84,45.87,45.03,45.1,1212780.0,24248225.0
2017-12-15,44.94,45.84,44.23,45.3,1322250.0,26360130.0
2017-12-18,45.12,46.91,45.12,46.66,3056889.0,62310031.0
2017-12-19,46.43,46.71,46.05,46.59,2097405.0,42841493.0
2017-12-20,46.28,47.55,46.23,46.43,2676949.0,55174810.0
2017-12-21,46.52,46.89,44.46,45.48,1956654.0,39103836.0
2017-12-22,45.55,47.32,44.94,46.23,2186525.0,44654510.0
2017-12-25,45.82,46.3,44.62,44.73,1938125.0,38593971.0
2017-12-26,44.41,45.26,44.23,45.07,1044650.0,20639184.0
2017-12-27,44.91,46.5,44.87,45.07,1964475.0,39554679.0
2017-12-28,44.71,45.75,44.46,45.26,1416719.0,28215255.0
2017-12-29,45.37,45.69,44.76,45.37,1381858.0,27523947.0
2018-01-02,45.37,46.73,45.16,46.52,2918036.0,59423360.0
2018-01-03,46.71,46.96,46.16,46.41,2479668.0,50802943.0
2018-01-04,46.96,51.04,46.52,50.24,8864320.0,191912244.0
2018-01-05,49.91,49.91,48.43,49.0,5083217.0,109834682.0
2018-01-08,48.77,50.24,48.48,49.41,4179738.0,91382753.0
2018-01-09,48.91,49.38,48.32,48.86,2273503.0,48807414.0
2018-01-10,48.73,48.73,47.23,47.93,2269425.0,47921384.0
2018-01-11,47.86,48.66,47.27,48.25,1749564.0,37220833.0
2018-01-12,47.64,48.59,47.43,48.2,1431978.0,30242580.0
2018-01-15,48.34,48.48,45.14,45.23,2235150.0,46163996.0
2018-01-16,44.89,45.14,44.26,44.51,2100397.0,41318777.0
2018-01-17,44.91,44.91,43.1,44.12,1671533.0,32264636.0
2018-01-18,43.8,44.42,43.67,44.37,948508.0,18470405.0
2018-01-19,44.62,44.62,43.19,43.19,1759800.0,33918673.0
2018-01-22,43.17,44.46,42.85,43.96,1276947.0,24594261.0
2018-01-23,44.1,44.87,43.87,44.51,1209925.0,23608281.0
2018-01-24,44.48,44.69,44.08,44.55,855866.0,16729285.0
2018-01-25,44.69,46.23,44.37,45.37,2138116.0,42679157.0
2018-01-26,45.12,45.39,44.03,44.21,1366497.0,26959082.0
2018-01-29,44.3,44.42,42.96,43.33,1179625.0,22725181.0
2018-01-30,45.37,47.18,44.91,45.46,3617402.0,73175877.0
2018-01-31,44.6,44.69,43.35,44.12,2155416.0,41769228.0
2018-02-01,44.28,44.64,43.33,43.37,1366135.0,26455313.0
2018-02-02,42.67,43.05,41.38,42.83,1584452.0,29501526.0
2018-02-05,41.53,42.83,41.53,42.53,716954.0,13348219.0
2018-02-06,41.28,41.94,38.29,38.29,1472242.0,26315819.0
2018-02-07,39.18,40.02,37.43,38.7,1276845.0,21872938.0
2018-02-08,38.81,39.56,38.74,39.2,754011.0,13001583.0
2018-02-09,38.31,38.72,37.45,37.68,1000394.0,16708870.0
2018-02-12,37.88,39.11,37.88,38.77,898340.0,15285354.0
2018-02-13,39.11,39.42,38.68,38.7,691921.0,11911859.0
2018-02-14,39.24,39.24,38.45,38.84,513514.0,8773098.0
2018-02-22,39.27,39.61,38.93,39.4,749234.0,12981797.0
2018-02-23,39.36,40.7,39.11,40.24,1179191.0,20675205.0
2018-02-26,40.22,41.04,39.97,40.7,1724090.0,30724247.0
2018-02-27,40.76,41.1,40.31,40.83,1258881.0,22600235.0
2018-02-28,41.15,41.19,40.81,40.99,1357261.0,24524923.0
2018-03-01,40.2,41.06,40.2,40.99,1021277.0,18360814.0
2018-03-02,40.88,40.88,40.51,40.56,771947.0,13823336.0
2018-03-05,40.4,40.95,40.35,40.7,775685.0,13893030.0
2018-03-06,40.85,42.22,40.7,42.19,2001523.0,36739356.0
2018-03-07,44.21,46.41,44.21,46.41,8929391.0,182108672.0
2018-03-08,45.1,46.21,44.48,45.55,6596434.0,131632550.0
2018-03-09,44.96,45.75,44.26,45.41,4140763.0,81977719.0
2018-03-12,45.41,46.25,45.16,46.23,4279182.0,86374227.0
2018-03-13,46.12,46.62,44.91,44.94,3387842.0,68196582.0
2018-03-14,44.62,46.28,44.48,46.03,3453517.0,69162705.0
2018-03-15,46.0,48.14,45.1,47.73,6491897.0,133868397.0
2018-03-16,47.39,47.39,45.26,45.5,3500391.0,71845235.0
2018-03-19,45.03,45.14,43.53,44.33,2919833.0,56964340.0
2018-03-20,43.89,44.21,43.26,44.21,1956825.0,37734898.0
2018-03-21,44.21,44.8,43.35,43.55,2013475.0,39248739.0
2018-03-22,43.51,44.01,43.26,43.83,1258408.0,24189674.0
2018-03-23,42.31,42.37,39.45,39.81,3058550.0,55201956.0
2018-03-26,39.7,40.33,38.11,40.33,1263325.0,22003923.0
2018-03-27,41.94,43.1,41.56,41.72,1999775.0,37126259.0
2018-03-28,41.26,42.26,40.88,41.99,1374441.0,25343548.0
2018-03-29,41.83,42.33,41.13,41.9,1626775.0,29816268.0
2018-03-30,42.03,43.05,41.76,43.05,1742750.0,32569894.0
2018-04-02,42.83,43.8,42.44,43.1,1826755.0,34633404.0
2018-04-03,42.67,42.76,41.35,41.97,1457384.0,26897850.0
2018-04-04,42.08,42.4,41.62,41.62,1106059.0,20496386.0
2018-04-09,41.31,41.97,41.13,41.74,748417.0,13731469.0
2018-04-10,43.71,45.19,43.05,43.15,4243523.0,82008384.0
2018-04-11,43.03,43.94,43.03,43.21,2219514.0,42456261.0
2018-04-12,42.83,43.6,42.78,43.3,1729433.0,32900067.0
2018-04-13,43.51,43.67,42.92,43.17,1628109.0,31071446.0
2018-04-16,43.19,43.19,42.08,42.12,1264334.0,23795718.0
2018-04-17,42.19,42.4,41.04,41.15,1270625.0,23381447.0
2018-04-18,41.19,42.06,40.85,41.9,1401125.0,25609056.0
2018-04-19,41.65,42.76,41.65,42.31,1252825.0,23398848.0
2018-04-20,42.08,42.53,40.88,40.88,1064250.0,19514592.0
2018-04-23,41.1,41.4,40.72,41.26,763866.0,13821180.0
2018-04-24,40.95,43.1,40.95,43.05,2065058.0,38733698.0
2018-04-25,43.26,43.51,42.71,43.05,1666895.0,31689529.0
2018-04-26,43.03,43.08,42.15,42.28,1324900.0,24855965.0
2018-04-27,42.47,43.15,41.74,42.92,1214693.0,22810015.0
2018-05-02,42.55,44.42,42.55,44.05,3018423.0,58296788.0
2018-05-03,43.8,44.1,42.99,43.94,2353694.0,45240450.0
2018-05-04,43.83,44.62,43.83,44.12,2110144.0,41160165.0
2018-05-07,44.12,45.21,44.12,44.89,2422664.0,47841048.0
2018-05-08,45.1,45.94,44.6,44.69,2420000.0,48066956.0
2018-05-09,44.98,47.57,44.71,46.52,5123874.0,104318154.0
2018-05-10,46.46,46.46,45.59,46.3,3089549.0,62730021.0
2018-05-11,46.37,46.37,44.87,45.01,2719300.0,54337086.0
2018-05-14,44.64,45.46,44.64,45.03,1498700.0,29752552.0
2018-05-15,44.85,45.12,43.98,45.1,1991725.0,39135820.0
2018-05-16,44.8,45.21,44.08,44.17,1623675.0,31995420.0
2018-05-17,44.28,45.62,44.01,45.44,2356824.0,46764873.0
2018-05-18,45.59,46.28,45.01,45.23,2796750.0,56255603.0
2018-05-21,45.32,47.18,45.1,47.12,3933022.0,80557624.0
2018-05-22,47.16,48.11,46.77,47.27,4994195.0,104525224.0
2018-05-23,47.02,47.43,46.64,47.21,2693855.0,55740588.0
2018-05-24,47.16,48.27,46.87,47.37,2725260.0,57282356.0
2018-05-25,47.45,47.82,46.21,46.39,2407950.0,49743968.0
2018-05-28,46.28,46.82,45.48,46.55,2089578.0,42655391.0
2018-05-29,46.52,46.87,45.21,45.71,2193355.0,44574593.0
2018-05-30,45.03,45.35,44.23,44.23,2015984.0,39786060.0
2018-05-31,44.69,48.02,44.69,47.45,4360488.0,89684649.0
2018-06-01,47.34,47.41,46.14,46.91,3001622.0,61855197.0
2018-06-04,47.14,47.34,45.39,46.25,2655139.0,54093653.0
2018-06-05,45.57,50.58,45.57,47.87,7894641.0,110806202.0
2018-06-06,47.49,48.66,47.35,48.11,5653825.0,79271847.0
2018-06-07,48.17,51.36,47.69,49.89,11739229.0,171051846.0
2018-06-08,49.48,49.89,48.04,49.27,6446914.0,92181654.0
2018-06-11,48.72,49.96,47.69,48.17,4705225.0,66952923.0
2018-06-12,47.97,51.36,47.76,50.99,9189920.0,134353186.0
2018-06-13,50.37,50.75,49.37,49.62,5562829.0,81200807.0
2018-06-14,48.72,52.19,48.72,50.68,7597796.0,112869424.0
2018-06-15,50.64,51.95,49.2,50.13,5913110.0,86809734.0
2018-06-19,48.69,49.75,45.12,46.19,8660012.0,120783647.0
2018-06-20,45.91,48.17,45.43,47.87,7029325.0,96585336.0
2018-06-21,47.97,49.41,46.36,46.87,6224540.0,87328920.0
2018-06-22,45.29,48.35,44.27,48.21,6036796.0,82430882.0
2018-06-25,48.41,49.37,47.45,48.41,6154537.0,86682060.0
2018-06-26,47.32,49.03,46.63,48.69,4306409.0,60430540.0
2018-06-27,48.66,50.09,48.21,49.55,6462061.0,93107539.0
2018-06-28,49.51,50.06,46.29,46.97,6478810.0,91686100.0
2018-06-29,46.91,49.65,46.8,49.65,6557595.0,92631181.0
2018-07-02,49.51,50.58,48.41,49.03,6911001.0,99768934.0
2018-07-03,49.55,51.4,48.72,51.33,9756519.0,143615508.0
2018-07-04,50.92,50.92,49.41,49.99,6660302.0,97382704.0
2018-07-05,50.09,50.78,47.18,47.39,7189389.0,102986293.0
2018-07-06,48.0,48.66,45.84,46.97,6103186.0,84221157.0
2018-07-09,47.32,48.48,46.63,48.35,3999812.0,55827473.0
2018-07-10,48.48,49.68,48.07,49.0,5086611.0,72696662.0
2018-07-11,47.49,47.9,46.29,47.11,5409229.0,74447850.0
2018-07-12,47.01,49.24,46.84,49.0,5717499.0,80769497.0
2018-07-13,48.83,49.62,48.55,49.51,5795345.0,82979173.0
2018-07-16,49.38,50.95,48.96,50.4,7173271.0,104958990.0
2018-07-17,50.06,51.98,49.65,51.91,10115949.0,151420281.0
2018-07-18,52.02,52.53,51.19,51.36,9357024.0,141233725.0
2018-07-19,51.67,51.84,49.92,50.71,5929079.0,87777307.0
2018-07-20,48.69,49.2,47.69,49.1,8313635.0,117668837.0
2018-07-23,48.62,49.0,48.0,48.9,3980770.0,56360320.0
2018-07-24,48.9,49.2,47.69,48.62,7184680.0,101675500.0
2018-07-25,48.62,48.79,47.93,48.11,4269421.0,60031357.0
2018-07-26,48.14,48.45,47.7,47.73,3497462.0,48984479.0
2018-07-27,47.73,47.83,45.98,46.15,5023800.0,68313312.0
2018-07-30,45.84,46.63,44.92,45.26,3697149.0,49236007.0
2018-07-31,45.26,45.91,45.26,45.43,1699075.0,22560512.0
2018-08-01,45.43,45.88,43.75,43.82,3562488.0,46431756.0
2018-08-02,43.2,43.55,40.56,41.8,4246600.0,51696538.0
2018-08-03,41.8,42.24,41.15,41.18,1969792.0,23963227.0
2018-08-06,41.59,41.93,40.73,41.04,2122600.0,25588180.0
2018-08-07,42.35,43.2,41.9,43.1,3453936.0,42951212.0
2018-08-08,42.45,43.13,41.83,41.9,2394722.0,29699934.0
2018-08-09,41.83,43.0,41.15,42.62,2297809.0,28494829.0
2018-08-10,42.83,43.13,42.31,42.96,1873722.0,23424286.0
2018-08-13,43.2,45.26,43.2,44.4,3820860.0,49489337.0
2018-08-14,43.89,45.19,43.37,44.44,3366225.0,43654718.0
2018-08-15,44.06,44.33,42.93,42.96,3175423.0,40294727.0
2018-08-16,43.0,43.61,42.21,43.03,1658826.0,20777596.0
2018-08-17,43.24,43.79,41.93,42.24,1494550.0,18683905.0
2018-08-20,42.17,42.17,41.04,42.07,1754900.0,21302154.0
2018-08-21,41.87,42.48,41.76,42.21,1289850.0,15870951.0
2018-08-22,42.11,42.38,41.56,41.63,934275.0,11436096.0
2018-08-23,41.63,42.24,41.59,42.04,1273025.0,15586280.0
2018-08-24,42.04,42.45,41.35,42.35,1121459.0,13780296.0
2018-08-27,42.28,43.31,42.04,43.17,1475544.0,18454176.0
2018-08-28,43.27,43.82,43.07,43.41,1422458.0,18023466.0
2018-08-29,43.13,43.61,42.72,43.58,1542647.0,19435469.0
2018-08-30,43.0,43.58,41.56,41.8,2689703.0,33230761.0
2018-08-31,41.83,42.0,40.84,41.21,1395325.0,16815170.0
2018-09-03,41.69,41.69,40.63,40.94,1347013.0,16071313.0
2018-09-04,41.11,41.45,40.73,41.45,1230224.0,14757185.0
2018-09-05,41.42,41.42,40.87,40.87,888611.0,10636508.0
2018-09-06,40.94,41.11,40.05,40.15,1200597.0,14178791.0
2018-09-07,40.15,40.7,38.81,40.7,1511679.0,17591040.0
2018-09-10,40.15,40.39,38.92,40.12,1059550.0,12204064.0
2018-09-11,39.7,39.98,39.23,39.5,748637.0,8630308.0
2018-09-12,39.47,39.95,39.09,39.43,732625.0,8462674.0
2018-09-13,39.77,39.95,39.26,39.7,817037.0,9418311.0
2018-09-14,39.7,39.88,38.95,39.36,623100.0,7196882.0
2018-09-17,39.57,39.57,38.57,38.57,641546.0,7299964.0
2018-09-18,37.75,38.92,37.75,38.92,707712.0,7965587.0
2018-09-19,38.88,39.67,38.88,39.29,1103974.0,12702114.0
2018-09-20,39.19,39.57,39.09,39.09,636350.0,7292182.0
2018-09-21,39.05,39.7,38.68,39.64,1075033.0,12330319.0
2018-09-25,39.12,40.05,39.12,39.7,572348.0,6630150.0
2018-09-26,39.88,40.08,39.47,39.98,878375.0,10212092.0
2018-09-27,39.84,39.84,38.57,38.61,1086456.0,12396253.0
2018-09-28,38.54,39.53,38.54,39.36,957813.0,10932347.0
2018-10-08,38.74,39.02,37.78,37.78,1171787.0,13068993.0
2018-10-09,37.82,38.2,37.34,37.37,1232989.0,13571945.0
2018-10-10,37.44,38.71,37.44,38.71,1449200.0,16145790.0
2018-10-11,37.72,37.78,34.84,34.84,2874100.0,30079633.0
2018-10-12,34.8,35.15,31.96,33.81,1972242.0,19283085.0
2018-10-15,33.88,37.2,33.6,35.25,3161862.0,32536113.0
2018-10-16,34.7,34.7,33.23,33.26,1798712.0,17739821.0
2018-10-17,33.67,33.88,32.06,33.26,1301975.0,12590307.0
2018-10-18,32.78,33.19,30.96,31.44,1451700.0,13588040.0
2018-10-19,30.86,32.23,30.34,32.09,1676212.0,15380752.0
2018-10-22,32.23,34.05,32.02,33.7,2149662.0,20964911.0
2018-10-23,34.15,34.6,33.33,33.7,1888550.0,18669797.0
2018-10-24,33.29,33.7,32.37,33.02,2369956.0,22901012.0
2018-10-25,31.24,32.92,31.24,32.92,1448800.0,13614897.0
2018-10-26,33.02,33.64,32.78,32.98,1408938.0,13587376.0
2018-10-29,32.98,33.05,31.55,32.02,1298757.0,12244117.0
2018-10-30,32.61,32.81,31.55,32.37,1354216.0,12758543.0
2018-10-31,32.44,33.19,32.4,32.88,1526675.0,14650639.0
2018-11-01,33.02,33.6,32.78,33.33,1907175.0,18524398.0
2018-11-02,33.36,35.93,33.36,35.18,4110365.0,41230302.0
2018-11-05,35.08,36.17,34.19,35.8,4786720.0,49001300.0
2018-11-06,35.62,36.86,34.97,35.59,4203947.0,43930939.0
2018-11-07,35.59,36.69,35.08,35.69,4339060.0,45462887.0
2018-11-08,35.76,37.34,35.59,35.93,3551788.0,37532524.0
2018-11-09,36.0,36.21,35.35,35.45,2017610.0,21062416.0
2018-11-12,35.25,36.31,35.04,36.17,3083004.0,32240474.0
2018-11-13,37.44,39.09,36.93,37.17,7559448.0,83207625.0
