2015-02-16,16.25,17.73,16.25,17.73,52900.0,936447.0
2015-02-17,19.5,19.5,19.5,19.5,11700.0,228150.0
2015-02-25,21.45,21.45,21.45,21.45,22600.0,484770.0
2015-02-26,23.6,23.6,23.6,23.6,34300.0,809480.0
2015-02-27,25.96,25.96,25.96,25.96,59300.0,1539428.0
2015-03-02,28.56,28.56,28.56,28.56,93600.0,2673216.0
2015-03-03,31.42,31.42,31.42,31.42,1428525.0,44884256.0
2015-03-04,31.0,34.0,29.0,32.0,18382856.0,572991552.0
2015-03-05,30.0,30.97,29.86,29.92,11005790.0,332374080.0
2015-03-06,29.75,29.76,28.2,28.55,7598659.0,219344368.0
2015-03-09,28.0,29.0,27.75,28.74,4183736.0,118432592.0
2015-03-10,28.46,28.72,28.13,28.4,3012250.0,85491408.0
2015-03-11,28.05,28.68,27.9,27.93,3408722.0,96162456.0
2015-03-12,27.98,28.15,26.51,27.08,4232931.0,115264776.0
2015-03-13,27.1,27.65,27.1,27.41,2091053.0,57154828.0
2015-03-16,27.62,28.29,27.5,28.26,3118279.0,87480040.0
2015-03-17,28.27,28.57,28.1,28.49,3846006.0,109051032.0
2015-03-18,28.57,29.0,28.29,29.0,3419249.0,98228168.0
2015-03-19,29.05,29.99,29.0,29.99,5719038.0,169660560.0
2015-03-20,30.09,30.24,29.32,29.59,3869311.0,114745608.0
2015-03-23,29.66,29.85,29.46,29.68,3532711.0,104567704.0
2015-03-24,29.6,29.65,28.28,29.02,3757010.0,109250480.0
2015-03-25,29.05,30.14,28.88,29.9,5265993.0,156701792.0
2015-03-26,29.78,29.78,28.9,29.19,3136125.0,91999344.0
2015-03-27,29.2,29.78,29.2,29.53,2747456.0,81165368.0
2015-03-30,29.71,29.77,29.23,29.38,2536664.0,74602256.0
2015-03-31,29.31,29.44,28.88,29.1,2299420.0,66998544.0
2015-04-01,29.05,29.59,28.9,29.58,2887074.0,84690672.0
2015-04-02,29.63,30.98,29.63,30.48,5304033.0,160969088.0
2015-04-03,30.25,32.15,30.03,32.07,7432095.0,230573136.0
2015-04-07,33.0,33.32,31.8,32.36,6207110.0,200624416.0
2015-04-08,32.25,32.38,31.1,31.8,3977523.0,125931056.0
2015-04-09,31.71,31.73,30.1,31.07,3303808.0,101797864.0
2015-04-10,30.98,32.65,30.68,32.32,4281268.0,137194464.0
2015-04-13,32.6,34.7,32.24,34.03,5548246.0,188055632.0
2015-04-14,34.1,34.19,32.71,33.19,3999644.0,133545120.0
2015-04-15,34.77,36.51,34.77,36.51,3159134.0,114222000.0
2015-04-16,38.27,40.16,36.52,40.16,8810788.0,341360160.0
2015-04-17,44.16,44.18,40.96,41.68,11425130.0,487788800.0
2015-04-20,40.1,40.84,37.51,37.51,7057210.0,273395136.0
2015-04-21,38.0,40.7,38.0,39.5,6153995.0,243601008.0
2015-04-22,41.35,42.8,40.51,42.06,4999533.0,208721600.0
2015-04-23,42.0,46.05,41.5,46.0,4829323.0,212395312.0
2015-04-24,44.0,46.0,43.0,43.88,3423774.0,151400624.0
2015-04-27,43.8,44.75,42.01,44.49,3919590.0,169445904.0
2015-04-28,43.82,44.46,41.6,41.81,2413447.0,102650000.0
2015-04-29,41.3,43.85,40.87,43.14,3004226.0,129067496.0
2015-04-30,43.42,46.8,43.33,44.75,3404795.0,154417920.0
2015-05-04,45.35,46.01,43.0,44.25,1828501.0,81172616.0
2015-05-05,43.35,44.47,41.02,42.01,2457229.0,103642320.0
2015-05-06,42.0,43.97,41.9,42.22,2084930.0,89889096.0
2015-05-07,41.5,43.59,40.38,42.5,1189510.0,50036724.0
2015-05-08,43.1,45.9,43.0,45.39,2552893.0,113852720.0
2015-05-11,45.4,49.93,45.39,49.93,2916494.0,140747008.0
2015-05-12,51.6,52.49,48.01,50.01,3069726.0,154485904.0
2015-05-13,48.8,52.58,47.33,49.45,2558060.0,127978328.0
2015-05-14,49.5,54.4,48.81,54.4,3427577.0,179080992.0
2015-05-15,54.6,58.38,52.5,55.7,2848068.0,157146688.0
2015-05-18,55.49,60.39,54.36,59.55,2272113.0,132511912.0
2015-05-19,58.5,62.8,58.5,59.69,1933679.0,117007240.0
2015-05-20,58.82,61.9,58.79,59.6,2068015.0,124819256.0
2015-05-21,59.0,60.2,55.2,60.18,2262315.0,131168840.0
2015-05-22,60.57,61.97,57.29,58.83,2007821.0,119135720.0
2015-05-25,56.56,63.5,56.01,62.52,2459845.0,149260448.0
2015-05-26,62.2,68.77,60.6,67.95,2188240.0,144138256.0
2015-05-27,68.5,74.75,65.91,74.75,3255725.0,230971200.0
2015-05-28,76.0,81.24,67.28,68.0,6596620.0,511657440.0
2015-05-29,68.0,71.01,61.2,68.02,4298651.0,284522208.0
2015-06-01,67.0,73.0,66.0,70.04,2956080.0,204676752.0
2015-08-05,63.04,63.04,63.04,63.04,564300.0,35573472.0
2015-08-06,56.74,56.74,56.74,56.74,118800.0,6740712.0
2015-08-07,51.07,61.1,51.07,58.2,19407928.0,1040064064.0
2015-08-10,54.78,59.82,52.38,57.2,15154452.0,843532352.0
2015-08-11,55.8,59.2,55.4,57.1,9749038.0,562413440.0
2015-08-12,56.0,56.78,52.6,55.0,8261096.0,453250272.0
2015-08-13,53.75,55.97,53.6,54.88,4619881.0,251705968.0
2015-08-14,55.23,57.61,55.01,55.19,6171749.0,345209664.0
2015-08-17,54.99,54.99,53.5,54.1,3702967.0,199835024.0
2015-08-18,54.0,55.2,48.69,48.69,4803280.0,250505008.0
2015-08-19,45.58,49.84,43.82,48.32,4921048.0,227446752.0
2015-08-20,47.9,50.29,45.63,46.39,4076469.0,196168656.0
2015-08-21,45.0,47.7,44.4,45.1,3642915.0,167750144.0
2015-08-24,43.4,43.79,40.59,40.59,4464444.0,184155952.0
2015-08-25,37.51,41.98,37.2,37.9,5456773.0,215869344.0
2015-08-26,39.65,41.69,38.18,41.69,7239267.0,298519008.0
2015-08-27,43.12,44.98,40.23,42.97,7309895.0,311641216.0
2015-08-28,43.4,44.92,41.8,44.5,6858120.0,296403296.0
2015-08-31,43.5,43.5,40.05,40.05,3901760.0,163394640.0
2015-09-01,38.15,39.58,36.51,37.0,4069946.0,154093536.0
2015-09-02,35.0,39.0,34.6,34.8,3174138.0,117190544.0
2015-09-07,36.6,38.0,36.0,36.2,2469498.0,90829320.0
2015-09-08,36.28,39.76,36.0,39.76,3240525.0,122942872.0
2015-09-09,40.04,42.32,40.0,41.52,3978957.0,163734960.0
2015-09-10,41.0,41.5,40.12,40.63,2464489.0,100824144.0
2015-09-11,40.4,43.6,40.4,42.98,3950722.0,167050864.0
2015-09-14,42.55,42.75,38.68,38.68,3881627.0,156670336.0
2015-09-15,37.05,39.49,37.01,37.84,2467113.0,94195000.0
2015-09-16,38.6,41.62,38.0,41.62,3167611.0,126598888.0
2015-09-17,41.62,43.0,40.62,40.62,4406643.0,184942160.0
2015-09-18,41.18,41.9,40.51,41.6,2481632.0,102339384.0
2015-09-21,41.4,43.88,39.95,43.84,3438312.0,147182352.0
2015-09-22,43.8,44.25,42.24,43.02,3940378.0,170511952.0
2015-09-23,42.0,45.58,41.8,43.11,6530014.0,286011776.0
2015-09-24,43.89,47.36,43.52,46.45,9093521.0,412711392.0
2015-09-25,45.81,46.31,41.81,41.81,6588383.0,287929920.0
2015-09-28,41.8,43.69,41.0,43.57,3182874.0,135763808.0
2015-09-29,42.25,43.0,41.27,41.95,2905599.0,122584392.0
2015-09-30,42.04,42.6,40.97,42.45,2141266.0,89990928.0
2015-10-08,43.96,45.09,43.28,44.79,3806992.0,169352912.0
2015-10-09,44.37,45.3,44.0,45.02,2734544.0,122240328.0
2015-10-12,45.15,48.77,45.06,47.97,4768751.0,223294672.0
2015-10-13,47.11,48.2,47.0,48.2,3851949.0,183534288.0
2015-10-14,46.85,47.78,45.9,46.56,4620731.0,216114304.0
2015-10-15,46.1,49.28,46.01,48.92,4798466.0,231251056.0
2015-10-16,49.0,52.27,48.12,51.8,5831799.0,290710464.0
2015-10-19,52.5,52.5,49.8,50.55,5076885.0,258254304.0
2015-10-20,50.28,52.47,50.02,51.68,4195145.0,215718448.0
2015-10-21,51.1,53.61,46.55,46.9,6667808.0,335448288.0
2015-10-22,47.5,51.23,47.16,50.99,4626110.0,224870512.0
2015-10-23,52.78,53.6,49.51,52.1,6547381.0,337845536.0
2015-10-26,52.48,52.5,50.81,51.52,3474959.0,179211344.0
2015-10-27,51.39,53.13,48.86,52.53,4196594.0,212549952.0
2015-10-28,52.1,57.67,51.21,55.1,6745653.0,373857120.0
2015-10-29,55.2,56.42,53.0,55.0,4528698.0,244785632.0
2015-10-30,55.0,55.0,52.68,53.54,4609281.0,248726384.0
2015-11-02,50.88,53.52,48.19,49.76,12600981.0,211818944.0
2015-11-03,49.91,50.6,47.35,49.79,11004829.0,178975664.0
2015-11-04,50.33,51.81,49.7,51.78,13802140.0,233394048.0
2015-11-05,51.66,52.47,50.0,50.27,15105369.0,256474496.0
2015-11-06,50.3,55.3,50.3,55.3,16260778.0,289961120.0
2015-11-09,57.23,60.84,56.03,60.84,27650646.0,539118272.0
2015-11-10,65.66,66.93,63.86,66.93,43088304.0,941327680.0
2015-11-11,65.88,71.15,63.92,68.56,36358536.0,819119040.0
2015-11-12,67.32,75.42,66.36,75.42,30342780.0,719943232.0
2015-11-13,77.71,82.95,70.48,82.95,38508488.0,994215040.0
2015-11-16,82.23,91.24,77.8,91.24,22050252.0,629132608.0
2015-11-17,98.44,100.36,93.32,100.36,33847540.0,1103012864.0
2015-11-18,103.92,110.39,103.29,110.39,40999512.0,1452536832.0
2015-11-19,115.36,121.45,115.36,121.45,26008988.0,1031304192.0
2015-11-20,131.03,133.59,121.45,133.59,34627240.0,1490742784.0
2015-11-23,137.96,137.96,120.24,121.12,44996656.0,1876134528.0
2015-11-24,119.58,126.45,116.63,123.41,40025676.0,1619105792.0
2015-11-25,119.31,122.53,117.95,120.91,28022012.0,1120344064.0
2015-11-26,121.39,128.86,117.77,123.35,40316648.0,1645493760.0
2015-11-27,118.14,120.03,111.03,111.15,29345870.0,1126473856.0
2015-11-30,114.94,122.26,111.45,122.26,37913508.0,1496828160.0
2015-12-01,129.82,134.49,129.52,134.49,37701216.0,1673586048.0
2015-12-02,123.5,135.18,121.06,121.09,40995840.0,1695604352.0
2015-12-03,117.41,125.0,115.0,123.23,30551910.0,1224629248.0
2015-12-04,126.09,126.09,117.17,120.45,24927864.0,1002471552.0
2015-12-07,117.47,119.52,114.55,118.38,18742334.0,728884992.0
2015-12-08,117.47,121.57,115.97,116.54,21829134.0,860311552.0
2015-12-09,115.0,115.3,108.44,111.45,23805328.0,879143744.0
2015-12-10,110.85,113.86,108.89,111.45,17056738.0,631457152.0
2015-12-11,109.58,111.3,103.77,105.61,17758282.0,629325696.0
2015-12-14,104.04,108.38,102.86,107.98,13216822.0,465436256.0
2015-12-15,107.98,110.85,106.84,108.89,14767745.0,532842048.0
2015-12-16,108.89,113.86,107.23,109.61,19229016.0,707705216.0
2015-12-17,108.59,116.27,108.38,114.4,25899236.0,974919232.0
2015-12-18,114.46,125.85,113.86,120.82,35688024.0,1452690560.0
2015-12-21,117.08,117.08,109.34,111.33,27746128.0,1033780224.0
2015-12-22,111.42,111.9,107.23,111.21,16173277.0,591802944.0
2015-12-23,111.15,113.8,108.77,111.0,15835691.0,585193728.0
2015-12-24,109.34,110.85,105.45,107.89,12498088.0,445495968.0
2015-12-25,108.14,109.04,106.63,108.32,8844875.0,317392480.0
2015-12-28,109.34,109.97,105.24,105.24,9697125.0,344359072.0
2015-12-29,104.46,105.18,100.91,101.93,10466182.0,355069536.0
2015-12-30,101.96,105.36,101.96,105.12,10343832.0,356954304.0
2015-12-31,104.07,104.91,96.75,99.34,9935610.0,333884096.0
2016-01-04,98.71,98.71,89.4,89.4,7981454.0,245092224.0
2016-01-05,80.88,86.75,80.88,83.19,12486341.0,345387328.0
2016-01-06,84.04,91.51,83.14,91.51,13903573.0,402015840.0
2016-01-07,91.12,91.12,82.35,82.35,4317642.0,124379168.0
2016-01-08,83.34,87.14,75.6,83.86,13423270.0,375996928.0
2016-01-11,80.3,82.53,75.48,75.48,10179955.0,265999872.0
2016-01-12,74.7,83.04,74.13,79.88,16734717.0,443481760.0
2016-01-13,79.49,80.12,72.89,73.95,12459237.0,319782528.0
2016-01-14,70.18,80.97,69.64,77.89,12207547.0,309114880.0
2016-01-15,77.89,79.52,73.8,75.03,11541896.0,293733792.0
2016-01-18,73.53,82.23,73.53,78.98,14404384.0,375504416.0
2016-01-19,78.28,82.92,76.75,81.48,17142664.0,453152768.0
2016-01-20,80.06,86.63,79.64,81.69,19409702.0,533720608.0
2016-01-21,78.68,81.93,73.56,73.65,12638748.0,331147584.0
2016-01-22,75.0,77.71,71.69,76.57,11098371.0,276167456.0
2016-01-25,77.11,80.91,76.9,78.31,9850688.0,257609152.0
2016-01-26,76.45,76.81,70.48,70.48,10159583.0,247931584.0
2016-01-27,70.18,70.88,63.44,67.44,10190859.0,225488640.0
2016-01-28,66.27,66.57,60.72,60.91,8352594.0,176655216.0
2016-01-29,61.81,66.99,61.72,66.99,6045186.0,132867904.0
2016-02-01,72.41,73.68,69.28,70.97,20155708.0,478817856.0
2016-02-02,70.18,74.7,68.01,72.77,16832142.0,401012608.0
2016-02-03,70.42,72.77,69.28,71.69,11508753.0,270453184.0
2016-02-04,71.69,75.3,71.09,72.5,12322344.0,299955488.0
2016-02-05,72.5,79.76,72.47,79.76,27068132.0,706938560.0
2016-02-15,76.27,79.46,74.76,78.44,19899622.0,512072096.0
2016-02-16,77.02,84.94,76.51,81.75,23636878.0,635538816.0
2016-02-17,79.82,81.03,77.5,80.27,19377600.0,511387232.0
2016-02-18,79.82,82.98,78.01,78.28,17113368.0,456420416.0
2016-02-19,77.5,78.28,75.94,77.71,12669298.0,324449024.0
2016-02-22,79.28,79.82,77.41,78.41,12885673.0,335550880.0
2016-02-23,78.62,78.92,74.4,75.97,15618858.0,395532704.0
2016-02-24,76.24,83.56,76.0,83.56,39029088.0,1070626624.0
2016-02-25,86.6,91.9,86.48,91.9,45060768.0,1359703040.0
2016-02-26,96.39,101.09,92.77,101.09,33385252.0,1084895872.0
2016-02-29,99.4,99.4,90.97,90.97,15467072.0,480549760.0
2016-03-01,84.34,90.36,81.87,84.7,43761784.0,1228628352.0
2016-03-02,85.54,93.17,82.23,93.14,60949148.0,1805031040.0
2016-03-03,88.89,96.33,87.92,89.52,52332212.0,1586510976.0
2016-03-04,84.82,87.08,80.57,80.57,34446388.0,951603136.0
2016-03-07,78.56,83.92,78.56,81.36,21302980.0,577225536.0
2016-03-08,80.48,89.49,79.82,89.49,39006764.0,1116823808.0
2016-03-09,87.35,88.25,81.57,83.28,32055392.0,906605120.0
2016-03-10,81.36,84.94,79.13,80.12,20977020.0,567108288.0
2016-03-11,78.31,79.22,75.0,77.05,19774240.0,504127328.0
2016-03-14,78.62,82.35,78.62,79.82,21208976.0,565785216.0
2016-03-15,78.62,79.4,77.2,78.01,16276253.0,422939168.0
2016-03-16,79.37,81.9,78.31,79.79,21136056.0,563334656.0
2016-03-17,80.39,87.65,77.98,85.3,33604612.0,914381632.0
2016-03-18,84.34,90.03,83.17,85.78,36524904.0,1049881792.0
2016-03-21,87.02,91.57,84.97,91.39,35658612.0,1052804352.0
2016-03-22,89.1,91.21,87.5,88.35,27736866.0,822284864.0
2016-03-23,88.71,91.48,88.35,89.79,25500666.0,762803904.0
2016-03-24,87.35,88.07,85.24,85.24,24573900.0,705563840.0
2016-03-25,84.34,87.26,84.04,86.15,14061097.0,401370944.0
2016-03-28,87.59,88.86,83.59,84.4,15476637.0,442764288.0
2016-03-29,83.86,85.06,78.59,80.97,14970584.0,403954336.0
2016-03-30,81.9,84.34,81.0,83.86,13704101.0,374991136.0
2016-03-31,83.89,92.23,83.89,88.59,32659892.0,971744640.0
2016-04-01,86.9,86.99,83.56,83.98,20580124.0,579380544.0
2016-04-05,84.01,86.6,83.74,86.45,14812234.0,420489760.0
2016-04-06,86.45,89.91,85.45,87.32,18022588.0,524182784.0
2016-04-07,87.05,88.25,83.92,84.31,15470112.0,437988992.0
2016-04-08,82.98,82.98,81.33,82.38,11221474.0,305006176.0
2016-04-11,83.83,84.88,83.22,84.46,10320888.0,288000096.0
2016-04-12,84.46,84.46,81.63,82.92,8726864.0,238928928.0
2016-04-13,83.41,85.42,83.28,83.38,13014459.0,364513152.0
2016-04-14,84.04,84.46,82.92,84.34,10337961.0,287216192.0
2016-04-15,84.82,84.88,83.05,83.65,8419965.0,233693344.0
2016-04-18,82.23,84.88,81.39,83.92,11914433.0,328819456.0
2016-04-19,84.13,88.8,83.59,86.75,21784768.0,623517504.0
2016-04-20,86.93,87.29,78.32,79.43,20165316.0,551765952.0
2016-04-21,79.43,81.0,75.85,76.66,11280091.0,295543616.0
2016-04-22,75.33,77.65,74.7,76.81,7829233.0,198230912.0
2016-04-25,76.81,76.81,73.22,74.34,7938935.0,196548832.0
2016-04-26,74.91,75.61,73.8,75.27,6384986.0,158291312.0
2016-04-27,75.3,81.27,74.94,76.87,11708477.0,303808000.0
2016-04-28,75.51,76.21,73.19,75.42,8989241.0,223265664.0
2016-04-29,74.7,76.06,73.86,74.85,4706290.0,117408032.0
2016-05-03,74.85,76.87,74.85,76.84,7996097.0,202804608.0
2016-05-04,76.81,78.25,76.15,77.56,9552587.0,244938160.0
2016-05-05,77.95,77.95,76.24,77.2,7379859.0,188534208.0
2016-05-06,77.26,77.56,73.19,73.31,10127108.0,252603088.0
2016-05-09,72.29,72.29,66.9,67.53,9360873.0,213462368.0
2016-05-10,67.17,68.59,66.87,68.17,5534335.0,124484280.0
2016-05-11,68.62,70.15,67.2,67.32,6022618.0,137470878.0
2016-05-12,65.24,66.18,63.26,65.51,6518228.0,140222298.0
2016-05-13,65.36,66.63,64.58,65.18,4928141.0,107312680.0
2016-05-16,65.3,67.17,64.1,67.11,5705916.0,124123398.0
2016-05-17,66.9,67.53,65.69,66.24,6246638.0,138281042.0
2016-05-18,65.21,65.21,61.45,62.47,7377595.0,155395273.0
2016-05-19,61.9,64.7,61.9,62.98,6505230.0,137615408.0
2016-05-20,61.84,64.64,61.0,64.16,5946091.0,124533242.0
2016-05-23,64.46,69.28,63.92,66.6,11356457.0,249345279.0
2016-05-24,65.33,65.97,63.95,64.61,6817896.0,147154296.0
2016-05-25,65.12,66.03,63.71,64.28,5340064.0,114984292.0
2016-05-26,64.31,64.73,61.75,64.01,6143548.0,128643952.0
2016-05-27,64.13,64.73,62.95,64.04,4909764.0,104434438.0
2016-05-30,63.44,64.4,62.23,63.68,3722862.0,78517547.0
2016-05-31,63.77,66.87,63.77,66.36,10534456.0,230054712.0
2016-06-01,67.47,68.44,66.57,68.07,11227965.0,251980973.0
2016-06-02,69.28,73.19,69.28,70.06,16293351.0,382793072.0
2016-06-03,69.43,72.23,69.43,69.58,12233616.0,287106970.0
2016-06-06,69.7,70.45,68.19,68.86,7083996.0,161771255.0
2016-06-07,68.56,69.16,67.71,68.28,5687842.0,128668365.0
2016-06-08,68.44,75.12,68.34,75.12,27457734.0,665941612.0
2016-06-13,75.3,81.99,73.8,75.61,36373396.0,933169749.0
2016-06-14,73.04,78.98,69.46,78.05,25773833.0,641322736.0
2016-06-15,75.64,83.56,75.61,80.0,30539322.0,815013143.0
2016-06-16,79.07,82.65,77.74,78.35,20895980.0,553653863.0
2016-06-17,78.25,79.79,77.11,77.8,15025013.0,390263016.0
2016-06-20,76.99,79.43,76.27,78.17,11976197.0,310513443.0
2016-06-21,78.5,79.22,74.1,74.25,13729557.0,351283744.0
2016-06-22,73.98,77.41,73.65,76.93,11397115.0,286631669.0
2016-06-23,77.05,78.11,73.68,74.61,11959033.0,300875271.0
2016-06-24,74.58,75.61,68.38,73.04,11076652.0,268965764.0
2016-06-27,71.99,77.98,71.63,76.69,13832346.0,348356705.0
2016-06-28,76.36,81.09,75.64,79.7,18027702.0,471019739.0
2016-06-29,81.18,81.3,77.35,77.62,15172437.0,395719214.0
2016-06-30,77.71,78.59,75.39,76.72,10049615.0,255006147.0
2016-07-01,76.06,77.65,75.54,76.03,7573282.0,192034423.0
2016-07-04,74.97,77.08,74.55,76.66,7518211.0,189951330.0
2016-07-05,76.51,77.53,75.48,76.06,7296358.0,184840498.0
2016-07-06,76.66,79.04,76.27,77.44,14114632.0,363571501.0
2016-07-07,77.71,77.8,74.43,75.33,12268384.0,307625758.0
2016-07-08,75.33,75.33,73.8,74.4,7088446.0,175184673.0
2016-07-11,74.52,75.15,73.47,73.83,6209404.0,153389518.0
2016-07-12,73.95,78.01,73.95,75.72,15412565.0,388210480.0
2016-07-13,75.3,75.45,74.13,75.21,9058413.0,224882187.0
2016-07-14,75.3,77.11,75.3,75.72,9544451.0,240686473.0
2016-07-15,75.78,76.15,74.19,74.4,6385706.0,158180106.0
2016-07-18,74.4,74.94,72.68,73.47,5593968.0,136400336.0
2016-07-19,73.47,74.7,72.89,73.98,4962059.0,121307056.0
2016-07-20,74.07,74.97,73.5,74.1,5573049.0,137228077.0
2016-07-21,74.07,77.35,73.53,75.69,17815318.0,450654001.0
2016-07-22,75.3,75.45,73.22,73.25,10905351.0,267854210.0
2016-07-25,73.44,73.95,73.08,73.89,4437187.0,108238603.0
2016-07-26,73.8,74.46,73.5,74.34,4458210.0,109506825.0
2016-07-27,74.46,74.49,67.8,68.68,11470852.0,268897846.0
2016-07-28,68.71,70.15,66.27,67.23,5998381.0,135047403.0
2016-07-29,67.23,67.77,66.27,66.99,3446579.0,76696669.0
2016-08-01,67.26,67.26,64.16,65.72,4254818.0,92412516.0
2016-08-02,65.75,66.75,65.75,66.42,2433380.0,53512018.0
2016-08-03,66.24,66.57,65.81,66.12,2584463.0,56704042.0
2016-08-04,66.24,66.87,65.97,66.78,3225936.0,71215079.0
2016-08-05,66.57,66.99,65.81,66.27,3474028.0,76601942.0
2016-08-08,66.27,66.69,65.36,66.54,2699755.0,59208054.0
2016-08-09,66.45,67.65,66.15,67.05,4143062.0,91975421.0
2016-08-10,67.2,68.31,67.08,67.17,4735466.0,106428368.0
2016-08-11,67.11,67.11,65.54,65.61,4199055.0,92088118.0
2016-08-12,65.81,66.27,65.36,66.12,2612118.0,57165429.0
2016-08-15,66.12,68.07,65.67,67.47,5883933.0,131212865.0
2016-08-16,67.62,69.73,67.62,69.16,7502456.0,170812580.0
2016-08-17,69.58,71.39,68.41,68.5,7004100.0,162097255.0
2016-08-18,68.01,68.62,67.62,68.28,4748565.0,107144965.0
2016-08-19,68.25,68.28,67.59,67.65,3122006.0,70241010.0
2016-08-22,68.11,68.38,66.63,66.69,2928787.0,65269100.0
2016-08-23,66.51,67.05,66.3,66.81,2592440.0,57442371.0
2016-08-24,66.87,67.65,66.72,67.08,3174490.0,70751225.0
2016-08-25,66.69,66.69,64.76,65.81,3912117.0,85114917.0
2016-08-26,65.81,66.87,65.69,66.0,2689920.0,59154592.0
2016-08-29,66.03,66.75,65.81,66.42,2384196.0,52447454.0
2016-08-30,66.57,67.17,66.42,66.66,2770767.0,61423673.0
2016-08-31,67.05,67.05,65.91,66.42,2607449.0,57322137.0
2016-09-01,66.39,66.87,65.97,66.18,2617532.0,57665253.0
2016-09-02,65.88,66.12,65.21,65.54,2677986.0,58332510.0
2016-09-05,65.61,66.57,65.61,65.85,2622012.0,57509390.0
2016-09-06,66.12,70.79,66.12,68.56,10652068.0,243207594.0
2016-09-07,67.77,71.09,67.77,68.53,9966790.0,230292055.0
2016-09-08,68.89,69.19,67.5,68.19,4981623.0,112526953.0
2016-09-09,67.95,69.13,67.86,68.22,4439963.0,100709510.0
2016-09-12,66.81,66.81,64.46,64.49,6008759.0,130863402.0
2016-09-13,64.49,65.36,64.49,64.85,2807283.0,60400178.0
2016-09-14,64.7,64.7,63.56,63.89,3206375.0,68207252.0
2016-09-19,63.89,65.03,63.89,64.55,2363238.0,50636595.0
2016-09-20,64.88,64.91,63.92,64.16,1997935.0,42630211.0
2016-09-21,64.16,64.49,63.92,64.34,1954534.0,41673783.0
2016-09-22,64.73,65.06,64.16,64.4,2580058.0,55335320.0
2016-09-23,64.46,64.7,63.98,64.16,1901034.0,40519613.0
2016-09-26,64.16,64.16,62.29,62.35,2994769.0,62643768.0
2016-09-27,62.32,62.95,61.81,62.86,2230496.0,46109393.0
2016-09-28,63.2,63.23,62.35,62.5,1323668.0,27496125.0
2016-09-29,62.56,63.04,62.38,62.47,1643846.0,34181509.0
2016-09-30,62.11,62.59,62.11,62.47,1971900.0,40801167.0
2016-10-10,62.98,63.95,62.65,63.83,2833853.0,59695592.0
2016-10-11,64.07,64.07,63.56,63.86,2046784.0,43339618.0
2016-10-12,63.59,64.7,63.5,64.16,2822303.0,60055635.0
2016-10-13,64.16,64.43,63.65,63.95,2395571.0,50856971.0
2016-10-14,63.92,63.92,63.2,63.53,2258225.0,47552139.0
2016-10-17,63.53,63.77,62.38,62.62,2135070.0,44806311.0
2016-10-18,62.35,65.64,62.35,64.64,6168366.0,131955261.0
2016-10-19,64.76,65.18,64.04,64.25,3372780.0,71998903.0
2016-10-20,64.7,70.36,64.04,67.53,11294112.0,252552066.0
2016-10-21,66.33,67.14,64.94,65.72,7783443.0,169775989.0
2016-10-24,65.39,66.0,64.91,65.69,4124871.0,89799065.0
2016-10-25,65.67,68.68,65.09,66.84,7120184.0,157658718.0
2016-10-26,66.27,67.71,65.82,66.18,4322898.0,95334041.0
2016-10-27,65.97,65.97,65.06,65.64,3238643.0,70325074.0
2016-10-28,65.67,65.85,64.46,64.55,3275618.0,70719444.0
2016-10-31,64.46,64.46,63.41,64.04,2425902.0,51437141.0
2016-11-01,64.16,65.51,64.01,65.24,3196390.0,68536105.0
2016-11-02,65.06,65.18,64.25,64.37,3189606.0,68389920.0
2016-11-03,64.16,65.51,63.8,64.64,4339729.0,93354434.0
2016-11-04,64.34,65.36,64.19,65.18,4664768.0,100530266.0
2016-11-07,65.06,68.38,64.76,66.15,9493580.0,209989993.0
2016-11-08,65.82,66.87,65.51,66.57,5677068.0,124665288.0
2016-11-09,66.6,66.87,63.92,65.3,6278207.0,136858462.0
2016-11-10,66.15,66.93,65.61,66.12,6863263.0,151302621.0
2016-11-11,66.12,67.32,65.48,67.05,8124691.0,179204748.0
2016-11-14,66.87,67.59,66.6,66.93,6965021.0,154902446.0
2016-11-15,66.93,67.89,66.66,67.89,7474629.0,166820165.0
2016-11-16,68.08,71.06,67.32,69.43,17095511.0,396174066.0
2016-11-17,69.64,70.79,67.5,67.59,10842426.0,247886549.0
2016-11-18,66.87,67.53,66.48,66.78,6200010.0,137809976.0
2016-11-21,66.78,68.19,66.3,66.99,5085259.0,113373552.0
2016-11-22,66.6,67.56,66.6,67.5,4916978.0,109546717.0
2016-11-23,67.53,67.77,66.3,66.63,4231176.0,93972837.0
2016-11-24,66.78,66.87,64.94,65.33,5033040.0,109997652.0
2016-11-25,65.39,65.91,63.92,65.88,4318976.0,93494319.0
2016-11-28,66.03,66.09,65.36,65.64,2541158.0,55465040.0
2016-11-29,65.12,65.58,64.16,64.19,3870668.0,83306073.0
2016-11-30,64.46,65.94,64.31,64.76,3441010.0,74384581.0
2016-12-01,64.76,65.75,64.31,65.67,4321025.0,93617750.0
2016-12-02,65.69,65.69,64.19,64.31,2827435.0,60660585.0
2016-12-05,63.83,65.09,62.8,64.61,2873662.0,61407336.0
2016-12-06,64.61,65.12,64.37,64.49,2293949.0,49298068.0
2016-12-07,64.55,64.82,64.1,64.64,1879380.0,40223438.0
2016-12-08,64.67,64.97,63.86,63.92,2214172.0,47387146.0
2016-12-09,63.77,64.16,62.8,62.89,3656847.0,76870981.0
2016-12-12,62.89,63.2,57.35,57.71,6007515.0,119442057.0
2016-12-13,57.65,57.65,55.73,57.05,3792958.0,71236312.0
2016-12-14,57.32,57.74,55.94,57.26,3294958.0,62192122.0
2016-12-15,56.93,58.28,56.39,57.92,3032714.0,58129530.0
2016-12-16,57.98,63.23,57.56,59.67,4963744.0,99266882.0
2016-12-19,59.22,60.76,58.74,60.03,3333228.0,66140952.0
2016-12-20,59.49,60.24,59.43,59.97,2614837.0,51969020.0
2016-12-21,59.97,60.39,59.67,60.0,1558347.0,31018492.0
2016-12-22,59.94,61.06,59.01,60.12,3694135.0,73874376.0
2016-12-23,59.79,60.51,59.61,59.82,1629397.0,32438535.0
2016-12-26,59.55,59.79,57.53,59.34,3471806.0,67870050.0
2016-12-27,59.34,59.58,58.41,58.77,1642700.0,32155582.0
2016-12-28,58.83,59.28,57.92,58.01,1417999.0,27512852.0
2016-12-29,58.04,58.86,57.71,57.89,1540495.0,29801827.0
2016-12-30,58.1,59.22,57.95,58.8,3607003.0,70282211.0
2017-01-03,59.28,61.6,58.59,60.06,5103660.0,101556706.0
2017-01-04,59.52,60.24,59.43,60.03,2686127.0,53357850.0
2017-01-05,59.79,60.51,59.46,59.52,2178431.0,43251367.0
2017-01-06,59.55,59.79,58.31,58.34,1851665.0,36134199.0
2017-01-09,58.34,60.18,58.34,59.85,3026944.0,59837223.0
2017-01-10,59.79,59.79,58.77,58.95,1894991.0,37152536.0
2017-01-11,59.34,59.34,58.38,58.41,1253215.0,24391897.0
2017-01-12,58.47,58.71,57.53,57.59,1246459.0,24001050.0
2017-01-13,57.59,58.16,56.78,57.08,1363045.0,25963464.0
2017-01-16,57.08,57.77,51.39,52.89,3780756.0,67283975.0
2017-01-17,52.98,53.38,50.6,52.83,2579630.0,44927941.0
2017-01-18,52.92,58.1,52.11,58.1,10764512.0,205254908.0
2017-01-19,56.66,58.1,56.21,56.42,6022542.0,113706603.0
2017-01-20,56.39,58.1,55.81,56.57,3544315.0,67101022.0
2017-01-23,56.03,57.47,56.03,56.99,2078227.0,39196527.0
2017-01-24,56.93,57.17,55.48,55.94,1935768.0,36168765.0
2017-01-25,55.94,56.51,55.42,55.45,1733963.0,32172824.0
2017-01-26,55.45,56.18,55.45,55.7,1008246.0,18644273.0
2017-02-03,56.03,56.42,55.51,55.81,912920.0,16945940.0
2017-02-06,55.81,56.36,55.81,56.3,1212903.0,22597013.0
2017-02-07,56.48,56.48,55.54,55.81,1489523.0,27639934.0
2017-02-08,56.3,56.3,55.36,56.15,1317963.0,24433749.0
2017-02-09,56.18,58.28,56.18,56.84,4649856.0,88513350.0
2017-02-10,56.48,56.66,55.81,55.94,2627433.0,48906637.0
2017-02-13,55.81,56.27,55.57,56.0,1795106.0,33337395.0
2017-02-14,56.0,56.0,55.12,55.51,2190073.0,40294323.0
2017-02-15,55.7,55.73,54.16,54.49,2607510.0,47536676.0
2017-02-16,53.98,54.85,53.98,54.46,2049799.0,37081195.0
2017-02-17,54.46,55.54,54.34,54.76,2226087.0,40585307.0
2017-02-20,54.76,55.06,54.67,55.0,1377934.0,25084822.0
2017-02-21,55.0,55.94,54.7,55.18,2133971.0,39139154.0
2017-02-22,55.27,55.73,54.94,55.51,1987799.0,36539769.0
2017-02-23,55.51,55.73,54.82,55.33,1763272.0,32348573.0
2017-02-24,55.33,55.63,55.03,55.48,1842832.0,33877884.0
2017-02-27,55.42,57.11,55.12,55.51,3309004.0,61507622.0
2017-02-28,55.48,55.97,55.15,55.42,1936671.0,35636880.0
2017-03-01,55.66,55.66,55.27,55.36,1474089.0,27127683.0
2017-03-02,55.7,56.57,55.36,55.39,2213226.0,41005511.0
2017-03-03,55.3,55.3,54.7,55.12,2011527.0,36713733.0
2017-03-06,55.0,56.24,54.97,55.81,2718554.0,50152015.0
2017-03-07,55.57,56.93,55.57,56.6,5306003.0,99437265.0
2017-03-08,56.33,56.45,55.7,55.94,2768008.0,51426991.0
2017-03-09,55.91,55.91,55.12,55.15,2126540.0,39049266.0
2017-03-10,55.15,55.88,55.12,55.51,1579400.0,29085369.0
2017-03-13,55.78,56.63,55.21,56.24,3741387.0,69661434.0
2017-03-14,56.27,56.39,55.7,55.78,2067242.0,38364480.0
2017-03-15,55.81,56.24,55.42,56.0,1959263.0,36278604.0
2017-03-16,55.97,56.48,55.88,56.39,2788098.0,52099658.0
2017-03-17,56.39,56.9,56.06,56.54,4442689.0,83290269.0
2017-03-20,56.63,58.07,56.36,57.83,9874622.0,188775501.0
2017-03-21,57.53,60.18,57.38,59.31,11832330.0,232701716.0
2017-03-22,58.95,59.79,58.28,59.4,6681314.0,130750751.0
2017-03-23,58.92,59.64,57.65,58.53,5120325.0,99905893.0
2017-03-24,58.5,59.55,58.13,58.65,3428363.0,67070829.0
2017-03-27,58.83,58.89,57.71,57.83,2843580.0,54749106.0
2017-03-28,57.92,58.44,57.23,57.83,3155259.0,60510542.0
2017-03-29,57.86,58.44,57.23,57.23,2556789.0,48867233.0
2017-03-30,57.23,57.23,54.82,54.85,4295735.0,79295388.0
2017-03-31,54.88,55.27,54.22,54.37,2803806.0,50807706.0
2017-04-05,54.82,55.91,54.52,55.45,1947694.0,35711844.0
2017-04-06,55.18,56.0,54.97,55.63,2241118.0,41262733.0
2017-04-07,55.42,56.03,55.12,55.42,2032149.0,37409937.0
2017-04-10,55.57,55.88,54.85,54.94,2050330.0,37620852.0
2017-04-11,54.82,55.03,52.71,54.79,3803765.0,68190027.0
2017-04-12,54.58,55.15,54.07,54.4,1575638.0,28573607.0
2017-04-13,54.79,55.33,54.52,54.88,1723525.0,31458128.0
2017-04-14,54.88,54.88,53.2,53.59,2124273.0,37941317.0
2017-04-17,53.07,53.62,50.84,51.21,5012696.0,86286237.0
2017-04-18,51.48,51.63,49.1,49.16,4400449.0,73478826.0
2017-04-19,49.1,49.16,47.14,48.34,3431906.0,54614126.0
2017-04-20,48.23,49.01,47.41,48.28,1868583.0,29855714.0
2017-04-21,48.5,48.62,47.59,47.59,1424900.0,22681858.0
2017-04-24,47.59,47.59,45.18,45.39,1860191.0,28354252.0
2017-04-25,45.63,46.09,45.39,45.78,1204382.0,18304523.0
2017-04-26,45.78,47.14,45.51,47.11,2190661.0,33856390.0
2017-04-27,47.05,47.92,46.12,47.56,2215704.0,34541303.0
2017-04-28,47.41,47.77,47.08,47.35,777785.0,12256371.0
2017-05-02,47.59,48.07,47.23,48.07,1078395.0,17070237.0
2017-05-03,48.04,49.67,47.74,48.1,1691110.0,27317093.0
2017-05-04,47.68,47.89,46.75,47.38,1232202.0,19364920.0
2017-05-05,47.38,47.86,47.02,47.23,949905.0,14946149.0
2017-05-08,47.35,47.53,46.24,46.3,1078450.0,16766970.0
2017-05-09,46.45,47.29,45.76,46.87,1020693.0,15710725.0
2017-05-10,46.93,47.5,45.63,45.63,1129232.0,17535013.0
2017-05-11,45.91,46.09,43.41,44.88,1869682.0,27903002.0
2017-05-12,44.58,45.21,43.77,44.19,1456140.0,21367600.0
2017-05-15,44.19,44.67,43.65,43.74,1099190.0,16070004.0
2017-05-16,43.74,46.33,42.59,45.18,2952038.0,43389115.0
2017-05-17,45.18,45.66,44.49,44.94,2086050.0,31251674.0
2017-05-18,44.58,45.24,44.34,44.52,1380646.0,20505613.0
2017-05-19,44.31,44.85,44.04,44.31,1240774.0,18282518.0
2017-05-22,44.37,44.79,42.98,43.23,1318783.0,19171509.0
2017-05-23,43.42,43.66,40.09,40.51,2253697.0,31183711.0
2017-05-24,40.09,40.94,38.85,40.85,1832185.0,24170886.0
2017-05-25,40.85,41.42,39.67,41.15,1429981.0,19269503.0
2017-05-26,41.21,41.87,41.21,41.72,1418215.0,19490218.0
2017-05-31,42.18,42.63,41.27,41.27,1037900.0,14390861.0
2017-06-01,41.27,41.51,39.52,39.7,1134400.0,15166975.0
2017-06-02,39.67,41.87,39.18,41.57,2076254.0,28055566.0
2017-06-05,41.69,41.94,41.21,41.66,1139527.0,15672160.0
2017-06-06,41.66,43.33,41.33,42.12,1907698.0,26749024.0
2017-06-07,41.97,44.41,41.75,44.32,3818435.0,54680942.0
2017-06-08,44.38,44.72,43.69,43.72,2353892.0,34460062.0
2017-06-09,43.6,45.96,43.35,45.26,3606259.0,52948941.0
2017-06-12,44.96,45.65,44.29,44.47,3096670.0,45907039.0
2017-06-13,44.47,45.9,43.84,44.75,3460680.0,51461734.0
2017-06-14,44.69,45.8,44.29,45.32,4270285.0,63628469.0
2017-06-15,44.75,45.8,44.41,45.56,3560651.0,53138260.0
2017-06-16,45.65,45.65,44.66,45.17,2141454.0,31981328.0
2017-06-19,45.17,45.44,44.75,45.35,1602400.0,23944745.0
2017-06-20,45.35,45.9,45.11,45.9,2721425.0,40994390.0
2017-06-21,45.9,46.71,45.11,46.56,2883373.0,43752446.0
2017-06-22,46.53,47.47,45.56,47.1,4087366.0,63175434.0
2017-06-23,46.5,51.22,46.5,49.13,8151809.0,131154098.0
2017-06-26,49.31,49.64,48.1,48.98,4603180.0,74164514.0
2017-06-27,48.62,49.1,48.22,48.37,2200200.0,35318367.0
2017-06-28,47.92,48.31,47.35,47.47,2158272.0,34071542.0
2017-06-29,47.62,48.37,47.47,47.56,1551181.0,24525573.0
2017-06-30,47.56,47.89,47.2,47.29,1446898.0,22743406.0
2017-07-03,48.1,49.8,48.04,48.41,3081876.0,49668765.0
2017-07-04,48.13,48.65,47.68,48.56,2411641.0,38435262.0
2017-07-05,48.07,48.92,47.95,48.68,2891212.0,46412934.0
2017-07-06,49.16,49.55,48.07,49.19,4850839.0,78341897.0
2017-07-07,49.28,49.8,48.47,48.56,3221383.0,52109841.0
2017-07-10,48.1,48.49,47.2,47.2,2061387.0,32605502.0
2017-07-11,47.01,47.44,46.29,46.5,1622298.0,25115497.0
2017-07-12,46.8,47.1,45.96,46.98,1765411.0,27152934.0
2017-07-13,46.98,47.35,46.71,46.98,1285842.0,20008246.0
2017-07-14,46.71,47.56,46.59,46.83,2663732.0,41473883.0
2017-07-17,46.83,46.83,42.15,44.87,2761350.0,40972219.0
2017-07-18,44.29,46.86,44.29,46.62,1691593.0,25509534.0
2017-07-19,46.44,48.34,46.32,47.98,3098815.0,49062022.0
2017-07-20,48.22,50.01,47.92,49.28,5608068.0,91723082.0
2017-07-21,49.77,49.83,48.47,49.46,3877896.0,63191597.0
2017-07-24,49.46,49.61,48.74,49.1,2322599.0,37855289.0
2017-07-25,50.34,52.91,49.64,52.3,9918156.0,170035938.0
2017-07-26,51.4,52.0,50.67,51.64,5806787.0,98905182.0
2017-07-27,51.25,51.97,50.67,51.61,3974176.0,67453935.0
2017-07-28,51.52,53.42,51.28,51.88,4300030.0,74589671.0
2017-07-31,51.88,52.43,50.61,52.27,3660632.0,62460116.0
2017-08-01,53.0,54.42,51.4,51.79,3925104.0,68594890.0
2017-08-02,51.4,52.3,50.82,51.7,2804638.0,47682262.0
2017-08-03,51.55,52.21,51.03,51.43,1815238.0,30953663.0
2017-08-04,51.94,51.97,50.64,50.73,2331400.0,39334202.0
2017-08-07,51.03,51.34,50.52,51.28,1646324.0,27776803.0
2017-08-08,50.97,51.31,50.19,50.61,1815861.0,30494250.0
2017-08-09,50.49,52.0,50.31,52.0,2478923.0,42093084.0
2017-08-10,52.21,52.91,51.09,51.13,2898200.0,49859933.0
2017-08-11,50.52,51.85,50.49,50.49,1765803.0,29938831.0
2017-08-14,50.64,51.37,50.64,51.16,1005951.0,16984428.0
2017-08-15,51.28,52.12,51.28,51.85,1894923.0,32464653.0
2017-08-16,52.0,52.12,50.85,51.43,2023970.0,34289094.0
2017-08-17,51.7,52.21,51.13,51.64,2337911.0,39905607.0
2017-08-18,51.22,51.64,50.79,51.03,2540721.0,42957498.0
2017-08-21,50.73,51.28,50.73,51.25,1292838.0,21796616.0
2017-08-22,50.94,52.06,50.49,51.43,3358117.0,57074128.0
2017-08-23,51.4,51.85,51.37,51.61,1620921.0,27657827.0
2017-08-24,51.46,51.73,51.03,51.19,1497087.0,25462761.0
2017-08-25,50.94,51.76,50.94,51.49,2163800.0,36815276.0
2017-08-28,51.52,51.94,51.16,51.7,2161928.0,36937786.0
2017-08-29,51.67,51.7,51.09,51.09,1427128.0,24217299.0
2017-08-30,51.16,53.48,50.85,53.42,7173759.0,125187413.0
2017-08-31,53.42,53.6,52.7,53.21,2883900.0,50582943.0
2017-09-01,53.0,54.33,52.91,54.24,3939577.0,70045507.0
2017-09-04,53.91,54.72,53.76,53.85,2838797.0,50889308.0
2017-09-05,54.12,54.18,53.0,53.33,1897901.0,33527736.0
2017-09-06,53.09,54.15,52.79,53.85,2462362.0,43672573.0
2017-09-07,54.12,54.12,53.21,53.21,1826905.0,32308508.0
2017-09-08,53.15,53.66,52.27,52.79,2342900.0,41008024.0
2017-09-11,52.79,56.39,52.61,55.69,8070809.0,147585956.0
2017-09-12,57.38,57.38,55.36,56.02,8290982.0,154097060.0
2017-09-13,56.48,56.48,55.03,55.42,3881522.0,71125706.0
2017-09-14,55.21,55.87,54.97,55.21,2269023.0,41506853.0
2017-09-15,55.06,56.02,55.03,55.39,2166461.0,39740381.0
2017-09-18,55.27,55.66,55.03,55.15,1424076.0,26022369.0
2017-09-19,55.45,56.42,55.06,55.57,2580006.0,47466751.0
2017-09-20,55.18,55.78,54.72,55.45,2102577.0,38422225.0
2017-09-21,55.36,55.66,54.06,54.06,1973576.0,35770320.0
2017-09-22,54.06,54.15,52.3,52.34,2092784.0,36675065.0
2017-09-25,52.37,52.91,51.85,52.37,1802331.0,31253497.0
2017-09-26,52.09,52.61,51.4,52.52,1838021.0,31691230.0
2017-09-27,52.4,52.76,52.15,52.3,1029107.0,17819897.0
2017-09-28,52.3,52.91,51.4,51.52,2593957.0,44429174.0
2017-09-29,51.88,52.85,51.55,52.24,2061157.0,35553616.0
2017-10-09,52.61,53.7,52.09,52.94,2299868.0,40281396.0
2017-10-10,53.12,53.21,52.7,52.97,1402405.0,24589739.0
2017-10-11,53.27,54.91,52.09,54.51,4091425.0,72125808.0
2017-10-12,54.57,54.57,53.03,53.36,1952745.0,34592790.0
2017-10-13,53.36,54.97,52.61,54.91,3771384.0,67716502.0
2017-10-16,54.6,55.24,53.57,54.27,2367650.0,42546320.0
2017-10-17,54.09,54.24,53.18,53.36,1538872.0,27239213.0
2017-10-18,53.36,53.66,52.61,52.97,1348361.0,23680233.0
2017-10-19,53.18,53.21,52.06,53.18,1270153.0,22158677.0
2017-10-20,52.85,54.3,52.46,54.12,1734432.0,30517148.0
2017-10-23,53.51,54.33,53.51,54.09,2903200.0,51804601.0
2017-10-24,53.88,54.97,53.24,53.42,1853423.0,33043603.0
2017-10-25,53.42,54.0,53.09,53.91,1738841.0,30901376.0
2017-10-26,53.91,55.09,52.91,54.57,3363216.0,60441748.0
2017-10-27,54.27,54.54,53.63,54.24,2281608.0,40847522.0
2017-10-30,53.7,54.15,52.94,54.12,1755084.0,31052522.0
2017-10-31,53.82,54.57,53.3,54.12,1661838.0,29609977.0
2017-11-01,54.42,55.6,54.15,55.39,4706037.0,85884983.0
2017-11-02,55.33,55.87,55.03,55.18,4154251.0,76088285.0
2017-11-03,55.0,56.08,53.0,53.09,3712782.0,66758870.0
2017-11-06,52.85,53.36,51.94,53.09,2789254.0,48476956.0
2017-11-07,53.12,53.97,52.4,53.82,2261164.0,39989838.0
2017-11-08,53.79,54.48,53.3,54.06,1642800.0,29328894.0
2017-11-09,53.79,54.42,53.51,53.7,1458797.0,25990787.0
2017-11-10,53.45,53.97,52.91,53.7,3135629.0,55248885.0
2017-11-13,53.36,53.85,53.21,53.79,1285338.0,22794232.0
2017-11-14,53.94,57.05,53.79,56.2,8896585.0,164098185.0
2017-11-15,56.23,56.23,55.03,55.15,3996037.0,73342453.0
2017-11-16,54.97,56.23,54.72,55.84,3694496.0,68062045.0
2017-11-17,55.42,55.93,52.06,53.18,5731200.0,101651150.0
2017-11-20,52.58,54.06,50.79,53.88,3433296.0,59197094.0
2017-11-21,53.6,53.85,52.18,52.3,1945296.0,33953441.0
2017-11-22,52.0,52.88,51.13,51.88,2358278.0,40533723.0
2017-11-23,52.06,52.06,50.52,50.52,2041723.0,34648855.0
2017-11-24,49.61,51.67,48.92,48.92,3684700.0,60690415.0
2017-11-27,48.52,49.92,47.1,49.31,2124500.0,34200069.0
2017-11-28,49.58,49.83,48.95,49.67,1775378.0,28956098.0
2017-11-29,49.67,49.92,48.98,49.89,1449702.0,23724170.0
2017-11-30,49.58,49.64,49.22,49.28,1134100.0,18531453.0
2017-12-01,49.28,50.16,48.92,49.73,854500.0,14034961.0
2017-12-04,49.92,49.92,48.47,48.49,790200.0,12847891.0
2017-12-05,47.83,49.22,47.71,48.47,2973988.0,47619461.0
2017-12-06,48.98,48.98,47.32,48.37,1077700.0,17091256.0
2017-12-07,48.92,49.73,47.95,48.41,1923800.0,30949945.0
2017-12-08,47.98,49.52,47.77,48.83,1935678.0,31139329.0
2017-12-11,48.44,50.19,47.95,50.16,1775162.0,29062377.0
2017-12-12,49.86,50.19,49.22,49.7,2306848.0,37749342.0
2017-12-13,49.28,50.79,49.28,49.61,1808800.0,29820937.0
2017-12-14,50.01,50.01,49.04,49.58,1471800.0,24143417.0
2017-12-15,49.95,50.07,49.01,49.04,1039400.0,17018083.0
2017-12-18,49.1,50.43,48.92,48.98,1054100.0,17199182.0
2017-12-19,49.04,49.67,48.31,48.37,1029400.0,16594392.0
2017-12-20,48.47,48.52,47.26,47.32,1555200.0,24449771.0
2017-12-21,47.01,47.38,44.75,46.02,1699900.0,25901377.0
2017-12-22,46.02,46.23,45.8,46.23,671200.0,10205863.0
2017-12-25,46.53,46.53,45.02,45.8,721115.0,10847948.0
2017-12-26,45.44,45.77,44.75,45.65,909436.0,13625951.0
2017-12-27,45.2,45.65,45.05,45.59,1041034.0,15628733.0
2017-12-28,45.53,46.14,45.2,45.74,768800.0,11615836.0
2017-12-29,45.84,45.92,45.38,45.9,797136.0,12027763.0
2018-01-02,46.74,47.89,46.32,46.83,1129137.0,17486890.0
2018-01-03,46.5,47.2,46.41,46.56,992218.0,15343795.0
2018-01-04,46.2,46.77,46.2,46.56,620611.0,9546661.0
2018-01-05,46.47,46.53,45.9,46.05,521405.0,7959976.0
2018-01-08,46.05,46.83,45.99,46.32,643005.0,9886364.0
2018-01-09,46.41,47.01,46.23,46.35,644771.0,9922324.0
2018-01-10,46.26,46.62,45.47,45.99,901605.0,13686568.0
2018-01-11,45.92,46.05,45.59,45.84,808394.0,12226583.0
2018-01-12,45.9,45.9,45.5,45.68,562223.0,8485586.0
2018-01-15,45.59,46.26,45.23,45.23,1007546.0,15222571.0
2018-01-16,45.56,45.56,44.96,45.11,699260.0,10452710.0
2018-01-17,45.11,45.5,43.69,45.35,1726141.0,25604397.0
2018-01-18,45.35,46.2,45.02,46.17,1613793.0,24411754.0
2018-01-19,46.17,46.17,45.23,45.44,670726.0,10097127.0
2018-01-22,45.41,45.9,44.59,45.8,1220987.0,18296930.0
2018-01-23,45.8,46.08,45.5,45.74,805699.0,12207814.0
2018-01-24,45.41,45.8,45.08,45.41,1024857.0,15377443.0
2018-01-25,45.38,45.9,45.08,45.62,1479658.0,22223807.0
2018-01-26,45.26,48.68,45.08,47.53,3770654.0,58791066.0
2018-01-29,46.8,46.95,45.26,45.38,3062662.0,46600109.0
2018-01-30,45.96,46.47,44.9,45.35,1560246.0,23617209.0
2018-01-31,45.05,45.08,43.78,44.69,1750951.0,25584145.0
2018-02-01,44.2,44.69,40.82,42.93,1457733.0,20707152.0
2018-02-02,42.87,42.87,41.57,42.06,1077472.0,15019375.0
2018-02-05,42.02,42.63,41.45,42.39,1502801.0,20992875.0
2018-02-06,42.57,43.08,40.27,41.12,1654782.0,22764461.0
2018-02-07,41.42,41.99,40.57,41.12,932517.0,12690539.0
2018-02-08,41.12,41.87,40.82,41.48,892511.0,12263638.0
2018-02-09,41.72,41.72,39.85,40.42,1073079.0,14354582.0
2018-02-12,40.42,41.24,40.24,41.06,759141.0,10266742.0
2018-02-13,41.15,41.57,40.82,41.12,680560.0,9238877.0
2018-02-14,41.12,41.51,40.82,41.51,543915.0,7397280.0
2018-02-22,41.57,42.24,41.42,42.12,963475.0,13332824.0
2018-02-23,41.94,42.36,41.69,42.18,781580.0,10871037.0
2018-02-26,42.51,43.96,42.45,43.48,1543146.0,22009462.0
2018-02-27,43.63,44.2,43.11,43.27,1752420.0,25249672.0
2018-02-28,43.08,43.48,42.63,43.11,1069782.0,15248756.0
2018-03-01,42.78,43.69,42.78,43.6,1025916.0,14677086.0
2018-03-02,43.33,44.02,43.23,43.27,980391.0,14143966.0
2018-03-05,43.42,45.2,43.33,44.96,2532265.0,37374651.0
2018-03-06,45.05,48.53,44.93,47.53,6021057.0,94053037.0
2018-03-07,47.53,48.98,46.56,47.77,3446433.0,54888441.0
2018-03-08,47.53,48.49,47.47,47.71,1316397.0,20835178.0
2018-03-09,47.83,48.71,47.32,48.22,2560447.0,40834011.0
2018-03-12,48.34,50.73,48.34,50.67,3984929.0,65902302.0
2018-03-13,50.07,53.82,50.04,52.18,5321680.0,91399937.0
2018-03-14,52.21,53.33,51.82,52.21,4138147.0,72022379.0
2018-03-15,51.76,52.27,49.52,50.76,3807245.0,63799438.0
2018-03-16,50.49,52.24,50.49,51.4,2896628.0,49503288.0
2018-03-19,51.46,54.3,51.46,54.27,7467562.0,131897750.0
2018-03-20,54.12,54.3,53.03,53.45,2756150.0,48842218.0
2018-03-21,53.36,54.0,51.73,52.12,3285305.0,57242946.0
2018-03-22,52.15,52.88,51.46,52.21,2069589.0,35681338.0
2018-03-23,51.25,52.0,48.37,50.01,3546544.0,59093767.0
2018-03-26,49.58,52.3,49.13,52.12,3957038.0,66972959.0
2018-03-27,52.49,53.97,52.15,53.51,5119602.0,90069743.0
2018-03-28,53.21,53.39,52.34,52.64,3022750.0,52858601.0
2018-03-29,52.4,52.97,50.58,50.91,3826300.0,64856138.0
2018-03-30,50.98,55.51,50.98,55.33,8245103.0,146881498.0
2018-04-02,55.39,56.96,54.39,54.81,6799346.0,125284823.0
2018-04-03,53.82,55.78,53.63,54.75,4026330.0,72857121.0
2018-04-04,54.66,55.81,54.42,54.6,2024500.0,36790213.0
2018-04-09,54.09,54.81,52.94,53.06,3800600.0,67865379.0
2018-04-10,53.06,54.12,52.91,53.82,2136244.0,37809980.0
2018-04-11,53.88,56.84,53.88,55.78,3820323.0,70350066.0
2018-04-12,55.84,56.11,55.06,55.57,2261222.0,41573175.0
2018-04-13,55.57,56.42,55.21,55.48,1497762.0,27562255.0
2018-04-16,55.03,56.93,55.03,56.93,3173298.0,58871733.0
2018-04-17,56.87,59.2,56.84,57.26,6727767.0,128981898.0
2018-04-18,58.05,58.05,51.55,55.39,5777071.0,104289895.0
2018-04-19,55.3,56.81,53.82,54.12,3544973.0,64475660.0
2018-04-20,53.63,56.84,52.64,56.08,4720894.0,86173336.0
2018-04-23,55.66,56.99,54.6,56.51,3921119.0,72623544.0
2018-04-24,56.36,57.87,56.08,57.29,2843831.0,53557523.0
2018-04-25,57.39,59.27,56.93,57.08,2907400.0,55628557.0
2018-04-26,56.63,57.75,55.96,56.08,1595394.0,29884158.0
2018-04-27,56.41,56.66,55.32,56.41,1475125.0,27193858.0
2018-05-02,56.53,57.3,55.32,55.56,1720200.0,32004516.0
2018-05-03,55.2,56.53,54.38,55.14,3464314.0,62925516.0
2018-05-04,55.32,56.84,55.32,56.38,2485890.0,45990818.0
2018-05-07,56.23,56.84,55.93,56.5,2043577.0,37957310.0
2018-05-08,56.32,59.27,55.8,58.39,4490126.0,86357280.0
2018-05-09,57.93,58.84,57.45,58.72,2847444.0,54648636.0
2018-05-10,58.72,61.98,58.36,59.51,4885264.0,96865052.0
2018-05-11,59.21,60.33,58.57,59.88,2627713.0,51567089.0
2018-05-14,60.03,61.82,59.88,61.58,4183926.0,84327859.0
2018-05-15,61.61,61.85,59.3,61.31,4535137.0,90743259.0
2018-05-16,61.03,61.03,59.57,59.76,2264202.0,44780973.0
2018-05-17,59.42,60.76,59.21,60.42,2770622.0,54636968.0
2018-05-18,60.49,61.85,59.63,61.52,2368292.0,47441665.0
2018-05-21,61.46,63.86,61.03,63.19,4818115.0,99331872.0
2018-05-22,63.19,63.83,62.4,63.1,2138663.0,44320571.0
2018-05-23,62.64,63.53,62.01,62.58,1823586.0,37629860.0
2018-05-24,63.07,65.32,62.46,65.05,5762095.0,121576795.0
2018-05-25,65.05,67.05,64.56,64.74,3836383.0,82980134.0
2018-05-28,64.47,65.9,62.8,64.65,3153235.0,67016893.0
2018-05-29,64.16,66.26,64.13,64.98,1742465.0,37417544.0
2018-05-30,64.32,64.32,58.97,61.25,3431598.0,70764886.0
2018-05-31,62.07,63.19,59.57,61.37,4048156.0,81059395.0
2018-06-01,61.09,62.31,60.0,61.09,1647378.0,33267489.0
2018-06-04,59.97,61.37,56.47,58.36,3325738.0,65498882.0
2018-06-05,58.33,62.28,58.05,62.01,3450726.0,68853008.0
2018-06-06,62.61,62.86,61.25,61.61,2510260.0,50992997.0
2018-06-07,61.43,63.92,61.43,63.77,3831699.0,79345026.0
2018-06-08,63.49,63.77,60.79,61.4,2830255.0,57936038.0
2018-06-11,61.76,61.76,59.27,59.79,2220083.0,43810114.0
2018-06-12,59.85,60.09,58.12,59.48,2598907.0,50371350.0
2018-06-13,59.97,60.18,58.66,58.69,1376858.0,26849925.0
2018-06-14,58.66,59.63,57.45,58.05,1593474.0,30560849.0
2018-06-15,58.33,58.33,52.64,53.19,4473432.0,80080091.0
2018-06-19,52.31,52.4,47.87,47.87,4561550.0,74619637.0
2018-06-20,47.99,49.18,44.86,44.98,7516283.0,115608925.0
2018-06-21,45.87,47.69,44.47,45.29,7682534.0,117372233.0
2018-06-22,44.86,46.99,44.19,46.02,4954371.0,74593986.0
2018-06-25,46.41,46.96,45.05,45.74,2955145.0,44696038.0
2018-06-26,45.53,50.03,44.83,49.39,6029494.0,95132448.0
2018-06-27,48.81,49.54,47.23,47.81,4120627.0,65292290.0
2018-06-28,48.02,48.21,46.14,46.32,2180183.0,33835437.0
2018-06-29,46.69,48.63,45.68,47.96,2750795.0,43067035.0
2018-07-02,47.48,49.51,47.14,47.66,2770874.0,43862951.0
2018-07-03,47.29,48.57,46.93,48.39,3529458.0,55330136.0
2018-07-04,48.21,48.33,45.59,46.38,2716819.0,41755501.0
2018-07-05,46.2,46.9,44.41,44.53,2789670.0,41999221.0
2018-07-06,44.74,47.26,44.47,46.02,3220016.0,48429476.0
2018-07-09,46.38,47.99,46.38,47.42,3192966.0,49751027.0
2018-07-10,47.96,47.96,47.08,47.6,1533987.0,23945395.0
2018-07-11,47.33,48.27,46.5,47.23,2098097.0,32694942.0
2018-07-12,47.23,48.51,46.53,48.12,2798892.0,44185204.0
2018-07-13,48.02,48.02,47.26,47.69,2576679.0,40410999.0
2018-07-16,48.24,48.91,47.26,48.78,2248084.0,35651270.0
2018-07-17,49.0,49.0,47.72,48.42,2115420.0,33502899.0
2018-07-18,48.78,49.48,48.18,48.91,3429972.0,55176319.0
2018-07-19,48.91,49.24,47.14,47.23,2194415.0,34532099.0
2018-07-20,47.2,47.54,46.23,47.42,1811957.0,28046478.0
2018-07-23,47.69,48.02,46.93,47.02,1938986.0,30148738.0
2018-07-24,46.96,47.84,46.5,47.54,2081081.0,32412335.0
2018-07-25,47.6,49.15,47.57,49.03,2638729.0,41952388.0
2018-07-26,50.46,50.76,48.51,48.54,3672096.0,59810328.0
2018-07-27,48.18,52.46,47.75,50.61,6805730.0,113625756.0
2018-07-30,50.64,51.67,49.85,51.37,3913627.0,65193715.0
2018-07-31,51.22,51.22,49.39,50.03,2438404.0,40283294.0
2018-08-01,49.85,50.3,48.48,49.15,3047638.0,49341565.0
2018-08-02,49.21,49.21,45.59,46.35,3450188.0,53134211.0
2018-08-03,45.62,46.72,45.62,45.74,1490723.0,22629066.0
2018-08-06,45.77,46.23,43.71,43.71,2449031.0,36125443.0
2018-08-07,43.8,45.29,43.62,45.14,1396506.0,20481523.0
2018-08-08,45.14,45.41,41.88,42.28,3263878.0,46517891.0
2018-08-09,42.61,45.23,42.49,44.68,2534509.0,36841499.0
2018-08-10,44.41,46.2,44.38,44.77,2095000.0,31413561.0
2018-08-13,44.68,46.05,44.38,45.59,1937246.0,28873067.0
2018-08-14,45.32,45.68,44.71,45.05,1591729.0,23663556.0
2018-08-15,44.77,45.35,44.13,44.35,1265779.0,18568799.0
2018-08-16,43.86,44.74,42.95,44.07,2318974.0,33418314.0
2018-08-17,45.08,45.5,42.98,43.01,2015829.0,29047386.0
2018-08-20,43.53,43.68,42.22,43.22,1256446.0,17736499.0
2018-08-21,43.25,43.89,42.55,43.47,1617633.0,23038925.0
2018-08-22,43.62,43.65,42.7,42.89,1381960.0,19608241.0
2018-08-23,42.86,43.37,42.43,43.1,1035160.0,14637817.0
2018-08-24,43.31,43.31,42.64,42.73,637400.0,9002868.0
2018-08-27,43.04,47.02,43.01,45.53,3810084.0,57324626.0
2018-08-28,45.17,48.05,45.17,47.87,4794928.0,74147810.0
2018-08-29,47.45,48.21,46.66,47.69,2611200.0,40691854.0
2018-08-30,48.02,48.02,45.59,46.41,2546724.0,38929470.0
2018-08-31,46.56,47.35,46.05,46.2,1440980.0,22075245.0
2018-09-03,45.87,46.78,45.29,46.69,1855504.0,28157518.0
2018-09-04,46.41,47.81,46.41,47.42,2023451.0,31432739.0
2018-09-05,47.05,47.81,46.08,46.23,1061866.0,16300530.0
2018-09-06,46.44,47.14,45.59,46.14,1227692.0,18760533.0
2018-09-07,46.11,47.51,46.11,46.35,1197592.0,18447255.0
2018-09-10,46.14,46.59,45.56,45.62,951392.0,14408798.0
2018-09-11,45.62,46.32,45.29,46.05,669300.0,10074903.0
2018-09-12,46.05,47.2,45.71,47.08,1182022.0,18107835.0
2018-09-13,47.35,49.24,47.14,48.57,3758247.0,60047318.0
2018-09-14,48.57,49.79,48.09,48.6,2423800.0,39197428.0
2018-09-17,49.0,49.39,48.05,48.24,1045451.0,16688395.0
2018-09-18,48.57,49.63,48.24,49.51,2114533.0,34214567.0
2018-09-19,49.21,49.73,48.94,49.63,1971584.0,32009818.0
2018-09-20,49.6,50.73,49.54,49.79,2875085.0,47431264.0
2018-09-21,49.63,50.73,48.94,50.61,2544234.0,41840582.0
2018-09-25,50.21,50.42,49.24,49.36,1172995.0,19117730.0
2018-09-26,49.12,49.82,48.63,49.03,1251583.0,20245818.0
2018-09-27,49.15,49.57,48.78,48.88,1049800.0,16970715.0
2018-09-28,49.18,49.51,48.27,48.66,1569900.0,25244405.0
2018-10-08,48.02,48.63,46.47,46.81,1185266.0,18531728.0
2018-10-09,47.05,48.02,47.02,47.75,963066.0,15099518.0
2018-10-10,47.75,47.99,46.93,47.17,892700.0,13908729.0
2018-10-11,45.23,46.02,43.13,43.71,1874607.0,27460328.0
2018-10-12,44.04,45.65,43.25,45.23,1896040.0,27797646.0
2018-10-15,45.56,46.2,45.02,45.02,997960.0,14997852.0
2018-10-16,45.44,45.44,40.64,41.12,3202882.0,44787401.0
2018-10-17,41.34,42.46,40.67,41.61,2078345.0,28405775.0
2018-10-18,41.7,41.98,39.82,40.09,1452284.0,19506268.0
2018-10-19,39.24,41.88,38.91,41.79,2331217.0,30898711.0
2018-10-22,41.49,44.65,41.49,44.59,2926841.0,41692607.0
2018-10-23,44.53,44.53,42.67,42.95,2165575.0,30811927.0
2018-10-24,42.22,43.31,41.7,42.37,2121549.0,29736567.0
2018-10-25,41.19,42.4,40.73,42.19,1466500.0,20015990.0
2018-10-26,42.58,43.04,41.82,42.19,764200.0,10646292.0
2018-10-29,41.82,42.19,40.97,41.31,870449.0,11894515.0
2018-10-30,41.61,43.13,41.34,42.25,1147483.0,15946336.0
2018-10-31,42.31,43.37,42.28,42.86,1178350.0,16629628.0
2018-11-01,43.47,43.68,42.55,42.89,1211325.0,17218554.0
2018-11-02,43.31,44.68,42.89,44.19,2278561.0,32815362.0
2018-11-05,43.83,44.62,42.95,43.71,1876072.0,26941972.0
2018-11-06,43.65,43.86,42.86,43.68,1514300.0,21536099.0
2018-11-07,43.47,44.5,43.1,44.13,1533872.0,22180396.0
2018-11-08,44.5,44.53,43.1,43.53,1145500.0,16403802.0
2018-11-09,43.04,43.47,41.03,42.25,1827910.0,25594161.0
2018-11-12,42.19,44.89,42.19,44.59,2571473.0,37161336.0
2018-11-13,43.47,47.87,43.47,47.39,5114048.0,78546412.0
