2014-09-12,14.28,17.14,14.28,17.14,48150.0,821940.0
2014-09-15,18.85,18.85,18.85,18.85,8950.0,168708.0
2014-09-16,20.74,20.74,20.74,20.74,23271.0,482641.0
2014-09-17,22.81,22.81,22.81,22.81,35410.0,807702.0
2014-09-18,25.09,25.09,25.09,25.09,82292.0,2064706.0
2014-09-19,27.6,27.6,27.6,27.6,113564.0,3134367.0
2014-09-22,30.36,30.36,30.36,30.36,505390.0,15343640.0
2014-09-23,33.4,33.4,33.08,33.4,4302144.0,143671312.0
2014-09-24,35.8,36.6,34.6,35.99,10922361.0,387499712.0
2014-09-25,34.56,35.2,34.2,34.89,5946164.0,206473216.0
2014-09-26,34.91,37.98,34.72,35.18,6479066.0,234257264.0
2014-09-29,34.9,35.89,34.48,35.32,3860416.0,135103952.0
2014-09-30,35.57,35.62,34.8,35.37,3180579.0,111891824.0
2014-10-08,35.39,37.9,35.2,37.58,5233228.0,193159136.0
2014-10-09,37.0,37.3,36.06,36.6,3545476.0,129867952.0
2014-10-10,36.5,36.95,35.88,35.99,2552523.0,92688912.0
2014-10-13,35.6,35.78,35.1,35.76,1890702.0,66980392.0
2014-10-14,35.8,36.26,35.59,36.05,1750574.0,62978752.0
2014-10-15,36.05,36.54,35.5,36.37,1991346.0,71850784.0
2014-10-16,35.97,36.78,35.74,35.85,2018387.0,73144192.0
2014-10-17,35.52,36.8,34.71,36.28,2879408.0,103395312.0
2014-10-20,36.35,37.48,36.01,37.48,3248097.0,120225744.0
2014-10-21,37.48,39.37,37.0,38.63,4307879.0,164532448.0
2014-10-22,38.16,38.62,36.77,36.78,3517877.0,132493816.0
2014-10-23,36.6,37.86,36.33,37.12,2261271.0,84010600.0
2014-10-24,36.88,38.29,36.6,37.45,2219764.0,83642992.0
2014-10-27,37.35,37.35,34.35,34.53,2980722.0,104276456.0
2014-10-28,34.85,35.95,34.85,35.88,1831343.0,64886868.0
2014-10-29,36.07,37.63,36.07,37.63,2641864.0,97668624.0
2014-10-30,37.63,38.18,37.12,37.27,2282624.0,86001888.0
2014-10-31,37.03,39.0,37.03,38.66,3497720.0,133530688.0
2014-11-03,38.94,41.36,38.68,40.26,3999548.0,159764672.0
2014-11-04,40.19,40.19,38.68,38.69,2640594.0,103617776.0
2014-11-05,38.37,39.89,38.02,39.21,1786662.0,70002744.0
2014-11-06,39.42,43.13,39.25,43.13,3733367.0,154693216.0
2014-11-07,44.44,46.88,40.31,43.74,5994069.0,267577840.0
2014-11-10,43.7,45.52,43.03,45.1,3931334.0,174686288.0
2014-11-11,44.9,49.61,43.2,49.59,5301516.0,244294064.0
2014-11-12,47.8,52.5,47.18,51.29,5483952.0,275335872.0
2014-11-13,49.4,51.49,47.75,47.75,3881870.0,191914304.0
2014-11-14,47.72,47.73,42.98,42.98,3800713.0,169111680.0
2014-11-17,41.98,44.8,41.5,43.42,2005934.0,87089704.0
2014-11-18,43.59,44.97,43.0,44.5,1627533.0,72141616.0
2014-11-19,44.23,44.77,42.56,43.66,1508665.0,66173112.0
2014-11-20,43.01,44.6,42.85,44.18,1498652.0,65707740.0
2014-11-21,44.09,45.37,43.81,44.34,1852089.0,82690664.0
2014-11-24,44.61,45.58,44.0,44.93,1711166.0,76770840.0
2014-11-25,44.8,44.88,43.05,43.56,1937087.0,84703584.0
2014-11-26,43.57,45.98,43.36,45.9,2393612.0,106924016.0
2014-11-27,46.28,50.28,46.28,47.77,3226711.0,156120928.0
2014-11-28,47.27,49.5,46.66,48.77,2751156.0,132917928.0
2014-12-01,48.88,50.66,47.3,47.9,2352263.0,114071952.0
2014-12-02,47.8,51.6,47.8,50.68,3513477.0,175715520.0
2014-12-03,50.6,50.6,48.5,49.88,2490495.0,123175664.0
2014-12-04,49.84,50.16,48.6,48.88,1931982.0,94612912.0
2014-12-05,48.25,48.64,45.0,45.17,2595072.0,119559560.0
2014-12-08,44.6,45.08,43.95,44.08,1467512.0,65062728.0
2014-12-09,43.78,43.94,40.24,40.3,2074241.0,86846632.0
2014-12-10,40.4,41.98,40.35,41.45,1297339.0,53717668.0
2014-12-11,41.45,42.47,40.61,41.7,1247781.0,51926904.0
2014-12-12,41.85,42.33,41.66,42.32,841212.0,35302400.0
2014-12-15,42.4,43.69,42.05,43.18,1042853.0,45112496.0
2014-12-16,43.18,43.37,41.81,42.58,991411.0,42058340.0
2014-12-17,42.03,42.3,40.88,41.79,927087.0,38366312.0
2014-12-18,41.2,42.18,40.0,40.27,899121.0,36914460.0
2014-12-19,40.18,40.18,37.51,37.92,1560232.0,59564764.0
2014-12-22,36.68,36.81,34.13,34.22,1455369.0,50529592.0
2014-12-23,34.21,36.26,34.0,35.45,999206.0,35330820.0
2014-12-24,35.8,37.98,35.8,37.9,1279136.0,47483752.0
2014-12-25,38.09,38.12,36.64,37.8,898176.0,33567828.0
2014-12-26,37.04,37.98,37.04,37.33,530694.0,19914270.0
2014-12-29,37.35,37.95,35.65,35.8,677292.0,24502404.0
2014-12-30,35.8,36.48,35.0,35.2,583559.0,20815562.0
2014-12-31,35.05,36.29,34.92,36.0,559100.0,19867768.0
2015-01-05,35.72,35.72,34.13,34.88,746090.0,25856828.0
2015-01-06,34.38,36.26,34.38,36.14,920869.0,32691600.0
2015-01-07,36.0,36.2,35.1,35.46,493901.0,17523578.0
2015-01-08,35.48,35.98,35.12,35.46,474744.0,16963790.0
2015-01-09,35.46,36.15,35.24,35.25,564065.0,20072970.0
2015-01-12,34.99,34.99,33.57,33.8,703280.0,23976490.0
2015-01-13,33.8,34.8,33.34,34.69,584498.0,19990556.0
2015-01-14,34.35,34.9,34.25,34.87,595716.0,20650930.0
2015-01-15,34.5,35.19,34.1,35.08,717340.0,24981156.0
2015-01-16,34.87,36.46,34.71,36.2,916637.0,32817526.0
2015-01-19,35.41,37.5,35.41,37.03,1344314.0,49291540.0
2015-01-20,37.03,39.96,36.8,39.73,2270957.0,87720968.0
2015-01-21,39.9,39.9,38.58,39.05,1551865.0,60549276.0
2015-01-22,38.78,39.4,38.71,39.07,826068.0,32303690.0
2015-01-23,39.12,39.36,37.61,37.7,1022518.0,38988104.0
2015-01-26,37.71,38.1,37.6,37.99,468637.0,17743612.0
2015-01-27,38.29,38.29,37.58,37.94,566264.0,21424208.0
2015-01-28,37.8,38.48,37.37,37.83,686254.0,26105688.0
2015-01-29,37.61,38.19,37.35,37.62,345126.0,13045455.0
2015-01-30,37.34,37.97,37.0,37.04,483052.0,18061268.0
2015-02-02,37.04,37.36,36.59,37.1,327225.0,12107398.0
2015-02-03,37.37,38.4,37.25,38.29,756051.0,28726050.0
2015-02-04,38.35,39.39,38.3,38.31,1021749.0,39668916.0
2015-02-05,38.05,39.0,37.82,37.84,705531.0,27016132.0
2015-02-06,37.65,38.0,35.06,35.71,686902.0,25143998.0
2015-02-09,35.45,36.95,35.45,35.81,309930.0,11207147.0
2015-02-10,35.82,36.17,35.51,35.8,283266.0,10153603.0
2015-02-11,35.8,36.36,35.48,36.3,632504.0,22614188.0
2015-02-12,36.33,36.51,36.12,36.37,475069.0,17248852.0
2015-02-13,36.68,37.28,36.41,37.15,515849.0,19111104.0
2015-02-16,37.2,38.04,37.03,37.94,454122.0,17090756.0
2015-02-17,37.9,37.9,36.6,37.12,805147.0,29806714.0
2015-02-25,37.12,38.37,37.02,38.1,836569.0,31766240.0
2015-02-26,38.08,38.08,37.62,37.97,550031.0,20840348.0
2015-02-27,38.1,39.1,37.87,39.06,1182051.0,45707568.0
2015-03-02,39.0,41.4,38.76,41.26,1530876.0,61540400.0
2015-03-03,41.0,45.05,40.29,45.01,3254735.0,135724880.0
2015-03-04,43.5,48.58,43.0,48.0,2754778.0,128807528.0
2015-03-05,46.91,48.07,45.27,47.61,1414697.0,66324624.0
2015-03-06,47.13,48.08,45.8,46.73,834384.0,38864336.0
2015-03-09,46.65,46.7,45.01,45.65,700507.0,31927412.0
2015-03-10,45.65,47.0,45.59,46.72,1150103.0,53330968.0
2015-03-11,47.0,47.2,46.05,46.29,582318.0,27152556.0
2015-03-12,46.19,47.1,45.33,47.0,764893.0,35449320.0
2015-03-13,47.37,47.61,46.61,47.35,542767.0,25620996.0
2015-03-16,47.42,48.98,47.42,48.18,1026493.0,49420816.0
2015-03-17,48.0,48.18,46.85,47.99,851364.0,40525776.0
2015-03-18,47.46,47.94,47.01,47.4,831195.0,39367124.0
2015-03-19,47.39,50.47,46.46,49.81,1381825.0,66506680.0
2015-03-20,49.3,50.35,49.01,49.54,770445.0,38214488.0
2015-03-23,49.26,51.0,49.0,50.65,2466913.0,122719408.0
2015-03-24,50.19,51.0,47.07,51.0,3660907.0,177736656.0
2015-03-25,49.4,54.29,49.03,52.79,2770154.0,142301072.0
2015-03-26,52.86,53.84,50.01,50.2,3169203.0,165585248.0
2015-03-27,49.86,49.86,47.4,48.15,2431074.0,117880216.0
2015-03-30,47.87,48.0,47.07,47.19,1353979.0,64230856.0
2015-03-31,47.34,47.8,47.04,47.47,954331.0,45207492.0
2015-04-01,47.56,48.28,47.42,48.02,850381.0,40581492.0
2015-04-02,48.12,48.96,47.65,48.81,1190386.0,57463400.0
2015-04-03,48.99,48.99,48.0,48.61,1188375.0,57724108.0
2015-04-07,48.69,51.12,48.51,50.89,1787700.0,89301168.0
2015-04-08,51.0,51.96,49.46,50.9,1671267.0,84877456.0
2015-04-09,50.69,50.69,46.0,48.33,1409309.0,68037248.0
2015-04-10,48.18,49.01,47.5,48.59,1027543.0,49878560.0
2015-04-13,48.59,49.78,47.8,49.36,1143324.0,55880776.0
2015-04-14,49.32,52.0,49.25,51.11,2081426.0,106137392.0
2015-04-15,50.5,50.5,47.47,47.51,1354215.0,65388920.0
2015-04-16,46.64,48.24,45.51,46.82,847422.0,39603696.0
2015-04-17,47.3,48.0,46.9,46.96,595710.0,28167722.0
2015-04-20,46.95,46.99,45.5,45.5,921556.0,42415944.0
2015-04-21,45.5,47.0,45.49,46.91,643317.0,29737418.0
2015-04-22,47.28,48.29,47.28,48.08,871658.0,41713452.0
2015-04-23,48.1,51.0,48.1,49.75,1647296.0,82456784.0
2015-04-24,48.92,49.4,47.81,48.6,1029208.0,49930764.0
2015-04-27,48.8,50.08,48.33,49.45,1164097.0,57727908.0
2015-04-28,48.0,48.0,45.48,45.53,1849247.0,85511216.0
2015-04-29,45.54,46.46,45.31,46.3,800045.0,36916912.0
2015-04-30,46.3,46.7,45.82,45.92,899051.0,41440500.0
2015-05-04,46.13,46.32,45.61,46.03,562803.0,25832472.0
2015-05-05,46.0,48.88,45.21,47.66,1258034.0,58486788.0
2015-05-06,46.5,48.48,46.38,46.38,838969.0,39716284.0
2015-05-07,46.3,46.3,42.0,43.0,650600.0,28937524.0
2015-05-08,43.01,45.15,43.01,45.15,593748.0,26219510.0
2015-05-11,46.04,47.2,45.51,46.98,887591.0,41256548.0
2015-05-12,47.1,51.68,46.56,51.68,3440028.0,171656592.0
2015-05-13,53.31,56.85,52.8,53.69,4690889.0,255429776.0
2015-05-14,53.29,56.5,52.9,55.47,3217163.0,175765792.0
2015-05-15,54.3,54.88,52.4,53.02,1841539.0,98628360.0
2015-05-18,53.68,57.7,53.07,56.7,2705282.0,150677056.0
2015-05-19,57.0,58.93,54.7,58.13,2309161.0,130873456.0
2015-05-20,57.4,60.49,56.4,56.78,2003434.0,116761544.0
2015-05-21,56.55,58.3,56.02,57.35,1961277.0,112235864.0
2015-05-22,58.98,63.09,58.47,63.09,2992940.0,183674192.0
2015-05-25,64.09,69.4,61.55,65.9,3473969.0,228424960.0
2015-05-26,64.85,71.2,64.64,69.85,2306217.0,156841824.0
2015-05-27,69.7,76.84,66.25,76.84,2299395.0,166453744.0
2015-05-28,80.01,83.95,69.2,70.8,2972721.0,237965376.0
2015-05-29,67.9,73.99,65.0,69.04,2278845.0,158835536.0
2015-06-01,69.9,75.29,67.06,74.47,2083859.0,150737824.0
2015-06-02,74.0,77.93,71.0,74.88,1841783.0,137183936.0
2015-06-03,74.16,74.4,70.41,71.7,1641039.0,118563368.0
2015-06-04,71.7,72.5,64.53,69.5,1879210.0,127638744.0
2015-06-05,69.5,71.4,67.58,70.08,1567944.0,109232256.0
2015-06-08,69.61,70.94,64.8,65.26,1133242.0,75366392.0
2015-06-09,65.85,67.5,65.01,66.94,898260.0,59719656.0
2015-06-10,66.5,72.55,65.91,70.6,1351324.0,93936392.0
2015-06-11,70.2,76.66,68.31,76.0,1939288.0,140076304.0
2015-06-12,75.0,76.0,73.0,74.99,1282963.0,95874568.0
2015-06-15,75.5,82.44,74.0,81.79,2627667.0,206117728.0
2015-06-16,81.7,82.38,75.57,79.9,1806927.0,142434064.0
2015-06-17,77.78,87.89,76.0,87.85,1739583.0,141124640.0
2015-06-18,89.0,93.58,79.12,79.99,1975750.0,172847776.0
2015-06-19,73.59,79.0,73.04,73.04,1917574.0,145346192.0
2015-06-23,73.6,76.2,66.2,73.98,1324458.0,96046520.0
2015-06-24,74.22,81.0,74.22,79.97,1795014.0,138705184.0
2015-06-25,79.0,80.84,74.79,79.97,1418285.0,111050824.0
2015-06-26,77.4,78.29,72.17,78.29,1467964.0,111072664.0
2015-06-29,83.99,83.99,72.0,79.0,2143058.0,171173472.0
2015-06-30,78.0,85.98,71.1,85.0,2551936.0,199514464.0
2015-07-01,81.0,90.86,80.08,87.91,2589070.0,226963344.0
2015-07-02,86.0,87.8,79.12,82.0,2265947.0,184173296.0
2015-07-03,76.06,78.48,73.8,73.8,4200554.0,311203616.0
2015-07-06,75.02,80.0,66.42,66.42,1568200.0,111389464.0
2015-07-07,59.78,59.78,59.78,59.78,33600.0,2008608.0
2015-07-08,53.8,59.9,53.8,55.05,6668043.0,363448992.0
2015-07-14,60.54,60.54,60.54,60.54,24400.0,1472296.0
2015-07-15,66.59,66.59,54.49,54.84,1658403.0,99300240.0
2015-07-16,49.54,56.74,49.54,54.45,1019503.0,54298936.0
2015-07-17,54.88,58.85,53.39,58.19,902192.0,50695996.0
2015-07-20,57.66,62.01,57.09,59.26,1146762.0,68126744.0
2015-07-21,58.19,60.67,56.87,60.3,798096.0,47084808.0
2015-07-22,61.48,65.96,60.05,62.37,874884.0,54573008.0
2015-07-23,62.56,65.22,60.54,64.21,958942.0,60499724.0
2015-07-24,65.22,68.73,63.09,63.49,1105035.0,72734600.0
2015-07-27,60.08,62.61,57.14,57.28,931128.0,55262364.0
2015-07-28,51.62,59.65,51.57,55.17,691877.0,38494200.0
2015-07-29,55.38,58.19,51.61,57.97,760488.0,41229848.0
2015-07-30,58.06,63.49,57.07,59.2,1256299.0,76664376.0
2015-07-31,57.09,58.8,55.26,57.19,473140.0,26898084.0
2015-08-03,54.7,55.98,51.68,52.0,579879.0,30806314.0
2015-08-04,52.67,56.22,51.97,56.22,543302.0,29422346.0
2015-08-05,55.86,58.68,55.18,56.78,557389.0,31499740.0
2015-08-06,57.09,62.46,54.28,62.46,1714613.0,104731064.0
2015-08-07,63.21,68.71,62.52,68.71,2092404.0,141053200.0
2015-08-10,72.54,72.54,66.32,69.83,1698848.0,116922328.0
2015-08-11,70.22,70.34,66.83,67.02,1172593.0,80536520.0
2015-08-12,65.22,68.19,65.06,66.42,1149260.0,76253016.0
2015-08-13,66.4,72.24,65.4,71.92,1663683.0,116560168.0
2015-08-14,71.38,73.24,69.73,72.49,849643.0,59823488.0
2015-08-17,71.23,74.6,69.73,74.28,716161.0,51523328.0
2015-08-18,74.12,74.12,68.41,70.23,2744971.0,196555568.0
2015-08-19,68.22,74.37,67.22,73.21,2287539.0,159655520.0
2015-08-20,72.24,72.24,66.22,66.22,562806.0,39339656.0
2015-08-21,63.21,70.73,62.23,69.23,1666941.0,112596688.0
2015-08-24,65.42,69.28,62.31,63.21,766976.0,48851300.0
2015-08-25,56.92,62.19,56.89,56.89,493501.0,28490854.0
2015-08-26,57.29,61.2,56.19,59.2,615784.0,36152372.0
2015-08-27,60.34,61.55,57.19,60.36,446889.0,26324630.0
2015-08-28,60.7,64.51,59.5,64.21,613163.0,37874072.0
2015-08-31,65.11,66.22,61.3,65.22,548994.0,34961572.0
2015-09-01,64.41,65.11,61.27,61.27,466144.0,28944654.0
2015-09-02,58.7,63.99,56.19,61.2,678154.0,40991004.0
2015-09-07,60.26,63.85,55.09,59.7,2431147.0,139826320.0
2015-09-08,57.65,61.17,55.18,60.27,541909.0,31667230.0
2015-09-09,61.19,63.07,58.11,59.9,1566367.0,92842088.0
2015-09-10,58.19,60.39,57.22,59.4,706422.0,41548840.0
2015-09-11,58.75,60.2,57.49,58.48,544772.0,31854704.0
2015-09-14,57.44,58.48,52.63,52.63,684267.0,37259376.0
2015-09-15,49.46,50.97,47.37,47.37,739266.0,36294488.0
2015-09-16,47.46,50.57,47.16,50.06,1620605.0,79377544.0
2015-09-17,49.56,49.56,45.35,45.55,1184818.0,55429236.0
2015-09-18,45.3,46.84,44.05,44.37,752747.0,33889500.0
2015-09-21,44.75,45.59,43.45,45.4,766500.0,34058208.0
2015-09-22,45.54,46.44,44.8,45.58,729442.0,33280920.0
2015-09-23,45.23,48.66,44.2,47.46,1387568.0,64571544.0
2015-09-24,46.56,48.1,46.24,46.99,651280.0,30550082.0
2015-09-25,47.13,47.46,43.08,43.72,878045.0,39225632.0
2015-09-28,43.87,44.99,42.45,44.83,481736.0,21145730.0
2015-09-29,44.65,44.65,42.91,43.95,335272.0,14644533.0
2015-09-30,44.15,44.51,43.64,44.05,286618.0,12597334.0
2015-10-08,45.16,46.75,44.95,45.95,709385.0,32506062.0
2015-10-09,46.14,46.14,44.97,45.34,1408979.0,63518012.0
2015-10-12,45.72,48.15,45.13,47.39,1426769.0,66877244.0
2015-10-13,47.51,48.48,46.65,48.09,970424.0,46346044.0
2015-10-14,47.76,48.26,46.87,47.3,756170.0,35811068.0
2015-10-15,47.27,49.36,47.05,49.18,937643.0,44969152.0
2015-10-16,49.71,49.71,47.97,49.06,824145.0,40128304.0
2015-10-19,48.76,49.84,48.76,49.47,1222999.0,60198236.0
2015-10-20,49.8,49.8,48.01,49.41,900124.0,44001348.0
2015-10-21,49.39,49.46,45.85,46.25,1141644.0,54586064.0
2015-10-22,46.14,47.66,45.95,47.44,723338.0,33693148.0
2015-10-23,47.54,50.4,47.54,49.76,1402912.0,69164320.0
2015-10-26,54.74,54.74,52.82,54.74,2462603.0,132672592.0
2015-10-27,55.18,56.74,53.24,54.03,2264201.0,124363864.0
2015-10-28,54.17,55.42,52.03,52.44,1464064.0,79173416.0
2015-10-29,52.67,54.07,51.17,52.3,971883.0,50642448.0
2015-10-30,52.37,53.38,50.78,52.62,928648.0,48252992.0
2015-11-02,51.67,56.18,50.83,53.48,1333086.0,71860160.0
2015-11-03,53.08,55.58,53.08,54.6,1156086.0,63125020.0
2015-11-04,54.67,57.18,54.66,56.99,1219330.0,68144288.0
2015-11-05,57.03,57.68,54.83,55.71,1087399.0,60883824.0
2015-11-06,55.2,60.7,55.18,60.35,1167328.0,67820712.0
2015-11-09,59.2,64.39,58.19,61.95,1125959.0,68592000.0
2015-11-10,61.95,63.11,60.2,62.22,828005.0,50860640.0
2015-11-11,62.2,64.61,61.32,64.61,1880784.0,117959272.0
2015-11-12,64.93,68.11,62.76,65.69,1767927.0,113816624.0
2015-11-13,63.27,65.19,60.2,60.21,1554418.0,97196760.0
2015-11-16,58.22,62.2,58.22,61.89,576585.0,35050516.0
2015-11-17,62.05,63.61,60.21,60.38,705512.0,43504024.0
2015-11-18,60.58,61.18,58.24,58.48,530654.0,31571602.0
2015-11-19,58.53,60.7,58.53,60.65,526603.0,31293974.0
2015-11-20,60.85,63.27,60.65,62.41,785171.0,48722056.0
2015-11-23,62.57,63.8,61.6,62.02,842391.0,52591604.0
2015-11-24,61.39,65.22,61.2,64.97,1287889.0,81671752.0
2015-11-25,64.8,67.21,64.2,66.82,1776727.0,116432776.0
2015-11-26,66.33,67.77,64.85,65.89,1202421.0,79831816.0
2015-11-27,65.03,66.09,61.43,63.56,1464314.0,93814712.0
2015-11-30,64.14,69.92,62.27,69.92,1570261.0,103684688.0
2015-12-01,70.2,75.08,68.27,72.69,1996839.0,145097520.0
2015-12-02,70.11,71.14,66.22,69.07,1049901.0,71935440.0
2015-12-03,69.28,71.94,67.43,70.92,670290.0,47160956.0
2015-12-04,70.92,72.54,68.25,69.22,670778.0,46740608.0
2015-12-07,70.53,70.53,68.14,69.72,559335.0,38383476.0
2015-12-08,69.74,71.23,68.73,69.88,608683.0,42350492.0
2015-12-09,70.13,70.13,66.22,68.22,780302.0,52814680.0
2015-12-10,68.12,68.22,66.12,67.07,649201.0,43384012.0
2015-12-11,67.32,68.03,66.33,67.76,389060.0,26153482.0
2015-12-14,67.74,74.54,66.74,71.89,858251.0,61404228.0
2015-12-15,71.28,73.7,71.22,72.79,545276.0,39390704.0
2015-12-16,72.74,73.59,71.77,72.06,576650.0,41727444.0
2015-12-17,72.14,74.23,72.14,73.34,663542.0,48494664.0
2015-12-18,73.24,78.23,72.75,76.29,911258.0,68423032.0
2015-12-21,75.75,76.5,74.09,75.26,456358.0,34128272.0
2015-12-22,76.6,76.65,74.14,75.37,376596.0,28210212.0
2015-12-23,75.25,75.82,71.71,73.22,795052.0,58104292.0
2015-12-24,73.12,73.94,71.75,73.39,365399.0,26403700.0
2015-12-25,74.09,74.09,71.98,72.69,522080.0,37936596.0
2015-12-28,73.19,79.96,72.64,79.76,1993045.0,151852976.0
2015-12-29,79.23,79.23,75.95,76.97,873102.0,67173096.0
2015-12-30,76.27,76.94,74.34,75.65,614620.0,46333216.0
2015-12-31,75.65,78.74,75.24,76.06,684640.0,52679452.0
2016-01-04,75.77,75.77,69.23,69.33,597363.0,43005076.0
2016-01-05,63.21,72.54,63.21,69.12,1107088.0,75936832.0
2016-01-06,69.23,71.0,67.25,69.37,576807.0,39583720.0
2016-01-07,67.72,68.91,62.44,62.44,191700.0,12278052.0
2016-01-08,63.71,65.7,58.2,61.1,679403.0,41866732.0
2016-01-11,60.68,60.68,54.99,55.27,1529428.0,85034720.0
2016-01-12,55.19,57.19,54.2,55.62,537115.0,29868968.0
2016-01-13,56.19,57.49,54.27,54.27,334355.0,18598538.0
2016-01-14,52.88,59.65,51.68,58.79,596962.0,33287148.0
2016-01-15,58.19,60.17,56.73,57.61,287791.0,16776449.0
2016-01-18,57.51,61.68,52.69,60.52,500940.0,29228514.0
2016-01-19,60.15,61.7,58.42,61.3,470895.0,28315434.0
2016-01-20,61.1,61.58,59.5,60.47,235313.0,14224263.0
2016-01-21,58.49,60.44,56.2,56.74,379007.0,22241848.0
2016-01-22,56.97,59.69,56.55,57.8,310036.0,17879188.0
2016-01-25,59.6,59.6,58.19,59.09,223198.0,13053505.0
2016-01-26,62.02,62.02,54.74,54.78,458590.0,26688468.0
2016-01-27,54.98,55.18,49.49,52.15,503432.0,25982648.0
2016-01-28,52.07,52.07,48.66,49.95,256200.0,12813890.0
2016-01-29,49.88,52.92,49.42,51.39,375315.0,19228358.0
2016-02-01,51.39,52.17,50.79,51.37,176615.0,9010689.0
2016-02-02,51.17,55.68,50.27,54.18,317363.0,16950516.0
2016-02-03,53.28,54.42,52.21,54.24,163899.0,8748284.0
2016-02-04,54.98,57.63,54.18,55.59,416498.0,23046264.0
2016-02-05,55.69,57.19,55.18,55.82,225400.0,12582089.0
2016-02-15,53.97,55.01,53.17,54.88,278350.0,15021816.0
2016-02-16,55.17,59.94,54.89,57.67,391512.0,22623384.0
2016-02-17,56.41,57.77,56.4,57.66,242300.0,13803003.0
2016-02-18,57.66,58.66,57.29,58.03,366976.0,21179214.0
2016-02-19,57.34,58.39,57.22,58.11,269144.0,15499161.0
2016-02-22,58.55,59.06,56.69,58.34,374237.0,21758034.0
2016-02-23,61.78,61.78,58.69,60.64,532694.0,32199302.0
2016-02-24,60.58,61.5,57.89,59.54,285141.0,16970812.0
2016-02-25,60.25,62.41,58.07,58.07,733102.0,44023036.0
2016-02-26,58.95,61.09,58.39,59.77,427055.0,25495402.0
2016-02-29,60.3,60.3,53.79,57.41,634105.0,34783608.0
2016-03-01,53.83,57.41,53.78,57.19,252694.0,14041195.0
2016-03-02,57.2,61.25,57.2,59.31,374862.0,21887026.0
2016-03-03,59.2,60.05,57.7,57.7,279890.0,16484930.0
2016-03-04,57.79,57.89,55.21,55.23,223370.0,12582401.0
2016-03-07,57.19,60.7,55.18,58.81,770531.0,44814856.0
2016-03-08,57.54,64.69,57.49,64.69,876638.0,53665308.0
2016-03-09,63.69,65.19,62.51,63.32,764616.0,48629712.0
2016-03-10,63.29,65.11,61.34,64.61,652149.0,41117108.0
2016-03-11,66.1,70.23,63.71,68.49,816435.0,55460168.0
2016-03-14,68.22,72.74,65.82,70.43,957331.0,66701376.0
2016-03-15,69.73,72.12,67.42,68.33,640600.0,44448608.0
2016-03-16,68.34,72.9,64.87,72.25,756828.0,51748976.0
2016-03-17,71.53,74.11,70.23,72.14,941616.0,67572992.0
2016-03-18,71.23,72.74,70.4,71.44,825956.0,58900160.0
2016-03-21,71.74,73.97,70.73,71.89,958441.0,69340240.0
2016-03-22,71.17,72.73,69.66,71.22,433490.0,30559438.0
2016-03-23,70.34,72.23,69.83,70.59,361350.0,25495548.0
2016-03-24,70.22,70.61,67.23,67.47,470578.0,32313366.0
2016-03-25,68.22,68.83,66.99,68.22,415580.0,28091256.0
2016-03-28,69.22,70.56,68.41,68.88,543682.0,37854228.0
2016-03-29,68.23,73.24,68.23,72.26,961125.0,68617864.0
2016-03-30,72.32,73.52,71.4,73.34,885585.0,64152260.0
2016-03-31,73.74,74.77,72.74,73.3,548005.0,40143648.0
2016-04-01,72.94,73.13,70.89,71.94,386461.0,27687572.0
2016-04-05,71.27,74.83,71.27,74.65,354996.0,26022896.0
2016-04-06,74.65,76.24,72.04,72.24,396929.0,28864050.0
2016-04-07,72.24,73.14,65.22,69.71,548060.0,38789492.0
2016-04-08,69.33,69.62,68.22,68.5,460972.0,31528624.0
2016-04-11,69.17,71.23,69.16,71.22,305635.0,21516402.0
2016-04-12,74.75,75.14,70.26,70.61,376413.0,26972914.0
2016-04-13,70.63,71.86,69.73,71.23,434321.0,30685072.0
2016-04-14,73.18,73.18,70.96,73.02,609213.0,44022420.0
2016-04-15,75.85,75.85,71.49,72.21,441900.0,32052756.0
2016-04-18,70.78,72.06,70.24,70.68,403600.0,28371192.0
2016-04-19,70.68,71.73,70.63,71.64,231900.0,16451603.0
2016-04-20,74.23,74.23,69.24,72.24,799866.0,57293372.0
2016-04-21,71.23,72.04,71.02,71.7,385236.0,27458570.0
2016-04-22,71.54,78.87,70.63,78.85,3006854.0,231323872.0
2016-04-25,76.35,78.03,74.85,77.61,1764070.0,134963408.0
2016-04-26,77.64,80.87,75.25,78.98,1352477.0,103430544.0
2016-04-27,77.77,86.88,77.7,86.88,2267596.0,191397808.0
2016-04-28,87.28,89.17,85.25,86.49,1446204.0,125879040.0
2016-04-29,86.49,95.13,85.37,95.13,2102397.0,194708112.0
2016-05-03,96.32,104.65,91.3,104.65,1627771.0,159097488.0
2016-05-04,106.35,113.94,101.81,106.26,2209271.0,236227744.0
2016-05-05,105.35,106.25,100.32,101.96,1530800.0,155847648.0
2016-05-06,102.08,103.0,94.01,95.55,1708098.0,167414208.0
2016-05-09,95.62,97.79,93.53,96.12,1298898.0,124397560.0
2016-05-10,96.42,97.31,86.51,86.51,2735928.0,241315360.0
2016-05-11,85.37,86.52,82.25,85.27,2133879.0,179243672.0
2016-05-12,83.14,84.24,79.56,83.64,1466595.0,119934114.0
2016-05-13,83.19,85.25,81.4,81.59,936945.0,77810924.0
2016-05-16,82.4,83.72,81.28,83.33,822718.0,67990911.0
2016-05-17,84.08,84.13,80.3,80.65,956403.0,77849833.0
2016-05-18,80.66,81.36,76.28,77.57,1333593.0,103962399.0
2016-05-19,78.92,79.24,77.28,77.93,933030.0,72856240.0
2016-05-20,76.45,78.46,76.45,77.82,723735.0,56052398.0
2016-05-23,78.26,81.25,78.22,79.39,1265890.0,100676041.0
2016-05-24,79.56,81.15,77.25,80.22,987997.0,78172384.0
2016-05-25,81.07,83.78,80.49,81.03,1282552.0,104894613.0
2016-05-26,79.26,83.28,77.31,82.07,948469.0,76325535.0
2016-05-27,82.47,82.65,80.77,81.66,637957.0,52075281.0
2016-05-30,81.67,82.03,78.81,80.27,571383.0,45652926.0
2016-05-31,80.27,83.14,78.86,83.05,723031.0,59167264.0
2016-06-01,83.25,83.78,82.27,82.82,837601.0,69293988.0
2016-06-02,82.83,83.78,82.6,83.78,814942.0,67697033.0
2016-06-03,83.79,85.06,82.63,84.78,892942.0,74350440.0
2016-06-06,86.47,86.49,83.58,84.56,645007.0,54523607.0
2016-06-07,84.09,85.28,82.9,84.78,464153.0,38914199.0
2016-06-08,84.48,91.67,83.39,88.65,1085046.0,95141324.0
2016-06-13,87.29,92.66,87.15,89.19,2021146.0,183553898.0
2016-06-14,89.08,95.77,84.11,91.31,1603184.0,144134293.0
2016-06-15,88.29,95.68,88.29,93.01,1780686.0,165660437.0
2016-06-16,93.11,94.75,91.35,92.36,1275755.0,118107564.0
2016-06-17,92.46,93.17,86.38,88.73,961201.0,85976743.0
2016-06-20,86.6,88.29,85.24,87.05,745384.0,64523376.0
2016-06-21,88.39,88.39,81.36,86.18,1368230.0,115347859.0
2016-06-22,84.37,85.93,82.36,85.38,587120.0,49308942.0
2016-06-23,84.82,86.88,84.37,85.56,570956.0,48780690.0
2016-06-24,85.56,86.7,82.42,85.38,701694.0,59437488.0
2016-06-27,82.87,86.38,82.87,85.77,519548.0,44320622.0
2016-06-28,85.77,93.56,84.78,90.8,1237081.0,110876990.0
2016-06-29,90.4,91.97,88.39,90.79,646198.0,57916898.0
2016-06-30,90.55,90.55,88.39,89.19,563947.0,49963043.0
2016-07-01,89.38,90.33,87.89,89.19,535618.0,47255071.0
2016-07-04,87.83,90.56,87.83,90.39,644891.0,57419990.0
2016-07-05,91.41,91.41,89.65,90.01,472899.0,42521986.0
2016-07-06,89.88,89.95,87.92,89.46,415884.0,36649104.0
2016-07-07,89.46,90.35,88.17,89.48,438123.0,38918574.0
2016-07-08,89.48,91.39,88.89,89.79,580581.0,52170423.0
2016-07-11,90.39,91.05,88.19,88.89,411854.0,36508760.0
2016-07-12,88.39,89.19,87.95,89.14,361214.0,31844419.0
2016-07-13,88.69,90.41,88.69,89.55,421769.0,37657816.0
2016-07-14,89.55,89.55,88.29,88.46,384776.0,33928145.0
2016-07-15,88.38,91.17,88.23,90.5,627179.0,56218206.0
2016-07-18,90.5,94.42,89.28,92.22,806831.0,74484588.0
2016-07-19,91.42,93.29,89.96,90.53,363771.0,32828418.0
2016-07-20,90.53,91.3,90.0,90.4,273379.0,24627513.0
2016-07-21,90.2,91.19,90.0,90.28,239650.0,21593282.0
2016-07-22,90.29,90.89,89.61,90.5,295025.0,26484591.0
2016-07-25,90.56,91.05,90.01,90.32,301700.0,27186280.0
2016-07-26,90.32,91.41,89.44,90.66,446400.0,40260870.0
2016-07-27,90.5,90.87,87.39,89.28,484282.0,43084801.0
2016-07-28,89.72,89.72,85.58,88.75,328200.0,28742108.0
2016-07-29,88.3,89.09,86.48,88.52,425767.0,36965998.0
2016-08-01,86.92,88.39,85.53,87.13,407265.0,35008836.0
2016-08-02,87.39,87.94,85.68,87.39,289171.0,25027647.0
2016-08-03,87.15,88.69,85.88,87.89,632244.0,55038210.0
2016-08-04,87.58,88.6,86.36,87.99,922534.0,80236387.0
2016-08-05,87.33,89.3,86.55,89.3,810346.0,70650423.0
2016-08-08,89.05,89.07,88.28,88.53,595563.0,52551234.0
2016-08-09,88.27,89.3,87.3,88.88,226200.0,19842384.0
2016-08-10,89.11,89.11,87.9,88.56,184357.0,16239657.0
2016-08-11,87.97,88.56,86.74,88.39,252800.0,22072086.0
2016-08-12,88.27,88.89,87.69,88.33,300428.0,26370328.0
2016-08-15,88.29,92.08,87.9,90.3,734154.0,65804848.0
2016-08-16,90.29,92.39,89.43,90.39,496148.0,44803507.0
2016-08-17,89.51,92.3,89.51,90.8,653714.0,58882012.0
2016-08-18,90.8,91.9,89.76,90.84,606700.0,54709061.0
2016-08-19,90.98,91.7,89.82,90.5,546647.0,49213020.0
2016-08-22,90.4,91.56,89.71,90.09,453300.0,40753134.0
2016-08-23,90.08,90.56,85.38,90.18,485465.0,43377045.0
2016-08-24,90.21,91.19,87.39,89.3,604626.0,53771623.0
2016-08-25,87.92,90.4,86.58,89.31,531600.0,46870829.0
2016-08-26,89.31,90.09,88.47,88.99,485900.0,43155469.0
2016-08-29,89.09,89.11,87.84,88.47,399152.0,35089481.0
2016-08-30,88.47,89.89,87.7,89.3,925247.0,81631901.0
2016-08-31,88.59,90.29,88.0,88.96,296956.0,26278895.0
2016-09-01,88.97,89.17,87.69,88.03,502514.0,44037762.0
2016-09-02,88.09,88.17,87.39,87.76,455955.0,39854704.0
2016-09-05,87.98,96.54,86.63,95.43,2656093.0,245467628.0
2016-09-06,93.56,101.45,91.83,95.31,4801318.0,463805267.0
2016-09-07,94.27,94.71,92.03,92.22,1172504.0,108481647.0
2016-09-08,91.86,92.52,90.09,90.4,805510.0,72797351.0
2016-09-09,90.4,99.44,89.05,99.44,2532402.0,242962387.0
2016-09-12,98.98,103.34,89.5,90.45,7357429.0,698106192.0
2016-09-13,85.88,87.39,81.41,81.41,5200145.0,430095867.0
2016-09-14,81.24,81.24,77.34,78.29,1931327.0,151610914.0
2016-09-19,80.12,81.84,78.45,80.55,1685780.0,134603907.0
2016-09-20,79.54,80.33,77.64,78.1,1355380.0,106115471.0
2016-09-21,78.35,78.8,77.44,77.97,1055900.0,82117162.0
2016-09-22,78.07,79.15,77.74,78.31,992331.0,77266566.0
2016-09-23,78.3,78.52,77.55,77.58,730180.0,56704665.0
2016-09-26,77.6,77.6,71.85,72.72,1531748.0,112350126.0
2016-09-27,72.33,73.27,71.54,73.14,652313.0,47004312.0
2016-09-28,72.96,73.14,72.57,72.59,378700.0,27416925.0
2016-09-29,72.59,76.28,72.22,75.04,911600.0,67401009.0
2016-09-30,74.14,75.55,73.88,74.83,775019.0,57796381.0
2016-10-10,75.21,77.52,74.34,76.84,917367.0,69360045.0
2016-10-11,76.71,77.79,76.09,76.95,554438.0,42527086.0
2016-10-12,77.42,79.26,75.66,78.45,789037.0,61017002.0
2016-10-13,78.25,78.85,77.54,78.15,438725.0,34161187.0
2016-10-14,77.32,78.57,77.32,78.35,512097.0,39948875.0
2016-10-17,78.35,79.2,77.64,78.35,478952.0,37345359.0
2016-10-18,78.35,78.94,77.86,78.65,352200.0,27535222.0
2016-10-19,79.14,79.14,78.41,78.65,375711.0,29453845.0
2016-10-20,78.69,79.13,78.35,78.83,427083.0,33390293.0
2016-10-21,78.54,80.33,77.94,78.68,477634.0,37639401.0
2016-10-24,79.04,79.31,77.86,78.49,452915.0,35363399.0
2016-10-25,78.36,84.75,78.36,84.67,2071729.0,168422617.0
2016-10-26,83.7,93.13,83.37,93.13,3409620.0,302242869.0
2016-10-27,93.13,98.31,89.36,94.22,4049275.0,375516142.0
2016-10-28,93.41,96.42,89.28,89.4,3231225.0,297427850.0
2016-10-31,89.4,92.54,85.38,89.4,1392113.0,123953432.0
2016-11-01,88.5,91.3,85.12,87.69,3195339.0,276304546.0
2016-11-02,85.4,86.78,84.31,85.21,1655164.0,141054239.0
2016-11-03,83.88,86.18,83.36,84.42,1320191.0,111212689.0
2016-11-04,84.66,85.98,83.7,84.75,1004710.0,85094728.0
2016-11-07,85.68,86.68,85.08,85.48,941149.0,80330161.0
2016-11-08,85.89,86.11,83.9,84.39,825200.0,69515478.0
2016-11-09,84.49,84.77,81.16,82.21,1086110.0,89190753.0
2016-11-10,82.57,83.71,81.86,83.37,891591.0,73590738.0
2016-11-11,83.62,83.77,82.16,83.31,687068.0,56793336.0
2016-11-14,83.47,86.65,83.46,86.38,1395673.0,119135900.0
2016-11-15,86.72,86.89,85.0,85.5,698468.0,59462381.0
2016-11-16,85.49,86.86,84.39,86.47,952641.0,81394133.0
2016-11-17,86.18,86.94,84.78,84.92,894510.0,76106622.0
2016-11-18,84.77,92.46,84.38,92.39,1934649.0,168796728.0
2016-11-21,91.15,92.39,88.88,90.1,1204378.0,108702261.0
2016-11-22,90.1,93.4,88.79,90.7,1374450.0,124651874.0
2016-11-23,90.79,92.19,87.19,89.4,1025604.0,91498753.0
2016-11-24,89.17,90.38,87.39,87.51,629270.0,55794742.0
2016-11-25,86.8,88.19,86.39,87.68,573333.0,49776720.0
2016-11-28,87.89,88.44,85.88,86.37,433696.0,37434749.0
2016-11-29,86.36,87.18,85.68,86.67,399807.0,34423215.0
2016-11-30,87.78,88.69,86.29,87.19,516075.0,44873559.0
2016-12-01,86.39,88.28,86.38,87.55,690304.0,60139525.0
2016-12-02,87.63,87.72,82.16,83.5,786177.0,66436802.0
2016-12-05,81.87,84.64,81.86,82.53,490400.0,40667478.0
2016-12-06,82.53,85.38,82.53,84.29,442188.0,37157327.0
2016-12-07,83.48,84.61,82.36,84.15,629421.0,52100960.0
2016-12-08,85.18,86.35,84.07,84.36,414066.0,35001676.0
2016-12-09,84.36,85.48,83.82,84.52,445368.0,37544532.0
2016-12-12,83.87,84.78,80.36,81.07,563200.0,46124729.0
2016-12-13,80.97,82.36,78.91,81.11,312174.0,25069438.0
2016-12-14,81.81,82.65,80.37,81.07,474751.0,38510130.0
2016-12-15,80.25,82.75,79.35,79.35,509985.0,41037730.0
2016-12-16,79.35,81.21,79.35,81.21,310192.0,24896423.0
2016-12-19,81.36,88.39,80.71,85.68,1978144.0,166678718.0
2016-12-20,84.88,86.34,84.39,85.5,387136.0,32888795.0
2016-12-21,85.02,86.38,85.02,85.65,252443.0,21557024.0
2016-12-22,85.41,88.06,85.02,86.58,598799.0,51990177.0
2016-12-23,86.03,87.89,86.02,87.75,449645.0,39057765.0
2016-12-26,87.85,89.37,87.85,88.36,651113.0,57359883.0
2016-12-27,87.89,88.89,87.4,87.59,477139.0,41707979.0
2016-12-28,87.59,89.6,87.59,88.48,548416.0,48366890.0
2016-12-29,89.04,89.04,88.09,88.39,439600.0,38710943.0
2016-12-30,89.4,89.4,87.89,88.64,262913.0,23227195.0
2017-01-03,91.41,91.41,86.26,86.98,413425.0,36137754.0
2017-01-04,87.81,87.81,85.1,86.14,365941.0,31218151.0
2017-01-05,87.0,87.35,83.37,84.58,421002.0,35875442.0
2017-01-06,84.92,86.05,83.64,84.7,435290.0,36686494.0
2017-01-09,86.23,86.23,83.78,83.97,265411.0,22295172.0
2017-01-10,84.03,84.35,83.37,84.35,206300.0,17186282.0
2017-01-11,84.87,84.87,82.38,82.39,221088.0,18299489.0
2017-01-12,82.36,82.86,81.4,82.52,155204.0,12692911.0
2017-01-13,84.26,84.26,80.38,80.87,174452.0,14137831.0
2017-01-16,79.85,84.78,77.84,81.66,519322.0,42128752.0
2017-01-17,81.36,83.24,79.39,82.84,143588.0,11712509.0
2017-01-18,84.37,84.37,81.42,81.57,140267.0,11495688.0
2017-01-19,81.07,81.65,79.97,80.89,203328.0,16242272.0
2017-01-20,83.07,83.07,80.64,81.31,144277.0,11693732.0
2017-01-23,81.16,82.87,80.28,80.69,201903.0,16249450.0
2017-01-24,80.66,80.81,77.34,78.35,406284.0,31906651.0
2017-01-25,78.35,78.93,76.37,77.44,172500.0,13372272.0
2017-01-26,77.8,79.22,77.35,78.47,171503.0,13411513.0
2017-02-03,78.33,79.35,78.08,78.88,130020.0,10215491.0
2017-02-06,78.75,79.18,78.15,78.95,160200.0,12549741.0
2017-02-07,79.12,86.84,79.12,86.84,930217.0,78001644.0
2017-02-08,88.39,90.17,85.5,87.39,1206354.0,105524406.0
2017-02-09,87.9,88.37,86.91,87.34,652219.0,56920971.0
2017-02-10,87.39,89.92,86.89,89.09,686849.0,60666560.0
2017-02-13,88.27,89.4,87.39,88.39,322598.0,28376794.0
2017-02-14,88.28,89.33,86.38,88.59,193573.0,17002364.0
2017-02-15,88.59,89.4,86.89,87.45,257313.0,22600649.0
2017-02-16,87.88,89.09,85.9,87.67,282903.0,24613436.0
2017-02-17,87.67,88.7,85.49,86.98,224853.0,19478905.0
2017-02-20,86.58,87.34,84.37,84.64,375503.0,31872073.0
2017-02-21,84.64,85.57,84.38,85.43,336271.0,28398891.0
2017-02-22,85.45,86.37,84.84,85.56,177471.0,15074007.0
2017-02-23,85.48,85.53,84.27,84.72,219210.0,18478152.0
2017-02-24,84.86,84.86,83.75,84.3,158400.0,13252059.0
2017-02-27,84.21,84.76,83.63,84.59,130511.0,10980600.0
2017-02-28,85.0,87.39,84.18,86.89,470368.0,40261633.0
2017-03-01,87.19,87.29,86.03,86.67,318431.0,27442772.0
2017-03-02,85.52,86.53,84.67,84.91,284610.0,24190538.0
2017-03-03,84.91,85.48,84.28,84.67,148166.0,12491675.0
2017-03-06,84.78,85.26,84.17,84.64,210207.0,17761792.0
2017-03-07,84.64,85.95,84.64,85.53,249463.0,21166911.0
2017-03-08,85.54,86.55,85.03,85.6,193238.0,16528316.0
2017-03-09,85.82,85.82,84.56,84.85,156871.0,13271016.0
2017-03-10,85.14,85.75,85.07,85.63,126439.0,10769001.0
2017-03-13,85.47,86.62,84.67,86.41,201003.0,17213392.0
2017-03-14,85.9,87.62,85.9,87.28,296127.0,25571177.0
2017-03-15,86.99,87.46,85.98,86.19,384000.0,33192320.0
2017-03-16,85.33,87.88,85.33,87.51,292178.0,25350342.0
2017-03-17,87.51,88.39,86.59,86.59,309666.0,27068546.0
2017-03-20,85.93,94.65,85.93,90.73,618884.0,55465682.0
2017-03-21,96.42,96.42,85.38,90.36,811495.0,72362677.0
2017-03-22,89.91,90.3,87.59,87.78,413716.0,36445884.0
2017-03-23,87.79,90.9,86.99,87.49,356279.0,31523832.0
2017-03-24,87.57,88.76,86.99,87.59,318798.0,27806536.0
2017-03-27,87.29,87.29,85.08,85.57,370080.0,31766349.0
2017-03-28,85.38,86.33,85.0,85.66,132755.0,11343018.0
2017-03-29,85.71,86.58,84.99,85.08,163594.0,13997351.0
2017-03-30,84.67,85.38,83.57,83.58,184445.0,15427688.0
2017-03-31,82.88,85.15,82.88,83.87,127964.0,10699997.0
2017-04-05,91.19,91.19,84.37,86.01,227865.0,19700462.0
2017-04-06,86.01,86.97,85.6,85.92,260875.0,22310785.0
2017-04-07,85.84,86.58,85.67,86.38,221125.0,18976481.0
2017-04-10,85.93,86.72,83.87,84.38,251143.0,21353991.0
2017-04-11,83.52,84.58,83.52,84.02,242107.0,20225809.0
2017-04-12,83.56,84.53,83.4,83.42,240864.0,20098906.0
2017-04-13,83.35,86.02,83.05,85.33,409759.0,34645658.0
2017-04-14,85.34,85.74,76.86,84.62,340318.0,28491944.0
2017-04-17,84.37,84.37,81.22,82.22,211521.0,17327305.0
2017-04-18,82.1,84.73,82.09,82.87,207405.0,17232209.0
2017-04-19,82.38,84.66,80.36,80.9,619396.0,50752487.0
2017-04-20,80.85,80.98,73.2,80.06,1285861.0,99018362.0
2017-04-21,79.64,79.84,76.34,77.48,278094.0,21509793.0
2017-04-24,76.84,77.72,74.03,74.77,318819.0,23831912.0
2017-04-25,74.34,78.34,74.34,76.2,373163.0,28335421.0
2017-04-26,77.33,77.33,75.37,75.72,190400.0,14478488.0
2017-04-27,75.72,76.44,74.43,76.44,320700.0,24225135.0
2017-04-28,76.33,76.79,75.53,76.74,71900.0,5467581.0
2017-05-02,76.74,78.85,76.25,78.85,267343.0,20638538.0
2017-05-03,78.34,79.35,77.72,78.88,182711.0,14313345.0
2017-05-04,77.93,80.16,77.34,77.49,218951.0,17084073.0
2017-05-05,77.13,78.55,76.34,76.94,182580.0,13995188.0
2017-05-08,75.95,77.33,75.33,76.04,134900.0,10190268.0
2017-05-09,76.84,78.33,75.53,77.84,200700.0,15432612.0
2017-05-10,77.84,78.48,77.12,77.84,159255.0,12351069.0
2017-05-11,78.35,85.63,73.33,85.63,668698.0,53065676.0
2017-05-12,87.39,87.94,82.87,83.37,847901.0,71587033.0
2017-05-15,83.37,91.41,80.16,91.41,1697136.0,141945938.0
2017-05-16,86.38,88.39,82.36,84.36,1453075.0,122751823.0
2017-05-17,82.87,82.87,80.22,80.32,1276109.0,102835164.0
2017-05-18,78.28,78.34,76.34,78.34,1332696.0,102315018.0
2017-05-19,76.84,83.37,76.82,83.37,1679400.0,133435536.0
2017-05-22,80.36,83.45,78.37,82.36,1004800.0,82353082.0
2017-05-23,80.36,83.47,75.34,76.84,1229712.0,96691242.0
2017-05-24,75.1,75.77,69.16,69.35,2779725.0,192214710.0
2017-08-18,62.43,67.32,62.43,64.95,1283601.0,82971839.0
2017-08-21,63.98,64.89,62.48,64.19,714442.0,45219010.0
2017-08-22,63.78,63.84,62.93,63.39,439299.0,27599315.0
2017-08-23,63.67,64.89,63.41,63.84,376690.0,23974685.0
2017-08-24,63.83,64.17,62.97,63.55,334807.0,21094579.0
2017-08-25,63.64,64.75,63.14,64.01,447200.0,28386861.0
2017-08-28,64.06,64.53,63.68,64.18,345200.0,22040822.0
2017-08-29,64.39,64.53,63.89,64.21,379603.0,24228051.0
2017-08-30,64.29,64.79,64.01,64.36,443527.0,28340835.0
2017-08-31,64.57,64.75,64.13,64.74,445900.0,28557990.0
2017-09-01,64.81,65.15,64.34,64.75,396269.0,25417625.0
2017-09-04,64.63,64.66,63.38,63.75,574300.0,36490517.0
2017-09-05,63.95,63.95,63.0,63.27,645164.0,40559963.0
2017-09-06,63.5,63.87,63.02,63.1,319728.0,20134126.0
2017-09-07,63.09,63.67,63.06,63.23,279800.0,17605780.0
2017-09-08,62.86,63.47,62.02,63.29,627171.0,39078357.0
2017-09-11,63.05,63.05,62.26,62.81,268317.0,16695338.0
2017-09-12,62.8,63.08,61.42,62.58,503700.0,31194580.0
2017-09-13,62.58,62.83,61.98,62.6,271889.0,16853421.0
2017-09-14,62.61,62.67,62.17,62.57,290250.0,18045346.0
2017-09-15,62.57,62.83,62.57,62.77,247988.0,15442001.0
2017-09-18,62.96,63.19,62.52,62.84,266702.0,16629716.0
2017-09-19,62.86,63.16,62.55,62.7,287027.0,17924332.0
2017-09-20,62.91,63.84,62.44,63.61,532427.0,33564281.0
2017-09-21,63.67,64.01,62.76,62.91,267300.0,16771938.0
2017-09-22,63.08,63.25,62.17,62.62,139800.0,8710323.0
2017-09-25,62.93,62.94,62.37,62.61,245900.0,15298931.0
2017-09-26,62.57,62.87,62.25,62.57,216892.0,13471978.0
2017-09-27,62.57,62.91,62.27,62.89,119892.0,7463737.0
2017-09-28,62.97,62.97,62.25,62.57,228200.0,14175241.0
2017-09-29,62.27,62.92,62.27,62.57,255800.0,15897443.0
2017-10-09,62.6,63.62,62.6,63.62,227190.0,14283868.0
2017-10-10,63.64,63.83,63.23,63.48,186621.0,11755531.0
2017-10-11,63.49,64.13,63.1,64.01,268489.0,16977588.0
2017-10-12,64.18,64.18,63.4,63.48,187771.0,11912474.0
2017-10-13,63.46,63.97,62.96,63.43,147592.0,9297261.0
2017-10-16,63.43,63.68,62.37,62.73,153171.0,9592934.0
2017-10-17,62.7,63.38,62.16,63.38,203463.0,12776092.0
2017-10-18,63.68,63.68,62.83,63.24,133300.0,8343014.0
2017-10-19,62.5,67.4,57.34,65.39,1754552.0,109102885.0
2017-10-20,64.39,64.86,63.38,63.38,669660.0,42387594.0
2017-10-23,63.38,65.19,63.38,64.16,480333.0,30614631.0
2017-10-24,64.18,65.15,63.4,64.44,507600.0,32477419.0
2017-10-25,64.44,65.79,64.38,64.71,490192.0,31597670.0
2017-10-26,64.79,65.88,63.88,65.41,676777.0,43597453.0
2017-10-27,65.27,71.43,64.9,69.13,1678404.0,115301258.0
2017-10-30,69.53,75.47,69.53,74.52,1718989.0,124500303.0
2017-10-31,74.42,74.44,70.43,72.78,1017945.0,73174554.0
2017-11-01,72.78,72.78,69.72,70.11,946900.0,66511449.0
2017-11-02,68.85,69.92,65.45,65.76,1069988.0,71129300.0
2017-11-03,65.49,66.45,63.0,63.88,839378.0,53524041.0
2017-11-06,63.38,63.86,62.4,63.39,576201.0,36070474.0
2017-11-07,63.23,64.56,62.67,63.67,450792.0,28490572.0
2017-11-08,63.44,64.06,62.93,63.38,540700.0,34093118.0
2017-11-09,63.01,63.96,63.01,63.39,354700.0,22372610.0
2017-11-10,63.38,64.28,63.19,63.96,490800.0,31197901.0
2017-11-13,64.38,64.38,63.18,63.21,365690.0,23034117.0
2017-11-14,63.18,63.81,62.7,63.54,446300.0,28049232.0
2017-11-15,63.19,63.83,62.62,63.53,383900.0,24172121.0
2017-11-16,63.93,63.93,62.88,63.6,229600.0,14458145.0
2017-11-17,63.21,63.86,62.37,63.53,487004.0,30679961.0
2017-11-20,62.94,64.89,62.4,64.79,380606.0,24207428.0
2017-11-21,64.39,68.41,62.88,66.19,675802.0,44393629.0
2017-11-22,66.4,69.92,66.37,69.47,1039998.0,71266398.0
2017-11-23,68.43,69.28,66.08,66.4,607402.0,40647669.0
2017-11-24,64.01,67.1,64.01,66.5,336200.0,22187099.0
2017-11-27,66.76,67.2,65.47,66.6,620000.0,41075132.0
2017-11-28,67.2,67.35,66.7,66.71,197201.0,13086174.0
2017-11-29,66.9,66.9,65.39,66.81,339700.0,22380187.0
2017-11-30,66.61,67.1,66.06,66.83,175250.0,11585916.0
2017-12-01,66.6,67.05,66.08,66.9,189702.0,12574213.0
2017-12-04,66.88,66.88,65.39,65.89,244052.0,15985919.0
2017-12-05,64.9,65.74,63.76,65.39,258820.0,16675466.0
2017-12-06,64.89,64.97,63.99,64.02,134800.0,8625542.0
2017-12-07,63.89,64.11,63.04,63.38,219240.0,13823727.0
2017-12-08,62.89,63.63,62.89,63.4,93240.0,5881415.0
2017-12-11,63.55,63.68,63.07,63.61,73600.0,4647973.0
2017-12-12,63.43,63.63,63.21,63.27,84200.0,5303238.0
2017-12-13,63.27,66.32,63.14,65.31,198033.0,12779036.0
2017-12-14,65.26,65.92,63.78,63.85,121225.0,7781601.0
2017-12-15,63.38,63.82,63.22,63.28,113406.0,7141133.0
2017-12-18,63.28,63.66,62.88,63.15,110025.0,6915348.0
2017-12-19,63.15,63.78,62.93,63.12,101806.0,6397210.0
2017-12-20,63.17,63.51,62.77,62.89,125100.0,7837233.0
2017-12-21,62.89,63.85,59.86,63.28,165500.0,10365664.0
2017-12-22,63.16,63.66,62.57,63.08,92840.0,5827202.0
2017-12-25,63.08,63.13,59.48,62.37,452840.0,27875674.0
2017-12-26,61.9,62.48,60.85,62.32,558587.0,34576551.0
2017-12-27,62.16,63.38,62.16,62.32,771000.0,47807394.0
2017-12-28,62.07,62.38,61.72,62.32,453796.0,28110458.0
2017-12-29,61.85,62.41,61.85,62.33,124600.0,7710812.0
2018-01-02,62.34,62.7,62.33,62.34,223500.0,13858557.0
2018-01-03,62.32,62.5,62.31,62.31,250800.0,15537844.0
2018-01-04,62.32,62.52,62.31,62.31,213200.0,13212191.0
2018-01-05,62.31,62.32,62.27,62.27,218709.0,13542926.0
2018-01-08,62.3,62.53,62.27,62.28,136200.0,8440105.0
2018-01-09,62.28,62.67,62.27,62.53,177200.0,10984695.0
2018-01-10,63.28,63.28,62.27,62.31,99600.0,6174832.0
2018-01-11,62.31,62.56,62.27,62.29,100400.0,6216651.0
2018-01-12,62.28,62.37,62.27,62.29,196600.0,12170291.0
2018-01-15,62.37,62.46,62.22,62.27,195700.0,12111425.0
2018-01-16,62.3,62.3,62.2,62.2,95500.0,5907427.0
2018-01-17,62.22,62.33,62.22,62.24,157700.0,9756330.0
2018-01-18,62.24,62.29,62.21,62.23,87200.0,5393628.0
2018-01-19,62.22,62.56,62.2,62.23,151500.0,9376246.0
2018-01-22,62.26,62.54,62.22,62.37,132900.0,8229640.0
2018-01-23,62.22,62.5,62.22,62.23,116400.0,7205248.0
2018-01-24,62.23,62.27,62.22,62.25,99400.0,6149273.0
2018-01-25,62.37,62.57,62.22,62.29,107500.0,6653409.0
2018-01-26,62.33,62.33,62.22,62.22,82363.0,5095502.0
2018-01-29,62.22,62.56,62.22,62.26,82963.0,5133722.0
2018-01-30,62.35,67.92,62.23,64.39,473752.0,30708761.0
2018-01-31,64.39,64.5,62.22,62.23,231827.0,14503145.0
2018-02-01,62.22,63.38,62.22,63.02,198000.0,12295889.0
2018-02-02,62.87,62.96,62.21,62.23,318227.0,19690017.0
2018-02-05,62.2,62.87,62.19,62.25,194800.0,12051141.0
2018-02-06,62.21,62.51,61.52,61.92,480825.0,29702234.0
2018-02-07,61.92,62.32,61.92,62.12,109025.0,6727991.0
2018-02-08,62.11,62.11,61.87,61.87,138825.0,8542957.0
2018-02-09,61.87,62.35,61.09,61.92,256700.0,15793375.0
2018-02-12,61.87,62.26,61.87,61.92,306750.0,18885963.0
2018-02-13,62.02,62.22,61.97,62.02,112450.0,6933266.0
2018-02-14,62.02,62.19,61.97,62.03,297500.0,18341383.0
2018-02-22,55.82,55.82,55.82,55.82,448000.0,24859520.0
2018-02-23,50.24,50.24,50.24,50.24,46000.0,2297240.0
2018-02-26,45.22,45.22,45.22,45.22,93900.0,4220805.0
2018-02-27,40.7,43.21,40.7,40.7,3865745.0,157974502.0
2018-02-28,38.41,39.41,36.63,36.63,5720061.0,211771329.0
2018-03-01,35.91,37.7,35.41,37.24,5535630.0,199494595.0
2018-03-02,36.37,36.92,36.23,36.44,2917668.0,106049801.0
2018-03-05,36.47,36.66,35.89,36.19,1852900.0,66808949.0
2018-03-06,36.23,36.57,35.94,36.52,2054820.0,74059192.0
2018-03-07,36.53,36.57,35.95,35.98,1651500.0,59488179.0
2018-03-08,35.8,36.16,35.8,35.98,1065400.0,38122343.0
2018-03-09,36.12,37.5,35.98,37.46,3403010.0,125096782.0
2018-03-12,37.73,41.13,37.53,40.47,4118500.0,159848458.0
2018-03-13,40.23,41.59,39.28,40.9,4095737.0,165049104.0
2018-03-14,40.77,40.77,39.58,39.68,1929500.0,76795671.0
2018-03-15,39.22,39.23,37.02,38.07,3573582.0,134928595.0
2018-03-16,38.22,39.03,38.07,38.83,1779418.0,68308135.0
2018-03-19,38.13,39.94,37.94,38.83,2019742.0,78017206.0
2018-03-20,38.08,38.13,37.05,37.67,1870763.0,69726056.0
2018-03-21,38.03,38.18,37.13,37.23,1326837.0,49753059.0
2018-03-22,37.23,37.55,36.88,37.02,1119227.0,41416707.0
2018-03-23,34.95,35.13,33.32,33.32,2063845.0,69794995.0
2018-03-26,31.89,32.53,30.0,32.23,1729025.0,53880906.0
2018-03-27,32.55,33.37,32.55,33.23,1497700.0,49042910.0
2018-03-28,33.52,36.55,33.52,36.55,1980317.0,70389883.0
2018-03-29,38.81,40.2,36.7,36.97,4640743.0,178002025.0
2018-03-30,35.51,36.22,35.21,35.92,3695199.0,131135510.0
2018-05-25,32.8,35.01,32.34,32.36,2926515.0,96772716.0
2018-05-28,31.66,31.86,30.32,31.06,2084417.0,64446230.0
2018-05-29,30.93,31.56,30.59,31.3,1455017.0,45148253.0
2018-05-30,30.76,30.76,28.18,28.26,2387498.0,69109921.0
2018-05-31,28.53,29.27,28.26,28.74,1262741.0,36066165.0
2018-06-01,28.68,29.63,28.53,29.31,1315741.0,38145202.0
2018-06-04,29.25,29.25,27.48,27.86,1290829.0,35836285.0
2018-06-05,27.62,28.98,27.62,28.78,1173641.0,32975919.0
2018-06-06,28.84,30.51,28.79,29.99,1768799.0,52212152.0
2018-06-07,29.72,31.51,29.72,30.12,2112400.0,64443414.0
2018-06-08,29.93,30.88,29.14,29.27,1372957.0,40377274.0
2018-06-11,29.04,29.66,28.75,28.76,1039300.0,30066344.0
2018-06-12,28.77,29.41,28.68,29.32,906367.0,26125414.0
2018-06-13,29.23,29.75,28.35,28.43,882100.0,25470148.0
2018-06-14,28.46,29.11,28.27,28.77,782599.0,22288777.0
2018-06-15,29.06,29.06,26.82,27.15,1178910.0,32311470.0
2018-06-19,26.9,26.9,24.43,24.49,1584000.0,39534940.0
2018-06-20,24.49,24.99,24.07,24.53,1069444.0,26052123.0
2018-06-21,24.62,24.8,22.08,22.14,1662400.0,38114386.0
2018-06-22,22.25,22.92,21.5,22.57,1119364.0,24815020.0
2018-06-25,22.71,24.84,22.55,24.84,1801648.0,43401280.0
2018-06-26,24.88,25.15,23.96,25.03,2472348.0,60252839.0
2018-06-27,24.52,25.13,24.02,24.03,1584810.0,38377086.0
2018-06-28,23.92,26.43,23.52,26.43,2185910.0,55328358.0
2018-06-29,26.75,28.74,25.76,27.38,4269760.0,114310973.0
2018-07-02,26.96,27.4,26.45,26.66,2601064.0,69227346.0
2018-07-03,26.46,27.22,26.27,26.98,1993400.0,53085274.0
2018-07-04,26.76,26.8,24.93,25.51,1728400.0,44271301.0
2018-07-05,25.16,26.06,23.92,24.31,1346500.0,33559992.0
2018-07-06,24.28,26.35,23.93,25.54,1986700.0,49880974.0
2018-07-09,25.53,27.12,25.29,26.5,1855900.0,48465958.0
2018-07-10,26.42,26.94,26.14,26.81,1514000.0,39942960.0
2018-07-11,25.93,26.42,24.21,25.31,1513600.0,38442654.0
2018-07-12,25.58,27.84,25.25,27.84,2017054.0,54549182.0
2018-07-13,28.53,30.53,27.9,28.44,5440726.0,155436452.0
2018-07-16,27.83,28.25,27.33,28.06,2246422.0,61983811.0
2018-07-17,28.09,28.35,27.13,27.61,1762522.0,48240555.0
2018-07-18,27.7,28.5,27.46,27.81,2056390.0,57137630.0
2018-07-19,27.36,27.71,26.36,26.77,1495450.0,39845222.0
2018-07-20,26.75,27.05,26.1,26.91,1435295.0,37819204.0
2018-07-23,26.74,27.28,26.56,27.02,1147104.0,30682575.0
2018-07-24,27.05,27.93,26.71,27.33,1257224.0,34144178.0
2018-07-25,27.54,27.55,26.79,27.05,1094390.0,29423833.0
2018-07-26,27.05,28.03,26.87,27.53,1730890.0,47107098.0
2018-07-27,27.26,27.42,26.34,26.41,1213709.0,32144447.0
2018-07-30,26.45,26.6,24.33,25.01,1606869.0,40028545.0
2018-07-31,25.07,25.07,24.33,24.86,595290.0,14633316.0
2018-08-01,24.94,25.22,23.21,23.96,732300.0,17877317.0
2018-08-02,24.0,24.46,22.22,24.03,1326299.0,30796902.0
2018-08-03,23.53,24.32,23.21,23.21,612350.0,14319710.0
2018-08-06,22.7,23.3,21.93,22.37,773900.0,17408482.0
2018-08-07,22.57,23.01,22.01,22.92,776204.0,17422594.0
2018-08-08,22.86,23.15,22.2,22.24,765504.0,17149047.0
2018-08-09,21.81,23.31,21.73,23.0,1023360.0,23159288.0
2018-08-10,23.09,23.4,22.71,23.1,744564.0,17032488.0
2018-08-13,23.05,23.88,22.71,23.66,1067774.0,24756295.0
2018-08-14,23.47,23.96,23.47,23.93,684310.0,16120193.0
2018-08-15,23.8,24.06,23.08,23.11,667000.0,15504869.0
2018-08-16,23.08,23.51,22.61,23.12,542860.0,12441285.0
2018-08-17,23.38,23.47,22.45,22.45,595120.0,13538857.0
2018-08-20,22.86,23.0,22.16,22.86,523134.0,11736018.0
2018-08-21,22.81,23.66,22.5,23.24,555331.0,12795908.0
2018-08-22,23.24,23.6,23.01,23.25,462779.0,10665461.0
2018-08-23,23.26,23.61,23.13,23.41,463900.0,10749010.0
2018-08-24,23.38,23.52,22.89,23.06,522000.0,12050342.0
2018-08-27,23.1,23.57,22.96,23.46,626995.0,14509374.0
2018-08-28,23.46,24.02,23.42,23.54,579850.0,13580860.0
2018-08-29,23.42,23.68,23.26,23.42,450300.0,10451485.0
2018-08-30,23.41,23.48,22.81,22.86,478300.0,10949322.0
2018-08-31,22.85,23.2,22.72,22.92,412700.0,9388492.0
2018-09-03,22.7,22.92,22.35,22.71,503600.0,11280558.0
2018-09-04,22.71,23.13,22.56,23.13,477500.0,10809237.0
2018-09-05,23.0,23.59,22.77,23.07,709400.0,16373731.0
2018-09-06,22.87,22.99,22.32,22.49,628020.0,14118521.0
2018-09-07,22.54,22.94,22.41,22.57,512000.0,11510375.0
2018-09-10,22.57,24.8,22.41,23.51,1671950.0,38914244.0
2018-09-11,23.21,23.97,23.01,23.82,1211250.0,28266399.0
2018-09-12,23.73,23.73,22.99,23.29,819852.0,18948976.0
2018-09-13,23.54,24.16,23.38,24.08,1390160.0,32837910.0
2018-09-14,23.96,23.96,23.31,23.36,950850.0,22174010.0
2018-09-17,23.31,23.34,22.35,22.37,753700.0,16890799.0
2018-09-18,20.91,21.45,20.14,21.32,1596103.0,32994732.0
2018-09-19,21.34,21.95,20.98,21.6,1064950.0,22641656.0
2018-09-20,21.59,21.68,21.18,21.24,603413.0,12796556.0
2018-09-21,21.3,21.6,21.19,21.52,560800.0,11901018.0
2018-09-25,21.36,21.68,20.74,21.45,403400.0,8548602.0
2018-09-26,21.67,22.16,21.48,21.54,711343.0,15333670.0
2018-09-27,21.55,21.69,20.59,20.59,717495.0,15025588.0
2018-09-28,20.64,20.96,20.58,20.79,464700.0,9567471.0
2018-10-08,20.69,20.69,19.69,19.82,571595.0,11394224.0
2018-10-09,20.0,20.3,19.9,20.05,414400.0,8248712.0
2018-10-10,20.1,20.57,20.09,20.39,464700.0,9371408.0
2018-10-11,19.98,19.98,18.35,18.35,1174048.0,21913796.0
2018-10-12,17.81,18.46,17.19,18.07,880600.0,15630346.0
2018-10-15,18.23,18.62,18.07,18.2,615000.0,11171399.0
2018-10-16,18.35,18.67,17.67,17.79,582827.0,10541995.0
2018-10-17,18.04,18.46,17.81,18.1,664795.0,12016469.0
2018-10-18,18.16,18.36,17.56,17.91,729360.0,12976918.0
2018-10-19,17.66,18.64,17.38,18.64,827096.0,14959762.0
2018-10-22,20.18,20.18,19.27,19.27,1500000.0,29220268.0
2018-10-23,19.45,19.83,19.09,19.52,1317198.0,25405310.0
2018-10-24,19.44,19.85,19.05,19.69,929648.0,17852060.0
2018-10-25,19.04,19.77,18.64,19.34,823200.0,15433427.0
2018-10-26,20.99,21.27,19.44,19.64,1043047.0,20644419.0
2018-10-29,19.58,19.58,18.94,19.04,656400.0,12459464.0
2018-10-30,19.15,19.51,18.72,19.2,581079.0,11004697.0
2018-10-31,19.2,19.73,19.19,19.34,580179.0,11197597.0
2018-11-01,19.54,20.06,19.43,19.43,765935.0,14914170.0
2018-11-02,19.67,19.95,19.54,19.91,910771.0,17857538.0
2018-11-05,19.98,20.39,19.88,20.39,1045520.0,20890347.0
2018-11-06,20.18,20.18,19.59,19.98,829217.0,16313101.0
2018-11-07,20.07,21.17,19.93,21.11,1400043.0,28343512.0
2018-11-08,20.89,22.71,20.81,22.2,2751059.0,58798018.0
2018-11-09,21.19,21.86,21.19,21.26,1366865.0,29004653.0
2018-11-12,21.16,21.44,20.82,21.42,1422080.0,29852426.0
2018-11-13,21.17,22.35,20.96,21.84,1557963.0,33568069.0
