2014-01-21,12.6,15.25,12.6,15.25,5231282.0,74443648.0
2014-01-22,13.73,15.56,13.73,14.28,52340312.0,742064448.0
2014-01-23,13.5,13.98,13.3,13.65,25414536.0,348327904.0
2014-01-24,13.78,15.02,13.78,15.02,37091084.0,538234176.0
2014-01-27,14.6,14.94,13.78,14.43,28555356.0,410423968.0
2014-01-28,14.25,14.49,13.96,14.18,13506619.0,191634480.0
2014-01-29,14.26,14.37,13.41,13.64,17358756.0,239195712.0
2014-01-30,13.5,13.59,13.07,13.16,9337321.0,124479120.0
2014-02-07,13.16,13.65,13.01,13.6,8439460.0,113759248.0
2014-02-10,13.6,14.23,13.47,14.07,15722588.0,218302352.0
2014-02-11,13.94,14.95,13.71,14.75,25957036.0,374345728.0
2014-02-12,14.66,16.13,14.55,15.73,27785476.0,427912224.0
2014-02-13,15.45,15.66,14.85,14.87,17746118.0,269122688.0
2014-02-14,14.87,16.19,14.83,16.02,22817780.0,358267552.0
2014-02-17,16.15,17.47,15.7,16.97,25177262.0,416566496.0
2014-02-18,16.76,18.26,16.58,17.22,27105626.0,475408896.0
2014-02-19,16.99,17.8,16.01,16.63,18143496.0,305005312.0
2014-02-20,16.38,17.29,16.01,16.71,16463971.0,276025344.0
2014-02-21,16.67,16.88,16.02,16.19,11326674.0,184878352.0
2014-02-24,16.2,16.63,16.1,16.44,8424390.0,137940944.0
2014-02-25,16.46,17.1,15.2,15.57,15805309.0,259037952.0
2014-02-26,15.68,15.68,14.1,15.0,9497404.0,142170752.0
2014-02-27,14.97,15.58,14.75,14.81,9232693.0,139552160.0
2014-02-28,14.68,16.29,14.51,16.29,16079062.0,251543424.0
2014-03-03,16.75,17.92,16.64,17.92,24541696.0,430490944.0
2014-03-04,18.7,19.71,17.48,17.91,39485140.0,739354624.0
2014-03-05,17.35,17.81,16.8,17.17,20555688.0,353970720.0
2014-03-06,16.91,18.89,16.5,18.8,25474172.0,455151264.0
2014-03-07,18.3,18.79,17.09,17.36,21064564.0,378981472.0
2014-03-10,16.79,18.1,16.5,17.6,15170828.0,263446288.0
2014-03-11,17.33,18.38,17.05,17.97,17372084.0,311787232.0
2014-03-12,17.5,17.8,16.31,16.8,14895349.0,253668624.0
2014-03-13,16.6,16.96,16.29,16.51,8029020.0,132817112.0
2014-03-14,16.3,16.84,16.16,16.51,6006511.0,99524872.0
2014-03-17,16.4,16.74,16.21,16.69,6019293.0,99359424.0
2014-03-18,16.69,17.75,16.58,16.93,10145473.0,174245568.0
2014-03-19,16.66,16.66,16.3,16.51,5980267.0,98433136.0
2014-03-20,16.5,16.59,15.9,15.92,6887281.0,111331128.0
2014-03-21,15.8,16.36,15.51,16.15,5733806.0,91294976.0
2014-03-24,16.1,16.31,15.5,15.56,6367648.0,101022648.0
2014-03-25,15.55,15.55,15.11,15.36,4654704.0,71336536.0
2014-03-26,15.4,15.64,15.3,15.43,3567105.0,55251280.0
2014-03-27,15.48,15.52,14.68,14.7,6139757.0,91709184.0
2014-03-28,14.6,15.44,14.4,14.93,6862747.0,102825888.0
2014-03-31,14.72,14.93,14.3,14.42,3944557.0,57559284.0
2014-04-01,14.5,15.15,14.42,15.03,4524623.0,67536696.0
2014-04-02,15.0,15.85,14.74,15.69,7060480.0,107580144.0
2014-04-03,15.53,15.99,15.41,15.41,7997575.0,125258904.0
2014-04-04,15.31,15.43,15.01,15.25,3834285.0,58286364.0
2014-04-08,15.09,15.81,15.05,15.63,5417177.0,84098416.0
2014-04-09,15.51,15.86,15.4,15.69,6109291.0,95385376.0
2014-04-10,15.55,15.94,15.4,15.45,6308156.0,99016832.0
2014-04-11,15.34,15.34,15.01,15.02,4804933.0,72561136.0
2014-04-14,15.03,15.17,15.03,15.08,2039216.0,30803980.0
2014-04-15,15.11,15.13,14.75,14.84,3380237.0,50524692.0
2014-04-16,14.88,14.99,14.63,14.67,3066770.0,45335920.0
2014-04-17,14.71,15.08,14.71,14.79,3076352.0,45898028.0
2014-04-18,14.75,15.05,14.72,14.98,2050526.0,30611188.0
2014-04-21,14.97,15.39,14.81,15.16,6280684.0,95707736.0
2014-04-22,15.08,15.25,14.51,14.83,3850029.0,57340284.0
2014-04-23,14.88,15.0,14.61,14.62,2128092.0,31442314.0
2014-04-24,14.65,14.68,14.15,14.21,3233932.0,46675312.0
2014-04-25,14.15,14.48,14.01,14.04,2468894.0,35127800.0
2014-04-28,14.01,14.04,13.03,13.1,2929044.0,38896140.0
2014-04-29,13.11,13.68,13.1,13.6,2819294.0,37760260.0
2014-04-30,13.6,13.75,13.44,13.56,1919096.0,26063182.0
2014-05-05,13.56,14.21,13.32,14.03,3257138.0,45163260.0
2014-05-06,13.9,14.49,13.85,14.37,4711240.0,67404448.0
2014-05-07,14.3,14.8,14.11,14.47,5255922.0,76021968.0
2014-05-08,14.47,14.75,14.14,14.15,3725069.0,53587356.0
2014-05-09,14.1,14.24,13.65,13.71,2903295.0,40240792.0
2014-05-12,13.79,14.11,13.79,14.03,2215708.0,30967278.0
2014-05-13,14.0,14.12,13.89,13.96,2014888.0,28197490.0
2014-05-14,13.96,14.1,13.82,14.07,2336937.0,32652660.0
2014-05-15,14.0,14.2,13.86,13.9,3212787.0,45154348.0
2014-05-16,13.86,13.86,13.33,13.48,2985189.0,40393716.0
2014-05-19,13.44,13.61,13.33,13.53,957910.0,12937574.0
2014-05-20,13.8,14.88,13.77,14.26,9993371.0,145815808.0
2014-05-21,13.97,14.34,13.83,14.24,5361411.0,75447400.0
2014-05-22,14.22,14.35,13.95,14.0,3892995.0,55117108.0
2014-05-23,14.09,14.28,14.0,14.28,2788473.0,39513364.0
2014-05-26,14.35,14.39,14.14,14.3,3382508.0,48178724.0
2014-05-27,14.3,14.37,14.06,14.08,2725714.0,38725196.0
2014-05-28,14.07,14.46,14.07,14.4,3881839.0,55482924.0
2014-05-29,14.31,14.46,14.15,14.17,3505158.0,50141416.0
2014-05-30,14.18,14.23,13.8,13.91,3281302.0,45793996.0
2014-06-03,13.9,14.05,13.8,13.82,1780481.0,24794168.0
2014-06-04,13.83,13.89,13.66,13.77,2017808.0,27738564.0
2014-06-05,13.78,13.96,13.73,13.94,1888583.0,26146250.0
2014-06-06,13.95,14.02,13.83,13.89,1653230.0,23029118.0
2014-06-09,13.88,13.89,13.6,13.63,1878756.0,25799648.0
2014-06-10,13.7,13.94,13.7,13.91,1989709.0,27581068.0
2014-06-11,13.89,13.94,13.71,13.85,2474853.0,34145712.0
2014-06-12,13.9,13.93,13.73,13.74,2556119.0,34802556.0
2014-06-13,13.76,14.03,13.7,13.96,3032679.0,41614708.0
2014-06-16,13.98,14.57,13.98,14.36,6021887.0,84921576.0
2014-06-17,14.3,14.35,14.05,14.09,3448061.0,48128996.0
2014-06-18,14.05,14.36,14.02,14.03,2971595.0,41462344.0
2014-06-19,14.0,14.27,13.7,13.77,4125360.0,56895540.0
2014-06-20,13.68,14.25,13.51,14.2,3319364.0,45887176.0
2014-06-23,14.2,14.81,14.2,14.69,9765286.0,140416992.0
2014-06-24,14.68,14.68,14.34,14.59,6152327.0,87889752.0
2014-06-25,14.54,15.17,14.48,15.02,11396015.0,167617280.0
2014-06-26,14.99,15.93,14.93,15.56,16084929.0,246285568.0
2014-06-27,15.46,15.72,15.22,15.47,9860532.0,150172528.0
2014-06-30,15.59,15.59,15.02,15.16,7170343.0,107720264.0
2014-07-01,15.19,15.36,15.07,15.23,4884124.0,73287680.0
2014-07-02,15.23,15.27,14.76,15.07,5267889.0,77840144.0
2014-07-03,15.08,15.16,14.88,14.92,3646366.0,53843152.0
2014-07-04,14.94,15.47,14.92,15.31,8343796.0,125687520.0
2014-07-07,15.25,15.28,14.93,14.99,4336277.0,64366052.0
2014-07-08,15.02,15.05,14.72,15.02,3641390.0,53516300.0
2014-07-09,14.95,15.02,14.59,14.59,4327728.0,63119116.0
2014-07-10,14.57,14.87,14.57,14.68,2630462.0,38198672.0
2014-07-11,14.56,14.82,14.56,14.69,2223412.0,32236598.0
2014-07-14,14.76,15.05,14.64,15.04,3668464.0,53932860.0
2014-07-15,15.02,15.09,14.78,14.9,2215271.0,32508882.0
2014-07-16,14.95,14.99,14.63,14.63,2071772.0,30172054.0
2014-07-17,14.51,14.62,14.34,14.48,2113658.0,30162398.0
2014-07-18,14.5,14.63,14.48,14.51,1323047.0,18969664.0
2014-07-21,14.49,14.5,14.11,14.2,1899404.0,26703482.0
2014-07-22,14.3,14.4,14.21,14.35,1475225.0,20843628.0
2014-07-23,14.35,14.43,13.97,14.09,2268310.0,31808188.0
2014-07-24,14.09,14.19,13.82,14.14,2083306.0,28770756.0
2014-07-25,14.07,14.36,14.05,14.35,1524664.0,21418218.0
2014-07-28,14.35,14.58,14.32,14.56,2942931.0,42013868.0
2014-07-29,14.57,14.62,14.47,14.55,2540096.0,36427156.0
2014-07-30,14.51,14.59,14.4,14.56,2456068.0,35061844.0
2014-07-31,14.55,14.62,14.47,14.61,2447367.0,35125580.0
2014-08-01,14.57,14.6,14.4,14.43,3447370.0,49203216.0
2014-08-04,14.44,14.67,14.44,14.64,3238773.0,46443988.0
2014-08-05,14.67,14.86,14.61,14.83,3839449.0,55903960.0
2014-08-06,14.82,14.92,14.66,14.91,4018763.0,58659248.0
2014-08-07,14.85,15.32,14.82,15.21,10243215.0,152399552.0
2014-08-08,15.21,15.32,15.03,15.21,8419818.0,126201712.0
2014-08-11,15.23,15.23,15.05,15.11,6052023.0,90302712.0
2014-08-12,15.11,15.17,14.89,14.99,4888633.0,72165592.0
2014-08-13,14.99,15.06,14.76,14.91,4513410.0,66209596.0
2014-08-14,14.88,14.99,14.81,14.87,3276732.0,48118180.0
2014-08-15,14.87,15.05,14.82,14.97,3439964.0,50599972.0
2014-08-18,15.02,15.15,14.93,15.14,5013142.0,74301304.0
2014-08-19,15.14,15.26,15.04,15.19,4417431.0,65972824.0
2014-08-20,15.13,15.72,15.12,15.29,7829125.0,118663840.0
2014-08-21,15.27,15.34,14.92,15.05,4380592.0,65221948.0
2014-08-22,15.01,15.29,14.97,15.21,4210955.0,62925348.0
2014-08-25,15.17,15.59,15.12,15.44,6980724.0,105733928.0
2014-08-26,15.47,15.62,15.0,15.04,5117574.0,77090952.0
2014-08-27,15.05,15.09,14.78,14.95,2514367.0,37071508.0
2014-08-28,14.97,15.02,14.72,14.79,2294248.0,33577980.0
2014-08-29,14.74,14.97,14.74,14.92,1560494.0,22881700.0
2014-09-01,14.92,15.14,14.91,15.1,2458101.0,36392636.0
2014-09-02,15.16,15.35,15.15,15.29,4645538.0,69815464.0
2014-09-03,15.33,15.41,15.16,15.33,5598419.0,84314392.0
2014-09-04,15.4,15.68,15.32,15.63,8409201.0,128797560.0
2014-09-05,15.66,15.8,15.46,15.55,5505476.0,84506264.0
2014-09-09,15.57,15.63,15.33,15.59,4575396.0,69769856.0
2014-09-10,15.53,15.91,15.4,15.82,7238264.0,111929120.0
2014-09-11,15.77,15.99,15.53,15.68,7824714.0,121802896.0
2014-09-12,15.7,16.08,15.51,16.02,7610949.0,118977080.0
2014-09-15,16.03,16.33,15.88,16.23,8800690.0,139681776.0
2014-09-16,16.44,16.44,15.55,15.59,7803438.0,122456800.0
2014-09-17,15.56,15.81,15.45,15.75,4460792.0,68738560.0
2014-09-18,15.71,15.81,15.53,15.67,3386572.0,52357836.0
2014-09-19,15.69,15.95,15.68,15.93,4293970.0,67015292.0
2014-09-22,16.24,16.24,15.64,15.67,3340524.0,52031588.0
2014-09-23,15.72,15.9,15.61,15.8,3232904.0,50180376.0
2014-09-24,15.8,15.97,15.66,15.91,4113762.0,64392260.0
2014-09-25,15.98,16.2,15.87,16.2,7526769.0,119134288.0
2014-09-26,16.12,16.51,16.05,16.16,8260457.0,132589736.0
2014-09-29,16.11,17.11,16.06,17.04,13770124.0,226810304.0
2014-09-30,16.92,17.76,16.79,17.43,16349947.0,278366272.0
2014-10-08,17.3,17.42,17.07,17.35,7049433.0,119723544.0
2014-10-09,17.35,17.37,16.86,17.04,6923162.0,116682120.0
2014-10-10,16.95,17.34,16.9,17.07,5035718.0,84952960.0
2014-10-13,17.07,17.07,16.66,16.94,4437418.0,73694584.0
2014-10-14,16.9,17.22,16.77,16.97,4068738.0,68257800.0
2014-10-15,17.02,17.04,16.52,16.92,3863257.0,63975508.0
2014-10-16,16.82,17.12,16.69,16.7,4124459.0,68857384.0
2014-10-17,16.63,17.5,16.44,17.3,9993326.0,168199040.0
2014-10-20,17.23,17.75,17.13,17.69,8678570.0,149898704.0
2014-10-21,17.58,17.76,17.33,17.39,5359729.0,92484184.0
2014-10-22,17.39,17.46,16.75,16.82,5397876.0,90504880.0
2014-10-23,16.66,16.66,15.78,15.88,6887163.0,109441656.0
2014-10-24,15.94,16.03,15.74,15.78,2979569.0,46718508.0
2014-10-27,15.88,16.27,15.72,16.14,3327359.0,52755748.0
2014-10-28,16.14,16.5,16.11,16.45,4036728.0,65030152.0
2014-10-29,16.48,16.61,16.3,16.45,4876697.0,79073872.0
2014-10-30,16.41,16.55,16.29,16.36,4247476.0,68689488.0
2014-10-31,16.36,16.46,16.1,16.34,4056278.0,64935032.0
2014-11-03,16.39,16.74,16.35,16.66,5341038.0,86753072.0
2014-11-04,16.67,16.69,16.3,16.33,3926957.0,63754728.0
2014-11-05,16.24,16.52,16.14,16.4,2912356.0,46963828.0
2014-11-06,16.37,17.15,16.34,16.92,6163447.0,101695016.0
2014-11-07,16.88,17.63,16.79,17.0,10270745.0,174284544.0
2014-11-10,17.13,17.25,16.71,17.17,6489220.0,108765440.0
2014-11-11,17.16,17.17,16.19,16.39,6160954.0,101286144.0
2014-11-12,16.16,17.2,16.16,17.19,7847769.0,130688720.0
2014-11-13,17.17,18.13,17.0,17.39,15655259.0,271526656.0
2014-11-14,17.15,17.28,16.46,16.65,7637145.0,126239696.0
2014-11-17,16.65,16.9,16.34,16.77,4678998.0,77244184.0
2014-11-18,16.65,16.92,16.6,16.76,2921212.0,48276236.0
2014-11-19,16.75,17.21,16.65,17.17,5652249.0,94887840.0
2014-11-20,17.05,17.37,16.98,17.05,4035576.0,68142560.0
2014-11-21,17.01,17.35,16.97,17.23,5110773.0,86740080.0
2014-11-24,17.37,17.54,17.13,17.37,6557356.0,112036544.0
2014-11-25,17.35,17.63,17.31,17.41,5679350.0,97571336.0
2014-11-26,17.45,17.45,16.97,17.22,5684846.0,96284416.0
2014-11-27,17.22,17.41,17.05,17.16,4789173.0,81332616.0
2014-11-28,17.16,17.54,17.09,17.52,8270047.0,141666480.0
2014-12-01,17.5,17.66,16.97,17.1,6494432.0,110223976.0
2014-12-02,17.0,17.42,16.82,17.17,5465141.0,92645952.0
2014-12-03,17.15,17.26,16.9,17.23,5923560.0,99511136.0
2014-12-04,17.28,17.46,17.16,17.37,7525618.0,128743376.0
2014-12-05,17.31,17.35,16.29,16.53,6962231.0,115040512.0
2014-12-08,16.51,16.62,16.24,16.35,4052601.0,65675644.0
2014-12-09,16.4,16.42,15.62,15.68,6234466.0,97964392.0
2014-12-10,15.68,16.1,15.61,16.06,3228046.0,50655016.0
2014-12-11,15.98,16.49,15.93,16.42,4060296.0,64664296.0
2014-12-12,16.42,16.42,16.25,16.36,2211634.0,35600272.0
2014-12-15,16.43,16.77,16.31,16.74,3325092.0,54150584.0
2014-12-16,16.66,16.77,16.41,16.47,2549979.0,41514036.0
2014-12-17,16.42,16.42,15.93,16.11,2765503.0,43941636.0
2014-12-18,16.07,16.3,15.83,16.14,1865955.0,29598804.0
2014-12-19,16.12,16.12,15.53,15.73,3258558.0,50499880.0
2014-12-22,15.45,15.47,14.71,14.98,3102694.0,45792968.0
2014-12-23,14.92,15.32,14.86,15.02,2013755.0,29928804.0
2014-12-24,15.07,15.4,15.04,15.4,1722927.0,25887626.0
2014-12-25,15.41,15.6,15.33,15.45,1418333.0,21581204.0
2014-12-26,15.42,15.46,15.23,15.34,1651097.0,24899924.0
2014-12-29,15.37,15.37,14.93,15.07,1611448.0,23873398.0
2014-12-30,15.02,15.1,14.65,14.78,1755158.0,25649526.0
2014-12-31,14.67,15.0,14.67,14.96,1396647.0,20487112.0
2015-01-05,14.93,15.16,14.87,15.12,1839666.0,27251818.0
2015-01-06,15.12,15.47,15.01,15.38,2261280.0,33985344.0
2015-01-07,15.37,15.37,15.13,15.23,1666413.0,24981036.0
2015-01-08,15.23,15.42,15.17,15.22,1844903.0,27834182.0
2015-01-09,15.13,15.32,14.95,14.95,1519215.0,22728612.0
2015-01-12,14.83,14.97,14.72,14.84,1148060.0,16778254.0
2015-01-13,14.84,15.16,14.82,15.13,1200236.0,17773466.0
2015-01-14,15.12,15.17,14.85,14.96,1101301.0,16259908.0
2015-01-15,15.03,15.15,14.91,15.02,1189709.0,17640982.0
2015-01-16,15.03,15.32,15.02,15.25,1603134.0,23991148.0
2015-01-19,15.19,15.49,14.92,15.05,2840829.0,42691640.0
2015-01-20,15.22,15.72,15.13,15.66,3376892.0,51418940.0
2015-01-21,15.64,15.85,15.53,15.8,3496703.0,54258372.0
2015-01-22,15.73,15.93,15.67,15.8,2279668.0,35446080.0
2015-01-23,16.03,16.03,15.54,15.59,2684571.0,41521712.0
2015-01-26,15.6,15.81,15.54,15.79,1843362.0,28529562.0
2015-01-27,15.74,15.91,15.55,15.84,2374164.0,36891064.0
2015-01-28,15.83,15.93,15.69,15.86,2261481.0,35282488.0
2015-01-29,15.8,15.8,15.46,15.5,3074197.0,47190584.0
2015-01-30,15.64,15.64,15.09,15.15,4182515.0,62868780.0
2015-02-02,15.0,15.0,14.77,14.92,3590706.0,52653860.0
2015-02-03,14.95,15.2,14.87,15.14,3599072.0,53307852.0
2015-02-04,15.18,15.2,14.97,14.98,1868336.0,27740822.0
2015-02-05,15.09,15.18,14.96,15.04,2359349.0,34994520.0
2015-02-06,15.02,15.1,14.71,14.76,2183249.0,31999712.0
2015-02-09,14.76,14.92,14.76,14.84,1219700.0,17860558.0
2015-02-10,14.85,15.05,14.84,15.03,1331877.0,19623364.0
2015-02-11,15.04,15.27,15.0,15.19,1909646.0,28514416.0
2015-02-12,15.17,15.36,15.11,15.21,1879546.0,28247848.0
2015-02-13,15.31,15.45,15.23,15.36,2371522.0,35936116.0
2015-02-16,15.38,15.53,15.32,15.48,2339187.0,35589724.0
2015-02-17,15.58,15.6,15.39,15.5,2147675.0,32768210.0
2015-02-25,15.57,15.58,15.33,15.35,2054820.0,31305636.0
2015-02-26,15.35,15.53,15.3,15.47,2600183.0,39535728.0
2015-02-27,15.48,15.57,15.42,15.52,2590386.0,39563240.0
2015-03-02,15.6,15.86,15.47,15.81,4738301.0,73102344.0
2015-03-03,15.8,15.8,15.55,15.56,4263777.0,65802268.0
2015-03-04,15.55,15.93,15.52,15.91,4496619.0,69694320.0
2015-03-05,15.95,16.0,15.74,15.93,4153196.0,64881428.0
2015-03-06,15.95,15.95,15.66,15.81,3540431.0,55019092.0
2015-03-09,15.81,16.16,15.65,16.11,4870507.0,76731952.0
2015-03-10,16.03,16.31,15.94,16.19,3869379.0,61782996.0
2015-03-11,16.08,16.23,16.04,16.21,3438716.0,54687136.0
2015-03-12,16.18,16.42,16.09,16.36,5975482.0,95750216.0
2015-03-13,16.46,16.59,16.26,16.46,5955692.0,96309872.0
2015-03-16,16.54,16.8,16.42,16.8,6334103.0,103902672.0
2015-03-17,16.87,16.91,16.54,16.84,9851823.0,162164752.0
2015-03-18,16.72,17.1,16.69,17.01,8501986.0,141338496.0
2015-03-19,16.92,17.08,16.82,17.05,11705260.0,195779968.0
2015-03-20,17.05,17.13,16.97,17.09,6152426.0,103374704.0
2015-03-23,17.09,17.45,17.01,17.32,8351748.0,141922544.0
2015-03-24,17.35,17.4,16.61,17.05,8333589.0,139852816.0
2015-03-25,17.0,17.25,16.69,17.2,8167339.0,137310064.0
2015-03-26,17.1,17.73,16.98,17.6,13373935.0,229500672.0
2015-03-27,17.5,17.71,17.3,17.5,7737624.0,133339904.0
2015-03-30,17.47,18.05,17.3,17.44,9291296.0,160467376.0
2015-03-31,17.42,17.61,17.28,17.36,6187189.0,106121160.0
2015-04-01,17.42,18.47,17.32,18.43,13326787.0,234191424.0
2015-04-02,18.43,19.89,18.23,19.16,21610472.0,405465568.0
2015-04-03,18.89,19.36,18.89,19.13,11560128.0,217311456.0
2015-04-07,19.17,19.38,19.03,19.28,7412812.0,140276320.0
2015-04-08,19.28,19.57,18.68,18.97,8766203.0,165110080.0
2015-04-09,18.96,18.98,17.87,18.59,9749799.0,176386448.0
2015-04-10,18.54,19.08,18.32,19.02,7465333.0,138793872.0
2015-04-13,19.0,19.76,18.78,19.51,10303818.0,195952896.0
2015-04-14,19.59,19.59,19.04,19.22,7178448.0,136574064.0
2015-04-15,19.09,19.13,18.43,18.47,7279486.0,134327792.0
2015-04-16,18.16,18.76,17.98,18.52,5959753.0,108420920.0
2015-04-17,18.63,18.73,18.47,18.53,5523344.0,101380304.0
2015-04-20,18.45,18.82,17.94,17.97,7866307.0,143154656.0
2015-04-21,18.01,18.73,17.98,18.63,6251816.0,112978560.0
2015-04-22,18.68,19.15,18.52,18.98,11676492.0,217695648.0
2015-04-23,19.02,19.57,18.79,19.27,9850446.0,185322464.0
2015-04-24,18.98,19.46,18.88,19.38,7694496.0,145031200.0
2015-04-27,19.46,19.75,19.09,19.49,13778594.0,263920800.0
2015-04-28,19.45,19.59,18.47,19.05,9467639.0,177726160.0
2015-04-29,18.86,20.15,18.69,20.05,17846696.0,344554176.0
2015-04-30,19.9,20.95,19.77,20.27,18345152.0,368548768.0
2015-05-04,19.97,20.7,19.84,20.0,13321681.0,265617760.0
2015-05-05,20.16,20.21,18.77,18.83,10244079.0,195848976.0
2015-05-06,19.07,19.64,18.84,19.26,12236782.0,233719856.0
2015-05-07,19.28,19.77,19.24,19.44,7229334.0,139056928.0
2015-05-08,19.79,21.39,19.44,21.3,15148208.0,304560352.0
2015-05-11,21.41,22.02,20.98,21.8,12641297.0,269642144.0
2015-05-12,21.64,21.87,21.13,21.52,8622158.0,182553520.0
2015-05-13,21.5,21.9,21.15,21.64,9129710.0,193519952.0
2015-05-14,21.66,22.53,21.27,22.3,8888594.0,192212352.0
2015-05-15,22.02,22.28,20.88,21.24,8362704.0,177110080.0
2015-05-18,21.1,22.1,20.88,21.66,7894354.0,168064624.0
2015-05-19,21.66,22.15,21.52,22.08,7432288.0,159898928.0
2015-05-20,22.12,23.04,21.92,21.97,9571473.0,212303664.0
2015-05-21,21.97,22.79,21.72,22.79,10581838.0,231290976.0
2015-05-22,22.85,23.87,22.48,23.64,15792675.0,360593760.0
2015-05-25,23.34,24.74,23.13,24.05,19613872.0,466013504.0
2015-05-26,24.07,24.53,23.46,24.41,15312116.0,362964960.0
2015-05-27,24.63,26.84,23.78,26.03,17493978.0,434238432.0
2015-05-28,26.08,27.97,24.0,24.0,18965896.0,495373568.0
2015-05-29,24.29,24.73,22.58,23.66,12632970.0,293453344.0
2015-06-01,23.72,25.02,23.68,24.78,10284278.0,244793040.0
2015-06-02,24.95,26.16,24.75,26.13,12889907.0,321586720.0
2015-06-03,25.77,26.86,24.62,26.22,12468772.0,315973120.0
2015-06-04,26.23,26.51,23.7,25.62,11512546.0,284462080.0
2015-06-05,25.9,26.34,24.82,25.51,11770617.0,294984000.0
2015-06-08,25.52,25.55,24.5,24.64,10481277.0,253394864.0
2015-06-09,24.61,25.12,24.32,24.71,7093580.0,171245952.0
2015-06-10,24.65,25.53,23.94,25.37,8459017.0,206960480.0
2015-06-11,25.3,26.13,25.13,25.9,10765306.0,270001088.0
2015-06-12,25.9,26.96,25.71,26.53,11967127.0,305954400.0
2015-06-15,26.45,26.46,25.29,25.45,10141493.0,256504592.0
2015-06-16,25.03,25.33,23.4,23.78,8785854.0,208508048.0
2015-06-17,23.91,24.62,23.3,24.5,7479184.0,175039936.0
2015-06-18,24.65,24.95,23.44,23.59,6692519.0,159432976.0
2015-06-19,22.8,23.18,21.23,21.23,8789572.0,189831104.0
2015-06-23,21.24,21.59,19.55,21.54,6735803.0,137711616.0
2015-06-24,21.74,22.09,21.41,21.96,6433778.0,136951024.0
2015-06-25,21.98,22.04,20.11,20.54,6583191.0,137733744.0
2015-06-26,19.98,20.11,18.48,18.52,9028981.0,167912576.0
2015-06-29,19.08,19.23,16.83,17.53,9049281.0,160877120.0
2015-06-30,17.53,19.28,17.04,19.28,11021273.0,197091280.0
2015-07-01,19.4,20.08,18.14,18.41,9981324.0,189976080.0
2015-07-02,17.44,19.07,17.44,17.82,7440218.0,131289664.0
2015-07-03,17.43,18.52,16.08,16.72,8542596.0,142761664.0
2015-07-06,18.39,18.39,15.52,17.09,9686183.0,159832848.0
2015-07-07,16.27,16.62,15.38,15.38,5290688.0,81264456.0
2015-07-08,13.84,15.88,13.84,15.47,20011272.0,284174624.0
2015-07-09,15.47,17.02,15.47,17.02,7531732.0,121241176.0
2015-07-10,17.44,18.72,17.43,18.72,10172765.0,182892576.0
2015-07-13,19.0,20.44,18.54,20.37,18084784.0,346463040.0
2015-07-14,19.59,20.31,18.47,18.69,14563044.0,275890944.0
2015-07-15,18.28,18.29,16.82,16.82,9385345.0,159427824.0
2015-07-16,16.82,18.18,16.82,17.7,8620319.0,147448928.0
2015-07-17,17.76,19.02,17.76,18.74,7169760.0,127845240.0
2015-07-20,18.67,18.94,18.07,18.41,7138504.0,128795648.0
2015-07-21,18.09,18.75,17.86,18.5,5238753.0,93762968.0
2015-07-22,18.45,18.59,17.9,18.33,5030866.0,89762848.0
2015-07-23,18.32,19.27,18.26,19.18,8700100.0,159962384.0
2015-07-24,19.1,19.34,17.96,18.16,8400475.0,154532208.0
2015-07-27,17.52,18.03,16.34,16.34,6676926.0,112616184.0
2015-07-28,15.91,17.28,15.13,17.13,9452117.0,151054320.0
2015-07-29,17.32,18.11,16.78,18.08,5495642.0,92814568.0
2015-07-30,17.85,18.15,16.83,16.97,5089162.0,88129208.0
2015-07-31,16.62,17.34,16.62,17.13,3760696.0,62034700.0
2015-08-03,16.82,17.65,16.62,17.53,3729503.0,61867748.0
2015-08-04,17.6,18.52,17.44,18.5,5347290.0,93876704.0
2015-08-05,18.26,18.67,17.8,17.86,4846723.0,86020920.0
2015-08-06,17.44,18.04,17.24,17.88,2330972.0,40311900.0
2015-08-07,18.04,18.47,17.95,18.32,3631394.0,64689664.0
2015-08-10,18.55,19.41,18.26,19.26,6624096.0,122046360.0
2015-08-11,19.16,20.5,18.72,19.82,10422036.0,199913488.0
2015-08-12,20.19,21.02,19.7,19.75,11484663.0,228144160.0
2015-08-13,19.34,20.82,19.28,20.31,8120430.0,160910912.0
2015-08-14,20.21,20.45,19.6,19.8,6774840.0,131924600.0
2015-08-17,19.76,20.04,19.55,19.88,4478777.0,86412736.0
2015-08-18,19.95,20.15,17.89,17.89,6412599.0,119088624.0
2015-08-19,17.45,18.52,16.49,18.46,5567023.0,94912912.0
2015-08-20,18.4,19.18,18.01,18.16,6404290.0,116890848.0
2015-08-21,17.7,18.04,16.41,16.82,4703147.0,78818808.0
2015-08-24,15.81,16.21,15.14,15.14,4083840.0,61318872.0
2015-08-25,13.9,14.72,13.62,13.62,4592236.0,62781352.0
2015-08-26,13.94,14.72,13.34,13.85,5922389.0,80906696.0
2015-08-27,14.16,14.97,14.0,14.73,4511115.0,63431244.0
2015-08-28,15.04,15.78,14.57,15.57,5921925.0,86743816.0
2015-08-31,15.39,15.4,14.57,15.08,4409903.0,64858188.0
2015-09-01,14.98,14.98,13.85,13.95,3169737.0,44644264.0
2015-09-02,13.37,14.81,13.25,14.81,4879523.0,68269568.0
2015-09-07,14.88,15.52,14.78,14.83,3396771.0,50152700.0
2015-09-08,14.87,15.59,14.58,15.56,3892210.0,57334620.0
2015-09-09,15.69,16.06,15.34,15.92,5863077.0,90295920.0
2015-09-10,15.64,15.84,15.3,15.39,2684979.0,40761480.0
2015-09-11,15.29,15.57,15.14,15.38,1844205.0,27642390.0
2015-09-14,15.42,15.52,13.84,13.84,3334193.0,46961516.0
2015-09-15,13.54,14.25,13.44,13.52,2829687.0,38065868.0
2015-09-16,13.8,14.87,13.6,14.72,3213330.0,44594276.0
2015-09-17,14.71,14.99,14.26,14.31,3742686.0,53570456.0
2015-09-18,14.37,14.57,14.1,14.38,2205414.0,30745514.0
2015-09-21,14.13,14.86,14.07,14.79,2617250.0,37200368.0
2015-09-22,14.79,14.96,14.57,14.82,3230730.0,46588688.0
2015-09-23,14.54,14.65,14.37,14.47,2211849.0,31297248.0
2015-09-24,14.52,14.81,14.52,14.77,2544591.0,36457724.0
2015-09-25,14.65,14.81,14.1,14.18,2184802.0,30647586.0
2015-09-28,14.31,14.63,13.99,14.56,1649316.0,23024526.0
2015-09-29,14.34,14.37,14.16,14.27,1342905.0,18683222.0
2015-09-30,14.3,14.82,14.28,14.4,1141418.0,16054264.0
2015-10-08,14.82,15.13,14.72,14.96,3122020.0,45496880.0
2015-10-09,14.94,15.35,14.87,15.19,4030010.0,59238164.0
2015-10-12,15.23,16.0,15.13,15.9,5820850.0,88740808.0
2015-10-13,15.75,15.88,15.54,15.8,4391253.0,67338264.0
2015-10-14,15.74,15.85,15.44,15.48,3758236.0,57471964.0
2015-10-15,15.54,16.04,15.44,15.98,4367230.0,67466800.0
2015-10-16,16.16,16.27,15.76,16.11,4662852.0,72667896.0
2015-10-19,16.11,16.39,15.88,16.11,4276233.0,67314784.0
2015-10-20,16.12,16.6,15.93,16.57,4686429.0,74539544.0
2015-10-21,16.47,16.64,15.25,15.32,5847715.0,91221208.0
2015-10-22,15.3,15.98,15.3,15.95,3303355.0,50535776.0
2015-10-23,15.94,17.55,15.94,17.55,9158717.0,151851744.0
2015-10-26,17.82,18.8,17.61,18.2,9670110.0,170289296.0
2015-10-27,18.14,18.2,17.25,18.01,5476954.0,95015096.0
2015-10-28,17.78,18.03,17.35,17.49,3806655.0,65730840.0
2015-10-29,17.63,17.98,17.42,17.97,3837625.0,66550772.0
2015-10-30,18.87,18.87,18.0,18.0,5773532.0,103795200.0
2015-11-02,17.44,19.75,17.36,19.28,8359624.0,154180928.0
2015-11-03,19.13,19.77,18.89,19.08,4877854.0,91585688.0
2015-11-04,19.08,19.99,19.08,19.98,6282730.0,120432184.0
2015-11-05,19.96,20.31,19.26,19.42,8129675.0,155459488.0
2015-11-06,19.49,19.89,19.42,19.79,6060759.0,116248064.0
2015-11-09,19.49,19.96,19.13,19.87,7669039.0,146630800.0
2015-11-10,19.65,20.11,19.49,19.7,5360614.0,103598216.0
2015-11-11,19.57,20.35,19.45,20.33,6374653.0,123956968.0
2015-11-12,20.65,21.49,20.29,20.57,9324252.0,189507744.0
2015-11-13,20.52,20.7,19.49,19.59,6576156.0,128553256.0
2015-11-16,18.98,20.0,18.88,20.0,5780616.0,109085304.0
2015-11-17,20.09,21.23,19.67,19.85,9585556.0,191447616.0
2015-11-18,19.71,20.07,19.17,19.26,5717367.0,108953792.0
2015-11-19,19.3,19.82,19.3,19.82,4214523.0,80634912.0
2015-11-20,19.97,20.09,19.42,19.65,7338935.0,140700992.0
2015-11-23,19.7,20.46,19.54,19.86,7363564.0,143639280.0
2015-11-24,19.88,20.81,19.67,20.7,7368064.0,145274496.0
2015-11-25,20.58,20.87,20.41,20.77,6500645.0,130906048.0
2015-11-26,20.87,21.02,20.11,20.19,6815292.0,136277600.0
2015-11-27,20.08,20.41,18.98,19.44,6531048.0,125619440.0
2015-11-30,19.28,19.7,18.43,19.59,4753306.0,88991800.0
2015-12-01,19.46,19.84,19.09,19.36,3842923.0,73180184.0
2015-12-02,19.38,19.45,18.47,19.16,3913953.0,72902336.0
2015-12-03,19.28,19.75,19.21,19.74,3338142.0,63683512.0
2015-12-04,19.8,20.72,19.54,20.34,7744354.0,153653872.0
2015-12-07,20.72,21.37,20.62,20.68,8531647.0,173907008.0
2015-12-08,20.43,20.87,20.11,20.78,5892826.0,117464392.0
2015-12-09,20.6,20.93,20.4,20.46,4807032.0,97090896.0
2015-12-10,20.29,20.85,20.02,20.5,5185981.0,103584000.0
2015-12-11,20.31,22.05,20.22,21.7,11713713.0,243306784.0
2015-12-14,21.52,21.9,20.99,21.74,8646130.0,180487360.0
2015-12-15,21.75,22.14,21.35,21.55,6568234.0,138544768.0
2015-12-16,21.64,23.02,21.46,22.67,11163130.0,239760960.0
2015-12-17,22.5,23.02,22.4,22.72,10404056.0,229615504.0
2015-12-18,22.72,23.1,22.22,22.36,8898569.0,195752096.0
2015-12-21,22.02,22.96,21.79,22.52,8057996.0,174816768.0
2015-12-22,22.45,22.67,21.96,22.18,5568626.0,120669432.0
2015-12-23,22.26,22.67,22.03,22.16,5766271.0,125251496.0
2015-12-24,21.95,22.04,21.26,21.83,6041520.0,127345352.0
2015-12-25,21.9,22.12,21.7,22.02,3385504.0,72402976.0
2015-12-28,22.16,22.31,21.33,21.38,4870156.0,103860088.0
2015-12-29,21.36,21.78,21.26,21.74,2971853.0,62460592.0
2015-12-30,21.61,22.44,21.61,22.32,5206108.0,112634816.0
2015-12-31,22.36,22.46,21.45,21.45,4449175.0,94827160.0
2016-01-04,21.26,21.49,19.32,19.35,4276335.0,85541288.0
2016-01-05,18.57,19.8,18.45,19.17,4831578.0,90182136.0
2016-01-06,19.24,19.79,19.17,19.7,3369713.0,64078412.0
2016-01-07,19.49,19.68,17.76,17.86,1081850.0,19944588.0
2016-01-08,18.41,18.91,17.41,18.65,6193958.0,111221728.0
2016-01-11,18.17,19.34,17.95,18.36,6606920.0,119982240.0
2016-01-12,18.42,19.18,18.0,19.1,6248980.0,114459032.0
2016-01-13,19.1,19.16,17.54,17.69,5050970.0,91245152.0
2016-01-14,16.93,18.46,16.54,18.27,4176057.0,71839472.0
2016-01-15,18.14,19.1,17.97,18.18,5544429.0,100629448.0
2016-01-18,17.62,18.79,17.46,18.46,3203894.0,57277176.0
2016-01-19,18.46,19.02,18.24,18.93,3448742.0,62994212.0
2016-01-20,18.85,19.07,18.27,18.59,3762012.0,68583240.0
2016-01-21,18.41,18.72,17.86,17.86,3280781.0,58373656.0
2016-01-22,18.05,18.24,17.34,17.81,2666678.0,46078216.0
2016-01-25,18.0,18.21,17.69,17.85,1728490.0,30208554.0
2016-01-26,17.54,17.68,16.36,16.62,3135313.0,52185484.0
2016-01-27,17.02,17.02,16.0,16.6,2800261.0,44985304.0
2016-01-28,16.47,16.78,15.78,16.21,2254485.0,35878628.0
2016-01-29,16.0,16.97,16.0,16.66,2771429.0,44861648.0
2016-02-01,16.66,16.88,16.23,16.45,1694930.0,27431160.0
2016-02-02,16.41,16.99,16.34,16.95,2856361.0,46824440.0
2016-02-03,16.72,16.89,16.46,16.81,1670393.0,27119134.0
2016-02-04,16.82,17.18,16.82,17.07,2147440.0,35692712.0
2016-02-05,17.01,17.21,16.85,17.06,1976103.0,32850898.0
2016-02-15,16.22,16.79,16.17,16.65,1764229.0,28479836.0
2016-02-16,16.72,17.47,16.72,17.3,3295232.0,55126744.0
2016-02-17,17.29,17.42,17.01,17.34,2588846.0,43581984.0
2016-02-18,17.42,17.62,17.25,17.32,2643546.0,45039408.0
2016-02-19,17.32,17.48,17.21,17.42,1918284.0,32471392.0
2016-02-22,17.62,18.11,17.46,17.95,2736631.0,47580348.0
2016-02-23,17.87,18.01,17.44,17.71,2176619.0,37539392.0
2016-02-24,17.56,17.77,17.36,17.73,1915460.0,32819156.0
2016-02-25,17.61,17.66,15.96,15.97,3579150.0,58375092.0
2016-02-26,16.29,16.48,15.95,16.39,2014997.0,31895482.0
2016-02-29,16.41,16.41,14.99,15.26,2827380.0,42475356.0
2016-03-01,15.4,15.78,15.13,15.66,1820429.0,27452848.0
2016-03-02,15.84,16.4,15.65,16.38,2261955.0,35518864.0
2016-03-03,16.38,16.62,16.21,16.23,2483961.0,39774976.0
2016-03-04,16.22,16.46,15.66,15.8,2015400.0,31564972.0
2016-03-07,15.84,16.3,15.84,16.14,1620557.0,25529692.0
2016-03-08,16.2,16.62,15.55,16.57,2941568.0,46190676.0
2016-03-09,16.21,16.45,16.01,16.14,1712867.0,27148844.0
2016-03-10,16.06,16.35,15.81,15.85,1369433.0,21500328.0
2016-03-11,15.85,15.97,15.69,15.92,902512.0,13934371.0
2016-03-14,16.09,16.63,16.06,16.47,2493885.0,40112712.0
2016-03-15,16.41,17.13,16.36,16.76,2487786.0,40666460.0
2016-03-16,16.64,16.98,16.31,16.32,1969175.0,31900500.0
2016-03-17,16.6,17.28,16.58,17.18,3812456.0,63212856.0
2016-03-18,17.49,18.66,17.49,18.32,7555126.0,133838336.0
2016-03-21,18.71,18.91,18.25,18.55,5251222.0,94879800.0
2016-03-22,18.45,18.52,18.05,18.31,4030362.0,71795160.0
2016-03-23,18.16,18.77,18.11,18.68,4013072.0,72416704.0
2016-03-24,18.46,18.55,18.16,18.18,3408035.0,60869348.0
2016-03-25,18.0,18.67,17.95,18.66,3370755.0,60569048.0
2016-03-28,18.89,18.96,18.16,18.33,3351481.0,60799396.0
2016-03-29,18.66,18.94,18.38,18.8,4787519.0,87119656.0
2016-03-30,18.93,19.35,18.52,19.28,5572495.0,102588464.0
2016-03-31,19.18,19.3,18.94,19.02,3968166.0,73727040.0
2016-04-01,18.88,19.01,18.39,18.59,3167734.0,57480740.0
2016-04-05,18.86,19.18,18.54,19.09,4119931.0,75880144.0
2016-04-06,19.05,19.3,18.89,19.13,2921873.0,54427472.0
2016-04-07,19.16,19.43,18.79,18.91,4297273.0,80006352.0
2016-04-08,18.52,18.77,18.18,18.46,2798191.0,50515652.0
2016-04-11,18.74,19.1,18.65,18.91,3090124.0,56915424.0
2016-04-12,18.93,19.83,18.91,19.75,7762177.0,147447920.0
2016-04-13,19.7,20.5,19.52,20.24,7098554.0,138723568.0
2016-04-14,20.25,20.26,19.82,20.04,4237594.0,82540200.0
2016-04-15,20.31,21.01,20.31,20.6,6158178.0,123790512.0
2016-04-18,20.41,21.07,20.19,20.87,5537322.0,111246320.0
2016-04-19,20.87,22.03,20.82,21.61,7727955.0,163161744.0
2016-04-20,21.61,21.95,19.57,20.13,8068560.0,161669824.0
2016-04-21,19.88,21.4,19.87,20.28,7103689.0,143935728.0
2016-04-22,19.9,21.59,19.7,21.33,6748305.0,137461408.0
2016-04-25,21.4,22.36,20.94,21.84,8272205.0,175732064.0
2016-04-26,21.13,21.3,20.07,20.56,9681063.0,194212176.0
2016-04-27,20.48,20.84,20.24,20.39,3839042.0,76865168.0
2016-04-28,20.39,20.52,19.14,19.8,4589848.0,88621584.0
2016-04-29,19.75,19.9,19.54,19.75,2256357.0,43411088.0
2016-05-03,19.9,20.89,19.76,20.64,3815722.0,76149848.0
2016-05-04,20.48,21.21,20.41,20.99,4153345.0,84319352.0
2016-05-05,20.87,21.03,20.64,20.96,2300209.0,46677248.0
2016-05-06,21.01,21.1,19.85,19.9,3522256.0,69779944.0
2016-05-09,19.48,19.68,18.21,18.37,5137960.0,93796392.0
2016-05-10,18.36,18.98,18.26,18.73,4561212.0,82883576.0
2016-05-11,18.88,20.05,18.36,19.54,6385033.0,119768455.0
2016-05-12,19.05,20.05,18.68,19.7,4171412.0,79207946.0
2016-05-13,19.5,20.04,19.2,19.48,3185400.0,60905983.0
2016-05-16,19.34,19.94,19.19,19.94,2312686.0,44473975.0
2016-05-17,19.95,20.42,19.86,20.01,3639556.0,71456163.0
2016-05-18,19.98,19.98,18.8,19.1,2752400.0,51762640.0
2016-05-19,19.25,19.77,18.94,19.23,1822402.0,34476032.0
2016-05-20,18.93,19.36,18.93,19.3,1726957.0,32255190.0
2016-05-23,19.32,19.9,19.28,19.68,2715449.0,51970103.0
2016-05-24,19.78,19.78,19.46,19.57,1893755.0,36228874.0
2016-05-25,19.77,20.0,19.49,19.67,2464462.0,47484929.0
2016-05-26,19.59,19.94,19.23,19.87,2155092.0,41162642.0
2016-05-27,19.84,20.45,19.75,20.45,3890814.0,76933169.0
2016-05-30,20.37,20.84,20.09,20.44,3947459.0,79235020.0
2016-05-31,20.56,20.92,20.1,20.91,8350755.0,127308403.0
2016-06-01,20.83,21.37,20.5,20.63,7004539.0,107987955.0
2016-06-02,20.46,20.67,20.3,20.44,5619276.0,84866777.0
2016-06-03,20.44,21.06,20.44,20.8,5806004.0,89350589.0
2016-06-06,20.69,21.21,20.42,21.21,7499977.0,115386903.0
2016-06-07,21.21,21.23,20.77,20.94,3751114.0,58105391.0
2016-06-08,20.98,21.41,20.77,21.38,6400816.0,100325060.0
2016-06-13,21.17,21.37,20.14,20.23,5346437.0,82743424.0
2016-06-14,19.92,20.77,19.86,20.75,5037946.0,76092067.0
2016-06-15,20.46,21.72,20.34,21.64,8153644.0,128376631.0
2016-06-16,21.52,21.76,21.25,21.41,5818796.0,92473430.0
2016-06-17,21.44,21.8,21.32,21.63,4037299.0,64255424.0
2016-06-20,21.72,21.93,21.11,21.34,5085768.0,80453814.0
2016-06-21,21.51,21.79,21.26,21.49,6537904.0,103885600.0
2016-06-22,21.53,21.71,21.25,21.68,4587640.0,73064024.0
2016-06-23,21.67,21.68,20.94,21.05,4003035.0,62742691.0
2016-06-24,21.13,21.23,20.25,20.61,4603216.0,70302652.0
2016-06-27,20.61,21.38,20.61,21.33,4160818.0,64792768.0
2016-06-28,21.32,21.38,20.94,21.3,2795372.0,43782320.0
2016-06-29,21.43,21.63,21.19,21.28,2912309.0,45916359.0
2016-06-30,21.32,21.46,20.95,21.14,2656242.0,41639328.0
2016-07-01,21.0,21.79,21.0,21.79,6407359.0,101935922.0
2016-07-04,21.79,22.45,21.67,22.11,7155326.0,117148949.0
2016-07-05,22.18,22.22,21.72,21.95,6610034.0,106976178.0
2016-07-06,21.98,22.55,21.89,22.33,6433240.0,105869801.0
2016-07-07,22.34,22.48,21.78,22.13,4873536.0,79549930.0
2016-07-08,21.98,22.26,21.86,21.9,3517841.0,57299198.0
2016-07-11,22.01,22.82,22.01,22.47,7818050.0,129518253.0
2016-07-12,22.67,24.02,22.4,23.77,10842044.0,185284286.0
2016-07-13,23.55,23.85,23.27,23.35,5778687.0,100143524.0
2016-07-14,23.36,23.66,23.27,23.43,3074596.0,53095999.0
2016-07-15,23.55,23.86,23.32,23.44,3172778.0,55177292.0
2016-07-18,23.41,23.41,22.83,22.95,3463441.0,58951935.0
2016-07-19,22.87,23.01,22.48,22.87,2587754.0,43523002.0
2016-07-20,22.94,23.12,22.62,22.85,2741390.0,46370856.0
2016-07-21,22.86,23.05,22.59,22.93,3485713.0,58781481.0
2016-07-22,22.9,22.9,22.4,22.44,2990095.0,49908503.0
2016-07-25,22.28,23.25,22.28,23.05,4559945.0,77456395.0
2016-07-26,23.13,23.79,22.87,23.7,5801487.0,100282220.0
2016-07-27,23.7,23.75,22.44,22.57,5239988.0,89008560.0
2016-07-28,22.48,23.23,22.22,23.01,4973915.0,83863543.0
2016-07-29,22.85,23.12,21.79,21.79,4838860.0,80471464.0
2016-08-01,21.66,21.79,20.99,21.18,3535725.0,55677476.0
2016-08-02,21.13,21.52,21.13,21.38,1723547.0,27186020.0
2016-08-03,21.4,21.41,20.86,20.95,4082452.0,63684849.0
2016-08-04,21.0,21.03,20.27,20.99,6951514.0,105867893.0
2016-08-05,20.84,21.11,20.75,20.94,3224426.0,49874980.0
2016-08-08,20.99,21.14,20.64,21.06,2841716.0,43814988.0
2016-08-09,21.07,21.51,21.07,21.41,3334373.0,52568043.0
2016-08-10,21.41,21.93,21.4,21.41,2942211.0,47100176.0
2016-08-11,21.4,21.61,20.76,20.77,2871710.0,44582949.0
2016-08-12,20.73,21.09,20.73,21.07,2131956.0,32941810.0
2016-08-15,21.05,21.89,21.05,21.84,3775540.0,59952990.0
2016-08-16,21.79,23.04,21.7,22.52,7906006.0,131273880.0
2016-08-17,22.49,22.57,22.18,22.32,3066436.0,50598722.0
2016-08-18,22.33,22.8,21.99,22.1,3826625.0,62762784.0
2016-08-19,22.63,22.67,21.86,21.93,4036477.0,65798639.0
2016-08-22,22.05,22.54,21.94,22.29,4270511.0,70419416.0
2016-08-23,22.33,22.68,22.05,22.17,2910432.0,48061569.0
2016-08-24,22.29,22.37,21.93,21.98,2208058.0,36056338.0
2016-08-25,22.03,22.13,21.6,22.01,2215466.0,35778039.0
2016-08-26,21.99,22.26,21.94,22.11,2597105.0,42445084.0
2016-08-29,22.1,22.4,22.02,22.2,2955100.0,48606780.0
2016-08-30,22.25,22.33,22.01,22.11,2567816.0,42039459.0
2016-08-31,22.2,22.66,21.95,22.6,4188543.0,69307101.0
2016-09-01,22.52,22.67,22.34,22.43,2077587.0,34504280.0
2016-09-02,22.33,22.51,21.93,22.13,2670716.0,43648837.0
2016-09-05,22.13,22.32,21.89,21.89,2887213.0,47131999.0
2016-09-06,21.86,22.11,21.26,22.11,3170849.0,50992437.0
2016-09-07,22.16,22.24,21.99,22.07,2191779.0,35804517.0
2016-09-08,22.06,22.2,21.79,21.95,2069491.0,33584745.0
2016-09-09,21.95,22.05,21.79,21.84,1711060.0,27686070.0
2016-09-12,21.28,21.6,21.06,21.2,2141707.0,33759710.0
2016-09-13,21.44,21.44,20.83,21.26,1893563.0,29536045.0
2016-09-14,21.32,21.38,20.9,21.22,1681008.0,26235211.0
2016-09-19,21.2,21.57,21.18,21.34,2364067.0,37352378.0
2016-09-20,21.45,21.46,20.91,20.98,2840881.0,44315376.0
2016-09-21,21.06,21.51,20.72,21.28,2461102.0,38716698.0
2016-09-22,21.33,21.76,21.29,21.43,3031044.0,48223548.0
2016-09-23,21.34,21.51,21.21,21.23,1719769.0,27055136.0
2016-09-26,21.06,21.43,21.0,21.02,1547757.0,24287035.0
2016-09-27,20.94,21.48,20.94,21.46,2542834.0,39944649.0
2016-09-28,21.32,21.72,21.32,21.7,2067030.0,32985536.0
2016-09-29,21.66,21.75,21.52,21.64,1494995.0,23913330.0
2016-09-30,21.6,22.01,21.6,21.93,1967515.0,31865136.0
2016-10-10,22.14,22.39,22.13,22.28,2967432.0,48831215.0
2016-10-11,22.28,22.54,22.1,22.48,2838927.0,46890067.0
2016-10-12,22.37,22.7,22.32,22.41,1998956.0,33231279.0
2016-10-13,22.47,22.74,22.34,22.36,1630540.0,27121125.0
2016-10-14,22.33,22.87,22.14,22.74,2730283.0,45289792.0
2016-10-17,22.85,23.18,22.54,22.7,3045582.0,51425704.0
2016-10-18,22.7,23.55,22.7,23.43,4649713.0,79833090.0
2016-10-19,23.43,23.55,23.09,23.29,2656577.0,45765074.0
2016-10-20,23.18,23.75,23.12,23.21,2954944.0,51142419.0
2016-10-21,23.23,23.39,22.83,23.33,2848928.0,48637146.0
2016-10-24,23.47,23.62,23.08,23.13,2003765.0,34453502.0
2016-10-25,23.7,24.35,23.36,23.47,6782238.0,119714709.0
2016-10-26,23.31,24.36,23.29,24.31,7424447.0,131189464.0
2016-10-27,24.16,24.23,23.75,23.9,3794211.0,67123723.0
2016-10-28,23.91,24.16,23.63,24.01,3417777.0,60330690.0
2016-10-31,23.86,23.93,23.39,23.45,3504313.0,61031913.0
2016-11-01,23.4,23.74,23.18,23.51,3147779.0,54483318.0
2016-11-02,23.35,23.62,23.25,23.29,2593237.0,44937743.0
2016-11-03,23.08,23.5,23.08,23.17,2939438.0,50584614.0
2016-11-04,23.2,24.08,23.18,23.85,5032488.0,88375089.0
2016-11-07,23.85,24.11,23.5,23.82,2879596.0,50614074.0
2016-11-08,23.81,24.23,23.78,24.02,3213543.0,56964610.0
2016-11-09,24.01,24.34,23.48,23.79,3428890.0,60644144.0
2016-11-10,23.85,24.59,23.85,24.48,5268598.0,94853806.0
2016-11-11,24.47,24.75,24.25,24.58,3824232.0,69365668.0
2016-11-14,24.48,24.77,23.71,23.93,4988953.0,89041635.0
2016-11-15,23.93,24.42,23.82,24.42,3883916.0,69459179.0
2016-11-16,24.51,24.51,24.08,24.17,2593306.0,46368146.0
2016-11-17,24.24,24.31,23.96,24.13,1943436.0,34622482.0
2016-11-18,24.04,24.42,23.82,23.98,3012596.0,53662622.0
2016-11-21,24.06,24.77,24.06,24.77,4814384.0,87158542.0
2016-11-22,24.75,25.3,24.57,25.2,4687319.0,86341261.0
2016-11-23,25.44,25.44,24.61,24.74,2901744.0,53447640.0
2016-11-24,24.7,25.17,24.5,24.65,2918226.0,53502671.0
2016-11-25,24.51,24.65,24.09,24.61,2582414.0,46405903.0
2016-11-28,24.54,24.7,24.09,24.28,2936590.0,52913021.0
2016-11-29,24.29,25.01,24.24,24.77,4451156.0,81419908.0
2016-11-30,24.86,24.86,24.47,24.78,2894064.0,52754891.0
2016-12-01,24.88,24.97,24.47,24.75,2669659.0,48663177.0
2016-12-02,24.9,24.96,23.68,23.7,3060921.0,54948721.0
2016-12-05,23.33,24.06,23.33,23.67,2470814.0,43400529.0
2016-12-06,23.67,24.01,23.37,23.79,1571987.0,27484223.0
2016-12-07,23.75,23.78,23.4,23.6,1964716.0,34212898.0
2016-12-08,23.73,24.04,23.14,23.79,4105603.0,71452725.0
2016-12-09,23.82,24.13,23.62,23.83,4356140.0,77104525.0
2016-12-12,23.75,23.79,22.62,22.62,4717009.0,80099579.0
2016-12-13,22.6,22.98,22.47,22.74,1821348.0,30619866.0
2016-12-14,22.91,22.91,22.44,22.52,1775504.0,29671265.0
2016-12-15,22.56,22.98,22.36,22.59,2145949.0,36010030.0
2016-12-16,22.67,22.93,22.2,22.83,2290511.0,38179835.0
2016-12-19,22.82,22.85,22.59,22.83,1389092.0,23297611.0
2016-12-20,22.83,22.94,22.29,22.4,2725047.0,45205051.0
2016-12-21,22.44,22.8,22.44,22.7,3260673.0,54553828.0
2016-12-22,22.7,22.78,22.4,22.49,1842994.0,30635691.0
2016-12-23,22.77,22.77,22.18,22.34,1972010.0,32592946.0
2016-12-26,22.37,22.78,22.01,22.78,2510347.0,41532630.0
2016-12-27,22.8,22.9,22.62,22.72,1500512.0,25234745.0
2016-12-28,22.87,22.87,22.6,22.74,1448500.0,24286916.0
2016-12-29,22.71,22.91,22.68,22.75,1226486.0,20653212.0
2016-12-30,22.98,22.98,22.6,22.89,1685985.0,28425871.0
2017-01-03,22.86,23.21,22.85,23.1,2072012.0,35335676.0
2017-01-04,23.1,23.63,23.01,23.62,2452632.0,42404363.0
2017-01-05,23.79,23.79,23.12,23.14,2696090.0,46743054.0
2017-01-06,23.33,23.33,22.95,23.2,1542424.0,26378138.0
2017-01-09,23.04,23.41,22.83,23.01,1568356.0,26633467.0
2017-01-10,23.01,23.21,22.9,23.02,1827248.0,31113177.0
2017-01-11,23.02,23.1,21.82,22.03,4333986.0,71327513.0
2017-01-12,22.03,22.22,21.74,21.83,2185394.0,35540217.0
2017-01-13,21.66,21.82,20.98,21.32,3979424.0,62692987.0
2017-01-16,21.49,21.79,20.77,21.3,3947123.0,62576775.0
2017-01-17,21.23,22.13,20.99,22.01,2394590.0,38278193.0
2017-01-18,21.97,21.97,21.51,21.68,1611732.0,25839929.0
2017-01-19,21.55,21.86,21.2,21.63,2319927.0,36846410.0
2017-01-20,21.56,22.05,21.38,21.95,1439140.0,23246888.0
2017-01-23,21.86,22.24,21.67,21.76,1730260.0,27874103.0
2017-01-24,21.8,21.98,21.66,21.9,1811116.0,29159036.0
2017-01-25,21.79,22.17,21.72,22.03,1127411.0,18298168.0
2017-01-26,21.9,22.22,21.9,22.02,816344.0,13299839.0
2017-02-03,22.06,22.14,21.49,21.95,1643321.0,26426111.0
2017-02-06,21.9,22.93,21.66,22.85,4011854.0,66480789.0
2017-02-07,22.85,22.85,22.44,22.74,2777633.0,46432251.0
2017-02-08,22.6,23.02,22.59,23.01,2542852.0,42784997.0
2017-02-09,23.13,23.28,22.85,22.98,2070625.0,35232230.0
2017-02-10,22.98,25.09,22.89,23.35,5826602.0,101298706.0
2017-02-13,23.7,23.7,23.33,23.45,6229732.0,108092481.0
2017-02-14,23.47,23.67,23.18,23.55,4374956.0,75797134.0
2017-02-15,23.52,24.36,23.43,23.74,5176831.0,91176649.0
2017-02-16,23.89,24.12,23.66,24.0,3724275.0,65813453.0
2017-02-17,24.14,24.14,23.31,23.5,3219557.0,56181698.0
2017-02-20,23.43,24.61,23.41,24.54,6282872.0,112262547.0
2017-02-21,24.52,24.7,24.46,24.52,3366091.0,61134576.0
2017-02-22,24.5,24.5,24.09,24.17,4678453.0,83719564.0
2017-02-23,24.17,24.63,23.83,24.48,3721681.0,66917473.0
2017-02-24,24.48,24.84,24.29,24.63,3115814.0,56559174.0
2017-02-27,24.5,24.62,24.09,24.25,2351859.0,42161177.0
2017-02-28,24.13,24.57,24.06,24.25,1331268.0,23877576.0
2017-03-01,24.5,24.7,24.13,24.29,2704521.0,48860865.0
2017-03-02,24.31,24.35,23.9,23.96,1928396.0,34289219.0
2017-03-03,24.06,24.09,23.82,23.94,1805895.0,31937481.0
2017-03-06,24.04,24.65,23.91,24.54,4084066.0,73678759.0
2017-03-07,24.5,24.67,24.34,24.58,2441795.0,44246812.0
2017-03-08,24.61,24.69,24.04,24.31,3020703.0,54261304.0
2017-03-09,24.23,24.32,23.94,23.97,2079585.0,36968747.0
2017-03-10,24.08,25.25,23.96,24.94,6653744.0,121981816.0
2017-03-13,25.01,26.38,24.63,25.71,8916169.0,169395130.0
2017-03-14,25.61,25.99,25.19,25.36,4716675.0,88931031.0
2017-03-15,25.28,26.59,25.28,26.26,7062880.0,136267737.0
2017-03-16,26.26,26.42,26.0,26.35,3767665.0,72920058.0
2017-03-17,26.36,26.36,25.44,25.54,3652201.0,69955633.0
2017-03-20,25.54,25.66,25.11,25.48,3955647.0,74326900.0
2017-03-21,25.47,26.62,25.42,26.43,5197568.0,100457695.0
2017-03-22,26.42,26.59,25.99,26.23,4391106.0,85116749.0
2017-03-23,26.5,26.5,25.51,25.66,3427149.0,65672605.0
2017-03-24,25.93,26.2,25.58,25.86,3882090.0,74137699.0
2017-03-27,25.85,25.85,25.04,25.39,4588635.0,86178423.0
2017-03-28,25.42,25.59,24.84,25.12,3800901.0,70639212.0
2017-03-29,25.15,25.36,24.78,25.09,2893461.0,53620398.0
2017-03-30,25.21,25.51,25.04,25.16,3012338.0,56149056.0
2017-03-31,25.16,26.59,25.08,26.43,7836403.0,150395979.0
2017-04-05,26.43,27.34,26.07,27.11,8505090.0,168828256.0
2017-04-06,27.08,27.39,26.39,26.66,6543187.0,128674590.0
2017-04-07,26.91,26.91,26.16,26.38,5524172.0,107570683.0
2017-04-10,26.38,26.55,25.85,26.04,3675864.0,70884192.0
2017-04-11,26.23,26.32,25.16,25.78,5083466.0,96480284.0
2017-04-12,25.69,26.26,25.36,26.12,4449568.0,85209953.0
2017-04-13,26.23,26.46,25.95,25.99,2275402.0,43924684.0
2017-04-14,25.99,25.99,24.96,24.96,3863916.0,72168569.0
2017-04-17,24.65,25.23,24.65,25.21,3133615.0,57761197.0
2017-04-18,25.28,26.3,25.21,25.71,4740804.0,90316515.0
2017-04-19,25.67,25.92,25.44,25.76,2330534.0,44165557.0
2017-04-20,25.7,26.59,25.61,26.27,5202305.0,101147064.0
2017-04-21,26.38,26.38,25.15,25.74,3045496.0,58157429.0
2017-04-24,25.63,25.65,24.63,24.94,3001587.0,55889442.0
2017-04-25,24.94,25.51,24.8,25.48,2110289.0,39375349.0
2017-04-26,25.25,26.85,25.25,26.77,7370130.0,143680825.0
2017-04-27,26.89,27.2,26.26,26.59,7708844.0,151841324.0
2017-04-28,26.64,27.16,26.34,27.16,4970491.0,98806407.0
2017-05-02,27.03,27.8,26.69,27.54,6114846.0,124065956.0
2017-05-03,27.61,27.79,26.72,26.72,5648570.0,113542097.0
2017-05-04,26.87,27.26,26.46,26.8,3662112.0,72606783.0
2017-05-05,26.74,27.37,26.53,26.74,3333049.0,66362566.0
2017-05-08,26.73,26.96,25.58,25.7,3851603.0,74528123.0
2017-05-09,25.55,25.73,24.77,25.71,6840635.0,127236180.0
2017-05-10,25.77,25.82,25.07,25.3,2745184.0,51699900.0
2017-05-11,25.04,25.73,24.92,25.73,2837448.0,53020359.0
2017-05-12,25.73,25.81,25.25,25.51,1928341.0,36286232.0
2017-05-15,25.44,26.42,25.44,26.42,3924170.0,75526151.0
2017-05-16,26.35,26.68,26.03,26.64,2794613.0,54472095.0
2017-05-17,26.64,26.8,25.93,26.11,3384807.0,66017322.0
2017-05-18,25.65,25.96,25.47,25.48,3256944.0,61610806.0
2017-05-19,25.61,25.85,25.31,25.42,1664266.0,31461712.0
2017-05-22,25.46,25.55,25.04,25.16,2524445.0,46984762.0
2017-05-23,25.11,25.38,24.77,24.88,2519470.0,46641843.0
2017-05-24,24.84,24.97,23.79,24.77,2500784.0,45341929.0
2017-05-25,24.78,24.98,24.36,24.71,1668139.0,30419004.0
2017-05-26,24.78,24.88,24.23,24.67,2774413.0,50495026.0
2017-05-31,24.85,25.02,24.51,24.57,2443953.0,44564271.0
2017-06-01,24.52,24.54,23.43,23.55,3903554.0,69110274.0
2017-06-02,23.6,23.85,23.41,23.71,2361112.0,41232278.0
2017-06-05,23.93,24.54,23.74,24.23,3117553.0,55392427.0
2017-06-06,24.31,24.7,24.13,24.54,1918869.0,34761670.0
2017-06-07,24.61,25.77,24.48,25.7,4757887.0,88834668.0
2017-06-08,25.71,26.01,25.61,25.68,3763747.0,71658876.0
2017-06-09,25.69,26.0,25.05,25.37,3949430.0,56317083.0
2017-06-12,25.42,26.18,25.24,25.51,4308414.0,61692290.0
2017-06-13,25.6,26.46,25.51,26.34,4848275.0,70791848.0
2017-06-14,26.09,26.36,25.75,25.78,3257927.0,47109405.0
2017-06-15,25.78,26.45,25.55,25.91,3600982.0,52333150.0
2017-06-16,25.89,26.36,25.8,26.14,2568962.0,37465188.0
2017-06-19,26.28,26.48,26.03,26.32,2198799.0,32335074.0
2017-06-20,26.27,26.27,25.68,25.8,3291759.0,47512301.0
2017-06-21,25.82,27.07,25.55,26.95,5740787.0,84170424.0
2017-06-22,26.79,27.16,26.37,26.52,4705269.0,70021561.0
2017-06-23,26.23,26.5,25.62,26.32,3206491.0,46588993.0
2017-06-26,26.36,27.18,26.03,27.16,7687462.0,114382166.0
2017-06-27,27.02,27.25,26.77,26.98,3560832.0,53495964.0
2017-06-28,27.05,27.07,26.46,26.54,4325987.0,64467435.0
2017-06-29,26.48,27.04,26.41,26.62,3604983.0,53716976.0
2017-06-30,26.7,27.22,26.48,26.95,3355811.0,50441745.0
2017-07-03,26.93,27.4,26.73,27.2,3104969.0,46994321.0
2017-07-04,27.2,27.32,26.68,26.75,2584545.0,38823986.0
2017-07-05,26.7,26.91,26.43,26.64,3483189.0,51755790.0
2017-07-06,26.73,27.14,26.16,26.2,4696907.0,69736576.0
2017-07-07,26.2,26.48,26.09,26.21,3500197.0,51248988.0
2017-07-10,26.14,26.71,26.14,26.27,2280816.0,33570596.0
2017-07-11,26.21,26.82,26.0,26.3,2778929.0,40987043.0
2017-07-12,26.21,26.57,25.73,26.45,3314069.0,48322837.0
2017-07-13,26.36,26.48,25.82,26.03,3008076.0,43699375.0
2017-07-14,25.85,25.94,25.28,25.42,3997670.0,56829438.0
2017-07-17,25.42,25.42,23.85,23.99,7587228.0,103242083.0
2017-07-18,23.83,24.31,23.67,24.11,3588553.0,47909392.0
2017-07-19,24.13,24.6,23.81,24.47,3358943.0,45453753.0
2017-07-20,24.47,24.65,24.2,24.38,2944069.0,39965271.0
2017-07-21,24.22,24.81,24.2,24.74,3044981.0,41857003.0
2017-07-24,24.69,25.3,24.65,25.03,3386379.0,47447595.0
2017-07-25,25.03,25.33,24.73,24.89,1952063.0,27196653.0
2017-07-26,24.8,25.05,24.22,24.38,2135902.0,29243988.0
2017-07-27,24.15,25.03,24.15,24.73,1778180.0,24437607.0
2017-07-28,24.76,25.05,24.76,24.92,1924756.0,26762284.0
2017-07-31,24.78,26.32,24.78,26.0,5928225.0,85155214.0
2017-08-01,25.96,26.18,25.64,25.85,2783434.0,40057765.0
2017-08-02,25.78,26.32,25.73,25.96,3414953.0,49685491.0
2017-08-03,25.82,26.18,25.64,26.02,2655594.0,38370769.0
2017-08-04,26.03,26.03,25.24,25.68,2896803.0,41674333.0
2017-08-07,25.64,25.71,25.03,25.6,4140733.0,58584935.0
2017-08-08,25.57,25.57,25.16,25.39,2753769.0,38880637.0
2017-08-09,25.51,26.14,25.1,26.02,2675207.0,38399185.0
2017-08-10,25.91,26.2,25.73,25.93,2658836.0,38536852.0
2017-08-11,25.6,26.18,25.6,25.89,2471507.0,35812332.0
2017-08-14,25.85,26.71,25.85,26.46,3749522.0,55424188.0
2017-08-15,26.41,26.54,26.05,26.28,3028252.0,44344718.0
2017-08-16,26.36,26.77,26.05,26.75,2648789.0,39213564.0
2017-08-17,26.75,26.91,26.61,26.86,2500689.0,37365949.0
2017-08-18,26.7,27.02,26.64,26.86,1906332.0,28575257.0
2017-08-21,26.7,28.47,26.7,28.15,6063416.0,93414933.0
2017-08-22,28.33,28.33,27.7,27.9,4075138.0,63632785.0
2017-08-23,27.88,29.01,27.75,29.01,5150118.0,82273465.0
2017-08-24,29.05,29.1,28.15,28.33,3897037.0,62119881.0
2017-08-25,28.15,29.01,28.08,28.67,2992599.0,47758306.0
2017-08-28,28.85,28.85,28.15,28.47,3435760.0,54633100.0
2017-08-29,27.59,27.59,25.62,25.66,16309836.0,237167531.0
2017-08-30,25.12,25.51,24.96,25.35,6339706.0,89319863.0
2017-08-31,25.39,25.44,25.03,25.26,3986385.0,56019415.0
2017-09-01,25.3,25.37,24.74,25.1,4728697.0,65874860.0
2017-09-04,25.07,25.24,24.81,25.08,3664551.0,51103362.0
2017-09-05,25.08,25.19,24.87,24.99,3709294.0,51711143.0
2017-09-06,24.92,25.03,24.76,24.85,3705734.0,51330291.0
2017-09-07,24.85,24.94,24.55,24.65,4413808.0,60845261.0
2017-09-08,24.67,24.96,24.2,24.9,8276880.0,113233763.0
2017-09-11,24.85,24.85,24.49,24.65,4854681.0,66718779.0
2017-09-12,24.65,24.71,24.47,24.49,2731187.0,37421728.0
2017-09-13,24.53,24.74,24.49,24.73,2874832.0,39527723.0
2017-09-14,24.71,24.83,24.46,24.53,2371290.0,32534731.0
2017-09-15,24.51,24.62,24.47,24.55,1910082.0,26158767.0
2017-09-18,24.58,25.03,24.49,24.94,3342728.0,46084514.0
2017-09-19,24.96,25.39,24.96,25.39,6744195.0,94554917.0
2017-09-20,26.2,26.45,25.41,25.64,11187204.0,161301639.0
2017-09-21,25.01,25.5,24.89,24.94,5620924.0,78672186.0
2017-09-22,25.08,25.62,24.87,25.25,5037666.0,71288067.0
2017-09-25,25.1,25.14,24.29,24.31,5012265.0,68738080.0
2017-09-26,24.06,24.6,24.06,24.58,1683857.0,22971715.0
2017-09-27,24.76,24.76,24.19,24.31,2079588.0,28316638.0
2017-09-28,24.49,24.53,24.35,24.4,1683613.0,22959074.0
2017-09-29,24.4,24.56,24.17,24.35,2428757.0,32951850.0
2017-10-09,24.56,24.71,24.22,24.58,2710423.0,37011541.0
2017-10-10,24.56,24.62,24.38,24.55,2210342.0,30156912.0
2017-10-11,24.56,25.1,24.42,25.01,3560867.0,49340258.0
2017-10-12,25.07,25.07,24.47,24.64,2062312.0,28432408.0
2017-10-13,24.56,24.81,24.53,24.67,1582269.0,21757041.0
2017-10-16,24.6,24.74,24.42,24.42,1503208.0,20611271.0
2017-10-17,24.44,24.56,24.26,24.35,1407194.0,19108529.0
2017-10-18,24.37,24.42,23.94,24.01,2359042.0,31763840.0
2017-10-19,24.01,24.13,23.36,23.54,2700003.0,35485739.0
2017-10-20,23.42,23.76,23.42,23.72,1414879.0,18671805.0
2017-10-23,23.81,23.94,23.58,23.85,1347109.0,17846703.0
2017-10-24,24.02,24.02,23.79,23.86,938853.0,12504384.0
2017-10-25,23.9,24.33,23.86,24.22,1687286.0,22758110.0
2017-10-26,24.22,24.42,24.13,24.28,1796915.0,24356426.0
2017-10-27,24.08,24.1,23.5,23.7,4280024.0,56533761.0
2017-10-30,23.65,23.77,23.27,23.31,2700426.0,35287433.0
2017-10-31,23.29,23.52,23.27,23.4,1004121.0,13098031.0
2017-11-01,23.4,23.5,23.31,23.4,1395672.0,18259335.0
2017-11-02,23.4,23.43,22.55,22.7,3082225.0,39216194.0
2017-11-03,22.7,22.72,21.96,22.18,2581504.0,32103224.0
2017-11-06,22.18,22.98,21.93,22.72,2241110.0,28108507.0
2017-11-07,22.72,23.0,22.59,22.7,2747452.0,34882651.0
2017-11-08,22.59,22.59,22.02,22.3,7904347.0,97518018.0
2017-11-09,22.14,22.32,22.05,22.16,3105152.0,38375368.0
2017-11-10,22.09,22.34,22.05,22.23,2136744.0,26482466.0
2017-11-13,22.21,23.06,22.02,23.04,4190329.0,52768988.0
2017-11-14,22.95,22.95,22.64,22.82,2539625.0,32256416.0
2017-11-15,22.63,22.82,22.14,22.29,1826415.0,22772308.0
2017-11-16,22.29,22.36,22.12,22.25,747191.0,9285299.0
2017-11-17,22.25,22.27,21.26,21.3,3954719.0,47761866.0
2017-11-20,21.3,22.39,20.67,21.82,1837643.0,21892084.0
2017-11-21,21.84,22.07,21.71,21.96,1079301.0,13200072.0
2017-11-22,21.96,22.12,21.71,22.0,1318017.0,16178660.0
2017-11-23,22.04,22.14,21.69,21.77,2149221.0,26247524.0
2017-11-24,21.78,21.78,20.53,20.89,12894907.0,150304130.0
2017-11-27,20.85,20.85,19.83,20.64,5918906.0,66445945.0
2017-11-28,20.44,21.14,20.31,20.98,2257990.0,26316390.0
2017-11-29,21.1,21.14,20.89,21.01,1403798.0,16444117.0
2017-11-30,20.98,21.34,20.89,21.0,1249321.0,14686965.0
2017-12-01,20.91,21.18,20.73,21.07,1287474.0,15039196.0
2017-12-04,21.01,21.93,21.0,21.62,2206545.0,26620303.0
2017-12-05,21.59,21.84,21.3,21.37,1662692.0,20021700.0
2017-12-06,21.43,21.61,21.21,21.44,863587.0,10290750.0
2017-12-07,21.44,22.0,21.44,21.91,1869589.0,22769900.0
2017-12-08,21.96,22.02,21.62,21.87,1948604.0,23707687.0
2017-12-11,21.87,22.38,21.53,22.3,2290941.0,28130530.0
2017-12-12,22.23,22.5,22.11,22.25,1950675.0,24280599.0
2017-12-13,22.04,22.68,21.98,22.64,1816126.0,22856259.0
2017-12-14,22.64,22.73,22.43,22.66,797908.0,10069455.0
2017-12-15,22.66,22.77,22.27,22.38,1132450.0,14195846.0
2017-12-18,22.36,22.63,22.29,22.39,635803.0,7955601.0
2017-12-19,22.54,22.91,22.45,22.86,1366171.0,17334332.0
2017-12-20,22.79,22.98,22.59,22.82,1082681.0,13784219.0
2017-12-21,22.86,22.97,22.29,22.57,1787528.0,22544975.0
2017-12-22,22.55,22.68,22.23,22.43,1708644.0,21420184.0
2017-12-25,22.52,22.82,22.46,22.63,1391848.0,17575968.0
2017-12-26,22.52,22.7,22.52,22.68,1170317.0,14776558.0
2017-12-27,22.75,22.84,22.61,22.68,1064387.0,13514876.0
2017-12-28,22.66,22.81,21.87,21.89,2233084.0,27756961.0
2017-12-29,21.89,22.21,21.84,22.04,1048740.0,12877070.0
2018-01-02,22.04,22.52,22.04,22.52,1719237.0,21385380.0
2018-01-03,22.41,23.04,22.41,23.0,2293550.0,29187349.0
2018-01-04,23.0,24.13,22.81,23.9,5258513.0,69377378.0
2018-01-05,23.7,23.88,23.42,23.56,2080498.0,27313928.0
2018-01-08,23.45,23.65,23.0,23.22,1359821.0,17619131.0
2018-01-09,23.09,23.22,22.81,22.95,1551328.0,19894157.0
2018-01-10,22.95,23.18,22.86,22.93,1661331.0,21286596.0
2018-01-11,22.98,23.47,22.93,23.06,1740914.0,22464478.0
2018-01-12,22.97,23.22,22.9,23.06,1243414.0,15986217.0
2018-01-15,23.06,23.06,22.2,22.25,2329681.0,29025924.0
2018-01-16,22.27,22.57,21.96,22.05,1337353.0,16551255.0
2018-01-17,22.05,22.21,21.3,21.87,1702147.0,20550723.0
2018-01-18,21.78,21.96,21.43,21.78,1184306.0,14348529.0
2018-01-19,21.69,21.98,21.0,21.39,1220713.0,14720301.0
2018-01-22,21.18,22.23,21.18,22.0,1165699.0,14162414.0
2018-01-23,22.0,22.29,21.78,21.96,1455807.0,17939769.0
2018-01-24,21.93,22.12,21.46,21.66,1431339.0,17309299.0
2018-01-25,21.68,22.05,21.57,21.7,1328860.0,16152720.0
2018-01-26,21.7,21.78,21.34,21.43,1984998.0,23777276.0
2018-01-29,21.52,21.61,20.82,21.09,1784773.0,21067281.0
2018-01-30,21.12,21.25,20.94,21.19,710506.0,8354061.0
2018-01-31,21.16,21.16,20.03,20.26,2331339.0,26762889.0
2018-02-01,20.44,21.05,20.05,20.26,1683260.0,19190144.0
2018-02-02,20.33,20.33,19.72,19.9,1556406.0,17270765.0
2018-02-05,19.72,20.4,19.54,20.26,1785720.0,19902513.0
2018-02-06,20.17,20.17,19.22,19.27,2029668.0,22130559.0
2018-02-07,19.29,19.81,19.0,19.18,2035416.0,21890085.0
2018-02-08,19.29,19.81,19.18,19.69,1263931.0,13761064.0
2018-02-09,19.36,19.58,19.02,19.42,1276761.0,13719365.0
2018-02-12,19.42,19.74,19.42,19.7,956390.0,10465776.0
2018-02-13,19.65,20.12,19.36,19.61,1276978.0,14085986.0
2018-02-14,19.61,19.7,19.49,19.58,304400.0,3323355.0
2018-02-22,19.61,20.76,19.61,20.57,1495620.0,16900785.0
2018-02-23,20.55,20.57,20.06,20.22,2251849.0,25543905.0
2018-02-26,20.12,20.4,20.12,20.22,2207058.0,24910215.0
2018-02-27,20.31,20.31,20.12,20.15,676885.0,7614278.0
2018-02-28,20.12,20.35,19.87,20.12,1455725.0,16378947.0
2018-03-01,19.92,20.17,19.9,20.01,1069909.0,11944161.0
2018-03-02,19.95,20.62,19.92,20.1,2024527.0,22911261.0
2018-03-05,20.01,20.26,20.01,20.26,884787.0,9952013.0
2018-03-06,20.28,20.94,20.28,20.57,1889830.0,21752311.0
2018-03-07,20.6,20.89,20.31,20.62,2908877.0,33276137.0
2018-03-08,20.53,21.43,20.49,21.26,5275148.0,62379858.0
2018-03-09,21.26,21.96,21.14,21.86,5661901.0,68760214.0
2018-03-12,21.82,22.43,21.82,22.14,3980912.0,49139543.0
2018-03-13,22.14,22.21,21.91,21.93,3261147.0,40089726.0
2018-03-14,21.84,22.05,21.44,21.75,2413479.0,29281045.0
2018-03-15,21.8,22.05,21.55,21.84,995942.0,12093621.0
2018-03-16,21.77,21.84,21.26,21.32,891800.0,10680041.0
2018-03-19,21.34,21.66,21.07,21.35,1650738.0,19745542.0
2018-03-20,21.32,21.64,21.16,21.57,1220581.0,14600950.0
2018-03-21,21.57,22.36,21.53,21.57,3497383.0,42810877.0
2018-03-22,21.61,21.87,21.25,21.32,885686.0,10659098.0
2018-03-23,20.78,20.78,19.18,19.54,4423772.0,49300425.0
2018-03-26,19.36,19.72,18.74,19.61,2163717.0,22988386.0
2018-03-27,19.72,20.14,19.72,19.88,1675242.0,18615829.0
2018-03-28,19.72,19.99,19.27,19.45,929482.0,10097883.0
2018-03-29,19.45,20.44,19.22,20.44,2752317.0,30101740.0
2018-03-30,19.9,22.48,19.88,21.21,9373362.0,112711846.0
2018-04-02,20.44,21.3,20.01,20.3,6335389.0,72293744.0
2018-04-03,19.81,20.17,19.38,19.76,4007415.0,44219823.0
2018-04-04,19.88,19.95,18.95,19.15,5576110.0,60335969.0
2018-04-09,19.15,19.33,18.77,18.99,2103362.0,22191982.0
2018-04-10,18.97,19.22,18.75,19.2,1665680.0,17604068.0
2018-04-11,19.36,19.54,19.24,19.31,2152748.0,23312857.0
2018-04-12,19.29,19.42,19.15,19.17,1151340.0,12366630.0
2018-04-13,19.24,19.36,19.04,19.09,1080666.0,11547047.0
2018-04-16,19.09,19.09,18.07,18.32,3013452.0,31083177.0
2018-04-17,18.34,18.5,18.11,18.13,1057959.0,10779065.0
2018-04-18,18.25,18.47,17.75,18.18,1608251.0,16162710.0
2018-04-19,18.07,18.41,17.96,18.32,1286243.0,13109876.0
2018-04-20,18.2,18.68,18.02,18.11,1859004.0,19070026.0
2018-04-23,17.96,18.36,17.77,17.93,1705632.0,17125111.0
2018-04-24,18.27,18.27,17.93,18.11,2022535.0,20430010.0
2018-04-25,18.11,18.22,17.89,18.14,1299108.0,13087279.0
2018-04-26,18.25,18.25,17.61,17.7,1052320.0,10483714.0
2018-04-27,17.03,17.54,16.85,17.37,1702418.0,16429800.0
2018-05-02,17.32,17.64,17.21,17.54,905090.0,8821953.0
2018-05-03,17.59,17.59,17.32,17.43,1199944.0,11638106.0
2018-05-04,17.48,17.75,17.39,17.54,1326917.0,13018787.0
2018-05-07,17.73,17.73,17.5,17.59,1146048.0,11261347.0
2018-05-08,17.61,18.13,17.5,18.02,1892574.0,18937073.0
2018-05-09,18.36,18.39,18.07,18.2,1446416.0,14709189.0
2018-05-10,18.32,18.32,17.98,18.18,757481.0,7656488.0
2018-05-11,18.13,18.25,17.88,17.91,552784.0,5553145.0
2018-05-14,17.79,18.25,17.79,18.02,712040.0,7190299.0
2018-05-15,18.2,18.29,17.98,18.13,1141005.0,11538730.0
2018-05-16,18.13,18.29,17.57,17.96,1560651.0,15673086.0
2018-05-17,17.89,18.22,17.77,17.82,798145.0,7970575.0
2018-05-18,17.79,17.93,17.68,17.77,750415.0,7452337.0
2018-05-21,18.0,19.15,17.95,18.7,3647524.0,38087645.0
2018-05-22,18.66,18.9,18.36,18.5,1849197.0,19127119.0
2018-05-23,18.54,18.74,18.39,18.43,1418211.0,14698225.0
2018-05-24,18.47,18.56,18.2,18.36,964950.0,9880488.0
2018-05-25,18.54,18.54,17.88,18.04,1232834.0,12411292.0
2018-05-28,17.98,18.2,17.75,17.89,1110727.0,11118757.0
2018-05-29,18.02,18.43,17.93,18.13,1038826.0,10579937.0
2018-05-30,18.04,18.04,17.48,17.52,1310806.0,12943619.0
2018-05-31,17.55,17.86,17.55,17.84,708520.0,7007547.0
2018-06-01,17.91,18.25,17.77,18.02,787290.0,7910526.0
2018-06-04,18.04,18.29,18.0,18.29,665220.0,6735644.0
2018-06-05,18.29,18.86,18.09,18.81,3211852.0,33340903.0
2018-06-06,18.91,19.15,18.63,19.13,2537127.0,26889986.0
2018-06-07,19.13,19.43,18.84,19.0,2494243.0,26734452.0
2018-06-08,18.91,19.26,18.57,18.81,1410700.0,14828747.0
2018-06-11,18.79,19.09,18.72,18.91,1407202.0,14850417.0
2018-06-12,19.35,19.49,18.9,19.17,2107016.0,22521483.0
2018-06-13,18.85,19.33,18.64,18.74,2025658.0,20752695.0
2018-06-14,18.74,19.18,18.5,18.94,1316075.0,13435008.0
2018-06-15,19.05,19.05,18.22,18.46,1816276.0,18264975.0
2018-06-19,18.48,18.48,16.93,16.98,1736444.0,16386685.0
2018-06-20,16.65,17.3,16.61,17.11,1321264.0,12235460.0
2018-06-21,17.11,17.24,16.71,16.78,654800.0,6017708.0
2018-06-22,16.78,17.26,16.06,17.02,853117.0,7776080.0
2018-06-25,17.33,17.61,17.13,17.15,878077.0,8255607.0
2018-06-26,17.15,17.67,16.82,17.35,1059005.0,9976002.0
2018-06-27,17.26,18.62,17.26,18.02,3145829.0,30794832.0
2018-06-28,17.89,18.33,17.83,18.09,1452470.0,14161576.0
2018-06-29,18.07,18.44,18.0,18.04,2393147.0,23640814.0
2018-07-02,18.09,18.61,17.74,17.87,1673820.0,16537693.0
2018-07-03,17.8,18.37,17.76,18.05,1306759.0,12764282.0
2018-07-04,17.72,18.09,17.35,17.59,802999.0,7684857.0
2018-07-05,17.44,17.65,16.95,17.09,990944.0,9235745.0
2018-07-06,16.91,17.39,16.28,16.82,1443237.0,13254367.0
2018-07-09,16.67,17.32,16.67,17.06,1564825.0,14455556.0
2018-07-10,17.09,17.44,17.0,17.43,1750345.0,16346783.0
2018-07-11,17.0,17.35,16.71,16.74,1758704.0,16205463.0
2018-07-12,16.89,17.63,16.85,17.44,1937025.0,18201247.0
2018-07-13,17.54,18.35,17.22,17.3,1579280.0,15025470.0
2018-07-16,17.32,17.65,17.09,17.52,697959.0,6589214.0
2018-07-17,17.55,17.87,17.32,17.76,1184703.0,11276064.0
2018-07-18,17.94,18.09,17.65,17.7,853180.0,8267866.0
2018-07-19,17.91,18.26,17.72,17.91,2199295.0,21454404.0
2018-07-20,18.09,18.11,17.65,17.8,1341471.0,12989628.0
2018-07-23,17.92,18.0,17.7,17.91,844770.0,8186641.0
2018-07-24,18.0,18.16,17.87,17.98,1184576.0,11550607.0
2018-07-25,18.0,18.2,17.94,18.14,965950.0,9448513.0
2018-07-26,18.09,18.13,16.45,17.87,1832601.0,17630298.0
2018-07-27,17.54,17.78,17.32,17.54,1022950.0,9745532.0
2018-07-30,17.7,18.13,17.68,17.96,1700491.0,16526958.0
2018-07-31,17.59,17.94,17.5,17.55,762741.0,7310834.0
2018-08-01,17.28,17.7,17.26,17.37,878284.0,8291613.0
2018-08-02,17.91,17.91,16.56,16.69,1836654.0,16658535.0
2018-08-03,16.74,16.84,16.15,16.21,954818.0,8496621.0
2018-08-06,16.21,16.56,16.02,16.13,766112.0,6768902.0
2018-08-07,16.15,16.5,16.13,16.36,715700.0,6343500.0
2018-08-08,16.43,16.47,15.8,15.89,744132.0,6490368.0
2018-08-09,15.71,16.26,15.71,15.99,1743406.0,15173592.0
2018-08-10,15.88,16.17,15.86,15.95,963426.0,8336692.0
2018-08-13,15.88,15.91,14.99,15.49,2568101.0,21306262.0
2018-08-14,15.27,15.45,14.99,15.1,1140307.0,9365275.0
2018-08-15,15.32,16.24,15.19,15.8,3745420.0,31843148.0
2018-08-16,15.39,16.06,15.39,15.58,1756379.0,14883045.0
2018-08-17,15.62,16.13,15.62,16.1,2142535.0,18430936.0
2018-08-20,16.1,16.61,16.1,16.58,2558043.0,22717401.0
2018-08-21,16.58,16.71,16.23,16.47,1711510.0,15208706.0
2018-08-22,16.32,16.67,16.15,16.3,1875372.0,16708409.0
2018-08-23,16.04,16.34,15.88,16.08,1272128.0,11078963.0
2018-08-24,15.91,16.3,15.67,16.11,752392.0,6556882.0
2018-08-27,16.1,16.26,15.97,16.19,1312172.0,11453251.0
2018-08-28,16.06,16.56,15.97,16.54,2214965.0,19608754.0
2018-08-29,16.45,16.45,16.06,16.19,1602441.0,14058380.0
2018-08-30,16.15,16.23,15.32,15.54,1213534.0,10306998.0
2018-08-31,15.45,15.51,15.04,15.08,1210050.0,9967359.0
2018-09-03,15.04,15.19,14.51,14.73,1324095.0,10554688.0
2018-09-04,14.73,14.84,14.53,14.69,1263033.0,10027321.0
2018-09-05,14.69,14.69,14.21,14.36,956800.0,7493492.0
2018-09-06,14.32,14.55,14.07,14.51,1422353.0,11096596.0
2018-09-07,14.4,14.71,14.05,14.23,1928393.0,15085631.0
2018-09-10,14.27,14.29,14.03,14.1,718440.0,5494487.0
2018-09-11,14.05,14.58,13.7,13.92,2063606.0,15816115.0
2018-09-12,13.86,14.21,13.81,14.18,1074803.0,8195578.0
2018-09-13,14.16,14.32,14.12,14.21,606990.0,4678075.0
2018-09-14,14.21,14.53,14.1,14.42,848745.0,6612607.0
2018-09-17,14.4,14.49,14.21,14.31,639798.0,4983223.0
2018-09-18,14.03,14.45,14.03,14.34,1054752.0,8160364.0
2018-09-19,14.34,14.58,14.18,14.42,1095748.0,8584183.0
2018-09-20,14.4,14.53,14.05,14.25,798400.0,6170159.0
2018-09-21,14.27,14.42,14.03,14.27,1448910.0,11163268.0
2018-09-25,13.97,14.27,13.86,14.01,1251840.0,9507776.0
2018-09-26,14.01,14.1,13.64,13.73,2185533.0,16371625.0
2018-09-27,13.73,13.79,13.46,13.46,1957445.0,14412487.0
2018-09-28,13.51,13.62,13.25,13.49,1099103.0,8009693.0
2018-10-08,13.14,13.55,13.14,13.2,948764.0,6885613.0
2018-10-09,13.25,13.49,13.23,13.46,1016020.0,7373447.0
2018-10-10,13.46,13.66,13.35,13.49,784580.0,5720505.0
2018-10-11,13.09,13.4,12.77,12.94,1765622.0,12517632.0
2018-10-12,12.92,13.27,12.74,13.07,1890194.0,13383222.0
2018-10-15,13.11,13.44,13.01,13.23,951699.0,6801635.0
2018-10-16,13.03,13.27,12.55,12.74,830280.0,5826171.0
2018-10-17,12.98,13.03,12.11,13.01,2033896.0,13864335.0
2018-10-18,12.81,13.37,12.59,12.98,1734284.0,12134334.0
2018-10-19,12.79,13.99,12.39,13.38,3416235.0,24311280.0
2018-10-22,14.1,14.1,13.25,13.71,4059620.0,29984718.0
2018-10-23,13.71,13.73,13.14,13.27,1915778.0,13887888.0
2018-10-24,13.35,13.35,12.96,13.01,1207600.0,8579131.0
2018-10-25,12.42,13.07,12.42,12.96,1260872.0,8718090.0
2018-10-26,13.07,13.11,12.63,12.87,786560.0,5504643.0
2018-10-29,12.87,13.88,12.87,13.61,5391156.0,39476488.0
2018-10-30,13.62,13.97,13.31,13.79,2982361.0,22136505.0
2018-10-31,13.75,14.07,13.66,13.97,2404000.0,18133607.0
2018-11-01,14.05,14.49,13.86,14.38,2758382.0,21303842.0
2018-11-02,14.49,15.19,14.4,14.86,2999476.0,24090477.0
2018-11-05,14.84,15.06,14.66,14.91,1536043.0,12394302.0
2018-11-06,14.91,14.99,14.62,14.66,1556656.0,12436926.0
2018-11-07,14.86,15.03,14.53,14.69,1624724.0,13047037.0
2018-11-08,14.68,15.03,14.58,14.68,1613078.0,12942903.0
2018-11-09,14.66,14.86,14.58,14.77,960082.0,7690241.0
2018-11-12,14.77,15.27,14.62,15.14,1778965.0,14443369.0
2018-11-13,15.03,15.51,14.82,15.21,1463574.0,11958859.0
