2015-05-15,8.99,10.79,8.99,10.79,19485.0,209613.0
2015-05-18,11.87,11.87,11.87,11.87,4800.0,56976.0
2015-05-19,13.06,13.06,13.06,13.06,3000.0,39180.0
2015-05-20,14.37,14.37,14.37,14.37,5700.0,81909.0
2015-05-21,15.81,15.81,15.81,15.81,5100.0,80631.0
2015-05-22,17.39,17.39,17.39,17.39,8300.0,144337.0
2015-05-25,19.13,19.13,19.13,19.13,4400.0,84172.0
2015-05-26,21.04,21.04,21.04,21.04,8380.0,176315.0
2015-05-27,23.14,23.14,23.14,23.14,5200.0,120328.0
2015-05-28,25.45,25.45,25.45,25.45,17600.0,447920.0
2015-05-29,28.0,28.0,28.0,28.0,63500.0,1778000.0
2015-06-01,30.8,30.8,30.8,30.8,12550.0,386540.0
2015-06-02,33.88,33.88,33.88,33.88,14400.0,487872.0
2015-06-03,37.27,37.27,37.27,37.27,34100.0,1270907.0
2015-06-04,41.0,41.0,41.0,41.0,88070.0,3610870.0
2015-06-05,45.1,45.1,45.1,45.1,42550.0,1919005.0
2015-06-08,49.61,49.61,49.61,49.61,107750.0,5345478.0
2015-06-09,54.57,54.57,45.0,54.57,15392568.0,779636544.0
2015-06-10,49.11,60.03,49.11,60.03,9437688.0,530313120.0
2015-06-11,63.92,66.03,63.11,66.03,2972800.0,192799296.0
2015-06-12,72.63,72.63,62.77,67.5,14828122.0,1031414592.0
2015-06-15,60.8,61.36,60.75,60.75,1881500.0,114379640.0
2015-06-16,54.68,54.68,54.68,54.68,552300.0,30199764.0
2015-06-17,49.38,54.88,49.21,52.8,10155093.0,510762656.0
2015-06-18,50.6,50.6,47.52,47.52,6509127.0,317858528.0
2015-06-19,43.5,45.49,42.77,42.77,4967830.0,215396048.0
2015-06-23,42.64,44.5,39.59,43.6,5333309.0,227001792.0
2015-06-24,43.87,45.45,42.08,42.95,4972771.0,217036160.0
2015-06-25,42.3,42.5,38.71,39.02,4475754.0,182313728.0
2015-06-26,37.02,37.8,35.12,35.12,3497860.0,125960616.0
2015-06-29,35.5,36.91,31.62,35.88,5875647.0,200441872.0
2015-06-30,34.95,39.47,34.51,39.47,5252654.0,197033328.0
2015-07-01,40.0,42.45,35.78,35.86,8449067.0,341627232.0
2015-07-02,34.5,38.75,32.27,38.01,6563861.0,237136336.0
2015-07-03,35.22,40.76,34.21,39.32,7449426.0,285145440.0
2015-07-06,43.25,43.25,35.55,36.9,7296696.0,289110080.0
2015-07-07,34.0,35.0,33.21,33.21,1731640.0,57993624.0
2015-07-08,29.89,29.89,29.89,29.89,115600.0,3455284.0
2015-07-09,26.9,32.88,26.9,32.88,6902207.0,206499584.0
2015-07-10,33.5,36.17,31.83,36.17,4936819.0,174678640.0
2015-07-13,37.7,39.79,35.66,39.79,7027431.0,270390176.0
2015-07-14,38.2,42.96,37.39,38.95,8756896.0,352306272.0
2015-07-15,36.75,38.0,35.06,35.06,3129956.0,111579416.0
2015-07-16,34.5,36.3,31.55,33.04,4318181.0,145293888.0
2015-07-17,33.2,36.29,33.04,35.4,2980049.0,102592016.0
2015-07-20,35.48,36.35,34.01,34.9,2643671.0,93116392.0
2015-07-21,34.06,37.89,34.02,37.26,3904893.0,140471776.0
2015-07-22,36.99,38.39,36.01,37.76,3979730.0,148940336.0
2015-07-23,37.95,41.54,37.02,41.54,6911841.0,277600768.0
2015-07-24,42.5,43.65,39.1,39.45,7653084.0,320560448.0
2015-07-27,37.69,40.14,35.51,35.51,3803600.0,144385600.0
2015-07-28,32.1,35.17,31.96,31.98,4078893.0,133691040.0
2015-07-29,32.79,35.18,31.75,35.18,3662431.0,122293368.0
2015-07-30,34.8,37.8,33.88,35.12,4473216.0,161586976.0
2015-07-31,34.23,38.63,34.01,38.63,7461706.0,279325024.0
2015-08-03,38.46,42.49,37.4,42.49,10003950.0,403375712.0
2015-08-04,42.8,43.98,38.24,41.47,9591380.0,389624192.0
2015-08-05,39.53,45.62,38.95,45.62,9400010.0,407764096.0
2015-08-06,44.0,49.86,43.0,47.5,11094716.0,511106816.0
2015-08-07,45.55,48.8,45.0,45.82,7657271.0,355991136.0
2015-08-10,45.3,49.75,44.01,49.32,8517352.0,396554784.0
2015-08-11,48.3,49.88,46.9,47.0,7414356.0,359344384.0
2015-08-12,45.58,46.46,43.88,43.88,4932337.0,221533216.0
2015-08-13,42.82,44.66,42.31,44.38,3426129.0,149479536.0
2015-08-14,44.59,45.53,43.67,43.88,3217574.0,142456304.0
2015-08-17,42.78,43.41,41.87,42.37,2891085.0,122442800.0
2015-08-18,42.06,44.63,38.17,38.37,4302165.0,182122880.0
2015-08-19,35.77,40.05,34.53,39.47,4080255.0,150681360.0
2015-08-20,38.47,39.37,36.07,36.16,2438279.0,92025064.0
2015-08-21,35.5,37.06,34.06,34.49,2682136.0,96455816.0
2015-08-24,32.35,33.86,31.04,31.04,1970020.0,61748556.0
2015-08-25,27.95,31.55,27.94,27.94,2586283.0,74689864.0
2015-08-26,28.86,30.55,26.94,28.25,3913500.0,113037208.0
2015-08-27,28.75,30.03,26.05,28.73,3005268.0,85136040.0
2015-08-28,29.35,31.1,28.73,31.05,3044989.0,90388568.0
2015-08-31,30.85,30.85,27.95,27.95,2281653.0,66857932.0
2015-09-01,27.24,27.24,25.15,25.15,2247314.0,57467548.0
2015-09-02,23.05,26.05,22.69,22.76,1951499.0,47065976.0
2015-09-07,23.41,24.69,23.41,24.09,1931077.0,46449712.0
2015-09-08,24.09,26.5,23.74,26.5,2540939.0,64405640.0
2015-09-09,26.61,28.55,26.5,28.55,3083805.0,86200360.0
2015-09-10,28.06,29.52,27.85,29.07,2876662.0,83115200.0
2015-09-11,28.67,31.54,28.67,30.51,2574057.0,76463144.0
2015-09-14,30.1,31.25,28.05,28.85,3217660.0,94681352.0
2015-09-15,28.05,31.73,28.05,30.04,8527103.0,264280384.0
2015-09-16,28.05,32.86,27.04,31.78,8770686.0,253948192.0
2015-09-17,30.26,31.24,28.61,28.61,6334628.0,188375600.0
2015-09-18,28.14,28.93,26.45,27.02,3320699.0,90265112.0
2015-09-21,27.05,28.15,26.85,27.96,2423810.0,66889832.0
2015-09-22,28.18,28.51,27.42,27.96,2651824.0,74226824.0
2015-09-23,27.45,28.8,26.89,28.32,2915584.0,81838960.0
2015-09-24,28.35,29.02,28.15,28.5,2425042.0,69183120.0
2015-09-25,28.35,28.87,26.25,26.48,2453987.0,67404032.0
2015-09-28,26.2,27.53,26.18,27.41,1529104.0,41155788.0
2015-09-29,26.96,26.97,26.05,26.34,1424542.0,37763452.0
2015-09-30,26.55,27.54,26.55,27.45,2002651.0,54265648.0
2015-10-08,28.55,30.19,28.55,30.19,1415612.0,42096980.0
2015-10-09,31.51,31.65,29.32,30.15,3915287.0,118577296.0
2015-10-12,30.25,31.7,29.86,31.35,4232220.0,130520408.0
2015-10-13,30.81,31.55,30.63,31.08,2592499.0,80280776.0
2015-10-14,31.1,31.93,30.38,30.45,2488732.0,77325392.0
2015-10-15,30.15,31.47,30.09,31.41,2502148.0,77308672.0
2015-10-16,31.8,33.42,31.8,32.96,4836483.0,157033504.0
2015-10-19,32.9,32.9,31.55,31.78,2956390.0,94726008.0
2015-10-20,32.59,32.65,31.68,32.34,3770417.0,120626480.0
2015-10-21,32.34,32.86,29.1,29.1,3563378.0,110101248.0
2015-10-22,29.05,30.26,29.02,30.2,2449624.0,72654800.0
2015-10-23,30.36,31.35,30.25,31.14,2429977.0,74547864.0
2015-10-26,31.73,32.44,31.14,32.02,2791451.0,89060624.0
2015-10-27,31.84,33.24,29.8,33.18,3649158.0,115637632.0
2015-10-28,32.66,33.85,32.35,32.35,3642341.0,120638704.0
2015-10-29,32.66,33.65,32.19,33.26,2329594.0,76844952.0
2015-10-30,33.06,33.52,32.27,32.87,2764652.0,90996856.0
2015-11-02,32.24,36.15,31.84,36.15,7840037.0,278597088.0
2015-11-03,37.56,39.72,36.71,38.63,10602059.0,403794144.0
2015-11-04,37.65,41.0,36.86,39.77,8855798.0,341881344.0
2015-11-05,39.62,41.62,38.57,38.87,6353651.0,254782192.0
2015-11-06,38.27,40.92,38.2,40.42,4863359.0,193460304.0
2015-11-09,40.07,41.87,39.07,40.96,5721985.0,231566656.0
2015-11-10,40.1,40.66,39.1,39.89,4097526.0,163518320.0
2015-11-11,39.83,43.88,39.35,43.88,5550448.0,231996688.0
2015-11-12,43.95,46.67,43.14,45.08,7878505.0,353359808.0
2015-11-13,43.98,44.42,40.57,40.57,6454619.0,269223136.0
2015-11-16,38.12,40.84,38.08,40.19,2906633.0,114902336.0
2015-11-17,40.97,41.22,38.98,39.07,3254137.0,130648552.0
2015-11-18,39.18,39.7,37.66,37.88,2175270.0,83908336.0
2015-11-19,38.55,39.87,38.06,39.87,2772468.0,108532104.0
2015-11-20,40.22,40.47,39.28,39.67,3429397.0,136225888.0
2015-11-23,39.67,40.52,39.34,39.82,2695896.0,107722784.0
2015-11-24,40.05,42.92,39.57,42.42,4480761.0,183707152.0
2015-11-25,42.07,43.31,41.07,42.57,4411755.0,184789728.0
2015-11-26,42.08,43.77,41.67,41.74,3831840.0,163351872.0
2015-11-27,41.67,41.67,37.56,37.59,3541320.0,140691968.0
2015-11-30,38.05,39.6,35.06,39.27,3367620.0,126696344.0
2015-12-01,38.77,41.05,38.29,39.73,3552557.0,142093280.0
2015-12-02,38.8,39.55,36.22,38.12,2130958.0,80702400.0
2015-12-03,38.96,40.26,38.16,39.95,2510794.0,98823656.0
2015-12-04,40.02,41.42,39.67,40.67,3274630.0,132405928.0
2015-12-07,41.07,43.58,40.77,41.89,3938390.0,165684704.0
2015-12-08,41.07,41.43,40.07,40.68,2908399.0,118155096.0
2015-12-09,40.18,40.67,38.95,40.17,2400024.0,94836384.0
2015-12-10,40.57,40.57,38.97,39.33,1544133.0,60893384.0
2015-12-11,39.46,39.67,38.65,39.39,1285076.0,50215852.0
2015-12-14,39.51,41.87,39.07,41.44,2515907.0,101506552.0
2015-12-15,42.07,42.87,41.43,42.1,3699939.0,155672560.0
2015-12-16,43.33,43.98,42.17,43.07,5847628.0,252424848.0
2015-12-17,43.47,44.42,42.57,44.18,5849860.0,254479904.0
2015-12-18,44.58,45.77,43.17,44.15,5745670.0,256177600.0
2015-12-21,43.77,44.64,42.57,42.83,3910413.0,168467920.0
2015-12-22,42.74,44.28,42.65,43.98,3118675.0,136230992.0
2015-12-23,46.07,48.37,46.07,48.37,2745258.0,131701880.0
2015-12-24,49.08,50.09,45.26,46.27,8059327.0,386920480.0
2015-12-25,46.08,47.71,44.08,45.07,5039865.0,233242688.0
2015-12-28,44.43,44.98,43.08,43.12,3900014.0,171289168.0
2015-12-29,43.1,44.16,42.72,44.05,2196082.0,95409440.0
2015-12-30,44.18,44.18,43.07,43.62,1819250.0,79022152.0
2015-12-31,43.72,43.88,41.73,43.77,1977103.0,84938704.0
2016-01-04,42.84,43.03,39.39,39.39,1703168.0,69665008.0
2016-01-05,35.61,40.06,35.56,38.32,2523539.0,95856248.0
2016-01-06,38.22,40.06,38.2,39.5,1789197.0,70406960.0
2016-01-07,38.78,38.78,35.55,35.59,546200.0,20188876.0
2016-01-08,36.56,37.91,34.06,37.03,2127073.0,78184816.0
2016-01-11,35.66,36.93,33.33,33.33,2121800.0,74309544.0
2016-01-12,33.26,33.96,31.66,32.62,1547685.0,50867948.0
2016-01-13,32.16,33.34,29.65,30.35,1272351.0,40707304.0
2016-01-14,29.35,33.39,28.8,33.39,2335295.0,73214520.0
2016-01-15,33.46,36.06,33.36,35.04,4602561.0,161634400.0
2016-01-18,33.76,36.33,33.76,35.85,1639313.0,57542572.0
2016-01-19,35.46,37.04,34.86,36.93,1359207.0,49214256.0
2016-01-20,36.76,36.83,35.24,35.26,1249359.0,44937768.0
2016-01-21,34.73,35.57,32.97,33.02,1258720.0,43316888.0
2016-01-22,33.56,35.0,33.06,34.59,966133.0,32902562.0
2016-01-25,35.89,35.89,33.58,34.4,873002.0,30216070.0
2016-01-26,33.49,34.56,30.96,30.96,1164661.0,37549916.0
2016-01-27,32.05,32.56,29.38,31.91,1391123.0,42600812.0
2016-01-28,31.45,33.06,31.13,31.8,1199060.0,38733436.0
2016-01-29,31.33,33.11,31.33,32.86,788050.0,25634158.0
2016-02-01,32.26,32.86,31.45,32.35,733319.0,23551492.0
2016-02-02,32.16,34.35,32.16,33.6,815496.0,27340396.0
2016-02-03,33.16,34.04,33.07,33.97,657393.0,22051260.0
2016-02-04,34.66,36.04,34.09,35.18,1185756.0,41555060.0
2016-02-05,35.19,38.7,34.85,38.7,4954357.0,187924144.0
2016-02-15,38.06,42.27,37.27,42.27,3447094.0,139722928.0
2016-02-16,42.97,43.98,38.77,42.99,11680115.0,469238080.0
2016-02-17,40.69,41.27,39.83,39.95,7289729.0,294091040.0
2016-02-18,40.33,40.33,38.78,38.91,4327246.0,169962096.0
2016-02-19,39.06,40.03,38.77,39.26,3526658.0,138778752.0
2016-02-22,39.62,39.89,39.03,39.37,3079581.0,121152392.0
2016-02-23,39.57,40.96,39.43,39.87,3894686.0,155925920.0
2016-02-24,39.55,39.92,37.08,38.02,3687503.0,140743280.0
2016-02-25,38.16,38.22,34.22,34.22,2998937.0,107084312.0
2016-02-26,34.22,34.96,31.84,32.96,2003298.0,66770044.0
2016-02-29,32.97,33.07,29.73,29.85,1961694.0,59615700.0
2016-03-01,30.04,30.97,29.6,30.82,1705486.0,51477452.0
2016-03-02,30.71,32.63,30.25,32.26,2171314.0,68048688.0
2016-03-03,32.05,33.95,31.96,32.27,2319700.0,76550264.0
2016-03-04,32.3,32.61,29.85,30.37,2351162.0,73381376.0
2016-03-07,30.98,31.84,30.98,31.42,1510368.0,47377624.0
2016-03-08,31.62,32.15,29.92,31.77,1580616.0,49170632.0
2016-03-09,31.35,31.84,30.75,31.32,1026692.0,32140324.0
2016-03-10,31.28,31.86,30.39,30.7,1196352.0,37179588.0
2016-03-11,30.6,31.27,29.95,30.78,884374.0,27099220.0
2016-03-14,31.18,32.44,31.16,31.93,2165803.0,69155464.0
2016-03-15,31.89,33.86,31.63,33.22,3067872.0,100026424.0
2016-03-16,33.35,34.43,32.47,33.66,3965425.0,132396672.0
2016-03-17,33.44,34.85,33.44,34.32,3555072.0,121507256.0
2016-03-18,34.36,35.2,33.93,34.81,4307932.0,148430176.0
2016-03-21,34.83,34.91,34.19,34.89,3651348.0,126161472.0
2016-03-22,34.67,34.8,34.3,34.39,1939851.0,66815988.0
2016-03-23,34.4,35.11,34.12,35.05,2374922.0,82282504.0
2016-03-24,34.75,36.26,34.11,34.8,2625513.0,92512112.0
2016-03-25,34.76,36.86,34.27,36.05,3202924.0,115036424.0
2016-03-28,35.76,36.24,34.66,34.79,2437501.0,86319032.0
2016-03-29,34.72,34.85,33.01,33.25,1731764.0,58211360.0
2016-03-30,32.87,35.06,32.87,34.96,2298170.0,77966568.0
2016-03-31,35.02,35.43,34.72,34.75,1985826.0,69277464.0
2016-04-01,34.56,35.03,33.66,34.21,1528862.0,52208212.0
2016-04-05,34.55,35.31,34.32,35.13,1535783.0,53592244.0
2016-04-06,35.23,35.76,34.96,35.64,2332294.0,82512288.0
2016-04-07,35.51,35.83,34.56,34.91,1745319.0,61311476.0
2016-04-08,34.8,35.94,34.57,35.56,2293433.0,81130872.0
2016-04-11,35.71,37.54,35.71,37.03,4014265.0,146823984.0
2016-04-12,36.7,37.56,34.96,35.45,3488625.0,125516784.0
2016-04-13,35.52,36.41,35.52,35.81,2429393.0,87610272.0
2016-04-14,35.96,37.05,35.96,36.88,2095588.0,76437120.0
2016-04-15,38.06,38.57,36.86,36.95,3234009.0,121013816.0
2016-04-18,37.14,37.91,35.47,37.66,3063622.0,113315632.0
2016-04-19,37.51,40.24,37.11,39.88,5242837.0,201354976.0
2016-04-20,39.77,40.67,37.06,38.57,5408240.0,212558224.0
2016-04-21,38.06,39.28,37.26,37.73,2393896.0,91570496.0
2016-04-22,37.26,37.98,36.73,37.36,1475700.0,55096376.0
2016-04-25,37.28,37.73,35.18,35.87,1530500.0,55334480.0
2016-04-26,35.89,36.51,35.85,36.44,997897.0,35998884.0
2016-04-27,36.62,38.53,36.26,37.53,1853023.0,69285248.0
2016-04-28,37.27,37.91,35.56,36.71,1182921.0,43443448.0
2016-04-29,36.21,37.63,36.2,36.77,747600.0,27521338.0
2016-05-03,36.77,38.05,36.36,37.81,921879.0,34545768.0
2016-05-04,37.76,38.52,37.27,38.18,1273195.0,48364508.0
2016-05-05,38.19,38.19,37.49,37.95,776640.0,29340626.0
2016-05-06,38.12,38.26,36.07,36.3,1418684.0,52677280.0
2016-05-09,36.16,36.48,34.11,36.16,1301390.0,46339284.0
2016-05-10,36.45,36.45,34.81,35.08,987788.0,34842700.0
2016-05-11,35.21,35.46,34.92,34.97,439399.0,15383140.0
2016-05-12,34.77,36.06,33.98,35.36,864815.0,30187692.0
2016-05-13,35.36,35.96,34.86,35.05,389317.0,13693134.0
2016-05-16,35.14,35.56,34.29,35.42,403722.0,14219136.0
2016-05-17,35.37,35.37,34.91,35.16,388155.0,13627066.0
2016-05-18,34.94,35.16,33.05,33.07,925379.0,31585043.0
2016-05-19,33.06,33.61,32.76,32.76,586060.0,19425518.0
2016-05-20,32.2,32.31,30.86,31.75,1089346.0,34315214.0
2016-05-23,31.56,32.66,31.55,32.61,1576511.0,50690753.0
2016-05-24,32.51,33.41,31.57,33.15,1390563.0,44754152.0
2016-05-25,33.63,33.64,32.15,32.94,1022200.0,33566317.0
2016-05-26,32.76,33.34,31.37,32.44,1211512.0,38628852.0
2016-05-27,32.54,32.54,31.93,32.1,906600.0,29072841.0
2016-05-30,31.86,32.26,31.55,32.26,925415.0,29672312.0
2016-05-31,32.54,33.49,32.28,33.36,1841843.0,60455854.0
2016-06-01,33.2,33.74,33.19,33.4,1630047.0,54387548.0
2016-06-02,33.53,33.68,32.9,33.63,1466772.0,48883058.0
2016-06-03,33.63,35.09,33.46,34.9,2874732.0,98635298.0
2016-06-06,34.7,36.49,34.65,36.03,2654101.0,94196625.0
2016-06-07,36.0,36.34,35.11,36.26,1700761.0,60601647.0
2016-06-08,35.9,36.11,35.1,35.2,2957931.0,105193588.0
2016-06-13,34.68,35.5,34.09,34.81,1980896.0,68942584.0
2016-06-14,34.3,36.08,34.3,35.89,1876727.0,66508855.0
2016-06-15,35.65,38.44,35.6,38.1,4680829.0,172540794.0
2016-06-16,37.8,37.95,36.6,37.23,3066454.0,114467547.0
2016-06-17,36.91,38.1,36.91,37.48,2042529.0,76504470.0
2016-06-20,37.02,38.06,36.88,37.49,1435400.0,53454559.0
2016-06-21,37.49,37.84,35.66,35.97,1626098.0,59786503.0
2016-06-22,35.8,37.62,35.68,37.35,1431370.0,52690374.0
2016-06-23,37.3,38.45,37.0,38.02,1985705.0,74848992.0
2016-06-24,37.6,38.55,36.15,37.55,1884923.0,70788806.0
2016-06-27,37.58,38.62,37.2,38.44,2549256.0,97165186.0
2016-06-28,38.46,39.0,37.6,38.06,2209434.0,84108509.0
2016-06-29,38.12,38.91,37.63,38.31,1603681.0,60868517.0
2016-06-30,38.27,38.6,37.7,37.85,1191100.0,45234637.0
2016-07-01,37.88,38.45,37.63,37.95,1632761.0,62045645.0
2016-07-04,38.09,38.79,37.71,38.64,2061801.0,79083135.0
2016-07-05,38.64,38.91,38.2,38.4,1177879.0,45154844.0
2016-07-06,38.31,39.86,38.31,39.42,2266751.0,88724133.0
2016-07-07,39.2,40.6,38.4,40.33,2984550.0,117398913.0
2016-07-08,40.31,42.6,39.61,41.55,4005755.0,164683252.0
2016-07-11,41.11,42.11,39.31,40.01,2407309.0,97794692.0
2016-07-12,39.67,40.71,38.77,40.44,1947536.0,77048019.0
2016-07-13,40.14,41.1,40.14,40.61,1863812.0,75658861.0
2016-07-14,40.31,41.52,40.12,40.47,1377992.0,55937984.0
2016-07-15,40.31,40.61,39.11,39.27,1119100.0,44318228.0
2016-07-18,39.11,41.11,38.81,39.32,861161.0,33818742.0
2016-07-19,39.32,39.89,38.54,39.61,892704.0,34901202.0
2016-07-20,39.54,40.11,39.11,39.91,959250.0,37950826.0
2016-07-21,40.1,41.66,39.92,40.77,2720344.0,111079269.0
2016-07-22,40.76,41.6,39.56,39.65,1260744.0,50526774.0
2016-07-25,39.72,39.79,39.02,39.14,504479.0,19764095.0
2016-07-26,39.14,40.26,39.03,39.8,854329.0,33838763.0
2016-07-27,40.48,40.48,36.1,37.15,1209538.0,46008772.0
2016-07-28,37.53,37.53,36.2,36.9,725105.0,26703407.0
2016-07-29,37.01,38.61,36.53,38.31,1023163.0,38392339.0
2016-08-01,37.6,38.27,36.92,36.97,634515.0,23588670.0
2016-08-02,36.99,37.44,36.88,37.09,447467.0,16592874.0
2016-08-03,36.98,37.87,36.92,37.69,620544.0,23142818.0
2016-08-04,37.62,38.79,37.15,38.41,881926.0,33586403.0
2016-08-05,38.21,38.78,37.43,37.5,653507.0,24770901.0
2016-08-08,37.51,37.98,36.85,37.68,449935.0,16775324.0
2016-08-09,37.71,38.57,37.42,38.19,564475.0,21361120.0
2016-08-10,37.92,38.37,37.5,37.79,443000.0,16725495.0
2016-08-11,37.61,37.88,36.4,36.62,480345.0,17795894.0
2016-08-12,36.46,37.07,36.46,36.94,314800.0,11556702.0
2016-08-15,36.94,38.41,36.62,37.83,660605.0,24864007.0
2016-08-16,37.82,38.31,37.72,38.05,692423.0,26256284.0
2016-08-17,37.87,39.09,37.8,38.67,1499604.0,57509736.0
2016-08-18,38.51,38.97,37.94,38.31,1187556.0,45645168.0
2016-08-19,38.66,39.31,38.12,38.45,1899200.0,73541017.0
2016-08-22,38.27,40.91,38.12,40.76,3761570.0,148108329.0
2016-08-23,40.51,41.06,39.4,39.5,4463777.0,180240362.0
2016-08-24,39.3,39.57,38.34,38.81,2046713.0,79149721.0
2016-08-25,38.71,38.71,37.7,38.02,1027012.0,38889957.0
2016-08-26,38.1,41.82,38.05,41.82,5195723.0,215550088.0
2016-08-29,43.12,46.0,42.15,46.0,11776182.0,534660033.0
2016-08-30,45.73,48.84,43.71,48.21,10767904.0,494899795.0
2016-08-31,46.33,48.21,45.5,47.14,4646100.0,217075726.0
2016-09-01,46.72,48.91,45.83,46.63,7791091.0,368951456.0
2016-09-02,46.68,47.63,45.79,46.7,2899495.0,135671531.0
2016-09-05,46.24,51.37,46.24,51.37,9354482.0,458534154.0
2016-09-06,51.64,56.51,50.43,56.51,10361676.0,549698480.0
2016-09-14,50.86,55.35,50.86,52.13,5311900.0,281282898.0
2016-09-19,53.05,55.14,51.69,54.0,3698695.0,198356768.0
2016-09-20,53.96,59.4,53.45,59.4,8259851.0,475038267.0
2016-09-21,59.54,65.34,56.16,65.34,8798819.0,546354828.0
2016-09-22,65.28,70.88,63.17,68.2,9034339.0,612710764.0
2016-09-23,68.16,68.16,61.38,61.38,17706428.0,1091427671.0
2016-09-26,56.67,57.12,55.24,55.24,11965119.0,659709987.0
2016-09-27,51.84,53.14,49.72,50.61,20465731.0,1025142664.0
2016-09-28,49.12,49.61,47.92,48.57,9754648.0,474259233.0
2016-09-29,48.63,49.11,47.68,47.88,8328234.0,401118059.0
2016-09-30,47.98,48.21,46.35,46.61,7544410.0,354620767.0
2016-10-10,46.91,47.88,46.44,47.53,6435605.0,303523810.0
2016-10-11,47.81,49.54,47.2,48.95,10266073.0,496561837.0
2016-10-12,48.94,48.94,47.21,48.16,6800337.0,324696022.0
2016-10-13,47.73,49.44,47.73,48.77,7244717.0,351863135.0
2016-10-14,48.42,50.61,47.73,50.12,10547405.0,519548183.0
2016-10-17,50.12,50.29,47.75,48.21,7389797.0,360391580.0
2016-10-18,48.13,48.68,46.82,48.68,5801854.0,276129706.0
2016-10-19,48.33,51.92,48.25,49.9,9353656.0,467127420.0
2016-10-20,49.62,54.89,48.63,54.89,15027788.0,775068710.0
2016-10-21,54.05,54.93,52.19,52.45,11940439.0,634775213.0
2016-10-24,51.92,52.38,50.65,51.69,7309595.0,374796749.0
2016-10-25,51.14,56.66,50.76,55.05,12810057.0,690105623.0
2016-10-26,53.9,54.85,52.19,52.19,8250203.0,437358679.0
2016-10-27,52.15,54.11,51.65,52.34,6274789.0,330648632.0
2016-10-28,51.59,52.32,47.54,48.56,8236307.0,409537245.0
2016-10-31,47.94,48.53,46.73,48.26,4063567.0,193024068.0
2016-11-01,48.13,49.49,48.0,48.91,4107153.0,200551720.0
2016-11-02,48.55,49.48,47.44,47.84,4164701.0,200985386.0
2016-11-03,47.88,50.44,47.73,49.7,7264957.0,357098482.0
2016-11-04,49.7,49.7,48.15,48.5,3947384.0,192941730.0
2016-11-07,48.68,50.02,48.63,49.15,3858488.0,189494507.0
2016-11-08,49.39,52.22,48.94,51.32,8885714.0,452671164.0
2016-11-09,50.74,51.12,48.58,49.75,6021821.0,299961630.0
2016-11-10,50.24,51.04,49.82,50.68,4717589.0,237547559.0
2016-11-11,50.34,50.68,49.44,49.71,3679183.0,182930854.0
2016-11-14,51.34,52.65,51.3,51.74,10706603.0,553408219.0
2016-11-15,50.8,51.46,50.16,51.46,4813503.0,243535819.0
2016-11-16,50.84,51.47,50.55,50.88,3472966.0,176531474.0
2016-11-17,50.61,50.67,48.83,49.28,3710271.0,183247448.0
2016-11-18,49.05,50.3,49.05,49.46,2573309.0,127554432.0
2016-11-21,49.54,49.93,48.85,49.92,2994299.0,147535304.0
2016-11-22,50.13,52.91,49.89,52.07,9508245.0,491612633.0
2016-11-23,51.44,51.87,50.74,50.95,5120209.0,260940457.0
2016-11-24,51.07,51.13,49.46,49.82,3503624.0,174912628.0
2016-11-25,49.43,49.72,45.15,47.33,5048344.0,237895572.0
2016-11-28,47.16,48.11,46.23,47.75,3513116.0,165242345.0
2016-11-29,47.35,47.48,45.93,46.05,2745173.0,127646125.0
2016-11-30,46.04,46.04,44.48,44.82,2569742.0,115596425.0
2016-12-01,45.06,45.9,44.87,45.61,2080792.0,94222548.0
2016-12-02,45.27,45.99,44.12,44.13,2320340.0,104797692.0
2016-12-05,43.48,43.76,42.12,43.13,2029635.0,87127782.0
2016-12-06,43.62,43.91,43.08,43.52,1510506.0,65588972.0
2016-12-07,43.65,44.48,43.23,44.37,1510980.0,66088601.0
2016-12-08,44.27,44.52,43.34,43.52,1800027.0,78579970.0
2016-12-09,43.12,43.62,43.02,43.06,1304466.0,56263196.0
2016-12-12,43.07,43.3,38.76,38.76,3487897.0,140419262.0
2016-12-13,38.37,39.09,37.3,38.8,2073597.0,79370501.0
2016-12-14,38.76,39.49,38.17,38.57,1497839.0,58139682.0
2016-12-15,38.17,39.65,38.17,39.15,1676652.0,65383118.0
2016-12-16,39.15,40.11,38.96,40.11,1908497.0,75785329.0
2016-12-19,40.11,41.66,39.82,40.21,2075105.0,84238245.0
2016-12-20,40.21,41.62,39.51,41.09,2029703.0,82122135.0
2016-12-21,40.94,43.02,40.82,42.32,3890906.0,163501570.0
2016-12-22,42.51,43.62,41.52,41.87,3480394.0,147429050.0
2016-12-23,40.21,45.89,40.21,43.82,7739585.0,339314485.0
2016-12-26,42.94,43.11,39.51,42.3,4293620.0,177723008.0
2016-12-27,42.37,43.25,41.17,41.62,2783365.0,116428183.0
2016-12-28,41.24,41.96,40.42,40.66,1931938.0,78915077.0
2016-12-29,40.34,41.08,40.34,40.67,1330357.0,54195086.0
2016-12-30,40.67,41.0,39.61,40.46,1577017.0,63065082.0
2017-01-03,40.46,40.97,40.01,40.69,970733.0,39307174.0
2017-01-04,40.99,41.51,40.62,41.22,1440358.0,59121128.0
2017-01-05,41.22,42.06,40.91,40.97,1626758.0,67261837.0
2017-01-06,40.81,40.81,39.61,39.8,1878832.0,74964899.0
2017-01-09,39.98,40.56,39.14,40.21,1099947.0,43966084.0
2017-01-10,40.4,44.23,40.31,44.23,3859672.0,166425576.0
2017-01-11,46.18,46.88,43.15,43.6,8773634.0,394217036.0
2017-01-12,43.12,47.96,42.34,47.96,6177288.0,284898158.0
2017-01-13,47.97,50.8,46.23,46.98,14170623.0,684010274.0
2017-01-16,44.64,45.43,42.29,42.42,7347256.0,317853387.0
2017-01-17,42.12,46.66,39.46,46.66,9313772.0,403189150.0
2017-01-18,45.68,49.64,45.63,47.03,12174708.0,577666802.0
2017-01-19,46.23,49.53,44.84,47.79,11084339.0,528701773.0
2017-01-20,46.53,49.02,45.49,46.67,8822596.0,415519083.0
2017-01-23,46.08,48.13,45.12,47.34,7993617.0,373282573.0
2017-01-24,46.53,46.98,44.35,44.51,6247183.0,283909628.0
2017-01-25,44.43,48.97,43.72,48.97,6179501.0,294649117.0
2017-01-26,50.14,50.14,46.96,47.39,8584286.0,409740184.0
2017-02-03,47.72,48.63,46.99,47.72,5592119.0,266840782.0
2017-02-06,47.62,49.5,47.31,48.64,7243048.0,349828333.0
2017-02-07,48.03,49.81,47.44,49.54,8051393.0,391453417.0
2017-02-08,49.14,50.11,48.47,48.83,5683442.0,277011887.0
2017-02-09,48.48,49.29,47.83,48.16,6010701.0,290427471.0
2017-02-10,48.13,48.13,46.84,47.16,4545766.0,214375867.0
2017-02-13,47.17,48.13,46.63,47.84,3912190.0,185652114.0
2017-02-14,47.8,48.01,45.38,46.1,4957574.0,229688523.0
2017-02-15,46.02,46.63,45.34,45.41,3474085.0,159448135.0
2017-02-16,45.13,45.98,44.9,45.7,2853088.0,129061195.0
2017-02-17,46.23,46.51,42.87,43.2,4770912.0,211832928.0
2017-02-20,42.64,43.6,42.35,43.42,2461034.0,105491135.0
2017-02-21,43.32,43.81,43.04,43.78,1806542.0,78429413.0
2017-02-22,43.8,44.05,42.94,43.35,2043517.0,88268871.0
2017-02-23,43.1,46.11,42.72,44.21,3779888.0,168759575.0
2017-02-24,44.06,44.61,43.7,44.18,2008313.0,88447815.0
2017-02-27,44.12,44.54,42.95,43.08,2143986.0,93662244.0
2017-02-28,42.92,43.52,42.64,43.52,1603829.0,68930671.0
2017-03-01,43.92,44.52,43.19,43.92,1974752.0,86339064.0
2017-03-02,44.16,44.48,43.17,43.21,1778617.0,77394119.0
2017-03-03,43.19,43.2,42.47,42.6,1684270.0,71761069.0
2017-03-06,42.61,43.72,42.58,43.57,1986172.0,85853194.0
2017-03-07,43.32,44.0,43.14,43.87,1881912.0,81782749.0
2017-03-08,44.09,44.09,43.47,43.62,1377777.0,60096747.0
2017-03-09,43.62,43.88,42.77,42.87,1269051.0,54488663.0
2017-03-10,43.32,43.72,42.92,43.18,1616646.0,69928661.0
2017-03-13,43.12,43.12,42.43,43.01,1194017.0,51013201.0
2017-03-14,43.01,43.42,42.72,42.86,1115578.0,47788036.0
2017-03-15,42.73,44.91,42.72,43.73,3483095.0,152576822.0
2017-03-16,43.97,44.31,43.45,43.77,2031528.0,88694757.0
2017-03-17,44.02,44.4,43.29,43.48,1789068.0,78257760.0
2017-03-20,43.82,43.82,43.15,43.44,1103938.0,47745996.0
2017-03-21,43.35,43.72,43.0,43.12,1355400.0,58418352.0
2017-03-22,43.02,43.02,41.13,41.47,2527531.0,106227790.0
2017-03-23,41.55,41.77,40.56,40.83,2025916.0,83260328.0
2017-03-24,40.83,41.51,40.1,41.24,1365345.0,55886473.0
2017-03-27,41.24,41.7,40.92,41.7,1696475.0,69897991.0
2017-03-28,42.42,42.46,41.2,41.21,1341170.0,55833405.0
2017-03-29,41.01,41.49,40.17,40.19,1448476.0,58753461.0
2017-03-30,40.14,40.14,37.6,37.66,2833311.0,107884848.0
2017-03-31,37.56,38.01,37.11,37.37,1229489.0,46040114.0
2017-04-05,37.1,40.11,37.1,39.43,2083025.0,81028991.0
2017-04-06,39.44,39.55,38.94,39.05,1240352.0,48415458.0
2017-04-07,38.68,42.11,38.41,40.21,2666757.0,106394118.0
2017-04-10,39.99,44.23,39.91,44.23,6699413.0,285787187.0
2017-04-11,45.12,46.43,42.62,44.98,10114791.0,455073256.0
2017-04-12,43.13,45.33,40.93,41.13,5280801.0,226638183.0
2017-04-13,41.12,45.24,40.94,45.24,4551798.0,202036870.0
2017-04-14,47.13,47.13,41.92,42.52,7385814.0,320778435.0
2017-04-17,42.08,43.11,39.73,40.21,3588032.0,148514402.0
2017-04-18,41.09,41.81,39.01,39.16,2986765.0,120035374.0
2017-04-19,38.62,39.71,38.1,38.37,2583828.0,99033452.0
2017-04-20,38.68,38.86,36.28,37.03,2842936.0,106408732.0
2017-04-21,37.08,37.8,36.65,37.29,1277310.0,47475144.0
2017-04-24,37.3,37.55,33.56,33.56,2588879.0,89043319.0
2017-04-25,33.44,34.58,32.78,33.1,2135929.0,71533895.0
2017-04-26,33.08,33.57,32.61,33.44,1670592.0,55155400.0
2017-04-27,33.44,33.44,31.17,32.77,2148680.0,69112985.0
2017-04-28,32.59,33.46,32.41,33.07,1212178.0,39877661.0
2017-05-02,33.67,36.38,33.3,36.38,1690814.0,60378923.0
2017-05-03,38.1,38.12,36.38,36.68,5097031.0,189007962.0
2017-05-04,36.9,39.24,35.4,37.45,4484967.0,166472973.0
2017-05-05,36.89,37.7,35.1,35.1,2622715.0,94987625.0
2017-05-08,35.1,35.76,32.09,32.43,2554305.0,86032599.0
2017-05-09,32.47,33.08,31.65,33.08,1381000.0,45117797.0
2017-05-10,33.46,34.2,32.3,32.62,1656260.0,54842192.0
2017-05-11,32.11,32.65,30.91,32.32,1675929.0,53239676.0
2017-05-12,32.63,33.59,32.51,32.76,1670781.0,54815506.0
2017-05-15,32.76,36.04,32.6,34.72,3715935.0,128622934.0
2017-05-16,34.76,36.02,34.19,35.68,3543478.0,124378756.0
2017-05-17,35.9,36.5,35.01,35.49,3952607.0,140513527.0
2017-05-18,34.71,35.6,34.09,34.24,2178445.0,75563160.0
2017-05-19,34.09,37.67,34.09,37.67,5840271.0,212672804.0
2017-05-22,38.1,38.7,36.58,36.75,6381000.0,239120356.0
2017-05-23,36.98,36.98,33.09,33.41,4906475.0,169739183.0
2017-05-24,33.51,34.98,32.39,34.6,3661480.0,123567279.0
2017-05-25,34.62,36.98,34.27,36.29,5762297.0,205976634.0
2017-05-26,35.88,37.43,35.6,36.23,5143819.0,186611060.0
2017-05-31,36.34,37.07,35.4,35.94,3270170.0,118231554.0
2017-06-01,35.47,35.95,32.47,32.79,4027759.0,136536880.0
2017-06-02,32.38,34.38,31.97,33.79,2378190.0,79131264.0
2017-06-05,33.8,34.41,33.47,33.74,1932970.0,65427647.0
2017-06-06,33.35,34.03,32.94,33.59,1623197.0,54126933.0
2017-06-07,33.8,35.2,33.67,35.05,3198426.0,110648396.0
2017-06-08,34.88,35.3,34.26,34.62,2376568.0,82483891.0
2017-06-09,34.88,36.1,34.3,34.95,3662132.0,128378114.0
2017-06-12,34.9,35.42,34.64,34.9,2469860.0,86230685.0
2017-06-13,34.72,36.08,32.99,35.8,2771986.0,95503920.0
2017-06-14,35.45,35.63,34.76,34.95,2032285.0,71293311.0
2017-06-15,34.38,35.49,34.38,35.1,2150292.0,75234145.0
2017-06-16,35.37,35.78,34.77,34.78,2153379.0,75654511.0
2017-06-19,34.58,34.77,34.1,34.4,1597337.0,54764369.0
2017-06-20,34.4,34.74,34.09,34.33,1436181.0,49304002.0
2017-06-21,34.49,34.56,33.87,34.14,1449800.0,49385787.0
2017-06-22,34.17,34.22,32.97,33.11,2093551.0,69823974.0
2017-06-23,32.98,33.38,32.59,33.3,1229141.0,40422111.0
2017-06-26,33.45,33.49,32.09,33.26,1006609.0,33296369.0
2017-06-27,33.14,33.84,33.09,33.43,962700.0,32129816.0
2017-06-28,33.34,33.68,32.6,32.84,956999.0,31470489.0
2017-06-29,32.97,33.18,32.6,32.71,697841.0,22826348.0
2017-06-30,32.6,32.84,32.12,32.4,1134912.0,36583181.0
2017-07-03,32.4,32.69,32.33,32.6,641800.0,20802942.0
2017-07-04,32.65,33.05,32.41,32.97,979120.0,31961559.0
2017-07-05,33.08,33.25,32.73,33.1,987072.0,32483014.0
2017-07-06,33.21,33.51,32.88,33.02,1017798.0,33645706.0
2017-07-07,33.02,33.3,32.84,33.02,885837.0,29203715.0
2017-07-10,33.02,33.02,31.9,32.03,1351922.0,43605487.0
2017-07-11,32.02,32.45,31.61,31.66,1007811.0,32108065.0
2017-07-12,31.64,31.97,30.91,31.51,1187150.0,37004536.0
2017-07-13,31.51,31.79,31.16,31.32,768156.0,24100858.0
2017-07-14,31.32,31.48,30.8,30.98,811454.0,25107103.0
2017-07-17,30.77,30.96,28.09,28.09,1630200.0,46814405.0
2017-07-18,28.09,28.98,27.9,28.91,1205235.0,34211213.0
2017-07-19,28.91,29.59,28.69,29.13,1003792.0,29206373.0
2017-07-20,29.14,29.56,28.96,29.18,842295.0,24538332.0
2017-07-21,28.93,29.35,28.93,29.06,500805.0,14518964.0
2017-07-24,28.59,29.04,28.24,28.86,682647.0,19591028.0
2017-07-25,28.89,29.17,28.77,28.96,478143.0,13795443.0
2017-07-26,28.97,29.13,28.19,28.49,743917.0,21165895.0
2017-07-27,28.59,29.39,28.37,29.26,992507.0,28687064.0
2017-07-28,29.34,29.35,28.54,28.59,690400.0,19887428.0
2017-07-31,28.91,28.93,28.09,28.29,796400.0,22496063.0
2017-08-01,28.29,28.93,28.21,28.67,966300.0,27521637.0
2017-08-02,28.67,29.03,28.4,28.78,820951.0,23450893.0
2017-08-03,28.98,31.66,28.98,30.41,2920013.0,89510334.0
2017-08-04,30.38,30.38,29.19,29.24,1641898.0,48711737.0
2017-08-07,28.92,29.52,28.92,29.17,951900.0,27733608.0
2017-08-08,29.25,30.45,29.25,29.97,1591733.0,47653382.0
2017-08-09,29.89,30.04,29.5,29.6,803119.0,23781639.0
2017-08-10,29.6,29.77,28.55,28.74,1035500.0,29886731.0
2017-08-11,28.76,29.77,28.4,29.77,917471.0,26559038.0
2017-08-14,29.47,30.07,29.12,30.07,1413148.0,42020128.0
2017-08-15,30.09,30.39,29.78,30.04,929853.0,27784261.0
2017-08-16,29.9,30.23,29.8,30.07,832411.0,24923320.0
2017-08-17,29.97,31.7,29.96,30.78,1870088.0,57190447.0
2017-08-18,30.41,30.63,30.2,30.25,1140541.0,34531095.0
2017-08-21,30.25,30.55,30.18,30.43,748619.0,22668162.0
2017-08-22,30.43,30.43,29.69,29.78,852177.0,25496770.0
2017-08-23,29.78,30.03,29.6,29.89,452393.0,13469648.0
2017-08-24,29.8,30.08,29.48,29.48,685400.0,20328523.0
2017-08-25,29.59,29.95,29.41,29.81,624800.0,18561124.0
2017-08-28,29.81,30.39,29.77,30.2,830120.0,24962616.0
2017-08-29,30.12,30.45,30.06,30.43,914077.0,27617199.0
2017-08-30,30.39,30.6,30.12,30.2,852877.0,25775068.0
2017-08-31,30.16,30.36,29.59,30.04,994458.0,29643387.0
2017-09-01,29.94,30.11,29.8,30.02,867200.0,25864010.0
2017-09-04,30.11,30.12,29.49,29.57,967416.0,28667424.0
2017-09-05,29.69,30.53,29.69,29.85,1255410.0,37684689.0
2017-09-06,29.79,29.79,29.33,29.52,1248851.0,36648963.0
2017-09-07,29.54,30.34,29.52,30.2,2205410.0,66161177.0
2017-09-08,30.32,30.6,29.59,29.79,1505080.0,44887410.0
2017-09-11,29.85,30.14,29.61,30.02,1017376.0,30381468.0
2017-09-12,30.02,30.2,29.64,29.69,1095976.0,32580909.0
2017-09-13,29.59,29.89,29.37,29.67,691100.0,20346656.0
2017-09-14,29.63,29.92,29.53,29.57,684500.0,20289040.0
2017-09-15,29.61,29.76,29.52,29.76,721624.0,21332171.0
2017-09-18,31.88,32.74,31.88,32.74,7895172.0,254842353.0
2017-09-19,32.35,32.69,31.47,31.94,5255469.0,167923423.0
2017-09-20,31.42,31.94,31.37,31.65,2764295.0,86928719.0
2017-09-21,31.6,32.43,31.42,31.64,2949859.0,94080183.0
2017-09-22,31.7,31.8,30.61,30.9,1996168.0,61477842.0
2017-09-25,30.98,31.03,30.39,30.6,1207719.0,36779860.0
2017-09-26,30.59,31.0,30.25,30.93,1177110.0,35998748.0
2017-09-27,30.93,30.93,30.51,30.67,988934.0,30269415.0
2017-09-28,30.67,30.9,29.97,30.05,1094144.0,33244827.0
2017-09-29,30.39,30.45,29.99,30.16,941649.0,28310611.0
2017-10-09,30.34,30.79,30.34,30.63,985917.0,30022926.0
2017-10-10,30.63,31.08,30.43,30.95,1128930.0,34718398.0
2017-10-11,30.76,31.2,30.74,30.86,1233600.0,38052279.0
2017-10-12,30.8,31.07,30.53,30.93,997867.0,30724784.0
2017-10-13,31.0,31.26,30.81,31.26,1498029.0,46424049.0
2017-10-16,31.26,31.3,30.09,30.14,1426629.0,43627965.0
2017-10-17,30.14,30.3,29.8,30.25,741300.0,22200971.0
2017-10-18,30.3,30.47,29.37,29.4,1012400.0,30185642.0
2017-10-19,29.47,29.83,28.73,29.53,930492.0,27095510.0
2017-10-20,29.53,30.27,29.44,30.09,861800.0,25793299.0
2017-10-23,30.06,30.78,29.79,30.41,933231.0,28273977.0
2017-10-24,30.3,30.41,29.84,30.14,739734.0,22186647.0
2017-10-25,30.27,30.51,29.8,30.41,770100.0,23336742.0
2017-10-26,30.41,30.6,30.27,30.53,698463.0,21195282.0
2017-10-27,30.7,31.69,30.21,30.27,1894819.0,58499726.0
2017-10-30,29.94,30.14,29.14,29.19,1263319.0,37274355.0
2017-10-31,29.21,29.68,29.21,29.41,494353.0,14514526.0
2017-11-01,29.5,29.69,29.29,29.39,481400.0,14146819.0
2017-11-02,29.38,29.38,28.79,28.99,768792.0,22217720.0
2017-11-03,28.99,29.37,28.95,29.21,652390.0,18957237.0
2017-11-06,29.21,29.55,29.05,29.54,495200.0,14488021.0
2017-11-07,29.54,29.97,29.18,29.4,761500.0,22356877.0
2017-11-08,29.45,31.4,29.1,31.04,2591499.0,78304951.0
2017-11-09,30.6,30.88,30.02,30.36,2137264.0,64952177.0
2017-11-10,30.36,30.36,29.48,29.83,994439.0,29564992.0
2017-11-13,30.06,30.07,29.64,29.84,653900.0,19438897.0
2017-11-14,29.9,29.9,29.5,29.69,735300.0,21703478.0
2017-11-15,29.78,29.78,29.31,29.59,635200.0,18680657.0
2017-11-16,29.52,29.7,29.38,29.58,403100.0,11883480.0
2017-11-17,29.59,29.59,27.71,28.01,884800.0,25423399.0
2017-11-20,27.72,28.29,27.14,28.2,655122.0,18079882.0
2017-11-21,28.49,28.89,28.19,28.54,543300.0,15477138.0
2017-11-22,28.63,28.87,28.19,28.27,473893.0,13446391.0
2017-11-23,28.24,28.59,27.76,27.76,682500.0,19055270.0
2017-11-24,27.75,27.97,27.5,27.93,271300.0,7526503.0
2017-11-27,28.13,28.13,27.64,27.89,362000.0,10072123.0
2017-11-28,27.67,28.4,27.2,27.94,552600.0,15361888.0
2017-11-29,28.18,28.18,27.88,28.14,370018.0,10320402.0
2017-11-30,28.14,28.32,27.89,27.97,355500.0,9939633.0
2017-12-01,28.09,28.27,27.82,28.09,284842.0,7969525.0
2017-12-04,27.4,28.18,27.39,27.72,294700.0,8182645.0
2017-12-05,27.49,27.83,25.43,25.89,784400.0,20747168.0
2017-12-06,25.85,26.26,25.84,26.16,411671.0,10682912.0
2017-12-07,26.16,26.33,25.91,26.17,263600.0,6889225.0
2017-12-08,26.38,26.57,26.05,26.57,352000.0,9288960.0
2017-12-11,26.43,26.91,26.42,26.83,279200.0,7449574.0
2017-12-12,26.8,26.89,26.51,26.82,286500.0,7644486.0
2017-12-13,26.61,26.98,26.61,26.89,260500.0,6972091.0
2017-12-14,26.92,27.07,26.81,26.9,203200.0,5444943.0
2017-12-15,26.98,27.69,26.87,27.68,705333.0,19258607.0
2017-12-18,27.83,28.18,27.37,28.18,627000.0,17337601.0
2017-12-19,27.83,28.55,27.83,28.4,386700.0,10891562.0
2017-12-20,28.19,28.52,28.19,28.4,256900.0,7265867.0
2017-12-21,28.49,28.5,27.59,27.91,285509.0,7982395.0
2017-12-22,28.19,28.49,27.89,28.04,245609.0,6893807.0
2017-12-25,27.73,28.15,26.66,27.46,310821.0,8546795.0
2017-12-26,27.46,28.24,27.37,28.09,338074.0,9384695.0
2017-12-27,27.89,28.23,27.88,27.95,224293.0,6263173.0
2017-12-28,28.04,28.27,27.7,27.73,221900.0,6186741.0
2017-12-29,27.73,28.14,27.69,27.8,178300.0,4940592.0
2018-01-02,27.81,28.01,27.81,27.92,133300.0,3709265.0
2018-01-03,28.24,29.08,27.85,28.75,750443.0,21441392.0
2018-01-04,28.59,28.59,28.03,28.13,523073.0,14701676.0
2018-01-05,28.08,28.36,27.7,27.79,311590.0,8642317.0
2018-01-08,28.24,28.24,27.3,27.52,298566.0,8234152.0
2018-01-09,27.48,28.3,27.48,27.63,205820.0,5682976.0
2018-01-10,27.65,27.68,26.98,27.05,341593.0,9254150.0
2018-01-11,26.88,27.3,26.88,27.23,211500.0,5722448.0
2018-01-12,27.09,27.29,27.04,27.18,154900.0,4194339.0
2018-01-15,26.98,27.18,26.08,26.1,408500.0,10812012.0
2018-01-16,26.1,27.02,26.1,26.48,381300.0,10050817.0
2018-01-17,26.43,26.58,26.09,26.48,413169.0,10863950.0
2018-01-18,26.51,26.77,26.48,26.65,243243.0,6456764.0
2018-01-19,26.66,26.66,26.3,26.35,310100.0,8160886.0
2018-01-22,27.81,28.99,27.81,28.99,3210189.0,92467821.0
2018-01-23,29.09,30.97,28.23,28.41,4042409.0,118885809.0
2018-01-24,28.09,28.26,27.12,27.94,2476996.0,68021068.0
2018-01-25,27.63,27.93,27.05,27.05,1690615.0,46284775.0
2018-01-26,26.78,27.34,26.72,27.18,971949.0,26171095.0
2018-01-29,26.78,27.37,26.78,26.79,584892.0,15712856.0
2018-01-30,26.78,26.93,26.35,26.66,610925.0,16184592.0
2018-01-31,26.66,26.83,26.18,26.21,594400.0,15675710.0
2018-02-01,26.17,26.38,25.43,25.68,725300.0,18778695.0
2018-02-02,25.68,25.68,25.1,25.48,479660.0,12162540.0
2018-02-05,25.57,25.57,25.22,25.34,234026.0,5908662.0
2018-02-06,25.09,25.17,22.8,22.8,839460.0,19804879.0
2018-02-07,22.83,23.43,20.59,21.99,866700.0,19141062.0
2018-02-08,22.06,22.53,21.82,22.41,301644.0,6719965.0
2018-02-09,22.37,22.37,20.68,22.05,419585.0,9183418.0
2018-02-12,22.05,22.73,22.05,22.67,318985.0,7181469.0
2018-02-13,22.99,23.03,22.69,22.85,248660.0,5663116.0
2018-02-14,23.05,23.05,22.72,23.05,215294.0,4913781.0
2018-02-22,23.06,23.67,23.06,23.63,214100.0,5018220.0
2018-02-23,23.75,23.93,23.65,23.8,221600.0,5266577.0
2018-02-26,23.79,24.26,23.77,24.18,264100.0,6320525.0
2018-02-27,24.27,24.34,23.96,23.98,232400.0,5578565.0
2018-02-28,23.98,24.16,23.64,23.98,246285.0,5880750.0
2018-03-01,23.93,24.13,23.77,24.09,185100.0,4437581.0
2018-03-02,23.88,24.15,23.88,24.13,257216.0,6170304.0
2018-03-05,25.58,26.53,25.58,25.65,1467066.0,38002136.0
2018-03-06,24.92,25.58,24.34,25.28,875116.0,21712893.0
2018-03-07,25.28,25.28,24.58,24.68,528600.0,13075648.0
2018-03-08,24.08,26.66,24.08,25.66,904100.0,23042588.0
2018-03-09,25.47,26.04,25.14,25.82,787400.0,20008852.0
2018-03-12,25.84,26.03,25.75,25.92,570636.0,14727364.0
2018-03-13,25.91,26.17,25.75,25.95,383900.0,9940455.0
2018-03-14,25.95,25.95,25.43,25.52,345922.0,8866789.0
2018-03-15,25.61,26.98,25.15,25.57,547099.0,14147960.0
2018-03-16,25.26,25.73,25.19,25.45,289700.0,7352496.0
2018-03-19,25.44,26.48,25.39,25.83,374872.0,9687599.0
2018-03-20,25.63,26.03,25.63,25.89,288000.0,7418545.0
2018-03-21,25.79,26.27,25.68,25.86,397200.0,10283104.0
2018-03-22,25.79,26.38,25.79,26.38,632573.0,16504624.0
2018-03-23,26.08,26.1,24.29,24.39,600200.0,15091660.0
2018-03-26,24.09,24.18,21.95,24.04,392900.0,9211575.0
2018-03-27,23.93,24.68,23.93,24.55,276700.0,6752070.0
2018-03-28,24.47,25.03,24.26,24.39,340175.0,8347243.0
2018-03-29,24.4,25.28,24.4,24.99,307177.0,7635666.0
2018-03-30,24.57,25.38,24.57,25.33,247600.0,6233676.0
2018-04-02,25.33,25.83,25.08,25.37,301200.0,7619746.0
2018-04-03,25.23,25.47,24.63,25.47,294600.0,7373486.0
2018-04-04,25.38,26.01,25.14,25.63,315677.0,8082577.0
2018-04-09,24.98,25.37,24.6,25.22,222100.0,5552256.0
2018-04-10,25.08,25.37,24.78,24.95,251377.0,6258718.0
2018-04-11,25.55,26.33,24.78,26.28,736577.0,18726263.0
2018-04-12,26.08,26.69,25.58,26.49,1165238.0,30630102.0
2018-04-13,26.49,26.78,26.08,26.08,475700.0,12516438.0
2018-04-16,26.08,26.25,25.38,25.93,221000.0,5722182.0
2018-04-17,25.88,26.08,24.58,24.86,380500.0,9613231.0
2018-04-18,25.07,25.08,23.57,24.67,512509.0,12389469.0
2018-04-19,24.58,25.0,24.46,24.68,358177.0,8803383.0
2018-04-20,24.97,24.97,23.69,23.75,259600.0,6273062.0
2018-04-23,23.55,24.07,23.19,23.65,214996.0,5073996.0
2018-04-24,23.84,24.23,23.48,24.22,237284.0,5679530.0
2018-04-25,24.96,26.63,24.93,26.63,1209519.0,31977388.0
2018-04-26,27.09,27.69,25.68,25.68,2032173.0,54375257.0
2018-04-27,25.05,27.49,24.96,26.8,1867543.0,49318725.0
2018-05-02,26.6,26.96,25.59,26.09,956351.0,24901850.0
2018-05-03,26.26,27.36,26.0,27.21,1487537.0,40057333.0
2018-05-04,26.86,27.18,26.28,26.74,859050.0,22901542.0
2018-05-07,26.94,27.07,26.31,26.96,700556.0,18679619.0
2018-05-08,26.98,27.37,26.59,26.7,558863.0,14929561.0
2018-05-09,26.76,26.88,26.34,26.54,343100.0,9065158.0
2018-05-10,26.43,26.58,25.79,26.4,618100.0,16127169.0
2018-05-11,26.45,26.49,25.9,25.93,441100.0,11467671.0
2018-05-14,26.07,26.07,24.87,24.98,657914.0,16630798.0
2018-05-15,25.08,25.74,24.98,25.58,512600.0,13031576.0
2018-05-16,23.3,25.08,23.3,24.17,1903466.0,45610794.0
2018-05-17,23.84,24.15,23.66,23.82,1060066.0,25169598.0
2018-05-18,23.86,23.86,23.42,23.59,827815.0,19503074.0
2018-05-21,23.57,23.88,23.51,23.71,1072714.0,25337515.0
2018-05-22,23.93,23.95,23.63,23.95,961601.0,22844506.0
2018-05-23,24.05,24.57,23.96,24.07,1530899.0,36962467.0
2018-05-24,24.16,24.16,23.64,23.82,988100.0,23538194.0
2018-05-25,23.86,23.91,23.27,23.37,942400.0,22120223.0
2018-05-28,23.24,23.53,23.12,23.14,734500.0,17058386.0
2018-05-29,23.08,23.21,22.57,23.18,1567072.0,35827801.0
2018-05-30,23.16,23.16,21.27,21.94,896569.0,20118974.0
2018-05-31,22.22,22.22,21.35,21.47,1645530.0,20852773.0
2018-06-01,21.75,21.75,20.21,20.31,1778063.0,21554378.0
2018-06-04,20.26,20.28,18.88,19.2,2468220.0,28211985.0
2018-06-05,19.13,19.63,19.11,19.41,2471434.0,28009991.0
2018-06-06,19.39,19.98,19.16,19.87,3145860.0,36088040.0
2018-06-07,19.78,20.09,19.35,19.41,1584477.0,18292210.0
2018-06-08,19.54,19.73,18.36,18.45,2340470.0,25806435.0
2018-06-11,18.53,20.29,18.38,20.29,4439563.0,51476984.0
2018-06-12,20.84,20.93,19.56,19.83,6390793.0,75441095.0
2018-06-13,19.8,19.81,19.0,19.13,3913963.0,44155175.0
2018-06-14,18.84,19.46,18.65,19.08,2760266.0,30883251.0
2018-06-15,18.98,19.4,18.38,18.64,2299610.0,25230325.0
2018-06-19,17.42,18.07,16.77,16.77,2721800.0,27099712.0
2018-06-20,16.38,16.65,15.8,16.6,2765044.0,26151892.0
2018-06-21,16.6,16.69,15.8,15.82,1909400.0,18004535.0
2018-06-22,15.8,16.31,15.77,16.16,1511253.0,14240928.0
2018-06-25,16.21,16.65,15.85,15.9,1926673.0,18302729.0
2018-06-26,15.71,16.16,15.68,16.16,2013271.0,18769402.0
2018-06-27,17.0,17.0,15.9,16.02,2341420.0,22500285.0
2018-06-28,15.94,16.3,15.85,15.85,1276810.0,11999069.0
2018-06-29,15.85,16.4,15.78,16.33,1852928.0,17505301.0
2018-07-02,16.33,16.57,15.95,16.09,1522351.0,14524755.0
2018-07-03,16.02,16.62,16.02,16.62,1971600.0,18910865.0
2018-07-04,16.48,16.62,16.11,16.24,1084630.0,10362575.0
2018-07-05,16.3,16.36,15.9,15.97,1145719.0,10773877.0
2018-07-06,15.9,17.58,15.53,16.65,3595529.0,34871860.0
2018-08-03,18.33,18.33,18.33,18.33,307743.0,3302082.0
2018-08-06,20.16,20.16,20.16,20.16,317930.0,3751574.0
2018-08-07,22.17,22.17,22.17,22.17,248060.0,3219819.0
2018-08-08,24.39,24.39,24.39,24.39,265370.0,3789484.0
2018-08-09,26.84,26.84,26.84,26.84,477960.0,7508752.0
2018-08-10,29.52,29.52,29.52,29.52,817780.0,14131238.0
2018-08-13,32.47,32.47,32.47,32.47,379740.0,7218857.0
2018-08-14,35.72,35.72,35.72,35.72,3843569.0,80369028.0
2018-08-17,35.89,38.26,33.96,34.59,45381631.0,944510232.0
2018-08-20,31.28,32.4,31.14,31.14,23027267.0,423276955.0
2018-08-21,29.94,32.08,29.09,31.31,31479739.0,557467012.0
2018-08-22,30.75,32.83,28.18,28.18,33723389.0,597518587.0
2018-08-23,27.59,28.83,27.16,28.17,22071089.0,361804479.0
2018-08-24,27.88,28.39,26.29,26.94,23146475.0,368280523.0
2018-08-27,27.84,29.35,27.21,28.12,24150978.0,396479681.0
2018-08-28,27.77,30.75,27.36,28.42,27061134.0,455366638.0
2018-08-29,28.63,31.09,28.24,30.01,26972945.0,468927370.0
2018-08-30,29.19,29.36,27.45,27.72,21749137.0,361480634.0
2018-08-31,28.27,30.2,27.93,29.5,21062729.0,357541063.0
2018-09-03,28.53,28.65,26.55,27.76,17380262.0,278530620.0
2018-09-04,27.28,28.29,26.58,27.38,13386087.0,213634415.0
2018-09-05,27.31,28.27,26.99,27.45,13727206.0,222379014.0
2018-09-06,26.73,26.73,24.94,25.62,16110223.0,243553438.0
2018-09-07,25.88,25.96,24.92,25.43,11200396.0,167819356.0
2018-09-10,25.62,26.08,24.82,24.84,9115143.0,135739983.0
2018-09-11,24.68,25.45,24.32,25.25,9644670.0,141133905.0
2018-09-12,25.21,25.45,24.82,25.4,7328450.0,108023074.0
2018-09-13,25.61,25.71,23.96,24.46,12329196.0,177936423.0
2018-09-14,24.51,24.58,23.27,23.45,8956952.0,125312941.0
2018-09-17,23.35,23.54,22.84,23.44,6686286.0,90996886.0
2018-09-18,23.4,24.68,22.96,24.17,10067726.0,140126910.0
2018-09-19,23.86,24.46,23.57,24.07,8787205.0,123554130.0
2018-09-20,24.09,25.42,23.85,24.73,12916563.0,186162427.0
2018-09-21,24.43,25.32,24.36,24.65,9419254.0,136317864.0
2018-09-25,23.91,24.34,23.61,24.1,6930881.0,97101199.0
2018-09-26,24.17,25.2,24.1,24.89,8586032.0,123790229.0
2018-09-27,24.6,24.65,23.4,23.42,8959753.0,125322623.0
2018-09-28,23.59,24.39,23.57,24.19,5414603.0,76183440.0
2018-10-08,24.02,25.33,23.57,23.57,9644532.0,138929964.0
2018-10-09,23.83,24.26,23.33,24.26,6602382.0,91960872.0
2018-10-10,24.32,24.65,23.91,24.48,7252089.0,103306829.0
2018-10-11,23.5,23.73,22.04,22.04,7926471.0,104811286.0
2018-10-12,21.66,21.81,19.83,20.57,8754100.0,104963141.0
2018-10-15,20.52,20.98,20.16,20.28,4603290.0,55591812.0
2018-10-16,20.26,20.96,20.07,20.43,4731355.0,56901391.0
2018-10-17,20.79,20.87,19.18,20.07,5815340.0,68205542.0
2018-10-18,20.07,20.07,18.77,18.94,4783334.0,54013585.0
2018-10-19,18.74,19.7,18.53,19.47,5311050.0,59977084.0
2018-10-22,21.42,21.42,21.42,21.42,704300.0,8831922.0
2018-10-23,23.55,23.55,23.55,23.55,746290.0,10291339.0
2018-10-24,24.72,24.73,22.7,22.77,17853630.0,248889814.0
2018-10-25,21.52,23.88,21.03,23.06,13159585.0,173648685.0
2018-10-26,22.89,23.35,22.1,22.26,8687920.0,115438854.0
2018-10-29,22.27,22.65,21.66,21.86,4996390.0,64640431.0
2018-10-30,21.75,22.97,21.35,22.97,7704239.0,101218763.0
2018-10-31,22.8,23.57,22.63,22.92,7515950.0,101556362.0
2018-11-01,23.21,23.49,22.84,22.92,7001124.0,94562721.0
2018-11-02,23.23,24.41,23.09,24.15,12357774.0,173048884.0
2018-11-05,24.2,26.56,24.05,25.3,17731504.0,264749237.0
2018-11-06,24.6,24.6,23.47,24.05,10347910.0,145367329.0
2018-11-07,23.98,24.51,23.71,23.74,7448738.0,105037071.0
2018-11-08,23.91,24.26,23.37,24.26,7478350.0,104623269.0
2018-11-09,24.2,24.79,23.96,24.75,7442122.0,106417663.0
2018-11-12,24.14,24.75,23.95,24.68,6870818.0,98063743.0
2018-11-13,24.15,25.07,24.07,24.87,8628474.0,124664621.0
