2009-10-30,20.5,36.9,18.88,35.0,25563608.0,647743488.0
2009-11-02,31.5,32.5,31.5,31.5,12166438.0,383772864.0
2009-11-03,28.35,29.5,28.35,28.35,2930658.0,83235880.0
2009-11-04,27.0,29.25,25.7,27.58,11752751.0,320958208.0
2009-11-05,27.02,28.65,26.3,27.69,9052885.0,249477792.0
2009-11-06,27.0,27.77,26.6,26.77,5320247.0,143294256.0
2009-11-09,26.79,27.0,25.7,25.84,4373389.0,113836000.0
2009-11-10,25.85,26.09,24.68,24.79,5918615.0,148660400.0
2009-11-11,24.52,25.12,23.6,24.81,5271463.0,127996832.0
2009-11-12,24.56,25.37,24.13,24.87,4234001.0,105195448.0
2009-11-13,24.77,26.77,24.61,26.32,8542795.0,223215136.0
2009-11-16,26.0,26.39,25.31,26.26,4975361.0,129088832.0
2009-11-17,26.36,26.87,26.0,26.2,3722792.0,98348704.0
2009-11-18,26.11,27.4,26.11,27.3,6712288.0,180820768.0
2009-11-19,27.51,30.03,27.1,30.02,10291757.0,303277888.0
2009-11-20,29.8,31.99,29.51,31.43,10924022.0,338242656.0
2009-11-23,31.2,32.68,30.5,31.79,6537471.0,206119344.0
2009-11-24,31.55,31.99,28.61,28.82,6940693.0,209799776.0
2009-11-25,28.33,31.0,27.9,30.67,6514179.0,192673968.0
2009-11-26,30.08,31.5,29.82,30.78,7636902.0,235093552.0
2009-11-27,30.0,31.27,29.0,29.98,5938238.0,180185280.0
2009-11-30,30.01,30.49,28.39,29.8,3726949.0,109461072.0
2009-12-01,29.77,30.14,29.2,29.99,3388415.0,100707552.0
2009-12-02,30.06,32.5,30.0,31.58,7518581.0,235924816.0
2009-12-03,31.1,34.74,31.0,34.74,10419333.0,350418784.0
2009-12-04,33.7,36.49,31.71,35.31,13160001.0,455583456.0
2009-12-07,34.0,36.0,33.5,35.09,6282777.0,219863392.0
2009-12-08,35.0,38.6,34.55,38.6,11123511.0,413928352.0
2009-12-09,39.2,42.28,37.7,39.5,12147980.0,483871648.0
2009-12-10,38.55,39.49,37.68,38.35,6029867.0,231887920.0
2009-12-11,37.8,39.6,36.75,37.04,6340013.0,241896000.0
2009-12-14,36.5,37.3,34.5,35.22,4924348.0,174850400.0
2009-12-15,35.4,37.49,35.4,36.28,4551295.0,166388672.0
2009-12-16,35.7,35.7,34.14,34.6,5105458.0,177384576.0
2009-12-17,34.45,34.45,31.79,31.83,4855095.0,159512064.0
2009-12-18,31.45,34.44,29.4,33.23,6277204.0,198120512.0
2009-12-21,32.49,34.5,32.01,33.79,4339948.0,146414240.0
2009-12-22,34.0,34.21,31.89,32.17,3174289.0,103796080.0
2009-12-23,32.0,33.98,31.71,33.36,3856049.0,128261184.0
2009-12-24,32.55,34.28,32.1,33.86,4118283.0,138670208.0
2009-12-25,33.3,33.3,31.8,32.08,4334263.0,140085616.0
2009-12-28,32.08,32.5,31.63,31.87,2941047.0,94137448.0
2009-12-29,32.01,32.1,30.61,31.31,3066821.0,95868120.0
2009-12-30,31.31,32.37,31.01,31.43,2764365.0,87617760.0
2009-12-31,31.45,31.66,30.45,31.06,2082805.0,64389876.0
2010-01-04,31.38,31.4,30.77,30.96,1346908.0,41752136.0
2010-01-05,30.97,31.34,30.02,30.62,1751943.0,53529316.0
2010-01-06,30.62,30.8,30.01,30.1,1965725.0,59412942.0
2010-01-07,30.0,30.6,29.68,29.9,2034370.0,61415896.0
2010-01-08,29.8,30.19,28.39,28.98,2366203.0,68672920.0
2010-01-11,28.9,29.48,28.3,28.76,1866097.0,53871632.0
2010-01-12,28.85,30.0,28.79,29.93,2410841.0,71546641.0
2010-01-13,29.33,30.5,29.16,30.22,2481300.0,74542872.0
2010-01-14,30.6,32.98,30.6,32.4,5032188.0,161012512.0
2010-01-15,32.41,32.69,31.3,31.52,3078658.0,97881816.0
2010-01-18,31.65,31.67,30.55,30.86,2108098.0,65069776.0
2010-01-19,30.86,30.98,29.8,30.05,2376526.0,71401560.0
2010-01-20,30.06,30.1,28.88,28.94,2254713.0,65791740.0
2010-01-21,28.94,29.5,28.85,29.18,1018439.0,29716026.0
2010-01-22,28.9,28.9,27.25,27.65,2057763.0,57345692.0
2010-01-25,27.66,27.98,26.52,27.26,1840478.0,50233352.0
2010-01-26,27.3,27.85,26.2,26.41,1097202.0,29726684.0
2010-01-27,26.18,26.75,25.52,25.64,1140744.0,29509634.0
2010-01-28,24.91,25.49,24.38,24.55,1655144.0,40945052.0
2010-01-29,24.1,24.99,23.8,24.28,1467664.0,35928420.0
2010-02-01,21.85,23.24,21.85,22.25,7716529.0,170834704.0
2010-02-02,22.08,22.81,21.8,21.85,3289916.0,73066168.0
2010-02-03,21.68,21.97,20.16,21.5,3028388.0,63607684.0
2010-02-04,21.05,21.95,21.01,21.53,2265400.0,48930600.0
2010-02-05,21.0,22.25,20.5,21.88,2962075.0,64543548.0
2010-02-08,21.93,22.86,21.93,22.48,3021716.0,68140400.0
2010-02-09,22.38,22.7,21.95,22.09,1445381.0,32133946.0
2010-02-10,22.3,23.26,22.12,23.19,2849359.0,64914040.0
2010-02-11,23.19,23.8,22.85,23.41,2645337.0,61800008.0
2010-02-12,23.25,23.76,23.0,23.55,1762711.0,41310472.0
2010-02-22,23.55,23.69,23.05,23.06,1625616.0,37902420.0
2010-02-23,22.9,23.23,22.4,23.2,1895752.0,43210944.0
2010-02-24,23.21,25.0,23.2,25.0,4166206.0,101119656.0
2010-02-25,25.0,25.95,24.78,24.83,4107127.0,103815624.0
2010-02-26,24.51,25.18,24.16,24.68,2263572.0,55910340.0
2010-03-01,24.77,25.38,24.5,25.05,2092261.0,52287620.0
2010-03-02,25.05,25.27,24.8,24.93,1750804.0,43771712.0
2010-03-03,25.0,25.1,24.38,24.56,2340643.0,57474880.0
2010-03-04,24.57,24.72,23.13,23.15,2141477.0,51151876.0
2010-03-05,23.2,23.59,23.09,23.49,1501600.0,35079392.0
2010-03-08,23.5,24.0,23.46,23.78,1306794.0,30994192.0
2010-03-09,23.8,23.8,23.18,23.53,1213607.0,28494306.0
2010-03-10,23.54,23.95,23.4,23.6,1386831.0,32874046.0
2010-03-11,23.59,23.96,23.13,23.8,1897505.0,44740568.0
2010-03-12,23.86,25.8,23.7,24.8,6365725.0,158251184.0
2010-03-15,24.81,25.09,24.0,25.08,3122255.0,77311400.0
2010-03-16,25.1,25.35,24.42,24.72,1855966.0,45985312.0
2010-03-17,24.52,25.34,24.52,25.26,2785018.0,70063384.0
2010-03-18,25.3,25.77,25.03,25.17,2729054.0,69144288.0
2010-03-19,25.25,25.46,24.81,25.08,2229371.0,56030380.0
2010-03-22,25.08,25.39,24.88,25.32,2260478.0,56864956.0
2010-03-23,25.4,26.15,25.01,25.94,3949800.0,101232480.0
2010-03-24,25.88,28.3,25.66,27.32,6905124.0,187611520.0
2010-03-25,27.2,28.5,26.81,28.5,6429977.0,181056688.0
2010-03-26,28.1,28.4,27.0,27.2,3959224.0,108784096.0
2010-03-29,27.2,27.44,25.3,26.55,4230389.0,111390800.0
2010-03-30,26.43,27.29,26.01,27.04,2516602.0,67820000.0
2010-03-31,27.03,28.25,26.8,28.01,3700334.0,102826144.0
2010-04-01,28.02,29.3,27.7,28.0,5254556.0,150723696.0
2010-04-02,27.2,27.97,27.2,27.71,3128536.0,86286296.0
2010-04-06,27.65,28.87,27.5,28.34,2731743.0,77389392.0
2010-04-07,27.92,28.97,27.81,28.88,4604834.0,131243360.0
2010-04-08,28.93,29.53,28.25,28.25,4587329.0,132742736.0
2010-04-09,28.01,28.99,27.82,28.88,3784973.0,108073280.0
2010-04-12,28.92,29.49,28.71,29.48,4306936.0,125381544.0
2010-04-13,29.5,29.6,26.63,27.15,5003041.0,139159952.0
2010-04-14,26.77,27.19,25.88,26.49,2734842.0,72446512.0
2010-04-15,26.6,26.85,24.75,25.06,4088539.0,103983056.0
2010-04-16,24.9,25.65,24.4,25.4,2194396.0,55680972.0
2010-04-19,25.05,25.74,24.21,24.25,2296768.0,57635252.0
2010-04-20,24.28,24.74,22.51,23.84,1819752.0,42945584.0
2010-04-21,23.84,24.96,23.5,24.94,1879511.0,45995536.0
2010-04-22,24.88,25.88,24.61,25.42,2164294.0,55003544.0
2010-04-23,25.38,25.7,24.55,24.9,1794380.0,44957496.0
2010-04-26,24.99,25.05,24.01,24.33,1139813.0,27878312.0
2010-04-27,24.09,24.1,22.72,23.35,1638242.0,38321304.0
2010-04-28,23.03,23.67,22.6,23.37,1067397.0,24871430.0
2010-04-29,23.47,23.79,22.7,22.7,1076601.0,25139540.0
2010-04-30,23.0,23.0,21.67,22.27,996768.0,22245578.0
2010-05-04,21.96,22.5,21.57,22.13,782342.0,17369558.0
2010-05-06,22.78,23.52,22.3,22.3,1937238.0,44412456.0
2010-05-07,21.6,22.6,21.29,22.05,1168052.0,25803150.0
2010-05-10,22.02,22.45,20.41,21.12,1079750.0,23101124.0
2010-05-11,21.49,21.85,20.5,20.6,1036226.0,21987202.0
2010-05-12,20.61,20.86,19.38,20.05,1279205.0,25687068.0
2010-05-13,20.05,20.63,19.6,20.6,1021605.0,20558078.0
2010-05-14,20.42,20.79,20.19,20.64,862889.0,17734998.0
2010-05-17,20.64,20.64,19.11,19.12,956247.0,18997226.0
2010-05-18,18.96,19.42,18.01,19.21,1245793.0,23426540.0
2010-05-19,19.14,19.68,18.66,19.46,1422274.0,27399922.0
2010-05-20,19.46,19.5,18.69,18.78,1063388.0,16892792.0
2010-05-21,18.11,19.24,17.82,19.24,1490615.0,23018750.0
2010-05-24,19.24,20.51,19.21,20.39,1911757.0,31787400.0
2010-05-25,20.2,20.93,20.03,20.39,2198868.0,37354776.0
2010-05-26,21.39,22.43,21.39,22.43,1725875.0,31817966.0
2010-05-27,23.65,23.65,22.44,23.27,6539149.0,125764120.0
2010-05-28,23.63,23.65,22.74,23.16,3591129.0,68678360.0
2010-05-31,22.38,23.09,21.59,21.59,3234653.0,60188496.0
2010-06-01,21.34,21.34,20.09,20.62,2227296.0,38162692.0
2010-06-02,20.32,21.33,20.28,21.33,1697451.0,29332900.0
2010-06-03,21.47,22.3,21.12,21.66,2720716.0,48931708.0
2010-06-04,21.63,22.14,21.57,22.1,2030292.0,36790928.0
2010-06-07,21.72,23.52,21.29,23.42,5493274.0,104042672.0
2010-06-08,24.25,25.09,23.52,23.77,5982246.0,119542576.0
2010-06-09,23.89,24.45,23.02,23.41,4823767.0,94966008.0
2010-06-10,23.42,24.13,23.28,23.95,3386549.0,66817680.0
2010-06-11,24.12,24.12,23.65,23.66,2751620.0,54241784.0
2010-06-18,21.9,22.4,21.29,21.29,3033956.0,54647296.0
2010-06-21,20.99,22.03,20.57,22.02,2186648.0,38854804.0
2010-06-22,21.97,22.49,21.69,21.87,1405679.0,25766172.0
2010-06-23,21.8,22.23,21.29,21.78,1398297.0,25235680.0
2010-06-24,22.14,23.61,22.14,23.25,4109051.0,78852024.0
2010-06-25,23.27,24.29,23.02,23.8,5879939.0,115878520.0
2010-06-28,23.51,23.51,22.08,22.33,2868428.0,54046688.0
2010-06-29,22.17,22.48,20.55,20.57,2734318.0,47944720.0
2010-06-30,20.38,21.31,19.36,21.17,2394210.0,40483056.0
2010-07-01,20.88,21.23,20.23,20.51,1654297.0,28480032.0
2010-07-02,20.53,20.96,19.38,20.63,1620483.0,27205208.0
2010-07-05,20.44,20.44,19.68,19.79,1226389.0,20347786.0
2010-07-06,19.87,20.48,19.54,20.39,1284360.0,21544008.0
2010-07-07,20.51,20.79,20.05,20.7,1280682.0,21840918.0
2010-07-08,20.63,20.87,20.05,20.36,1363887.0,23061108.0
2010-07-09,20.63,21.47,20.06,21.15,1989079.0,34539756.0
2010-07-12,21.09,21.59,20.94,21.43,1799232.0,31700166.0
2010-07-13,21.35,21.43,20.69,21.26,1678774.0,29335010.0
2010-07-14,21.23,21.45,20.87,21.15,1541350.0,27117276.0
2010-07-15,21.15,21.18,20.09,20.11,1398738.0,23879540.0
2010-07-16,19.94,20.65,19.79,20.65,1142667.0,19037490.0
2010-07-19,20.16,20.94,20.15,20.89,1155352.0,19852512.0
2010-07-20,20.82,21.47,20.82,21.35,1802351.0,31667882.0
2010-07-21,21.35,21.92,21.23,21.43,2143498.0,38339256.0
2010-07-22,21.34,21.68,21.12,21.54,1801700.0,31994900.0
2010-07-23,21.69,22.44,21.32,21.98,3296373.0,60120804.0
2010-07-26,21.97,22.1,21.66,22.04,1795139.0,32606672.0
2010-07-27,22.05,22.14,21.56,21.56,1839859.0,33149174.0
2010-07-28,21.56,22.03,21.47,21.99,1914120.0,34700100.0
2010-07-29,22.05,23.08,21.78,22.9,4622016.0,86229904.0
2010-07-30,22.66,23.77,22.5,23.57,4808644.0,92236352.0
2010-08-02,23.48,25.7,23.31,25.13,5892385.0,121088040.0
2010-08-03,25.18,25.77,24.26,24.32,5996580.0,124566160.0
2010-08-04,23.6,24.2,23.38,24.12,3756931.0,74042120.0
2010-08-05,24.13,24.49,23.79,24.24,2759507.0,55232940.0
2010-08-06,24.1,24.33,23.77,24.25,2724582.0,54398168.0
2010-08-09,24.33,24.6,24.15,24.49,2683516.0,54242844.0
2010-08-10,24.49,24.6,23.14,23.14,2813599.0,55567024.0
2010-08-11,23.02,23.5,22.92,23.22,1482057.0,28432010.0
2010-08-12,22.97,23.6,22.75,23.15,1876424.0,36141532.0
2010-08-13,23.1,23.41,22.75,23.34,1422878.0,27308138.0
2010-08-16,23.22,24.0,23.22,24.0,2616228.0,51233844.0
2010-08-17,24.03,24.37,23.84,24.13,2348240.0,46929632.0
2010-08-18,24.13,24.13,23.45,23.63,1953017.0,38388924.0
2010-08-19,23.62,23.86,23.36,23.57,1704831.0,33370232.0
2010-08-20,23.52,23.57,22.58,22.77,2071196.0,39382904.0
2010-08-23,22.8,23.13,22.52,22.7,1075219.0,20266834.0
2010-08-24,22.68,23.07,22.61,23.03,1080519.0,20543386.0
2010-08-25,23.03,23.03,21.97,21.98,1532715.0,28508452.0
2010-08-26,21.98,22.3,21.93,22.11,1002147.0,18332906.0
2010-08-27,22.08,22.21,21.69,22.21,907032.0,16573326.0
2010-08-30,22.21,22.8,22.21,22.67,1304074.0,24400808.0
2010-08-31,22.73,22.8,22.38,22.64,1397287.0,26155436.0
2010-09-01,22.56,22.79,21.59,21.95,1675179.0,30957404.0
2010-09-02,22.19,22.2,21.59,22.14,1597424.0,29014590.0
2010-09-03,22.08,22.78,21.74,22.56,2002451.0,37186364.0
2010-09-06,22.56,22.68,22.05,22.36,1671940.0,30978680.0
2010-09-07,22.26,22.5,22.11,22.45,1221618.0,22585852.0
2010-09-08,22.5,22.77,22.2,22.68,1592008.0,29890728.0
2010-09-09,22.78,23.14,22.45,22.66,2018796.0,38144192.0
2010-09-10,22.92,23.02,21.99,22.7,1752528.0,32734348.0
2010-09-13,22.8,23.03,22.5,22.87,2320378.0,43692552.0
2010-09-14,22.92,22.97,22.09,22.27,2243054.0,41894908.0
2010-09-15,22.14,22.16,20.52,20.64,3832987.0,67164576.0
2010-09-16,20.64,20.76,19.98,20.24,1835485.0,30831364.0
2010-09-17,20.24,20.45,19.92,20.1,1044987.0,17464414.0
2010-09-21,19.81,19.81,18.76,19.02,2046855.0,32411524.0
2010-09-27,18.86,19.27,18.66,19.21,1311080.0,20659540.0
2010-09-28,19.24,19.27,18.76,18.8,1190233.0,18707718.0
2010-09-29,18.8,18.93,18.16,18.2,1251278.0,19223254.0
2010-09-30,18.18,18.61,18.1,18.53,727202.0,11137808.0
2010-10-08,18.64,19.3,18.64,19.16,1181813.0,18671458.0
2010-10-11,19.18,19.76,18.92,19.45,2006410.0,32202904.0
2010-10-12,19.43,19.65,19.16,19.53,1731349.0,28000690.0
2010-10-13,19.64,19.86,19.21,19.86,1801475.0,29092276.0
2010-10-14,19.85,19.99,19.33,19.34,1954904.0,31867204.0
2010-10-15,19.15,19.32,18.74,18.82,1794710.0,28162948.0
2010-10-18,18.96,19.02,18.13,18.55,1473935.0,22454362.0
2010-10-19,18.52,20.41,18.52,20.41,2897049.0,48222780.0
2010-10-20,21.79,22.2,20.75,20.86,7682936.0,136378736.0
2010-10-21,20.2,20.55,19.99,20.39,3265587.0,54806816.0
2010-10-22,20.38,21.68,20.17,20.76,3613000.0,62910324.0
2010-10-25,20.73,21.28,20.56,21.14,3142282.0,54723420.0
2010-10-26,21.09,21.09,20.33,20.85,2796743.0,47807520.0
2010-10-27,20.75,21.1,20.34,20.36,2201175.0,37657108.0
2010-10-28,20.27,20.48,20.16,20.48,1214109.0,20459794.0
2010-10-29,20.48,20.99,20.39,20.7,2628527.0,45293224.0
2010-11-01,20.77,21.47,20.77,21.28,4229316.0,74236664.0
2010-11-02,21.02,21.63,20.15,20.47,3855976.0,66842200.0
2010-11-03,20.26,20.48,19.91,19.99,1887766.0,31455010.0
2010-11-04,19.99,20.24,19.62,20.24,2662157.0,43759124.0
2010-11-05,20.45,20.45,20.0,20.3,2152850.0,36043096.0
2010-11-08,20.29,20.89,20.23,20.79,4126209.0,70704704.0
2010-11-09,20.79,20.94,20.63,20.87,3459256.0,59641416.0
2010-11-10,20.96,21.29,20.82,21.03,7819735.0,136724304.0
2010-11-11,21.17,21.57,20.7,20.7,6577797.0,115627856.0
2010-11-12,20.39,20.85,19.16,19.23,4325060.0,71629864.0
2010-11-15,19.24,20.15,19.24,20.1,4264236.0,69952368.0
2010-11-16,20.03,20.73,19.5,19.88,4474662.0,75277160.0
2010-11-17,20.07,20.73,19.76,19.91,4001306.0,67209904.0
2010-11-18,19.98,20.29,19.33,20.12,3220637.0,52814900.0
2010-11-19,20.21,21.11,20.0,21.05,10420738.0,178887216.0
2010-11-22,21.04,21.7,20.75,21.57,10520501.0,186236768.0
2010-11-23,21.52,21.52,20.36,21.02,6634248.0,114888392.0
2010-11-24,20.94,21.72,20.79,21.66,8389192.0,148379120.0
2010-11-25,21.91,22.17,21.18,21.26,7798647.0,139462752.0
2010-11-26,21.11,21.56,20.99,21.31,4506840.0,79548888.0
2010-11-29,21.29,22.0,21.14,21.75,6798289.0,122390240.0
2010-11-30,21.85,21.96,20.04,20.67,7000562.0,121290944.0
2010-12-01,20.63,20.75,20.29,20.34,2827337.0,47909496.0
2010-12-02,20.55,20.69,20.34,20.39,2556921.0,43448264.0
2010-12-03,20.39,20.57,19.74,20.03,2882115.0,47924848.0
2010-12-06,20.03,20.16,19.48,19.66,2074897.0,33948256.0
2010-12-07,19.54,20.11,19.21,20.02,4846903.0,78501424.0
2010-12-08,19.85,20.05,19.64,19.69,2443149.0,40141948.0
2010-12-09,19.7,19.7,19.4,19.4,1897383.0,30680146.0
2010-12-10,19.3,19.71,19.23,19.64,1539207.0,24895382.0
2010-12-13,19.63,20.24,19.6,20.15,3207245.0,53249000.0
2010-12-14,20.06,20.36,20.03,20.2,3052955.0,51097828.0
2010-12-15,20.27,20.87,20.26,20.56,5551791.0,94752584.0
2010-12-16,20.55,21.33,20.55,20.92,5857969.0,102180992.0
2010-12-17,20.93,21.23,20.5,20.75,2775718.0,47924812.0
2010-12-20,20.76,21.08,19.66,20.3,3318745.0,56110088.0
2010-12-21,20.45,20.87,20.21,20.8,2437686.0,41557792.0
2010-12-22,20.8,20.97,20.36,20.44,2092499.0,35653008.0
2010-12-23,20.39,20.56,19.79,19.89,1734236.0,28865342.0
2010-12-24,19.85,19.85,19.42,19.71,1349041.0,21986006.0
2010-12-27,19.91,19.97,19.12,19.25,2017535.0,32609838.0
2010-12-28,19.12,19.12,18.7,18.74,1454003.0,22746000.0
2010-12-29,18.7,19.12,18.7,19.07,976314.0,15351366.0
2010-12-30,19.17,19.17,18.71,18.92,989814.0,15573267.0
2010-12-31,18.94,19.36,18.88,19.32,1105684.0,17573668.0
2011-01-04,19.46,19.5,19.19,19.48,1432332.0,23013202.0
2011-01-05,19.32,19.68,19.18,19.52,2179274.0,34963484.0
2011-01-06,19.53,19.59,19.19,19.21,1154914.0,18474956.0
2011-01-07,19.22,19.33,19.01,19.1,1301934.0,20685978.0
2011-01-10,19.12,19.32,18.75,18.87,1223195.0,19321912.0
2011-01-11,19.16,19.47,18.78,18.88,2438688.0,38573652.0
2011-01-12,19.07,19.16,18.74,19.1,2651835.0,41505780.0
2011-01-13,19.36,19.36,18.94,18.99,1487772.0,23556046.0
2011-01-14,19.05,19.05,18.34,18.4,1921067.0,29443428.0
2011-01-17,18.27,18.4,16.87,16.89,3398072.0,49253172.0
2011-01-18,16.77,17.01,16.71,16.9,1102724.0,15441870.0
2011-01-19,17.07,17.17,16.93,17.14,1308416.0,18507184.0
2011-01-20,17.14,17.14,16.12,16.14,2078680.0,28621968.0
2011-01-21,15.89,16.44,15.89,16.29,1203345.0,16139851.0
2011-01-24,16.29,16.37,16.0,16.0,1080867.0,14461186.0
2011-01-25,16.05,16.23,15.83,15.93,861715.0,11373608.0
2011-01-26,15.93,16.39,15.93,16.26,768375.0,10334516.0
2011-01-27,16.21,16.53,16.0,16.41,1122103.0,15221060.0
2011-01-28,16.44,16.61,16.36,16.55,851797.0,11666795.0
2011-01-31,16.55,16.7,16.42,16.6,943349.0,12962232.0
2011-02-01,16.53,16.84,16.49,16.81,1033739.0,14302235.0
2011-02-09,16.36,16.78,16.36,16.53,962462.0,13227260.0
2011-02-10,16.38,17.19,16.38,17.16,1965995.0,27737942.0
2011-02-11,17.2,17.53,17.07,17.29,1434465.0,20527752.0
2011-02-14,17.28,17.5,17.07,17.48,2247462.0,32283088.0
2011-02-15,17.52,17.6,17.3,17.36,2231399.0,32294084.0
2011-02-16,17.36,17.5,17.12,17.5,2049570.0,29469938.0
2011-02-17,17.54,17.65,17.36,17.61,2518897.0,36570544.0
2011-02-18,17.58,17.6,17.16,17.26,1802813.0,25875700.0
2011-02-21,17.25,17.58,17.14,17.55,1875883.0,27006662.0
2011-02-22,17.52,17.64,17.01,17.06,2564227.0,36871380.0
2011-02-23,17.05,17.24,16.89,17.19,1796527.0,25422524.0
2011-02-24,17.19,17.86,17.16,17.72,3469184.0,50646572.0
2011-02-25,18.02,18.02,17.42,17.55,1892383.0,27587052.0
2011-02-28,17.63,17.7,17.47,17.61,2151658.0,31367954.0
2011-03-01,17.67,18.04,17.57,17.83,3584381.0,52816980.0
2011-03-02,18.16,18.82,18.05,18.2,6067293.0,92163736.0
2011-03-03,18.04,18.45,17.73,17.8,3489901.0,52367904.0
2011-03-04,17.73,17.99,17.69,17.96,2179549.0,32180496.0
2011-03-07,17.98,18.08,17.86,18.0,2749531.0,40887760.0
2011-03-08,18.05,18.07,17.83,17.95,1903885.0,28289446.0
2011-03-09,17.95,17.99,17.75,17.84,1875832.0,27770462.0
2011-03-10,17.84,18.22,17.76,18.04,3066964.0,45861048.0
2011-03-11,18.01,18.25,17.83,17.99,2721246.0,40748748.0
2011-03-14,17.87,18.1,17.8,18.1,2523690.0,37540576.0
2011-03-15,18.06,18.06,17.41,17.59,2685534.0,39295964.0
2011-03-16,17.61,17.8,17.59,17.76,1591944.0,23351584.0
2011-03-17,17.61,17.75,17.25,17.3,2474095.0,35843412.0
2011-03-18,17.35,17.49,17.14,17.31,1807783.0,25876020.0
2011-03-22,17.59,17.86,17.32,17.48,1524840.0,22153144.0
2011-03-23,17.39,18.08,17.39,18.07,2257136.0,33213776.0
2011-03-24,17.91,18.64,17.91,18.47,4732813.0,72040224.0
2011-03-25,18.52,19.4,18.32,18.96,7190317.0,113115400.0
2011-03-28,19.12,19.12,18.46,18.7,4668553.0,72395672.0
2011-03-29,18.58,18.58,18.11,18.16,2975016.0,45041472.0
2011-03-30,18.11,18.4,18.11,18.2,2068627.0,31298802.0
2011-03-31,18.32,18.4,17.75,17.91,2221387.0,33240332.0
2011-04-01,17.96,18.02,17.47,17.64,3649211.0,53289064.0
2011-04-06,17.55,17.6,17.24,17.39,2654707.0,38192364.0
2011-04-07,17.42,17.69,17.38,17.6,1912157.0,27822256.0
2011-04-08,17.61,17.86,17.57,17.83,1900972.0,27974502.0
2011-04-11,17.91,17.95,17.66,17.73,1879189.0,27679864.0
2011-04-12,17.76,17.83,17.65,17.7,1446110.0,21264282.0
2011-04-13,17.71,18.08,17.69,18.07,2013742.0,29945652.0
2011-04-14,18.1,18.16,17.88,17.94,1793834.0,26774734.0
2011-04-15,17.94,18.1,17.59,17.63,2178759.0,32018572.0
2011-04-18,17.64,17.84,17.54,17.66,1405301.0,20549062.0
2011-04-20,17.61,17.9,17.45,17.84,1943481.0,28536456.0
2011-04-21,17.9,18.18,17.78,18.08,2533514.0,37862444.0
2011-04-22,18.1,18.22,17.95,18.14,2320112.0,34770040.0
2011-04-25,18.08,18.3,17.69,17.73,3023042.0,45315516.0
2011-04-26,17.49,17.57,16.87,17.02,2799697.0,39893896.0
2011-04-27,17.04,17.19,16.59,16.65,1661559.0,23204754.0
2011-04-28,16.59,16.83,16.08,16.12,1810368.0,24636192.0
2011-04-29,16.11,16.49,16.09,16.38,924050.0,12515906.0
2011-05-03,16.41,16.71,16.3,16.7,675670.0,9279424.0
2011-05-04,16.54,16.67,16.14,16.23,1026364.0,13914185.0
2011-05-05,16.27,16.5,16.13,16.39,1331488.0,18026714.0
2011-05-06,16.3,16.58,16.17,16.47,914790.0,12445032.0
2011-05-09,16.58,16.67,16.43,16.64,886263.0,12170748.0
2011-05-10,16.75,16.75,16.53,16.62,744467.0,10249899.0
2011-05-11,16.62,16.71,16.53,16.64,891739.0,12284783.0
2011-05-12,16.5,16.55,16.31,16.32,964166.0,13141612.0
2011-05-13,16.38,16.53,16.14,16.53,856312.0,11597010.0
2011-05-16,16.52,16.73,16.49,16.66,957805.0,13198795.0
2011-05-17,16.6,16.65,16.26,16.53,882289.0,12038734.0
2011-05-18,16.35,16.64,16.32,16.58,616570.0,8454452.0
2011-05-19,16.64,16.65,16.36,16.37,733601.0,10034659.0
2011-05-20,16.39,16.53,16.34,16.41,419721.0,5713962.0
2011-05-23,16.34,16.34,15.32,15.36,1379194.0,18066022.0
2011-05-24,15.35,16.2,15.06,15.89,2071898.0,26867076.0
2011-05-25,15.89,15.9,15.35,15.37,787723.0,10209222.0
2011-05-26,15.43,15.8,15.36,15.36,794181.0,10204058.0
2011-05-27,15.25,15.5,15.15,15.24,950672.0,12048853.0
2011-05-30,15.24,15.74,15.24,15.44,1318502.0,17015724.0
2011-05-31,15.44,15.85,15.44,15.77,855594.0,11071742.0
2011-06-01,15.93,15.98,15.72,15.85,848778.0,11150993.0
2011-06-02,15.74,15.74,15.36,15.59,1266797.0,16332607.0
2011-06-03,15.62,15.75,15.53,15.71,1918530.0,16361562.0
2011-06-07,15.64,15.73,15.47,15.6,1341800.0,11394206.0
2011-06-08,15.64,15.64,15.35,15.49,1121396.0,9443667.0
2011-06-09,15.47,15.66,15.31,15.31,1651116.0,13881602.0
2011-06-10,15.27,15.44,15.11,15.44,1614840.0,13398828.0
2011-06-13,15.25,15.71,15.11,15.51,1500259.0,12651430.0
2011-06-14,15.44,15.68,15.38,15.6,1423321.0,12071816.0
2011-06-15,15.53,15.62,15.33,15.33,1228893.0,10338639.0
2011-06-16,15.25,15.29,14.76,14.94,1814996.0,14834119.0
2011-06-17,14.76,14.96,14.65,14.74,1191010.0,9598253.0
2011-06-20,14.7,14.78,14.24,14.41,2192325.0,17207244.0
2011-06-21,14.41,14.61,14.32,14.54,1286186.0,10124869.0
2011-06-22,14.52,14.63,13.97,14.17,2529512.0,19557410.0
2011-06-23,14.12,14.85,13.99,14.74,3996721.0,31709430.0
2011-06-24,14.59,15.03,14.52,14.9,4308384.0,34694712.0
2011-06-27,14.96,15.22,14.68,15.11,7232390.0,58720612.0
2011-06-28,15.02,15.11,14.87,15.02,3024857.0,24662378.0
2011-06-29,15.02,15.16,14.79,14.81,2463955.0,20071556.0
2011-06-30,14.81,15.07,14.78,14.96,2166418.0,17607758.0
2011-07-01,15.03,15.25,14.96,15.07,3488891.0,28659448.0
2011-07-04,15.16,15.4,15.07,15.4,4092884.0,34110744.0
2011-07-05,15.4,15.62,15.25,15.59,3872731.0,32519900.0
2011-07-06,15.51,15.59,15.31,15.49,3273619.0,27521078.0
2011-07-07,15.42,15.81,15.33,15.57,4428853.0,37558712.0
2011-07-08,15.57,15.57,15.25,15.36,2668826.0,22333404.0
2011-07-11,15.31,15.44,15.27,15.42,1820641.0,15231726.0
2011-07-12,15.31,15.31,15.09,15.13,3052131.0,25193318.0
2011-07-13,15.13,15.53,15.11,15.44,2367102.0,19728308.0
2011-07-14,15.44,16.52,15.38,16.32,7418728.0,64234900.0
2011-07-15,16.14,16.71,16.04,16.61,9070447.0,81470552.0
2011-07-18,16.61,16.8,16.27,16.38,5254442.0,46941520.0
2011-07-19,16.32,16.32,15.92,16.05,3050672.0,26647418.0
2011-07-21,16.03,16.45,15.99,16.34,5484023.0,48413344.0
2011-07-22,16.32,17.4,16.27,17.04,11299044.0,104355592.0
2011-07-25,16.96,17.24,16.27,16.32,6634326.0,60307556.0
2011-07-26,16.21,16.63,16.04,16.61,4140209.0,36857248.0
2011-07-27,16.54,16.85,16.3,16.76,4754172.0,43073128.0
2011-07-28,16.54,16.76,16.21,16.5,2949619.0,26374892.0
2011-07-29,16.38,17.18,16.38,17.09,9884838.0,91227880.0
2011-10-11,15.81,17.37,15.38,15.53,11268792.0,98263464.0
2011-10-12,14.87,15.53,14.12,15.37,6948597.0,56698264.0
2011-10-13,15.35,15.95,15.02,15.77,5790705.0,49052756.0
2011-10-14,15.6,15.7,15.03,15.47,4542889.0,37971908.0
2011-10-17,15.4,15.62,15.11,15.4,3258741.0,27203454.0
2011-10-18,15.18,15.29,14.3,14.34,4630085.0,37119748.0
2011-10-19,14.37,14.79,14.24,14.32,2410001.0,18999334.0
2011-10-20,14.22,14.5,13.49,13.75,2804040.0,21199376.0
2011-10-21,13.75,13.84,13.01,13.1,2308917.0,16791728.0
2011-10-24,13.21,13.47,12.87,13.42,2581357.0,18607114.0
2011-10-25,13.42,14.15,13.25,13.93,3487746.0,26193282.0
2011-10-26,13.78,15.33,13.75,15.07,8954731.0,72239672.0
2011-10-27,14.9,14.9,14.48,14.61,5676161.0,45355980.0
2011-10-28,14.7,15.22,14.48,15.05,5787377.0,46939124.0
2011-10-31,14.89,15.4,14.74,15.2,3922192.0,32345044.0
2011-11-01,15.03,15.31,14.74,14.96,4273565.0,34965828.0
2011-11-02,14.7,15.66,14.43,15.53,6789903.0,55790604.0
2011-11-03,15.82,16.67,15.7,15.71,9381980.0,82332544.0
2011-11-04,15.77,16.69,15.73,16.39,8739851.0,77237024.0
2011-11-07,16.17,17.04,16.05,16.41,6734665.0,60802208.0
2011-11-08,16.54,16.54,15.82,15.9,4176909.0,36621460.0
2011-11-09,16.58,17.5,16.58,17.5,27994732.0,264126128.0
2011-11-10,17.37,19.24,17.18,18.56,38893436.0,385360960.0
2011-11-11,18.2,18.32,17.66,17.88,19194280.0,187425056.0
2011-11-14,18.05,18.23,17.68,18.12,14646399.0,143309168.0
2011-11-15,17.92,18.12,17.52,17.77,11611882.0,112057136.0
2011-11-16,17.77,17.9,16.76,16.91,10992342.0,103810912.0
2011-11-17,16.84,17.18,16.6,16.84,8473039.0,77857168.0
2011-11-18,16.63,17.02,16.19,16.39,7057229.0,63643196.0
2011-11-21,16.28,16.63,16.14,16.58,4390106.0,39192312.0
2011-11-22,16.36,16.69,15.97,16.6,4828857.0,43160188.0
2011-11-23,16.58,16.74,15.97,16.06,5203709.0,46455940.0
2011-11-25,16.5,17.17,16.12,16.25,9627979.0,87283608.0
2011-11-28,16.01,16.45,15.55,15.71,6640962.0,57516764.0
2011-11-29,15.84,15.88,15.18,15.7,6800820.0,57357636.0
2011-11-30,15.59,15.59,14.13,14.22,9117534.0,72598776.0
2011-12-01,14.72,14.83,14.32,14.32,6943584.0,55210504.0
2011-12-02,14.19,14.43,13.56,14.41,5839365.0,44716728.0
2011-12-05,14.28,14.43,13.62,13.69,3812335.0,29136306.0
2011-12-06,13.69,14.3,13.62,14.13,4036011.0,30546914.0
2011-12-07,14.15,14.28,13.93,14.21,3582659.0,27571964.0
2011-12-08,14.1,14.65,13.69,14.3,5893121.0,45671980.0
2011-12-09,14.12,14.32,13.82,13.89,3193005.0,24404112.0
2011-12-12,13.82,14.06,13.69,13.73,2300166.0,17395706.0
2011-12-13,13.69,13.69,13.16,13.25,3890935.0,28185108.0
2011-12-14,13.16,13.38,12.96,12.99,3005890.0,21535368.0
2011-12-15,12.83,13.05,12.66,12.7,3417747.0,23863742.0
2011-12-16,12.72,13.4,12.7,13.36,3819892.0,27013312.0
2011-12-19,13.36,13.64,12.99,13.6,5306590.0,38512396.0
2011-12-20,13.56,13.75,13.29,13.32,3585990.0,26435798.0
2011-12-21,13.32,13.53,12.64,12.77,4637849.0,33358578.0
2011-12-22,12.61,12.68,11.82,12.29,4953674.0,32990382.0
2011-12-23,12.26,12.59,11.95,12.33,5191995.0,34652888.0
2011-12-26,12.35,12.79,12.19,12.33,3708254.0,25212442.0
2011-12-27,12.29,12.33,11.71,11.78,3201304.0,20965490.0
2011-12-28,11.6,11.76,11.23,11.65,3123244.0,19514504.0
2011-12-29,11.54,11.85,11.43,11.6,2171197.0,13761851.0
2011-12-30,11.74,11.98,11.67,11.8,2541507.0,16372863.0
2012-01-04,11.95,12.04,11.3,11.34,2781231.0,17725804.0
2012-01-05,11.3,11.45,10.75,10.81,3127032.0,18914588.0
2012-01-06,10.82,11.17,10.51,11.1,2690959.0,15846085.0
2012-01-09,11.58,12.2,11.54,12.2,9338163.0,61588948.0
2012-01-10,12.31,12.9,12.28,12.63,13123840.0,89772736.0
2012-01-11,12.42,12.76,12.33,12.63,7659490.0,52321436.0
2012-01-12,12.52,12.7,12.37,12.55,5670168.0,38696144.0
2012-01-13,12.72,13.14,11.96,12.07,6792927.0,46101560.0
2012-01-16,11.74,11.84,11.19,11.23,4075865.0,25652262.0
2012-01-17,11.17,12.28,11.12,12.02,5483890.0,34893964.0
2012-01-18,12.04,12.2,11.41,11.47,5173571.0,33363022.0
2012-01-19,11.43,11.85,11.36,11.8,3888033.0,24699044.0
2012-01-30,12.04,12.11,11.8,11.85,3598118.0,23381540.0
2012-01-31,11.63,11.84,11.34,11.78,3001865.0,18907242.0
2012-02-01,11.67,11.91,11.45,11.52,3219229.0,20417442.0
2012-02-02,11.52,11.76,11.52,11.76,2902467.0,18397932.0
2012-02-03,11.8,12.26,11.69,12.19,5802835.0,38006792.0
2012-02-06,12.2,12.41,12.06,12.33,4659652.0,30965032.0
2012-02-07,12.24,12.59,11.98,12.42,5800722.0,38826024.0
2012-02-08,12.31,12.74,12.2,12.74,6180722.0,42184732.0
2012-02-09,12.61,13.01,12.55,12.66,6010871.0,41898188.0
2012-02-10,12.59,12.81,12.42,12.55,3959060.0,27188356.0
2012-02-13,12.5,12.87,12.41,12.76,4257112.0,29467946.0
2012-02-14,12.83,12.87,12.5,12.68,3793154.0,26215400.0
2012-02-15,12.68,13.42,12.63,13.23,9145881.0,65522224.0
2012-02-16,13.16,13.69,13.09,13.31,7561961.0,54893864.0
2012-02-17,13.31,13.47,12.83,12.99,5201087.0,36965072.0
2012-02-20,13.23,13.38,13.09,13.16,5086573.0,36630256.0
2012-02-21,13.16,13.58,12.97,13.58,6767361.0,49028812.0
2012-02-22,13.88,14.3,13.75,13.97,9544285.0,72384640.0
2012-02-23,13.88,14.1,13.58,13.86,7467938.0,56277112.0
2012-02-24,13.86,14.26,13.71,14.15,7179512.0,54904120.0
2012-02-27,14.17,14.28,13.97,13.97,7117767.0,54685320.0
2012-02-28,13.86,13.91,13.4,13.54,5970507.0,44251600.0
2012-02-29,13.6,13.69,13.42,13.56,3873656.0,28532962.0
2012-03-01,13.93,14.22,13.62,13.65,5910489.0,44531552.0
2012-03-02,13.65,13.84,13.58,13.84,5029116.0,37569764.0
2012-03-05,13.88,13.91,13.58,13.62,4623306.0,34557448.0
2012-03-06,13.58,13.62,13.2,13.38,4809053.0,34972552.0
2012-03-07,13.25,13.51,13.14,13.47,4500597.0,32767748.0
2012-03-08,13.78,14.15,13.62,13.69,7130615.0,53743764.0
2012-03-09,13.6,13.99,13.56,13.95,6059974.0,45576768.0
2012-03-12,13.89,14.04,13.77,13.93,3914607.0,29556884.0
2012-03-13,13.89,14.15,13.89,14.15,5968374.0,45556720.0
2012-03-14,14.24,14.26,12.94,13.03,9333113.0,69705232.0
2012-03-15,13.05,13.16,12.46,12.55,7480568.0,51752264.0
2012-03-16,12.59,13.09,12.5,13.05,5531064.0,38389140.0
2012-03-19,12.99,13.18,12.79,13.14,4775833.0,33785704.0
2012-03-20,13.1,13.1,12.74,12.76,3795379.0,26564868.0
2012-03-21,12.79,13.01,12.63,12.92,2933698.0,20469544.0
2012-03-22,12.92,12.99,12.77,12.87,2168710.0,15196970.0
2012-03-23,12.87,12.87,12.31,12.5,2963180.0,20316182.0
2012-03-26,12.44,12.53,12.35,12.41,1321819.0,8941267.0
2012-03-27,12.53,12.64,12.41,12.41,1988221.0,13530481.0
2012-03-28,12.39,12.39,11.58,11.63,3246814.0,21021994.0
2012-03-29,11.51,11.85,11.39,11.8,2853620.0,18094528.0
2012-03-30,11.93,12.83,11.78,12.46,6387403.0,42670532.0
2012-04-05,12.41,12.68,12.26,12.63,4331537.0,29398534.0
2012-04-06,12.59,12.64,12.37,12.5,2462801.0,16738211.0
2012-04-09,12.46,12.5,12.22,12.26,1983967.0,13347301.0
2012-04-10,12.15,12.39,11.89,12.39,2165125.0,14297800.0
2012-04-11,12.2,12.44,12.0,12.35,1972168.0,13200331.0
2012-04-12,12.41,12.64,12.24,12.59,3224734.0,21879594.0
2012-04-13,12.55,12.9,12.52,12.87,4189099.0,29099856.0
2012-04-16,12.74,14.15,12.74,14.15,3019386.0,22885442.0
2012-04-17,14.52,15.0,13.62,13.69,17448768.0,137045968.0
2012-04-18,13.42,13.95,13.38,13.75,7047727.0,52455496.0
2012-04-19,13.73,14.04,13.51,13.62,5647989.0,42025236.0
2012-04-20,13.62,13.71,13.44,13.65,4267405.0,31537374.0
2012-04-23,13.53,13.53,12.42,12.52,8189951.0,57760188.0
2012-04-24,12.22,12.63,11.89,12.52,4732348.0,31635782.0
2012-04-25,12.52,12.64,12.37,12.59,3360815.0,22888628.0
2012-04-26,12.72,12.85,12.5,12.61,2923987.0,20160802.0
2012-04-27,12.55,12.92,12.55,12.7,3210247.0,22364456.0
2012-05-02,12.87,12.97,12.72,12.81,2578869.0,18038192.0
2012-05-03,12.77,13.03,12.76,13.03,2945931.0,20723778.0
2012-05-04,12.99,13.12,12.96,13.1,2728412.0,19373742.0
2012-05-07,13.09,13.27,12.96,13.23,3107173.0,22119756.0
2012-05-08,13.23,13.32,13.09,13.23,2685413.0,19297598.0
2012-05-09,13.16,13.16,12.87,12.88,2549588.0,17942230.0
2012-05-10,12.87,13.1,12.87,13.03,2025157.0,14328800.0
2012-05-11,13.03,13.07,12.87,12.88,2147434.0,15128973.0
2012-05-14,12.97,12.99,12.66,12.68,2836831.0,19767128.0
2012-05-15,12.63,12.63,12.37,12.57,2007140.0,13631175.0
2012-05-16,12.55,12.64,12.37,12.39,1411066.0,9618838.0
2012-05-17,12.39,12.68,12.35,12.59,1924862.0,13156326.0
2012-05-18,12.57,12.74,12.41,12.44,1921425.0,13152417.0
2012-05-21,12.41,12.53,12.31,12.5,1049037.0,7100510.0
2012-05-22,12.53,12.81,12.53,12.81,1760670.0,12138236.0
2012-05-23,12.77,12.83,12.29,12.57,2048812.0,14018212.0
2012-05-24,12.57,12.63,12.33,12.46,1772201.0,12020554.0
2012-05-25,12.46,12.5,12.11,12.15,1941211.0,12990733.0
2012-05-28,12.26,12.37,12.02,12.35,1759935.0,11684947.0
2012-05-29,12.31,12.66,12.29,12.66,2397744.0,16371422.0
2012-05-30,12.64,12.72,12.55,12.63,1470529.0,10103365.0
2012-05-31,12.57,12.92,12.52,12.77,2706385.0,18739818.0
2012-06-01,12.77,12.9,12.64,12.74,736553.0,5108311.0
2012-06-04,13.03,13.8,13.03,13.31,14191050.0,103436752.0
2012-06-05,13.07,13.27,12.88,13.12,5552505.0,39397164.0
2012-06-06,13.16,13.31,12.68,12.94,4339415.0,30637634.0
2012-06-07,12.99,13.07,12.53,12.53,3725280.0,25894788.0
2012-06-08,12.68,12.74,12.13,12.15,5115552.0,34298036.0
2012-06-11,12.15,12.5,12.13,12.37,2332407.0,15631454.0
2012-06-12,12.39,12.39,12.19,12.28,1814277.0,12122431.0
2012-06-13,12.26,12.52,12.22,12.5,2100455.0,14177455.0
2012-06-14,12.5,12.76,12.42,12.52,3200753.0,21955572.0
2012-06-15,13.77,13.77,13.77,13.77,7264441.0,54410664.0
2012-06-18,13.78,13.82,13.31,13.38,15568316.0,114257856.0
2012-06-19,13.23,13.4,13.03,13.21,7745937.0,55657520.0
2012-06-20,13.2,13.58,13.05,13.53,9228978.0,67074764.0
2012-06-21,13.4,13.51,13.14,13.21,5452383.0,39510040.0
2012-06-25,13.1,13.12,12.35,12.35,4747511.0,33022690.0
2012-06-26,12.2,12.64,12.17,12.5,3020873.0,20393212.0
2012-06-27,12.41,12.61,12.31,12.31,2860931.0,19383332.0
2012-06-28,12.28,12.48,12.13,12.13,3105924.0,20763662.0
2012-06-29,12.06,12.5,12.04,12.41,2565624.0,17131672.0
2012-07-02,12.5,12.57,12.35,12.48,2166501.0,14670280.0
2012-07-03,12.42,12.55,12.19,12.52,5427909.0,36640380.0
2012-07-04,12.42,12.53,12.26,12.29,2863297.0,19275174.0
2012-07-05,12.42,12.66,12.13,12.39,5384732.0,36369344.0
2012-07-06,12.37,12.46,11.87,12.33,4716579.0,31316826.0
2012-07-09,12.2,12.28,11.62,11.67,3192601.0,20785580.0
2012-07-10,11.43,11.74,11.43,11.58,1781107.0,11246655.0
2012-07-11,11.54,11.76,11.54,11.73,1150558.0,7310219.0
2012-07-12,11.82,11.93,11.67,11.85,1884448.0,12137943.0
2012-07-13,11.85,12.0,11.76,11.85,1564567.0,10092505.0
2012-07-16,11.91,11.98,11.03,11.03,2927913.0,18088184.0
2012-07-17,11.03,11.29,11.01,11.21,1338068.0,8138932.0
2012-07-18,11.17,11.39,11.03,11.34,1583839.0,9672466.0
2012-07-19,11.25,11.62,11.25,11.54,2356588.0,14746444.0
2012-07-20,11.41,11.63,11.39,11.43,1421502.0,8883793.0
2012-07-23,11.36,11.45,11.03,11.3,1615274.0,9861641.0
2012-07-24,11.27,11.65,11.14,11.49,2268999.0,14184560.0
2012-07-25,11.89,12.5,11.63,11.69,5835836.0,38126696.0
2012-07-26,11.58,11.74,11.47,11.52,2443938.0,15428438.0
2012-07-27,11.54,11.65,11.27,11.36,1941932.0,12042030.0
2012-07-30,11.36,11.45,11.14,11.19,1333665.0,8162281.0
2012-07-31,11.17,11.36,10.9,11.23,1463969.0,8862181.0
2012-08-01,11.17,11.45,11.16,11.38,1530826.0,9430062.0
2012-08-02,11.32,11.36,11.12,11.19,1414975.0,8647248.0
2012-08-03,11.19,11.49,11.19,11.43,1937313.0,11986843.0
2012-08-06,11.34,11.69,11.34,11.63,2073395.0,13051834.0
2012-08-07,11.73,11.89,11.65,11.73,2531240.0,16148964.0
2012-08-08,11.63,11.8,11.58,11.67,1956549.0,12422797.0
2012-08-09,11.67,11.89,11.6,11.8,2445634.0,15628742.0
2012-08-10,11.8,11.82,11.6,11.69,1916064.0,12217992.0
2012-08-13,11.63,11.73,11.45,11.51,1949754.0,12318862.0
2012-08-14,11.56,11.58,11.28,11.51,2764861.0,17194118.0
2012-08-15,11.49,11.51,11.19,11.29,2550842.0,15700373.0
2012-08-16,11.28,11.34,11.16,11.23,1520390.0,9303053.0
2012-08-17,11.16,11.34,11.16,11.3,1349863.0,8267623.0
2012-08-20,11.23,11.38,11.1,11.32,1588692.0,9699534.0
2012-08-21,11.36,11.76,11.3,11.6,4084093.0,25680144.0
2012-08-22,11.58,11.65,11.36,11.45,2946963.0,18491772.0
2012-08-23,11.49,11.89,11.39,11.84,4033204.0,25513354.0
2012-08-24,11.71,11.78,11.32,11.34,3837895.0,24071466.0
2012-08-27,11.32,11.32,10.99,10.99,2887950.0,17499856.0
2012-08-28,11.05,11.28,11.01,11.16,1674898.0,10153928.0
2012-08-29,11.08,11.38,11.06,11.21,1727730.0,10568822.0
2012-08-30,11.17,11.32,10.82,11.01,2298761.0,13791632.0
2012-08-31,10.94,11.08,10.88,11.08,1029085.0,6179565.0
2012-09-03,11.05,11.29,10.97,11.21,1599934.0,9724658.0
2012-09-04,11.21,11.32,11.12,11.14,2010541.0,12282194.0
2012-09-05,11.1,11.58,11.06,11.45,4013263.0,24887302.0
2012-09-06,11.45,11.54,11.36,11.54,2426060.0,15119184.0
2012-09-07,11.58,11.98,11.54,11.8,9168584.0,58811024.0
2012-09-10,11.71,11.8,11.54,11.73,5902290.0,37538876.0
2012-09-11,11.91,12.07,11.71,11.8,6188296.0,39912380.0
2012-09-12,11.8,11.98,11.65,11.82,3608808.0,23160406.0
2012-09-13,11.85,11.85,11.63,11.63,2883478.0,18371044.0
2012-09-14,11.69,11.78,11.43,11.52,3818029.0,23978456.0
2012-09-17,11.52,11.52,11.06,11.06,3409849.0,20896660.0
2012-09-18,11.21,11.27,11.14,11.16,2033160.0,12396062.0
2012-09-19,11.25,11.54,11.16,11.45,3162385.0,19596226.0
2012-09-20,11.76,11.85,11.25,11.27,4967316.0,31318194.0
2012-09-21,11.06,11.23,10.86,11.08,2850954.0,17180518.0
2012-09-24,11.03,11.1,10.84,11.05,2086441.0,12464772.0
2012-09-25,11.01,11.16,10.94,10.95,1189636.0,7132428.0
2012-09-26,10.97,11.03,10.2,10.35,2891518.0,16600518.0
2012-09-27,10.37,10.75,10.37,10.55,4436320.0,25549308.0
2012-09-28,10.46,10.79,10.42,10.71,2645604.0,15342860.0
2012-10-08,10.73,10.84,10.64,10.73,1411789.0,8242037.0
2012-10-09,10.75,11.05,10.75,11.03,2548081.0,15164903.0
2012-10-10,11.01,11.14,10.94,11.08,2153823.0,12947719.0
2012-10-11,11.12,11.21,10.86,10.86,2684718.0,16147219.0
2012-10-12,10.99,11.08,10.84,10.97,2204556.0,13176358.0
2012-10-15,10.94,10.94,10.53,10.68,2210715.0,12832684.0
2012-10-16,10.64,10.82,10.64,10.68,1369871.0,7989472.0
2012-10-17,10.73,10.79,10.62,10.68,1356946.0,7904204.0
2012-10-18,10.73,10.99,10.68,10.9,2168037.0,12826772.0
2012-10-19,10.95,11.05,10.84,10.88,1913649.0,11394686.0
2012-10-22,10.81,10.94,10.75,10.92,1235846.0,7301439.0
2012-10-23,10.86,10.95,10.77,10.77,1577220.0,9316430.0
2012-10-24,10.68,10.77,10.59,10.62,2298560.0,13331764.0
2012-10-25,10.7,10.73,10.49,10.49,1582566.0,9142083.0
2012-10-26,10.53,10.55,10.29,10.37,1598301.0,9021936.0
2012-10-29,10.38,10.44,10.31,10.4,836839.0,4723671.0
2012-10-30,10.44,10.57,10.37,10.4,849218.0,4830447.0
2012-10-31,10.44,10.44,10.27,10.35,1322456.0,7440776.0
2012-11-01,10.42,10.57,10.37,10.55,1995455.0,11394272.0
2012-11-02,10.55,10.6,10.46,10.57,1205900.0,6911057.0
2012-11-05,10.55,10.61,10.49,10.55,1407988.0,8084729.0
2012-11-06,10.55,10.59,10.18,10.4,1584196.0,8931640.0
2012-11-07,10.33,10.42,10.31,10.37,1059434.0,5971837.0
2012-11-08,10.33,10.33,10.07,10.07,1890569.0,10494981.0
2012-11-09,10.09,10.13,9.98,10.04,1587426.0,8663260.0
2012-11-12,10.05,10.14,10.02,10.09,1137790.0,6240853.0
2012-11-13,10.09,10.09,9.65,9.7,2059992.0,10997958.0
2012-11-14,9.7,9.89,9.67,9.81,1182598.0,6303368.0
2012-11-15,9.81,9.81,9.54,9.54,1035300.0,5441934.0
2012-11-16,9.52,9.83,9.37,9.67,2846011.0,14815472.0
2012-11-19,9.61,9.91,9.43,9.65,1664823.0,8654359.0
2012-11-20,9.67,9.74,9.59,9.61,990944.0,5214519.0
2012-11-21,9.59,9.72,9.46,9.7,990570.0,5193240.0
2012-11-22,9.7,9.81,9.61,9.65,1569778.0,8299603.0
2012-11-23,9.59,9.7,9.54,9.63,895902.0,4697448.0
2012-11-26,9.56,9.65,9.43,9.46,793019.0,4119244.0
2012-11-27,9.45,9.45,8.89,8.91,2068690.0,10223695.0
2012-11-28,8.91,8.91,8.62,8.69,1485255.0,7076758.0
2012-11-29,8.66,8.8,8.44,8.47,984134.0,4630641.0
2012-11-30,8.49,8.62,8.49,8.58,955048.0,4447874.0
2012-12-03,8.53,8.58,8.16,8.16,2231171.0,10114841.0
2012-12-04,8.16,8.38,8.09,8.36,1538998.0,6888546.0
2012-12-05,8.29,8.79,8.23,8.66,2468266.0,11578842.0
2012-12-06,8.6,8.73,8.58,8.64,1137636.0,5354583.0
2012-12-07,8.6,8.88,8.6,8.88,1863132.0,8905580.0
2012-12-10,8.89,9.06,8.8,8.99,2142505.0,10425148.0
2012-12-11,8.97,8.97,8.82,8.84,1930626.0,9341844.0
2012-12-12,8.86,8.89,8.68,8.77,1837140.0,8765005.0
2012-12-13,8.71,8.86,8.64,8.71,1707065.0,8136216.0
2012-12-14,8.73,9.1,8.69,9.06,2935255.0,14337212.0
2012-12-17,9.01,9.24,8.99,9.19,2889413.0,14342625.0
2012-12-18,9.21,9.28,9.1,9.15,2826755.0,14128200.0
2012-12-19,9.15,9.28,9.12,9.19,2115168.0,10586644.0
2012-12-20,9.19,9.36,9.12,9.32,2961849.0,14877395.0
2012-12-21,9.32,9.39,9.15,9.23,2883726.0,14540019.0
2012-12-24,9.15,9.3,9.15,9.23,1712961.0,8612642.0
2012-12-25,9.24,9.5,9.21,9.45,3450056.0,17613400.0
2012-12-26,9.39,9.63,9.39,9.61,2995479.0,15537453.0
2012-12-27,9.63,10.51,9.61,9.87,11823075.0,64985432.0
2012-12-28,9.81,10.07,9.67,9.96,6349709.0,34176716.0
2012-12-31,10.0,10.38,9.89,10.13,4528455.0,24915272.0
2013-01-04,10.2,10.38,9.78,10.07,4740146.0,25704146.0
2013-01-07,10.07,10.07,9.81,9.98,3751553.0,20227156.0
2013-01-08,9.98,10.57,9.85,10.31,7432136.0,41172588.0
2013-01-09,10.18,10.55,10.11,10.18,6743028.0,37857288.0
2013-01-10,10.2,10.27,10.07,10.18,3667888.0,20276936.0
2013-01-11,10.18,10.26,9.93,9.93,4863858.0,26794638.0
2013-01-14,9.78,10.27,9.78,10.26,4422364.0,24306762.0
2013-01-15,10.24,10.53,10.18,10.38,5196992.0,29316252.0
2013-01-16,10.35,10.46,10.14,10.27,5631647.0,31534892.0
2013-01-17,10.26,10.33,10.02,10.16,3597296.0,19904374.0
2013-01-18,10.11,10.38,10.11,10.33,3910011.0,21855778.0
2013-01-21,10.38,10.71,10.29,10.7,5981722.0,34217712.0
2013-01-22,10.82,10.82,10.18,10.27,6333609.0,36254356.0
2013-01-23,10.14,10.33,10.0,10.22,3043698.0,16821450.0
2013-01-24,10.22,10.37,9.72,9.85,4430505.0,24148852.0
2013-01-25,9.8,9.91,9.74,9.81,1969461.0,10538568.0
2013-01-28,9.83,10.11,9.81,10.09,2417698.0,13154323.0
2013-01-29,10.07,10.2,10.07,10.14,2372269.0,13086756.0
2013-01-30,10.18,10.22,10.04,10.14,2784853.0,15299109.0
2013-01-31,10.14,10.14,9.83,9.89,3192183.0,17242054.0
2013-02-01,9.87,10.02,9.74,10.02,2059805.0,11141560.0
2013-02-04,10.02,10.11,9.87,9.96,3099851.0,16792640.0
2013-02-05,9.94,10.07,9.83,10.04,2051841.0,11120780.0
2013-02-06,10.04,10.2,9.98,10.16,2883117.0,15906964.0
2013-02-07,10.13,10.2,10.07,10.18,1908100.0,10525040.0
2013-02-08,10.13,10.37,10.13,10.33,2699530.0,15098046.0
2013-02-18,10.42,10.53,10.27,10.44,2984441.0,16896678.0
2013-02-19,10.4,10.42,10.14,10.16,2846989.0,15866683.0
2013-02-20,10.16,10.49,10.13,10.48,3828512.0,21555310.0
2013-02-21,10.42,10.57,10.2,10.31,4619695.0,26068752.0
2013-02-22,10.29,10.55,10.29,10.35,4293834.0,24380726.0
2013-02-25,10.33,10.49,10.33,10.38,3414351.0,19342912.0
2013-02-26,10.29,10.51,10.2,10.22,4009567.0,22584220.0
2013-02-27,10.26,10.29,9.98,10.09,2713470.0,14969760.0
2013-02-28,10.09,10.37,10.04,10.35,2779584.0,15485902.0
2013-03-01,10.46,10.68,10.33,10.59,6005151.0,34340444.0
2013-03-04,10.51,10.51,9.98,10.09,4631819.0,25891792.0
2013-03-05,10.07,10.51,10.07,10.46,3855934.0,21747546.0
2013-03-06,10.55,10.77,10.46,10.77,7075847.0,41044404.0
2013-03-07,10.84,11.01,10.49,10.64,6875245.0,40332388.0
2013-03-08,10.84,11.01,10.66,10.77,5034757.0,29561468.0
2013-03-11,10.68,10.75,10.53,10.59,2789886.0,16133799.0
2013-03-12,10.55,10.75,10.07,10.27,4357164.0,24634930.0
2013-03-13,10.2,10.42,10.11,10.37,2469056.0,13825008.0
2013-03-14,10.57,10.71,10.37,10.42,3477494.0,19864282.0
2013-03-15,10.33,10.59,10.14,10.26,3490963.0,19726428.0
2013-03-18,10.11,10.33,10.07,10.13,2061934.0,11430414.0
2013-03-19,10.2,10.2,9.89,10.2,2414372.0,13218282.0
2013-03-20,10.2,10.61,10.13,10.53,4170337.0,23699456.0
2013-03-21,10.51,10.66,10.4,10.62,4454541.0,25617380.0
2013-03-22,10.68,10.88,10.59,10.71,4972911.0,29093014.0
2013-03-25,10.71,10.77,10.44,10.46,3413671.0,19616414.0
2013-03-26,10.42,10.55,10.24,10.53,3132728.0,17687978.0
2013-03-27,10.51,10.68,10.48,10.55,2811212.0,16168688.0
2013-03-28,10.55,10.55,10.11,10.16,2992325.0,16632055.0
2013-03-29,10.18,10.26,10.0,10.05,1718791.0,9467170.0
2013-04-01,10.0,10.2,10.0,10.11,1427035.0,7858623.0
2013-04-02,10.14,10.22,9.74,9.8,2394647.0,13010206.0
2013-04-03,9.81,9.89,9.43,9.57,2735116.0,14218814.0
2013-04-08,9.46,9.78,9.34,9.74,1986694.0,10305847.0
2013-04-09,9.81,9.87,9.65,9.81,2074256.0,11026110.0
2013-04-10,9.8,9.83,9.52,9.65,1587861.0,8339117.0
2013-04-11,9.69,9.78,9.59,9.59,1196824.0,6302845.0
2013-04-12,9.67,9.8,9.59,9.61,1796968.0,9470631.0
2013-04-15,9.61,9.61,9.36,9.37,1045379.0,5378378.0
2013-04-16,9.48,9.59,9.28,9.57,934927.0,4812023.0
2013-04-17,9.59,9.69,9.52,9.67,972017.0,5078010.0
2013-04-18,9.65,9.72,9.56,9.7,1061900.0,5585935.0
2013-04-19,9.7,9.91,9.63,9.83,2124071.0,11337731.0
2013-04-22,9.76,10.11,9.74,9.98,2969901.0,16094012.0
2013-04-23,9.98,10.02,9.43,9.69,3818225.0,20134690.0
2013-04-24,9.69,10.02,9.65,10.02,4764119.0,25411268.0
2013-04-25,9.96,10.02,9.74,9.76,3312238.0,17815354.0
2013-04-26,9.78,9.83,9.28,9.37,2846002.0,14774794.0
2013-05-02,9.3,9.5,9.3,9.48,1421229.0,7283532.0
2013-05-03,9.48,9.74,9.48,9.7,1731452.0,9109601.0
2013-05-06,9.65,9.98,9.65,9.93,3794396.0,20426392.0
2013-05-07,9.89,10.02,9.81,9.89,2163051.0,11653900.0
2013-05-08,9.93,10.51,9.91,10.44,7802131.0,43449556.0
2013-05-09,10.37,10.62,10.26,10.53,8212625.0,46779616.0
2013-05-10,10.57,10.57,10.24,10.37,6660209.0,37607192.0
2013-05-13,10.33,10.59,10.31,10.57,5397164.0,30754338.0
2013-05-14,10.66,10.68,10.14,10.2,4356432.0,24449218.0
2013-05-15,10.26,11.23,10.26,11.23,17625722.0,104536648.0
2013-05-16,11.23,11.54,10.9,10.9,22684142.0,138720880.0
2013-05-17,10.84,11.45,10.81,11.14,12460290.0,75465104.0
2013-05-20,11.21,11.52,11.05,11.45,10387212.0,64023424.0
2013-05-21,11.38,11.67,11.21,11.51,11258538.0,70247984.0
2013-05-22,11.51,11.51,11.05,11.12,8409764.0,51459936.0
2013-05-23,11.12,11.56,10.99,11.21,8678404.0,53330644.0
2013-05-24,11.73,12.33,11.71,12.33,23758716.0,157063936.0
2013-05-27,12.33,12.53,12.11,12.41,18576584.0,124663992.0
2013-05-28,12.31,12.31,11.8,11.96,11538037.0,75162336.0
2013-05-29,11.89,12.11,11.76,12.06,7439530.0,48351396.0
2013-05-30,11.96,12.17,11.87,12.06,5818661.0,38073912.0
2013-05-31,12.06,12.11,11.76,11.76,6572382.0,42521056.0
2013-06-03,11.74,11.89,11.41,11.47,6609495.0,41828540.0
2013-06-04,11.45,11.6,11.06,11.23,5112708.0,31604492.0
2013-06-05,11.21,11.49,11.16,11.38,4644727.0,28717832.0
2013-06-06,11.3,11.43,11.1,11.17,3923972.0,24118098.0
2013-06-07,11.08,11.29,10.86,10.99,3997197.0,24043232.0
2013-06-13,10.95,11.16,10.55,11.14,5138411.0,30523622.0
2013-06-14,11.1,11.71,11.1,11.63,7162710.0,44981924.0
2013-06-17,11.65,11.84,11.3,11.43,6698130.0,42229936.0
2013-06-18,11.43,12.24,11.06,12.19,12468064.0,79389768.0
2013-06-19,11.95,12.46,11.85,12.22,10725428.0,71185152.0
2013-06-20,12.13,12.77,11.95,11.96,14535200.0,97652864.0
2013-06-21,11.84,12.5,11.3,12.41,12178546.0,78610808.0
2013-06-27,13.65,13.65,12.48,12.9,30177474.0,216006304.0
2013-06-28,12.5,12.61,11.62,11.62,17427786.0,114067832.0
2013-07-01,11.36,11.87,11.16,11.8,8756772.0,55284444.0
2013-07-02,11.87,12.52,11.8,12.29,12767077.0,84991200.0
2013-07-03,12.22,12.55,11.67,12.31,13054958.0,86508032.0
2013-07-04,12.09,12.33,11.8,11.95,9292184.0,61166636.0
2013-07-05,11.93,12.27,11.47,11.49,8499688.0,54396172.0
2013-07-08,11.26,11.28,10.38,10.51,8851369.0,51933208.0
2013-07-09,10.6,11.01,10.47,10.84,5294793.0,30714756.0
2013-07-10,10.82,11.13,10.75,11.08,5122360.0,30294706.0
2013-07-11,11.12,11.38,10.95,11.23,5533221.0,33378176.0
2013-07-12,11.26,11.71,11.17,11.34,7559488.0,46893868.0
2013-07-15,11.06,11.36,10.78,11.34,12473205.0,74429416.0
2013-07-16,11.21,11.3,11.06,11.23,7221777.0,43540576.0
2013-07-17,11.19,11.71,11.1,11.47,10754702.0,66598344.0
2013-07-18,11.43,12.62,11.39,12.6,30086902.0,200923024.0
2013-07-19,12.25,12.6,11.91,11.93,19334384.0,128259272.0
2013-07-22,11.67,12.62,11.51,12.6,14951113.0,99467048.0
2013-07-23,12.97,13.15,12.32,12.56,16069188.0,109636376.0
2013-07-24,12.73,13.82,12.56,13.82,35010216.0,258003088.0
2013-07-25,14.51,14.82,13.32,13.32,45307220.0,346448864.0
2013-07-26,13.04,13.62,12.47,13.15,24965296.0,176274688.0
2013-07-29,12.93,13.27,12.47,12.49,15448662.0,106724736.0
2013-07-30,12.41,12.65,11.71,12.21,10996874.0,72425288.0
2013-07-31,12.17,12.75,12.17,12.28,10656965.0,71907040.0
2013-08-01,12.25,12.95,12.25,12.84,10370834.0,70959440.0
2013-08-02,12.78,13.62,12.75,13.19,14986668.0,106962584.0
2013-08-05,12.99,13.41,12.95,13.19,9511580.0,67409520.0
2013-08-06,13.15,13.78,13.02,13.49,13618340.0,98982336.0
2013-08-07,13.34,13.49,12.69,12.82,14150791.0,99187848.0
2013-08-08,12.73,13.02,12.6,12.91,7177908.0,49682724.0
2013-08-09,12.89,12.99,12.27,12.56,8614987.0,58590888.0
2013-08-12,12.45,12.75,12.3,12.63,7655394.0,51748648.0
2013-08-13,12.6,13.89,12.41,13.43,20534516.0,147271904.0
2013-08-14,13.25,13.62,13.04,13.34,14753141.0,105772512.0
2013-08-15,13.32,14.17,13.23,13.62,21681286.0,160689712.0
2013-08-16,13.49,14.38,13.1,13.25,20659698.0,153987760.0
2013-08-19,13.12,14.49,13.12,14.32,21034470.0,159991328.0
2013-08-20,14.14,14.65,13.93,14.62,18832028.0,145199712.0
2013-08-21,14.3,14.49,14.17,14.38,11370234.0,87970216.0
2013-08-22,14.28,14.39,13.86,13.93,14965281.0,113575072.0
2013-08-23,13.93,14.14,13.27,13.71,12558239.0,93341472.0
2013-08-26,13.69,13.99,13.62,13.89,8432380.0,63020712.0
2013-08-27,13.84,13.91,13.45,13.71,10465694.0,77024968.0
2013-08-28,13.56,13.69,13.15,13.19,10567720.0,76332080.0
2013-08-29,13.1,13.45,13.1,13.38,7086706.0,50832172.0
2013-08-30,13.49,13.65,12.62,12.67,11985736.0,84772488.0
2013-09-02,12.62,12.99,12.49,12.91,5610721.0,38721284.0
2013-09-03,12.86,13.34,12.86,13.27,6280767.0,44718032.0
2013-09-04,13.21,13.25,12.88,13.06,5943883.0,41888308.0
2013-09-05,13.1,13.32,12.99,13.21,5636598.0,40184492.0
2013-09-06,13.19,13.32,13.06,13.15,4792880.0,34035784.0
2013-09-09,13.08,13.14,12.63,12.86,8414695.0,58251840.0
2013-09-10,12.78,12.93,12.51,12.6,8406737.0,57622428.0
2013-09-11,12.56,12.65,12.08,12.3,7588808.0,50232308.0
2013-09-12,12.34,12.49,12.19,12.39,4969411.0,33101938.0
2013-09-13,12.34,12.67,12.23,12.63,6132808.0,41374564.0
2013-09-16,13.89,13.89,13.89,13.89,5709540.0,42821552.0
2013-09-17,15.29,15.29,15.29,15.29,5034211.0,41532240.0
2013-09-18,15.47,15.51,14.27,14.73,41886636.0,334709824.0
2013-09-23,15.21,16.21,14.73,16.21,48871368.0,413816960.0
2013-09-24,16.86,17.84,16.84,17.84,28900856.0,271240832.0
2013-09-25,17.95,18.14,16.73,16.93,42424844.0,397634912.0
2013-09-26,17.05,18.1,16.36,16.41,33278728.0,310940544.0
2013-09-27,16.21,17.12,15.86,16.32,17808180.0,158775200.0
2013-09-30,16.14,17.95,16.14,17.05,22867388.0,211064048.0
2013-10-08,17.05,18.16,16.79,17.73,24076368.0,227827616.0
2013-10-09,17.84,19.43,17.84,18.55,25545272.0,257633920.0
2013-10-10,18.34,20.4,17.82,19.73,33563728.0,349956288.0
2013-10-11,19.45,20.32,18.88,19.45,20073902.0,209817664.0
2013-10-14,19.64,21.05,19.08,20.21,18249310.0,199527440.0
2013-10-15,19.82,20.38,18.82,18.97,20202568.0,211722080.0
2013-10-16,19.1,19.58,17.71,18.08,17897052.0,180815680.0
2013-10-17,18.29,18.86,17.95,18.16,11202582.0,110968992.0
2013-10-18,18.16,19.95,17.9,19.51,15900789.0,163111280.0
2013-10-21,20.18,21.45,19.64,21.25,28830176.0,327590848.0
2013-10-22,20.75,21.12,19.12,19.12,24796848.0,267823824.0
2013-10-23,18.56,18.93,17.21,18.06,20015812.0,194688832.0
2013-10-24,17.77,19.29,17.66,18.47,10903422.0,109349032.0
2013-10-25,18.36,19.34,18.06,18.82,12398404.0,125019456.0
2013-10-28,18.95,18.95,16.93,17.41,18619182.0,174962624.0
2013-10-30,17.73,18.06,16.32,17.6,19152976.0,180797984.0
2013-10-31,17.14,17.23,15.84,15.84,18025436.0,157984752.0
2013-11-01,15.29,15.47,14.51,15.1,12504143.0,101246648.0
2013-11-04,14.99,15.56,14.97,15.12,7642861.0,63133548.0
2013-11-05,15.19,15.8,14.67,15.69,10134156.0,84234688.0
2013-11-06,15.47,15.73,15.19,15.29,7794084.0,65006660.0
2013-11-07,14.89,15.27,14.78,14.97,6530839.0,52876572.0
2013-11-08,14.99,15.3,14.47,14.91,5485294.0,44031200.0
2013-11-11,14.78,15.01,14.53,14.82,4179689.0,33263560.0
2013-11-12,15.62,16.3,15.38,15.73,19922928.0,170849968.0
2013-11-13,15.53,15.69,15.01,15.03,10814450.0,89971120.0
2013-11-14,14.82,15.47,14.65,15.41,9263027.0,75799528.0
2013-11-15,15.43,15.97,15.29,15.75,11596523.0,98399392.0
2013-11-18,15.8,16.21,15.65,16.12,9196228.0,79540544.0
2013-11-19,16.12,16.95,15.97,16.6,12333319.0,110264984.0
2013-11-20,16.6,16.86,16.38,16.66,7151159.0,64013652.0
2013-11-21,16.53,17.12,16.4,16.91,10335956.0,93554328.0
2013-11-22,16.8,16.9,16.25,16.4,7931925.0,70619776.0
2013-11-25,16.38,16.38,15.9,15.99,7535289.0,65359484.0
2013-11-26,16.01,16.36,15.79,16.14,5986914.0,52056812.0
2013-11-27,16.1,16.79,15.97,16.69,10009232.0,89057224.0
2013-11-28,16.75,16.9,16.45,16.49,7513027.0,67454712.0
2013-11-29,16.45,17.17,16.43,17.05,9881717.0,89952704.0
2013-12-02,16.38,16.4,15.34,15.34,10479160.0,88456872.0
2013-12-03,14.3,14.97,13.8,14.73,14960933.0,114669496.0
2013-12-04,14.49,14.91,14.36,14.41,11116401.0,87736936.0
2013-12-05,14.45,14.49,13.93,14.03,8364266.0,63688492.0
2013-12-06,13.91,14.17,13.8,14.08,4550797.0,34472588.0
2013-12-09,14.08,14.43,14.06,14.38,5033655.0,38877524.0
2013-12-10,14.43,14.45,14.04,14.14,5450614.0,41688032.0
2013-12-11,14.08,14.32,13.93,14.06,4131714.0,31503002.0
2013-12-12,14.04,14.51,13.93,14.3,5809116.0,44878092.0
2013-12-13,14.3,14.62,14.15,14.6,7291798.0,56968108.0
2013-12-16,14.54,14.62,14.14,14.19,4826136.0,37471128.0
2013-12-17,14.25,14.34,13.64,13.77,4586957.0,34246776.0
2013-12-18,13.77,13.99,13.65,13.82,2951840.0,22017370.0
2013-12-19,13.86,14.04,13.84,13.88,3056299.0,22996372.0
2013-12-20,13.89,13.95,13.28,13.3,3531334.0,25857776.0
2013-12-23,13.3,13.3,12.75,13.13,4300442.0,30216680.0
2013-12-24,13.13,14.21,13.06,14.03,7283486.0,53837776.0
2013-12-25,14.19,14.73,13.88,14.56,9780253.0,75144528.0
2013-12-26,14.41,14.51,13.8,13.86,6941364.0,53394764.0
2013-12-27,13.89,14.47,13.78,14.34,6249284.0,47965756.0
2013-12-30,14.36,14.56,14.25,14.39,5490738.0,42647844.0
2013-12-31,14.38,14.38,13.89,14.01,4085754.0,31049142.0
2014-01-02,14.04,14.69,13.88,14.56,7086670.0,55238332.0
2014-01-03,14.45,15.51,14.36,15.23,14833348.0,120126752.0
2014-01-06,15.04,15.14,14.41,14.54,7793320.0,61917688.0
2014-01-07,14.51,15.01,14.3,14.91,7072906.0,56060308.0
2014-01-08,14.88,15.34,14.86,15.17,10690137.0,87493368.0
2014-01-09,15.29,16.21,15.19,15.34,18169232.0,153725504.0
2014-01-10,15.08,15.56,14.93,15.06,9083220.0,74694368.0
2014-01-13,15.03,15.43,14.97,15.36,6546402.0,53936360.0
2014-01-14,15.34,16.03,15.34,15.93,9803286.0,83355280.0
2014-01-15,16.06,16.67,16.01,16.53,15618604.0,138332288.0
2014-01-16,16.36,16.86,16.06,16.12,10861198.0,95790184.0
2014-01-17,16.04,16.84,15.93,16.62,12410287.0,110539496.0
2014-01-20,16.51,16.9,16.17,16.38,9981883.0,89088832.0
2014-01-21,16.3,17.21,16.17,17.17,12081209.0,110249112.0
2014-01-22,17.34,17.49,16.91,17.25,13011957.0,120902216.0
2014-01-23,17.16,18.01,17.06,17.69,12818715.0,122496600.0
2014-01-24,17.69,19.36,17.53,18.73,16846656.0,166380944.0
2014-01-27,17.66,19.82,17.19,18.16,28105256.0,280532064.0
2014-01-28,18.53,19.06,17.62,18.75,15169528.0,151263584.0
2014-01-29,18.62,19.93,18.53,19.68,15918221.0,166605712.0
2014-01-30,19.47,20.55,19.21,20.1,12793398.0,138019392.0
2014-02-07,19.77,21.62,19.6,21.62,18870030.0,214499328.0
2014-02-10,21.64,22.7,20.9,21.66,23379736.0,276094304.0
2014-02-11,21.68,23.77,21.68,23.25,19589888.0,240706640.0
2014-02-12,22.97,23.73,22.44,23.34,15343342.0,190938192.0
2014-02-13,23.32,25.68,22.6,24.59,29095268.0,388203328.0
2014-02-14,24.83,27.05,24.83,26.72,35649340.0,505224224.0
2014-02-17,27.03,29.38,25.94,29.38,33530264.0,515301024.0
2014-02-18,30.5,31.83,28.68,29.46,47667556.0,777457856.0
2014-02-19,29.31,32.4,28.25,32.4,40356016.0,660224320.0
2014-02-24,31.12,35.53,30.57,35.31,30522426.0,547599616.0
2014-02-25,34.46,36.87,31.77,32.07,27971116.0,516093120.0
2014-02-26,31.68,34.98,30.66,34.53,26034296.0,458774624.0
2014-02-27,34.09,36.5,31.68,32.05,26417864.0,489244160.0
2014-02-28,31.18,32.42,28.86,31.5,20517320.0,342102432.0
2014-03-03,31.5,31.85,29.68,31.29,12465649.0,207951376.0
2014-03-04,31.48,34.42,30.62,34.18,22572060.0,401638368.0
2014-03-05,35.02,37.61,34.68,37.61,24937896.0,494219200.0
2014-03-06,38.72,40.13,36.91,37.52,26207356.0,547356288.0
2014-03-07,37.05,38.44,33.9,34.83,21177512.0,412889952.0
2014-03-10,33.92,35.98,32.74,33.72,16485572.0,305950976.0
2014-03-11,33.35,34.72,32.29,34.16,12006486.0,217038512.0
2014-03-12,33.0,33.79,31.12,32.07,13553954.0,236707200.0
2014-03-13,32.05,32.96,29.75,32.61,17126480.0,289909920.0
2014-03-14,32.05,33.64,31.24,33.26,13901075.0,246212448.0
2014-03-17,33.09,33.9,31.87,32.7,14280885.0,252425792.0
2014-03-18,32.7,35.98,32.14,35.98,23778790.0,448662976.0
2014-03-19,36.05,36.68,34.29,34.83,14919653.0,282167296.0
2014-03-20,34.83,34.83,31.35,31.35,19152408.0,334733024.0
2014-03-21,30.16,32.18,29.86,31.27,10494883.0,176438640.0
2014-03-24,31.4,32.61,30.05,30.66,11750132.0,198040544.0
2014-03-25,30.29,31.37,29.64,30.9,7729264.0,128407576.0
2014-03-26,31.09,32.66,31.09,31.48,7973877.0,137212304.0
2014-03-27,31.27,31.27,28.33,28.33,17425160.0,275749120.0
2014-03-28,28.35,28.94,25.96,28.72,16410356.0,241705440.0
2014-03-31,27.98,28.07,25.84,25.9,14096239.0,202086720.0
2014-04-01,25.94,26.77,25.92,26.6,6729622.0,96041544.0
2014-04-02,26.55,27.18,25.53,26.18,8507931.0,120510560.0
2014-04-03,25.96,27.66,25.79,26.62,11123237.0,161597664.0
2014-04-04,26.25,27.07,25.97,26.86,5900858.0,84486088.0
2014-04-08,26.59,26.62,24.88,25.92,11018652.0,152176176.0
2014-04-09,25.59,27.2,25.42,26.96,13223235.0,190169232.0
2014-04-10,26.83,28.48,26.53,27.62,14746881.0,219943680.0
2014-04-11,27.07,27.42,26.53,26.75,5890100.0,85479448.0
2014-04-14,26.64,27.1,26.42,27.05,4870804.0,70516800.0
2014-04-15,27.11,28.25,26.66,27.29,8233178.0,122781872.0
2014-04-16,28.01,28.72,26.86,27.25,13118599.0,196505376.0
2014-04-17,27.7,27.86,27.25,27.49,6373487.0,94684208.0
2014-04-18,27.27,27.33,25.47,26.09,14272136.0,201933280.0
2014-04-21,25.71,25.71,24.27,24.47,12140108.0,162571904.0
2014-04-22,24.27,24.6,23.2,23.71,9498772.0,122015224.0
2014-04-23,23.58,23.97,23.07,23.49,6481484.0,82185408.0
2014-04-24,23.45,23.97,22.94,23.53,6425091.0,81205368.0
2014-04-25,23.44,23.77,22.7,22.81,7348750.0,91784256.0
2014-04-28,22.66,22.71,21.45,21.49,7513391.0,89812176.0
2014-04-29,21.49,22.55,21.49,22.44,8318665.0,99284512.0
2014-04-30,22.45,22.94,21.95,22.21,8797812.0,106701000.0
2014-05-05,22.32,24.36,22.21,24.27,11581914.0,145540608.0
2014-05-06,24.27,24.6,23.82,24.14,10716189.0,140038512.0
2014-05-07,23.9,23.9,22.47,22.51,8187074.0,102410528.0
2014-05-08,22.47,24.36,22.29,23.29,9652419.0,121454136.0
2014-05-09,22.97,23.62,22.45,23.44,7166668.0,89321560.0
2014-05-12,23.44,24.34,22.86,23.9,7760393.0,98867384.0
2014-05-13,23.75,24.23,23.29,23.34,6645973.0,84999208.0
2014-05-14,23.34,23.71,23.1,23.25,4841740.0,61097064.0
2014-05-15,23.31,23.62,22.05,22.27,7565957.0,92620440.0
2014-05-16,22.14,22.14,21.01,21.45,6468648.0,75012888.0
2014-05-19,21.47,22.01,21.19,21.86,3767545.0,44120220.0
2014-05-20,23.05,23.95,22.7,22.71,12954150.0,162161920.0
2014-05-21,22.49,23.34,22.25,23.32,8758821.0,108114416.0
2014-05-22,23.49,24.27,23.27,23.27,10828789.0,138711104.0
2014-05-23,23.47,23.9,22.81,23.82,8469881.0,106845440.0
2014-05-26,26.21,26.21,26.21,26.21,6063854.0,85803536.0
2014-05-27,26.86,28.46,26.6,27.23,38488780.0,569123008.0
2014-05-28,26.9,27.75,26.55,27.64,23423920.0,343019840.0
2014-05-29,27.23,27.73,25.81,25.92,19124584.0,275315328.0
2014-05-30,25.83,26.31,25.01,25.36,11809984.0,162682816.0
2014-06-03,25.38,26.05,25.1,25.36,10238930.0,141236864.0
2014-06-04,25.18,25.44,24.45,25.01,9286082.0,124350696.0
2014-06-05,25.2,26.1,25.01,26.03,14782321.0,203311536.0
2014-06-06,26.03,26.03,24.84,25.09,10627803.0,145471904.0
2014-06-09,25.16,25.59,24.45,24.55,9388405.0,127327152.0
2014-06-10,24.55,24.66,23.45,24.42,17233700.0,222370208.0
2014-06-11,24.23,24.44,23.92,24.18,9883487.0,128712048.0
2014-06-12,24.2,24.95,24.07,24.94,13638296.0,180564560.0
2014-06-13,24.86,25.9,24.49,25.14,17130534.0,233396688.0
2014-06-16,24.97,25.75,24.64,25.31,12531720.0,171314272.0
2014-06-17,25.2,26.25,25.07,25.75,18293244.0,254631392.0
2014-06-18,25.57,25.86,24.27,24.27,12291332.0,165681632.0
2014-06-19,24.01,24.18,21.84,21.84,17910958.0,217767760.0
2014-06-20,21.49,22.05,21.47,21.99,8207242.0,96643168.0
2014-06-23,22.05,22.51,22.05,22.27,6981445.0,84002680.0
2014-06-24,22.32,22.6,21.88,22.12,7114094.0,85240872.0
2014-06-25,22.05,22.23,21.31,21.75,6901269.0,80554888.0
2014-06-26,21.84,22.7,21.71,22.38,9508985.0,114355168.0
2014-06-27,22.31,23.03,22.12,22.6,10037459.0,122376184.0
2014-06-30,22.57,22.94,22.16,22.79,9832486.0,119636512.0
2014-07-01,22.68,22.92,22.45,22.73,6391880.0,78108008.0
2014-07-02,22.71,22.9,22.45,22.71,7141280.0,87421592.0
2014-07-03,22.7,22.94,22.42,22.77,9172459.0,112208496.0
2014-07-04,22.79,25.05,22.32,25.05,22470046.0,290409088.0
2014-07-07,25.9,25.9,24.51,24.75,25673280.0,346866784.0
2014-07-08,24.73,24.94,24.01,24.86,15091589.0,199095360.0
2014-07-09,26.42,27.34,25.47,25.47,39891252.0,566121472.0
2014-07-10,24.92,26.1,24.53,26.03,23987236.0,332236736.0
2014-07-11,26.25,26.25,25.2,25.38,16460004.0,227104448.0
2014-07-14,25.42,25.7,25.01,25.33,11806039.0,161331776.0
2014-07-15,25.1,25.33,23.95,24.23,14206508.0,187850176.0
2014-07-16,23.95,24.42,23.07,23.27,10189554.0,130498896.0
2014-07-17,23.14,23.64,23.14,23.53,6234923.0,78879336.0
2014-07-18,23.36,23.62,22.23,22.44,8047053.0,99825704.0
2014-07-21,22.6,23.1,22.16,22.97,6942517.0,84885872.0
2014-07-22,22.9,23.57,22.79,23.34,8062649.0,100910408.0
2014-07-23,23.44,23.44,21.92,21.95,13750651.0,166808256.0
2014-07-24,21.97,22.08,20.38,21.31,13645393.0,156252880.0
2014-07-25,21.21,21.66,21.16,21.49,5450087.0,63019712.0
2014-07-28,21.49,22.23,21.49,22.2,7899415.0,93378912.0
2014-07-29,22.1,22.68,22.05,22.31,9144407.0,110425256.0
2014-07-30,22.32,22.88,22.14,22.6,8848753.0,107468104.0
2014-07-31,22.62,22.81,22.38,22.71,7557218.0,92197040.0
2014-08-01,22.58,23.12,22.32,22.36,9563351.0,117321776.0
2014-08-04,22.36,22.86,22.23,22.68,7331492.0,89356976.0
2014-08-05,22.6,23.44,22.38,23.23,12734185.0,158159472.0
2014-08-06,23.16,23.51,22.82,23.05,9969318.0,124606376.0
2014-08-07,23.14,23.27,22.81,22.84,8120175.0,100916192.0
2014-08-08,22.84,23.27,22.84,23.12,8233329.0,102792168.0
2014-08-11,23.31,23.71,23.2,23.45,8427393.0,106751968.0
2014-08-12,23.4,24.34,23.25,24.16,13717078.0,177115760.0
2014-08-13,24.09,24.45,23.49,23.94,12399094.0,160081776.0
2014-08-14,23.94,24.64,23.94,24.2,14130579.0,185670272.0
2014-08-15,24.09,24.51,24.01,24.4,9716166.0,127914712.0
2014-08-18,24.57,25.75,24.57,25.36,17353140.0,234913376.0
2014-08-19,25.34,25.94,25.23,25.47,16780532.0,231401088.0
2014-08-20,25.34,25.34,24.55,24.7,14540054.0,195159424.0
2014-08-21,24.64,25.21,24.49,25.18,11036074.0,147866864.0
2014-08-22,25.21,26.27,25.01,26.07,21289232.0,296986112.0
2014-08-25,26.1,26.59,25.47,25.6,14597338.0,203869952.0
2014-08-26,25.75,25.79,24.01,24.18,15077011.0,200933168.0
2014-08-27,24.2,24.64,24.09,24.44,7128121.0,93887288.0
2014-08-28,24.45,24.6,23.58,23.64,8034061.0,103879568.0
2014-08-29,23.53,24.03,23.45,23.97,5149947.0,66217992.0
2014-09-01,23.97,24.95,23.95,24.86,8265806.0,109711392.0
2014-09-02,24.97,25.51,24.97,25.4,11225771.0,153168016.0
2014-09-03,25.4,25.81,25.05,25.53,15853166.0,217761280.0
2014-09-04,25.62,27.77,25.44,26.7,27076024.0,387801600.0
2014-09-05,26.79,27.27,26.14,26.49,16421114.0,235111344.0
2014-09-09,26.86,29.07,26.31,28.75,32769072.0,489742080.0
2014-09-10,28.31,29.22,28.16,28.99,24214640.0,377063840.0
2014-09-11,29.16,29.18,27.61,27.86,25531166.0,391066944.0
2014-09-12,27.79,28.14,27.16,28.09,12961501.0,193450544.0
2014-09-15,28.01,28.53,27.88,28.11,12364587.0,187805936.0
2014-09-16,28.11,28.14,26.27,26.29,17280904.0,252966800.0
2014-09-17,26.42,27.12,26.27,26.86,9642422.0,138522896.0
2014-09-18,26.88,27.16,26.51,26.96,7459601.0,108085944.0
2014-09-19,26.73,27.23,26.6,27.14,8213446.0,119743472.0
2014-09-22,27.88,28.25,27.38,27.53,14644648.0,219246160.0
2014-09-23,27.38,28.18,27.23,28.16,12251046.0,183232576.0
2014-09-24,27.98,28.7,27.83,28.42,13089826.0,199927424.0
2014-09-25,28.42,28.62,27.83,28.05,12152227.0,184712784.0
2014-09-26,28.05,30.85,28.05,28.72,15918318.0,249216064.0
2014-09-29,28.36,29.31,28.36,28.98,14056919.0,219203088.0
2014-09-30,29.07,29.31,28.86,29.18,9572009.0,150220848.0
2014-10-08,29.62,30.38,29.53,29.81,14300536.0,230544336.0
2014-10-09,30.23,30.59,29.2,30.55,17733170.0,286780128.0
2014-10-10,31.96,32.98,31.12,31.22,33202922.0,572158848.0
2014-10-13,30.75,31.83,30.59,31.38,18514162.0,314321504.0
2014-10-14,31.46,32.03,30.57,30.57,17874716.0,301077216.0
2014-10-15,30.72,30.83,29.64,30.31,11897357.0,193420416.0
2014-10-16,29.92,30.2,29.44,29.44,9202105.0,148614656.0
2014-10-17,29.23,29.57,28.12,28.68,11055737.0,171489920.0
2014-10-20,28.64,29.75,28.62,29.62,9437935.0,149349456.0
2014-10-21,29.64,30.11,29.27,29.33,8174677.0,131129016.0
2014-10-22,29.16,29.51,28.36,28.36,7632266.0,119294632.0
2014-10-23,28.16,28.4,27.09,27.23,9054688.0,135094592.0
2014-10-24,27.23,27.62,26.99,27.53,5982903.0,88381232.0
2014-10-27,27.42,28.31,26.98,28.23,6518494.0,97363048.0
2014-10-28,28.18,29.2,28.18,29.11,8793408.0,136957152.0
2014-10-29,29.18,29.85,29.16,29.38,10031458.0,159301440.0
2014-10-30,29.64,30.27,29.44,30.14,14705476.0,237409168.0
2014-10-31,30.16,30.29,28.9,29.36,11277399.0,179594800.0
2014-11-03,29.38,29.61,29.03,29.23,7209127.0,113999560.0
2014-11-04,29.09,29.61,28.72,28.81,7073673.0,111080024.0
2014-11-05,28.68,28.68,27.98,28.22,6404190.0,97716736.0
2014-11-06,28.2,29.35,28.16,29.27,6858452.0,106385520.0
2014-11-07,29.25,29.4,28.18,28.31,8661400.0,134713856.0
2014-11-10,28.29,28.49,27.81,28.05,6334021.0,95842912.0
2014-11-11,28.22,28.22,26.12,26.44,10926280.0,159219472.0
2014-11-12,26.49,26.84,26.12,26.83,5638529.0,80878336.0
2014-11-13,26.77,26.77,25.42,25.62,8960546.0,124659112.0
2014-11-14,25.42,25.9,25.29,25.68,4138098.0,57285064.0
2014-11-17,25.77,26.57,25.51,26.23,5494281.0,77796496.0
2015-02-16,28.86,28.86,28.86,28.86,180193.0,2807407.0
2015-02-17,31.75,31.75,31.75,31.75,576615.0,9883181.0
2015-02-25,34.92,34.92,34.92,34.92,2017202.0,38024256.0
2015-02-26,35.2,38.31,32.92,36.91,56149200.0,1078125824.0
2015-02-27,38.91,40.59,38.91,40.59,33767640.0,735507520.0
2015-03-02,44.65,44.65,42.63,44.65,29071098.0,699817664.0
2015-03-03,46.32,47.28,44.11,45.58,44116168.0,1092162304.0
2015-03-04,45.85,48.65,44.52,47.24,34913008.0,873254016.0
2015-03-05,46.52,47.21,45.45,46.37,24891220.0,621084096.0
2015-03-06,45.95,46.54,42.04,42.33,30181942.0,715534592.0
2015-03-09,43.13,45.43,42.24,45.0,28953820.0,690466432.0
2015-03-10,44.13,49.5,43.85,49.5,25560396.0,658228736.0
2015-03-11,50.02,54.45,49.65,50.8,40891388.0,1156434048.0
2015-03-12,49.82,52.06,47.3,49.0,26544684.0,704351936.0
2015-03-13,49.47,53.17,48.3,52.24,20737432.0,568637312.0
2015-03-16,52.26,54.73,51.89,52.89,18943428.0,543568768.0
2015-03-17,53.3,55.3,51.5,52.43,18073066.0,521739840.0
2015-03-18,51.5,53.28,50.0,52.58,16165912.0,450517728.0
2015-03-19,52.12,52.12,50.02,51.45,12184127.0,336469600.0
2015-03-20,51.04,54.6,50.74,52.73,15687648.0,450887584.0
2015-03-23,52.71,58.01,52.49,58.01,14853588.0,448784032.0
2015-03-24,61.14,63.81,59.12,63.81,23640668.0,795952832.0
2015-03-25,64.75,67.92,63.6,63.81,17057308.0,602161088.0
2015-03-26,61.16,64.99,57.43,57.69,21594572.0,694130688.0
2015-03-27,57.82,63.45,57.64,63.45,15857044.0,515733568.0
2015-03-30,65.58,67.92,63.55,64.84,17918720.0,637071552.0
2015-03-31,66.14,71.33,63.75,71.01,17295500.0,636147200.0
2015-04-01,69.66,78.11,68.55,78.11,17911250.0,734275712.0
2015-04-02,79.39,85.93,79.39,85.93,7724305.0,349218400.0
2015-04-03,93.25,94.52,92.26,94.52,4764194.0,241452544.0
2015-04-07,103.71,103.71,89.82,90.72,23176090.0,1176013824.0
2015-04-08,91.11,99.8,88.0,99.8,18074766.0,928884480.0
2015-04-09,98.19,99.91,89.82,93.76,23144968.0,1149887104.0
2015-04-10,92.63,97.56,88.02,91.41,17050420.0,852836032.0
2015-04-13,90.22,90.41,86.7,89.48,16377559.0,782512000.0
2015-04-14,88.89,88.89,83.19,84.5,17401078.0,802139520.0
2015-04-15,83.94,83.94,76.05,76.07,15517579.0,666257152.0
2015-04-16,70.59,78.89,69.49,72.77,24236562.0,964984832.0
2015-04-17,72.29,75.0,68.59,68.96,39774000.0,1528626048.0
2015-04-23,75.85,75.85,75.85,75.85,898054.0,36766332.0
2015-04-24,77.87,83.42,75.96,83.42,44219048.0,1916251136.0
2015-04-27,86.89,90.22,80.83,83.93,27935496.0,1287592704.0
2015-04-28,82.26,83.18,75.53,76.92,18117616.0,767925504.0
2015-04-29,75.79,84.61,73.92,84.61,16425797.0,721093248.0
2015-04-30,88.93,92.63,85.24,88.35,21755576.0,1055820928.0
2015-05-04,86.61,90.72,85.22,87.46,11154020.0,533988544.0
2015-05-05,86.26,87.08,80.31,83.15,11941781.0,536511872.0
2015-05-06,83.18,90.71,83.18,85.2,11777974.0,553308352.0
2015-05-07,85.22,88.09,81.52,86.69,10507146.0,488969952.0
2015-05-08,88.0,94.21,87.82,93.48,14905694.0,739085440.0
2015-05-11,102.84,102.84,102.84,102.84,2006639.0,111388528.0
2015-05-12,113.12,113.12,113.12,113.12,448376.0,27377838.0
2015-05-13,120.42,124.44,114.5,124.44,26150006.0,1732207104.0
2015-05-14,121.35,126.54,112.05,116.16,19959486.0,1261678720.0
2015-05-15,110.73,116.5,108.01,114.12,15099766.0,910885120.0
2015-05-18,114.27,119.5,110.42,111.88,14254231.0,877611264.0
2015-05-19,112.09,114.86,105.79,110.33,12364768.0,728206720.0
2015-05-20,111.16,121.29,111.16,118.94,14263405.0,894308864.0
2015-05-21,120.42,125.92,116.81,119.13,15207969.0,995904512.0
2015-05-22,116.74,120.63,107.42,111.53,16613573.0,1011820736.0
2015-05-25,105.6,110.38,102.36,107.9,10888026.0,626153216.0
2015-05-26,109.03,110.94,106.9,109.83,14538828.0,851620352.0
2015-05-27,107.45,109.21,103.58,105.29,14944284.0,849091136.0
2015-05-28,104.67,104.81,95.91,96.36,14834358.0,806508736.0
2015-05-29,95.41,103.47,93.04,100.32,12506381.0,669954816.0
2015-06-01,100.84,105.86,98.89,105.51,12819321.0,717284736.0
2015-06-02,105.56,107.27,101.9,107.01,13520383.0,766079616.0
2015-06-03,105.6,106.71,101.9,103.84,11668393.0,656800128.0
2015-06-04,104.21,114.23,98.8,114.23,19718024.0,1164018944.0
2015-06-05,102.8,102.8,102.8,102.8,3950500.0,219213248.0
2015-06-08,92.52,92.52,92.52,92.52,1739800.0,86885616.0
2015-06-09,83.28,83.28,83.28,83.28,1631100.0,73317944.0
2016-03-30,74.97,74.97,74.97,74.97,494000.0,15343640.0
2016-03-31,67.47,67.47,67.47,67.47,695800.0,19447610.0
2016-04-01,60.73,60.73,60.73,60.73,1053400.0,26503544.0
2016-04-05,54.65,54.65,54.65,54.65,2334500.0,52853080.0
2016-04-06,49.19,49.19,49.19,49.19,7036100.0,143395712.0
2016-04-07,44.95,54.12,44.92,54.12,157654608.0,3153612800.0
2016-04-08,51.83,59.52,51.37,57.69,149699424.0,3484185856.0
2016-04-11,54.31,56.46,52.14,53.2,103213416.0,2314193920.0
2016-04-12,53.52,54.79,51.17,53.56,66252676.0,1460002944.0
2016-04-13,53.1,55.03,51.9,53.78,68121320.0,1501762944.0
2016-04-14,53.13,53.83,52.12,52.65,47210140.0,1032938304.0
2016-04-15,52.69,57.91,52.69,57.91,95094904.0,2218724352.0
2016-04-18,59.16,63.7,58.32,59.98,100218664.0,2549556224.0
2016-04-19,59.16,64.21,58.08,62.81,107743280.0,2722051072.0
2016-04-20,61.67,61.91,56.53,57.98,91567328.0,2236794112.0
2016-04-21,57.21,57.42,53.1,53.56,61512988.0,1405877888.0
2016-04-22,51.95,54.75,51.44,52.98,41566576.0,913678720.0
2016-04-25,53.08,54.62,51.9,53.59,35188400.0,775724416.0
2016-04-26,53.54,53.54,50.93,52.38,40993004.0,884146176.0
2016-04-27,51.9,52.31,50.84,51.12,35608112.0,757950848.0
2016-04-28,50.69,51.17,47.5,49.07,43102312.0,876963712.0
2016-04-29,48.28,48.76,47.84,48.28,23324066.0,466889248.0
2016-05-03,48.86,53.1,48.86,53.1,65906552.0,1419984256.0
2016-05-04,52.79,54.17,52.19,52.86,54940512.0,1205572864.0
2016-05-05,51.9,52.09,50.69,51.66,42533224.0,903424704.0
2016-05-06,51.61,52.38,48.28,48.4,42865144.0,889802304.0
2016-05-09,47.07,47.29,43.69,44.22,32355584.0,609628224.0
2016-05-10,44.22,46.88,44.22,45.33,31259380.0,591163456.0
2016-05-11,46.23,46.76,43.74,43.98,24682990.0,458154618.0
2016-05-12,42.97,43.01,40.41,42.46,26330659.0,454843471.0
2016-05-13,42.39,43.4,41.52,41.83,21463862.0,376695318.0
2016-05-16,42.19,42.92,40.67,42.75,23214227.0,402581993.0
2016-05-17,42.73,43.67,41.54,42.7,32422523.0,569672941.0
2016-05-18,43.93,46.3,42.68,43.18,43849972.0,803338007.0
2016-05-19,41.52,43.93,41.49,42.63,33096509.0,586283721.0
2016-05-20,41.54,42.53,41.28,42.41,22936601.0,398881540.0
2016-05-23,42.31,43.69,42.05,43.33,29594030.0,525922329.0
2016-05-24,43.16,43.18,41.61,42.02,23012578.0,402901756.0
2016-05-25,42.63,42.84,41.3,41.37,21146909.0,368505519.0
2016-05-26,40.79,41.25,38.69,40.36,28467412.0,469118915.0
2016-05-27,40.07,44.39,39.49,42.0,45260316.0,793983114.0
2016-05-30,41.06,41.4,39.88,40.7,26059374.0,439512927.0
2016-05-31,40.67,43.42,40.43,42.82,35842808.0,626970718.0
2016-06-01,42.68,45.57,42.44,44.37,47324995.0,872708679.0
2016-06-02,43.88,45.38,43.55,45.14,38867790.0,715022540.0
2016-06-03,44.66,45.33,43.47,44.7,39546341.0,727151362.0
2016-06-06,44.58,45.31,43.96,45.02,28449490.0,527710757.0
2016-06-07,45.11,46.13,43.84,44.63,40019328.0,746252391.0
2016-06-08,44.05,44.41,43.47,43.79,23568536.0,429036468.0
2016-06-13,42.68,42.97,39.59,39.59,28271071.0,488080354.0
2016-06-14,39.56,40.02,38.79,39.56,19267924.0,315367667.0
2016-06-15,39.18,41.49,38.81,40.89,25011449.0,421044029.0
2016-06-16,40.55,42.0,40.46,40.72,24382894.0,414668286.0
2016-06-17,40.58,41.52,39.59,40.24,23454559.0,393864910.0
2016-06-20,39.59,40.14,38.89,39.95,17718171.0,290350727.0
2016-06-21,40.02,40.75,39.37,39.73,22074588.0,365202222.0
2016-06-22,40.07,40.6,39.3,40.12,25676104.0,424499527.0
2016-06-23,39.78,40.05,39.34,39.54,17770752.0,291789885.0
2016-06-24,39.54,40.02,35.97,37.9,31131390.0,492235571.0
2016-06-27,37.41,39.15,37.2,38.74,22061450.0,351071361.0
2016-06-28,38.65,40.75,38.43,40.6,40407316.0,668790625.0
2016-06-29,41.03,42.41,40.34,40.48,37873547.0,644879672.0
2016-06-30,40.17,44.53,39.85,44.08,68188298.0,1215497576.0
2016-07-01,42.97,43.81,42.44,42.68,44302790.0,789484426.0
2016-07-04,41.88,42.99,41.59,42.65,25922935.0,456154639.0
2016-07-05,42.85,43.35,42.05,43.09,27148956.0,480908260.0
2016-07-06,42.73,43.4,42.51,43.02,24224851.0,431545553.0
2016-07-07,43.02,43.02,41.64,42.12,22676012.0,396739029.0
2016-07-08,41.88,42.51,41.76,42.1,13916837.0,242978115.0
2016-07-11,39.34,40.89,38.14,38.74,50231441.0,824242317.0
2016-07-12,37.78,37.8,36.21,37.73,41886731.0,642301835.0
2016-07-13,37.61,38.96,37.12,38.77,29830496.0,472949952.0
2016-07-14,38.38,39.06,37.8,38.48,19184603.0,304359347.0
2016-07-15,38.98,39.71,38.43,38.57,21478440.0,346852086.0
2016-07-18,38.16,38.38,37.29,37.75,15556034.0,243022250.0
2016-07-19,37.49,39.32,36.71,38.65,30621239.0,489862952.0
2016-07-20,38.36,38.6,37.9,38.07,15740263.0,249528981.0
2016-07-21,38.19,38.96,37.95,38.31,16697276.0,266066478.0
2016-07-22,38.33,38.6,37.73,37.75,14942751.0,235849503.0
2016-07-25,37.29,37.53,36.84,37.17,15214779.0,234279667.0
2016-07-26,37.05,37.63,37.0,37.39,11736488.0,181379269.0
2016-07-27,37.78,38.98,35.05,36.64,42187483.0,661978593.0
2016-07-28,35.84,36.33,34.54,35.22,24265626.0,354225584.0
2016-07-29,34.76,35.36,34.11,34.2,16403319.0,234633418.0
2016-08-01,34.2,34.76,32.83,34.4,19966535.0,281004403.0
2016-08-02,34.42,34.57,33.99,34.28,9155097.0,129868443.0
2016-08-03,34.03,34.73,33.6,34.23,22247312.0,315608506.0
2016-08-04,34.93,36.57,34.49,35.24,34977110.0,514507658.0
2016-08-05,34.54,34.71,34.03,34.2,18994577.0,269587929.0
2016-08-08,34.03,34.42,33.24,34.25,11335128.0,159472147.0
2016-08-09,34.03,34.69,34.03,34.47,12205688.0,173732137.0
2016-08-10,34.81,35.63,34.64,34.95,17671505.0,256979848.0
2016-08-11,34.61,34.81,34.03,34.03,11406659.0,162524944.0
2016-08-12,33.91,35.36,33.89,35.17,28706532.0,415919969.0
2016-08-15,35.97,36.57,35.39,35.87,41032241.0,611238236.0
2016-08-16,35.39,36.3,35.39,35.82,23345111.0,346538703.0
2016-08-17,35.48,36.69,35.34,35.89,24838284.0,371557641.0
2016-08-18,35.7,36.18,35.36,35.73,16638277.0,246252517.0
2016-08-19,35.48,36.33,35.44,36.13,21984654.0,327956826.0
2016-08-22,36.57,37.15,35.05,35.17,28870059.0,433440345.0
2016-08-23,34.52,34.86,33.99,34.4,21910272.0,312572518.0
2016-08-24,34.28,34.61,34.16,34.54,12250534.0,174564963.0
2016-08-25,34.3,34.3,33.62,34.11,12614087.0,177355989.0
2016-08-26,34.11,34.88,34.11,34.81,15712961.0,224875860.0
2016-08-29,34.81,35.24,34.28,34.49,19693213.0,283496870.0
2016-08-30,34.49,34.49,34.08,34.18,10706637.0,151892440.0
2016-08-31,34.16,34.4,33.87,34.28,8030970.0,113520661.0
2016-09-01,34.16,34.57,33.94,33.94,8344984.0,118322468.0
2016-09-02,33.74,34.13,33.53,33.7,8205549.0,114898016.0
2016-09-05,33.84,34.2,33.7,33.89,7327238.0,103171090.0
2016-09-06,33.79,34.78,33.6,34.76,19674008.0,280791937.0
2016-09-07,34.78,36.11,34.76,34.86,27410639.0,401852209.0
2016-09-08,34.61,34.69,34.28,34.52,12995375.0,185462154.0
2016-09-09,34.47,34.88,34.18,34.2,10529956.0,150641675.0
2016-09-12,33.31,33.67,32.71,32.71,14370490.0,197291951.0
2016-09-13,33.02,33.07,32.59,32.9,7056058.0,95874448.0
2016-09-14,32.59,32.78,32.34,32.51,6399505.0,86311157.0
2016-09-19,32.76,33.48,32.76,33.14,8873494.0,121856770.0
2016-09-20,32.95,33.14,32.68,32.76,6118839.0,83157465.0
2016-09-21,32.83,33.14,32.66,32.95,6700974.0,91392847.0
2016-09-22,33.17,33.26,32.78,32.83,7431670.0,101577651.0
2016-09-23,32.92,32.95,32.56,32.59,6233573.0,84529738.0
2016-09-26,32.51,32.51,30.34,30.41,17729266.0,229695627.0
2016-09-27,30.39,30.68,30.2,30.61,7687459.0,96988015.0
2016-09-28,30.82,30.82,30.29,30.32,6147543.0,77648135.0
2016-09-29,30.05,30.61,30.05,30.39,6425248.0,81055561.0
2016-10-10,30.54,31.55,30.46,31.5,11152269.0,143494418.0
2016-10-11,31.57,31.84,31.19,31.84,8977458.0,117337572.0
2016-10-12,31.6,35.02,31.48,34.11,50044097.0,711042862.0
2016-10-13,33.26,35.41,33.09,34.76,39079522.0,554339533.0
2016-10-14,34.37,34.57,33.62,33.79,18813051.0,264531426.0
2016-10-17,33.41,34.03,32.83,33.31,15599908.0,216698230.0
2016-10-18,33.26,33.72,32.88,33.67,11382689.0,158051057.0
2016-10-19,33.7,33.84,33.19,33.19,11583667.0,160458697.0
2016-10-20,33.12,34.49,33.12,34.06,21630178.0,304747982.0
2016-10-21,33.84,34.01,32.9,33.43,12927710.0,178997660.0
2016-10-24,33.09,33.65,32.85,33.34,10300878.0,141903651.0
2016-10-25,33.36,33.43,33.02,33.21,9289105.0,127693281.0
2016-10-26,33.21,33.21,32.37,32.39,13721435.0,185569969.0
2016-10-27,32.13,32.18,31.64,32.13,11800026.0,156000727.0
2016-10-28,32.25,32.25,31.64,31.67,8379289.0,110725916.0
2016-10-31,30.97,31.5,30.97,31.43,7202404.0,93402004.0
2016-11-01,31.5,32.2,31.43,31.84,8658820.0,114184910.0
2016-11-02,31.69,31.98,31.19,31.23,8858188.0,115874597.0
2016-11-03,31.38,32.01,31.04,31.93,10231494.0,133754437.0
2016-11-04,31.84,31.91,31.33,31.48,8907356.0,116645942.0
2016-11-07,31.26,31.45,31.02,31.28,6593886.0,85194325.0
2016-11-08,31.52,33.21,31.43,32.34,21069356.0,282575218.0
2016-11-09,32.23,32.47,31.31,31.52,13969321.0,183969024.0
2016-11-10,31.81,32.3,31.74,31.96,10630469.0,140794956.0
2016-11-11,31.84,32.23,31.69,32.08,10905519.0,144505992.0
2016-11-14,32.13,32.61,32.08,32.27,12791382.0,171318531.0
2016-11-15,32.34,33.14,31.93,33.09,19852972.0,268046863.0
2016-11-16,33.19,33.43,32.59,32.71,16494040.0,224769706.0
2016-11-17,32.44,32.63,32.13,32.37,9502407.0,127273842.0
2016-11-18,32.27,35.19,32.27,34.08,41793365.0,583947586.0
2016-11-21,33.7,34.88,33.31,34.35,29889867.0,420605486.0
2016-11-22,34.18,34.66,33.84,34.11,19165359.0,271378976.0
2016-11-23,34.16,36.42,34.13,35.34,42410108.0,620988567.0
2016-11-24,35.02,35.89,34.61,34.69,26082829.0,380533874.0
2016-11-25,34.54,34.59,33.12,34.23,19505463.0,274336230.0
2016-11-28,34.03,34.2,33.5,33.58,14020320.0,195934732.0
2016-11-29,33.55,33.89,33.31,33.58,11301473.0,157439812.0
2016-11-30,33.43,34.57,33.24,34.23,16812475.0,237168137.0
2017-02-24,33.82,37.66,33.79,37.66,38308314.0,584631866.0
2017-02-27,39.61,40.96,38.43,39.01,70139464.0,1146168597.0
2017-02-28,38.6,38.6,35.53,36.28,55935171.0,850200493.0
2017-03-01,35.97,36.16,35.05,35.65,36188989.0,533006339.0
2017-03-02,35.44,35.92,34.47,34.54,26285370.0,381909975.0
2017-03-03,34.33,34.35,33.5,33.87,20837120.0,292765955.0
2017-03-06,33.72,34.28,33.72,34.03,17856407.0,251763541.0
2017-03-07,34.03,34.2,33.29,33.38,21169686.0,295356131.0
2017-03-08,33.14,33.6,32.95,33.53,15638911.0,215401503.0
2017-03-09,33.53,33.6,32.78,32.78,12376271.0,169993670.0
2017-03-10,32.59,32.95,32.06,32.44,17144007.0,230341904.0
2017-03-13,32.56,32.78,31.64,31.86,17806986.0,236503107.0
2017-03-14,31.86,31.98,30.92,31.91,25796162.0,336238563.0
2017-03-15,31.57,31.77,31.38,31.48,11200550.0,146571674.0
2017-03-16,31.43,31.89,31.4,31.69,10718765.0,140434433.0
2017-03-17,31.69,31.91,31.31,31.36,12181006.0,159747828.0
2017-03-20,31.5,31.5,30.92,31.23,10031962.0,129386730.0
2017-03-21,31.09,31.09,30.08,30.2,18561233.0,233956910.0
2017-03-22,29.91,29.91,28.77,28.94,23297996.0,281756483.0
2017-03-23,28.7,29.45,28.65,29.01,13732020.0,165288541.0
2017-03-24,29.09,29.18,28.02,28.05,18264241.0,214405452.0
2017-03-27,27.88,28.46,27.81,28.46,11402380.0,133422953.0
2017-03-28,28.39,29.09,28.05,28.65,13600301.0,161017610.0
2017-03-29,28.68,28.8,27.83,27.86,9750071.0,113948082.0
2017-03-30,27.78,27.78,25.66,25.85,20618228.0,226451780.0
2017-03-31,25.95,26.0,25.34,25.68,9888676.0,105550081.0
2017-04-05,25.34,26.26,25.2,26.07,10835056.0,115952566.0
2017-04-06,25.9,26.43,25.8,26.14,9340129.0,101160466.0
2017-04-07,26.02,26.72,25.97,26.17,9687797.0,105857538.0
2017-04-10,25.83,25.85,23.9,24.14,18861245.0,193715703.0
2017-04-11,24.04,24.62,23.9,24.6,11567932.0,116645894.0
2017-04-12,24.48,25.47,24.36,24.6,13550695.0,140216862.0
2017-04-13,24.43,24.98,24.19,24.62,9304685.0,94919426.0
2017-04-14,24.62,24.74,24.14,24.31,7068678.0,71214280.0
2017-04-17,24.09,24.21,22.57,23.05,13205597.0,126496817.0
2017-04-18,22.84,23.15,22.01,22.06,12319690.0,114823623.0
2017-04-19,22.01,22.04,20.78,21.43,12815179.0,112968093.0
2017-04-20,21.29,21.84,21.14,21.51,9224643.0,82286287.0
2017-04-21,21.63,21.8,20.81,20.93,8596040.0,75883707.0
2017-04-24,20.83,20.83,19.31,19.31,13065549.0,107200766.0
2017-04-25,19.34,19.55,18.66,19.43,10866883.0,86517668.0
2017-04-26,19.45,21.39,19.26,21.39,14744004.0,124877438.0
2017-04-27,21.8,21.8,20.83,21.51,24739950.0,219004226.0
2017-04-28,21.34,21.41,21.02,21.19,11554616.0,101550031.0
2017-05-02,21.17,22.16,20.98,21.36,13069675.0,117051404.0
2017-05-03,21.36,21.58,20.9,21.07,8957758.0,78533648.0
2017-05-04,21.1,21.36,20.83,20.98,7596647.0,66581208.0
2017-05-05,20.95,21.1,19.7,19.7,11860378.0,98949506.0
2017-05-08,19.55,20.37,19.36,19.62,9033867.0,74558895.0
2017-05-09,19.89,20.23,19.55,20.11,8016533.0,66371125.0
2017-05-10,20.06,20.45,19.84,20.37,9313840.0,77891099.0
2017-05-11,20.01,20.23,18.92,19.72,11427470.0,92936172.0
2017-05-12,19.67,21.7,19.21,21.02,22869337.0,198988485.0
2017-05-15,21.0,22.14,20.88,21.6,22894530.0,204953540.0
2017-05-16,21.63,21.92,21.0,21.89,15372565.0,136624430.0
2017-05-17,21.84,22.33,21.46,21.68,14794707.0,133614509.0
2017-05-18,21.34,21.43,20.93,20.95,11394035.0,99968352.0
2017-05-19,20.95,21.22,20.88,21.1,6667434.0,58154907.0
2017-05-22,21.0,21.0,19.55,19.6,13931077.0,115640664.0
2017-05-23,19.55,19.75,18.78,18.83,8663522.0,69545208.0
2017-05-24,18.73,18.8,17.55,18.71,9946851.0,75410664.0
2017-05-25,18.59,19.19,18.34,19.0,8479880.0,66190581.0
2017-05-26,18.95,19.19,18.8,18.92,6094330.0,47943413.0
2017-05-31,19.17,19.5,18.83,18.85,7881900.0,62457395.0
2017-06-01,18.64,18.75,17.62,17.62,8474798.0,63934811.0
2017-06-02,17.62,18.2,17.6,18.05,7543100.0,56057650.0
2017-06-05,18.13,18.64,18.01,18.39,6323270.0,48103865.0
2017-06-06,18.54,19.17,18.34,18.92,11366691.0,88607834.0
2017-06-07,18.78,19.6,18.66,19.31,11493487.0,91281088.0
2017-06-08,19.31,19.43,19.14,19.17,6622422.0,52776997.0
2017-06-09,19.14,19.58,18.85,19.41,7663762.0,60983033.0
2017-06-12,19.24,19.29,18.54,18.64,7842691.0,61464887.0
2017-06-13,18.54,19.26,18.54,19.07,7282033.0,57130103.0
2017-06-14,19.07,20.54,19.07,19.77,16104019.0,131325235.0
2017-06-15,19.53,20.83,19.45,20.57,19907757.0,167041051.0
2017-06-16,21.05,22.01,20.28,20.32,26114105.0,229481548.0
2017-06-19,20.04,21.19,19.72,20.83,20758392.0,175366051.0
2017-06-20,20.69,20.78,20.18,20.18,16193824.0,137600656.0
2017-06-21,20.3,20.32,19.87,20.2,8096636.0,67469541.0
2017-06-22,20.11,20.32,19.53,19.53,8532015.0,70796157.0
2017-06-23,19.38,19.87,19.21,19.7,7836540.0,63418370.0
2017-06-26,19.53,19.84,19.41,19.79,6647501.0,54190388.0
2017-06-27,19.89,20.13,19.75,20.04,6380173.0,52752811.0
2017-06-28,20.01,20.01,19.55,19.55,5789935.0,47158860.0
2017-06-29,19.67,19.82,19.58,19.65,4112948.0,33607893.0
2017-06-30,19.55,19.65,19.31,19.41,4778540.0,38501880.0
2017-07-03,19.36,19.67,19.36,19.65,3533643.0,28638802.0
2017-07-04,19.67,19.96,19.58,19.79,4691363.0,38496068.0
2017-07-05,19.79,19.89,19.72,19.82,4936725.0,40529338.0
2017-07-06,19.84,20.06,19.53,19.79,5947500.0,48893077.0
2017-07-07,19.75,19.82,19.55,19.82,4820711.0,39286057.0
2017-07-10,19.72,19.82,19.48,19.48,5061801.0,41065436.0
2017-07-11,19.41,19.53,18.34,18.61,9286181.0,73180455.0
2017-07-12,18.66,19.0,18.1,18.64,8018210.0,61400800.0
2017-07-13,18.61,18.93,18.32,18.93,6958593.0,53711130.0
2017-07-14,18.85,18.97,18.49,18.56,4674498.0,36187288.0
2017-07-17,18.3,18.3,16.7,16.7,10496540.0,75442877.0
2017-07-18,16.66,16.99,16.41,16.87,6290783.0,43656775.0
2017-07-19,16.75,16.87,16.54,16.78,5841703.0,40429978.0
2017-07-20,16.8,17.07,16.75,16.8,5326573.0,37316516.0
2017-07-21,16.9,17.09,16.73,16.75,4588800.0,32126376.0
2017-07-24,16.68,16.7,16.32,16.61,5813069.0,39736093.0
2017-07-25,16.56,16.87,16.51,16.7,4637764.0,32081242.0
2017-07-26,16.8,16.92,16.66,16.75,4053350.0,28141237.0
2017-07-27,16.75,17.52,16.56,17.52,11552751.0,82457313.0
2017-07-28,17.43,17.6,17.28,17.31,6740388.0,48640229.0
2017-07-31,17.31,17.74,17.16,17.52,6401320.0,46393246.0
2017-08-01,17.57,17.84,17.5,17.64,5548927.0,40606757.0
2017-08-02,17.64,17.72,17.16,17.19,5152981.0,37042939.0
2017-08-03,17.16,17.81,17.07,17.48,6554228.0,47418046.0
2017-08-04,17.4,17.57,17.28,17.33,3907120.0,28140365.0
2017-08-07,17.28,17.57,17.19,17.36,3351990.0,24145040.0
2017-08-08,17.28,18.23,17.07,17.64,8789287.0,64238122.0
2017-08-09,17.5,17.62,17.4,17.43,4950943.0,35860534.0
2017-08-10,17.38,17.52,17.02,17.07,5020399.0,35816025.0
2017-08-11,16.9,17.23,16.7,16.9,4841926.0,34175477.0
2017-08-14,17.02,17.57,16.92,17.45,4851594.0,34941360.0
2017-08-15,17.43,17.55,17.36,17.52,3842367.0,27801119.0
2017-08-16,17.5,18.15,17.4,17.93,10255622.0,75862450.0
2017-08-17,17.84,18.23,17.74,18.03,7427887.0,55379209.0
2017-08-18,17.91,18.03,17.69,17.96,5786411.0,42806954.0
2017-08-21,17.93,18.01,17.74,17.91,4536778.0,33584494.0
2017-08-22,17.91,18.05,17.67,17.74,5509371.0,40614431.0
2017-08-23,17.69,18.2,17.67,17.98,9644527.0,71878825.0
2017-08-24,17.93,17.93,17.55,17.57,5358365.0,39378261.0
2017-08-25,17.5,17.81,17.5,17.74,4256627.0,31174379.0
2017-08-28,17.77,18.01,17.74,17.96,7059780.0,52363870.0
2017-08-29,17.89,18.15,17.77,17.98,7253390.0,53852859.0
2017-08-30,17.96,18.22,17.84,17.91,6009734.0,44870631.0
2017-08-31,17.84,18.01,17.77,17.93,4533360.0,33576366.0
2017-09-01,17.93,18.01,17.79,17.98,5336566.0,39577161.0
2017-09-04,17.98,18.59,17.81,18.37,11611772.0,87858066.0
2017-09-05,18.34,18.49,18.15,18.25,5777198.0,43669768.0
2017-09-06,18.2,18.73,18.15,18.71,9628435.0,73757284.0
2017-09-07,18.71,19.65,18.64,18.66,18263131.0,144378768.0
2017-09-08,18.64,18.9,18.37,18.56,8255870.0,63614805.0
2017-09-11,18.49,18.75,18.42,18.64,6372687.0,49074190.0
2017-09-12,18.64,18.64,18.27,18.37,6282555.0,47973841.0
2017-09-13,18.3,18.44,18.15,18.37,3877993.0,29361722.0
2017-09-14,18.32,18.42,18.15,18.25,4012285.0,30343478.0
2017-09-15,18.25,18.3,17.96,17.96,4374905.0,32804052.0
2017-09-18,17.96,18.18,17.86,18.15,3713930.0,27708235.0
2017-09-19,18.1,18.25,18.01,18.06,4232590.0,31822406.0
2017-09-20,18.06,18.47,18.01,18.47,5885922.0,44629483.0
2017-09-21,18.42,18.54,18.08,18.1,5134401.0,38988795.0
2017-09-22,18.06,18.42,17.77,18.3,5346030.0,40124417.0
2017-09-25,18.44,19.75,18.44,18.73,18019312.0,141559229.0
2017-09-26,18.51,18.59,17.55,17.84,12467229.0,93176542.0
2017-09-27,17.74,18.08,17.64,17.91,6005147.0,44404782.0
2017-09-28,17.81,17.84,17.38,17.4,6524501.0,47594248.0
2017-09-29,17.72,17.79,17.45,17.64,4801652.0,35084989.0
2017-10-09,17.74,18.15,17.67,17.91,6146933.0,45697275.0
2017-10-10,17.91,18.95,17.89,18.61,13557700.0,103649000.0
2017-10-11,18.59,19.26,18.32,18.32,10469701.0,81134262.0
2017-10-12,18.2,18.54,17.86,18.15,7617449.0,57613165.0
2017-10-13,18.1,18.39,17.98,18.3,5080889.0,38352779.0
2017-10-16,18.13,18.23,17.55,17.57,8280443.0,61047591.0
2017-10-17,17.55,17.72,17.5,17.67,3064710.0,22358661.0
2017-10-18,17.67,17.72,17.09,17.21,5055160.0,36481630.0
2017-10-19,17.26,17.31,16.7,16.75,6006328.0,42088584.0
2017-10-20,16.78,16.95,16.68,16.95,3001983.0,20995090.0
2017-10-23,16.95,17.19,16.87,17.16,4288333.0,30261259.0
2017-10-24,17.11,17.11,16.73,16.92,3825850.0,26828374.0
2017-10-25,16.92,17.04,16.85,17.02,2667053.0,18747048.0
2017-10-26,17.02,17.14,16.95,17.07,2834168.0,20036050.0
2017-10-27,17.21,17.33,16.85,16.92,3719925.0,26332834.0
2017-10-30,16.61,16.66,15.54,15.67,11602784.0,76652365.0
2017-10-31,15.45,15.79,15.45,15.74,3260473.0,21162346.0
2017-11-01,15.69,16.0,15.69,15.76,3618238.0,23689895.0
2017-11-02,15.71,15.74,15.33,15.42,4077000.0,26131842.0
2017-11-03,15.4,15.57,15.01,15.16,4515958.0,28511861.0
2017-11-06,14.99,15.33,14.99,15.26,2726810.0,17144490.0
2017-11-07,15.18,15.33,15.11,15.33,3211609.0,20252976.0
2017-11-08,15.35,16.05,15.33,15.64,7250712.0,47273790.0
2017-11-09,15.54,15.81,15.47,15.67,3583475.0,23187010.0
2017-11-10,15.67,15.76,15.59,15.69,3586040.0,23282486.0
2017-11-14,17.26,17.26,16.27,16.27,24513704.0,171430310.0
2017-11-15,15.86,17.89,15.5,17.89,36087625.0,252157313.0
2017-11-23,16.95,17.38,16.1,16.29,28478280.0,194334928.0
2017-11-24,15.71,16.54,14.77,14.87,24792356.0,159186112.0
2017-11-27,14.12,14.51,13.37,13.47,21562181.0,124419248.0
2017-11-28,13.57,13.78,12.12,13.66,13141049.0,73630686.0
2017-11-29,13.54,13.57,12.96,13.35,10354285.0,56989084.0
2017-11-30,13.3,13.52,13.15,13.23,5821937.0,32129828.0
2017-12-01,13.15,13.69,13.15,13.54,6474628.0,36095262.0
2017-12-04,13.47,13.47,12.87,13.01,8310500.0,45325978.0
2017-12-05,12.96,13.13,12.09,12.24,8826300.0,45959315.0
2017-12-06,12.24,12.53,12.14,12.48,4974298.0,25364053.0
2017-12-07,12.43,12.7,12.34,12.43,5321366.0,27551808.0
2017-12-08,12.38,12.89,12.34,12.65,6354462.0,33243494.0
2017-12-11,12.6,12.82,12.55,12.79,4633900.0,24367430.0
2017-12-12,12.67,12.79,12.48,12.55,4705130.0,24584046.0
2017-12-13,12.48,12.65,12.43,12.65,4369254.0,22744799.0
2017-12-14,12.65,13.37,12.53,13.01,9551102.0,51725514.0
2017-12-15,12.94,13.11,12.79,12.96,5897314.0,31585204.0
2017-12-18,12.84,13.04,12.6,12.65,5723986.0,30408765.0
2017-12-19,12.62,12.91,12.6,12.79,4215309.0,22355484.0
2017-12-20,12.74,12.79,12.29,12.36,7354360.0,38063385.0
2017-12-21,12.38,12.38,11.92,12.19,6887265.0,34670563.0
2017-12-22,12.19,12.36,12.09,12.14,3985270.0,20146403.0
2017-12-25,12.17,12.19,11.66,11.88,5612290.0,27564782.0
2017-12-26,11.8,12.07,11.73,11.97,5297478.0,26128188.0
2017-12-27,12.04,12.43,12.0,12.21,8201145.0,41496944.0
2017-12-28,12.12,12.26,11.88,12.02,5858588.0,29407097.0
2017-12-29,12.09,12.24,12.04,12.19,4617843.0,23271587.0
2018-01-02,12.29,12.58,12.21,12.53,5663113.0,29145363.0
2018-01-03,12.62,12.62,12.43,12.6,5288251.0,27454720.0
2018-01-04,12.55,12.67,12.46,12.5,3973864.0,20670731.0
2018-01-05,12.43,12.84,12.43,12.72,6255949.0,32731097.0
2018-01-08,12.65,13.11,12.53,12.84,7155335.0,37859720.0
2018-01-09,12.79,12.79,12.48,12.5,5473683.0,28618663.0
2018-01-10,12.46,12.58,12.0,12.19,7021240.0,35627519.0
2018-01-11,12.12,12.48,11.97,12.46,5887244.0,30048569.0
2018-01-12,12.43,12.62,12.31,12.36,5009846.0,25874517.0
2018-01-15,12.31,12.31,11.95,11.95,5378042.0,26969578.0
2018-01-16,11.9,12.17,11.9,12.02,2726682.0,13626293.0
2018-01-17,12.0,12.07,11.73,12.0,4907192.0,24164405.0
2018-01-18,11.97,12.19,11.83,12.14,3481993.0,17382541.0
2018-01-19,12.09,12.29,12.02,12.12,3338854.0,16797966.0
2018-01-22,12.09,12.38,11.73,12.21,5001205.0,25080036.0
2018-01-23,12.21,12.26,12.07,12.12,3002506.0,15107578.0
2018-01-24,12.12,12.36,12.02,12.31,7446392.0,37772475.0
2018-01-25,12.24,12.5,12.17,12.24,7072290.0,36253632.0
2018-01-26,12.24,12.26,12.07,12.21,4492191.0,22640582.0
2018-01-29,12.14,12.17,11.8,11.85,4649827.0,22999576.0
2018-01-30,11.92,11.95,11.73,11.8,3592080.0,17609377.0
2018-01-31,11.22,11.22,10.62,10.62,13142480.0,58926774.0
2018-02-01,10.62,10.72,9.68,9.85,7324920.0,31051773.0
2018-02-02,9.78,9.85,9.29,9.63,5985365.0,23799717.0
2018-02-05,9.54,9.73,9.39,9.54,3886454.0,15439715.0
2018-02-06,9.44,9.7,9.17,9.17,6009127.0,23479037.0
2018-02-07,9.32,9.63,8.93,9.58,6328069.0,24460322.0
2018-02-08,9.46,10.11,9.44,9.73,6101769.0,24749040.0
2018-02-09,9.49,9.63,9.29,9.49,5916257.0,23193798.0
2018-02-12,9.51,9.75,9.46,9.7,4997911.0,20009898.0
2018-02-13,9.7,9.82,9.61,9.61,4153531.0,16658872.0
2018-02-14,9.61,9.65,9.51,9.58,2961860.0,11758919.0
2018-02-22,9.65,9.99,9.58,9.8,4428454.0,17925101.0
2018-02-23,9.75,9.97,9.7,9.82,4774021.0,19419916.0
2018-02-26,9.82,10.09,9.78,10.07,5763051.0,23786822.0
2018-02-27,10.07,10.48,9.92,10.19,7337645.0,31121838.0
2018-02-28,10.21,10.36,9.9,10.16,6931340.0,29059503.0
2018-03-01,10.19,11.18,10.14,11.18,20367743.0,93419845.0
2018-03-02,11.2,11.49,10.62,10.67,22833140.0,104036433.0
2018-03-05,10.62,10.74,10.38,10.55,11510920.0,50259155.0
2018-03-06,10.45,10.67,10.4,10.62,6812909.0,29818876.0
2018-03-07,10.79,11.32,10.72,10.86,14686053.0,66688281.0
2018-03-08,10.64,10.81,10.57,10.69,7892135.0,34872452.0
2018-03-09,10.74,11.18,10.67,11.03,11164147.0,50757905.0
2018-03-12,10.94,12.02,10.89,11.59,18042201.0,84974880.0
2018-03-13,11.44,12.26,11.27,11.85,21664641.0,106468041.0
2018-03-14,11.68,11.85,11.22,11.32,12752597.0,60939961.0
2018-03-15,11.2,11.3,10.72,10.98,8597556.0,39200870.0
2018-03-16,10.89,11.2,10.86,10.86,6042121.0,27626237.0
2018-03-19,11.05,11.2,10.91,10.98,5174523.0,23712703.0
2018-03-20,10.94,11.1,10.74,11.03,6055465.0,27355559.0
2018-03-21,11.03,11.3,10.96,11.05,6114516.0,28111522.0
2018-03-22,10.94,11.18,10.79,11.01,5635943.0,25659259.0
2018-03-23,10.72,10.72,9.9,9.95,10419700.0,44397857.0
2018-03-26,9.73,10.14,9.58,10.11,5979052.0,24468223.0
2018-03-27,10.14,10.57,10.14,10.48,6105485.0,26274755.0
2018-03-28,10.31,10.64,10.26,10.45,4868682.0,21111380.0
2018-03-29,10.43,10.62,10.38,10.5,4913534.0,21381419.0
2018-03-30,10.6,10.86,10.52,10.74,5600406.0,24792625.0
2018-04-02,10.77,10.98,10.67,10.74,5346288.0,23932806.0
2018-04-03,10.6,10.62,10.33,10.48,5475549.0,23718426.0
2018-04-04,10.4,10.72,10.36,10.4,4518562.0,19724707.0
2018-04-09,10.26,10.62,10.21,10.43,4845191.0,20895545.0
2018-04-10,10.4,10.52,10.16,10.28,5527545.0,23573583.0
2018-04-11,10.28,10.4,10.23,10.28,3984580.0,17028515.0
2018-04-12,10.21,10.33,10.14,10.23,3966029.0,16820782.0
2018-04-13,10.26,10.43,10.04,10.04,4396625.0,18527562.0
2018-04-16,10.07,10.23,9.85,9.92,5017511.0,20861048.0
2018-04-17,9.9,10.07,9.68,9.68,5634590.0,22960462.0
2018-04-18,9.7,9.87,9.41,9.8,5975210.0,23893889.0
2018-04-19,9.75,9.87,9.73,9.8,3791910.0,15406588.0
2018-04-20,9.8,10.04,9.56,9.58,5701306.0,23189010.0
2018-04-23,9.54,9.63,9.27,9.44,4345193.0,17070823.0
2018-04-24,9.44,9.9,9.37,9.78,4832738.0,19330035.0
2018-04-25,9.73,10.09,9.7,10.02,7727316.0,31898819.0
2018-04-26,9.92,9.99,9.8,9.8,5650360.0,23167257.0
2018-04-27,9.85,10.57,9.8,10.21,10607543.0,44761270.0
2018-05-02,10.21,10.28,9.82,10.07,6593292.0,27320409.0
2018-05-03,10.04,10.21,9.8,10.14,5358681.0,22195875.0
2018-05-04,10.14,11.05,10.02,10.45,12134978.0,52837311.0
2018-05-07,10.4,10.55,10.09,10.45,7506870.0,32342990.0
2018-05-08,10.43,10.74,10.43,10.62,7644950.0,33539679.0
2018-05-09,10.57,10.79,10.52,10.69,5548420.0,24472553.0
2018-05-10,10.69,10.69,10.55,10.69,5018876.0,22087326.0
2018-05-11,10.69,10.74,10.38,10.4,4511391.0,19631476.0
2018-05-14,10.5,10.57,10.21,10.23,3903103.0,16808042.0
2018-05-15,10.31,10.6,10.19,10.57,4449257.0,19242946.0
2018-05-16,10.52,10.69,10.45,10.62,4564737.0,20032268.0
2018-05-17,10.62,10.64,10.4,10.55,3113031.0,13541719.0
2018-05-18,10.55,10.6,10.43,10.52,3325229.0,14496890.0
2018-05-21,10.6,10.69,10.5,10.69,4700954.0,20703430.0
2018-05-22,10.74,10.89,10.57,10.89,5883425.0,26190364.0
2018-05-23,10.77,11.39,10.55,10.89,9058928.0,40782271.0
2018-05-24,10.91,11.18,10.67,10.74,7908511.0,35838497.0
2018-05-25,10.67,10.77,10.43,10.5,4782298.0,20927912.0
2018-05-28,10.5,10.57,10.04,10.07,5154497.0,21849716.0
2018-05-29,9.92,10.09,9.78,9.78,4266060.0,17571354.0
2018-05-30,9.65,9.65,9.15,9.24,5492591.0,21456467.0
2018-05-31,9.32,9.68,9.29,9.61,4291868.0,16881566.0
2018-06-01,9.51,9.7,9.46,9.61,2920038.0,11611675.0
2018-06-04,9.63,9.63,9.49,9.51,2192080.0,8685930.0
2018-06-05,9.51,9.7,9.51,9.68,2051157.0,8171276.0
2018-06-06,9.65,9.78,9.58,9.68,1902712.0,7622099.0
2018-06-07,9.7,9.73,9.37,9.44,2722814.0,10760796.0
2018-06-08,9.46,9.46,9.2,9.27,3049235.0,11752416.0
2018-06-11,9.1,9.39,9.05,9.34,2652076.0,10127172.0
2018-06-12,9.29,9.49,9.24,9.37,2106300.0,8174315.0
2018-06-13,9.39,9.39,9.0,9.0,2539600.0,9655748.0
2018-06-14,8.96,9.29,8.96,9.1,2058430.0,7783348.0
2018-06-15,9.05,9.24,8.81,8.86,3091376.0,11482110.0
2018-06-19,8.57,8.57,7.97,7.97,6865112.0,23238297.0
2018-06-20,7.8,8.01,7.6,7.87,6618831.0,21350293.0
2018-06-21,7.72,7.92,7.29,7.39,6032110.0,19018353.0
2018-06-22,7.34,7.6,7.19,7.51,4479132.0,13771486.0
2018-06-25,7.51,7.63,7.43,7.58,2216270.0,6948784.0
2018-06-27,6.83,6.83,6.83,6.83,552000.0,1562160.0
2018-06-28,6.16,6.16,6.16,6.16,302300.0,770865.0
2018-06-29,5.55,5.55,5.55,5.55,417700.0,960710.0
2018-07-02,5.0,5.0,5.0,5.0,337100.0,697797.0
2018-07-03,4.49,4.49,4.49,4.49,305900.0,568974.0
2018-07-04,4.03,4.03,4.03,4.03,336400.0,561788.0
2018-07-05,3.62,3.62,3.62,3.62,528400.0,792600.0
2018-07-06,3.26,3.26,3.26,3.26,569600.0,768960.0
2018-07-09,2.94,2.94,2.94,2.94,1646800.0,2009096.0
2018-07-10,2.65,2.92,2.65,2.78,85006132.0,95351110.0
2018-07-11,2.68,2.68,2.56,2.61,49497555.0,53787336.0
2018-07-12,2.56,2.73,2.56,2.63,39404764.0,43170174.0
2018-07-13,2.7,2.75,2.61,2.61,38927662.0,43107961.0
2018-07-16,2.51,2.56,2.34,2.44,39539771.0,39905384.0
2018-07-17,2.41,2.49,2.37,2.46,25031314.0,25204927.0
2018-07-18,2.41,2.51,2.41,2.46,21851697.0,22138670.0
2018-07-19,2.44,2.44,2.27,2.32,28330817.0,27551531.0
2018-07-20,2.17,2.27,2.15,2.2,30536539.0,27899128.0
2018-07-23,2.05,2.12,1.98,2.0,36917239.0,31016149.0
2018-07-24,2.03,2.05,2.0,2.05,22873783.0,19279142.0
2018-07-25,2.03,2.27,1.98,2.27,32852510.0,28787293.0
2018-07-26,2.25,2.49,2.2,2.49,48890729.0,48997670.0
2018-07-27,2.39,2.73,2.39,2.68,74546605.0,81188123.0
2018-07-30,2.41,2.41,2.41,2.41,10754800.0,10754800.0
2018-07-31,2.17,2.17,2.17,2.17,5372900.0,4835610.0
2018-08-01,1.96,2.32,1.96,2.17,53151403.0,46254299.0
2018-08-02,2.0,2.08,1.96,2.0,42714013.0,35521344.0
2018-08-03,2.0,2.03,1.83,1.88,32571396.0,25693453.0
2018-08-06,1.79,1.86,1.74,1.74,28024454.0,20741121.0
2018-08-07,1.64,1.88,1.64,1.86,33276588.0,24658842.0
