2010-12-22,47.77,49.9,42.12,42.41,9906431.0,445618784.0
2010-12-23,40.34,41.37,38.22,38.49,5162587.0,206273088.0
2010-12-24,37.49,37.83,36.01,36.7,2827003.0,104276720.0
2010-12-27,36.48,37.32,34.97,35.02,1975940.0,71828592.0
2010-12-28,34.79,34.95,33.5,34.42,1821502.0,62091392.0
2010-12-29,34.09,34.98,34.02,34.98,1427448.0,49383880.0
2010-12-30,34.78,34.87,34.12,34.53,1023524.0,35371728.0
2010-12-31,34.28,34.87,34.21,34.72,1149734.0,39778844.0
2011-01-04,35.0,36.04,34.6,36.01,1647605.0,58292364.0
2011-01-05,35.71,36.49,35.38,35.5,1339472.0,48010416.0
2011-01-06,35.28,35.7,34.34,34.87,982802.0,34291760.0
2011-01-07,34.95,36.16,34.95,35.35,1306181.0,46533380.0
2011-01-10,35.15,35.15,33.9,33.98,942287.0,32390110.0
2011-01-11,33.65,33.94,32.61,32.92,910494.0,30099124.0
2011-01-12,32.94,33.46,32.45,33.13,528641.0,17385044.0
2011-01-13,33.16,33.37,32.81,32.96,397128.0,13132521.0
2011-01-14,32.96,33.05,31.67,31.72,623267.0,20035636.0
2011-01-17,31.5,31.5,29.92,29.92,728071.0,22236808.0
2011-01-18,30.0,30.3,29.0,30.12,414142.0,12444346.0
2011-01-19,29.9,30.72,29.9,30.6,423359.0,12898157.0
2011-01-20,30.35,30.66,29.1,29.13,401981.0,11999577.0
2011-01-21,29.05,29.45,28.82,29.2,337297.0,9833862.0
2011-01-24,29.12,29.45,28.56,28.56,300673.0,8702946.0
2011-01-25,28.7,28.85,28.03,28.85,329554.0,9345784.0
2011-01-26,28.83,29.88,28.55,29.51,485208.0,14282769.0
2011-01-27,29.39,29.84,29.03,29.7,497750.0,14684058.0
2011-01-28,29.7,29.97,29.5,29.96,298720.0,8883071.0
2011-01-31,29.96,30.02,29.6,29.92,299650.0,8948349.0
2011-02-01,29.62,29.92,29.55,29.76,298701.0,8876907.0
2011-02-09,29.69,29.69,28.75,28.8,335022.0,9790235.0
2011-02-10,28.65,30.26,28.61,30.17,622332.0,18555682.0
2011-02-11,30.1,30.69,29.82,30.66,677586.0,20525724.0
2011-02-14,30.8,31.1,30.58,31.02,886436.0,27335042.0
2011-02-15,31.0,31.23,30.75,30.75,700962.0,21670714.0
2011-02-16,30.61,31.14,30.48,31.12,686494.0,21176190.0
2011-02-17,31.13,31.56,30.91,31.32,699241.0,21844620.0
2011-02-18,31.4,31.77,31.0,31.68,766639.0,24151600.0
2011-02-21,31.68,32.91,31.4,32.9,1115336.0,36106364.0
2011-02-22,32.99,33.27,31.5,31.73,1147857.0,37009492.0
2011-02-23,31.33,32.19,31.33,31.87,437026.0,13882065.0
2011-02-24,31.92,32.17,31.27,31.55,595076.0,18839640.0
2011-02-25,31.4,31.4,30.73,31.02,520607.0,16137360.0
2011-02-28,31.1,31.36,30.81,31.36,459628.0,14308643.0
2011-03-01,31.3,31.61,31.12,31.51,567407.0,17825678.0
2011-03-02,31.3,31.48,30.81,31.04,521408.0,16194119.0
2011-03-03,31.02,31.3,30.1,30.2,520041.0,15925635.0
2011-03-04,30.1,30.39,29.8,30.35,423456.0,12737162.0
2011-03-07,30.28,30.64,30.28,30.56,373682.0,11360050.0
2011-03-08,30.58,30.88,30.4,30.7,291505.0,8946491.0
2011-03-09,30.7,31.16,30.61,30.9,357697.0,11045821.0
2011-03-10,30.88,31.28,30.63,31.08,444638.0,13810214.0
2011-03-11,30.9,32.36,30.8,31.9,1095640.0,34743908.0
2011-03-14,31.8,32.4,31.22,32.38,979756.0,31175918.0
2011-03-15,32.48,32.48,31.0,31.67,741876.0,23448086.0
2011-03-16,31.66,31.98,31.51,31.83,448495.0,14235649.0
2011-03-17,31.6,31.6,30.8,30.91,592504.0,18459700.0
2011-03-18,31.16,31.3,31.0,31.05,297576.0,9256163.0
2011-03-21,31.0,31.0,30.25,30.51,398231.0,12179970.0
2011-03-22,30.45,30.45,28.99,29.45,2433051.0,71525888.0
2011-03-23,29.3,29.76,29.25,29.73,597005.0,17662950.0
2011-03-24,29.75,30.65,29.72,30.55,961390.0,29077220.0
2011-03-25,33.61,33.61,33.61,33.61,1371832.0,46107272.0
2011-03-28,34.0,35.29,33.61,35.01,5390292.0,184985776.0
2011-03-29,34.49,34.49,32.6,32.71,2095827.0,69769920.0
2011-03-30,32.51,32.71,31.8,31.83,1224262.0,39297840.0
2011-03-31,31.89,34.69,31.89,34.06,2971882.0,100162992.0
2011-04-01,33.9,33.9,32.9,33.47,1261558.0,42093176.0
2011-04-06,33.35,33.4,32.58,32.85,814302.0,26752048.0
2011-04-07,32.83,34.47,32.83,33.74,1298114.0,43923572.0
2011-04-08,33.1,34.25,33.1,33.43,1256838.0,42401580.0
2011-04-11,33.25,33.43,32.21,32.45,1223514.0,39923944.0
2011-04-12,32.26,32.86,32.01,32.2,581341.0,18865118.0
2011-04-13,32.14,32.78,31.82,32.51,545424.0,17703252.0
2011-04-14,32.55,32.79,32.09,32.11,593403.0,19230038.0
2011-04-15,32.02,32.28,31.35,31.63,704937.0,22362268.0
2011-04-18,31.41,31.7,31.2,31.45,503209.0,15817939.0
2011-04-19,31.45,31.45,30.5,30.88,532147.0,16415715.0
2011-04-20,30.01,30.01,28.62,28.92,1878733.0,54485800.0
2011-04-21,28.77,29.28,28.68,29.1,737620.0,21402360.0
2011-04-22,28.98,29.4,28.87,29.15,583767.0,16982590.0
2011-04-26,28.35,28.35,26.93,27.0,869922.0,23951316.0
2011-04-27,26.96,27.3,26.63,26.75,356015.0,9610396.0
2011-04-28,26.75,26.88,26.26,26.28,698177.0,18562078.0
2011-04-29,26.35,26.93,26.05,26.93,365446.0,9733868.0
2011-05-03,26.88,27.65,26.67,27.48,292911.0,7986044.0
2011-05-04,27.45,27.69,27.28,27.43,357201.0,9816688.0
2011-05-05,27.36,28.6,27.13,28.32,484805.0,13549458.0
2011-05-06,28.21,28.3,27.38,27.64,577343.0,16019704.0
2011-05-09,27.62,28.04,26.73,27.09,720347.0,9794197.0
2011-05-10,27.14,27.3,26.85,27.04,422929.0,5687578.0
2011-05-11,26.93,27.14,26.73,26.73,548062.0,7348507.0
2011-05-12,26.73,27.64,26.73,26.85,819417.0,11071707.0
2011-05-13,26.75,27.04,25.51,26.15,839590.0,10915271.0
2011-05-16,26.05,26.05,25.45,25.53,840279.0,10737245.0
2011-05-17,25.55,25.83,24.72,25.49,728721.0,9206084.0
2011-05-18,25.43,25.63,25.12,25.47,404449.0,5116231.0
2011-05-19,25.49,25.65,25.05,25.12,467818.0,5904988.0
2011-05-20,25.31,25.33,24.96,25.14,349912.0,4378707.0
2011-05-23,25.14,25.14,23.64,23.68,913245.0,10992635.0
2011-05-24,23.5,24.86,22.91,24.52,1221517.0,14578851.0
2011-05-25,24.32,24.34,23.32,23.52,571948.0,6801259.0
2011-05-26,23.54,24.0,23.18,23.3,458596.0,5390470.0
2011-05-27,23.32,23.74,22.97,23.05,363689.0,4212137.0
2011-05-30,22.97,23.92,22.55,23.72,888630.0,10433165.0
2011-05-31,23.72,24.44,23.34,24.36,628896.0,7468530.0
2011-06-01,24.08,24.38,23.88,24.38,629639.0,7549453.0
2011-06-02,23.92,24.04,23.32,24.02,414329.0,4896453.0
2011-06-03,23.92,24.5,23.4,24.4,520637.0,6272501.0
2011-06-07,24.24,24.48,24.18,24.3,370957.0,4479444.0
2011-06-08,24.36,24.6,23.76,24.6,612634.0,7382320.0
2011-06-09,24.54,25.27,24.16,24.88,1273428.0,15695336.0
2011-06-10,24.8,25.93,24.32,25.71,1598373.0,20038594.0
2011-06-13,25.71,27.72,25.14,27.54,2857256.0,37779724.0
2011-06-14,27.14,28.02,26.73,27.82,2033884.0,27670604.0
2011-06-15,27.54,27.82,26.83,27.36,1377514.0,18668778.0
2011-06-16,27.14,27.34,25.97,26.39,1246223.0,16370972.0
2011-06-17,26.47,26.93,25.93,26.55,753065.0,9861206.0
2011-06-20,26.49,27.44,26.17,27.38,1240260.0,16644627.0
2011-06-21,27.42,27.54,26.33,27.09,954238.0,12788526.0
2011-06-22,27.01,28.3,26.81,27.78,1445489.0,19981940.0
2011-06-23,27.8,28.3,27.05,27.94,1948429.0,26964418.0
2011-06-24,27.9,28.78,27.54,28.12,1780559.0,24951412.0
2011-06-27,28.3,28.3,27.14,27.2,2597666.0,35650072.0
2011-06-28,27.09,27.09,26.55,26.89,1411068.0,18803896.0
2011-06-29,27.2,28.04,26.81,27.05,1722202.0,23491754.0
2011-06-30,26.65,27.22,26.49,26.71,2095852.0,27821030.0
2011-07-01,26.39,27.2,26.39,26.73,1597449.0,21179848.0
2011-07-04,26.97,27.3,26.71,27.3,2553372.0,34232900.0
2011-07-05,27.24,27.46,26.95,27.42,1825632.0,24698468.0
2011-07-06,27.46,27.46,26.75,27.02,1413901.0,18998654.0
2011-07-07,26.75,28.0,26.69,27.92,2916144.0,39847428.0
2011-07-08,27.98,27.98,27.2,27.22,1744671.0,23893084.0
2011-07-11,27.24,27.24,26.55,26.95,1100770.0,14696183.0
2011-07-12,26.57,26.81,25.69,25.69,1259166.0,16422129.0
2011-07-13,25.69,26.27,25.69,26.21,947783.0,12276431.0
2011-07-14,26.23,26.85,26.07,26.73,1070528.0,14150497.0
2011-07-15,26.67,27.84,26.43,27.58,2328995.0,31747528.0
2011-07-18,27.62,28.54,27.34,27.94,2967670.0,41323880.0
2011-07-19,27.54,27.94,27.11,27.46,1201843.0,16389541.0
2011-07-20,27.68,27.78,26.71,27.0,1018296.0,13749128.0
2011-07-21,27.05,27.05,26.37,26.37,727818.0,9620178.0
2011-07-22,26.53,27.05,26.43,26.73,551106.0,7352343.0
2011-07-25,26.49,26.77,24.82,24.84,1401523.0,17820586.0
2011-07-26,24.7,25.05,24.38,24.56,550529.0,6757059.0
2011-07-27,24.22,25.23,24.22,25.02,513688.0,6354416.0
2011-07-28,25.02,25.02,24.32,24.72,504272.0,6173117.0
2011-07-29,24.7,25.05,24.32,24.36,492851.0,6052438.0
2011-08-01,24.46,25.05,24.32,24.94,402767.0,4957792.0
2011-08-02,24.82,25.12,23.52,24.8,869002.0,10569007.0
2011-08-03,24.62,27.28,24.42,27.28,4695890.0,62410744.0
2011-08-05,25.93,26.73,25.33,26.21,3153820.0,40891696.0
2011-08-08,26.13,26.13,23.6,23.6,2404293.0,29087206.0
2011-08-09,23.22,23.22,21.73,22.79,1531515.0,17121116.0
2011-08-10,23.26,23.5,22.91,23.09,1317107.0,15182878.0
2011-08-11,22.49,25.09,22.13,24.7,2611763.0,31302694.0
2011-08-12,24.58,25.02,24.34,24.72,1793629.0,22032628.0
2011-08-15,24.82,25.11,24.52,25.05,1366022.0,16920700.0
2011-08-16,25.14,27.56,25.14,27.56,7047149.0,96264472.0
2011-08-17,27.64,29.29,27.34,28.54,11243022.0,159668640.0
2011-08-18,28.14,28.32,26.73,27.09,5375096.0,73714200.0
2011-08-19,26.27,29.14,25.75,28.96,6708137.0,92254488.0
2011-08-22,28.68,30.93,28.52,29.43,8531899.0,126558144.0
2011-08-23,29.73,30.39,28.68,30.39,5098021.0,74354920.0
2011-08-24,30.27,30.27,28.94,29.14,4779346.0,70422216.0
2011-08-25,28.7,29.25,28.14,28.82,3006826.0,42864752.0
2011-08-26,28.86,30.07,28.74,28.92,3356796.0,49099692.0
2011-08-29,28.7,29.45,27.88,29.35,3226483.0,46273260.0
2011-08-30,29.25,29.47,27.82,28.06,2899175.0,41443192.0
2011-08-31,28.0,28.04,27.22,27.74,1610919.0,22104234.0
2011-09-01,27.66,28.32,27.3,28.14,1846259.0,25663112.0
2011-09-02,28.14,28.18,26.89,27.18,1604135.0,21838574.0
2011-09-05,27.18,27.2,25.39,25.57,1579523.0,20539104.0
2011-09-06,25.27,25.97,25.27,25.65,1004519.0,12802059.0
2011-09-07,25.67,26.35,25.67,26.29,1217524.0,15804356.0
2011-09-08,26.23,26.55,25.12,25.12,1338223.0,17254418.0
2011-09-09,25.27,25.67,24.48,24.62,1157864.0,14401962.0
2011-09-13,24.46,24.46,23.42,23.68,1451871.0,17129196.0
2011-09-14,23.86,24.46,23.4,24.46,1192847.0,14214484.0
2011-09-15,24.56,25.09,24.26,24.66,1708035.0,20988030.0
2011-09-16,24.54,25.07,24.46,24.76,1228817.0,15112540.0
2011-09-19,24.62,24.62,23.22,23.22,1373243.0,16201274.0
2011-09-20,23.0,23.78,23.0,23.46,743338.0,8651702.0
2011-09-21,23.44,24.72,23.4,24.54,1993303.0,24021618.0
2011-09-22,24.3,24.5,23.46,23.48,1373014.0,16412911.0
2011-09-23,23.07,23.42,22.71,23.34,911111.0,10447713.0
2011-09-26,23.32,23.62,22.83,22.89,695447.0,8052110.0
2011-09-27,23.3,23.32,22.65,23.18,666632.0,7636546.0
2011-09-28,23.2,23.48,22.65,22.89,512580.0,5890297.0
2011-09-29,23.26,23.26,22.17,22.27,725042.0,8148833.0
2011-09-30,22.39,22.47,21.19,22.07,667943.0,7274879.0
2011-10-10,21.91,22.35,21.81,22.05,229719.0,2516957.0
2011-10-11,22.49,22.83,21.33,21.61,591328.0,6505509.0
2011-10-12,21.53,23.09,21.27,22.87,1157104.0,12945261.0
2011-10-13,22.71,23.66,22.57,23.48,1295354.0,14984349.0
2011-10-14,23.52,25.07,23.02,24.1,1979615.0,23899310.0
2011-10-17,23.94,24.3,23.56,24.08,1108144.0,13171385.0
2011-10-18,23.82,24.06,22.51,22.51,1122808.0,13023688.0
2011-10-19,22.41,22.95,22.31,22.61,772241.0,8706057.0
2011-10-20,22.59,22.59,21.51,21.79,751881.0,8169999.0
2011-10-21,21.59,22.05,21.35,21.41,498002.0,5357123.0
2011-10-24,21.47,21.85,20.32,21.81,922528.0,9762478.0
2011-10-25,21.61,22.61,21.61,22.55,869753.0,9649255.0
2011-10-26,22.51,24.8,22.15,24.8,2420594.0,29239926.0
2011-10-27,25.49,25.67,24.0,24.12,3348267.0,40868236.0
2011-10-28,24.12,24.72,23.92,24.48,2312959.0,28085818.0
2011-10-31,24.42,25.25,24.02,25.09,2554592.0,31415588.0
2011-11-01,24.74,26.89,24.46,25.79,3762219.0,48199272.0
2011-11-02,25.12,26.31,24.52,25.97,3038906.0,38358512.0
2011-11-03,25.99,27.34,25.79,25.95,3463595.0,45493496.0
2011-11-04,25.99,26.81,25.51,26.13,2494364.0,32432706.0
2011-11-07,25.97,26.29,25.67,25.79,1267342.0,16310015.0
2011-11-08,25.97,26.27,25.33,25.37,1499107.0,19277230.0
2011-11-09,25.65,27.14,25.23,26.79,2573459.0,33616028.0
2011-11-10,26.53,28.9,26.35,27.32,5341842.0,73571840.0
2011-11-11,27.09,27.94,26.69,27.02,2984247.0,40615656.0
2011-11-14,27.26,28.04,27.11,27.4,2085924.0,28540564.0
2011-11-15,27.6,27.7,27.18,27.68,1582694.0,21662040.0
2011-11-16,27.82,27.82,25.73,26.21,2363188.0,31395402.0
2011-11-17,26.23,26.65,25.61,26.03,1372649.0,17836100.0
2011-11-18,25.73,25.87,24.54,24.56,1857951.0,23120184.0
2011-11-21,24.74,24.74,23.92,24.52,716418.0,8641856.0
2011-11-22,24.22,24.66,23.96,24.66,748827.0,9077629.0
2011-11-23,24.88,25.23,24.48,24.48,1017547.0,12585900.0
2011-11-24,24.32,24.98,23.68,24.66,1048009.0,12672873.0
2011-11-25,24.76,24.82,23.84,23.88,655170.0,7939211.0
2011-11-28,23.82,24.2,23.58,23.66,786791.0,9297983.0
2011-11-29,23.96,24.42,23.78,24.32,934919.0,11176663.0
2011-11-30,24.52,24.98,22.31,22.89,1833542.0,21790762.0
2011-12-01,23.48,24.12,23.18,23.48,1598525.0,18822802.0
2011-12-02,23.22,23.32,22.35,22.59,794965.0,9010107.0
2011-12-05,22.57,22.85,21.41,21.49,588867.0,6430022.0
2011-12-06,21.65,22.27,21.23,21.83,695933.0,7487578.0
2011-12-07,21.91,22.11,21.67,22.05,409443.0,4466606.0
2011-12-08,22.03,22.57,21.57,22.27,595678.0,6558201.0
2011-12-09,22.09,22.37,21.81,21.93,397049.0,4360213.0
2011-12-12,21.83,22.09,21.65,21.65,238630.0,2591484.0
2011-12-13,21.67,21.91,20.6,20.68,592760.0,6177679.0
2011-12-14,20.66,20.98,20.1,20.12,521091.0,5337476.0
2011-12-15,19.94,21.67,19.56,20.6,1114504.0,11446658.0
2011-12-16,20.6,22.09,20.4,21.71,1094373.0,11488901.0
2011-12-19,21.51,21.83,20.7,21.81,1368502.0,14428718.0
2011-12-20,21.57,21.93,21.14,21.25,832263.0,8898592.0
2011-12-21,21.41,21.63,20.9,21.05,954332.0,10156207.0
2011-12-22,20.76,20.9,19.7,20.48,974791.0,9840794.0
2011-12-23,20.16,21.07,20.16,20.5,591129.0,6071425.0
2011-12-26,20.5,20.88,20.26,20.26,444670.0,4548884.0
2011-12-27,20.38,20.38,19.16,19.26,621479.0,6083582.0
2011-12-28,19.11,19.11,18.09,18.63,809999.0,7447953.0
2011-12-29,18.31,18.77,18.31,18.43,316503.0,2928568.0
2011-12-30,18.59,19.04,18.59,18.77,443286.0,4152802.0
2012-01-04,18.89,19.2,17.73,17.73,621722.0,5695194.0
2012-01-05,17.53,18.21,17.16,17.31,617422.0,5390871.0
2012-01-06,16.88,17.69,16.62,17.49,487733.0,4130299.0
2012-01-09,17.85,18.31,17.14,18.25,564027.0,5020067.0
2012-01-10,18.25,19.05,18.13,18.87,882852.0,8236597.0
2012-01-11,18.75,19.46,18.65,18.85,897136.0,8497372.0
2012-01-12,18.85,19.22,18.49,18.71,534995.0,5016649.0
2012-01-13,18.67,18.77,16.98,17.31,845494.0,7497187.0
2012-01-16,17.23,17.25,16.72,16.72,388967.0,3271824.0
2012-01-17,16.88,17.79,16.64,17.75,549230.0,4730261.0
2012-01-18,17.75,18.01,16.88,17.0,655942.0,5715115.0
2012-01-19,16.82,17.45,16.78,17.33,499411.0,4278223.0
2012-01-20,17.47,17.65,17.37,17.57,439577.0,3831989.0
2012-01-30,17.63,17.87,17.41,17.45,447234.0,3914995.0
2012-01-31,17.27,17.57,17.14,17.41,288408.0,2495205.0
2012-02-01,17.21,17.81,17.21,17.45,383477.0,3353159.0
2012-02-02,17.55,17.87,17.41,17.87,549464.0,4836945.0
2012-02-03,17.89,18.39,17.73,18.31,661904.0,5964896.0
2012-02-06,18.35,18.51,18.15,18.31,703276.0,6402970.0
2012-02-07,18.19,18.29,17.73,17.87,670750.0,6002305.0
2012-02-08,17.93,18.65,17.83,18.63,1113367.0,10213666.0
2012-02-09,18.49,19.09,18.41,18.73,1054920.0,9844201.0
2012-02-10,18.73,19.09,18.51,18.77,751280.0,7036527.0
2012-02-13,18.51,19.22,18.31,19.02,712184.0,6670092.0
2012-02-14,19.02,19.22,18.71,18.89,574650.0,5422194.0
2012-02-15,18.89,19.42,18.71,19.4,881167.0,8403480.0
2012-02-16,19.36,19.48,18.95,19.18,1011574.0,9677263.0
2012-02-17,19.24,19.44,18.81,19.14,857311.0,8166144.0
2012-02-20,19.3,19.52,19.11,19.2,756901.0,7273815.0
2012-02-21,19.26,19.34,18.85,19.3,689318.0,6562700.0
2012-02-22,19.4,19.84,19.26,19.82,1552242.0,15178010.0
2012-02-23,19.84,21.81,19.72,21.81,6049993.0,65240768.0
2012-02-24,21.69,21.93,21.25,21.87,4360891.0,46745848.0
2012-02-27,21.65,21.89,21.37,21.51,2661484.0,28640976.0
2012-02-28,21.37,21.47,20.62,21.17,2402064.0,25140790.0
2012-02-29,21.11,21.14,20.66,20.72,1033137.0,10728100.0
2012-03-01,20.7,21.05,20.7,20.82,971260.0,10083229.0
2012-03-02,20.86,21.39,20.86,21.33,1241518.0,13082913.0
2012-03-05,21.35,21.49,21.12,21.27,1221959.0,12922252.0
2012-03-06,21.09,21.11,20.3,20.6,1279404.0,13149699.0
2012-03-07,20.46,20.88,20.2,20.5,1261423.0,12911401.0
2012-03-08,20.54,20.86,20.54,20.7,1028560.0,10599453.0
2012-03-09,20.72,21.07,20.72,21.05,1303604.0,13566891.0
2012-03-12,21.05,21.59,20.94,21.51,2304010.0,24499400.0
2012-03-13,21.37,21.51,21.14,21.49,1490578.0,15832843.0
2012-03-14,21.55,23.02,21.35,21.73,5081750.0,55746132.0
2012-03-15,23.38,23.9,23.32,23.9,4427883.0,52560536.0
2012-03-16,24.82,26.29,24.62,26.29,9931769.0,127035120.0
2012-03-19,26.71,26.87,25.59,25.91,7886438.0,102662016.0
2012-03-20,25.77,26.07,24.9,25.09,4814954.0,60497776.0
2012-03-21,25.12,25.67,23.94,24.52,5142830.0,63384324.0
2012-03-22,24.74,25.25,24.12,24.78,4225031.0,51982136.0
2012-03-23,24.72,24.72,22.61,23.48,3636148.0,42855500.0
2012-03-26,23.02,23.42,22.71,23.3,2756750.0,31602294.0
2012-03-27,23.44,23.82,22.93,23.05,3369686.0,39349056.0
2012-03-28,22.71,22.75,21.83,22.21,2957035.0,32522328.0
2012-03-29,22.09,22.39,21.55,22.23,2259174.0,24798868.0
2012-03-30,22.23,22.57,20.76,21.07,2762130.0,29357292.0
2012-04-05,21.11,21.95,20.72,21.79,2253792.0,24079376.0
2012-04-06,21.81,22.85,21.45,22.45,3523811.0,39052084.0
2012-04-09,22.05,22.25,21.47,21.55,1960020.0,21267570.0
2012-04-10,21.33,22.01,20.6,22.01,2164548.0,22862156.0
2012-04-11,21.71,22.63,21.31,22.55,2713056.0,29854944.0
2012-04-12,22.71,22.91,22.07,22.81,3123021.0,35009936.0
2012-04-13,22.61,22.83,22.19,22.61,2485942.0,27875396.0
2012-04-16,22.35,22.73,22.13,22.63,1675431.0,18704840.0
2012-04-17,22.37,22.83,21.75,21.83,1694222.0,18738544.0
2012-04-18,21.89,22.51,21.73,22.35,1678440.0,18555830.0
2012-04-19,22.35,24.5,22.27,23.5,4337374.0,50384768.0
2012-04-20,23.04,23.84,23.04,23.4,3163336.0,36859036.0
2012-04-24,21.07,21.87,21.07,21.29,3686829.0,38968240.0
2012-04-25,21.12,21.59,20.7,21.33,2186053.0,23041768.0
2012-04-26,21.35,21.77,21.23,21.55,1629762.0,17499004.0
2012-04-27,21.77,23.7,21.71,23.7,2573963.0,29821442.0
2012-05-02,24.12,25.02,23.94,24.62,6569988.0,79964968.0
2012-05-03,24.5,26.73,24.24,25.19,5768225.0,73339200.0
2012-05-04,24.42,25.51,24.16,24.82,4231421.0,52040152.0
2012-05-07,24.48,26.13,24.34,25.91,4820448.0,60555072.0
2012-05-08,25.61,25.79,24.84,25.12,3573800.0,44796124.0
2012-05-09,24.72,25.87,24.72,25.02,3005894.0,37850480.0
2012-05-10,24.62,25.49,24.52,25.12,2206454.0,27543406.0
2012-05-11,25.09,27.5,24.92,26.11,6327583.0,82508488.0
2012-05-14,26.29,26.65,25.12,25.25,4168768.0,53078116.0
2012-05-15,24.72,24.88,23.8,24.82,2952803.0,35750684.0
2012-05-16,24.48,24.76,24.0,24.1,1701799.0,20625268.0
2012-05-17,23.72,24.7,23.72,24.42,2272878.0,27525784.0
2012-05-18,24.43,24.94,22.88,23.07,2811232.0,22166114.0
2012-05-21,23.28,23.85,22.58,23.64,2311871.0,17730174.0
2012-05-22,23.73,24.4,23.55,24.07,2284927.0,18069626.0
2012-05-23,23.94,24.22,23.31,24.13,2999732.0,23501448.0
2012-05-24,23.85,24.09,23.31,23.46,2302252.0,18026594.0
2012-05-25,23.49,23.58,22.34,22.43,2747175.0,20618450.0
2012-05-28,22.25,23.0,21.55,22.91,2020134.0,14899843.0
2012-05-29,23.0,23.34,22.58,23.22,2446736.0,18570600.0
2012-05-30,23.16,23.79,22.97,23.34,2197926.0,16964236.0
2012-05-31,23.67,25.67,23.49,25.67,5531330.0,45987824.0
2012-06-01,26.28,26.64,24.64,24.79,10043491.0,84669768.0
2012-06-04,23.94,24.49,23.4,24.09,5006870.0,39664524.0
2012-06-05,24.19,24.37,23.34,23.79,2978375.0,23394542.0
2012-06-06,23.79,24.09,23.43,23.7,2408130.0,18843950.0
2012-06-07,24.04,24.13,23.43,23.46,1940546.0,15231391.0
2012-06-08,23.79,24.16,22.97,24.04,3161674.0,24617264.0
2012-06-11,24.13,25.67,23.97,25.25,6054444.0,49936568.0
2012-06-12,24.85,25.55,24.49,24.94,4013296.0,33153540.0
2012-06-13,24.97,25.7,24.97,25.49,3906668.0,32737688.0
2012-06-14,25.19,27.07,25.19,26.13,7487346.0,64717216.0
2012-06-15,25.88,26.28,24.85,25.37,5171124.0,43379880.0
2012-06-18,25.22,26.13,24.85,26.13,4956183.0,41695876.0
2012-06-19,26.04,26.31,25.55,25.73,3827427.0,32588346.0
2012-06-20,25.73,26.79,25.4,26.07,5425283.0,46833236.0
2012-06-21,25.98,25.98,24.88,25.16,3569229.0,29775678.0
2012-06-25,24.85,25.37,24.4,24.4,2417499.0,19839180.0
2012-06-26,24.13,24.85,23.88,24.79,1841895.0,14827338.0
2012-06-27,24.85,25.16,24.49,24.67,2409219.0,19731816.0
2012-06-28,24.67,24.88,23.85,23.94,2168925.0,17399358.0
2012-06-29,23.73,24.61,23.43,24.55,1940869.0,15408257.0
2012-07-02,24.79,26.25,24.64,25.7,4457167.0,37293980.0
2012-07-03,25.76,28.28,25.46,27.55,17430516.0,160359008.0
2012-07-04,27.52,27.76,26.52,26.91,12335605.0,110151248.0
2012-07-05,26.61,27.37,26.19,26.98,5937821.0,52633256.0
2012-07-06,27.52,27.88,25.94,27.37,7966099.0,70979176.0
2012-07-09,26.98,28.55,26.82,27.1,8573878.0,78821304.0
2012-07-10,26.7,27.67,26.7,27.19,4116122.0,36976256.0
2012-07-11,27.31,27.31,25.76,27.16,3764434.0,32996180.0
2012-07-12,27.13,28.64,26.46,28.28,7421695.0,68326032.0
2012-07-13,27.98,28.34,26.88,27.37,4939172.0,44958252.0
2012-07-16,27.25,27.25,26.16,26.25,3928686.0,34587712.0
2012-07-17,25.94,26.28,25.16,26.22,3503130.0,29703632.0
2012-07-18,25.79,26.49,25.4,26.46,2678928.0,22918064.0
2012-07-19,26.25,27.49,26.07,26.95,4978101.0,44366088.0
2012-07-20,26.79,27.4,26.52,26.7,2656056.0,23499540.0
2012-07-23,26.37,26.37,25.22,25.76,2614662.0,22189496.0
2012-07-24,25.43,26.82,25.28,26.82,2709154.0,23479618.0
2012-07-25,26.58,27.07,26.07,26.25,2464215.0,21582670.0
2012-07-26,26.25,27.16,26.1,26.67,3316009.0,29275422.0
2012-07-27,26.88,26.95,25.61,25.88,2400748.0,20662554.0
2012-07-30,26.04,26.55,25.37,26.37,2333010.0,19946488.0
2012-07-31,26.79,26.79,24.85,25.1,2665625.0,22571828.0
2012-08-01,24.7,25.94,24.61,25.49,1540932.0,12968638.0
2012-08-02,25.43,25.94,24.88,25.1,1745051.0,14624505.0
2012-08-03,25.25,25.91,24.85,25.82,2282271.0,19128550.0
2012-08-06,25.49,27.19,25.49,27.04,3831041.0,33370142.0
2012-08-07,26.98,27.43,26.61,26.94,4242885.0,37732704.0
2012-08-08,26.98,27.43,26.25,27.22,3979356.0,35356996.0
2012-08-09,26.91,27.88,26.67,27.58,4553891.0,41087304.0
2012-08-10,27.58,27.67,26.85,27.13,3467637.0,31105874.0
2012-08-13,27.04,27.61,26.52,26.64,3210386.0,28692744.0
2012-08-14,26.49,27.04,25.73,26.85,3514936.0,30560414.0
2012-08-15,26.7,27.43,25.94,26.82,3923102.0,34630148.0
2012-08-16,26.67,26.76,26.07,26.13,2136742.0,18594784.0
2012-08-17,26.07,26.28,25.7,26.22,1911890.0,16388132.0
2012-08-20,26.07,26.67,25.64,26.34,1595908.0,13776699.0
2012-08-21,26.28,27.73,26.19,27.55,5847856.0,52568984.0
2012-08-22,27.34,27.52,26.91,27.16,3166603.0,28453542.0
2012-08-23,27.16,29.22,27.13,28.76,7900125.0,73436824.0
2012-08-24,28.4,28.7,27.07,27.22,5338113.0,49011452.0
2012-08-27,26.91,27.07,26.31,26.58,2617415.0,22982806.0
2012-08-28,26.61,27.4,26.43,27.07,2377574.0,21093720.0
2012-08-29,26.98,27.52,26.4,26.82,2491546.0,22175542.0
2012-08-30,26.76,26.94,24.28,24.79,4530978.0,38200736.0
2012-08-31,24.85,25.04,24.28,24.82,1587344.0,12967234.0
2012-09-03,24.76,25.37,24.4,25.34,1675910.0,13865482.0
2012-09-04,25.16,25.49,24.79,24.82,2182943.0,18121094.0
2012-09-05,24.7,25.34,24.58,24.94,1481264.0,12230442.0
2012-09-06,24.91,25.43,24.91,25.4,1741080.0,14523935.0
2012-09-07,25.64,26.79,25.55,26.37,3430282.0,29685086.0
2012-09-10,26.37,26.61,26.1,26.55,2564741.0,22321404.0
2012-09-11,26.49,26.82,26.25,26.82,2409654.0,21167926.0
2012-09-12,26.82,27.07,26.19,26.43,2640324.0,23042174.0
2012-09-13,26.52,26.52,25.7,25.7,2048238.0,17638888.0
2012-09-14,25.91,26.19,25.19,25.55,1794411.0,15143002.0
2012-09-17,25.55,25.55,24.46,24.58,2257324.0,18470580.0
2012-09-18,24.4,24.82,24.25,24.55,1389020.0,11257454.0
2012-09-19,24.58,24.76,24.46,24.7,1024930.0,8326115.0
2012-09-20,24.7,24.7,23.34,23.34,2299189.0,18049910.0
2012-09-21,23.09,23.58,22.91,23.0,870864.0,6672302.0
2012-09-24,23.22,23.22,22.52,23.09,848792.0,6411991.0
2012-09-25,23.04,23.07,21.82,22.58,1088520.0,8176198.0
2012-09-26,22.58,22.76,21.82,21.88,1095317.0,8022806.0
2012-09-27,22.03,22.7,21.82,22.55,1221544.0,8986785.0
2012-09-28,22.16,24.55,22.16,24.25,2758158.0,21269898.0
2012-10-08,24.79,25.31,24.07,24.31,3705916.0,29988466.0
2012-10-09,24.09,24.7,24.09,24.7,2360479.0,19079612.0
2012-10-10,24.85,24.91,24.49,24.64,2196068.0,17908922.0
2012-10-11,24.55,24.58,23.64,23.7,2120439.0,16834816.0
2012-10-12,23.7,24.19,23.12,23.55,1233655.0,9598992.0
2012-10-15,23.64,24.55,23.34,24.13,2143129.0,16998828.0
2012-10-16,23.82,24.4,23.7,23.88,1568655.0,12443718.0
2012-10-17,23.97,24.13,23.43,23.82,1104913.0,8654381.0
2012-10-18,23.73,24.67,23.73,24.22,2352254.0,18836296.0
2012-10-19,24.22,24.79,24.09,24.55,1830862.0,14811589.0
2012-10-22,24.19,24.79,24.0,24.67,1767991.0,14229667.0
2012-10-23,24.55,24.7,24.0,24.0,1215396.0,9773204.0
2012-10-24,23.79,24.52,23.79,24.04,1318974.0,10537729.0
2012-10-25,23.91,24.19,23.31,23.31,1463454.0,11464468.0
2012-10-26,23.49,23.49,22.46,22.61,1140142.0,8563584.0
2012-10-29,22.64,22.76,22.22,22.58,379065.0,2821767.0
2012-10-30,22.58,22.91,22.58,22.64,365595.0,2736150.0
2012-10-31,22.4,23.34,22.34,23.13,1016440.0,7657319.0
2012-11-01,23.04,23.46,23.04,23.37,790985.0,6077348.0
2012-11-02,23.37,23.4,23.04,23.22,809491.0,6210456.0
2012-11-05,23.19,23.85,23.19,23.58,2228154.0,17331086.0
2012-11-06,23.55,23.55,22.58,22.97,1325545.0,10020220.0
2012-11-07,22.94,22.97,22.46,22.73,770112.0,5774167.0
2012-11-08,22.55,22.55,21.82,21.82,932310.0,6841191.0
2012-11-09,21.82,22.07,21.79,21.88,531376.0,3842037.0
2012-11-12,22.07,22.22,21.88,22.12,588036.0,4274991.0
2012-11-13,22.12,22.12,20.94,20.97,1143215.0,8092211.0
2012-11-14,21.16,21.28,20.88,21.22,725928.0,5051031.0
2012-11-15,21.19,21.19,20.61,20.61,587148.0,4052692.0
2012-11-16,20.64,20.76,20.16,20.34,695230.0,4660582.0
2012-11-19,20.46,21.03,20.22,20.97,967998.0,6603887.0
2012-11-20,21.0,21.07,20.58,20.7,576299.0,3959856.0
2012-11-21,20.61,20.97,20.37,20.94,455373.0,3110980.0
2012-11-22,20.79,21.19,20.55,21.03,651043.0,4502319.0
2012-11-23,21.0,21.37,20.79,21.12,622448.0,4335316.0
2012-11-26,20.91,21.37,20.34,20.37,743428.0,5122705.0
2012-11-27,20.25,20.34,18.94,19.06,1254000.0,8004855.0
2012-11-28,19.06,19.16,18.7,18.79,329113.0,2050550.0
2012-11-29,18.94,19.03,18.4,18.58,393965.0,2437542.0
2012-11-30,18.67,19.64,18.67,19.16,1005166.0,6358214.0
2012-12-03,19.19,19.31,18.37,18.37,320653.0,2003225.0
2012-12-04,18.46,18.67,17.49,18.67,836637.0,4986795.0
2012-12-05,18.49,19.76,18.49,19.34,1301853.0,8290148.0
2012-12-06,19.64,20.09,19.09,19.31,772878.0,4941063.0
2012-12-07,19.25,19.94,19.12,19.79,1356320.0,8799628.0
2012-12-10,19.79,20.34,19.58,20.31,1554978.0,10267835.0
2012-12-11,20.06,20.25,19.85,19.85,1359821.0,8991193.0
2012-12-12,19.88,20.09,19.46,19.7,991235.0,6431272.0
2012-12-13,19.7,20.09,19.28,19.28,801288.0,5182642.0
2012-12-14,19.28,20.16,19.25,20.09,1812352.0,11905099.0
2012-12-17,20.16,20.55,19.94,20.4,1678205.0,11214501.0
2012-12-18,20.31,20.88,20.22,20.28,1759928.0,11930357.0
2012-12-19,20.31,21.28,20.31,20.7,1860221.0,12776880.0
2012-12-20,20.55,20.7,20.22,20.43,1260793.0,8491756.0
2012-12-21,20.43,21.79,20.22,21.12,3009134.0,20882140.0
2012-12-24,21.16,21.37,20.67,20.94,1716997.0,11905007.0
2012-12-25,21.09,21.55,20.76,21.31,2069104.0,14502467.0
2012-12-26,21.34,22.04,21.25,22.04,2487580.0,17791202.0
2012-12-27,22.28,22.4,21.46,21.49,2192500.0,15723490.0
2012-12-28,21.49,21.73,21.07,21.58,1347520.0,9548482.0
2012-12-31,21.61,21.79,21.22,21.34,1560544.0,11010059.0
2013-01-04,21.58,21.58,20.88,21.0,1552246.0,10834732.0
2013-01-07,21.16,22.07,21.07,21.97,2558477.0,18258282.0
2013-01-08,22.04,22.19,21.61,21.97,2476323.0,17920980.0
2013-01-09,21.97,22.37,21.76,21.94,2389664.0,17415322.0
2013-01-10,21.94,22.55,21.85,22.43,2401452.0,17614684.0
2013-01-11,22.58,22.58,21.49,21.58,3100295.0,22406168.0
2013-01-14,21.52,22.34,21.31,22.25,2698679.0,19570808.0
2013-01-15,22.25,23.94,22.19,23.04,4810215.0,36634600.0
2013-01-16,22.88,23.13,22.22,22.82,3330607.0,24943800.0
2013-01-17,22.82,23.0,22.34,22.43,1817860.0,13558883.0
2013-01-18,22.43,22.73,22.16,22.7,1740892.0,12950144.0
2013-01-21,22.58,22.82,22.46,22.79,1479961.0,11058102.0
2013-01-22,22.79,22.79,22.04,22.22,1711595.0,12649914.0
2013-01-23,22.16,22.37,21.82,22.12,1626222.0,11857362.0
2013-01-24,22.07,22.37,21.28,21.52,1930390.0,13922368.0
2013-01-25,21.4,21.64,21.4,21.46,776428.0,5504273.0
2013-01-28,21.49,22.07,21.46,22.0,1047471.0,7519422.0
2013-01-29,22.0,22.25,21.82,22.22,1404792.0,10220294.0
2013-01-30,22.22,22.28,21.82,22.07,1196025.0,8683572.0
2013-01-31,21.94,22.04,21.52,21.67,1462824.0,10463433.0
2013-02-01,21.67,22.43,21.61,22.13,2013069.0,14695880.0
2013-02-04,22.28,22.43,21.97,22.13,1862733.0,13631593.0
2013-02-05,22.07,22.64,21.91,22.49,2031436.0,14993796.0
2013-02-06,22.64,22.64,22.31,22.4,1288587.0,9521661.0
2013-02-07,22.4,22.49,22.13,22.43,1166597.0,8605209.0
2013-02-08,22.4,22.73,22.34,22.55,1773213.0,13204692.0
2013-02-18,22.73,23.31,22.55,22.94,2971567.0,22572498.0
2013-02-19,22.88,22.97,22.37,22.46,1611301.0,12016134.0
2013-02-20,22.46,23.34,22.37,23.34,2762811.0,20899814.0
2013-02-21,23.22,24.85,22.82,23.67,7758191.0,61481484.0
2013-02-22,23.31,23.55,22.79,22.94,3885104.0,29624290.0
2013-02-25,22.82,23.19,22.67,23.0,1630869.0,12356898.0
2013-02-26,22.91,23.58,22.79,23.13,2271510.0,17362406.0
2013-02-27,23.19,23.28,22.34,22.61,1930198.0,14494667.0
2013-02-28,22.73,23.04,22.46,23.04,1519796.0,11423485.0
2013-03-01,23.07,23.49,22.85,23.49,2633170.0,20250364.0
2013-03-04,23.58,24.04,22.79,23.13,3570839.0,27786206.0
2013-03-05,23.04,23.94,22.76,23.85,2813513.0,21822282.0
2013-03-06,24.07,24.19,23.73,23.94,2950726.0,23296592.0
2013-03-07,23.91,24.46,23.49,24.1,2542913.0,20165136.0
2013-03-08,24.0,24.73,23.79,23.91,2580537.0,20711602.0
2013-03-11,23.91,24.22,23.55,24.1,1366135.0,10761952.0
2013-03-12,24.04,24.07,22.37,22.58,2698840.0,20481860.0
2013-03-13,22.46,23.16,22.0,22.94,2184890.0,16323007.0
2013-03-14,22.82,23.76,22.73,23.67,3321208.0,25557082.0
2013-03-15,23.34,23.67,22.61,22.73,2558140.0,19386960.0
2013-03-18,22.67,22.88,22.0,22.04,1524800.0,11233580.0
2013-03-19,22.04,22.34,21.85,22.22,750727.0,5478072.0
2013-03-20,22.28,22.64,21.97,22.64,1240048.0,9163196.0
2013-03-21,22.67,22.97,22.37,22.76,1292132.0,9693574.0
2013-03-22,22.7,22.88,22.52,22.73,1189343.0,8891550.0
2013-03-25,22.88,22.88,22.49,22.64,720144.0,5383911.0
2013-03-26,22.58,22.58,21.76,22.19,1132603.0,8227487.0
2013-03-27,22.19,22.4,22.0,22.34,872995.0,6405096.0
2013-03-28,22.28,22.28,21.55,21.64,997752.0,7154539.0
2013-03-29,21.7,21.82,21.37,21.46,723029.0,5143664.0
2013-04-01,21.49,21.97,21.49,21.76,647386.0,4638644.0
2013-04-02,21.64,21.94,21.37,21.79,756787.0,5412765.0
2013-04-03,21.79,22.64,21.52,21.91,1346672.0,9812339.0
2013-04-08,21.46,21.82,20.55,21.79,969498.0,6813196.0
2013-04-09,21.73,21.94,21.52,21.76,771531.0,5530708.0
2013-04-10,21.79,22.12,21.55,22.07,796424.0,5748397.0
2013-04-11,22.12,22.49,21.97,22.4,1358521.0,9986395.0
2013-04-12,22.58,23.49,22.28,22.31,2535233.0,19085162.0
2013-04-15,22.22,22.22,20.85,21.09,1190509.0,8351449.0
2013-04-16,20.85,21.16,20.64,21.09,782800.0,5381092.0
2013-04-17,20.91,21.31,20.91,21.16,572138.0,3982082.0
2013-04-18,21.07,21.34,20.79,21.19,436229.0,3038325.0
2013-04-19,21.25,21.82,21.22,21.67,1072958.0,7650556.0
2013-04-22,21.64,21.94,21.52,21.91,790968.0,5638897.0
2013-04-23,21.91,22.13,20.91,21.12,1169820.0,8176463.0
2013-04-24,21.21,21.49,20.94,21.3,1040316.0,7241835.0
2013-04-25,21.15,21.61,20.97,20.97,1181674.0,8260812.0
2013-04-26,20.97,21.33,20.36,20.51,730099.0,4989971.0
2013-05-02,20.54,20.88,20.54,20.63,358034.0,2429386.0
2013-05-03,20.72,21.27,20.72,21.12,946273.0,6520564.0
2013-05-06,21.03,21.43,21.03,21.36,1066722.0,7427555.0
2013-05-07,21.36,21.43,21.18,21.27,728253.0,5074572.0
2013-05-08,21.43,21.82,21.3,21.76,1586499.0,11244490.0
2013-05-09,21.79,21.85,21.36,21.55,1010802.0,7148652.0
2013-05-10,21.45,21.91,21.36,21.91,1303836.0,9250543.0
2013-05-13,21.88,22.25,21.7,21.91,1130730.0,8129680.0
2013-05-14,21.91,22.1,21.58,21.7,780379.0,5572883.0
2013-05-15,21.7,22.13,21.64,22.13,937770.0,6744027.0
2013-05-16,22.13,22.34,21.7,21.82,2022497.0,14597043.0
2013-05-17,21.91,22.1,21.61,22.04,1585170.0,11367994.0
2013-05-20,22.07,22.46,22.04,22.43,1611286.0,11782862.0
2013-05-21,22.4,22.8,22.34,22.68,1706217.0,12594659.0
2013-05-22,22.77,22.77,22.07,22.19,1672277.0,12263170.0
2013-05-23,22.19,22.71,22.16,22.37,1728183.0,12714497.0
2013-05-24,22.37,22.92,22.37,22.92,1853585.0,13783402.0
2013-05-27,22.89,23.07,22.65,22.89,1732261.0,12930523.0
2013-05-28,22.74,22.89,22.22,22.52,1467020.0,10818552.0
2013-05-29,22.59,22.95,22.31,22.77,1308165.0,9732118.0
2013-05-30,22.59,22.92,22.52,22.8,1187254.0,8836552.0
2013-05-31,22.8,23.01,22.55,22.59,1630242.0,12183448.0
2013-06-03,22.49,22.61,22.0,22.16,1308867.0,9560715.0
2013-06-04,22.19,22.19,21.3,21.55,1491020.0,10583954.0
2013-06-05,21.43,21.79,21.3,21.49,609195.0,4301495.0
2013-06-06,21.49,21.58,20.94,20.97,902984.0,6267966.0
2013-06-07,21.0,21.27,20.6,20.78,727136.0,4978413.0
2013-06-13,20.45,20.63,19.93,20.27,710246.0,4693003.0
2013-06-14,20.42,20.69,20.39,20.63,570049.0,3841203.0
2013-06-17,20.81,20.88,20.39,20.66,589467.0,3988011.0
2013-06-18,20.94,20.94,20.48,20.91,462294.0,3145868.0
2013-06-19,20.84,20.84,20.17,20.72,511848.0,3433768.0
2013-06-20,20.45,20.97,20.08,20.14,631180.0,4267222.0
2013-06-21,19.78,19.99,19.26,19.87,456189.0,2937420.0
2013-06-24,19.84,19.84,18.31,18.4,724079.0,4483761.0
2013-06-25,18.37,18.71,17.18,18.52,1005915.0,5982211.0
2013-06-26,18.68,19.14,17.73,18.92,941142.0,5748287.0
2013-06-27,18.86,19.14,18.34,18.34,885911.0,5449738.0
2013-06-28,18.04,18.56,18.04,18.19,525299.0,3148138.0
2013-07-01,18.19,18.56,17.7,18.52,979360.0,5866493.0
2013-07-02,18.52,18.83,18.37,18.77,929040.0,5660051.0
2013-07-03,18.68,18.89,18.34,18.8,775974.0,4749657.0
2013-07-04,18.8,19.04,18.46,18.77,693577.0,4271458.0
2013-07-05,18.92,19.11,18.46,18.62,785067.0,4858097.0
2013-07-08,18.5,18.62,17.7,17.91,997482.0,5872061.0
2013-07-09,17.82,18.13,17.76,17.98,530762.0,3115110.0
2013-07-10,17.98,18.56,17.98,18.5,856484.0,5136610.0
2013-07-11,18.5,19.11,18.4,18.89,941561.0,5829921.0
2013-07-12,18.89,19.38,18.77,18.8,925640.0,5791316.0
2013-07-15,19.01,19.32,18.83,19.2,862708.0,5405162.0
2013-07-16,19.14,19.66,19.04,19.5,1021259.0,6460360.0
2013-07-17,19.32,19.68,19.04,19.14,863101.0,5471825.0
2013-07-18,19.07,19.47,18.92,19.35,691477.0,4359923.0
2013-07-19,19.56,19.78,18.77,18.8,1097095.0,6993163.0
2013-07-22,18.71,19.78,18.71,19.66,1424664.0,9050495.0
2013-07-23,19.84,20.42,19.84,20.3,2562921.0,16944306.0
2013-07-24,20.3,21.21,20.23,21.0,3706023.0,25328102.0
2013-07-25,20.84,21.03,20.14,20.14,2097853.0,14082284.0
2013-07-26,19.93,20.45,19.59,20.2,1165701.0,7662966.0
2013-07-29,20.08,20.23,19.59,19.66,802884.0,5235613.0
2013-07-30,19.96,20.17,19.23,20.11,1218039.0,7884852.0
2013-07-31,20.11,20.33,19.96,20.3,914218.0,6044653.0
2013-08-01,20.39,21.18,20.17,20.97,1895191.0,12964605.0
2013-08-02,20.91,21.21,20.75,20.81,1989969.0,13686146.0
2013-08-05,20.84,21.61,20.84,21.43,1677432.0,11733257.0
2013-08-06,21.52,21.61,21.15,21.36,1554720.0,10883940.0
2013-08-07,21.36,21.49,20.84,21.24,1737861.0,12044567.0
2013-08-08,21.15,22.43,21.06,21.94,3185249.0,22761386.0
2013-08-09,21.7,22.16,21.18,21.91,2458833.0,17493530.0
2013-08-12,21.91,22.25,21.76,22.07,2166924.0,15629106.0
2013-08-13,22.1,22.49,21.97,22.16,1317240.0,9561298.0
2013-08-14,22.16,22.28,21.64,22.19,2220481.0,16007219.0
2013-08-15,22.16,22.22,21.7,22.04,1816137.0,13082802.0
2013-08-16,21.79,22.16,21.24,21.39,2945125.0,21087866.0
2013-08-19,21.3,21.67,21.12,21.67,1443124.0,10116341.0
2013-08-20,21.64,21.85,21.27,21.64,2241740.0,15835968.0
2013-08-21,21.67,21.67,21.3,21.61,1306057.0,9210819.0
2013-08-22,21.64,21.73,21.49,21.61,1037138.0,7341788.0
2013-08-23,21.58,22.16,21.43,21.85,2401834.0,17163076.0
2013-08-26,21.76,22.4,21.76,22.28,2019996.0,14701325.0
2013-08-27,22.34,22.43,21.88,22.4,1959626.0,14226834.0
2013-08-28,22.31,22.31,21.7,21.76,1705464.0,12263614.0
2013-08-29,21.94,22.28,21.76,22.04,2102910.0,15235141.0
2013-08-30,21.94,21.94,21.24,21.39,1760320.0,12415824.0
2013-09-02,21.39,21.7,21.33,21.7,783489.0,5523751.0
2013-09-03,21.7,23.26,21.7,22.55,3613517.0,26718594.0
2013-09-04,22.46,22.65,22.0,22.4,1907495.0,13938213.0
2013-09-05,22.28,22.61,22.07,22.46,1563589.0,11481834.0
2013-09-06,22.49,23.35,22.22,23.04,3656573.0,27418632.0
2013-09-09,23.1,23.29,22.68,23.07,2133296.0,16046501.0
2013-09-10,23.13,23.13,22.28,22.4,2246925.0,16669020.0
2013-09-11,22.4,22.4,21.58,21.7,2192788.0,15672995.0
2013-09-12,21.73,22.1,21.73,21.82,882312.0,6315278.0
2013-09-13,21.82,22.07,21.82,22.04,971281.0,6994765.0
2013-09-16,22.1,22.19,21.82,22.16,765258.0,5539638.0
2013-09-17,22.16,22.22,21.67,21.85,766332.0,5504314.0
2013-09-18,21.67,22.1,21.64,22.04,859732.0,6149251.0
2013-09-23,21.97,22.55,21.97,22.37,1427044.0,10443278.0
2013-09-24,22.37,22.46,21.97,22.43,1541430.0,11206949.0
2013-09-25,22.43,23.07,22.22,22.71,2424185.0,18026128.0
2013-09-26,22.61,22.89,22.22,22.31,1190780.0,8765258.0
2013-09-27,22.31,22.83,22.19,22.71,1104978.0,8164115.0
2013-09-30,22.71,22.98,22.43,22.68,981706.0,7303623.0
2013-10-08,22.59,22.89,22.52,22.89,1185909.0,8831792.0
2013-10-09,22.89,23.47,22.74,23.16,1873791.0,14222910.0
2013-10-10,23.2,24.69,23.16,24.14,5805747.0,46161292.0
2013-10-11,24.14,24.32,23.68,24.2,2342115.0,18473640.0
2013-10-14,24.39,24.39,23.84,24.23,2435752.0,19225000.0
2013-10-15,24.26,24.66,23.96,24.32,1766937.0,14073174.0
2013-10-16,24.29,24.29,22.98,23.1,2416845.0,18504612.0
2013-10-17,23.07,23.47,22.95,23.13,1250495.0,9523778.0
2013-10-18,23.13,23.41,22.92,23.35,639114.0,4875200.0
2013-10-21,23.65,24.2,23.38,24.05,1714475.0,13459307.0
2013-10-22,24.08,24.72,23.8,23.96,1911908.0,15156543.0
2013-10-23,23.77,24.17,23.04,23.26,1496240.0,11494456.0
2013-10-24,23.26,23.77,22.95,23.62,940671.0,7254632.0
2013-10-25,23.62,23.68,22.74,22.92,1318027.0,9974516.0
2013-10-28,22.83,23.26,22.34,22.37,1127304.0,8371299.0
2013-10-29,22.55,22.68,21.03,21.97,1498298.0,10685973.0
2013-10-30,22.07,22.55,21.21,22.49,1723744.0,12331465.0
2013-10-31,22.34,22.77,21.82,22.61,1231159.0,8993971.0
2013-11-01,22.52,22.61,22.16,22.43,415220.0,3045453.0
2013-11-04,22.49,22.95,22.31,22.8,652432.0,4819448.0
2013-11-05,22.8,22.95,22.52,22.8,726986.0,5410953.0
2013-11-06,22.74,23.04,22.16,22.46,983575.0,7328781.0
2013-11-07,22.31,22.52,21.76,21.76,715190.0,5188172.0
2013-11-08,21.67,21.91,21.3,21.67,551094.0,3893812.0
2013-11-11,21.43,22.0,21.43,21.94,510187.0,3638777.0
2013-11-12,21.94,22.65,21.94,22.55,693865.0,5081783.0
2013-11-13,22.34,22.74,22.07,22.16,558494.0,4091549.0
2013-11-14,22.13,22.98,22.13,22.89,1388034.0,10345016.0
2013-11-15,22.86,23.41,22.77,23.26,1754926.0,13317710.0
2013-11-18,23.5,25.58,23.29,25.58,4409005.0,36116208.0
2013-11-19,28.11,28.14,26.8,28.11,19631912.0,179146960.0
2013-11-20,26.89,27.62,26.8,27.53,10072861.0,89950192.0
2013-11-21,26.86,27.41,26.09,26.86,6852424.0,60109984.0
2013-11-22,26.61,29.54,26.61,29.54,18132028.0,170267792.0
2013-11-25,28.93,30.15,28.29,28.54,9964596.0,94862392.0
2013-11-26,28.35,29.51,27.56,28.9,7406053.0,69129360.0
2013-11-27,28.11,28.72,27.77,28.6,5964580.0,55029848.0
2013-11-28,28.17,31.47,28.17,30.28,11403014.0,111946936.0
2013-11-29,29.85,31.95,29.45,30.89,9436179.0,95795280.0
2013-12-02,28.84,30.76,27.8,29.76,12298906.0,119427920.0
2013-12-03,30.0,32.75,26.8,31.74,11011813.0,110471616.0
2013-12-04,32.38,34.43,31.68,31.89,13264733.0,143152880.0
2013-12-05,31.28,33.11,30.52,31.19,7218266.0,75135936.0
2013-12-06,31.07,32.59,30.58,31.13,6698486.0,69345504.0
2013-12-09,31.34,33.48,31.13,33.08,5426680.0,57925828.0
2013-12-10,32.96,36.38,32.72,36.38,9344476.0,108773864.0
2013-12-11,37.3,39.06,36.01,36.78,11735665.0,142918480.0
2013-12-12,36.04,40.47,35.65,39.31,13714519.0,172357584.0
2013-12-13,38.18,42.12,37.72,39.62,10724327.0,139962592.0
2013-12-16,38.79,40.74,36.62,37.3,7813023.0,97284648.0
2013-12-17,37.33,37.48,35.19,36.17,6110589.0,72393488.0
2013-12-18,35.65,39.8,35.65,39.8,9473932.0,119536736.0
2013-12-19,39.37,43.77,38.36,43.4,13726920.0,186105008.0
2013-12-20,42.79,44.25,40.29,41.63,10166367.0,140385632.0
2013-12-23,41.51,44.71,38.15,44.13,11274644.0,153571184.0
2013-12-24,43.28,48.56,42.82,48.56,11950511.0,182480864.0
2013-12-25,50.27,53.41,49.17,52.8,17059264.0,288827232.0
2014-01-02,47.52,47.52,47.52,47.52,811000.0,12627270.0
2014-01-03,45.78,51.52,45.2,47.83,18854852.0,292609888.0
2014-01-06,45.72,45.72,43.03,43.03,13149730.0,188883248.0
2014-01-07,42.97,42.97,40.29,41.97,14282396.0,193645280.0
2014-01-08,41.54,43.19,41.35,42.42,12030722.0,166894512.0
2014-01-09,42.61,42.64,38.61,39.28,15939363.0,210853680.0
2014-01-10,38.82,40.01,38.42,39.37,7796431.0,100677752.0
2014-01-13,39.16,39.62,38.36,39.31,4708241.0,60080008.0
2014-01-14,39.31,41.6,39.07,41.2,9417478.0,124940216.0
2014-01-15,40.93,41.97,39.89,40.93,7115507.0,95214472.0
2014-01-16,41.08,45.02,40.84,45.02,18180824.0,262179056.0
2014-01-17,43.83,45.14,42.94,44.19,11654372.0,167874800.0
2014-01-20,43.34,43.77,39.77,40.35,11848504.0,159168528.0
2014-01-21,40.16,40.96,39.4,40.93,7919677.0,104487992.0
2014-01-22,40.65,40.74,39.74,40.47,10013989.0,131566224.0
2014-01-23,40.74,41.66,40.26,40.84,8577090.0,115123736.0
2014-01-24,40.53,42.42,40.01,41.75,10874292.0,146548528.0
2014-01-27,41.23,41.72,40.53,40.74,6241822.0,84013424.0
2014-01-28,40.77,40.87,38.94,39.03,5015011.0,65037024.0
2014-01-29,39.31,40.23,38.85,39.98,3469863.0,45102752.0
2014-01-30,40.23,40.5,39.34,39.34,2857026.0,37505188.0
2014-02-07,38.79,40.38,38.52,40.35,3593953.0,46967460.0
2014-02-10,40.32,41.51,39.83,41.35,6278981.0,84153784.0
2014-02-11,41.08,43.77,41.08,42.94,12085523.0,168760128.0
2014-02-12,42.42,42.85,41.66,42.48,10613631.0,146663216.0
2014-02-13,42.67,45.72,42.36,43.77,17664336.0,254567136.0
2014-02-14,43.4,44.1,41.81,43.61,10371701.0,146244304.0
2014-02-17,43.28,47.7,43.03,46.39,14333109.0,215066512.0
2014-02-18,46.02,47.31,45.17,46.57,7834290.0,118643416.0
2014-02-19,46.39,46.57,42.73,44.04,9224707.0,135297136.0
2014-02-20,43.95,44.56,40.71,41.2,8277281.0,113238376.0
2014-02-21,41.2,41.72,40.2,41.32,3627770.0,48764632.0
2014-02-24,41.05,41.05,39.58,40.41,6478859.0,84968536.0
2014-02-25,40.47,41.66,36.38,37.02,7385679.0,96008032.0
2014-02-26,36.07,36.47,34.49,35.95,5101832.0,59443220.0
2014-02-27,36.17,36.9,34.18,34.27,4839858.0,56460832.0
2014-02-28,34.21,35.34,33.88,35.28,2970903.0,33676468.0
2014-03-03,35.25,36.93,35.1,36.47,3615541.0,43028724.0
2014-03-04,35.71,36.53,35.49,36.35,2599095.0,30694436.0
2014-03-05,36.29,36.87,35.34,35.46,4333557.0,50797176.0
2014-03-06,35.52,35.74,33.88,34.95,4203578.0,47634892.0
2014-03-07,34.95,35.28,34.09,34.61,4225156.0,47979304.0
2014-03-10,34.15,34.49,32.44,33.42,3695448.0,40677836.0
2014-03-11,33.11,34.18,33.05,33.94,2600033.0,28756882.0
2014-03-12,33.94,34.64,33.42,33.88,2645242.0,29445640.0
2014-03-13,33.97,34.7,33.76,34.52,3074920.0,34632328.0
2014-03-14,34.27,34.43,33.51,33.94,2415360.0,26857724.0
2014-03-17,33.94,35.19,33.66,35.16,3317704.0,37579488.0
2014-03-18,35.04,36.41,34.79,36.01,4601362.0,54017976.0
2014-03-19,35.74,37.08,35.43,36.47,4733300.0,56386124.0
2014-03-20,36.47,36.59,33.27,33.48,4755939.0,54420360.0
2014-03-21,33.57,34.46,32.59,34.03,2780919.0,30578082.0
2014-03-24,34.64,34.64,33.57,33.94,1743413.0,19370800.0
2014-03-25,33.6,34.18,33.6,33.94,1501369.0,16661710.0
2014-03-26,34.12,34.4,33.57,34.34,2257659.0,25291664.0
2014-03-27,34.18,34.4,32.32,32.41,3115903.0,33871744.0
2014-03-28,32.11,32.84,30.79,31.19,3968501.0,41334048.0
2014-03-31,31.13,31.47,30.34,30.86,2584525.0,26127720.0
2014-04-01,30.86,31.98,30.86,31.98,2437793.0,25124820.0
2014-04-02,32.35,33.72,31.34,32.41,6094835.0,64620460.0
2014-04-03,32.96,33.48,31.77,32.11,3603318.0,38436372.0
2014-04-04,31.95,32.72,31.8,32.5,1946167.0,20548822.0
2014-04-08,32.17,32.63,31.62,32.53,2538095.0,26745302.0
2014-04-09,32.44,33.27,32.44,32.96,3193612.0,34421928.0
2014-04-10,32.75,34.4,32.66,33.72,5527967.0,60789352.0
2014-04-11,33.02,34.0,32.78,32.93,2489618.0,26966252.0
2014-04-14,32.96,33.78,32.93,33.48,2027095.0,22147754.0
2014-04-15,33.48,34.03,33.27,33.6,2124860.0,23421444.0
2014-04-16,33.69,34.98,33.42,34.91,4172313.0,46865400.0
2014-04-17,35.16,35.86,34.03,34.18,5494978.0,62651120.0
2014-04-18,33.91,34.03,33.15,33.57,2848899.0,31327796.0
2014-04-21,33.3,33.76,32.66,33.17,1521168.0,16589431.0
2014-04-22,32.87,33.39,31.65,32.29,1828167.0,19296326.0
2014-04-23,32.05,32.5,31.65,32.2,1049798.0,11038915.0
2014-04-24,31.92,32.29,31.53,31.68,1356228.0,14146135.0
2014-04-25,31.5,31.83,31.16,31.19,1384392.0,14269237.0
2014-04-28,31.19,31.59,30.46,31.56,2565256.0,26018418.0
2014-04-29,31.47,32.35,31.13,32.23,1587794.0,16577094.0
2014-04-30,32.23,32.78,31.8,32.59,1664481.0,17657992.0
2014-05-05,32.44,32.93,32.17,32.81,1609580.0,17133680.0
2014-05-06,32.84,33.36,32.47,33.02,3132629.0,33830636.0
2014-05-07,32.75,33.11,31.8,32.14,1882114.0,19903214.0
2014-05-08,31.89,35.34,31.53,33.63,7347655.0,81973752.0
2014-05-09,33.08,34.15,32.11,32.26,4766772.0,51504644.0
2014-05-12,32.11,33.08,31.43,32.84,2722810.0,28889526.0
2014-05-13,32.72,32.84,32.11,32.29,2136708.0,22759844.0
2014-05-14,32.35,32.38,31.83,31.95,1510140.0,15814836.0
2014-05-15,32.14,32.47,31.22,31.37,1784777.0,18607388.0
2014-05-16,31.34,31.62,30.82,31.34,1074934.0,10996278.0
2014-05-19,31.41,31.74,30.89,31.37,1194948.0,12253905.0
2014-05-20,31.25,32.05,31.22,31.53,1464048.0,15170347.0
2014-05-21,31.31,32.83,29.98,31.82,3748000.0,25827084.0
2014-05-22,31.82,32.14,31.13,31.26,3248527.0,22400228.0
2014-05-23,31.22,31.4,30.34,31.03,3676631.0,24516818.0
2014-05-26,30.99,32.41,30.76,32.28,5286176.0,36409436.0
2014-05-27,32.19,32.19,31.54,31.68,2471464.0,17070720.0
2014-05-28,31.82,32.51,31.5,32.19,3481430.0,24226110.0
2014-05-29,32.05,32.55,31.59,31.73,4065656.0,28342626.0
2014-05-30,31.86,31.86,30.85,31.26,2896041.0,19658472.0
2014-06-03,31.4,31.68,31.03,31.03,1413134.0,9636921.0
2014-06-04,30.99,31.31,30.71,31.13,1187451.0,7993907.0
2014-06-05,31.13,32.37,30.85,32.05,3764609.0,26032756.0
2014-06-06,31.86,32.65,31.77,32.46,4733470.0,33243100.0
2014-06-09,32.51,34.44,32.51,32.92,10046817.0,72762272.0
2014-06-10,33.15,33.47,32.28,33.47,5303376.0,37870664.0
2014-06-11,33.15,33.8,33.06,33.52,5118561.0,37190460.0
2014-06-12,33.52,36.28,33.29,35.45,13577170.0,104131448.0
2014-06-13,34.81,35.73,34.67,35.59,7203974.0,55237664.0
2014-06-16,35.87,36.65,35.18,35.45,7736019.0,60296288.0
2014-06-17,35.45,35.69,34.21,34.3,4992970.0,37637512.0
2014-06-18,34.49,34.67,33.84,34.63,3804808.0,28255798.0
2014-06-19,34.44,34.63,32.74,32.97,3810455.0,27861662.0
2014-06-20,33.11,33.89,33.11,33.84,2488335.0,18093976.0
2014-06-23,33.8,34.76,33.61,34.67,3243801.0,24215320.0
2014-06-24,34.4,34.95,34.12,34.95,3644699.0,27442744.0
2014-06-25,35.55,36.19,33.8,33.8,7390925.0,56321212.0
2014-06-26,33.61,34.86,33.43,34.3,5670361.0,42015132.0
2014-06-27,34.21,35.09,34.03,34.3,5323235.0,39846304.0
2014-06-30,34.21,34.99,34.03,34.9,4720501.0,35406756.0
2014-07-01,34.95,34.95,34.4,34.67,3734890.0,28082790.0
2014-07-02,34.62,36.28,34.53,35.91,12110146.0,93668608.0
2014-07-03,37.2,38.12,36.01,36.38,14265208.0,114127584.0
2014-07-04,36.15,36.6,34.58,35.73,6946698.0,53683584.0
2014-07-07,35.73,36.65,35.5,36.1,5043739.0,39567632.0
2014-07-08,36.28,36.33,35.27,35.96,4001031.0,31023982.0
2014-07-09,35.91,36.28,34.4,34.4,5180186.0,39828684.0
2014-07-10,34.16,34.58,33.61,33.94,4203791.0,31104064.0
2014-07-11,33.61,34.3,33.61,33.98,3540039.0,26129872.0
2014-07-14,33.89,34.81,33.89,34.76,2847433.0,21292802.0
2014-07-15,34.76,34.76,34.07,34.4,2723818.0,20299652.0
2014-07-16,34.4,34.4,33.24,33.52,2753890.0,20190666.0
2014-07-17,33.52,33.61,32.28,32.83,4328549.0,30916090.0
2014-07-18,32.69,33.06,32.65,32.69,1538004.0,10976250.0
2014-07-21,32.78,33.01,32.41,32.88,1231993.0,8752443.0
2014-07-22,32.83,33.2,32.69,33.01,1674408.0,12002047.0
2014-07-23,33.06,33.15,31.73,31.77,3312297.0,23239234.0
2014-07-24,31.82,31.82,30.85,31.17,3822300.0,25875098.0
2014-07-25,31.13,31.86,31.13,31.86,1400412.0,9588322.0
2014-07-28,31.91,32.69,31.86,32.51,4349986.0,30559768.0
2014-07-29,32.51,33.15,32.32,33.15,3708618.0,26455612.0
2014-07-30,33.24,34.86,33.06,33.75,10031519.0,74129032.0
2014-07-31,33.61,33.84,33.15,33.8,3562896.0,25888706.0
2014-08-01,33.43,35.96,33.34,34.53,12880850.0,97443688.0
2014-08-04,34.53,34.62,33.94,34.53,6132003.0,45654136.0
2014-08-05,34.53,34.9,33.98,34.81,6568886.0,49308644.0
2014-08-06,34.72,35.09,34.44,34.67,3975896.0,29964554.0
2014-08-07,34.72,34.95,33.8,33.8,4683091.0,34916480.0
2014-08-08,34.03,34.76,33.98,34.76,4073203.0,30426422.0
2014-08-11,34.76,35.45,34.58,35.41,5373780.0,40903040.0
2014-08-12,35.22,35.68,35.13,35.41,4768414.0,36640756.0
2014-08-13,35.22,35.91,34.58,35.91,7007374.0,53559716.0
2014-08-14,35.59,39.23,35.5,37.39,21048806.0,171023120.0
2014-08-15,37.39,37.76,36.56,37.57,10050814.0,81249936.0
2014-08-18,37.62,38.03,37.25,38.03,8708602.0,71053304.0
2014-08-19,38.08,38.45,37.53,37.85,7333393.0,60342352.0
2014-08-20,37.71,38.08,37.2,37.43,7042889.0,57239848.0
2014-08-21,37.16,37.71,36.84,37.43,5511294.0,44637840.0
2014-08-22,37.48,37.9,37.34,37.62,5528712.0,45229884.0
2014-08-25,37.76,38.03,37.07,37.11,4625151.0,37579580.0
2014-08-26,36.97,37.3,35.27,35.73,5829268.0,45932284.0
2014-08-27,35.73,36.19,35.45,35.78,2930110.0,22789376.0
2014-08-28,35.87,36.05,34.95,35.73,3431383.0,26447798.0
2014-08-29,35.5,36.1,35.36,36.1,2418993.0,18853218.0
2014-09-01,36.24,37.02,36.1,36.74,3809520.0,30382082.0
2014-09-02,36.88,37.99,36.88,37.71,6606557.0,53669532.0
2014-09-03,37.2,37.99,36.88,37.71,14432196.0,117148840.0
2014-09-04,37.48,40.52,37.3,40.47,24827840.0,211581840.0
2014-09-05,39.83,39.83,38.72,39.32,20002664.0,170378128.0
2014-09-09,39.23,40.01,38.49,39.64,11860072.0,101235776.0
2014-09-10,39.18,39.97,39.0,39.69,10042683.0,86276624.0
2014-09-11,39.78,41.67,39.37,40.2,17347820.0,152926736.0
2014-09-12,39.78,40.47,38.68,40.47,16652273.0,142954464.0
2014-09-15,40.75,42.18,40.24,41.44,15978283.0,142960832.0
2014-09-16,41.39,41.72,38.31,39.05,13570367.0,119380552.0
2014-09-17,39.09,40.43,38.72,40.01,10789007.0,93090112.0
2014-09-18,39.55,40.8,39.55,40.06,7066657.0,61497300.0
2014-09-19,39.64,41.16,39.64,40.89,9375271.0,82486544.0
2014-09-22,40.8,40.98,39.6,39.74,7040528.0,61714068.0
2014-09-23,39.97,41.44,39.64,41.3,10516996.0,92922168.0
2014-09-24,41.3,42.59,40.89,42.59,17285146.0,157303264.0
2014-09-25,42.64,42.64,41.39,41.76,10881924.0,99267048.0
2014-09-26,41.9,42.27,41.44,42.09,6431351.0,58654940.0
2014-09-29,42.59,42.82,41.99,42.13,7985749.0,73278144.0
2014-09-30,42.22,42.59,41.81,42.45,8622923.0,78951704.0
2014-10-08,42.13,43.51,41.81,43.14,10199289.0,94473256.0
2014-10-09,43.05,43.37,41.9,42.68,8917399.0,82547800.0
2014-10-10,42.36,42.73,41.81,42.09,8111258.0,74321856.0
2014-10-13,42.09,43.6,41.3,43.6,13209524.0,122470552.0
2014-10-14,43.37,43.97,42.27,42.5,8534061.0,79967184.0
2014-10-15,42.59,42.68,41.67,42.64,5657846.0,51925868.0
2014-10-16,42.18,43.19,41.67,41.67,6146344.0,56658872.0
2014-10-17,41.53,41.62,38.45,39.6,11615849.0,100389560.0
2014-10-20,39.6,40.29,39.46,40.1,4479872.0,38842264.0
2014-10-21,39.97,40.7,39.6,40.06,4890462.0,42689732.0
2014-10-22,39.88,40.38,38.68,38.82,3888827.0,33453582.0
2014-10-23,38.49,39.09,38.31,38.91,3546597.0,29820934.0
2014-10-24,38.63,39.69,38.63,39.23,3596709.0,30616006.0
2014-10-27,39.14,39.78,38.31,39.51,2759632.0,23612508.0
2014-10-28,39.6,40.56,39.51,40.52,4260492.0,37246372.0
2014-10-29,40.75,40.93,40.34,40.89,5669145.0,50056712.0
2014-10-30,40.8,41.21,40.43,40.52,4927245.0,43669060.0
2014-10-31,40.56,40.75,39.74,40.01,4167996.0,36320352.0
2014-11-03,40.06,41.12,39.92,40.93,5960137.0,52651656.0
2014-11-04,40.89,41.21,40.34,40.47,3550529.0,31410576.0
2014-11-05,40.47,40.84,40.34,40.52,2706004.0,23864866.0
2014-11-06,40.56,40.93,40.15,40.93,3513325.0,30984542.0
2014-11-07,40.93,41.53,40.06,40.15,6584195.0,58531704.0
2014-11-10,40.15,40.43,39.64,40.24,3737255.0,32489110.0
2014-11-11,40.24,40.43,37.66,38.08,6695221.0,56342136.0
2014-11-12,37.9,38.77,37.8,38.68,3282629.0,27283674.0
2014-11-13,38.59,38.59,37.07,37.34,5262154.0,42814884.0
2014-11-14,37.2,37.43,36.84,37.34,2544204.0,20550414.0
2014-11-17,37.2,38.59,37.2,38.17,3533915.0,29185562.0
2014-11-18,38.22,38.49,37.94,38.22,1847698.0,15340594.0
2014-11-19,38.03,38.49,37.76,38.17,3656540.0,30276112.0
2014-11-20,38.12,38.22,37.62,37.8,3202655.0,26308032.0
2014-11-21,37.85,38.49,37.76,38.31,4497434.0,37291580.0
2014-11-24,38.4,38.68,38.22,38.68,3560647.0,29724696.0
2014-11-25,38.59,39.51,38.35,39.18,4551304.0,38652660.0
2014-11-26,39.23,39.46,38.72,39.37,4075905.0,34667548.0
2014-11-27,39.55,40.2,39.23,39.87,6808914.0,58612320.0
2014-11-28,39.74,40.2,39.14,39.32,4965735.0,42776644.0
2014-12-01,39.32,39.51,38.17,38.31,5306231.0,44612360.0
2014-12-02,38.49,39.23,38.17,38.81,4629311.0,39066788.0
2014-12-03,38.95,41.21,38.22,40.52,13343867.0,115634376.0
2014-12-04,40.43,40.61,39.83,40.29,9266056.0,80942936.0
2014-12-05,40.29,40.29,37.3,37.94,8142855.0,68492096.0
2014-12-08,37.66,38.59,37.3,37.76,4533902.0,37435624.0
2014-12-09,37.71,37.71,35.5,35.5,8373824.0,66782908.0
2014-12-10,35.5,36.74,35.22,36.51,4076462.0,32063972.0
2014-12-11,36.15,37.11,36.15,37.11,3373807.0,26984270.0
2014-12-12,37.34,37.85,37.02,37.8,3647908.0,29800552.0
2014-12-15,37.9,38.45,37.76,38.31,3713352.0,30773276.0
2014-12-16,38.4,38.63,37.89,38.26,3835803.0,31829642.0
2014-12-17,38.35,38.35,37.25,37.34,3272804.0,26722718.0
2014-12-18,37.48,37.62,36.84,36.88,2344418.0,18959934.0
2014-12-19,36.7,36.7,35.32,35.87,3737417.0,29142072.0
2014-12-22,35.5,35.78,32.88,33.47,4458193.0,33100738.0
2014-12-23,33.52,34.3,33.38,33.47,2489605.0,18322250.0
2014-12-24,33.8,34.44,33.57,34.4,3744627.0,27623366.0
2014-12-25,34.3,34.62,34.07,34.44,2804291.0,20908268.0
2014-12-26,34.49,34.62,34.12,34.35,2558262.0,19074628.0
2014-12-29,34.35,34.35,32.69,32.92,3921386.0,28390834.0
2014-12-30,32.74,32.92,31.31,31.86,5212123.0,36210280.0
2014-12-31,31.86,32.41,31.72,32.37,3831588.0,26722122.0
2015-01-05,32.37,32.69,31.31,32.55,3420143.0,23924714.0
2015-01-06,32.28,33.75,32.28,33.7,4610813.0,33216006.0
2015-01-07,33.7,33.8,32.92,33.38,2780753.0,20156354.0
2015-01-08,33.15,33.98,33.15,33.57,3404414.0,24870628.0
2015-01-09,33.75,34.12,33.38,33.38,4134813.0,30378844.0
2015-01-12,33.29,33.29,31.72,32.09,3878031.0,27234068.0
2015-01-13,32.14,32.69,32.05,32.55,3131675.0,22029250.0
2015-01-14,32.46,32.83,32.28,32.46,2669673.0,18872886.0
2015-01-15,32.46,33.2,32.46,32.88,6323031.0,45138988.0
2015-01-16,32.83,33.38,32.51,33.34,4924027.0,35285364.0
2015-01-19,32.88,34.07,32.32,32.65,6363476.0,45953292.0
2015-01-20,32.65,33.98,32.65,33.98,5898539.0,42956760.0
2015-01-21,34.03,35.09,33.89,35.04,7886382.0,59307616.0
2015-01-22,35.13,35.32,34.62,35.22,5751356.0,43680408.0
2015-01-23,35.22,35.36,34.58,34.67,4807391.0,36339780.0
2015-01-26,34.76,35.5,34.58,35.45,4744665.0,36208364.0
2015-01-27,35.78,35.78,34.76,35.59,4262359.0,32674728.0
2015-01-28,35.36,35.73,35.18,35.32,3348338.0,25767574.0
2015-01-29,34.9,35.59,34.9,35.09,2493700.0,19084966.0
2015-01-30,35.22,35.27,34.35,34.49,3029257.0,22896824.0
2015-02-02,34.3,34.99,33.98,34.67,2879180.0,21642134.0
2015-02-03,34.81,35.64,34.67,35.41,3748356.0,28673328.0
2015-02-04,35.22,35.68,34.99,35.04,3114791.0,23895464.0
2015-02-05,35.27,35.82,34.95,35.22,4502542.0,34680440.0
2015-02-06,35.22,35.32,33.43,33.7,4142367.0,30914572.0
2015-02-09,33.7,33.84,33.01,33.11,2507205.0,18205936.0
2015-02-10,33.11,33.8,33.06,33.75,2106480.0,15252832.0
2015-02-11,33.75,34.03,33.61,33.94,2100565.0,15452223.0
2015-02-12,33.89,34.72,33.89,34.49,2817747.0,21053444.0
2015-02-13,34.72,35.27,34.72,34.99,3513014.0,26724590.0
2015-02-16,34.95,35.73,34.95,35.68,4023259.0,30975296.0
2015-02-17,35.78,35.87,35.32,35.78,5068719.0,39197508.0
2015-02-25,35.87,36.65,35.45,36.65,6184170.0,48456224.0
2015-02-26,36.56,39.32,36.24,38.12,16169108.0,133129208.0
2015-02-27,38.03,38.08,37.53,37.85,5845902.0,47954292.0
2015-03-02,37.89,38.35,37.66,38.26,6454745.0,53358188.0
2015-03-03,38.22,38.22,37.16,37.3,7006038.0,57419148.0
2015-03-04,37.3,38.68,37.07,38.63,8104890.0,66923536.0
2015-03-05,38.91,39.28,38.22,38.77,7388456.0,62156640.0
2015-03-06,38.81,38.91,37.66,38.03,6022307.0,49833876.0
2015-03-09,37.76,38.49,37.48,38.35,5095590.0,42097412.0
2015-03-10,38.35,39.74,38.26,39.05,7697471.0,65320648.0
2015-03-11,38.72,39.05,38.4,38.72,6249777.0,52448672.0
2015-03-12,38.59,38.81,37.53,37.89,5995866.0,49655416.0
2015-03-13,37.99,38.68,37.8,38.68,4584677.0,38067528.0
2015-03-16,39.0,41.07,39.0,40.43,14283184.0,124986360.0
2015-03-17,40.84,43.24,40.34,42.59,20198682.0,183705552.0
2015-03-18,42.64,46.83,41.9,46.32,22611708.0,217758912.0
2015-03-19,45.58,46.18,44.2,45.95,16117260.0,158144912.0
2015-03-20,45.35,46.41,44.66,45.63,11437478.0,113279536.0
2015-03-23,46.73,46.83,45.17,46.23,10845682.0,108042632.0
2015-03-24,46.92,46.92,42.82,45.77,14614174.0,143028448.0
2015-03-25,45.45,50.33,44.57,50.23,27841458.0,293654976.0
2015-03-26,49.27,51.43,47.43,48.26,15132755.0,161910832.0
2015-03-27,48.67,52.86,47.84,52.58,18681566.0,206980800.0
2015-03-30,52.35,54.52,50.65,51.89,14940853.0,169536144.0
2015-03-31,51.89,53.18,50.7,51.57,9926881.0,111875528.0
2015-04-01,51.57,53.27,51.11,52.63,10335444.0,117552816.0
2015-04-02,53.23,57.46,53.23,56.5,14923881.0,180393184.0
2015-04-03,55.25,61.79,55.25,61.01,15106219.0,194652032.0
2015-04-07,61.01,67.13,59.3,67.13,16254378.0,229856384.0
2015-04-08,67.92,73.86,67.92,73.86,21368148.0,335574976.0
2015-04-09,76.02,80.58,70.22,77.17,21309176.0,355510656.0
2015-04-10,75.28,78.28,72.8,75.01,16949472.0,278401408.0
2015-04-13,74.59,76.43,72.29,73.26,14282024.0,228950000.0
2015-04-14,72.8,74.22,69.99,74.13,13528951.0,210014624.0
2015-04-15,73.44,79.66,71.37,78.09,19376188.0,320664864.0
2015-04-16,75.05,77.81,70.82,74.82,9949465.0,162142720.0
2015-04-17,74.82,75.65,70.26,74.87,13659969.0,215390416.0
2015-04-20,72.57,75.38,67.36,68.97,12008694.0,186979712.0
2015-04-21,67.59,71.14,67.36,70.82,12136410.0,183818384.0
2015-04-22,71.0,72.75,69.89,71.74,8187274.0,126967016.0
2015-04-23,72.29,73.21,70.72,71.09,6491103.0,101293288.0
2015-04-24,68.33,73.03,68.33,71.6,9029395.0,137448048.0
2015-04-27,72.2,75.47,68.38,73.21,14073624.0,221491248.0
2015-04-28,71.83,72.47,66.58,66.99,10414468.0,156661696.0
2015-04-29,67.55,69.48,66.76,68.51,5902383.0,87865328.0
2015-04-30,67.59,70.4,67.59,68.65,5482077.0,82709280.0
2015-05-04,68.38,75.51,68.38,75.51,17429512.0,281291968.0
2015-05-05,78.14,79.61,73.21,73.67,15913979.0,264112864.0
2015-05-06,73.67,81.04,73.67,80.12,19844662.0,341417024.0
2015-05-07,78.28,87.48,77.81,84.68,17745844.0,324664512.0
2015-05-08,82.47,92.55,82.42,92.55,13682930.0,261746832.0
2015-05-11,93.1,100.84,88.08,92.64,22846808.0,461105600.0
2015-05-12,91.72,92.92,88.36,89.83,15151327.0,295603968.0
2015-05-13,88.68,88.68,84.4,85.6,12321101.0,231776688.0
2015-05-14,86.06,89.28,82.83,86.1,14590421.0,272134848.0
2015-05-15,86.33,86.33,82.65,83.25,10635101.0,193276384.0
2015-05-18,82.7,89.74,81.96,89.74,11918242.0,224455296.0
2015-05-19,88.96,98.53,88.96,96.97,13509228.0,273386720.0
2015-05-20,97.15,106.13,97.15,104.24,11430976.0,255456752.0
2015-05-21,104.92,114.6,104.92,114.6,17282020.0,298290304.0
2015-05-22,116.54,124.81,109.12,113.12,26028572.0,467062912.0
2015-05-25,108.99,112.93,101.82,111.05,16380230.0,277877408.0
2015-05-28,122.16,122.16,115.57,121.06,28944800.0,538167104.0
2015-05-29,119.32,133.2,116.99,133.2,18418240.0,362396288.0
2015-06-01,146.44,146.5,138.56,146.5,15510494.0,350400640.0
2015-06-02,161.16,161.16,154.31,161.16,4435461.0,110223720.0
2015-06-03,177.23,177.3,174.07,177.3,30576908.0,838608832.0
2015-06-04,174.33,174.33,159.54,161.22,38165652.0,962290432.0
2015-06-05,161.41,166.97,150.89,153.34,26120396.0,632227712.0
2015-06-08,153.28,168.71,151.15,168.71,32511852.0,829256768.0
2015-06-09,173.68,176.78,160.9,169.87,25599544.0,673360896.0
2015-06-10,163.48,179.36,161.41,172.2,18121382.0,477687680.0
2015-06-11,172.2,184.34,172.2,179.04,17283116.0,480925920.0
2015-06-12,179.04,180.78,170.32,173.1,17965504.0,484249408.0
2015-06-15,172.39,172.39,159.8,161.61,15799784.0,403203648.0
2015-06-16,155.73,160.45,146.31,152.25,14040035.0,334411136.0
2015-06-17,152.31,166.58,152.31,164.13,14258491.0,353058560.0
2015-06-18,165.09,180.53,156.38,158.19,12959402.0,335533632.0
2015-06-19,154.31,157.86,142.69,148.5,10161080.0,237607824.0
2015-06-23,148.37,154.89,134.43,150.83,9557426.0,216793616.0
2015-06-24,156.9,158.19,148.5,152.83,8453105.0,201225088.0
2015-06-25,153.8,157.41,144.63,149.66,9015049.0,213572592.0
2015-06-26,134.94,145.6,134.69,134.69,8370130.0,178748048.0
2015-06-29,137.4,138.69,121.19,121.19,11016197.0,209227920.0
2015-12-22,115.44,133.33,112.93,124.1,44806340.0,838624128.0
2015-12-23,116.28,122.55,114.93,115.64,27527940.0,503076800.0
2015-12-24,116.61,119.45,114.28,119.12,19337902.0,352436544.0
2015-12-25,120.48,120.48,115.44,116.41,13317868.0,240972976.0
2015-12-28,116.61,118.61,115.77,116.99,13650616.0,247609136.0
2015-12-29,116.28,118.03,113.06,115.51,9783745.0,173593312.0
2015-12-30,116.86,117.38,114.54,115.9,7675592.0,137513712.0
2015-12-31,116.03,116.48,110.28,113.96,9457324.0,165906208.0
2016-01-04,112.22,113.96,102.59,102.59,7358604.0,121107400.0
2016-01-05,92.33,100.08,92.33,94.59,23771002.0,346735744.0
2016-01-06,93.49,98.4,90.91,98.01,15111903.0,221868288.0
2016-01-07,95.49,95.49,88.2,88.2,3150500.0,44658704.0
2016-01-08,90.46,91.68,80.45,84.26,18092828.0,238302464.0
2016-01-11,78.25,82.9,75.86,75.86,13806608.0,168796704.0
2016-01-12,75.86,83.48,74.31,83.48,16419321.0,203565872.0
2016-01-13,86.58,91.75,81.68,83.22,41547952.0,560022656.0
2016-01-14,78.77,91.56,76.25,91.56,40582520.0,548318912.0
2016-01-15,91.55,99.43,90.46,96.59,54540948.0,799380736.0
2016-01-18,93.56,102.4,90.46,98.08,41944612.0,633397184.0
2016-01-19,95.62,101.24,93.62,100.33,40730568.0,613135424.0
2016-01-20,98.14,108.15,97.04,102.53,41980492.0,671872000.0
2016-01-21,102.01,102.34,92.27,92.27,33520890.0,505757664.0
2016-01-22,92.46,96.14,87.62,94.72,28026288.0,399141760.0
2016-01-25,95.75,95.75,89.68,92.27,22572404.0,326873056.0
2016-01-26,88.45,91.04,83.03,83.03,19257856.0,258107376.0
2016-01-27,83.03,83.36,74.7,78.45,25620944.0,308636928.0
2016-01-28,76.25,78.51,70.64,70.64,18709708.0,214794384.0
2016-01-29,68.44,77.67,68.44,77.67,16209988.0,186920336.0
2016-02-01,80.0,82.0,76.51,78.9,30910536.0,379645440.0
2016-02-02,78.45,83.87,77.8,81.87,24828796.0,313692928.0
2016-02-03,79.55,83.16,78.19,81.55,19020524.0,236386656.0
2016-02-04,82.06,83.87,81.35,82.58,22605468.0,289114880.0
2016-02-05,82.77,83.68,77.67,77.93,21210550.0,261498032.0
2016-02-15,73.93,77.48,72.7,76.32,13221018.0,153918096.0
2016-02-16,77.28,83.94,76.9,83.94,12827338.0,162748048.0
2016-02-17,85.87,90.0,82.64,88.58,39178344.0,520365920.0
2016-02-18,87.81,89.75,85.55,86.13,25572024.0,345333728.0
2016-02-19,85.23,92.85,84.78,89.75,30296262.0,420095584.0
2016-03-24,98.72,98.72,98.72,98.72,1043452.0,15954381.0
2016-03-25,106.47,106.47,94.27,95.75,43138700.0,669101952.0
2016-03-28,94.59,97.88,89.75,91.3,23293536.0,340556864.0
2016-03-29,92.14,95.3,87.23,93.17,22814440.0,321619936.0
2016-03-30,91.81,99.88,91.81,97.5,23760192.0,348739360.0
2016-03-31,97.43,99.82,95.62,98.98,25250254.0,382457696.0
2016-04-01,98.14,104.6,97.36,99.37,28761404.0,451883648.0
2016-04-05,97.5,104.27,96.85,101.95,26293068.0,410453440.0
2016-04-06,101.37,112.15,100.14,109.96,34621056.0,565428736.0
2016-04-07,108.53,120.48,107.7,112.02,42916608.0,756343424.0
2016-04-08,110.41,119.32,107.57,116.03,32772400.0,577667648.0
2016-04-11,116.22,121.38,113.89,114.54,31450586.0,571967872.0
2016-04-12,111.7,113.44,108.41,109.76,19253774.0,329571200.0
2016-04-13,109.76,118.48,109.76,114.28,24914672.0,441904704.0
2016-04-14,114.67,117.44,112.22,114.22,18085382.0,321362880.0
2016-04-15,113.31,118.93,113.31,117.45,19893732.0,359940864.0
2016-04-18,116.99,125.13,115.57,124.42,27983404.0,525455904.0
2016-04-19,124.61,125.71,121.38,123.77,17219588.0,327723584.0
2016-04-20,123.13,126.23,111.57,114.61,23976048.0,442275360.0
2016-04-21,112.34,118.54,110.41,110.47,17212950.0,305974400.0
2016-04-22,109.05,114.8,108.21,113.44,12055838.0,210066528.0
2016-04-25,112.99,114.8,109.12,109.57,15229022.0,262622976.0
2016-04-26,109.7,112.73,109.57,112.67,9675123.0,166882864.0
2016-04-27,112.41,118.67,112.41,116.8,17464504.0,313941632.0
2016-04-28,116.93,120.67,114.99,119.83,17840638.0,325595392.0
2016-04-29,118.16,125.58,117.9,123.19,25692172.0,485119328.0
2016-05-03,123.39,131.84,123.39,130.55,19491964.0,387761824.0
2016-05-04,129.07,134.3,127.39,128.23,20819560.0,422280992.0
2016-05-05,128.23,131.78,126.42,130.1,12626265.0,252649984.0
2016-05-06,130.75,131.72,121.38,121.71,20157862.0,391041696.0
2016-05-09,120.09,120.48,111.76,111.89,13020629.0,233214416.0
2016-05-10,111.7,115.25,109.12,114.73,15766268.0,276273248.0
2016-05-11,116.86,117.38,112.28,112.99,7963336.0,141589790.0
2016-05-12,109.76,114.22,106.15,113.44,8545865.0,146624480.0
2016-05-13,113.96,116.22,109.83,112.02,5706238.0,99865507.0
2016-05-16,110.54,113.44,110.28,113.44,5960963.0,103351560.0
2016-05-17,113.83,115.31,109.76,113.51,9191306.0,159875672.0
2016-05-18,110.54,112.28,102.34,103.63,10880519.0,180595741.0
2016-05-19,103.69,107.76,103.63,104.21,6331005.0,103719373.0
2016-05-20,103.31,109.7,103.18,109.44,8999541.0,148718668.0
2016-05-23,110.41,113.38,109.76,112.93,7035511.0,122215402.0
2016-05-24,113.51,113.83,109.96,112.86,5739689.0,99701332.0
2016-05-25,112.86,114.93,110.28,110.54,5452883.0,94953941.0
2016-05-26,110.41,112.28,106.53,112.15,5870656.0,99048468.0
2016-05-27,111.5,112.54,109.76,110.02,3711302.0,63880339.0
2016-05-30,109.83,114.6,109.83,112.67,7082126.0,123717102.0
2016-05-31,111.76,117.51,111.76,117.38,12609322.0,225315460.0
2016-06-01,117.32,120.09,115.57,118.8,13507761.0,246098450.0
2016-06-02,118.16,120.03,117.51,118.35,8516568.0,156264098.0
2016-06-03,118.8,119.12,115.9,116.8,7385841.0,134128472.0
2016-06-06,116.8,117.77,115.25,116.22,5124350.0,92506910.0
2016-06-07,116.54,117.38,114.02,115.9,4984021.0,88998464.0
2016-06-08,115.61,127.45,115.61,127.32,26441234.0,508191666.0
2016-06-13,123.05,125.83,114.57,114.57,16727397.0,315458194.0
2016-06-14,110.04,113.47,108.75,111.4,9835996.0,169032277.0
2016-06-15,110.69,122.53,110.11,122.08,15889594.0,293762771.0
2016-06-16,120.01,126.03,119.75,123.38,15066765.0,287503066.0
2016-06-17,122.79,126.61,120.4,125.9,11530991.0,219487716.0
2016-06-20,125.32,126.16,121.63,123.89,9253153.0,176337741.0
2016-06-21,124.93,128.68,120.79,122.34,9532100.0,183713867.0
2016-06-22,122.47,124.02,120.72,123.96,7042077.0,133163615.0
2016-06-23,124.02,124.8,119.56,120.98,8221504.0,154416829.0
2016-06-24,119.94,122.6,112.05,118.0,9462009.0,173605186.0
2016-06-27,114.64,122.02,114.64,120.59,6544320.0,121077917.0
2016-06-28,119.88,122.34,117.81,119.56,8531722.0,157177623.0
2016-06-29,120.27,121.37,119.17,119.56,6493379.0,120541051.0
2016-06-30,119.62,120.92,118.13,119.43,5643178.0,103805861.0
2016-07-01,119.43,121.69,117.23,119.23,6209209.0,114712873.0
2016-07-04,118.46,120.79,117.74,120.4,7773539.0,144147830.0
2016-07-05,120.85,121.24,117.81,119.04,7600047.0,139721363.0
2016-07-06,119.04,120.27,117.48,118.58,6896213.0,126632322.0
2016-07-07,118.2,118.2,115.28,116.0,7531249.0,135586604.0
2016-07-08,116.25,118.72,116.25,116.9,6423829.0,116657706.0
2016-07-11,117.1,118.72,115.87,117.03,5023202.0,91098588.0
2016-07-12,116.77,117.74,114.57,117.48,5741042.0,103091430.0
2016-07-13,117.61,122.21,117.03,119.81,9690502.0,178989631.0
2016-07-14,120.4,121.05,118.65,119.17,5701902.0,105371998.0
2016-07-15,119.43,120.2,117.1,117.55,3955582.0,72251642.0
2016-07-18,116.51,117.81,115.67,116.45,3243672.0,58347411.0
2016-07-19,116.45,117.16,115.22,116.97,3231395.0,57965014.0
2016-07-20,117.23,117.48,113.28,113.28,6645420.0,118659254.0
2016-07-21,114.9,124.02,114.9,120.66,19483838.0,363294872.0
2016-07-22,119.1,121.89,118.07,119.04,8772593.0,162150255.0
2016-07-25,118.39,121.69,118.33,119.1,6949627.0,128542899.0
2016-07-26,117.48,121.82,117.48,120.33,9775027.0,181383363.0
2016-07-27,120.33,121.3,112.05,112.95,10670982.0,191245492.0
2016-07-28,112.95,114.96,107.97,111.21,7286504.0,125702541.0
2016-07-29,111.14,114.96,111.01,112.69,6253245.0,109301225.0
2016-08-01,111.98,113.21,107.45,109.07,4580092.0,77114302.0
2016-08-02,109.98,110.36,108.23,109.91,2307219.0,38987794.0
2016-08-03,109.39,110.95,108.75,110.17,2233261.0,37936558.0
2016-08-04,110.04,112.11,109.91,111.53,2592891.0,44516612.0
2016-08-05,111.53,111.59,109.46,109.46,2249179.0,38361345.0
2016-08-08,109.46,114.9,109.46,114.25,6059125.0,106284991.0
2016-08-09,114.83,114.96,112.5,114.31,3035446.0,53369024.0
2016-08-10,113.67,115.74,113.47,113.73,2656072.0,46923117.0
2016-08-11,113.28,114.44,111.21,111.21,4081570.0,70736222.0
2016-08-12,110.82,112.05,110.11,111.59,2322490.0,39888678.0
2016-08-15,111.79,114.57,111.79,113.47,3233848.0,56763058.0
2016-08-16,114.9,115.87,113.41,114.18,4256213.0,75182045.0
2016-08-17,114.12,114.44,112.69,113.6,2551168.0,44736307.0
2016-08-18,113.6,113.73,112.11,112.5,2480306.0,43185085.0
2016-08-19,112.11,113.67,111.98,112.63,2623276.0,45685907.0
2016-08-22,112.63,113.41,110.82,111.21,2856799.0,49401494.0
2016-08-23,110.56,112.37,110.56,111.14,1807075.0,31109317.0
2016-08-24,111.14,112.05,110.69,111.66,2890478.0,49601957.0
2016-08-25,110.82,111.21,108.88,110.43,2414044.0,40988956.0
2016-08-26,111.98,111.98,110.43,110.62,1768600.0,30329636.0
2016-08-29,110.43,110.56,109.39,110.04,1739497.0,29513293.0
2016-08-30,111.01,115.41,110.04,113.15,5927218.0,103842999.0
2016-08-31,113.34,116.84,113.21,116.32,10187651.0,181957492.0
2016-09-01,117.29,117.61,115.54,116.06,5849369.0,105257644.0
2016-09-02,116.51,118.46,115.8,117.55,7437302.0,135097470.0
2016-09-05,117.48,118.91,115.54,116.19,5987707.0,108475388.0
2016-09-06,116.32,118.39,115.09,117.16,4174600.0,75294542.0
2016-09-07,116.84,117.68,115.93,116.13,4833708.0,87212783.0
2016-09-08,116.19,117.36,114.31,117.03,2661776.0,47967620.0
2016-09-09,117.36,117.94,116.39,116.45,4430260.0,80292548.0
2016-09-12,114.96,119.1,113.8,115.54,8402694.0,152014867.0
2016-09-13,115.54,117.42,115.09,115.54,3822654.0,68443989.0
2016-09-14,115.09,115.74,110.75,111.21,4779674.0,83522728.0
2016-09-19,111.4,114.25,111.4,113.28,5363148.0,93817623.0
2016-09-20,113.34,114.25,111.85,112.57,2342332.0,40791422.0
2016-09-21,111.98,113.15,111.4,112.05,2542061.0,43975571.0
2016-09-22,112.76,113.08,111.01,111.27,3823632.0,66083867.0
2016-09-23,111.85,112.89,110.23,110.49,2268820.0,39011228.0
2016-09-26,111.21,111.34,109.78,110.04,2094588.0,35777410.0
2016-09-27,109.98,110.69,108.75,109.65,2333721.0,39453945.0
2016-09-28,110.24,110.24,109.2,109.59,1136901.0,19239597.0
2016-09-29,110.62,111.14,109.39,110.11,1862047.0,31776807.0
2016-09-30,109.59,112.44,109.59,112.31,2529037.0,43608142.0
2016-10-10,112.89,115.09,112.5,113.73,3568120.0,62673848.0
2016-10-11,113.92,114.51,113.02,113.6,2338550.0,41053672.0
2016-10-12,113.54,113.86,112.57,113.54,2613006.0,45642635.0
2016-10-13,113.8,114.7,112.63,113.6,1800903.0,31571135.0
2016-10-14,113.47,113.47,112.05,113.15,1632103.0,28390346.0
2016-10-17,113.67,124.48,112.83,119.62,10786088.0,198125572.0
2016-10-18,119.81,120.01,118.0,119.56,5919948.0,108922338.0
2016-10-19,119.36,120.33,117.81,117.87,5707677.0,104747813.0
2016-10-20,117.87,122.02,117.87,119.23,9137546.0,169982981.0
2016-10-21,118.46,122.02,117.29,122.02,8007977.0,148442912.0
2016-10-24,122.28,123.57,119.75,121.37,5820957.0,108752901.0
2016-10-25,121.24,121.24,118.78,119.17,4083996.0,75625559.0
2016-10-26,119.62,122.53,119.17,120.33,4793628.0,89602262.0
2016-10-27,119.1,121.3,119.1,120.72,4042484.0,74982623.0
2016-10-28,120.66,121.37,119.23,120.27,4196841.0,78063695.0
2016-11-14,116.45,116.45,113.6,115.41,8394694.0,148976878.0
2016-11-15,114.25,115.35,112.63,114.51,5470120.0,96183591.0
2016-11-16,114.44,115.48,113.86,114.51,3830643.0,67838224.0
2016-11-17,114.31,114.38,112.69,112.69,4708737.0,82299522.0
2016-11-18,112.63,114.31,112.31,112.44,2891007.0,50581105.0
2016-11-21,111.34,113.6,111.34,112.63,3890635.0,67698852.0
2016-11-22,112.69,114.25,112.5,113.86,4603312.0,80628364.0
2016-11-23,114.31,114.77,112.95,113.6,3195525.0,56157908.0
2016-11-24,113.92,114.38,111.98,112.95,4132625.0,72365896.0
2016-11-25,112.95,116.19,111.98,115.54,4184743.0,73879116.0
2016-11-28,114.57,116.32,114.38,115.87,3666565.0,65487280.0
2016-11-29,115.67,116.51,110.04,112.63,3781051.0,67109800.0
2016-11-30,112.63,114.64,112.57,113.92,2228358.0,39165759.0
2016-12-01,113.92,115.22,112.95,113.6,2169097.0,38165350.0
2016-12-02,113.92,113.92,111.98,113.02,2268574.0,39536281.0
2016-12-05,112.63,112.83,111.34,111.66,2054410.0,35566094.0
2016-12-06,111.59,113.86,111.59,111.72,4020169.0,69948760.0
2016-12-07,111.79,113.41,111.79,112.44,2293769.0,39968560.0
2016-12-08,112.63,115.28,112.44,114.38,4409229.0,77834599.0
2016-12-09,114.77,120.79,114.64,118.46,11452396.0,209577238.0
2016-12-12,117.81,119.81,114.64,114.7,7888023.0,142974027.0
2016-12-13,112.95,124.73,112.95,122.99,15834219.0,294872382.0
2016-12-14,122.66,126.22,119.75,125.71,16808845.0,320846144.0
2017-09-22,113.15,113.15,113.15,113.15,617200.0,10757796.0
2017-09-25,101.85,101.85,101.85,101.85,6744600.0,105822774.0
2017-09-26,92.25,101.85,91.66,92.18,38576022.0,554305767.0
2017-09-27,89.06,90.75,87.64,88.67,21140868.0,289893091.0
2017-09-28,88.94,89.78,85.56,85.69,14653053.0,197280534.0
2017-09-29,85.17,86.79,84.58,86.27,8846797.0,116962172.0
2017-10-09,87.44,87.57,85.43,86.86,8239829.0,109689867.0
2017-10-10,86.6,88.09,85.75,87.57,8869898.0,118686694.0
2017-10-11,87.51,96.33,87.12,93.28,23844553.0,339722500.0
2017-10-12,93.03,95.95,90.3,92.96,13505382.0,194188587.0
2017-10-13,92.38,94.06,91.86,93.09,6666172.0,95163644.0
2017-10-16,93.09,93.48,90.43,90.75,6924203.0,97986955.0
2017-10-17,90.82,91.4,89.65,90.56,3393035.0,47249479.0
2017-10-18,90.56,91.21,89.84,90.3,3168404.0,44063569.0
2017-10-19,90.04,91.08,87.25,89.26,3694136.0,50619194.0
2017-10-20,89.32,89.45,87.83,88.67,2276000.0,31117129.0
2017-10-23,89.26,92.77,88.35,92.18,5518153.0,77598417.0
2017-10-24,92.05,94.45,91.53,92.31,5461811.0,78210361.0
2017-10-25,92.38,92.77,90.69,92.5,3600585.0,50900581.0
2017-10-26,92.38,94.97,91.92,94.52,5961948.0,86133838.0
2017-10-27,94.65,95.23,93.8,94.45,3621673.0,52747308.0
2017-10-30,93.67,95.3,90.95,95.3,5338955.0,76923650.0
2017-10-31,94.78,97.24,93.48,96.08,5139889.0,75987228.0
2017-11-01,95.69,97.37,95.17,97.05,4525396.0,67207543.0
2017-11-02,96.47,100.42,96.47,97.44,5376120.0,81686958.0
2017-11-03,96.92,99.97,96.79,99.65,5436870.0,82893818.0
2018-01-29,109.64,109.64,106.72,109.64,5627229.0,94729993.0
2018-01-30,110.36,120.55,110.36,111.72,19824074.0,352172889.0
2018-01-31,101.27,107.63,101.27,102.89,12033283.0,192872962.0
2018-02-01,105.36,105.42,92.64,94.32,10092376.0,150625557.0
2018-02-02,93.35,93.35,86.79,89.65,7309376.0,100882814.0
2018-02-05,85.23,98.61,85.23,97.11,7534349.0,112259451.0
2018-02-06,94.13,96.79,88.28,89.65,6094568.0,86348395.0
2018-02-07,92.18,93.54,83.09,88.35,5059179.0,69387415.0
2018-02-08,88.35,92.77,87.31,91.01,2806112.0,39226711.0
2018-02-09,88.16,90.56,87.05,89.19,2935500.0,40048389.0
2018-02-12,92.18,93.09,89.32,91.53,1970000.0,27803102.0
2018-02-13,91.47,93.09,89.65,90.04,2173801.0,30661090.0
2018-02-14,90.88,92.18,90.17,91.86,1169120.0,16431242.0
2018-02-22,91.79,92.77,90.23,91.08,2367854.0,33266142.0
2018-02-23,90.49,92.57,90.49,91.34,1700654.0,23994839.0
2018-02-26,91.86,92.64,90.43,92.31,2717253.0,38289864.0
2018-02-27,92.25,92.5,90.88,91.14,2195889.0,30887579.0
2018-02-28,91.14,91.14,88.48,88.94,2675290.0,36810660.0
2018-03-01,88.94,90.3,88.28,90.04,1862440.0,25579391.0
2018-03-02,89.71,98.28,89.13,95.17,6036936.0,88827631.0
2018-03-05,94.78,101.85,93.48,101.01,5521895.0,83977050.0
2018-03-06,99.97,103.54,98.02,98.8,4450974.0,68802419.0
2018-03-07,99.97,101.53,98.28,99.84,2932932.0,45246893.0
2018-03-08,99.71,100.49,98.93,99.32,2391361.0,36657828.0
2018-03-09,99.39,100.62,98.41,99.32,3084666.0,47333453.0
2018-03-12,99.65,101.59,99.32,101.2,3191915.0,49335719.0
2018-03-13,101.2,101.92,98.93,98.93,2833955.0,43625155.0
2018-03-14,98.93,101.59,98.41,100.03,3357250.0,51709504.0
2018-03-15,98.74,101.14,98.48,100.68,2555980.0,39478097.0
2018-03-16,100.88,101.92,99.97,100.3,1868840.0,28968601.0
2018-03-19,100.68,100.94,99.39,99.52,2382219.0,36752601.0
2018-03-20,98.8,101.53,98.8,100.23,2579011.0,39941824.0
2018-03-21,99.65,101.53,99.32,99.45,2442767.0,37747797.0
2018-03-22,99.06,100.49,99.06,99.65,2469998.0,38001532.0
2018-03-23,98.67,98.67,91.6,93.74,3995634.0,58723169.0
2018-03-26,93.61,97.44,90.88,97.44,3191330.0,46833302.0
2018-03-27,97.76,101.07,97.76,100.49,2991687.0,46126240.0
2018-03-28,101.92,110.55,100.03,110.23,9374065.0,156327795.0
2018-03-29,109.19,112.63,108.02,109.19,6933190.0,117773922.0
2018-03-30,109.19,117.89,108.41,115.09,6598373.0,116351407.0
2018-04-02,113.86,117.95,112.69,116.52,5045863.0,90236069.0
2018-04-03,115.87,122.04,114.9,117.5,6018350.0,110020359.0
2018-04-04,118.47,120.61,117.17,118.02,4985197.0,90953930.0
2018-04-09,118.02,120.68,117.17,119.06,4909406.0,89922260.0
2018-04-10,119.96,121.26,119.25,120.74,3891498.0,72085412.0
2018-04-11,120.94,125.94,120.48,124.57,4383853.0,83157682.0
2018-04-12,123.08,126.72,116.65,116.85,7905020.0,149238830.0
2018-04-13,118.41,128.08,117.11,125.42,10573139.0,201067349.0
2018-04-16,125.22,126.59,121.26,123.21,5872924.0,111902345.0
2018-04-17,123.34,125.29,121.72,122.56,3328450.0,63305356.0
2018-04-18,123.34,125.09,117.5,124.51,4586576.0,86626878.0
2018-04-27,135.67,135.67,114.32,125.94,10717004.0,209096693.0
2018-05-02,127.23,133.73,126.0,127.88,6902304.0,138085537.0
2018-05-03,126.72,130.35,125.35,128.14,3653846.0,71988405.0
2018-05-04,128.14,129.57,125.29,125.29,2114836.0,41518684.0
2018-05-07,126.2,134.7,126.13,132.04,6068662.0,123292423.0
2018-05-08,134.38,145.09,132.1,140.41,8284487.0,178631308.0
2018-05-09,140.8,148.98,137.75,140.87,8890687.0,196175648.0
2018-05-10,143.01,143.33,138.01,141.52,5233648.0,113251208.0
2018-05-11,143.46,147.94,141.39,145.28,7789792.0,173924427.0
2018-05-14,145.41,149.96,143.98,149.44,6852629.0,156051185.0
2018-05-15,149.69,150.47,146.45,148.07,4201160.0,95733190.0
2018-05-16,148.79,149.82,146.19,147.36,3939098.0,89628103.0
2018-05-17,147.03,147.16,143.4,143.66,3526520.0,78802494.0
2018-05-18,145.35,148.4,144.37,145.41,3380251.0,76231647.0
2018-05-21,143.46,146.71,138.14,141.65,6128773.0,133935975.0
2018-05-22,143.33,149.89,141.91,149.11,7790589.0,174968443.0
2018-05-23,150.6,153.72,145.41,145.41,7911793.0,182808302.0
2018-05-24,144.24,148.53,142.94,142.94,4119426.0,92030636.0
2018-05-25,143.01,146.64,143.01,143.66,3837101.0,85645164.0
2018-05-28,143.98,144.89,138.92,141.0,4200669.0,91708565.0
2018-05-29,142.16,142.29,136.91,136.97,3876335.0,83911115.0
2018-05-30,134.65,134.65,123.92,125.29,8718562.0,173279113.0
2018-05-31,124.64,133.22,124.64,131.4,5859302.0,117715526.0
2018-06-01,131.79,135.18,126.52,127.37,4259686.0,85709266.0
2018-06-04,129.12,133.29,127.37,127.5,3028037.0,60343813.0
2018-06-05,130.1,131.21,127.89,130.23,3233835.0,64374098.0
2018-06-06,129.38,132.7,129.38,131.14,3504943.0,70542579.0
2018-06-07,131.4,131.66,125.94,127.04,3208749.0,63464560.0
2018-06-08,127.5,130.04,125.55,127.24,2393298.0,46945627.0
2018-06-11,127.24,129.06,116.18,120.99,4697864.0,88094175.0
2018-06-12,121.45,124.31,119.04,124.31,2857909.0,53585314.0
2018-06-13,124.38,125.48,121.06,123.47,2973199.0,56356540.0
2018-06-14,124.18,125.48,119.04,120.47,3552600.0,67148164.0
2018-06-15,120.21,121.9,114.03,117.42,3958922.0,71424164.0
2018-06-19,115.46,115.46,105.71,105.71,4931760.0,82586213.0
2018-06-20,105.71,107.79,101.87,105.25,5915690.0,95917921.0
2018-06-21,105.19,108.63,103.75,104.93,5747373.0,93566081.0
2018-06-22,103.3,106.23,101.93,105.06,3663558.0,58765461.0
2018-06-25,105.38,113.45,105.19,110.91,5571925.0,94171598.0
2018-06-26,112.08,119.69,109.42,117.16,5124778.0,89394517.0
2018-06-27,116.11,117.61,109.35,111.11,5855856.0,102399949.0
2018-06-28,110.59,112.73,104.02,104.02,4582461.0,75919077.0
2018-06-29,104.73,107.66,103.17,107.2,6266966.0,101615485.0
2018-07-02,107.07,111.3,106.16,107.85,4749828.0,79435556.0
2018-07-03,107.85,110.13,103.82,108.96,4132069.0,67771275.0
2018-07-04,108.96,108.96,104.21,104.73,2624352.0,42789332.0
2018-07-05,103.89,105.38,97.64,98.16,3610704.0,56363549.0
2018-07-06,98.23,103.11,97.77,101.41,3773109.0,58231046.0
2018-07-09,101.48,105.71,101.48,105.32,2510936.0,40299843.0
2018-07-10,106.88,107.07,105.12,105.97,2271560.0,36990726.0
2018-07-11,103.75,104.67,99.46,100.57,3600603.0,56494952.0
2018-07-12,99.79,105.71,99.79,104.08,4984062.0,79697270.0
2018-07-13,104.6,110.26,103.75,109.35,6394759.0,105886172.0
2018-07-16,112.99,112.99,107.07,107.66,5491951.0,92548938.0
2018-07-17,109.55,109.55,105.19,106.36,4090781.0,66995323.0
2018-07-18,106.36,106.94,101.87,102.06,5712899.0,91616046.0
2018-07-19,102.06,103.82,101.48,101.48,4406092.0,69422310.0
2018-07-20,101.09,102.78,100.18,101.09,3885373.0,60650500.0
2018-07-23,98.42,100.05,91.0,92.31,13644509.0,197171967.0
2018-07-24,92.31,96.92,91.98,96.21,7351739.0,106657053.0
2018-07-25,96.6,98.36,96.21,96.8,5036453.0,75123708.0
2018-07-26,97.58,99.4,96.27,97.58,4289610.0,64740263.0
2018-07-27,98.23,98.55,96.27,97.64,2117786.0,31757401.0
2018-07-30,97.58,97.64,90.75,92.57,7093860.0,101088092.0
2018-07-31,91.92,94.97,91.92,92.76,3570454.0,51097108.0
2018-08-01,92.96,94.19,90.88,91.66,2620994.0,37324832.0
2018-08-02,91.66,92.18,84.76,91.07,8240640.0,111755499.0
2018-08-03,90.81,91.4,88.79,90.81,4385470.0,60791769.0
2018-08-06,90.09,91.01,85.87,90.75,5534779.0,75356398.0
2018-08-07,90.94,92.24,88.6,91.72,5126677.0,71243591.0
2018-08-08,92.31,92.7,89.18,90.16,4153306.0,57966324.0
2018-08-09,90.03,93.35,89.44,92.44,4791721.0,67698133.0
2018-08-10,92.37,93.22,91.98,92.57,3277027.0,46671644.0
2018-08-13,90.88,93.41,90.16,92.76,2481540.0,35134134.0
2018-08-14,92.57,97.25,92.57,97.06,6820255.0,100573230.0
2018-08-15,96.47,97.58,95.23,95.69,4253685.0,62660763.0
2018-08-16,94.32,98.55,93.15,96.99,4787449.0,71671582.0
2018-08-17,97.97,98.55,95.88,97.44,5996536.0,89314497.0
2018-08-20,96.27,98.55,95.1,98.29,3438797.0,51414923.0
2018-08-21,98.36,102.45,97.77,101.09,5292690.0,82135419.0
2018-08-22,101.09,103.82,100.18,102.65,4787623.0,75698638.0
2018-08-23,102.78,103.36,100.83,102.0,4030160.0,63304201.0
2018-08-24,101.09,102.32,100.89,101.35,2586491.0,40446233.0
2018-08-27,101.48,104.08,101.41,102.0,4433207.0,70099389.0
2018-08-28,101.09,103.43,101.09,103.36,3042391.0,47990377.0
2018-08-29,103.36,106.75,102.84,106.29,4130082.0,66444045.0
2018-08-30,105.12,106.75,103.56,103.89,3834318.0,61696088.0
2018-08-31,102.97,106.42,102.97,105.71,4039703.0,65506399.0
2018-09-03,105.9,106.03,102.97,104.73,3418388.0,54752253.0
2018-09-04,104.73,105.25,103.69,103.89,2798039.0,44914816.0
2018-09-05,103.89,105.19,101.02,101.48,4247504.0,67851877.0
2018-09-06,102.45,104.67,101.61,103.11,3961870.0,63139126.0
2018-09-07,103.75,105.12,101.93,102.06,2949853.0,46881074.0
2018-09-10,102.65,103.62,99.53,101.15,2184998.0,34050665.0
2018-09-11,99.85,101.09,99.01,100.18,2458626.0,37765017.0
2018-09-12,99.92,100.7,99.07,100.18,1636132.0,25117857.0
2018-09-13,101.8,101.8,97.12,99.66,4478709.0,67976764.0
2018-09-14,99.53,99.92,97.25,98.88,3048290.0,45992762.0
2018-09-17,98.75,98.75,96.53,97.58,3323320.0,49705913.0
2018-09-18,97.58,98.55,96.27,97.71,3341225.0,49881684.0
2018-09-19,97.25,97.77,95.95,96.8,2314173.0,34484322.0
2018-09-20,96.8,97.06,95.75,96.21,2160211.0,31949323.0
2018-09-21,96.27,97.25,95.3,97.25,2289948.0,33868151.0
2018-09-25,97.58,97.9,94.78,95.82,2209552.0,32775702.0
2018-09-26,96.21,96.21,94.58,95.95,2364836.0,34767480.0
2018-09-27,96.27,96.47,94.52,95.23,2032000.0,29723597.0
2018-09-28,95.23,95.62,94.13,95.04,2457165.0,35767775.0
2018-10-08,95.3,97.31,94.52,94.97,2030334.0,29888284.0
2018-10-09,94.97,96.08,94.32,94.45,1287120.0,18760460.0
2018-10-10,94.97,95.69,85.87,94.71,1676521.0,24351639.0
2018-10-11,94.0,97.31,91.14,93.22,4114418.0,59631489.0
2018-10-12,93.35,95.95,93.22,95.95,2176379.0,31740778.0
2018-10-15,96.8,96.92,94.97,96.27,1483222.0,21860863.0
2018-10-16,96.08,97.58,94.97,95.82,1681960.0,24782044.0
2018-10-17,96.34,97.31,93.02,95.82,2185930.0,32125990.0
2018-10-18,95.62,96.14,92.37,93.61,2084500.0,30080266.0
2018-10-19,94.32,94.52,93.02,94.0,1206400.0,17421985.0
2018-10-22,95.62,99.59,93.93,99.53,3523616.0,53016168.0
2018-10-23,100.5,107.01,96.34,98.42,4263747.0,65634368.0
2018-10-24,98.42,98.42,96.41,97.38,1459892.0,21776349.0
2018-10-25,95.1,96.67,93.09,95.62,2086926.0,30478799.0
2018-10-26,95.95,97.25,94.19,94.45,1040824.0,15298938.0
2018-10-29,95.3,95.69,94.52,95.1,743600.0,10873451.0
2018-10-30,95.17,95.49,93.35,94.52,2700703.0,39070105.0
2018-10-31,95.49,96.47,93.74,96.21,1930698.0,28187555.0
2018-11-01,96.21,100.76,95.69,99.66,3941312.0,60038456.0
2018-11-02,99.98,101.87,99.98,101.28,2552003.0,39679816.0
2018-11-05,101.48,101.74,98.68,101.15,3026804.0,46515071.0
2018-11-06,100.96,104.73,98.62,99.98,3431646.0,53046647.0
2018-11-07,100.44,100.7,98.88,99.53,1775024.0,27151703.0
2018-11-08,99.59,99.79,96.27,96.92,2147220.0,32279996.0
2018-11-09,97.19,98.49,96.27,97.06,1353150.0,20154079.0
2018-11-12,97.44,97.44,94.26,95.88,3304090.0,48602871.0
2018-11-13,95.62,97.25,94.45,96.28,2014847.0,29697758.0
