2011-03-29,22.88,23.2,20.74,21.72,18998140.0,418186624.0
2011-03-30,21.6,22.59,21.23,22.11,11143770.0,243323088.0
2011-03-31,21.5,21.6,20.5,21.4,6635070.0,140013568.0
2011-04-01,21.35,21.37,20.37,20.43,5062440.0,105170648.0
2011-04-06,20.22,20.65,19.91,20.28,3830050.0,77651176.0
2011-04-07,20.18,20.47,20.08,20.13,2144353.0,43347060.0
2011-04-08,20.16,20.9,20.11,20.43,3416020.0,70124080.0
2011-04-11,20.54,20.54,19.65,19.7,2979073.0,59430376.0
2011-04-12,19.6,20.05,19.48,19.82,1574233.0,31136032.0
2011-04-13,19.62,20.57,19.62,20.52,2095531.0,42383312.0
2011-04-14,20.46,20.8,20.31,20.48,2078268.0,42730204.0
2011-04-15,20.17,20.6,19.84,20.6,1543707.0,31158932.0
2011-04-18,20.32,20.57,20.11,20.44,1506324.0,30600004.0
2011-04-19,20.45,21.3,20.44,20.55,2732121.0,57114584.0
2011-04-20,20.65,20.88,20.43,20.72,1349746.0,27929986.0
2011-04-21,20.63,20.7,19.93,20.0,1861158.0,37686560.0
2011-04-22,19.99,20.0,19.39,19.88,1472318.0,28996582.0
2011-04-25,19.5,19.7,19.12,19.19,802443.0,15466600.0
2011-04-26,19.19,19.19,18.6,18.75,916941.0,17239628.0
2011-04-27,18.8,19.09,18.46,19.0,722415.0,13584127.0
2011-04-28,18.9,19.06,18.5,18.6,542122.0,10174252.0
2011-04-29,18.0,18.78,18.0,18.75,592527.0,10875900.0
2011-05-03,18.69,18.75,18.41,18.75,551404.0,10214961.0
2011-05-04,18.52,18.6,18.02,18.6,617562.0,11342912.0
2011-05-05,18.56,18.92,18.56,18.75,708593.0,13304504.0
2011-05-06,18.62,18.83,18.41,18.78,366415.0,6850516.0
2011-05-09,18.7,19.1,18.67,18.95,594164.0,11242149.0
2011-05-10,18.83,19.0,18.65,18.82,460619.0,8674624.0
2011-05-11,18.93,19.12,18.72,18.8,493760.0,9323131.0
2011-05-12,18.62,18.78,18.37,18.7,712384.0,13186998.0
2011-05-13,18.56,18.63,18.3,18.63,387514.0,7156820.0
2011-05-16,18.55,18.61,18.37,18.58,461700.0,8533043.0
2011-05-17,18.48,18.61,18.28,18.59,486564.0,8997800.0
2011-05-18,18.5,18.58,18.35,18.58,412991.0,7619440.0
2011-05-19,18.53,18.62,18.37,18.37,634180.0,11684995.0
2011-05-23,18.3,18.3,16.53,16.53,1823444.0,30737838.0
2011-05-24,16.16,16.8,16.11,16.59,765861.0,12594996.0
2011-05-25,16.38,16.52,16.0,16.16,690664.0,11213777.0
2011-05-26,16.26,16.26,15.78,15.81,761600.0,12215279.0
2011-05-27,15.65,15.9,15.49,15.58,695932.0,10866108.0
2011-05-30,15.68,15.77,15.36,15.46,332045.0,5152352.0
2011-05-31,15.54,15.65,15.3,15.61,358460.0,5542971.0
2011-06-01,15.67,15.87,15.52,15.79,521542.0,8181056.0
2011-06-02,15.55,15.64,15.01,15.21,365101.0,5574769.0
2011-06-03,15.29,15.6,15.12,15.55,251099.0,3861959.0
2011-06-07,15.35,15.55,15.35,15.51,181888.0,2807739.0
2011-06-08,15.4,15.51,15.25,15.42,160370.0,2464895.0
2011-06-09,15.3,15.52,15.19,15.29,215437.0,3314783.0
2011-06-10,15.29,15.29,14.66,15.0,519316.0,7732380.0
2011-06-13,14.9,15.07,14.84,15.0,180735.0,2704606.0
2011-06-14,14.91,15.6,14.9,15.5,353439.0,5420754.0
2011-06-15,16.26,16.4,15.75,15.84,1388705.0,22247560.0
2011-06-16,15.57,15.95,15.57,15.69,482413.0,7604429.0
2011-06-17,15.51,15.77,15.51,15.6,425306.0,6645393.0
2011-06-20,15.49,15.59,15.03,15.08,300296.0,4572943.0
2011-06-21,15.2,15.98,15.1,15.88,407334.0,6359414.0
2011-06-22,15.86,16.09,15.61,15.81,464240.0,7392764.0
2011-06-23,15.89,16.7,15.8,16.65,905359.0,14848291.0
2011-06-24,16.71,17.57,16.71,17.48,1835734.0,31803526.0
2011-06-27,17.5,18.4,17.39,18.37,1843726.0,33513646.0
2011-06-28,18.4,18.8,18.18,18.47,1283394.0,23700816.0
2011-06-29,18.45,18.47,17.8,18.0,2475836.0,44718008.0
2011-07-01,18.16,18.27,17.8,18.15,1110538.0,20083374.0
2011-07-04,18.3,19.1,18.15,19.07,1872959.0,35164476.0
2011-07-05,18.93,19.29,18.71,18.96,943515.0,17910364.0
2011-07-06,18.9,19.05,18.52,18.97,593152.0,11148924.0
2011-07-07,19.04,20.28,19.04,19.63,2061448.0,40824660.0
2011-07-08,19.72,20.36,19.0,19.16,1202848.0,23812350.0
2011-07-11,19.2,19.66,19.0,19.41,709937.0,13723743.0
2011-07-12,19.33,19.59,19.1,19.45,504318.0,9737734.0
2011-07-13,19.46,19.73,19.45,19.73,348804.0,6843509.0
2011-07-14,19.9,20.1,19.5,20.07,522187.0,10346377.0
2011-07-15,19.8,20.19,19.7,19.89,970656.0,19341304.0
2011-07-18,19.93,20.1,19.18,19.19,1303163.0,25229170.0
2011-07-19,19.1,19.28,18.73,18.79,696401.0,13217207.0
2011-07-20,18.88,19.05,18.32,18.55,931179.0,17358398.0
2011-07-21,18.56,18.87,18.45,18.8,546799.0,10186240.0
2011-07-22,18.89,18.98,18.56,18.7,399309.0,7491761.0
2011-07-25,18.81,18.81,17.62,18.6,1260499.0,23052652.0
2011-07-26,18.28,18.6,18.03,18.56,704624.0,12857440.0
2011-07-27,18.39,19.7,18.23,19.39,1254393.0,24005748.0
2011-07-28,19.26,19.82,19.14,19.5,663101.0,12904884.0
2011-07-29,19.33,19.93,19.1,19.2,647433.0,12692376.0
2011-08-01,19.0,19.39,19.0,19.24,509220.0,9784463.0
2011-08-02,19.24,19.24,18.81,18.86,700793.0,13283782.0
2011-08-03,18.99,19.8,18.73,18.85,806262.0,15491854.0
2011-08-04,18.97,19.15,18.53,18.58,514163.0,9661193.0
2011-08-05,18.0,19.3,18.0,19.22,880690.0,16449728.0
2011-08-08,18.51,19.18,17.83,18.78,929450.0,17188030.0
2011-08-09,18.08,18.91,18.0,18.78,423607.0,7872104.0
2011-08-10,18.96,19.77,18.75,19.21,630724.0,12183944.0
2011-08-11,19.4,19.89,19.01,19.84,908226.0,17858758.0
2011-08-12,19.96,20.22,19.69,19.84,651314.0,12996542.0
2011-08-15,19.88,19.98,19.29,19.5,1435872.0,27995358.0
2011-08-16,19.5,19.55,18.8,18.8,1215815.0,23295882.0
2011-08-17,18.79,19.13,18.66,19.0,472936.0,8957608.0
2011-08-18,19.0,19.11,18.61,18.7,320109.0,6019482.0
2011-08-19,18.7,19.24,18.53,18.88,751712.0,14218496.0
2011-08-22,18.74,19.84,18.6,19.4,2190430.0,42526696.0
2011-08-23,19.4,20.6,19.13,20.6,3272667.0,64634596.0
2011-08-24,20.79,21.68,20.63,21.0,3543978.0,75321200.0
2011-08-25,20.99,21.3,20.5,21.2,1932166.0,40393308.0
2011-08-26,21.08,22.0,20.8,21.16,1988462.0,42529720.0
2011-08-29,21.02,21.78,21.01,21.3,1701638.0,36449828.0
2011-08-30,21.3,21.46,20.6,20.8,1361857.0,28553964.0
2011-08-31,20.62,20.9,20.11,20.7,1601595.0,32830240.0
2011-09-01,20.65,20.85,19.96,20.4,990731.0,20217728.0
2011-09-02,20.3,20.39,19.88,20.12,633970.0,12715207.0
2011-09-05,19.99,20.08,19.61,19.8,478466.0,9477913.0
2011-09-06,19.6,19.6,18.9,19.25,790801.0,15234200.0
2011-09-07,19.51,20.19,19.28,20.17,1222529.0,24229078.0
2011-09-08,20.15,20.7,19.95,20.13,1965717.0,40065896.0
2011-09-09,20.0,20.23,19.3,19.74,585771.0,11674170.0
2011-09-13,19.25,19.69,19.25,19.6,273991.0,5337404.0
2011-09-14,19.7,20.38,19.6,20.36,574829.0,11514896.0
2011-09-15,20.37,20.93,20.3,20.45,1259765.0,25956248.0
2011-09-16,20.42,20.85,20.25,20.79,916967.0,18862466.0
2011-09-19,20.58,20.94,19.78,19.95,929565.0,19004646.0
2011-09-20,19.9,20.17,19.55,19.88,473000.0,9388145.0
2011-09-21,20.03,21.21,19.63,20.98,1766296.0,36601908.0
2011-09-22,20.98,20.98,20.29,20.31,1085351.0,22427868.0
2011-09-23,19.9,20.18,18.9,19.5,915344.0,17940746.0
2011-09-26,19.15,19.6,18.0,18.0,2124405.0,39633676.0
2011-09-27,18.09,18.49,17.36,18.05,1475680.0,26299024.0
2011-09-28,18.01,18.28,17.26,17.42,815972.0,14537710.0
2011-09-29,17.3,18.23,16.9,17.74,1242539.0,21736276.0
2011-09-30,17.74,17.88,17.2,17.25,323379.0,5670267.0
2011-10-10,17.7,17.7,17.15,17.27,209256.0,3625800.0
2011-10-11,17.68,17.87,17.02,17.32,396875.0,6910258.0
2011-10-12,16.8,18.0,16.7,17.79,502145.0,8828189.0
2011-10-13,17.82,18.4,17.76,17.95,727651.0,13161789.0
2011-10-14,17.97,18.28,17.52,17.78,408113.0,7256990.0
2011-10-17,17.83,18.0,17.4,17.66,614648.0,10883028.0
2011-10-18,17.66,17.89,17.4,17.43,361631.0,6375767.0
2011-10-19,17.5,17.5,17.14,17.38,185061.0,3204182.0
2011-10-20,17.46,17.46,15.7,16.01,957306.0,15553002.0
2011-10-21,16.0,16.12,15.7,15.79,198126.0,3148002.0
2011-10-24,15.81,16.05,15.45,16.0,199553.0,3155821.0
2011-10-25,16.05,16.76,16.05,16.59,452818.0,7432571.0
2011-10-26,16.37,17.0,16.37,16.71,859433.0,14432854.0
2011-10-27,16.51,16.96,16.5,16.85,327808.0,5501587.0
2011-10-28,17.1,17.75,17.0,17.75,879749.0,15249514.0
2011-10-31,17.7,18.18,17.61,18.09,873763.0,15661266.0
2011-11-01,17.81,18.3,17.73,18.1,427342.0,7687778.0
2011-11-02,17.73,18.5,17.5,18.35,755003.0,13572347.0
2011-11-03,18.38,19.08,18.38,18.44,1179181.0,22079284.0
2011-11-04,18.57,18.73,18.22,18.44,441615.0,8143677.0
2011-11-07,18.47,18.47,17.58,18.21,258567.0,4705109.0
2011-11-08,18.05,18.35,17.88,18.0,245181.0,4441196.0
2011-11-09,18.18,18.38,17.81,18.38,542424.0,9819066.0
2011-11-10,18.05,18.92,18.0,18.29,1150657.0,21344492.0
2011-11-11,18.39,18.4,17.58,17.8,898303.0,16160126.0
2011-11-14,17.97,18.65,17.85,18.65,588886.0,10798624.0
2011-11-15,18.58,19.06,18.3,18.68,1308120.0,24329608.0
2011-11-16,18.61,18.9,17.82,18.15,638260.0,11778466.0
2011-11-17,18.15,18.53,17.85,18.14,634151.0,11524357.0
2011-11-18,18.13,18.33,17.7,18.26,791201.0,14248802.0
2011-11-21,18.19,19.28,18.0,19.16,1776152.0,33524852.0
2011-11-22,18.7,19.24,18.6,19.23,1291836.0,24536272.0
2011-11-23,19.24,19.57,18.91,19.1,979473.0,18793138.0
2011-11-24,18.8,19.63,18.72,19.63,1204278.0,23185990.0
2011-11-25,19.63,19.75,19.28,19.37,788347.0,15372710.0
2011-11-28,19.29,19.45,18.68,19.38,921995.0,17648248.0
2011-11-29,19.36,19.5,18.98,19.29,578362.0,11125460.0
2011-11-30,19.33,19.33,18.0,18.77,1195667.0,22152638.0
2011-12-01,19.06,19.31,18.3,18.3,1530065.0,28903636.0
2011-12-02,17.83,18.54,16.47,16.92,2193631.0,37451964.0
2011-12-05,16.92,17.08,16.55,16.7,1119055.0,18745994.0
2011-12-06,16.68,17.33,16.5,16.95,536471.0,9056307.0
2011-12-07,16.99,17.23,16.8,16.94,237159.0,4034320.0
2011-12-08,16.78,17.18,16.33,17.05,243826.0,4129720.0
2011-12-09,16.9,17.1,16.74,17.05,292589.0,4951224.0
2011-12-12,16.97,17.03,16.76,16.86,463829.0,7838880.0
2011-12-13,16.76,16.76,16.2,16.33,377233.0,6185119.0
2011-12-14,16.2,16.47,15.9,16.2,185299.0,3014546.0
2011-12-15,16.33,16.39,16.11,16.15,348968.0,5659543.0
2011-12-16,16.3,16.58,16.2,16.55,389977.0,6413114.0
2011-12-19,16.55,16.99,16.44,16.92,436402.0,7282036.0
2011-12-20,16.75,17.0,16.72,16.75,261992.0,4416081.0
2011-12-21,16.99,16.99,16.3,16.3,368793.0,6160408.0
2011-12-22,16.2,16.36,15.61,16.02,381847.0,6066622.0
2011-12-23,15.86,16.19,15.62,15.81,376681.0,5985451.0
2011-12-26,15.69,15.89,14.83,15.07,812372.0,12492421.0
2011-12-27,15.0,15.0,14.44,14.85,780334.0,11517007.0
2011-12-28,14.8,14.8,13.92,14.0,850210.0,12023027.0
2011-12-29,14.0,14.16,13.9,13.99,250314.0,3506132.0
2011-12-30,14.05,14.46,14.0,14.29,256987.0,3671723.0
2012-01-04,14.18,14.55,13.28,13.28,729000.0,10226265.0
2012-01-05,13.2,13.2,11.95,11.95,2079981.0,25614714.0
2012-01-06,11.85,12.14,11.51,12.05,603181.0,7115977.0
2012-01-09,12.0,12.59,11.97,12.57,1210418.0,14902223.0
2012-01-10,12.57,13.2,12.51,13.09,1304836.0,16758447.0
2012-01-11,12.9,13.33,12.81,12.95,963532.0,12573617.0
2012-01-12,12.88,13.1,12.38,12.4,1731188.0,21912740.0
2012-01-13,12.3,12.5,11.65,11.66,1400609.0,16717432.0
2012-01-16,11.39,11.52,11.17,11.2,660014.0,7479325.0
2012-01-17,11.27,12.16,11.01,11.95,1241464.0,14247987.0
2012-01-18,11.82,12.07,11.33,11.56,1624545.0,19045570.0
2012-01-19,11.3,11.89,11.3,11.79,944733.0,10997669.0
2012-01-20,11.88,12.41,11.88,12.3,1146236.0,14050240.0
2012-01-30,12.41,12.47,12.08,12.15,1391541.0,16991140.0
2012-01-31,12.15,12.29,11.98,12.29,461555.0,5592589.0
2012-02-01,12.15,12.47,12.15,12.3,863451.0,10658814.0
2012-02-02,12.3,13.05,12.3,12.9,1542174.0,19576512.0
2012-02-03,12.86,13.12,12.71,13.05,1642448.0,21308244.0
2012-02-06,13.05,13.32,12.88,13.26,1098310.0,14414293.0
2012-02-07,13.11,13.12,12.82,12.96,618349.0,8017250.0
2012-02-08,12.88,13.27,12.85,13.21,851093.0,11117883.0
2012-02-09,13.22,13.48,13.14,13.35,1127390.0,15026423.0
2012-02-10,13.3,13.48,13.16,13.3,852510.0,11339402.0
2012-02-13,13.21,13.72,13.03,13.53,1312103.0,17635674.0
2012-02-14,13.45,13.75,13.3,13.6,850004.0,11484090.0
2012-02-15,13.59,13.93,13.5,13.81,811232.0,11133160.0
2012-02-16,13.82,13.94,13.64,13.79,769292.0,10597481.0
2012-02-17,13.78,13.93,13.45,13.53,982801.0,13398849.0
2012-02-20,13.7,14.14,13.62,13.76,1366701.0,18951132.0
2012-02-21,13.78,14.53,13.77,14.48,1759398.0,24904566.0
2012-02-22,14.55,14.76,14.35,14.76,979102.0,14252028.0
2012-02-23,14.61,15.01,14.48,14.7,1004768.0,14822940.0
2012-02-24,14.73,14.9,14.59,14.81,822260.0,12098746.0
2012-02-27,14.83,15.11,14.66,14.8,1509274.0,22434964.0
2012-02-28,14.72,14.98,14.6,14.98,1017983.0,15070421.0
2012-02-29,14.99,15.12,14.7,14.72,855200.0,12693898.0
2012-03-01,14.72,14.88,14.61,14.81,561281.0,8279726.0
2012-03-02,14.88,15.3,14.8,15.3,770072.0,11604557.0
2012-03-05,15.35,15.56,15.16,15.45,920567.0,14130501.0
2012-03-06,15.31,15.84,15.1,15.81,1362161.0,21072118.0
2012-03-07,15.58,16.09,15.43,15.45,1244672.0,19557276.0
2012-03-08,15.45,15.7,15.37,15.57,688781.0,10711082.0
2012-03-09,15.57,15.88,15.5,15.79,961210.0,15103587.0
2012-03-12,15.76,16.21,15.68,16.0,902021.0,14448035.0
2012-03-13,15.92,16.26,15.92,16.26,863067.0,13883185.0
2012-03-14,16.28,16.4,15.0,15.4,1540793.0,24470966.0
2012-03-15,15.31,15.58,15.03,15.18,694702.0,10601828.0
2012-03-16,15.2,16.16,15.2,16.0,1379996.0,21792184.0
2012-03-19,16.0,16.16,15.86,16.16,591249.0,9490940.0
2012-03-20,16.1,16.15,15.45,15.88,773659.0,12171745.0
2012-03-21,15.88,15.9,15.3,15.47,606319.0,9397677.0
2012-03-22,15.54,15.54,15.11,15.16,509422.0,7777751.0
2012-03-23,15.16,15.16,14.25,14.35,1154028.0,16898026.0
2012-03-26,14.11,14.52,14.0,14.45,779726.0,11098420.0
2012-03-27,14.1,14.25,13.5,13.95,1897174.0,26353858.0
2012-03-28,13.78,13.85,13.06,13.08,1102190.0,14703181.0
2012-03-29,13.06,13.36,12.6,12.75,944500.0,12181269.0
2012-03-30,12.85,12.93,12.7,12.89,561456.0,7193373.0
2012-04-05,12.9,13.44,12.73,13.35,1277985.0,16819712.0
2012-04-06,13.21,13.49,13.16,13.41,972487.0,12941813.0
2012-04-09,13.24,13.4,13.16,13.2,429019.0,5689502.0
2012-04-10,13.15,13.72,13.15,13.71,1349496.0,18239512.0
2012-04-11,13.49,14.07,13.49,14.05,1095534.0,15146300.0
2012-04-12,14.24,14.24,13.95,14.18,852835.0,12021058.0
2012-04-13,14.17,14.57,14.12,14.55,718974.0,10344531.0
2012-04-16,14.56,14.67,14.39,14.51,597000.0,8659587.0
2012-04-17,14.38,14.48,14.16,14.19,431100.0,6189987.0
2012-04-19,14.55,14.56,14.22,14.25,661048.0,9492651.0
2012-04-20,14.29,14.38,14.01,14.35,596445.0,8500788.0
2012-04-23,14.32,14.35,13.51,13.78,1237859.0,17048988.0
2012-04-24,13.42,13.75,13.0,13.4,627130.0,8342969.0
2012-04-25,13.4,13.69,13.28,13.6,327035.0,4407289.0
2012-04-26,13.79,13.85,13.64,13.76,424992.0,5844032.0
2012-04-27,13.71,13.9,13.42,13.68,426672.0,5830568.0
2012-05-02,13.82,14.23,13.76,14.21,1122000.0,15628573.0
2012-05-03,14.12,14.25,14.05,14.08,1166420.0,16465448.0
2012-05-04,14.0,14.57,13.93,14.52,741444.0,10596430.0
2012-05-07,14.38,14.84,14.37,14.68,1543436.0,22658290.0
2012-05-08,14.57,14.83,14.57,14.74,680720.0,10039261.0
2012-05-09,14.74,14.74,14.44,14.57,589746.0,8573322.0
2012-05-10,14.54,14.79,14.42,14.75,475280.0,6954960.0
2012-05-11,14.65,15.0,14.54,14.98,829355.0,12297760.0
2012-05-14,15.0,15.09,14.86,14.86,454152.0,6802583.0
2012-05-15,14.65,14.96,14.51,14.93,234657.0,3472441.0
2012-05-16,14.93,15.04,14.81,14.82,269576.0,4009184.0
2012-05-17,14.9,15.0,14.75,14.99,377542.0,5614387.0
2012-05-18,15.0,15.11,14.78,14.98,767332.0,11309873.0
2012-05-21,15.02,15.09,14.78,15.0,304740.0,4474172.0
2012-05-22,15.0,15.86,14.9,15.71,783359.0,11974795.0
2012-05-23,15.57,15.98,15.44,15.76,867862.0,13376663.0
2012-05-24,15.71,15.79,15.5,15.56,316929.0,4888590.0
2012-05-25,15.52,15.54,14.96,15.1,526156.0,7939893.0
2012-05-28,15.09,15.57,14.72,15.45,504598.0,7505246.0
2012-05-29,15.45,16.01,15.45,15.62,662734.0,10328467.0
2012-05-30,15.56,16.0,15.56,15.74,604754.0,9455026.0
2012-05-31,15.78,16.17,15.66,15.96,425911.0,6718122.0
2012-06-01,15.96,16.22,15.89,16.03,420280.0,6636250.0
2012-06-04,15.88,15.89,15.41,15.61,493200.0,7598334.0
2012-06-05,15.51,15.88,15.51,15.59,198292.0,3056190.0
2012-06-06,15.52,15.71,15.44,15.58,211950.0,3252227.0
2012-06-07,15.61,15.71,15.38,15.45,322074.0,4919300.0
2012-06-08,15.56,15.66,15.42,15.51,242623.0,3716033.0
2012-06-11,15.66,15.86,15.44,15.72,442856.0,6887625.0
2012-06-12,15.71,15.99,15.71,15.97,534710.0,8395144.0
2012-06-13,16.01,16.15,15.82,16.11,686176.0,10844376.0
2012-06-14,16.01,16.48,15.82,16.41,920010.0,14638121.0
2012-06-15,16.43,16.52,16.15,16.38,458369.0,7414384.0
2012-06-18,16.44,16.46,16.07,16.2,589099.0,9411559.0
2012-06-19,16.25,16.52,16.05,16.17,307700.0,4923354.0
2012-06-20,16.09,16.4,16.09,16.39,313782.0,5035736.0
2012-06-21,16.4,16.4,15.91,16.09,296401.0,4689372.0
2012-06-25,16.09,16.31,15.2,15.21,315700.0,4876311.0
2012-06-26,15.25,15.38,15.05,15.25,227401.0,3412334.0
2012-06-27,15.32,15.41,15.08,15.21,309479.0,4650919.0
2012-06-28,15.31,15.49,15.2,15.21,243301.0,3680523.0
2012-06-29,15.16,15.71,15.02,15.71,385700.0,5889470.0
2012-07-02,15.76,16.21,15.61,16.01,352450.0,5566863.0
2012-07-03,16.09,16.22,15.93,16.04,196665.0,3113460.0
2012-07-04,16.09,16.16,15.77,16.01,169491.0,2663546.0
2012-07-05,15.92,15.92,15.3,15.81,222632.0,3429461.0
2012-07-06,15.76,16.16,15.54,16.11,221591.0,3465908.0
2012-07-09,15.95,16.31,15.87,15.92,310344.0,4951268.0
2012-07-10,15.79,16.03,15.71,15.71,177328.0,2763481.0
2012-07-11,15.56,15.88,15.46,15.7,262150.0,4036624.0
2012-07-12,15.68,15.95,15.38,15.76,351404.0,5407782.0
2012-07-13,16.06,16.19,15.9,16.07,475656.0,7521451.0
2012-07-16,16.32,16.32,15.34,15.56,651330.0,10074503.0
2012-07-17,15.56,15.57,14.81,15.37,518241.0,7781280.0
2012-07-18,15.3,15.38,15.02,15.37,236934.0,3557343.0
2012-07-19,15.37,15.87,15.26,15.51,454304.0,6978406.0
2012-07-20,15.51,15.53,15.36,15.44,243114.0,3697440.0
2012-07-23,15.44,16.48,15.22,16.35,1173124.0,18586700.0
2012-07-24,16.3,16.54,16.21,16.47,946387.0,15336837.0
2012-07-25,16.38,17.26,16.38,16.62,1439775.0,23999886.0
2012-07-26,16.59,17.35,16.55,17.03,2212017.0,37343080.0
2012-07-27,17.12,17.17,16.65,16.86,562640.0,9352825.0
2012-07-30,16.89,17.11,16.3,16.42,444095.0,7270428.0
2012-07-31,16.37,16.5,15.94,16.15,410449.0,6544394.0
2012-08-01,16.15,16.8,16.15,16.57,378640.0,6184907.0
2012-08-02,16.37,17.2,16.37,16.82,718791.0,11979966.0
2012-08-03,16.89,17.21,16.86,17.16,585905.0,9879227.0
2012-08-06,16.98,17.37,16.86,17.06,891509.0,15042829.0
2012-08-07,17.07,17.82,17.06,17.66,1154063.0,20024350.0
2012-08-08,17.23,17.33,16.59,16.77,1496442.0,24978774.0
2012-08-09,16.77,17.13,16.59,16.98,1171549.0,19582484.0
2012-08-10,16.98,17.42,16.94,17.14,1878169.0,31749634.0
2012-08-13,17.18,17.21,16.76,16.93,900750.0,15068555.0
2012-08-14,16.72,16.91,16.38,16.8,708553.0,11597694.0
2012-08-15,16.86,16.98,16.63,16.72,385606.0,6398440.0
2012-08-16,16.64,16.79,16.52,16.72,226966.0,3734010.0
2012-08-17,16.47,16.72,16.42,16.58,191531.0,3126038.0
2012-08-20,16.58,16.7,16.22,16.62,264168.0,4272683.0
2012-08-21,16.49,16.96,16.49,16.91,519166.0,8620486.0
2012-08-22,16.94,17.03,16.41,16.62,633383.0,10485847.0
2012-08-23,16.5,16.69,16.33,16.57,433178.0,7053622.0
2012-08-24,16.47,16.77,16.32,16.32,343604.0,5615334.0
2012-08-27,16.23,16.4,15.01,15.25,1015819.0,15629229.0
2012-08-28,15.03,15.18,14.4,14.77,1279528.0,18562232.0
2012-08-29,14.68,14.86,14.41,14.75,1112973.0,16012637.0
2012-08-30,14.71,14.8,14.32,14.8,625343.0,9016639.0
2012-08-31,14.8,15.16,14.62,15.0,378921.0,5576354.0
2012-09-03,14.97,15.38,14.75,15.2,404207.0,6061906.0
2012-09-04,15.21,15.49,15.21,15.36,510420.0,7729479.0
2012-09-05,15.04,15.73,14.91,15.55,460554.0,7042592.0
2012-09-06,15.61,15.67,15.43,15.65,269318.0,4147560.0
2012-09-07,15.71,16.18,15.71,15.88,733831.0,11615364.0
2012-09-10,15.91,16.11,15.72,16.03,303189.0,4783723.0
2012-09-11,15.94,16.06,15.89,15.96,298410.0,4703792.0
2012-09-12,16.0,16.15,15.54,15.7,204261.0,3182996.0
2012-09-13,15.78,15.78,15.56,15.56,207205.0,3193742.0
2012-09-14,15.54,15.76,15.44,15.54,191876.0,2943775.0
2012-09-17,15.52,15.52,15.11,15.2,172982.0,2615410.0
2012-09-18,15.03,15.51,14.71,15.3,158000.0,2399823.0
2012-09-19,15.49,15.86,15.31,15.69,139120.0,2136889.0
2012-09-20,15.54,16.29,15.52,15.57,348999.0,5427975.0
2012-09-21,15.7,15.7,15.25,15.51,157009.0,2397686.0
2012-09-24,15.51,15.76,15.0,15.65,196799.0,2984984.0
2012-09-25,15.51,15.7,15.15,15.31,126685.0,1927261.0
2012-09-26,15.5,15.5,14.82,15.17,105000.0,1565431.0
2012-09-27,14.97,15.5,14.97,15.43,196698.0,2970735.0
2012-09-28,15.23,16.93,15.18,15.9,426960.0,6713729.0
2012-10-08,15.81,15.81,15.2,15.51,317201.0,4830953.0
2012-10-09,15.51,15.99,15.5,15.86,215776.0,3354253.0
2012-10-10,15.71,16.01,15.67,15.94,228932.0,3592460.0
2012-10-11,15.96,15.99,15.19,15.36,417293.0,6415916.0
2012-10-12,15.21,15.52,15.21,15.49,192792.0,2925810.0
2012-10-15,15.63,15.76,15.47,15.61,349728.0,5372661.0
2012-10-16,15.75,16.11,15.66,15.98,837498.0,13211786.0
2012-10-17,16.04,16.04,15.71,15.85,650075.0,10161962.0
2012-10-18,15.83,16.42,15.83,16.27,896530.0,14299645.0
2012-10-19,16.18,16.52,16.12,16.26,522451.0,8403482.0
2012-10-22,16.28,16.37,15.69,16.27,490351.0,7821312.0
2012-10-23,16.17,16.46,15.96,16.09,317709.0,5081459.0
2012-10-24,16.27,16.27,15.69,15.77,808785.0,12683216.0
2012-10-25,15.82,15.89,15.51,15.64,360342.0,5571909.0
2012-10-26,15.68,15.68,15.18,15.24,479700.0,7253670.0
2012-10-29,15.34,15.35,15.15,15.24,204167.0,3065305.0
2012-10-30,15.21,15.55,15.21,15.55,153102.0,2329623.0
2012-10-31,15.52,15.58,15.41,15.56,82600.0,1262147.0
2012-11-01,15.51,16.03,15.51,15.99,771818.0,12108624.0
2012-11-02,16.0,16.06,15.88,16.0,394314.0,6219313.0
2012-11-05,15.92,16.31,15.91,16.03,458310.0,7294143.0
2012-11-06,16.01,16.28,15.96,16.0,403027.0,6399446.0
2012-11-07,16.03,16.32,15.88,16.22,548871.0,8769587.0
2012-11-08,16.18,16.22,15.78,15.78,157700.0,2491417.0
2012-11-09,15.78,15.78,15.52,15.6,268842.0,4148946.0
2012-11-12,15.66,15.71,15.42,15.61,250717.0,3858333.0
2012-11-13,15.61,15.61,15.36,15.43,223023.0,3398020.0
2012-11-14,15.43,15.59,15.34,15.58,126138.0,1921356.0
2012-11-15,15.44,15.86,15.44,15.61,258829.0,3997203.0
2012-11-16,15.61,15.81,15.49,15.72,202691.0,3132771.0
2012-11-19,15.72,15.91,15.56,15.85,217804.0,3372833.0
2012-11-20,15.85,16.0,15.78,15.84,144502.0,2260304.0
2012-11-21,15.86,15.95,15.67,15.95,193289.0,3018910.0
2012-11-22,15.88,16.04,15.69,16.01,341496.0,5355804.0
2012-11-23,16.01,16.02,15.82,15.91,95191.0,1498460.0
2012-11-26,15.95,15.95,15.7,15.71,86099.0,1344439.0
2012-11-27,15.56,15.66,15.03,15.12,302393.0,4556414.0
2012-11-28,14.95,15.16,14.92,14.92,173892.0,2574296.0
2012-11-29,15.05,15.15,14.85,14.98,126490.0,1870066.0
2012-11-30,15.0,15.17,14.9,15.13,160560.0,2382539.0
2012-12-03,15.13,15.15,15.01,15.09,141600.0,2109733.0
2012-12-04,14.93,15.12,14.76,15.11,206350.0,3056372.0
2012-12-05,15.1,15.81,15.1,15.61,272328.0,4195126.0
2012-12-06,15.74,15.75,15.56,15.71,173984.0,2684272.0
2012-12-07,15.68,16.15,15.66,15.91,343339.0,5392475.0
2012-12-10,16.02,16.3,15.92,16.09,503855.0,8016518.0
2012-12-11,16.19,16.19,15.97,16.05,224906.0,3565503.0
2012-12-12,15.94,16.82,15.94,16.42,819905.0,13286917.0
2012-12-13,16.44,16.45,15.93,16.01,276854.0,4416760.0
2012-12-14,16.11,16.62,16.09,16.51,721283.0,11701774.0
2012-12-17,16.46,16.9,16.34,16.48,558315.0,9129790.0
2012-12-18,16.48,16.6,16.29,16.36,352050.0,5721162.0
2012-12-19,16.37,16.47,16.27,16.39,302608.0,4890134.0
2012-12-20,16.39,16.68,16.28,16.68,520814.0,8498531.0
2012-12-21,16.7,17.09,16.23,17.0,946150.0,15641137.0
2012-12-24,17.01,17.08,16.77,17.03,590948.0,9886125.0
2012-12-25,16.97,17.61,16.78,17.49,798287.0,13524610.0
2012-12-26,17.47,17.53,17.24,17.51,756048.0,12964089.0
2012-12-27,17.51,17.93,17.27,17.69,1403182.0,24428712.0
2012-12-28,17.69,18.12,17.64,18.12,1556862.0,27581942.0
2012-12-31,18.22,18.75,17.77,17.89,1737300.0,31264536.0
2013-01-04,18.15,18.24,17.64,18.08,1017226.0,18031624.0
2013-01-07,18.04,19.21,17.96,18.89,1402452.0,25902164.0
2013-01-08,19.01,19.01,18.53,18.63,1047691.0,19320792.0
2013-01-09,18.72,18.82,18.15,18.41,1003893.0,18331126.0
2013-01-10,18.47,18.85,18.14,18.28,972290.0,17708706.0
2013-01-11,18.3,18.52,18.14,18.29,1375996.0,24878136.0
2013-01-14,18.32,19.0,18.07,18.77,1409215.0,25775816.0
2013-01-15,18.84,19.03,18.62,18.87,1194487.0,22181174.0
2013-01-16,18.78,18.8,18.12,18.38,895480.0,16277227.0
2013-01-17,18.34,18.34,17.87,18.12,774414.0,13786160.0
2013-01-18,18.36,19.11,18.36,19.11,1633437.0,30262718.0
2013-01-21,19.26,20.06,19.16,19.66,1671821.0,32624484.0
2013-01-22,19.51,19.74,19.14,19.54,621203.0,11896434.0
2013-01-23,19.46,19.71,19.16,19.7,755380.0,14490066.0
2013-01-24,19.72,20.15,18.95,19.03,1006316.0,19336882.0
2013-01-25,19.0,19.79,18.96,19.55,1339170.0,25860828.0
2013-01-28,19.49,20.39,19.36,20.37,1157418.0,22862330.0
2013-01-29,20.16,20.85,20.08,20.16,1558086.0,31433186.0
2013-01-30,20.52,20.52,19.94,20.07,1609250.0,32153238.0
2013-01-31,19.98,20.24,19.96,20.11,982678.0,19466072.0
2013-02-01,20.11,21.21,19.99,20.95,1175532.0,24203006.0
2013-02-04,20.78,21.18,20.47,20.57,892571.0,18300358.0
2013-02-05,20.54,20.85,20.22,20.69,496990.0,10074022.0
2013-02-06,20.85,20.93,20.5,20.86,366332.0,7481833.0
2013-02-07,20.66,21.17,20.66,21.12,321825.0,6640590.0
2013-02-08,21.08,22.5,21.08,22.38,796212.0,17184906.0
2013-02-18,22.4,23.29,21.92,22.39,1563059.0,34797664.0
2013-02-19,22.11,22.32,21.34,21.48,1216956.0,26046964.0
2013-02-20,21.27,22.23,21.27,22.2,989197.0,21150002.0
2013-02-21,21.95,22.09,20.94,20.96,1043219.0,22020964.0
2013-02-22,20.83,21.59,20.78,20.99,1078796.0,22546292.0
2013-02-25,20.99,21.56,20.78,21.36,714087.0,14949950.0
2013-02-26,21.39,21.84,20.68,20.8,1296997.0,27107542.0
2013-02-27,20.87,21.16,20.12,20.29,964453.0,19461576.0
2013-02-28,19.71,20.18,19.31,20.1,2622295.0,51297868.0
2013-03-01,20.03,21.36,20.03,21.28,1523578.0,31142420.0
2013-03-04,20.96,22.15,20.88,21.15,1779231.0,37714940.0
2013-03-05,21.22,21.79,20.89,21.72,858662.0,18114548.0
2013-03-06,21.86,21.94,21.34,21.46,1084701.0,23093754.0
2013-03-07,21.49,21.9,20.17,20.27,1480611.0,30579122.0
2013-03-08,20.28,20.66,19.97,19.99,709815.0,14136486.0
2013-03-11,19.99,20.55,19.99,20.27,510517.0,10219541.0
2013-03-12,20.28,20.35,19.18,19.36,921931.0,17828974.0
2013-03-13,19.36,20.42,19.27,19.76,1033958.0,20338964.0
2013-03-14,19.82,20.17,19.72,19.78,229500.0,4525121.0
2013-03-15,20.09,20.54,19.97,20.24,1019602.0,20453402.0
2013-03-18,20.36,20.36,19.75,20.07,643897.0,12695930.0
2013-03-19,20.05,20.22,19.44,19.86,542860.0,10592215.0
2013-03-20,19.86,21.85,19.64,21.42,1957679.0,39954040.0
2013-03-21,21.21,21.56,20.99,21.38,978477.0,20576006.0
2013-03-22,21.34,21.53,21.1,21.32,645622.0,13571900.0
2013-03-25,21.32,21.68,21.16,21.18,635416.0,13434808.0
2013-03-26,21.08,21.46,20.68,21.19,622154.0,12900025.0
2013-03-27,21.2,21.42,20.27,20.55,923372.0,18982522.0
2013-03-28,20.48,20.48,19.39,19.67,821195.0,16050168.0
2013-03-29,19.59,19.84,19.52,19.54,565202.0,10970519.0
2013-04-01,19.64,20.35,19.37,20.17,957263.0,18877644.0
2013-04-02,20.25,20.27,19.38,19.92,1076215.0,21086274.0
2013-04-03,19.77,19.77,19.26,19.42,390401.0,7523475.0
2013-04-08,18.75,19.56,18.75,19.44,640864.0,12199278.0
2013-04-09,19.44,20.03,19.44,19.64,466272.0,9084645.0
2013-04-10,19.59,20.27,19.41,20.07,615443.0,12114005.0
2013-04-11,20.11,20.97,20.11,20.54,786906.0,16010215.0
2013-04-12,20.54,20.79,19.98,20.45,1568394.0,31380990.0
2013-04-15,20.45,20.45,19.61,19.76,455200.0,8914438.0
2013-04-16,19.75,20.66,18.85,20.26,1135295.0,22241738.0
2013-04-17,20.2,20.42,19.95,20.27,1022665.0,20291790.0
2013-04-18,20.23,20.25,20.01,20.17,395000.0,7837708.0
2013-04-19,20.27,20.96,20.27,20.78,852989.0,17464138.0
2013-04-22,20.7,21.13,20.55,20.98,901337.0,18551022.0
2013-04-23,21.15,21.15,19.93,20.19,836910.0,16844698.0
2013-04-24,20.34,20.75,20.17,20.68,470219.0,9488375.0
2013-04-25,20.88,21.46,20.13,20.14,929223.0,19244678.0
2013-04-26,20.19,20.47,19.46,19.69,694726.0,13533086.0
2013-05-02,19.69,20.81,19.69,20.47,698960.0,14093276.0
2013-05-03,20.36,20.77,20.1,20.27,2055829.0,41551652.0
2013-05-06,20.25,21.15,20.13,21.09,1754926.0,35826276.0
2013-05-07,21.03,21.59,20.89,21.14,1018507.0,21302862.0
2013-05-08,21.27,21.55,20.95,21.39,867911.0,18258620.0
2013-05-09,21.39,21.68,20.88,21.23,1066095.0,22431012.0
2013-05-10,21.11,21.66,20.94,21.54,1022520.0,21582738.0
2013-05-13,21.61,21.68,21.08,21.53,730161.0,15357913.0
2013-05-14,21.53,22.25,21.18,21.34,1286776.0,27486850.0
2013-05-15,21.41,21.42,20.81,21.18,1782269.0,37120452.0
2013-05-16,21.19,21.23,19.46,20.09,3075038.0,61769564.0
2013-05-17,20.12,20.47,19.88,20.46,1412581.0,28200958.0
2013-05-20,20.52,21.22,20.3,21.08,1311183.0,26951258.0
2013-05-21,21.17,21.64,21.03,21.55,1221274.0,25799926.0
2013-05-22,21.57,21.57,20.88,21.04,959519.0,20054496.0
2013-05-23,21.08,21.34,20.18,20.23,1658132.0,34022484.0
2013-05-24,20.28,22.04,20.28,22.04,2520974.0,53046420.0
2013-05-27,22.18,22.78,21.84,22.58,2609979.0,57523772.0
2013-05-28,22.39,22.39,21.32,21.49,3440307.0,73469328.0
2013-05-29,21.5,22.28,21.34,21.94,1588023.0,34302684.0
2013-05-30,21.79,23.21,21.78,22.99,2535518.0,57061300.0
2013-05-31,23.01,25.29,23.01,25.29,6246254.0,151149120.0
2013-06-03,26.16,26.73,25.37,25.64,7651618.0,196028640.0
2013-06-04,25.59,25.95,24.83,25.46,3238588.0,81226192.0
2013-06-05,25.39,27.45,25.39,26.75,6216469.0,163207888.0
2013-06-06,26.15,26.99,25.84,26.71,2213366.0,57470168.0
2013-06-07,26.71,27.57,26.16,26.3,2244881.0,59413156.0
2013-06-13,26.12,26.81,24.68,26.28,3192463.0,82215680.0
2013-06-14,26.33,27.14,26.05,26.57,2363636.0,61929136.0
2013-06-17,26.81,27.83,26.17,27.83,2664796.0,71261440.0
2013-06-18,27.19,27.95,26.91,27.36,1640705.0,44241612.0
2013-06-19,26.87,27.24,26.0,26.27,1451635.0,37837312.0
2013-06-20,26.27,26.61,24.07,24.63,2198486.0,54833800.0
2013-06-21,24.24,24.84,23.39,24.43,1409402.0,33377802.0
2013-06-24,24.12,24.45,22.31,22.8,1531903.0,35342460.0
2013-06-25,22.69,23.82,21.68,23.51,2140489.0,47851952.0
2013-06-26,23.51,24.4,23.51,24.36,1603944.0,37937472.0
2013-06-27,24.36,24.72,22.77,22.78,1697093.0,39927128.0
2013-06-28,22.75,22.86,21.49,22.0,3046663.0,66209088.0
2013-07-01,21.72,23.87,21.72,23.3,1517050.0,33861252.0
2013-07-02,23.3,24.09,22.92,23.5,2505186.0,57972368.0
2013-07-03,23.31,24.31,22.8,23.23,1733556.0,39764252.0
2013-07-04,23.11,23.73,22.99,23.23,1597481.0,36843232.0
2013-07-05,23.54,23.99,22.91,23.49,1606602.0,37300996.0
2013-07-08,23.31,23.31,22.42,22.5,584885.0,13132153.0
2013-07-09,22.48,22.86,20.28,20.92,2896144.0,61002628.0
2013-07-10,20.51,20.78,19.21,20.78,4714942.0,93078136.0
2013-07-11,20.41,21.49,19.95,20.95,2554595.0,52215676.0
2013-07-12,20.86,21.36,20.69,20.78,1488675.0,30898440.0
2013-07-15,20.78,21.76,20.72,21.64,2070986.0,43300540.0
2013-07-16,21.43,21.88,21.14,21.32,1741618.0,36794792.0
2013-07-17,21.45,21.56,20.59,21.03,1634411.0,34156716.0
2013-07-18,20.88,20.88,19.81,20.61,1366303.0,27512626.0
2013-07-19,20.61,20.76,19.84,19.97,1775553.0,35652568.0
2013-07-22,19.76,20.74,19.4,20.41,1370876.0,27209714.0
2013-07-23,20.4,21.03,20.27,20.62,2214368.0,45042008.0
2013-07-25,21.14,21.75,20.15,20.18,2851417.0,58780100.0
2013-07-26,19.76,20.06,19.27,19.7,1460253.0,28343266.0
2013-07-29,19.64,20.2,19.52,19.71,660697.0,12922050.0
2013-07-30,19.73,20.05,19.29,19.41,801820.0,15420727.0
2013-07-31,19.46,19.66,19.35,19.35,657253.0,12605704.0
2013-08-01,19.48,20.78,19.34,20.36,1978024.0,39449696.0
2013-08-02,20.52,20.96,20.37,20.62,1558050.0,31739994.0
2013-08-05,20.64,20.92,20.57,20.85,926410.0,19028432.0
2013-08-06,20.85,21.04,20.57,20.81,969604.0,19901318.0
2013-08-07,20.81,20.81,19.74,19.79,2280811.0,45259052.0
2013-08-08,19.86,20.08,19.61,20.08,923199.0,18150166.0
2013-08-09,20.25,20.26,19.45,20.01,797679.0,15644938.0
2013-08-12,19.94,20.13,19.49,19.92,925780.0,18145202.0
2013-08-13,20.02,21.89,19.98,21.34,2833070.0,59244236.0
2013-08-14,21.28,21.44,20.83,21.01,1205078.0,25076282.0
2013-08-15,20.99,21.6,20.93,21.22,1685516.0,35329108.0
2013-08-16,21.18,21.44,20.32,20.47,1504898.0,31170424.0
2013-08-19,20.18,21.71,20.02,21.36,1365127.0,28609276.0
2013-08-20,21.28,21.94,21.17,21.7,1708268.0,36502832.0
2013-08-21,21.5,21.91,21.45,21.79,988221.0,21120862.0
2013-08-22,21.7,21.97,21.41,21.54,907636.0,19469458.0
2013-08-23,21.78,21.78,20.94,21.29,1147502.0,24098902.0
2013-08-26,21.36,22.17,21.36,22.15,1906881.0,41054324.0
2013-08-27,22.15,22.68,21.97,22.5,1691017.0,37414192.0
2013-08-28,22.4,22.79,22.12,22.5,1478645.0,32869354.0
2013-08-29,22.53,23.08,22.11,23.08,1344149.0,29883804.0
2013-08-30,22.86,24.32,22.86,24.25,3627646.0,84878296.0
2013-09-02,24.95,25.27,24.0,24.73,4834546.0,117666176.0
2013-09-03,24.41,24.86,24.07,24.79,2526366.0,60967480.0
2013-09-04,24.72,24.92,24.17,24.59,1436313.0,34664564.0
2013-09-05,24.64,24.64,23.84,23.92,1705825.0,40544188.0
2013-09-06,23.92,24.06,23.51,24.02,902522.0,21213358.0
2013-09-09,23.95,24.48,23.8,23.94,1292613.0,30699080.0
2013-09-10,23.93,23.93,23.32,23.33,1852006.0,43021648.0
2013-09-11,23.21,23.57,22.6,23.11,1274617.0,28999324.0
2013-09-12,23.06,23.46,22.89,23.12,836321.0,19129474.0
2013-09-13,23.01,23.77,22.81,23.59,768470.0,17738832.0
2013-09-16,23.61,23.97,23.31,23.48,953394.0,22327540.0
2013-09-17,23.51,24.12,23.28,23.28,369235.0,8567233.0
2013-09-18,23.28,24.04,22.8,24.01,658561.0,15426684.0
2013-09-23,24.2,24.29,23.8,24.2,985474.0,23340950.0
2013-09-24,24.07,25.32,23.87,23.95,874510.0,20854924.0
2013-09-25,23.84,23.98,23.13,23.81,969930.0,22485828.0
2013-09-26,23.41,23.74,22.86,22.96,882728.0,20120802.0
2013-09-27,22.8,23.39,22.62,23.16,509422.0,11579405.0
2013-09-30,23.35,23.72,23.01,23.26,589417.0,13457106.0
2013-10-08,23.05,23.65,22.75,23.44,590363.0,13463627.0
2013-10-09,23.43,24.18,23.41,23.61,1591429.0,37430760.0
2013-10-10,23.67,23.81,22.48,22.91,1497734.0,33902564.0
2013-10-11,23.0,23.16,22.69,22.95,916934.0,20783976.0
2013-10-14,23.14,23.51,22.93,23.38,1092774.0,24986708.0
2013-10-15,23.46,23.8,23.19,23.77,1520757.0,35369352.0
2013-10-16,23.78,23.89,22.6,22.98,879462.0,19969410.0
2013-10-17,23.02,23.36,23.02,23.05,456633.0,10428961.0
2013-10-18,23.14,23.14,22.72,23.05,460169.0,10413921.0
2013-10-21,23.02,23.55,22.75,23.5,797265.0,18316284.0
2013-10-22,23.43,24.58,23.43,24.07,1330094.0,31549726.0
2013-10-23,24.1,24.12,23.09,23.31,994047.0,23022432.0
2013-10-24,23.21,23.33,22.92,23.11,456800.0,10438738.0
2013-10-25,23.16,23.26,22.2,22.35,626243.0,14018612.0
2013-10-28,22.49,23.13,22.22,23.13,793737.0,17544034.0
2013-10-29,22.84,23.1,21.67,22.41,442327.0,9750715.0
2013-10-30,22.32,22.96,22.15,22.76,269008.0,6009803.0
2013-10-31,22.96,24.05,22.64,23.59,1710365.0,39838916.0
2013-11-01,23.44,24.12,23.34,23.83,801737.0,18778854.0
2013-11-04,23.97,24.32,23.68,24.12,960549.0,22799874.0
2013-11-05,24.12,24.6,23.62,24.34,994394.0,23691334.0
2013-11-06,24.32,24.52,23.69,23.71,704976.0,16709198.0
2013-11-08,24.02,24.06,22.6,22.91,760049.0,17431784.0
2013-11-11,23.02,24.32,22.84,24.32,1065060.0,24735308.0
2013-11-12,24.61,26.14,24.34,25.54,2216305.0,55211672.0
2013-11-13,25.32,25.88,25.07,25.6,1497119.0,37734852.0
2013-11-14,25.37,26.61,25.35,25.76,1787616.0,45879856.0
2013-11-15,25.94,26.79,25.67,26.64,2433334.0,63386864.0
2013-11-18,26.45,26.69,26.06,26.37,1511116.0,39257688.0
2013-11-19,26.2,26.65,25.78,26.24,960208.0,24745786.0
2013-11-20,26.08,26.32,25.72,25.97,693379.0,17728726.0
2013-11-21,25.86,26.4,25.56,26.09,975203.0,25068024.0
2013-11-22,26.11,26.86,26.11,26.22,1357322.0,35625416.0
2013-11-25,26.07,27.87,26.07,26.53,1578237.0,41945552.0
2013-11-26,26.71,27.4,26.35,26.94,1127479.0,29920662.0
2013-11-27,26.94,27.8,26.94,27.54,1328388.0,35979560.0
2013-11-28,27.62,27.8,27.16,27.36,1431872.0,38765956.0
2013-11-29,27.4,28.66,27.4,28.16,2123090.0,58783856.0
2013-12-02,25.94,26.61,25.34,25.34,2056004.0,52221148.0
2013-12-03,24.83,25.03,23.49,25.03,2491429.0,60122012.0
2013-12-04,25.02,25.8,24.69,24.78,1737043.0,43602808.0
2013-12-05,24.38,24.88,23.87,24.23,1080364.0,25885588.0
2013-12-06,24.22,25.31,23.92,24.82,1142213.0,27946024.0
2013-12-09,24.73,25.62,24.73,25.47,1078941.0,27059896.0
2013-12-10,25.6,25.74,23.94,24.18,3458157.0,83180568.0
2013-12-11,24.08,24.11,23.36,23.88,1939103.0,45303896.0
2013-12-12,23.89,25.09,23.89,24.89,2098611.0,51023996.0
2013-12-13,24.89,25.31,24.43,25.18,627142.0,15482844.0
2013-12-16,25.14,26.0,24.91,25.73,1363350.0,34305600.0
2013-12-17,25.51,25.77,24.88,25.24,507197.0,12623626.0
2013-12-18,25.26,25.42,24.68,24.7,536153.0,13208484.0
2013-12-19,24.73,25.03,24.51,24.63,379682.0,9282842.0
2013-12-20,24.49,24.84,24.39,24.64,479650.0,11633659.0
2013-12-23,24.32,24.64,23.84,24.43,558597.0,13396772.0
2013-12-24,24.53,24.9,24.46,24.57,674430.0,16422434.0
2013-12-25,24.81,26.21,24.73,26.1,1432474.0,36373432.0
2013-12-26,26.17,26.79,25.79,25.79,1466753.0,38178320.0
2013-12-27,25.56,27.14,25.56,26.81,1259499.0,33045200.0
2013-12-30,27.36,29.38,27.21,27.87,2129841.0,59052236.0
2013-12-31,27.87,28.56,27.18,27.81,1439938.0,39641980.0
2014-01-02,27.4,28.16,26.96,27.96,1438422.0,39168188.0
2014-01-03,27.67,27.95,27.11,27.24,1090385.0,29460532.0
2014-01-06,27.14,27.24,25.9,26.28,2009152.0,52312304.0
2014-01-07,26.09,26.86,25.88,26.71,1215953.0,31724224.0
2014-01-08,26.98,27.66,26.98,27.23,1801558.0,48807556.0
2014-01-09,27.17,28.13,26.06,26.2,1381684.0,37241460.0
2014-01-10,25.95,26.54,25.14,25.48,808082.0,20575782.0
2014-01-13,25.6,26.14,25.34,26.0,459610.0,11724929.0
2014-01-14,26.15,27.19,26.15,27.13,1796783.0,47636040.0
2014-01-15,26.94,27.73,26.94,27.26,1261153.0,34188108.0
2014-01-16,27.27,28.02,27.26,27.32,1361135.0,37052104.0
2014-01-17,27.32,27.32,25.64,26.55,2119351.0,55094008.0
2014-01-20,26.17,26.65,25.69,26.18,497396.0,12828389.0
2014-01-21,26.2,26.61,26.01,26.4,487540.0,12674789.0
2014-01-22,26.37,26.87,26.37,26.86,878776.0,23080968.0
2014-01-23,26.87,27.43,26.66,26.78,999700.0,26659336.0
2014-01-24,26.65,27.47,26.38,27.44,1337721.0,35800400.0
2014-01-27,27.57,28.23,27.44,27.63,1416523.0,38872708.0
2014-01-28,27.72,27.74,26.76,27.18,590729.0,15828018.0
2014-01-29,27.39,27.84,27.21,27.26,567430.0,15407924.0
2014-01-30,27.56,27.56,27.03,27.41,395335.0,10654374.0
2014-02-07,26.93,28.97,26.92,28.97,1360259.0,38020208.0
2014-02-10,28.43,29.43,28.05,29.02,2351881.0,66899924.0
2014-02-11,28.89,29.19,28.47,28.62,1772541.0,50454752.0
2014-02-12,28.77,30.08,28.43,29.9,1422897.0,41434972.0
2014-02-13,29.75,30.39,28.38,28.58,1149323.0,33440166.0
2014-02-14,28.6,29.24,28.02,29.08,1168028.0,33294954.0
2014-02-17,29.19,30.49,29.14,30.46,1877155.0,55881528.0
2014-02-18,30.06,31.11,30.0,30.16,1230941.0,37094744.0
2014-02-19,30.16,30.39,29.19,29.23,749061.0,21885526.0
2014-02-20,29.25,29.25,28.18,28.47,717680.0,20249226.0
2014-02-21,28.5,29.49,28.47,29.04,717973.0,20497016.0
2014-02-24,28.74,29.17,28.18,29.09,562936.0,15920808.0
2014-02-25,28.99,29.86,26.81,27.06,1242800.0,34893464.0
2014-02-26,26.98,27.06,25.56,26.14,1526645.0,39327188.0
2014-02-27,26.06,26.74,25.39,25.54,1453598.0,37630524.0
2014-02-28,25.89,25.91,24.32,25.38,1398265.0,34414068.0
2014-03-03,25.39,26.3,25.39,25.75,596919.0,15189040.0
2014-03-04,25.72,26.2,25.34,25.95,729608.0,18503656.0
2014-03-05,26.12,26.39,25.64,26.06,758752.0,19499688.0
2014-03-06,26.12,26.15,25.34,25.56,732639.0,18465934.0
2014-03-07,25.56,25.62,24.76,24.89,1278327.0,31838368.0
2014-03-10,24.53,24.76,22.4,22.4,4050972.0,91999936.0
2014-03-11,22.27,22.57,21.75,22.16,1659999.0,36155384.0
2014-03-12,22.15,22.64,22.0,22.57,1189554.0,26280092.0
2014-03-13,22.59,23.29,22.55,23.05,1400089.0,31743152.0
2014-03-14,23.05,23.28,22.6,23.16,910033.0,20674098.0
2014-03-17,23.49,24.2,22.68,24.14,903594.0,21184342.0
2014-03-18,24.14,24.41,24.0,24.22,773979.0,18514654.0
2014-03-19,24.15,24.59,23.32,24.32,1039400.0,24424400.0
2014-03-20,24.55,26.55,24.55,25.32,2717695.0,68871312.0
2014-03-21,25.03,25.42,24.56,25.31,1065168.0,26135726.0
2014-03-24,25.2,25.2,24.49,25.09,990819.0,24172604.0
2014-03-25,24.98,25.09,24.61,25.07,565285.0,13878137.0
2014-03-26,24.91,25.77,24.83,25.28,710284.0,17760630.0
2014-03-27,24.84,26.34,24.55,26.34,587199.0,14510886.0
2014-03-28,25.37,25.59,24.71,25.26,829472.0,20695934.0
2014-03-31,24.71,25.43,24.71,25.19,537433.0,13361950.0
2014-04-01,25.19,26.2,25.19,26.13,978368.0,24917858.0
2014-04-02,26.24,26.4,25.74,26.06,415673.0,10723517.0
2014-04-03,26.35,26.35,24.88,25.16,1273705.0,31904130.0
2014-04-04,25.16,25.52,24.73,25.24,473040.0,11789473.0
2014-06-09,25.38,25.38,23.24,24.04,3935129.0,57817420.0
2014-06-10,24.29,25.1,24.06,24.78,2256321.0,33917728.0
2014-06-11,24.47,24.78,23.91,24.32,1671824.0,24866996.0
2014-06-12,24.2,24.43,23.58,23.73,1395536.0,20461632.0
2014-06-13,23.8,24.11,23.8,23.93,928029.0,13602847.0
2014-06-16,24.11,24.88,23.93,24.66,1638468.0,24640354.0
2014-06-17,24.66,24.66,24.04,24.35,1535853.0,22728676.0
2014-06-18,24.35,24.48,24.07,24.17,855640.0,12695717.0
2014-06-19,24.06,24.61,23.63,23.84,1044271.0,15477760.0
2014-06-20,24.17,24.61,23.84,24.61,863161.0,12826355.0
2014-06-23,24.56,25.82,24.32,25.77,2286570.0,35342992.0
2014-06-24,25.48,25.89,25.23,25.43,1042307.0,16285969.0
2014-06-25,25.5,25.73,25.35,25.45,776622.0,12144142.0
2014-06-26,25.45,25.71,25.45,25.56,1186574.0,18575010.0
2014-06-27,25.46,25.79,25.38,25.59,1300963.0,20375568.0
2014-06-30,25.51,25.76,25.35,25.58,1285918.0,20125128.0
2014-07-01,25.76,27.56,25.46,26.94,2206763.0,36181620.0
2014-07-02,26.58,27.07,26.54,26.95,949193.0,15569192.0
2014-07-03,26.69,27.79,26.69,27.56,1423146.0,23961246.0
2014-07-04,27.67,28.29,27.48,28.28,1783097.0,30413726.0
2014-07-07,28.38,28.73,27.85,28.38,1579220.0,27341970.0
2014-07-08,28.06,28.13,27.2,27.8,1147855.0,19350648.0
2014-07-09,27.38,29.11,27.31,27.8,1710975.0,29766900.0
2014-07-10,27.59,28.33,27.59,27.87,692566.0,11811020.0
2014-07-11,27.56,28.26,27.56,28.15,566787.0,9727585.0
2014-07-14,28.34,29.26,28.21,29.08,1150080.0,20319904.0
2014-07-15,29.26,29.36,27.82,28.08,1291229.0,22601982.0
2014-07-16,27.97,28.54,27.33,27.57,1046799.0,17763958.0
2014-07-17,27.36,28.02,27.33,27.49,476663.0,8022842.0
2014-07-18,27.49,27.93,27.31,27.54,442558.0,7484156.0
2014-07-21,27.48,27.48,26.38,26.64,892856.0,14619354.0
2014-07-22,26.49,27.02,26.43,26.97,495609.0,8138001.0
2014-07-23,27.03,27.03,25.84,26.27,1080735.0,17355618.0
2014-07-24,26.3,26.3,25.68,25.89,971770.0,15352700.0
2014-07-25,26.07,26.38,25.73,26.22,483841.0,7731979.0
2014-07-28,26.62,26.79,26.22,26.77,637304.0,10332038.0
2014-07-29,26.67,27.41,26.59,27.34,764535.0,12711632.0
2014-07-30,27.31,28.05,27.31,27.64,1003854.0,17024966.0
2014-07-31,27.56,27.95,27.26,27.44,1132674.0,19032372.0
2014-08-01,27.3,27.67,27.12,27.25,942747.0,15776174.0
2014-08-04,27.23,27.69,27.08,27.56,845562.0,14201819.0
2014-08-05,27.36,27.97,27.36,27.72,1273796.0,21554700.0
2014-08-06,27.74,28.23,27.57,28.16,1005208.0,17197344.0
2014-08-07,28.16,28.64,27.74,27.8,991664.0,17064168.0
2014-08-08,27.92,28.02,27.49,27.7,802435.0,13595917.0
2014-08-11,27.74,28.05,27.7,28.03,778517.0,13300325.0
2014-08-12,28.03,28.11,27.54,27.84,1206297.0,20439112.0
2014-08-13,27.77,27.8,27.28,27.48,1013703.0,17031668.0
2014-08-14,27.49,27.92,27.31,27.52,1092346.0,18485782.0
2014-08-15,27.72,27.97,27.38,27.9,931306.0,15766376.0
2014-08-18,27.9,28.62,27.74,28.57,2175555.0,37611108.0
2014-08-19,28.49,28.87,28.02,28.77,2179623.0,37855732.0
2014-08-20,28.65,28.93,28.31,28.78,1512132.0,26447280.0
2014-08-21,28.75,28.91,28.02,28.47,1330154.0,23163834.0
2014-08-22,28.49,28.6,28.13,28.41,1476512.0,25597540.0
2014-08-25,28.38,28.49,27.72,27.79,2086070.0,35648340.0
2014-08-26,27.79,27.93,26.82,26.94,1533892.0,25580340.0
2014-08-27,26.87,27.13,26.84,26.97,1250869.0,20626352.0
2014-08-28,27.05,27.07,25.97,26.1,1598492.0,25754366.0
2014-08-29,26.1,26.8,25.97,26.66,894268.0,14484238.0
2014-09-01,26.77,27.46,26.66,27.38,1539642.0,25690602.0
2014-09-02,27.44,27.79,27.31,27.79,1582244.0,26585094.0
2014-09-03,27.8,27.97,27.43,27.75,1481006.0,25083710.0
2014-09-04,27.72,28.41,27.51,28.33,2551401.0,43840876.0
2014-09-05,28.29,28.54,28.02,28.33,1987069.0,34262792.0
2014-09-09,28.34,29.03,28.34,28.62,2237329.0,39206084.0
2014-09-10,28.6,28.6,28.11,28.46,2360869.0,40867548.0
2014-09-11,28.46,29.0,28.15,28.78,2683987.0,47002864.0
2014-09-12,28.67,28.7,28.26,28.6,3548904.0,61627500.0
2014-09-15,28.52,28.88,28.29,28.46,2879688.0,50394340.0
2014-09-16,28.46,29.37,28.28,28.28,5005070.0,88486112.0
2014-09-17,28.1,28.41,26.82,27.34,2939483.0,48987764.0
2014-09-18,27.28,27.62,27.15,27.57,1246022.0,20912906.0
2014-09-19,27.67,28.36,27.33,28.28,1679198.0,28526532.0
2014-09-22,28.29,28.77,28.21,28.36,2803189.0,48790368.0
2014-09-23,28.52,29.34,28.52,29.34,3094552.0,54984964.0
2014-09-24,29.45,30.22,28.78,30.17,4063282.0,73613952.0
2014-09-25,30.16,30.29,29.49,30.11,2524867.0,46111772.0
2014-09-26,29.98,30.58,29.52,30.44,3307079.0,60719548.0
2014-09-29,30.4,31.79,30.01,31.29,4898797.0,92744400.0
2014-09-30,31.56,32.35,31.27,31.94,4477880.0,87219936.0
2014-10-08,32.1,32.68,31.32,32.09,3872939.0,75447696.0
2014-10-09,32.07,34.23,31.83,32.84,4807473.0,96414408.0
2014-10-16,30.26,32.38,30.26,30.78,6279132.0,119307032.0
2014-10-17,30.47,31.68,29.29,29.77,3658303.0,67175080.0
2014-10-20,29.96,30.34,29.8,30.12,1790881.0,32911042.0
2014-10-21,30.21,30.21,29.18,29.26,2354249.0,42459480.0
2014-10-22,29.23,31.42,29.23,31.11,5206025.0,97647872.0
2014-10-23,31.07,31.7,30.42,31.66,3299201.0,62640576.0
2014-10-24,31.52,32.64,31.27,31.78,3219550.0,62933312.0
2014-10-27,32.05,32.37,30.88,32.22,2702904.0,52599668.0
2014-10-28,31.76,33.94,31.73,33.82,4472258.0,91279448.0
2014-10-29,33.98,34.28,33.13,33.53,3446806.0,71074400.0
2014-10-30,33.45,33.94,33.15,33.66,2316243.0,47480704.0
2014-10-31,33.51,34.15,32.4,34.0,3129774.0,63897416.0
2014-11-03,34.31,35.13,33.54,34.2,3277725.0,68432336.0
2014-11-04,34.21,34.88,33.22,33.69,2306415.0,47834872.0
2014-11-05,33.31,34.31,33.31,33.85,2064512.0,42641932.0
2014-11-06,33.85,34.25,33.36,33.8,2277426.0,47007352.0
2014-11-07,33.59,34.07,32.51,32.51,2637146.0,53924056.0
2014-11-10,32.71,32.71,31.56,32.55,1535686.0,29968556.0
2014-11-11,32.55,32.55,30.17,30.58,2856199.0,54357112.0
2014-11-12,30.63,31.81,30.32,31.78,1508230.0,28891860.0
2014-11-13,31.78,31.88,30.6,31.53,1877870.0,35998608.0
2014-11-14,31.22,31.38,30.81,30.89,1128960.0,21381580.0
2014-11-17,30.89,31.86,30.83,31.24,913323.0,17541718.0
2014-11-18,31.24,31.81,31.12,31.56,777921.0,14972314.0
2014-11-19,31.61,31.84,31.5,31.58,838959.0,16246549.0
2014-11-20,31.66,31.66,30.88,31.07,955055.0,18215536.0
2014-11-21,30.91,31.61,30.88,31.52,705980.0,13544508.0
2014-11-24,31.56,32.79,31.42,32.66,1970704.0,38817888.0
2014-11-25,32.63,33.2,32.46,33.04,1294677.0,26112966.0
2014-11-26,33.2,33.67,32.76,33.23,1319693.0,26825014.0
2014-11-27,33.36,33.62,32.46,32.63,2051601.0,41276908.0
2014-11-28,32.64,33.2,32.55,32.79,1216813.0,24401012.0
2014-12-01,32.86,32.99,31.43,32.35,1860471.0,36692536.0
2014-12-02,32.2,33.53,32.2,33.38,1516006.0,30617146.0
2014-12-03,33.84,34.0,32.71,33.64,1605029.0,32793570.0
2014-12-04,33.67,35.16,33.04,34.97,3220305.0,66934104.0
2014-12-05,35.6,35.6,33.04,35.11,3921641.0,81928840.0
2014-12-08,34.49,34.82,33.53,33.8,2067963.0,43070128.0
2014-12-09,33.53,33.87,32.05,32.05,2174585.0,43639000.0
2014-12-10,31.78,34.36,31.78,33.97,1416058.0,28900584.0
2014-12-11,33.97,35.82,33.97,35.72,2859738.0,61212632.0
2014-12-12,35.65,36.67,35.21,36.03,2519503.0,55663816.0
2014-12-15,36.31,39.25,36.0,38.4,3439414.0,79012760.0
2014-12-16,38.06,38.6,37.63,37.94,1469038.0,34150972.0
2014-12-17,37.99,38.68,36.14,38.45,1989263.0,45386812.0
2015-02-16,34.88,41.84,34.88,40.69,7315962.0,175505424.0
2015-02-17,40.3,42.26,39.79,42.24,6360931.0,160559392.0
2015-02-25,42.24,42.88,40.89,41.46,3074761.0,78188312.0
2015-02-26,41.07,42.06,40.72,40.8,2771621.0,69527120.0
2015-02-27,40.72,42.46,40.36,41.92,3098794.0,78912352.0
2015-03-02,41.92,45.22,41.62,44.47,5059354.0,133869432.0
2015-03-03,44.45,45.71,43.34,44.44,2922941.0,79488792.0
2015-03-04,44.27,45.6,43.7,44.45,1725011.0,46704948.0
2015-03-05,44.88,45.34,43.67,43.67,1415372.0,38229588.0
2015-03-06,43.68,44.45,41.7,41.82,2155212.0,55922464.0
2015-03-09,41.62,42.44,40.85,42.02,1606042.0,40873736.0
2015-03-10,42.41,44.09,42.08,43.06,2990174.0,79354424.0
2015-03-11,43.63,44.16,41.21,42.03,2699942.0,70193616.0
2015-03-12,42.03,42.47,40.67,40.74,2439616.0,61610380.0
2015-03-13,41.23,41.66,40.85,40.89,2005882.0,50524516.0
2015-03-16,41.3,43.54,41.3,43.34,2762734.0,71710032.0
2015-03-17,43.78,43.78,42.36,43.06,2832432.0,74622336.0
2015-03-18,42.54,44.16,42.54,43.78,1830002.0,48894468.0
2015-03-19,43.77,43.93,42.72,43.47,2738572.0,72103048.0
2015-03-20,43.47,44.65,43.18,44.27,3019749.0,81252928.0
2015-03-23,44.27,44.73,42.96,44.24,4332176.0,115534088.0
2015-03-24,44.11,44.11,42.49,43.19,3928574.0,103905264.0
2015-03-25,43.19,44.57,43.01,43.83,3417682.0,91684520.0
2015-03-26,43.83,43.86,41.7,43.34,3122837.0,82313120.0
2015-03-27,43.27,45.76,43.11,45.56,4589876.0,126253768.0
2015-03-30,45.47,49.42,45.02,48.48,5020834.0,146088416.0
2015-03-31,48.48,50.63,46.3,48.46,3968755.0,119956616.0
2015-04-01,48.48,49.52,47.76,48.98,2426404.0,72473424.0
2015-04-02,48.98,51.03,48.59,50.68,3139947.0,95202664.0
2015-04-03,49.88,55.59,49.69,53.97,3691115.0,120268152.0
2015-04-07,53.63,54.4,52.42,52.91,2470999.0,79893840.0
2015-04-08,52.86,53.07,48.25,49.44,5524739.0,168937376.0
2015-04-09,48.9,50.67,46.71,50.37,3928236.0,115707080.0
2015-04-10,50.09,51.22,48.9,50.6,3215672.0,99098416.0
2015-04-13,50.6,51.68,50.23,51.52,3220921.0,100303656.0
2015-04-14,50.7,51.68,49.06,49.88,2707412.0,83564928.0
2015-04-15,49.72,51.52,47.25,50.37,3868810.0,117036976.0
2015-04-16,49.72,50.7,48.25,49.47,1774627.0,54261612.0
2015-04-17,49.51,50.13,48.49,49.0,1868267.0,56085356.0
2015-04-20,49.02,50.45,47.51,48.57,2232738.0,66957000.0
2015-04-21,48.61,50.49,48.61,50.45,2605089.0,79452728.0
2015-04-22,50.5,51.48,49.82,51.29,2816245.0,87485520.0
2015-04-23,52.76,53.78,50.61,52.79,3563923.0,113366184.0
2015-04-24,51.32,52.33,50.37,51.71,2181958.0,68441968.0
2015-04-27,52.5,52.89,50.63,51.19,2559093.0,79873656.0
2015-04-28,50.86,50.91,48.74,49.51,2168758.0,65928876.0
2015-04-29,49.54,52.78,49.23,52.23,2643801.0,83215024.0
2015-04-30,52.23,52.5,51.35,51.35,1496327.0,47412304.0
2015-05-04,51.2,54.86,50.86,54.71,3073686.0,99244016.0
2015-05-05,53.92,55.73,51.35,52.81,2235964.0,73824064.0
2015-05-06,52.66,54.76,51.51,52.38,1795647.0,58342856.0
2015-05-07,51.19,54.68,50.53,54.02,2640873.0,85222024.0
2015-05-08,53.19,56.6,53.19,56.37,2659230.0,90157104.0
2015-05-11,56.57,57.22,54.79,57.04,3656966.0,125840736.0
2015-05-12,55.8,57.58,55.12,56.24,2524455.0,86297088.0
2015-05-13,55.8,55.81,53.3,54.14,2530491.0,83691032.0
2015-05-14,54.14,55.45,52.91,55.45,2923538.0,96362088.0
2015-05-15,55.2,58.4,53.47,58.09,4368718.0,148914416.0
2015-08-18,52.28,52.28,52.28,52.28,189400.0,6036178.0
2015-08-19,47.05,47.05,47.05,47.05,1104100.0,31665588.0
2015-08-20,45.12,48.56,44.1,44.7,9448389.0,267874416.0
2015-08-21,43.15,44.62,40.26,40.37,5652345.0,144960368.0
2015-08-24,38.11,38.55,36.34,36.34,7112505.0,159023168.0
2015-08-25,33.96,36.58,32.71,32.83,4029149.0,84172480.0
2015-08-26,33.63,35.75,32.15,34.12,4765797.0,98962296.0
2015-08-27,34.76,36.53,33.8,36.47,3960066.0,85456672.0
2015-08-28,36.5,38.21,35.44,37.83,8308427.0,186164240.0
2015-08-31,37.12,37.24,34.45,35.29,5260441.0,114651624.0
2015-09-01,34.55,35.11,32.07,33.34,3531722.0,72337880.0
2015-09-02,32.15,36.67,31.17,36.63,7768727.0,170212112.0
2015-09-07,36.09,38.06,35.6,36.72,5851730.0,130515816.0
2015-09-08,35.93,39.09,35.8,38.22,3608350.0,82296320.0
2015-09-09,38.7,39.87,37.09,37.4,5119422.0,119186696.0
2015-09-10,37.24,38.14,36.62,37.32,2568473.0,58752612.0
2015-09-11,36.96,37.62,36.58,37.24,1969960.0,44677076.0
2015-09-14,37.27,37.55,33.52,33.52,4400800.0,92556328.0
2015-09-15,31.68,33.58,30.55,30.74,2237032.0,43337456.0
2015-09-16,30.83,33.81,30.83,33.81,2165968.0,42339116.0
2015-09-17,33.35,34.48,32.66,32.68,2126474.0,43394804.0
2015-09-18,32.68,33.47,32.29,32.98,1987038.0,39769220.0
2015-09-21,32.4,36.06,32.35,34.98,2735135.0,57228400.0
2015-09-22,34.94,35.8,34.45,35.27,1744142.0,37442528.0
2015-09-23,34.7,35.58,34.27,34.45,1706169.0,36177568.0
2015-09-24,34.48,35.68,34.45,35.16,1691690.0,36139296.0
2015-09-25,35.27,35.76,33.96,35.14,1815202.0,38659492.0
2015-09-28,35.11,36.52,34.37,36.45,1843225.0,39920264.0
2015-09-29,35.6,36.09,34.81,35.93,2189235.0,47399020.0
2015-09-30,35.78,36.06,35.09,35.32,1068615.0,23162246.0
2015-10-08,36.47,37.21,35.85,37.21,4020838.0,89781880.0
2015-10-09,37.22,39.75,37.01,39.0,4774688.0,112409424.0
2015-10-12,39.31,41.33,39.13,40.46,4296421.0,105697112.0
2015-10-13,40.19,40.83,39.37,40.69,2533251.0,62063280.0
2015-10-14,40.39,41.46,39.91,41.42,2778924.0,68920184.0
2015-10-15,40.98,42.26,40.69,41.83,3488903.0,88409192.0
2015-10-16,41.95,42.26,40.03,41.11,3351839.0,84194232.0
2015-10-19,41.18,41.46,39.54,40.0,3120586.0,76510680.0
2015-10-20,40.27,42.31,40.0,41.49,3061029.0,76641240.0
2015-10-21,41.6,42.06,37.91,38.57,3361444.0,82860600.0
2015-10-22,38.59,41.77,38.59,41.18,3306986.0,81966720.0
2015-10-23,41.26,43.84,41.18,43.84,4635700.0,120286296.0
2015-10-26,44.46,45.7,43.47,44.77,5566593.0,151802672.0
2015-10-27,44.62,45.66,43.8,45.33,4428596.0,120762224.0
2015-10-28,44.95,45.69,42.65,43.8,3419789.0,92411640.0
2015-10-29,43.97,44.85,43.44,44.34,2971812.0,80072320.0
2015-10-30,44.34,44.79,42.93,44.28,3317762.0,89128208.0
2015-11-02,43.39,45.9,43.39,44.87,3495153.0,95877624.0
2015-11-03,44.7,45.28,43.98,44.79,1704301.0,46405296.0
2015-11-04,45.05,47.13,44.62,46.95,3190381.0,90039640.0
2015-11-05,46.59,49.54,45.66,46.51,2993034.0,85646568.0
2015-11-06,46.76,47.99,46.56,47.08,2547426.0,73288360.0
2015-11-09,47.2,48.85,46.43,48.64,3707854.0,108019944.0
2015-11-10,48.4,48.48,47.2,47.8,2617286.0,76356464.0
2015-11-11,47.71,48.81,46.53,48.48,3202393.0,92928648.0
2015-11-12,48.22,50.53,48.22,49.41,3705238.0,112067680.0
2015-11-13,48.4,49.2,47.16,47.51,2202614.0,64502180.0
2015-11-16,46.05,48.02,45.97,48.0,1772527.0,50869388.0
2015-11-17,48.17,49.2,46.51,46.92,2292335.0,66755472.0
2015-11-18,46.94,47.35,45.94,45.97,1468178.0,41757700.0
2015-11-19,46.8,48.07,46.2,48.07,2348893.0,67379704.0
2015-11-20,48.12,50.04,47.71,49.36,3263556.0,98122256.0
2015-11-23,49.38,50.04,48.89,49.09,2310819.0,69427584.0
2015-11-24,48.97,51.32,48.89,50.66,3051987.0,93280088.0
2015-11-25,50.27,52.66,50.27,52.33,2808700.0,88398880.0
2015-11-26,52.83,52.96,50.51,51.13,2881825.0,90501512.0
2015-11-27,50.92,51.46,47.54,48.23,2919150.0,88968424.0
2015-11-30,47.71,52.17,45.61,52.15,5025378.0,148171264.0
2015-12-01,52.09,54.63,51.77,52.97,7356967.0,238299760.0
2015-12-02,52.5,52.96,48.89,52.14,4909655.0,153121888.0
2015-12-03,51.82,54.47,51.55,53.97,4028797.0,131577800.0
2015-12-04,53.65,54.61,52.1,53.15,3201055.0,104222344.0
2015-12-07,53.32,54.06,51.68,53.3,1896489.0,61511632.0
2015-12-08,53.12,53.22,50.86,51.1,2123725.0,67164608.0
2015-12-09,50.38,51.61,49.05,50.28,2922890.0,89947544.0
2015-12-10,50.36,50.76,48.85,49.07,2569969.0,77851328.0
2015-12-11,48.61,49.86,48.58,49.18,1637241.0,49236836.0
2015-12-14,48.69,50.5,48.05,50.45,1823513.0,54664852.0
2015-12-15,50.45,52.22,50.2,50.87,1919513.0,60007600.0
2015-12-16,51.05,52.12,51.05,51.59,1858296.0,58516220.0
2015-12-17,52.3,56.11,52.01,55.48,4607593.0,152224224.0
2015-12-18,55.16,59.88,55.09,58.8,5104613.0,178741040.0
2015-12-21,59.22,63.9,58.83,61.52,5875422.0,220188736.0
2015-12-22,60.49,61.5,58.52,60.99,3587730.0,130607264.0
2015-12-23,60.5,61.41,59.83,60.37,2360429.0,87163120.0
2015-12-24,59.77,60.54,57.42,59.65,2563246.0,92466448.0
2015-12-25,59.68,64.92,59.34,64.47,5116878.0,197505104.0
2015-12-28,65.31,65.38,59.88,60.57,3648089.0,138751808.0
2015-12-29,59.6,62.63,59.6,60.62,2618854.0,97570592.0
2015-12-30,60.73,62.26,60.42,61.21,1791065.0,66805468.0
2015-12-31,61.34,61.91,58.24,58.39,2711311.0,98224752.0
2016-01-04,57.83,58.08,52.55,52.55,3778849.0,125427464.0
2016-01-05,49.22,52.74,49.07,50.81,4913639.0,152951440.0
2016-01-06,51.2,53.48,51.2,53.48,3884607.0,124630192.0
2016-01-07,50.86,51.81,48.13,48.13,877500.0,26722362.0
2016-01-08,49.71,50.74,44.46,48.07,2981667.0,88002096.0
2016-01-11,46.74,48.15,43.26,44.79,3667810.0,102063624.0
2016-01-12,44.66,46.25,43.8,45.57,2277589.0,62741732.0
2016-01-13,46.23,47.51,45.28,45.94,3790516.0,107505440.0
2016-01-14,44.29,50.15,42.98,49.35,3816190.0,109876800.0
2016-01-15,48.56,50.71,47.3,47.41,3673036.0,109460272.0
2016-01-18,47.89,49.38,46.92,48.15,3316844.0,97509104.0
2016-01-19,47.9,50.04,47.58,49.67,3117472.0,93111184.0
2016-01-20,49.23,51.43,49.05,51.15,3542730.0,108394744.0
2016-01-21,50.12,51.32,48.41,48.48,2892221.0,88542760.0
2016-01-22,49.17,49.69,47.28,49.13,1711167.0,50691968.0
2016-01-25,49.48,51.45,49.38,50.2,2520624.0,77672808.0
2016-01-26,49.87,51.28,45.77,46.1,2604682.0,78184552.0
2016-01-27,45.61,47.72,43.8,47.26,2924770.0,82402768.0
2016-01-28,46.02,48.85,46.02,47.28,2674318.0,78086240.0
2016-01-29,47.56,50.59,46.84,50.17,2399083.0,71956472.0
2016-02-01,50.46,52.66,49.35,50.69,4386867.0,138254320.0
2016-02-02,50.28,55.04,50.28,54.14,4546780.0,147237488.0
2016-02-03,53.56,54.28,52.83,53.97,2815429.0,92113840.0
2016-02-04,53.96,55.04,53.58,53.94,2967780.0,98198800.0
2016-02-05,53.48,55.73,53.32,54.94,2471634.0,82558376.0
2016-02-15,53.81,55.4,53.47,54.78,2404599.0,79808840.0
2016-02-16,55.09,57.62,54.96,57.34,2756212.0,95234440.0
2016-02-17,57.34,57.78,55.76,57.2,2367890.0,81638616.0
2016-02-18,57.42,57.84,54.47,55.11,3323820.0,113673392.0
2016-02-19,54.79,55.68,53.32,54.22,2629934.0,87239280.0
2016-02-22,54.76,56.27,54.22,56.25,3042222.0,102548944.0
2016-02-23,56.24,57.42,54.34,55.38,2783325.0,94929624.0
2016-02-24,55.2,56.02,52.51,53.65,3265773.0,107098168.0
2016-02-25,53.32,53.79,48.28,48.28,3739476.0,115527056.0
2016-02-26,48.38,50.17,47.28,49.97,2397221.0,71215376.0
2016-02-29,49.67,49.67,45.15,45.7,2889546.0,81648488.0
2016-03-01,45.8,49.22,45.79,49.22,3082462.0,89425472.0
2016-03-02,49.22,50.45,48.23,50.2,4199413.0,126545024.0
2016-03-03,50.0,52.17,49.48,50.77,3507829.0,108617544.0
2016-03-04,50.53,50.53,47.44,47.62,3270476.0,97431040.0
2016-03-07,48.38,50.3,48.38,49.1,1732090.0,52259724.0
2016-03-08,49.09,49.09,45.94,48.48,3828896.0,109805800.0
2016-03-09,47.08,48.07,46.26,46.34,2163619.0,62112228.0
2016-03-10,46.13,47.0,45.28,45.59,1722589.0,48554380.0
2016-03-11,44.36,45.76,44.36,45.1,1282023.0,35137956.0
2016-03-14,45.92,48.3,45.77,47.49,3119358.0,90287496.0
2016-03-15,47.43,47.66,46.56,47.25,1271081.0,36479392.0
2016-03-16,47.85,48.53,46.79,46.92,1394150.0,40334700.0
2016-03-17,47.41,48.69,47.13,48.56,3258217.0,95534456.0
2016-03-18,49.05,50.82,48.49,50.36,2844531.0,86900336.0
2016-03-21,51.38,52.14,50.28,50.91,3855839.0,120182912.0
2016-03-22,50.69,52.5,49.87,51.92,3416570.0,106708640.0
2016-03-23,51.02,52.48,51.02,52.48,1747038.0,55399488.0
2016-03-24,51.99,53.65,51.19,52.58,3404148.0,109438872.0
2016-03-25,52.58,53.74,51.92,53.56,2058263.0,66277044.0
2016-03-28,53.61,54.63,51.55,51.68,1827141.0,59446184.0
2016-03-29,51.64,51.83,49.18,50.74,2219503.0,68330000.0
2016-03-30,51.05,52.96,50.63,52.66,2451751.0,77075352.0
2016-03-31,52.92,53.48,52.33,53.07,2459027.0,79354944.0
2016-04-01,52.86,52.86,50.86,51.79,3114302.0,97616080.0
2016-04-05,51.84,53.23,51.45,52.66,3062070.0,97988376.0
2016-04-06,52.51,57.93,52.5,57.93,6648677.0,225955184.0
2016-04-07,57.42,60.5,56.6,58.57,6487563.0,231504032.0
2016-04-08,58.11,61.49,57.42,60.72,8345949.0,303811904.0
2016-04-11,60.7,62.96,59.91,61.29,5279504.0,196607744.0
2016-04-12,61.08,62.31,59.12,60.29,4389087.0,161787504.0
2016-04-13,60.34,61.18,59.24,60.39,3514163.0,129475320.0
2016-04-14,60.67,63.29,59.3,62.42,4269983.0,159188208.0
2016-04-15,62.18,63.0,60.54,60.7,3242250.0,121500568.0
2016-04-18,57.09,59.06,56.06,58.86,5643384.0,198765024.0
2016-04-19,58.67,59.06,56.93,57.26,3522136.0,123571344.0
2016-04-20,57.27,57.91,53.86,54.81,4476416.0,151306432.0
2016-04-21,54.17,56.27,54.17,54.92,2354317.0,79365824.0
2016-04-22,54.94,56.55,54.27,55.98,2021472.0,68495168.0
2016-04-25,55.12,57.42,55.09,55.88,1769321.0,60286888.0
2016-04-26,55.52,57.66,55.12,57.66,1918599.0,66159988.0
2016-04-27,57.66,58.94,57.11,58.04,2720265.0,96549936.0
2016-04-28,57.58,58.98,56.89,58.98,2050135.0,72581976.0
2016-04-29,58.4,59.55,58.04,59.04,1513387.0,54102052.0
2016-05-03,58.37,59.52,57.71,59.29,3214991.0,114980584.0
2016-05-04,58.86,59.06,57.5,57.66,2405777.0,85503416.0
2016-05-05,57.75,59.35,57.55,59.35,2412237.0,86253096.0
2016-05-06,59.35,60.99,56.75,58.08,3781618.0,136540912.0
2016-05-09,57.63,57.66,54.78,55.78,2230012.0,76571624.0
2016-05-10,55.78,56.63,55.25,56.29,1045110.0,35688140.0
2016-05-11,56.45,57.06,55.45,56.14,1770789.0,60768524.0
2016-05-12,55.17,56.93,54.94,56.27,1446845.0,49518460.0
2016-05-13,56.4,57.3,55.96,56.47,1184318.0,40969483.0
2016-05-16,56.27,57.42,55.14,57.42,2215592.0,76098871.0
2016-05-17,57.44,58.4,56.96,57.44,1924597.0,67572116.0
2016-05-18,57.42,57.5,55.65,56.27,1523203.0,52384492.0
2016-05-19,55.96,57.91,55.88,56.93,1500061.0,52266401.0
2016-05-20,56.52,57.66,56.25,57.63,972191.0,33935428.0
2016-05-23,57.95,59.93,57.62,59.81,2045183.0,73551200.0
2016-05-24,59.63,60.87,58.65,60.41,2168759.0,78884762.0
2016-05-25,60.62,61.4,58.83,59.67,1472761.0,53592894.0
2016-05-26,59.44,59.68,57.67,59.35,1331772.0,47312805.0
2016-05-27,59.47,59.47,58.22,58.89,1477913.0,52790180.0
2016-05-30,58.74,59.39,57.82,58.48,1183895.0,42069716.0
2016-05-31,58.78,60.92,58.03,60.88,2429804.0,88595032.0
2016-06-01,60.7,63.67,60.34,62.93,3474035.0,130477631.0
2016-06-02,62.14,63.19,61.84,62.43,2062611.0,78125193.0
2016-06-03,62.48,66.63,62.47,63.7,3566774.0,140114874.0
2016-06-06,64.08,66.37,63.29,66.14,2950911.0,116453876.0
2016-06-07,65.89,65.96,63.98,65.32,1807532.0,71238153.0
2016-06-08,65.33,65.33,61.77,62.4,3546409.0,135941284.0
2016-06-13,61.48,62.01,60.19,60.19,2147070.0,79618104.0
2016-06-14,59.93,60.84,59.11,60.19,1994256.0,72442792.0
2016-06-15,59.5,62.4,59.3,61.79,2665178.0,99439094.0
2016-06-16,61.25,62.6,60.27,60.54,2157506.0,80324310.0
2016-06-17,60.56,61.77,59.62,59.77,2154251.0,79120465.0
2016-06-20,59.96,60.39,59.32,59.81,3130676.0,113665743.0
2016-06-21,60.05,61.43,59.44,59.81,2840267.0,104383001.0
2016-06-22,59.65,61.12,59.65,61.1,1640309.0,60027631.0
2016-06-23,60.97,61.86,59.96,60.7,2221712.0,82320817.0
2016-06-24,61.48,63.69,59.35,62.8,5367302.0,202321371.0
2016-06-27,62.43,66.06,61.77,65.23,5196486.0,204272692.0
2016-06-28,65.73,67.21,64.89,66.49,5499534.0,219095422.0
2016-06-29,65.94,67.44,64.34,65.56,2667162.0,106121116.0
2016-06-30,65.56,65.81,62.65,64.53,4011834.0,155529817.0
2016-07-01,64.3,65.45,63.01,64.74,2061908.0,80352132.0
2016-07-04,64.25,66.47,63.52,65.97,2471929.0,97737709.0
2016-07-05,65.89,67.21,65.09,65.19,2588432.0,103724982.0
2016-07-06,65.15,65.15,63.42,64.34,2215083.0,86582331.0
2016-07-07,64.33,70.78,64.33,70.78,4678558.0,196428382.0
2016-07-08,72.48,74.79,67.77,69.19,8507448.0,371921012.0
2016-07-11,69.57,70.18,67.94,68.31,6003805.0,251327296.0
2016-07-12,67.89,69.01,65.56,67.18,5098947.0,208414145.0
2016-07-13,67.34,68.81,66.98,67.36,3850074.0,157813163.0
2016-07-14,67.64,68.03,66.09,68.0,2829728.0,115392146.0
2016-07-15,68.13,69.52,67.21,68.91,2558289.0,106323292.0
2016-07-18,68.79,70.77,67.87,67.89,2632745.0,110661081.0
2016-07-19,67.54,69.2,66.63,69.2,1750912.0,72238996.0
2016-07-20,69.19,69.6,67.87,68.07,1663043.0,69113780.0
2016-07-21,68.53,68.53,67.06,67.54,2049174.0,84232369.0
2016-07-22,67.7,67.85,66.65,67.33,1474478.0,60205969.0
2016-07-25,67.29,69.58,67.21,68.28,1922380.0,80151537.0
2016-07-26,67.87,72.15,67.74,71.58,3153139.0,134912809.0
2016-08-02,66.72,68.73,66.72,67.31,2760831.0,113156778.0
2016-08-03,66.73,67.13,65.74,65.93,1870248.0,75138752.0
2016-08-04,65.93,69.98,65.65,68.5,1574344.0,64288788.0
2016-08-05,68.88,69.76,67.21,68.88,1341932.0,55865163.0
2016-08-08,68.88,68.88,66.98,68.59,1039095.0,42770169.0
2016-08-09,67.89,69.55,67.7,69.47,1136962.0,47747234.0
2016-08-10,68.89,69.6,67.56,68.35,1403612.0,58305377.0
2016-08-11,67.98,68.13,66.68,66.68,1169942.0,47655826.0
2016-08-12,66.14,66.49,65.23,66.42,2396090.0,95695299.0
2016-08-15,66.32,67.87,65.89,67.87,1301181.0,53032944.0
2016-08-16,68.53,72.02,67.38,67.57,2346998.0,96876348.0
2016-08-17,67.95,68.53,67.34,68.38,1119499.0,46107872.0
2016-08-18,68.33,69.81,67.89,69.76,2249748.0,94306581.0
2016-08-19,69.85,71.46,69.15,70.97,2881643.0,123009096.0
2016-08-22,70.67,72.61,70.24,70.98,2397972.0,104229279.0
2016-08-23,70.83,71.62,70.06,71.0,1219502.0,52248351.0
2016-08-24,70.83,71.81,65.93,70.26,1621650.0,69115602.0
2016-08-25,70.16,70.8,68.86,70.75,1058606.0,44781655.0
2016-08-26,70.34,71.31,69.72,71.08,1837078.0,78627004.0
2016-08-29,71.06,72.37,70.34,70.54,1358990.0,58808209.0
2016-08-30,70.37,71.38,70.28,70.54,997403.0,42788845.0
2016-08-31,70.31,70.83,69.76,70.11,1284257.0,54936375.0
2016-09-01,70.08,70.46,68.33,68.33,969687.0,40752332.0
2016-09-02,68.07,68.35,67.08,68.03,956104.0,39329931.0
2016-09-05,68.18,68.73,67.54,67.87,1063352.0,44113980.0
2016-09-06,67.7,68.94,67.34,68.69,778200.0,32174626.0
2016-09-07,68.36,69.5,68.2,68.2,803391.0,33625484.0
2016-09-08,68.08,68.66,67.9,68.3,573701.0,23774421.0
2016-09-09,68.61,68.99,68.03,68.2,527381.0,21939301.0
2016-09-12,67.14,67.18,64.54,64.91,2410138.0,96351780.0
2016-09-13,65.51,65.83,63.95,64.74,1416693.0,55711825.0
2016-09-14,64.81,65.6,63.42,64.67,1080049.0,42421878.0
2016-09-19,64.74,68.5,64.74,66.73,1673156.0,67142374.0
2016-09-20,66.67,66.73,65.91,66.14,879315.0,35318007.0
2016-09-21,66.52,67.29,65.97,66.96,1108226.0,44983342.0
2016-09-22,67.21,67.84,66.81,67.31,924884.0,37889948.0
2016-09-23,67.42,67.7,66.72,67.26,530600.0,21704656.0
2016-09-26,66.81,67.52,66.72,67.05,703449.0,28649558.0
2016-09-27,66.68,67.13,65.75,67.0,754067.0,30400795.0
2016-09-28,67.01,67.85,65.91,66.72,1006783.0,40695420.0
2016-09-29,65.97,67.46,65.97,67.21,978302.0,39845591.0
2016-09-30,66.81,67.62,66.81,67.38,837299.0,34251376.0
2016-10-10,67.34,69.16,67.34,68.86,1463026.0,60971300.0
2016-10-11,68.78,69.58,68.41,69.35,970477.0,40569213.0
2016-10-12,69.19,69.62,68.94,69.34,625390.0,26311377.0
2016-10-13,69.24,69.5,68.83,68.83,500271.0,20972893.0
2016-10-14,68.76,69.37,68.5,68.87,647264.0,27044260.0
2016-10-17,68.58,69.11,66.68,67.34,1561877.0,64193778.0
2016-10-18,67.44,67.77,66.55,67.51,1117085.0,45603359.0
2016-10-19,67.31,67.75,66.57,66.78,710700.0,28923990.0
2016-10-20,66.72,67.24,66.55,66.72,823847.0,33432659.0
2016-10-21,66.96,66.96,65.83,66.34,973474.0,39185694.0
2016-10-24,66.22,67.52,66.22,66.93,1127027.0,45905780.0
2016-10-25,66.75,67.13,66.22,66.73,1145308.0,46275294.0
2016-10-26,66.7,66.95,66.4,66.72,882991.0,35735520.0
2016-10-27,66.72,66.86,66.14,66.52,560393.0,22647832.0
2016-10-28,66.7,67.08,66.39,66.72,895261.0,36270724.0
2016-10-31,66.72,66.72,63.42,64.06,4469958.0,175258077.0
2016-11-01,64.08,64.74,63.7,64.38,2392839.0,93213295.0
2016-11-02,64.41,65.02,64.1,64.2,1674360.0,65624707.0
2016-11-03,63.92,64.71,63.44,64.23,1441240.0,56170666.0
2016-11-04,64.38,65.07,63.95,64.25,1186265.0,46451788.0
2016-11-07,64.56,64.71,64.11,64.25,940675.0,36755930.0
2016-11-08,64.38,64.58,63.5,63.55,1593652.0,61768255.0
2016-11-09,63.59,63.92,62.27,63.04,1969303.0,75407036.0
2016-11-10,63.42,64.05,63.14,63.77,1604360.0,62053234.0
2016-11-11,63.72,65.69,63.59,65.61,2412161.0,95132638.0
2016-11-14,65.33,65.97,64.9,65.07,1990420.0,78941093.0
2016-11-15,65.22,65.3,64.64,65.07,1543447.0,60838792.0
2016-11-16,65.07,65.61,64.77,64.92,1646986.0,65157141.0
2016-11-17,64.74,65.48,64.49,64.64,953780.0,37561542.0
2016-11-18,64.99,66.55,64.9,66.39,3609072.0,144668029.0
2016-11-21,66.22,67.52,66.14,67.26,4617159.0,187476424.0
2016-11-22,67.49,69.07,66.52,67.84,4425232.0,182296713.0
2016-11-23,68.03,68.76,66.72,67.34,2985328.0,122470150.0
2016-11-24,67.42,68.02,66.39,66.88,3212864.0,130981233.0
2016-11-25,66.73,67.36,65.58,67.16,2294726.0,92690707.0
2016-11-28,67.28,67.28,65.76,66.16,1768443.0,71295423.0
2016-11-29,65.88,66.31,64.92,64.92,2090004.0,83074259.0
2016-11-30,64.44,65.56,64.28,65.0,1432699.0,56536807.0
2016-12-01,65.07,65.32,63.64,64.06,2505933.0,97670767.0
2016-12-02,64.08,64.49,62.58,62.76,2033602.0,78158536.0
2016-12-05,62.19,63.09,62.17,62.81,1402397.0,53419362.0
2016-12-06,62.91,63.14,62.66,62.96,1049573.0,40087556.0
2016-12-07,62.78,63.62,62.78,63.42,1300011.0,49871543.0
2016-12-08,63.77,63.77,62.99,63.01,1480650.0,56868363.0
2016-12-09,63.01,63.21,62.38,62.5,1252261.0,47603329.0
2016-12-12,62.43,62.83,59.63,59.78,1866114.0,69168903.0
2016-12-13,59.6,60.75,59.35,60.46,1350864.0,49335094.0
2016-12-14,60.14,60.95,60.14,60.29,928284.0,34153756.0
2016-12-15,59.83,61.77,59.47,60.62,1029903.0,38043755.0
2016-12-16,60.31,61.54,60.21,61.41,644091.0,23905702.0
2016-12-19,61.49,61.91,60.62,61.77,950653.0,35453035.0
2016-12-20,61.74,62.02,61.45,61.94,521852.0,19563055.0
2016-12-21,62.01,62.91,61.61,61.89,922433.0,34851854.0
2016-12-22,61.89,61.89,60.95,61.03,889344.0,33166365.0
2016-12-23,61.0,61.64,59.47,61.61,1829818.0,67098328.0
2016-12-26,60.79,61.59,60.54,61.41,1003025.0,37098263.0
2016-12-27,61.43,61.95,61.07,61.82,760795.0,28406247.0
2016-12-28,61.66,61.86,60.95,61.73,647966.0,24182314.0
2016-12-29,61.56,61.91,61.3,61.76,815892.0,30544552.0
2016-12-30,61.77,62.2,61.4,61.97,769114.0,28905051.0
2017-01-03,61.94,62.35,61.73,62.27,581284.0,21918607.0
2017-01-04,62.32,63.32,61.79,63.09,1589889.0,60516831.0
2017-01-05,63.01,63.08,62.38,62.52,799728.0,30430821.0
2017-01-06,62.88,62.9,62.01,62.6,873144.0,33129539.0
2017-01-09,62.25,62.84,62.05,62.43,534147.0,20245656.0
2017-01-10,62.27,62.71,61.21,61.35,881857.0,33203912.0
2017-01-11,61.28,61.33,59.68,59.68,1147100.0,42092788.0
2017-01-12,59.77,60.05,57.69,58.48,2097142.0,74976501.0
2017-01-13,58.43,58.56,56.01,56.27,2198858.0,76273506.0
2017-01-16,56.44,56.96,53.85,55.37,1955776.0,66405320.0
2017-01-17,55.33,57.15,55.2,56.9,1209942.0,41287027.0
2017-01-18,56.9,56.9,56.17,56.17,573355.0,19650529.0
2017-01-19,55.99,56.16,55.14,55.37,856599.0,28854372.0
2017-01-20,55.37,56.59,55.32,56.17,750846.0,25562671.0
2017-01-23,56.22,57.31,56.09,56.59,810940.0,27934948.0
2017-01-24,56.7,56.78,55.84,56.04,562966.0,19193876.0
2017-01-25,55.68,57.28,55.61,57.01,759808.0,26223942.0
2017-01-26,57.31,57.57,57.08,57.51,534630.0,18609735.0
2017-02-03,57.42,57.54,56.93,57.11,373001.0,12981391.0
2017-02-06,57.34,57.8,56.83,57.74,673154.0,23454747.0
2017-02-07,57.76,57.76,56.96,57.03,724054.0,25128654.0
2017-02-08,57.01,57.2,56.34,57.08,1061440.0,36630068.0
2017-02-09,56.88,57.49,56.8,57.41,1140099.0,39551198.0
2017-02-10,57.48,57.57,56.88,56.88,815460.0,28297683.0
2017-02-13,56.87,57.98,56.7,57.79,1072779.0,37590445.0
2017-02-14,57.95,57.97,57.2,57.61,710409.0,24777649.0
2017-02-15,57.36,58.31,57.18,57.29,809071.0,28361484.0
2017-02-16,57.28,57.66,56.96,57.28,901800.0,31325316.0
2017-02-17,57.29,57.48,56.22,56.83,934114.0,32320162.0
2017-02-20,56.68,57.1,56.47,57.0,1104359.0,38008371.0
2017-02-21,57.26,58.64,57.0,58.51,1880482.0,66313775.0
2017-02-22,58.35,58.78,58.18,58.43,846149.0,30010303.0
2017-02-23,58.56,59.29,58.28,59.27,1012660.0,36115984.0
2017-02-24,58.84,59.63,58.84,59.11,773402.0,27826036.0
2017-02-27,58.97,59.29,58.48,58.81,816361.0,29171885.0
2017-02-28,58.83,59.62,58.83,59.2,788550.0,28347835.0
2017-03-01,58.97,60.9,58.97,60.05,1766592.0,64589406.0
2017-03-02,59.86,60.77,59.86,60.18,1279214.0,46848346.0
2017-03-03,60.62,60.62,59.4,60.19,978609.0,35617902.0
2017-03-06,60.42,60.67,59.98,60.42,1233238.0,45187982.0
2017-03-07,60.41,61.07,60.21,60.44,1651442.0,60866563.0
2017-03-08,58.15,58.96,57.66,58.71,4734921.0,167997395.0
2017-03-09,58.48,59.93,58.35,59.47,1617274.0,58007775.0
2017-03-10,59.6,60.11,59.3,59.6,1397902.0,50656510.0
2017-03-13,59.6,59.6,58.51,58.97,1790837.0,63844064.0
2017-03-14,58.92,59.11,58.5,58.79,1011821.0,36103806.0
2017-03-15,58.76,58.83,58.48,58.76,900600.0,32061651.0
2017-03-16,58.76,59.2,58.69,59.11,1101798.0,39406970.0
2017-03-17,59.11,59.34,58.64,59.09,1172807.0,42018480.0
2017-03-20,59.09,59.17,58.33,59.07,1859072.0,66138362.0
2017-03-21,59.06,59.57,58.81,59.3,1149218.0,41349348.0
2017-03-22,59.96,60.19,59.45,59.47,1557425.0,56548615.0
2017-03-23,59.48,61.36,58.99,61.33,2072932.0,75585329.0
2017-03-24,60.97,61.33,60.27,60.95,1226689.0,45191433.0
2017-03-27,60.79,61.28,60.18,60.77,1155011.0,42529495.0
2017-03-28,60.64,61.26,60.47,60.67,822535.0,30395577.0
2017-03-29,60.29,61.56,60.14,61.43,1206448.0,44546177.0
2017-03-30,61.38,61.38,60.42,60.79,942180.0,34695697.0
2017-03-31,60.16,61.56,59.96,61.56,1332472.0,49286210.0
2017-04-05,60.95,62.23,60.95,62.22,2172835.0,81721432.0
2017-04-06,61.56,62.91,61.56,62.84,1619415.0,61216838.0
2017-04-07,62.22,64.05,62.22,63.42,2036035.0,78305308.0
2017-04-10,62.94,63.32,61.2,61.89,1839680.0,69101627.0
2017-04-11,60.95,61.92,60.39,61.89,2098890.0,77874096.0
2017-04-12,61.54,61.56,60.11,60.85,1399406.0,51518281.0
2017-04-13,60.39,61.81,60.39,61.81,1773887.0,66247074.0
2017-04-14,61.77,61.79,60.05,60.79,1772132.0,65537184.0
2017-04-17,58.97,59.8,58.5,59.8,1571804.0,56566511.0
2017-04-18,59.8,60.13,58.22,58.43,967562.0,34669711.0
2017-04-19,58.27,58.81,57.01,58.41,1393357.0,48935121.0
2017-04-20,58.27,59.55,58.05,59.3,1149200.0,41129664.0
2017-04-21,59.3,59.45,58.94,59.32,639783.0,22984987.0
2017-04-24,58.97,59.73,57.66,59.3,1074862.0,38352328.0
2017-04-25,59.32,60.46,58.99,60.06,1351146.0,49218657.0
2017-04-26,59.88,60.26,59.01,59.62,2352591.0,85468772.0
2017-04-27,58.48,59.93,57.77,59.75,2005473.0,71925360.0
2017-04-28,59.77,60.65,59.77,59.98,993477.0,36306922.0
2017-05-02,59.63,60.14,59.48,59.8,802140.0,29141019.0
2017-05-03,59.52,60.31,59.12,60.13,634388.0,23083432.0
2017-05-04,60.13,60.24,59.75,59.85,760879.0,27740808.0
2017-05-05,59.57,60.09,58.48,59.63,1075168.0,38678701.0
2017-05-08,59.34,59.34,58.48,58.63,802966.0,28692296.0
2017-05-09,58.18,58.46,56.34,58.13,1840328.0,64115665.0
2017-05-10,57.95,58.02,56.34,56.57,1041314.0,36314218.0
2017-05-11,56.21,56.5,54.36,56.49,1249828.0,41908891.0
2017-05-12,56.27,57.74,56.27,57.61,1303954.0,45415807.0
2017-05-15,56.73,58.12,56.73,57.89,367200.0,12846988.0
2017-05-16,57.33,58.48,56.85,58.31,861151.0,30306592.0
2017-05-17,57.82,58.46,57.62,58.46,1132012.0,39845351.0
2017-05-18,57.82,59.06,57.82,58.79,1743210.0,61980741.0
2017-05-19,58.2,59.3,57.98,59.3,1375432.0,49184885.0
2017-05-22,58.55,59.42,57.46,58.4,687475.0,24344326.0
2017-05-23,57.79,57.92,53.04,56.8,577352.0,19970364.0
2017-05-24,56.34,56.5,55.23,55.83,476626.0,16166412.0
2017-05-25,55.99,56.22,54.2,54.56,1227680.0,40728224.0
2017-05-26,54.87,55.66,53.87,55.37,872468.0,29148179.0
2017-05-31,56.09,56.84,55.73,55.84,428602.0,14522268.0
2017-06-01,56.97,56.97,54.56,54.75,400133.0,13384787.0
2017-06-02,54.7,55.15,52.14,54.3,1332911.0,42833683.0
2017-06-05,54.3,55.26,53.72,54.46,523200.0,17117528.0
2017-06-06,53.93,54.8,53.93,54.6,276499.0,9045523.0
2017-06-07,54.61,56.81,54.41,56.54,1151182.0,38901591.0
2017-06-08,55.94,56.62,55.94,56.09,430500.0,14572769.0
2017-06-09,56.34,56.34,54.95,55.4,904380.0,30116386.0
2017-06-12,54.98,55.13,54.45,54.81,512800.0,16912658.0
2017-06-13,54.83,55.18,53.63,54.68,994900.0,32671056.0
2017-06-14,54.53,54.81,53.78,54.1,848880.0,27581994.0
2017-06-15,53.95,54.68,53.87,54.56,1236831.0,40483302.0
2017-06-16,54.58,54.58,53.88,54.02,714900.0,23246094.0
2017-06-19,54.03,54.31,53.8,54.03,529003.0,17172577.0
2017-06-20,54.18,54.33,53.38,53.55,1295349.0,41869514.0
2017-06-21,53.63,53.67,52.15,53.6,2023233.0,64207530.0
2017-06-22,53.27,53.32,51.99,52.01,1722000.0,54473023.0
2017-06-23,52.3,52.3,49.45,50.36,4502031.0,136085647.0
2017-06-26,49.89,50.66,49.89,50.48,1796925.0,54462274.0
2017-06-27,50.48,50.89,50.29,50.76,1317807.0,40061955.0
2017-06-28,50.76,50.76,50.13,50.13,452186.0,13715150.0
2017-06-29,50.19,50.83,49.78,49.99,1487259.0,44844351.0
2017-06-30,50.01,50.06,49.01,49.45,2532903.0,75369891.0
2017-07-03,49.53,52.44,49.53,52.24,3519339.0,108440740.0
2017-07-04,52.1,52.39,51.19,51.54,1361007.0,42338571.0
2017-07-05,52.1,52.15,51.47,52.14,1765880.0,55056098.0
2017-07-06,51.56,52.44,49.88,50.36,3704400.0,113340412.0
2017-07-07,51.21,54.02,50.39,53.35,5159526.0,161877856.0
2017-07-10,53.15,53.15,51.79,52.1,3132207.0,98607772.0
2017-07-11,51.84,52.98,51.57,51.87,1929400.0,60445001.0
2017-07-12,51.59,52.15,51.22,52.05,1875160.0,58427262.0
2017-07-13,52.07,52.07,50.59,50.83,2751713.0,84491428.0
2017-07-14,49.53,49.65,45.74,45.74,7208947.0,202825501.0
2017-07-17,44.21,44.23,41.65,43.05,5230362.0,134974848.0
2017-07-18,42.1,43.53,42.1,42.28,2096961.0,53620929.0
2017-07-19,42.22,43.13,42.15,42.8,1410044.0,36093590.0
2017-07-20,47.09,47.09,44.56,45.52,12359297.0,346854651.0
2017-07-21,44.28,44.28,42.75,42.88,7600921.0,198779875.0
2017-07-24,42.9,43.48,42.6,43.23,3266482.0,84585805.0
2017-07-25,43.16,43.71,43.03,43.31,2639491.0,68857447.0
2017-07-26,43.31,43.59,43.11,43.46,1913863.0,49918642.0
2017-07-27,43.55,46.54,43.55,45.97,5484266.0,149838894.0
2017-07-28,46.12,47.45,45.72,46.02,4773341.0,133791469.0
2017-07-31,45.8,45.87,45.12,45.71,2680479.0,73397473.0
2017-08-01,45.44,46.3,45.41,45.82,2479974.0,68343852.0
2017-08-02,45.76,45.89,44.73,44.84,2606702.0,71001054.0
2017-08-03,44.77,45.77,44.62,45.09,1815920.0,49493061.0
2017-08-04,45.09,45.44,44.69,44.89,1360700.0,36813052.0
2017-08-07,44.96,45.54,44.38,44.66,1494566.0,40341053.0
2017-08-08,44.51,45.37,44.34,45.19,1576630.0,42467139.0
2017-08-09,44.97,45.34,44.76,44.84,1379604.0,37379675.0
2017-08-10,44.67,45.07,43.89,44.08,1429203.0,38260742.0
2017-08-11,43.73,44.88,43.56,44.46,1800043.0,48205467.0
2017-08-14,44.24,45.84,44.24,45.71,2445632.0,66981750.0
2017-08-15,45.92,46.1,45.39,46.04,2441961.0,67311319.0
2017-08-16,46.01,46.6,45.72,46.37,2677181.0,74649380.0
2017-08-17,46.22,46.35,45.76,45.92,1793642.0,49659446.0
2017-08-18,45.71,47.03,45.59,46.05,2087542.0,58197157.0
2017-08-21,45.95,46.42,45.87,46.17,1273742.0,35333413.0
2017-08-22,46.14,46.7,45.95,46.24,1426900.0,39800658.0
2017-08-23,46.22,46.22,45.57,45.76,1196242.0,33040252.0
2017-08-24,45.59,46.04,45.46,45.52,914565.0,25167476.0
2017-08-25,45.54,46.22,45.54,46.04,1163307.0,32175945.0
2017-08-28,46.01,48.2,45.87,47.8,3940028.0,112677464.0
2017-08-29,47.67,49.7,47.67,48.95,4705556.0,137769700.0
2017-08-30,48.2,48.38,47.0,47.47,5268154.0,150699363.0
2017-08-31,47.52,49.45,47.5,49.38,5824489.0,170710086.0
2017-09-01,49.34,49.34,48.43,48.8,3340174.0,97885933.0
2017-09-04,48.7,49.15,48.37,48.91,2285961.0,67167384.0
2017-09-05,48.91,49.65,48.08,49.11,3078349.0,90485612.0
2017-09-06,48.86,49.63,48.35,49.25,3139988.0,92745060.0
2017-09-07,49.49,50.96,48.83,49.4,6244488.0,187773301.0
2017-09-08,49.3,49.56,48.2,48.71,3700395.0,108922489.0
2017-09-11,49.0,51.32,48.86,51.02,6295241.0,190861360.0
2017-09-12,50.62,51.27,49.63,49.79,4365099.0,131940257.0
2017-09-13,50.01,50.39,49.33,50.28,2493300.0,74754995.0
2017-09-14,50.01,50.23,49.06,49.28,2533809.0,75564804.0
2017-09-15,49.3,49.79,48.45,49.03,2376664.0,70358519.0
2017-09-18,49.16,49.49,48.55,49.18,1682552.0,49616336.0
2017-09-19,49.26,49.43,47.68,48.12,2775513.0,80990764.0
2017-09-20,48.56,48.73,47.93,48.7,2857663.0,83112694.0
2017-09-21,48.7,49.65,48.31,49.03,3242261.0,95810207.0
2017-09-22,48.68,48.95,47.43,48.2,2441473.0,70565195.0
2017-09-25,48.03,48.03,45.91,47.12,2817214.0,79830994.0
2017-09-26,46.85,47.32,44.71,44.91,2976800.0,81431598.0
2017-09-27,44.91,45.31,43.98,44.48,3917304.0,52443735.0
2017-09-28,44.38,45.04,43.18,43.31,8019090.0,105666687.0
2017-09-29,43.25,44.14,43.25,43.81,3422452.0,44954890.0
2017-10-09,44.14,44.71,43.98,44.31,4045418.0,53929942.0
2017-10-10,44.31,44.77,44.28,44.77,3160902.0,42310633.0
2017-10-11,44.91,44.91,43.94,44.51,3486847.0,46626192.0
2017-10-12,44.48,44.74,44.18,44.38,2746227.0,36701577.0
2017-10-13,44.01,44.48,43.78,44.21,3643294.0,48307580.0
2017-10-16,44.11,44.18,42.85,43.21,4909756.0,64004536.0
2017-10-17,43.21,43.51,42.31,43.21,2292506.0,29621527.0
2017-10-18,43.21,43.51,42.81,42.95,1962402.0,25520285.0
2017-10-19,42.95,43.31,42.65,42.88,1603800.0,20715184.0
2017-10-20,42.78,43.35,42.71,43.15,1278800.0,16554039.0
2017-10-23,43.15,44.67,43.15,44.48,4103440.0,54438937.0
2017-10-24,44.61,45.71,44.08,45.34,4986562.0,67461200.0
2017-10-25,45.04,45.91,45.04,45.27,2987904.0,40920453.0
2017-10-26,45.27,46.01,44.61,45.8,3569871.0,48875973.0
2017-10-27,45.47,46.17,45.31,45.8,2559682.0,35297331.0
2017-10-30,45.74,46.14,43.78,45.84,3140673.0,42383955.0
2017-10-31,45.21,45.91,44.81,45.31,2035182.0,27716530.0
2017-11-01,45.07,48.47,45.07,47.1,4824000.0,68671911.0
2017-11-02,46.9,48.13,46.87,47.17,4482395.0,64122570.0
2017-11-03,47.2,47.2,45.8,46.1,2977354.0,41517372.0
2017-11-06,45.87,46.4,45.24,45.94,1995267.0,27478481.0
2017-11-07,45.94,46.1,45.01,45.94,2597204.0,35693999.0
2017-11-08,45.8,45.97,45.17,45.47,2196682.0,30123847.0
2017-11-09,45.47,45.71,44.97,45.31,1659032.0,22551034.0
2017-11-10,44.91,45.8,44.67,45.67,2552100.0,34610479.0
2017-11-13,45.31,45.74,44.91,45.44,3021800.0,41166520.0
2017-11-14,45.37,45.37,43.68,43.81,3214034.0,42947153.0
2017-11-15,43.84,45.41,43.84,45.17,3620104.0,48981967.0
2017-11-16,45.14,47.03,45.11,45.47,5105304.0,70906986.0
2017-11-17,45.47,46.5,44.28,44.88,3942201.0,53857848.0
2017-11-20,43.98,46.47,43.01,45.61,2796732.0,37123634.0
2017-11-21,45.44,45.87,44.08,45.04,2361167.0,31862057.0
2017-11-22,45.07,45.07,43.58,43.94,2185014.0,29008224.0
2017-11-23,43.88,43.98,43.21,43.31,1519774.0,19879980.0
2017-11-24,43.38,43.38,41.58,41.88,2936486.0,37441036.0
2017-11-27,41.92,42.41,40.92,41.25,1409793.0,17619350.0
2017-11-28,40.98,41.65,40.92,41.52,1230900.0,15281714.0
2017-11-29,41.52,41.78,41.05,41.55,2392900.0,29846857.0
2017-11-30,41.68,41.68,40.89,41.12,1632830.0,20251042.0
2017-12-01,41.28,42.31,40.62,42.25,2880500.0,35758016.0
2017-12-04,41.88,43.55,41.65,42.31,2971220.0,38201021.0
2017-12-05,42.31,42.55,41.05,41.58,1258930.0,15855645.0
2017-12-06,41.58,42.22,41.15,42.22,951200.0,11935916.0
2017-12-07,42.22,43.88,42.08,43.38,4306376.0,56222957.0
2017-12-08,43.61,43.84,43.11,43.38,1559400.0,20379037.0
2017-12-11,43.41,43.84,42.95,43.84,1716100.0,22381962.0
2017-12-12,43.71,43.91,43.08,43.08,1012600.0,13265957.0
2017-12-13,43.18,43.18,42.55,42.88,965692.0,12417419.0
2017-12-14,42.88,43.11,42.52,42.98,823300.0,10588142.0
2017-12-15,42.75,42.98,41.75,41.75,979920.0,12443639.0
2017-12-18,41.72,42.45,40.79,40.89,1488216.0,18416822.0
2017-12-19,40.85,42.02,40.85,41.28,1273620.0,15809980.0
2017-12-20,41.28,42.71,40.89,41.98,2374460.0,29795522.0
2017-12-21,41.82,44.71,41.78,44.14,6616300.0,86458483.0
2017-12-22,44.08,44.61,43.08,43.48,3032260.0,39803909.0
2017-12-25,43.25,44.11,43.25,43.55,1883061.0,24779278.0
2017-12-26,43.58,43.65,42.35,42.95,2274646.0,29288890.0
2017-12-27,42.98,43.31,42.65,42.88,1476938.0,19071553.0
2017-12-28,42.78,43.21,42.48,42.68,1378900.0,17763256.0
2017-12-29,42.75,43.61,42.41,43.35,1597114.0,20731743.0
2018-01-02,43.21,45.54,43.21,45.31,5126199.0,69128611.0
2018-01-03,45.14,47.4,44.88,46.77,6978874.0,97746375.0
2018-01-04,46.14,47.3,46.14,46.6,4046604.0,56861405.0
2018-01-05,47.03,47.17,46.07,46.47,2908366.0,40733404.0
2018-01-08,46.5,48.37,46.24,47.47,5577354.0,79938748.0
2018-01-09,47.03,47.73,45.87,46.5,3255926.0,45774400.0
2018-01-10,46.37,47.1,45.21,45.77,3053777.0,42143588.0
2018-01-11,45.77,46.07,44.94,45.34,2296672.0,31362976.0
2018-01-12,45.34,46.14,45.04,45.34,1428477.0,19540681.0
2018-01-15,45.11,45.51,43.88,44.38,2198776.0,29448618.0
2018-01-16,44.74,46.94,44.71,45.67,3556877.0,49037691.0
2018-01-17,45.41,46.01,43.98,44.21,3135954.0,42029965.0
2018-01-18,44.41,45.07,44.11,44.38,1242900.0,16630542.0
2018-01-19,44.41,44.54,43.78,44.24,1157121.0,15363269.0
2018-01-22,43.41,43.55,42.02,42.88,5363848.0,69053895.0
2018-01-23,42.58,42.88,40.69,40.99,7865108.0,97960190.0
2018-01-24,40.89,41.12,40.22,41.02,4465232.0,54524114.0
2018-01-25,40.85,40.98,40.52,40.85,2351500.0,28858500.0
2018-01-26,40.75,40.82,40.39,40.45,2232600.0,27190891.0
2018-01-29,40.39,40.89,39.82,40.16,1948720.0,23606328.0
2018-01-30,39.95,40.35,39.49,39.56,1878024.0,22520835.0
2018-01-31,39.56,39.59,35.6,36.5,7657604.0,85277966.0
2018-02-01,36.9,36.9,32.84,35.9,7022300.0,73902156.0
2018-02-02,34.97,35.7,33.54,34.4,7047377.0,72844160.0
2018-02-05,34.24,35.17,33.57,34.67,3344071.0,34781913.0
2018-02-06,34.3,34.5,33.41,33.81,2404508.0,24498415.0
2018-02-07,34.14,35.1,33.61,34.37,2685182.0,27735553.0
2018-02-08,34.97,37.43,34.6,36.1,3938714.0,42749428.0
2018-02-09,34.94,35.8,34.57,35.17,2543000.0,26816739.0
2018-02-12,35.6,36.93,35.3,36.56,2268764.0,24735514.0
2018-02-13,36.23,38.19,36.07,38.03,3231504.0,36303852.0
2018-02-14,37.63,38.03,37.4,37.66,750040.0,8484933.0
2018-02-22,38.23,38.76,37.46,38.39,1721140.0,19891824.0
2018-02-23,38.39,38.56,37.83,38.03,667300.0,7637512.0
2018-02-26,38.23,39.12,38.03,38.69,4763426.0,55352879.0
2018-02-27,38.26,38.59,38.16,38.29,1356816.0,15629991.0
2018-02-28,37.93,38.29,37.76,37.83,1279300.0,14629776.0
2018-03-01,37.83,38.29,37.53,37.79,1439333.0,16357981.0
2018-03-02,37.49,38.26,37.2,37.79,1436200.0,16312552.0
2018-03-05,37.43,37.99,36.86,37.43,2455700.0,27614820.0
2018-03-06,37.43,38.66,37.2,38.29,2491240.0,28506893.0
2018-03-07,38.16,38.53,37.53,37.73,1496649.0,17078846.0
2018-03-08,37.4,37.89,37.26,37.79,1256020.0,14184909.0
2018-03-09,37.73,38.73,37.49,38.59,2028220.0,23368252.0
2018-03-12,38.96,39.06,38.36,38.99,2387028.0,27914697.0
2018-03-13,38.89,39.56,38.83,38.92,1653540.0,19440927.0
2018-03-14,39.39,39.42,38.69,38.86,1691400.0,19858704.0
2018-03-15,39.06,39.82,38.59,39.62,3659304.0,43246115.0
2018-03-16,39.42,39.79,38.73,38.92,1868800.0,22096839.0
2018-03-19,38.89,39.32,38.56,38.99,1861004.0,21807612.0
2018-03-20,38.66,39.32,38.56,38.99,1499220.0,17602959.0
2018-03-21,39.26,39.26,38.09,38.09,1499100.0,17465904.0
2018-03-22,37.93,38.49,37.4,37.73,1425500.0,16180995.0
2018-03-23,37.33,37.33,34.9,36.5,2792535.0,30380570.0
2018-03-26,36.17,36.43,35.07,36.43,2601200.0,27893226.0
2018-03-27,36.37,37.03,36.23,36.83,1885700.0,20800049.0
2018-03-28,36.43,36.8,35.93,36.43,764300.0,8363856.0
2018-03-29,36.27,37.1,36.17,37.06,995860.0,10956947.0
2018-03-30,36.8,38.36,36.8,38.23,2116735.0,23951525.0
2018-04-02,38.23,38.56,37.49,37.89,3287904.0,37262777.0
2018-04-03,37.23,37.4,36.73,37.06,1999198.0,22281412.0
2018-04-04,36.9,37.06,36.47,36.83,1681244.0,18563297.0
2018-04-09,36.4,37.33,35.93,37.16,2096542.0,23180705.0
2018-04-10,37.0,37.63,36.6,37.36,1374700.0,15425462.0
2018-04-11,37.43,37.63,37.2,37.49,1162100.0,13100334.0
2018-04-12,37.3,37.53,37.3,37.46,627975.0,7069891.0
2018-04-13,37.56,37.56,36.83,37.3,709055.0,7938897.0
2018-04-16,37.3,37.3,36.27,37.0,788400.0,8731182.0
2018-04-17,36.96,37.0,36.33,36.56,1406400.0,15541007.0
2018-04-18,36.47,36.86,33.34,36.56,1664860.0,17883594.0
2018-04-19,35.87,35.87,34.64,34.9,3416761.0,36174430.0
2018-04-20,34.9,35.07,34.01,34.17,822103.0,8508491.0
2018-04-23,34.4,34.4,33.37,33.84,1224740.0,12453026.0
2018-04-24,33.84,34.2,33.67,34.2,931816.0,9518056.0
2018-04-25,33.97,34.14,33.57,33.91,499424.0,5098896.0
2018-04-26,34.04,34.04,33.57,33.74,899181.0,9121965.0
2018-04-27,33.67,35.03,33.67,34.5,2090666.0,21618629.0
2018-05-02,34.5,34.57,33.61,34.24,1363620.0,13920746.0
2018-05-03,34.2,34.2,33.61,34.07,976754.0,9979021.0
2018-05-04,33.77,34.57,33.77,34.5,1419900.0,14665149.0
2018-05-07,34.44,35.07,34.44,35.07,668800.0,7023391.0
2018-05-08,34.7,35.53,34.7,35.37,642864.0,6802521.0
2018-05-09,35.43,35.5,34.8,35.2,633445.0,6673342.0
2018-05-10,35.23,35.23,34.77,35.13,585778.0,6159956.0
2018-05-11,35.13,35.2,34.5,34.8,576920.0,6021736.0
2018-05-14,34.9,34.9,34.27,34.67,1018962.0,10609311.0
2018-05-15,34.5,35.23,34.2,35.07,802339.0,8369044.0
2018-05-16,34.94,35.77,34.6,35.57,1353539.0,14410185.0
2018-05-17,35.8,35.87,34.94,35.4,593940.0,6299527.0
2018-05-18,35.56,36.64,35.23,36.37,1212377.0,13038700.0
2018-05-21,36.37,36.84,36.17,36.6,896964.0,9748835.0
2018-05-22,36.67,36.67,36.17,36.54,616248.0,6678577.0
2018-05-23,36.57,36.77,35.5,36.03,1022389.0,10993769.0
2018-05-24,35.77,36.03,35.56,36.0,488597.0,5217748.0
2018-05-25,36.54,36.54,35.77,36.13,496300.0,5336875.0
2018-05-28,36.27,36.27,33.55,35.63,784600.0,8238727.0
2018-05-29,36.23,36.23,34.22,35.2,1306200.0,13623860.0
2018-05-30,34.86,34.86,33.48,34.62,1911400.0,19403114.0
2018-05-31,33.92,35.23,33.92,35.03,908952.0,9381719.0
2018-06-01,34.56,34.96,34.49,34.76,459300.0,4742947.0
2018-06-04,34.86,34.89,34.42,34.42,389700.0,4021650.0
2018-06-05,34.66,34.93,34.49,34.73,333326.0,3449206.0
2018-06-06,34.73,34.76,34.32,34.42,424000.0,4355512.0
2018-06-07,34.26,34.66,34.05,34.09,447826.0,4574464.0
2018-06-08,34.09,34.09,33.52,33.85,642002.0,6452255.0
2018-06-11,33.85,34.22,33.38,34.12,763900.0,7687750.0
2018-06-12,34.12,34.49,33.59,34.36,762988.0,7759676.0
2018-06-13,34.02,34.46,33.92,34.16,530800.0,5409803.0
2018-06-14,34.09,34.19,33.89,34.12,366500.0,3717558.0
2018-06-15,33.92,34.12,33.45,33.82,973573.0,9782311.0
2018-06-19,33.55,33.59,31.87,32.71,2250000.0,21785897.0
2018-06-20,32.14,33.35,32.11,33.15,948953.0,9296459.0
2018-06-21,33.15,33.55,32.85,33.12,1320113.0,13043848.0
2018-06-22,33.05,33.48,32.55,33.25,508456.0,5032117.0
2018-06-25,33.28,33.62,32.95,33.18,410032.0,4056197.0
2018-06-26,32.61,33.48,32.58,33.22,430810.0,4255588.0
2018-06-27,33.22,34.22,32.81,33.55,2789000.0,27771232.0
2018-06-28,33.15,34.56,33.15,33.89,1333300.0,13454721.0
2018-06-29,33.59,34.32,33.59,34.19,1823800.0,18520899.0
2018-07-02,33.95,34.32,33.15,33.85,1038400.0,10422650.0
2018-07-03,33.62,33.89,33.42,33.85,508400.0,5113012.0
2018-07-04,33.82,33.82,32.81,33.22,513600.0,5101319.0
2018-07-05,33.22,34.12,32.24,34.12,3203501.0,31836727.0
2018-07-06,34.09,34.83,33.69,34.29,3896140.0,39704605.0
2018-07-09,34.22,34.49,33.95,34.26,1929441.0,19654230.0
2018-07-10,34.86,34.86,34.32,34.69,2796800.0,28834534.0
2018-07-11,34.02,34.26,33.62,34.09,1790000.0,18079161.0
2018-07-12,33.72,34.62,33.72,34.42,1695700.0,17368147.0
2018-07-13,34.62,34.76,34.05,34.32,1657400.0,16973813.0
2018-07-16,34.19,34.39,33.75,34.22,1047200.0,10630121.0
2018-07-17,33.95,34.05,32.91,33.25,1647010.0,16385906.0
2018-07-18,33.22,33.42,32.65,32.85,1776900.0,17462742.0
2018-07-19,32.75,32.91,32.55,32.85,962300.0,9402202.0
2018-07-20,32.98,35.16,32.98,35.06,4635370.0,47106948.0
2018-07-23,35.56,38.52,35.23,37.51,8579508.0,93215674.0
2018-07-24,38.08,38.38,37.01,37.85,4314859.0,48572163.0
2018-07-25,37.48,38.01,37.34,37.85,2366479.0,26559003.0
2018-07-26,37.58,38.01,36.91,37.01,2851140.0,31807726.0
2018-07-27,37.07,37.38,36.81,37.07,1329100.0,14708394.0
2018-07-30,36.91,37.21,36.64,37.01,1804600.0,19890657.0
2018-07-31,36.64,37.14,36.23,36.47,1884619.0,20505017.0
2018-08-01,36.74,37.11,36.23,36.5,1139381.0,12486804.0
2018-08-02,36.23,36.77,34.79,36.4,1574100.0,16827510.0
2018-08-03,36.34,37.91,35.66,36.67,2782300.0,30727088.0
2018-08-06,36.07,36.3,34.05,34.36,2323400.0,24304879.0
2018-08-07,34.42,35.4,34.22,35.2,2447025.0,25457876.0
2018-08-08,35.23,35.56,34.86,35.4,2504525.0,26297002.0
2018-08-09,35.13,37.74,34.62,37.14,4227544.0,45974138.0
2018-08-10,36.64,37.81,36.64,37.41,2548205.0,28361621.0
2018-08-13,36.94,37.44,36.67,37.44,1463600.0,16141979.0
2018-08-14,37.51,37.64,36.87,37.01,966102.0,10679200.0
2018-08-15,36.94,37.31,36.23,37.27,2416399.0,26539821.0
2018-08-16,36.91,38.08,36.6,36.97,3976590.0,44420082.0
2018-08-17,37.24,37.51,35.73,36.47,2019579.0,21882529.0
2018-08-20,36.57,36.7,35.9,36.47,706700.0,7645736.0
2018-08-21,36.74,37.27,35.63,36.91,3271552.0,36061869.0
2018-08-22,36.67,37.41,36.3,36.4,1724010.0,18799001.0
2018-08-23,36.7,36.7,35.66,35.97,2091425.0,22667725.0
2018-08-24,35.77,36.13,35.2,35.23,1415795.0,14981736.0
2018-08-27,35.33,36.4,35.16,36.4,1754383.0,18709832.0
2018-08-28,36.44,36.6,35.43,36.0,2574621.0,27653779.0
2018-08-29,35.83,35.83,34.96,35.2,1920159.0,20180433.0
2018-08-30,35.23,35.23,34.26,34.76,1550262.0,16045874.0
2018-08-31,34.73,35.83,34.52,35.4,2164785.0,22849510.0
2018-09-03,34.89,35.4,34.09,34.52,1573842.0,16180657.0
2018-09-04,34.69,35.06,34.05,34.76,1027173.0,10566183.0
2018-09-05,34.73,35.53,34.66,34.89,1179661.0,12296076.0
2018-09-06,34.83,35.23,33.25,34.96,4408506.0,44611540.0
2018-09-07,34.76,36.37,34.56,35.56,4339017.0,46167285.0
2018-09-10,35.7,35.7,33.55,33.89,1261984.0,12967888.0
2018-09-11,33.85,34.16,31.71,32.14,3800435.0,37010491.0
2018-09-12,32.21,32.44,31.94,32.24,1298577.0,12461775.0
2018-09-13,32.24,32.81,32.24,32.55,3485241.0,33785653.0
2018-09-14,32.55,32.71,32.31,32.44,1741827.0,16897356.0
2018-09-17,31.61,32.58,31.57,32.28,1914500.0,18434902.0
2018-09-18,32.31,32.55,32.04,32.48,1316173.0,12692727.0
2018-09-19,32.34,33.28,32.34,33.05,1482250.0,14604349.0
2018-09-20,33.12,33.32,32.81,32.91,575300.0,5676306.0
2018-09-21,32.85,34.56,32.81,34.39,1841325.0,18614977.0
2018-09-25,34.16,34.16,32.95,33.28,1639900.0,16319969.0
2018-09-26,33.25,33.59,33.05,33.22,1099243.0,10926121.0
2018-09-27,33.18,33.42,31.71,31.71,2463900.0,23782411.0
2018-09-28,31.97,32.48,31.97,32.21,1324791.0,12713492.0
2018-10-08,31.71,31.71,30.77,31.1,1265600.0,11755726.0
2018-10-09,31.1,31.37,30.6,30.77,1586200.0,14620408.0
2018-10-10,30.73,31.14,30.16,30.6,4269600.0,39070165.0
2018-10-11,30.13,30.13,27.55,27.68,5041371.0,43347613.0
2018-10-12,27.68,27.68,25.67,27.34,4177069.0,33673312.0
2018-10-15,27.45,27.95,27.28,27.48,1639500.0,13535506.0
2018-10-16,27.48,27.61,26.34,26.84,1697500.0,13614972.0
2018-10-17,27.01,27.45,25.83,26.54,1643600.0,13001940.0
2018-10-18,26.1,26.2,24.76,25.13,3016426.0,22582835.0
2018-10-19,25.06,25.7,24.39,25.5,5341558.0,39532315.0
2018-10-22,25.53,26.81,25.2,25.8,11922875.0,92522149.0
2018-10-23,25.9,26.5,25.5,25.83,8626772.0,67212472.0
2018-10-24,25.33,25.87,25.1,25.1,5496100.0,41841670.0
2018-10-25,24.12,25.46,23.49,25.33,3835925.0,28054991.0
2018-10-26,25.33,25.8,25.2,25.4,1886200.0,14322880.0
2018-10-29,25.16,25.6,24.76,25.36,1632820.0,12317860.0
2018-10-30,25.0,26.04,24.66,25.5,2968900.0,22500800.0
2018-10-31,25.77,26.14,25.4,26.07,2857800.0,22076761.0
2018-11-01,26.41,26.67,26.07,26.3,3048940.0,24017079.0
2018-11-02,27.41,28.92,26.91,28.92,5655455.0,46909395.0
2018-11-05,29.36,30.03,28.82,28.95,5259434.0,45956959.0
2018-11-06,28.79,28.95,28.38,28.79,2057812.0,17592223.0
2018-11-07,28.79,28.95,28.08,28.12,3686539.0,31333950.0
2018-11-08,28.22,28.59,27.45,27.61,4140561.0,34329895.0
2018-11-09,27.51,27.78,27.21,27.38,2654902.0,21783393.0
2018-11-12,27.55,29.36,27.28,28.69,5730507.0,48283484.0
2018-11-13,28.52,30.06,28.38,29.63,4610769.0,40288692.0
