2011-01-25,53.0,55.0,47.7,47.95,1992475.0,98316312.0
2011-01-26,48.05,52.75,48.05,52.75,1170866.0,59721912.0
2011-01-27,52.49,54.92,51.3,53.78,1474830.0,78333680.0
2011-01-28,52.89,53.41,51.89,53.0,871844.0,45961484.0
2011-01-31,52.6,55.5,52.21,55.03,842092.0,45865828.0
2011-02-01,54.8,55.5,54.04,54.72,540621.0,29619634.0
2011-02-09,54.9,56.0,53.02,53.12,834097.0,45717500.0
2011-02-10,52.38,55.6,51.52,55.54,1076986.0,58043572.0
2011-02-11,55.24,56.38,55.0,55.22,961982.0,53460904.0
2011-02-14,55.22,56.5,54.8,56.2,1171951.0,65359312.0
2011-02-15,56.15,56.88,55.21,55.25,964310.0,53888900.0
2011-02-16,55.05,56.31,54.8,55.9,839206.0,46801812.0
2011-02-17,56.01,56.95,55.66,56.26,809937.0,45614224.0
2011-02-18,56.19,56.28,55.32,55.58,536310.0,29851194.0
2011-02-21,55.6,57.99,55.6,57.8,1129829.0,64215200.0
2011-02-22,57.5,57.8,55.23,55.32,1057645.0,59638524.0
2011-02-23,55.52,56.27,55.21,55.95,511903.0,28583908.0
2011-02-24,55.79,56.29,54.2,54.91,746545.0,41070420.0
2011-02-25,54.79,54.97,53.8,54.61,478797.0,26039260.0
2011-02-28,55.2,56.85,55.2,56.2,739210.0,41472976.0
2011-03-01,56.1,56.54,55.79,56.28,449919.0,25249414.0
2011-03-02,56.08,57.9,55.88,57.42,1104480.0,63274452.0
2011-03-03,57.3,57.98,55.82,56.32,630315.0,35889684.0
2011-03-04,55.88,56.88,55.13,56.68,525791.0,29405718.0
2011-03-07,56.6,57.32,56.11,56.68,458942.0,26072658.0
2011-03-08,56.88,58.59,56.4,57.97,802991.0,46411956.0
2011-03-09,57.99,58.13,57.01,57.78,565686.0,32447426.0
2011-03-10,57.58,58.96,57.38,57.99,666624.0,38962424.0
2011-03-11,57.78,60.59,57.68,59.28,1006180.0,59858112.0
2011-03-14,59.13,62.1,59.13,62.1,884601.0,54087636.0
2011-03-15,62.06,63.28,60.0,62.6,1067542.0,65546352.0
2011-03-16,62.4,63.0,61.45,61.83,564924.0,34980856.0
2011-03-17,61.09,62.2,59.1,59.9,793812.0,47987660.0
2011-03-18,59.91,60.51,59.18,59.85,443662.0,26529914.0
2011-03-21,59.25,59.9,58.8,59.75,349458.0,20768578.0
2011-03-22,59.5,60.69,59.5,60.42,368344.0,22169246.0
2011-03-23,60.5,60.64,59.61,60.55,356373.0,21408100.0
2011-03-24,60.47,60.47,59.3,60.0,414221.0,24739838.0
2011-03-25,59.88,60.49,59.55,60.03,275525.0,16551902.0
2011-03-28,59.9,59.91,57.48,57.6,701538.0,41053472.0
2011-03-29,57.36,57.5,55.6,56.26,498538.0,28064498.0
2011-03-30,52.0,56.13,52.0,54.01,931671.0,50278876.0
2011-03-31,54.01,54.27,52.85,53.6,374403.0,19996782.0
2011-04-01,53.12,53.88,53.11,53.55,210987.0,11278741.0
2011-04-06,53.24,53.44,52.32,52.51,319766.0,16867134.0
2011-04-07,52.59,53.22,52.26,52.96,185894.0,9812468.0
2011-04-08,53.2,53.4,52.77,53.4,161520.0,8585042.0
2011-04-11,53.39,53.5,52.2,52.2,179537.0,9463112.0
2011-04-12,51.08,51.7,51.01,51.23,192655.0,9904623.0
2011-04-13,51.24,52.99,51.0,52.94,300626.0,15685650.0
2011-04-14,52.87,52.88,51.88,52.0,183488.0,9599019.0
2011-04-15,52.0,52.41,51.3,52.26,174241.0,9026831.0
2011-04-18,52.01,52.45,51.77,51.98,62962.0,3273519.0
2011-04-19,51.8,51.8,51.1,51.4,131008.0,6728840.0
2011-04-21,51.88,52.22,51.51,51.89,187582.0,9731678.0
2011-04-22,51.89,52.13,51.11,52.07,174890.0,9017009.0
2011-04-25,51.81,52.08,48.65,48.72,382936.0,18963070.0
2011-04-26,47.8,48.5,47.01,47.5,254700.0,12119917.0
2011-04-27,49.35,49.49,47.52,48.39,493878.0,23987094.0
2011-04-28,48.35,48.35,45.48,45.85,535881.0,25001808.0
2011-04-29,45.85,46.2,44.88,46.18,759253.0,34569952.0
2011-05-03,46.1,46.88,45.68,46.88,370060.0,17159142.0
2011-05-04,46.8,46.8,45.7,46.12,313760.0,14460529.0
2011-05-05,46.0,46.9,45.59,46.8,307617.0,14307146.0
2011-05-06,46.5,47.49,46.1,47.1,251396.0,11779673.0
2011-05-09,47.48,47.48,46.68,47.27,321433.0,15136355.0
2011-05-10,47.26,47.61,46.84,47.14,221376.0,10411269.0
2011-05-11,47.01,47.39,46.67,47.1,184512.0,8585580.0
2011-05-12,46.94,46.98,45.67,45.75,238365.0,10934529.0
2011-05-13,45.7,46.08,44.72,45.35,440101.0,19674578.0
2011-05-16,45.36,45.97,45.08,45.75,305342.0,13801645.0
2011-05-17,45.63,45.72,45.04,45.47,282440.0,12686009.0
2011-05-18,45.48,46.03,45.2,45.65,253103.0,11422060.0
2011-05-19,45.65,45.89,44.68,45.15,338043.0,15178231.0
2011-05-20,44.99,45.25,44.5,44.66,182869.0,8112556.0
2011-05-23,44.5,44.67,43.24,43.31,323675.0,14047627.0
2011-05-24,43.26,45.16,42.05,45.07,662797.0,28630960.0
2011-05-25,44.52,44.56,43.05,43.26,329240.0,14290129.0
2011-05-26,43.31,44.06,42.45,42.53,197869.0,8462164.0
2011-05-27,42.25,43.41,42.05,42.64,202168.0,8531008.0
2011-05-30,42.45,43.55,42.23,42.87,236650.0,10105142.0
2011-05-31,42.66,43.72,41.69,42.96,330067.0,13862959.0
2011-06-01,42.7,43.23,42.36,43.06,212535.0,9015876.0
2011-06-02,42.63,42.93,42.15,42.71,260786.0,10931106.0
2011-06-03,42.81,43.8,42.65,43.66,230077.0,9893457.0
2011-06-07,43.46,43.73,43.46,43.66,159654.0,6887532.0
2011-06-08,43.56,43.76,42.72,43.56,128596.0,5492992.0
2011-06-09,43.46,43.46,42.45,42.62,132942.0,5632112.0
2011-06-10,42.45,42.91,42.45,42.84,128158.0,5406817.0
2011-06-13,42.73,43.26,42.46,42.94,154335.0,6526843.0
2011-06-14,43.23,44.35,43.02,43.91,252564.0,10991892.0
2011-06-15,43.88,44.52,43.63,43.63,198286.0,8655786.0
2011-06-16,43.36,43.36,42.25,42.25,190062.0,8045593.0
2011-06-17,42.0,42.6,41.95,42.05,127774.0,5342136.0
2011-06-20,41.74,42.8,41.14,41.7,260191.0,10680065.0
2011-06-21,41.62,41.84,41.3,41.84,134349.0,5528374.0
2011-06-22,42.12,42.14,41.59,41.65,94565.0,3906527.0
2011-06-23,41.79,43.42,41.51,43.15,233506.0,9909479.0
2011-06-24,42.87,44.29,42.87,44.07,259887.0,11251779.0
2011-06-27,44.27,44.98,44.03,44.29,237084.0,10435092.0
2011-06-28,44.46,44.53,44.02,44.4,135717.0,5942530.0
2011-06-29,44.28,44.74,43.76,43.76,173842.0,7595560.0
2011-06-30,43.67,44.67,43.64,44.22,126802.0,5540770.0
2011-07-01,44.05,44.93,44.01,44.53,201769.0,8896859.0
2011-07-04,44.57,45.57,44.48,45.5,215293.0,9631738.0
2011-07-05,45.36,46.47,45.28,46.39,254533.0,11577770.0
2011-07-06,46.01,47.0,45.84,46.86,312664.0,14373585.0
2011-07-07,46.82,48.16,46.49,47.17,557856.0,26131160.0
2011-07-08,47.09,47.27,46.11,46.58,403209.0,18570926.0
2011-07-11,46.5,46.97,46.0,46.76,240159.0,11066729.0
2011-07-12,46.47,46.48,45.21,45.27,406501.0,18389818.0
2011-07-13,45.31,46.95,45.31,46.8,330759.0,15143811.0
2011-07-14,46.87,48.08,46.87,48.08,397021.0,18674536.0
2011-07-15,48.21,51.04,48.21,50.25,883255.0,43861048.0
2011-07-18,50.34,51.59,50.21,51.56,591821.0,29739756.0
2011-07-19,51.54,51.54,50.05,50.13,419121.0,20919462.0
2011-07-20,50.74,51.53,49.94,50.44,337732.0,16885378.0
2011-07-21,50.16,50.44,49.15,50.07,309512.0,15273739.0
2011-07-22,49.93,51.53,49.93,50.92,346411.0,17466736.0
2011-07-25,50.99,51.67,49.36,49.73,518647.0,25777240.0
2011-07-26,49.42,51.34,49.03,50.91,336679.0,16780624.0
2011-07-27,50.9,53.85,50.56,53.74,618588.0,32455936.0
2011-07-28,53.35,54.05,52.89,53.75,434225.0,22986386.0
2011-07-29,53.52,53.75,50.54,51.14,541933.0,28011250.0
2011-08-01,51.04,52.56,50.75,51.98,287692.0,14791912.0
2011-08-02,51.62,53.12,50.52,53.0,479229.0,24469774.0
2011-08-03,52.44,53.92,52.13,53.67,510614.0,26790052.0
2011-08-04,53.42,54.01,52.46,52.74,293410.0,15358489.0
2011-08-05,50.99,52.96,50.94,52.76,418095.0,21477432.0
2011-08-08,52.05,52.54,48.64,48.82,475917.0,23593956.0
2011-08-09,47.38,49.72,46.54,48.83,256207.0,12266054.0
2011-08-10,49.63,50.54,48.63,48.86,441027.0,21608816.0
2011-08-11,48.32,50.41,47.73,49.83,315932.0,15432772.0
2011-08-12,50.51,50.88,49.55,49.91,345323.0,17154200.0
2011-08-15,49.84,50.52,49.2,49.83,538890.0,26603932.0
2011-08-16,49.32,49.32,47.81,48.17,753209.0,36206352.0
2011-08-17,48.16,48.77,47.88,48.62,268706.0,12875655.0
2011-08-18,48.69,48.72,47.4,47.41,281243.0,13346562.0
2011-08-19,47.31,48.51,46.12,48.51,481513.0,22348884.0
2011-08-22,47.6,48.46,47.6,48.41,374244.0,17807668.0
2011-08-23,48.41,49.95,48.2,49.78,604359.0,29396100.0
2011-08-24,49.73,50.74,49.15,49.85,490188.0,24270082.0
2011-08-25,49.84,49.92,48.4,49.49,375441.0,18258860.0
2011-08-26,49.17,50.19,49.15,50.09,285697.0,14077172.0
2011-08-29,49.65,50.64,49.52,50.49,324539.0,16126984.0
2011-08-30,50.57,50.91,49.45,50.44,414026.0,20560540.0
2011-08-31,50.23,50.44,49.07,50.03,287584.0,14164248.0
2011-09-01,50.03,50.18,49.4,49.97,419199.0,20672342.0
2011-09-05,49.15,49.93,48.06,49.22,453315.0,21991992.0
2011-09-06,48.62,49.02,48.21,48.21,173500.0,8341429.0
2011-09-07,48.21,48.92,48.21,48.85,160641.0,7731179.0
2011-09-08,49.02,49.16,48.48,48.48,174709.0,8459086.0
2011-09-09,48.28,48.59,47.23,47.38,165330.0,7823012.0
2011-09-13,47.0,47.3,46.26,47.3,194499.0,8992056.0
2011-09-14,47.06,48.23,46.49,48.23,250482.0,11750587.0
2011-09-15,47.73,48.26,47.52,48.15,182135.0,8651025.0
2011-09-16,48.21,48.52,46.83,48.21,180763.0,8625207.0
2011-09-19,48.0,48.21,47.25,47.91,164466.0,7767846.0
2011-09-20,47.53,47.92,47.4,47.91,290922.0,13709948.0
2011-09-21,47.56,48.7,47.45,48.62,337664.0,16073628.0
2011-09-22,48.06,48.41,47.17,47.72,242007.0,11428287.0
2011-09-23,47.01,47.71,46.49,47.71,226881.0,10596475.0
2011-09-26,47.35,48.8,47.0,48.8,458413.0,21805550.0
2011-09-27,48.52,48.89,48.32,48.61,198832.0,9545738.0
2011-09-28,48.68,49.28,47.37,49.22,487238.0,23430178.0
2011-09-29,48.52,49.25,47.91,48.77,492348.0,23649712.0
2011-09-30,48.46,48.46,46.39,46.39,379049.0,17699896.0
2011-10-10,46.4,46.47,45.48,45.56,142027.0,6435225.0
2011-10-11,46.85,46.85,45.28,45.48,191290.0,8680392.0
2011-10-12,44.99,46.54,44.98,46.11,310464.0,14187940.0
2011-10-13,46.36,46.75,46.09,46.48,318728.0,14651382.0
2011-10-14,46.49,46.49,45.5,46.24,141602.0,6459260.0
2011-10-17,46.19,46.85,46.14,46.49,229437.0,10548741.0
2011-10-18,46.46,46.77,46.09,46.29,279000.0,12776958.0
2011-10-19,46.47,46.55,45.77,46.55,189759.0,8679512.0
2011-10-20,46.39,46.44,45.48,46.03,199289.0,9054371.0
2011-10-21,46.39,46.48,44.07,44.46,265462.0,11807375.0
2011-10-24,44.47,44.53,42.45,43.94,355838.0,15302770.0
2011-10-25,43.94,45.09,43.78,44.98,337399.0,14829118.0
2011-10-26,44.59,46.15,44.59,45.38,235084.0,10580741.0
2011-10-27,45.74,45.97,45.32,45.46,162083.0,7296818.0
2011-10-28,45.98,47.48,45.61,47.08,333838.0,15358662.0
2011-10-31,47.3,48.09,46.76,47.96,290528.0,13722006.0
2011-11-01,47.66,48.15,47.33,47.9,190652.0,9024316.0
2011-11-02,47.38,49.48,47.11,49.42,419150.0,20176408.0
2011-11-03,49.73,51.24,49.42,49.42,512143.0,25588748.0
2011-11-04,49.68,50.44,49.06,49.83,218994.0,10758964.0
2011-11-07,49.53,50.31,49.4,49.62,94990.0,4683069.0
2011-11-08,49.62,49.86,48.52,48.92,85904.0,4186960.0
2011-11-09,49.12,50.14,48.84,50.14,190536.0,9360521.0
2011-11-10,49.65,51.02,49.63,50.69,420008.0,21003500.0
2011-11-11,50.32,50.92,50.18,50.45,138368.0,6922440.0
2011-11-14,50.68,51.92,50.68,51.89,227937.0,11618574.0
2011-11-15,51.88,52.28,51.46,51.72,96791.0,4957136.0
2011-11-16,51.7,51.86,50.34,51.08,281384.0,14189656.0
2011-11-17,51.29,54.42,50.79,52.77,536081.0,28160458.0
2011-11-18,52.56,53.4,51.72,52.79,425175.0,22110854.0
2011-11-21,53.06,53.34,52.05,52.56,252980.0,13143493.0
2011-11-22,52.44,52.52,47.5,51.19,220660.0,11236348.0
2011-11-23,51.13,52.52,51.07,52.38,230785.0,11831723.0
2011-11-24,51.7,53.02,51.65,52.64,161090.0,8353957.0
2011-11-25,52.62,52.79,51.56,52.7,286352.0,14807053.0
2011-11-28,52.69,52.76,52.1,52.41,127102.0,6590698.0
2011-11-29,52.35,52.54,51.07,51.51,267758.0,13674916.0
2011-11-30,52.03,54.58,48.21,51.95,672435.0,33750372.0
2011-12-01,52.46,53.1,51.62,51.71,704328.0,36470728.0
2011-12-02,51.34,51.34,49.32,49.93,257233.0,12722569.0
2011-12-06,48.75,50.86,48.75,50.83,395380.0,19524380.0
2011-12-07,50.44,52.44,50.09,52.0,303467.0,15447142.0
2011-12-08,51.67,56.09,51.65,54.99,1038248.0,55542856.0
2011-12-09,54.54,57.11,54.54,57.11,862705.0,47836736.0
2011-12-12,56.68,58.02,56.23,57.79,685056.0,38650540.0
2011-12-13,57.13,58.12,55.48,57.77,789868.0,44319644.0
2011-12-14,56.32,57.4,55.09,55.63,478332.0,26407258.0
2011-12-15,55.39,56.58,54.93,55.2,321039.0,17709834.0
2011-12-16,55.39,55.87,53.07,55.69,740008.0,39608044.0
2011-12-20,55.69,56.44,54.58,54.58,569333.0,31403650.0
2011-12-21,54.61,56.45,53.77,55.39,601800.0,32931218.0
2011-12-22,54.79,55.47,51.75,53.71,462622.0,24578274.0
2011-12-23,53.57,54.65,52.87,53.82,236001.0,12581242.0
2011-12-26,54.04,56.74,53.82,56.15,444731.0,24654754.0
2011-12-27,55.59,56.7,53.57,53.57,415635.0,22631376.0
2011-12-28,52.56,53.06,50.66,52.1,534883.0,27222292.0
2011-12-29,51.55,57.32,51.55,57.32,1531120.0,85387920.0
2011-12-30,59.26,62.94,59.13,61.95,1498420.0,90420488.0
2012-01-04,60.64,65.47,59.64,61.96,3097074.0,193015696.0
2012-01-05,60.54,64.11,59.58,61.91,2178721.0,133848488.0
2012-01-06,60.24,61.15,57.32,61.11,1892789.0,110835624.0
2012-01-09,60.52,67.16,59.79,66.81,2164252.0,135997744.0
2012-01-10,65.98,68.11,65.26,67.16,2117100.0,139460528.0
2012-01-11,66.69,70.52,64.18,64.69,2766951.0,182701712.0
2012-01-12,63.7,71.15,63.69,69.54,2782661.0,186746080.0
2012-01-13,66.7,67.19,62.58,62.58,2243951.0,143128624.0
2012-01-16,58.64,59.13,56.33,56.33,1696417.0,96769672.0
2012-01-17,55.08,58.58,53.7,58.25,2398329.0,133075632.0
2012-01-18,57.57,59.33,52.43,52.43,2323987.0,128505176.0
2012-01-19,51.06,52.94,49.18,52.56,1637604.0,83273816.0
2012-01-20,52.82,53.15,50.79,51.15,1485836.0,75946600.0
2012-01-30,52.16,56.27,52.1,55.11,2493194.0,135071712.0
2012-01-31,54.38,54.78,52.29,53.67,1411985.0,74590104.0
2012-02-01,53.47,55.38,52.81,53.06,1269569.0,67972992.0
2012-02-02,53.27,53.74,51.76,53.74,1059590.0,55370832.0
2012-02-03,53.57,54.86,53.35,54.7,1331626.0,71326056.0
2012-02-06,54.7,59.03,54.58,57.31,1916819.0,107674840.0
2012-02-07,56.6,58.51,55.6,58.02,1423320.0,80929744.0
2012-02-08,57.8,59.03,56.41,58.76,1412035.0,80633816.0
2012-02-09,58.57,60.14,58.22,59.16,1561122.0,91187984.0
2012-02-13,59.63,61.35,58.22,60.19,1555816.0,92000728.0
2012-02-14,60.44,61.53,59.15,61.53,1370918.0,81998568.0
2012-02-15,62.06,62.06,59.65,60.7,1582389.0,95172200.0
2012-02-16,60.41,61.65,60.26,61.28,1253556.0,75729360.0
2012-02-17,61.15,61.51,58.22,59.53,1582843.0,93201168.0
2012-02-20,59.74,62.97,59.23,61.45,2481433.0,150386480.0
2012-02-21,60.84,61.05,57.4,60.76,4087346.0,119886032.0
2012-02-22,60.09,66.85,60.08,66.85,4652922.0,148622352.0
2012-02-23,71.39,73.54,71.05,73.54,11343306.0,406892128.0
2012-02-24,72.57,74.64,72.04,74.5,7221189.0,261207872.0
2012-02-27,74.07,76.26,73.3,74.07,6204947.0,227734624.0
2012-02-28,74.07,76.06,68.65,68.96,6864326.0,241458192.0
2012-02-29,69.24,70.48,67.36,67.94,3842783.0,129921936.0
2012-03-01,68.31,70.74,68.05,69.26,4002141.0,136671856.0
2012-03-02,68.96,69.93,67.54,69.89,3783822.0,127998048.0
2012-03-05,69.89,74.15,68.55,71.21,6107076.0,214540176.0
2012-03-06,70.34,70.97,67.07,67.94,4559188.0,153662272.0
2012-03-07,66.93,69.14,66.22,67.09,2789909.0,93136752.0
2012-03-08,67.48,69.12,67.13,67.96,2651887.0,88907296.0
2012-03-09,67.88,68.96,67.36,68.84,2825708.0,95161816.0
2012-03-12,69.06,71.53,68.57,70.38,4464546.0,154575520.0
2012-03-13,70.24,70.92,68.45,69.22,3638003.0,124118768.0
2012-03-14,69.16,70.68,62.31,62.87,4880823.0,161757296.0
2012-03-15,62.65,62.65,58.21,61.62,3323815.0,99693816.0
2012-03-16,61.66,62.27,59.83,61.98,2010386.0,60830396.0
2012-03-19,61.98,62.37,60.34,61.49,2050148.0,61592352.0
2012-03-20,61.03,61.03,58.41,58.76,2083333.0,61537236.0
2012-03-21,58.74,59.99,57.4,59.61,2164626.0,62712876.0
2012-03-22,60.14,60.18,58.43,58.86,1353607.0,39557148.0
2012-03-23,58.7,59.79,57.82,59.2,1395377.0,40657100.0
2012-03-26,59.43,60.8,57.8,60.42,2474116.0,73102336.0
2012-03-27,60.89,61.53,58.82,59.1,1842653.0,54675072.0
2012-03-28,58.62,58.62,54.72,55.41,2091041.0,57943044.0
2012-03-29,56.42,58.01,54.76,55.67,1898969.0,52877636.0
2012-03-30,55.88,55.88,52.08,53.14,2092775.0,55445032.0
2012-04-05,53.73,55.23,52.57,54.58,1522320.0,40540452.0
2012-04-06,55.17,59.43,54.78,56.26,2867106.0,80895120.0
2012-04-10,54.52,54.52,51.07,54.46,2520738.0,66163084.0
2012-04-11,54.23,54.86,52.73,54.66,1401775.0,37456208.0
2012-04-12,54.66,55.57,54.19,55.37,1447195.0,39247124.0
2012-04-13,55.39,56.16,54.76,55.17,1651621.0,45021176.0
2012-04-16,55.17,55.19,52.73,53.79,1317453.0,34901020.0
2012-04-17,53.46,53.95,52.35,52.81,1050232.0,27368728.0
2012-04-18,52.85,54.21,52.83,54.13,1165133.0,30780004.0
2012-04-19,54.07,54.11,53.1,53.91,1090609.0,28870508.0
2012-04-20,53.4,55.69,53.4,55.29,2251609.0,61393696.0
2012-04-23,55.31,55.51,49.75,49.75,3259187.0,81981008.0
2012-04-24,48.98,48.98,45.84,47.38,2203839.0,51461860.0
2012-04-25,47.38,47.95,46.41,47.16,1089840.0,25277476.0
2012-04-26,47.66,47.84,45.96,47.01,1117636.0,25838558.0
2012-04-27,47.17,50.3,46.65,48.94,2494134.0,60236528.0
2012-05-02,48.96,49.83,48.7,49.04,1329354.0,32272534.0
2012-05-03,49.41,49.41,48.13,48.64,1125247.0,26924822.0
2012-05-04,48.64,50.26,48.33,49.89,1397118.0,34221372.0
2012-05-07,49.49,51.31,49.35,50.93,1542033.0,38412136.0
2012-05-08,51.72,55.8,51.13,53.44,2953522.0,78820080.0
2012-05-09,52.69,52.73,51.58,52.16,1444999.0,37118520.0
2012-05-10,52.12,53.14,51.21,51.64,828585.0,21296582.0
2012-05-11,52.19,52.19,50.18,50.18,809553.0,20396946.0
2012-05-14,50.68,51.19,47.99,47.99,1301912.0,31790662.0
2012-05-15,47.99,49.59,47.05,49.28,919143.0,21850670.0
2012-05-16,49.22,49.43,47.66,47.87,1089003.0,25877802.0
2012-05-17,47.66,48.68,47.46,48.51,608325.0,14478748.0
2012-05-18,48.05,50.1,47.8,49.08,1090007.0,26369478.0
2012-05-21,49.08,49.39,47.82,49.02,600577.0,14372749.0
2012-05-22,50.16,50.16,49.18,49.51,701289.0,17166158.0
2012-05-23,49.3,49.53,48.27,48.45,612302.0,14699721.0
2012-05-24,48.37,48.88,47.42,47.99,582449.0,13797967.0
2012-05-25,47.46,48.21,46.77,47.16,561841.0,13102513.0
2012-05-28,47.2,47.2,44.27,46.41,780264.0,17602762.0
2012-05-29,46.22,47.05,45.98,46.89,867895.0,19967690.0
2012-05-30,46.93,47.84,46.42,47.44,815365.0,18970764.0
2012-05-31,46.95,48.41,46.85,48.05,921574.0,21751970.0
2012-06-01,48.07,49.39,48.07,48.59,1331316.0,32067550.0
2012-06-04,47.62,47.62,45.88,45.92,929916.0,21492714.0
2012-06-05,45.63,46.41,45.59,45.84,467105.0,10575048.0
2012-06-06,45.63,46.49,45.63,46.16,385690.0,8769588.0
2012-06-07,46.87,47.66,46.32,46.85,838285.0,19409976.0
2012-06-08,47.16,47.2,44.62,45.13,828439.0,18799242.0
2012-06-11,45.21,46.38,44.66,46.34,639796.0,14431634.0
2012-06-12,45.88,46.99,45.88,46.75,663496.0,15222262.0
2012-06-13,47.12,48.29,46.45,47.84,1015636.0,23774622.0
2012-06-14,47.36,48.37,46.75,46.87,753578.0,17636100.0
2012-06-15,47.48,47.48,46.06,46.53,560293.0,12900717.0
2012-06-18,46.67,47.99,46.67,47.66,920462.0,21554004.0
2012-06-19,47.54,50.44,47.24,49.27,2625983.0,63545748.0
2012-06-20,49.3,50.7,48.8,49.97,2264184.0,55879772.0
2012-06-21,49.49,49.89,47.88,48.74,1180790.0,28448702.0
2012-06-25,48.05,48.64,46.08,46.14,828782.0,19449064.0
2012-06-26,45.63,46.42,45.03,45.94,594560.0,13431770.0
2012-06-27,46.42,46.87,45.72,46.08,603880.0,13808334.0
2012-06-28,46.95,47.13,45.67,45.84,490958.0,11238568.0
2012-06-29,45.33,46.83,45.07,46.81,512323.0,11641373.0
2012-07-02,47.36,47.93,46.81,47.66,722029.0,16867608.0
2012-07-03,47.84,48.66,47.48,47.87,760147.0,18028032.0
2012-07-04,47.87,48.96,47.68,48.25,635250.0,15104421.0
2012-07-05,47.78,48.03,46.18,46.18,622877.0,14386333.0
2012-07-06,46.61,47.13,45.15,47.12,840753.0,19116284.0
2012-07-09,46.95,47.01,45.78,45.8,569582.0,13025574.0
2012-07-10,45.53,46.02,44.82,45.53,429875.0,9651692.0
2012-07-11,45.76,46.06,45.15,45.92,253078.0,5705644.0
2012-07-12,44.62,46.34,44.62,45.9,627087.0,14102302.0
2012-07-13,45.65,46.18,45.43,45.51,430531.0,9718438.0
2012-07-16,45.05,45.17,40.97,40.97,1420566.0,29411708.0
2012-07-17,40.16,40.42,39.35,40.26,438899.0,8659779.0
2012-07-18,40.0,40.95,39.55,40.36,481619.0,9521552.0
2012-07-19,40.16,41.07,40.08,40.56,541999.0,10899805.0
2012-07-20,40.58,40.97,40.38,40.65,377095.0,7569106.0
2012-07-23,40.44,40.81,39.57,39.98,438496.0,8649942.0
2012-07-24,39.35,40.6,39.16,40.34,260245.0,5151728.0
2012-07-25,40.26,40.77,40.2,40.4,346274.0,6919642.0
2012-07-26,42.96,44.42,41.38,41.62,1594827.0,33556344.0
2012-07-27,42.37,45.63,41.68,45.13,2698509.0,58966624.0
2012-07-30,45.03,45.55,43.81,44.62,1459161.0,32044104.0
2012-07-31,44.03,44.92,43.02,43.4,758960.0,16337412.0
2012-08-01,43.89,45.19,43.24,43.93,811284.0,17663320.0
2012-08-02,43.93,44.92,43.3,44.32,848202.0,18503764.0
2012-08-03,44.38,45.72,43.91,45.59,1474024.0,32646418.0
2012-08-06,45.19,48.86,45.05,48.53,2504915.0,58511436.0
2012-08-07,47.99,49.69,47.68,49.08,2104904.0,50797124.0
2012-08-08,48.88,49.22,47.99,48.68,1021841.0,24472206.0
2012-08-09,48.88,49.69,48.27,49.67,1249314.0,30158030.0
2012-08-10,49.49,49.71,48.03,48.03,1001276.0,23940858.0
2012-08-13,48.37,48.37,45.96,46.04,737555.0,17062492.0
2012-08-14,45.76,47.87,45.61,47.78,1075808.0,24831332.0
2012-08-15,48.55,48.86,47.36,48.07,798462.0,18888156.0
2012-08-16,47.97,48.23,46.71,47.64,469828.0,11060752.0
2012-08-17,47.93,48.8,47.46,48.51,564444.0,13397895.0
2012-08-20,48.29,48.86,47.7,48.43,661702.0,15750903.0
2012-08-21,48.15,50.4,47.7,50.1,1237570.0,30198918.0
2012-08-22,50.5,55.13,48.98,51.57,5974365.0,104132256.0
2012-08-23,49.89,52.3,49.47,51.05,2603744.0,43363388.0
2012-08-24,50.93,52.3,50.35,51.11,1518882.0,25655146.0
2012-08-27,50.99,51.08,46.0,46.0,2822441.0,43826412.0
2012-08-28,45.33,45.94,43.81,45.03,1284677.0,18943818.0
2012-08-29,44.72,46.7,44.6,45.42,1226858.0,18453620.0
2012-08-30,46.12,46.21,40.89,42.32,2769908.0,38431512.0
2012-08-31,41.92,45.94,41.1,44.6,2189959.0,31468448.0
2012-09-03,44.36,47.92,43.96,47.58,1805828.0,27640924.0
2012-09-04,47.58,51.63,47.16,50.29,4110980.0,67123624.0
2012-09-05,50.2,51.66,49.22,51.11,2968124.0,49468516.0
2012-09-06,50.44,51.08,48.1,50.35,4961453.0,80296104.0
2012-09-07,50.17,51.38,49.07,49.5,7879865.0,129444584.0
2012-09-10,49.01,51.14,48.71,50.96,3931785.0,64914300.0
2012-09-11,50.65,51.11,49.83,50.14,2066759.0,34247708.0
2012-09-12,50.44,50.56,48.43,49.07,2565503.0,41458664.0
2012-09-13,49.25,49.5,47.55,47.7,1751341.0,27835520.0
2012-09-14,47.92,48.19,46.4,47.16,1476640.0,22918578.0
2012-09-17,47.12,47.31,45.91,46.24,950047.0,14566103.0
2012-09-18,45.63,46.64,45.27,46.18,568977.0,8629349.0
2012-09-19,47.16,47.19,46.18,46.67,679721.0,10431334.0
2012-09-20,46.67,46.67,44.17,44.17,869522.0,12870049.0
2012-09-21,44.17,44.27,42.62,42.74,775402.0,10999513.0
2012-09-24,42.59,43.35,41.44,43.17,725618.0,10104456.0
2012-09-25,42.8,43.35,41.68,42.29,476753.0,6664429.0
2012-09-26,42.04,42.29,40.55,40.65,506322.0,6907566.0
2012-09-27,40.92,42.13,40.37,41.59,557475.0,7572155.0
2012-09-28,41.25,43.2,41.1,43.2,712489.0,9917922.0
2012-10-08,43.23,43.99,43.11,43.35,620155.0,8876895.0
2012-10-09,43.26,44.36,43.26,44.14,597220.0,8653130.0
2012-10-10,43.81,45.09,43.81,44.97,754126.0,11028975.0
2012-10-11,44.93,44.93,43.5,43.66,626502.0,9077776.0
2012-10-12,43.51,44.08,41.62,43.08,831918.0,11665745.0
2012-10-15,42.62,43.11,41.77,42.44,548724.0,7625709.0
2012-10-16,42.59,43.75,42.17,43.47,730934.0,10370285.0
2012-10-17,43.47,43.51,42.84,43.51,262503.0,3730162.0
2012-10-18,43.66,44.11,43.14,44.02,455342.0,6560660.0
2012-10-19,44.02,44.54,43.63,44.02,362370.0,5257521.0
2012-10-22,43.99,43.99,43.29,43.81,334686.0,4791981.0
2012-10-23,43.81,44.39,43.08,43.11,353349.0,5060601.0
2012-10-24,42.59,43.6,41.74,42.56,294543.0,4134617.0
2012-10-25,42.04,42.84,41.59,41.92,471812.0,6524843.0
2012-10-26,41.83,42.29,40.61,40.95,420576.0,5684384.0
2012-10-29,40.46,41.01,40.46,40.77,179993.0,2412139.0
2012-10-30,40.86,41.28,40.55,40.89,171736.0,2311927.0
2012-10-31,40.98,41.07,40.67,40.95,168130.0,2259078.0
2012-11-01,40.8,41.74,40.8,41.62,501088.0,6822548.0
2012-11-02,41.8,41.89,41.22,41.47,308721.0,4218039.0
2012-11-05,41.04,41.5,40.16,40.46,621329.0,8313660.0
2012-11-06,40.46,40.61,39.95,40.4,298101.0,3944743.0
2012-11-07,40.31,40.49,40.16,40.25,273461.0,3623131.0
2012-11-08,40.1,40.1,38.58,38.58,570650.0,7346317.0
2012-11-09,39.22,39.91,38.18,38.33,586833.0,7491973.0
2012-11-12,37.05,38.18,36.51,37.36,635067.0,7795214.0
2012-11-13,37.18,37.18,35.75,35.78,779920.0,9282030.0
2012-11-14,35.29,36.05,35.29,35.62,727225.0,8498046.0
2012-11-15,35.53,35.66,34.07,34.07,663198.0,7594092.0
2012-11-16,34.13,34.23,33.22,33.56,930705.0,10258297.0
2012-11-19,33.49,34.2,32.52,32.64,2135670.0,22981276.0
2012-11-20,32.8,33.34,32.64,33.28,1965881.0,21371316.0
2012-11-21,33.62,35.75,33.34,35.72,3754306.0,42615860.0
2012-11-22,34.99,35.23,34.41,35.08,2198291.0,25177474.0
2012-11-23,34.74,35.05,33.77,33.77,1418738.0,16089965.0
2012-11-26,33.71,35.17,33.49,34.29,1817919.0,20624588.0
2012-11-27,34.23,34.26,31.4,31.43,1790331.0,19123614.0
2012-11-28,31.43,31.43,30.12,31.03,1276624.0,12935567.0
2012-11-29,31.49,31.79,30.42,30.57,594597.0,6063618.0
2012-11-30,30.61,31.18,30.27,30.7,754589.0,7640130.0
2012-12-03,30.48,30.79,29.51,29.51,659702.0,6540905.0
2012-12-04,29.51,30.61,29.51,30.45,701950.0,6917444.0
2012-12-05,30.54,31.85,30.3,31.61,1333119.0,13750972.0
2012-12-06,31.61,32.49,31.03,31.49,1020876.0,10620960.0
2012-12-07,31.52,32.25,31.09,32.25,1213047.0,12704686.0
2012-12-10,32.25,33.4,31.97,33.16,1449602.0,15641600.0
2012-12-11,32.92,33.47,32.67,32.95,1025716.0,11156774.0
2012-12-12,32.92,33.22,31.97,32.49,1020398.0,10861559.0
2012-12-13,32.1,32.89,31.79,31.91,790086.0,8418115.0
2012-12-14,32.22,33.62,32.1,33.34,2022459.0,22060570.0
2012-12-17,33.47,34.13,33.16,33.83,1667314.0,18383598.0
2012-12-18,33.86,34.29,33.31,33.49,1346670.0,14945419.0
2012-12-19,33.37,33.8,33.01,33.53,1106199.0,12188899.0
2012-12-20,33.53,34.32,33.22,34.2,1512111.0,16882476.0
2012-12-21,34.2,34.92,33.83,34.65,1990870.0,22437290.0
2012-12-24,34.56,35.87,34.41,35.47,2340953.0,27236736.0
2012-12-25,35.66,36.33,35.14,35.93,1978518.0,23264342.0
2012-12-26,35.69,38.64,35.47,38.36,3285256.0,40373388.0
2012-12-27,38.64,39.55,36.96,37.05,3717698.0,47079012.0
2012-12-28,37.18,37.81,36.6,37.45,1656473.0,20302636.0
2012-12-31,37.48,37.81,36.66,37.27,1532021.0,18706832.0
2013-01-04,37.33,37.6,36.02,36.6,1491531.0,18026204.0
2013-01-07,36.51,37.15,35.99,37.15,1032025.0,12459832.0
2013-01-08,37.24,39.4,37.05,38.73,3059393.0,38728856.0
2013-01-09,38.61,42.59,38.3,42.59,6752072.0,93630496.0
2013-01-10,41.68,45.94,41.31,44.57,7181777.0,103292176.0
2013-01-11,44.36,45.6,43.53,43.63,4569510.0,66504008.0
2013-01-14,44.11,45.06,43.6,44.9,4095821.0,60004612.0
2013-01-15,44.42,46.09,44.17,45.06,3010255.0,44430704.0
2013-01-16,45.03,45.03,42.84,43.35,2807489.0,40318028.0
2013-01-17,42.96,43.96,42.17,42.5,1665023.0,23597724.0
2013-01-18,42.59,44.17,42.32,43.81,1672430.0,23792076.0
2013-01-21,43.63,45.33,43.63,44.75,2394032.0,35204664.0
2013-01-22,44.75,45.03,42.77,43.14,1495381.0,21485508.0
2013-01-23,43.78,44.02,40.61,41.92,1744634.0,24055022.0
2013-01-24,42.2,43.44,40.8,41.28,1526663.0,21102124.0
2013-01-25,41.59,43.66,41.59,42.59,1516438.0,21239784.0
2013-01-28,42.04,44.05,42.01,44.05,1325020.0,18913604.0
2013-01-29,43.81,48.46,43.51,46.7,3410507.0,51994016.0
2013-01-30,46.55,47.43,44.9,45.63,2107763.0,31845384.0
2013-01-31,46.15,46.15,42.62,43.93,1430152.0,20886070.0
2013-02-01,43.11,44.57,43.11,44.27,941345.0,13622253.0
2013-02-04,44.2,44.27,42.8,43.2,1229208.0,17480768.0
2013-02-05,43.2,43.72,42.87,43.53,577056.0,8228183.0
2013-02-06,43.66,45.6,43.51,45.12,1156165.0,17037894.0
2013-02-07,45.03,45.54,44.42,45.18,761288.0,11303715.0
2013-02-08,45.18,46.82,45.18,46.4,1537745.0,23314626.0
2013-02-18,46.61,49.56,46.61,49.26,3153271.0,49960392.0
2013-02-19,50.35,51.08,48.16,48.37,4923574.0,80519736.0
2013-02-20,48.52,49.22,47.79,48.95,1942918.0,31114008.0
2013-02-21,48.68,51.02,47.92,49.65,2666042.0,43551416.0
2013-02-22,49.59,50.2,49.01,49.53,1670658.0,27293546.0
2013-02-25,49.31,49.5,47.98,48.68,1861293.0,29645290.0
2013-02-26,48.46,49.22,48.07,48.52,1302380.0,20879048.0
2013-02-27,46.7,48.62,46.7,47.16,1265104.0,19763296.0
2013-02-28,47.0,48.37,46.85,48.34,1226138.0,19296368.0
2013-03-01,48.31,49.38,47.19,48.83,1377126.0,21938272.0
2013-03-04,48.59,49.8,47.61,47.79,1607799.0,25600932.0
2013-03-05,47.76,49.07,47.76,48.83,1903641.0,30435828.0
2013-03-06,49.22,50.56,49.13,50.38,2041504.0,33528114.0
2013-03-07,50.35,51.26,49.13,49.77,2311994.0,38217412.0
2013-03-08,49.22,50.08,47.46,48.16,1042841.0,16629094.0
2013-03-11,48.04,48.16,46.79,47.43,637683.0,9949824.0
2013-03-12,47.16,47.92,44.66,45.24,1572614.0,23653152.0
2013-03-13,45.0,45.94,43.2,45.57,938991.0,13851526.0
2013-03-14,45.24,46.24,45.24,45.51,380801.0,5734767.0
2013-03-15,45.63,46.91,44.75,45.63,685125.0,10319823.0
2013-03-18,45.33,46.12,43.35,44.27,415913.0,6142253.0
2013-03-19,45.27,45.36,43.84,45.18,569326.0,8358712.0
2013-03-20,45.18,46.46,45.18,46.42,1125077.0,17063076.0
2013-03-21,46.42,47.4,46.24,46.64,779712.0,12003023.0
2013-03-22,46.64,47.61,45.91,46.79,640884.0,9849917.0
2013-03-25,46.79,47.12,45.82,46.03,542551.0,8255202.0
2013-03-26,46.49,47.0,45.66,46.58,643660.0,9791238.0
2013-03-27,46.91,47.0,45.85,46.49,565573.0,8633427.0
2013-03-28,46.09,46.7,45.12,45.63,563221.0,8524820.0
2013-03-29,45.73,46.55,44.75,45.03,591120.0,8834933.0
2013-04-01,45.39,45.79,44.57,45.21,359447.0,5342655.0
2013-04-02,45.39,45.94,43.9,44.11,513470.0,7582077.0
2013-04-03,44.39,44.72,43.63,44.2,466530.0,6758058.0
2013-04-08,43.96,44.42,42.74,44.3,455501.0,6539610.0
2013-04-09,44.11,45.15,44.11,44.69,934656.0,13675480.0
2013-04-10,44.69,44.97,43.57,44.05,447011.0,6493492.0
2013-04-11,44.27,44.42,43.08,43.26,501846.0,7184435.0
2013-04-12,43.26,43.72,42.5,42.71,347907.0,4915446.0
2013-04-15,42.71,43.26,40.55,41.01,659325.0,8986581.0
2013-04-16,40.52,41.5,39.79,41.01,696766.0,9326108.0
2013-04-17,41.98,41.98,40.8,41.71,444199.0,6046888.0
2013-04-18,41.1,41.92,41.1,41.8,316562.0,4335709.0
2013-04-19,41.68,42.93,41.68,42.87,974895.0,13654030.0
2013-04-22,42.5,43.75,42.23,43.69,938346.0,13235158.0
2013-04-23,43.81,44.33,43.14,43.29,1324537.0,18987850.0
2013-04-24,43.32,45.33,43.02,44.78,1281248.0,18749968.0
2013-04-25,45.48,46.85,44.6,44.6,2202045.0,33108802.0
2013-04-26,45.06,45.18,43.35,43.81,925143.0,13414231.0
2013-05-02,43.05,44.97,43.05,44.78,631797.0,9258823.0
2013-05-03,44.81,46.94,44.81,45.79,1226505.0,18576464.0
2013-05-06,46.24,48.37,46.12,47.85,3074991.0,48107832.0
2013-05-07,47.92,48.65,47.03,48.1,2428669.0,38262644.0
2013-05-08,48.31,49.16,47.85,48.74,1970909.0,31461848.0
2013-05-09,49.26,49.26,47.61,48.8,2020697.0,32120668.0
2013-05-10,48.52,49.53,47.43,48.16,1524384.0,24197046.0
2013-05-13,47.92,52.48,47.76,50.56,3077014.0,50582764.0
2013-05-14,50.44,52.21,49.92,50.96,3308151.0,55689812.0
2013-05-15,50.05,52.27,49.47,51.66,2415344.0,40575988.0
2013-05-16,52.17,53.18,49.35,50.14,3002705.0,50541020.0
2013-05-17,49.8,51.35,49.8,50.2,1720357.0,28624338.0
2013-08-02,55.22,55.22,55.22,55.22,145057.0,2625532.0
2013-08-05,60.74,60.74,60.74,60.74,119175.0,2372774.0
2013-08-06,66.81,66.81,66.81,66.81,1974787.0,43247836.0
2013-08-07,69.52,73.49,68.27,73.49,15247299.0,357382944.0
2013-08-08,70.16,73.79,69.52,71.84,8517239.0,199615856.0
2013-08-09,72.3,75.47,70.22,72.75,9217786.0,220915440.0
2013-08-12,71.53,73.09,65.5,66.87,9162504.0,204563008.0
2013-08-13,66.84,69.12,64.98,68.52,6396043.0,141129408.0
2013-08-14,67.57,75.04,65.92,71.26,7932599.0,184443536.0
2013-08-15,71.78,78.4,71.26,77.91,12791536.0,321508576.0
2013-08-16,75.44,77.03,70.13,70.13,9441257.0,228189536.0
2013-08-19,68.03,74.16,68.03,73.76,4998942.0,118251400.0
2013-08-20,73.21,80.99,72.33,76.66,7327499.0,185235024.0
2013-08-21,75.35,80.78,75.14,75.59,5277535.0,134198600.0
2013-08-22,74.77,80.53,72.85,79.22,6708363.0,169195792.0
2013-08-23,78.34,86.94,77.79,86.48,9196071.0,249146080.0
2013-08-26,86.64,90.08,84.5,87.52,6226653.0,178466864.0
2013-08-27,86.27,88.86,83.95,86.82,5840639.0,164731056.0
2013-08-28,85.39,86.27,81.14,81.75,6631036.0,182233520.0
2013-08-29,82.67,83.86,78.55,82.39,6195384.0,164972416.0
2013-08-30,81.14,82.12,75.59,77.79,5163692.0,132771784.0
2013-09-02,76.29,82.36,76.29,82.21,4576681.0,120258584.0
2013-09-03,82.06,83.83,80.26,82.0,3018357.0,80938504.0
2013-09-04,82.0,82.15,77.33,78.95,3387017.0,87800608.0
2013-09-05,78.06,81.72,76.87,78.86,3632329.0,94837760.0
2013-09-06,77.58,79.92,77.18,77.91,2942418.0,75444544.0
2013-09-09,77.03,78.64,73.24,74.89,4358090.0,107032728.0
2013-09-10,75.04,75.9,72.08,74.13,3286236.0,79472168.0
2013-09-11,73.82,73.82,68.97,72.6,3571533.0,82776016.0
2013-09-12,71.57,73.43,70.62,71.08,2349362.0,55491992.0
2013-09-13,71.23,74.1,69.8,73.27,2803459.0,66395296.0
2013-09-16,73.21,75.2,71.69,72.42,3030409.0,73103160.0
2013-09-17,72.3,74.07,70.71,73.0,2212821.0,52545328.0
2013-09-18,72.3,73.73,71.93,72.45,1818888.0,43465148.0
2013-09-23,72.36,79.71,72.36,79.71,6339544.0,162010400.0
2013-09-24,79.31,81.66,78.7,80.05,4259080.0,111878280.0
2013-09-25,78.7,80.23,75.93,76.2,4506975.0,113973912.0
2013-09-26,76.26,77.48,72.57,72.76,2874602.0,70666888.0
2013-09-27,72.39,74.28,72.39,73.27,1521528.0,36680912.0
2013-09-30,73.43,76.2,73.4,75.35,1961565.0,48186536.0
2013-10-08,75.29,82.88,74.74,82.88,6667273.0,176020064.0
2013-10-09,85.11,88.71,82.36,85.69,6701362.0,187808624.0
2013-10-10,84.5,89.87,83.04,87.0,5716410.0,163213856.0
2013-10-11,86.12,88.1,84.13,86.3,3640146.0,102771528.0
2013-10-14,86.39,86.94,81.78,84.23,4497924.0,123437632.0
2013-10-15,84.04,85.29,79.95,80.11,3661765.0,98665528.0
2013-10-16,79.92,79.92,72.08,72.6,4102743.0,99879808.0
2013-10-17,72.88,74.74,71.41,72.15,2391823.0,57202888.0
2013-10-18,71.69,75.29,71.69,74.65,1973265.0,47856264.0
2013-10-21,75.29,79.62,75.04,78.67,2498078.0,64099860.0
2013-10-22,78.09,78.09,74.01,74.62,2293791.0,57145600.0
2013-10-23,74.89,74.89,71.02,73.21,1765830.0,42022416.0
2013-10-24,73.24,75.35,72.66,73.76,914218.0,22192996.0
2013-11-04,69.86,69.86,66.38,66.38,3501708.0,77717184.0
2013-11-05,66.35,69.34,65.74,69.19,1800133.0,39895384.0
2013-11-06,68.61,69.4,67.42,68.33,1403904.0,31465730.0
2013-11-07,66.75,68.27,64.06,65.16,852827.0,18564984.0
2013-11-08,64.0,64.98,63.39,63.76,816921.0,17155674.0
2013-11-11,63.45,65.22,62.35,64.76,592867.0,12514654.0
2013-11-12,65.28,68.03,64.76,67.11,884753.0,19385888.0
2013-11-13,66.35,67.88,64.06,64.7,678682.0,14748846.0
2013-11-14,64.89,67.81,64.06,66.72,864382.0,18773614.0
2013-11-15,67.97,70.07,67.11,69.4,2092212.0,47500424.0
2013-11-18,71.69,73.52,70.16,72.63,2607360.0,61742572.0
2013-11-19,73.21,73.98,71.11,72.3,1611909.0,38305836.0
2013-11-20,72.3,73.76,71.5,73.33,728545.0,17301464.0
2013-11-21,73.21,73.21,70.19,71.08,807487.0,18973748.0
2013-11-22,70.62,74.89,70.62,73.27,1525283.0,36570088.0
2013-11-25,73.24,80.59,72.91,77.15,2217430.0,56228756.0
2013-11-26,75.93,80.38,75.81,79.31,1945369.0,50314832.0
2013-11-27,79.31,80.08,77.51,79.56,1364206.0,35348916.0
2013-11-28,79.86,80.08,77.82,78.77,1015036.0,26206382.0
2013-11-29,78.86,83.19,78.86,82.85,2255052.0,60080740.0
2013-12-02,74.8,77.39,74.56,74.56,1698944.0,42063540.0
2013-12-03,71.41,71.66,67.11,70.83,3535091.0,79203520.0
2013-12-04,70.83,74.86,69.22,74.13,2945747.0,70220200.0
2013-12-05,73.79,74.74,70.25,74.13,2165825.0,51422112.0
2013-12-06,74.13,74.19,71.08,71.99,789756.0,18726930.0
2013-12-09,71.11,73.06,71.08,71.99,774027.0,18282724.0
2013-12-10,71.99,73.15,70.16,70.41,592666.0,13832846.0
2013-12-11,70.62,71.69,69.67,70.92,907026.0,21130620.0
2013-12-12,70.77,74.13,70.62,73.37,1193151.0,28374616.0
2013-12-13,73.12,74.31,71.99,72.76,854906.0,20423102.0
2013-12-16,73.43,73.43,70.96,71.41,878347.0,20588642.0
2013-12-17,71.41,71.99,68.79,70.16,695890.0,15983304.0
2013-12-18,69.7,70.83,68.64,69.95,666205.0,15297901.0
2013-12-19,70.62,70.92,68.94,68.97,343270.0,7890788.0
2013-12-20,69.49,71.29,68.67,71.08,673583.0,15537982.0
2013-12-23,71.14,74.8,69.55,73.21,1035881.0,24797688.0
2013-12-24,73.94,80.29,73.52,78.86,2333841.0,59456128.0
2013-12-25,78.55,84.87,77.82,84.65,2863910.0,77442520.0
2013-12-26,83.16,84.74,81.75,83.83,2044158.0,55615684.0
2013-12-27,83.28,86.03,82.43,85.87,2324762.0,64821904.0
2013-12-30,85.87,86.57,83.61,84.07,1325091.0,36796108.0
2013-12-31,84.1,85.35,78.95,82.94,2622679.0,70422864.0
2014-01-02,82.36,88.16,80.26,86.57,1862962.0,51898720.0
2014-01-03,85.42,90.91,84.07,87.89,2383960.0,68689512.0
2014-01-06,88.44,92.61,86.21,89.29,2656917.0,78651264.0
2014-01-07,89.02,97.53,88.16,94.57,5663279.0,172765040.0
2014-01-08,93.25,97.31,91.94,95.57,4091657.0,127233952.0
2014-01-09,94.6,95.64,90.6,91.52,3415020.0,104393912.0
2014-01-10,90.91,92.74,86.94,88.47,1754409.0,51747196.0
2014-01-13,88.68,89.38,84.87,85.32,2131872.0,60476540.0
2014-01-14,86.12,88.47,85.72,87.58,2671087.0,76336256.0
2014-01-15,87.43,95.42,85.45,94.63,4051524.0,120375304.0
2014-01-16,94.23,94.78,90.91,93.29,2449154.0,74684624.0
2014-01-17,92.43,95.18,90.91,92.89,2310832.0,70491512.0
2014-01-20,91.58,93.65,83.61,83.61,3467507.0,97939584.0
2014-01-21,83.13,85.39,82.67,84.65,2618880.0,72068440.0
2014-01-22,84.5,90.14,84.35,88.04,3348213.0,95726408.0
2014-01-23,87.86,96.7,84.9,94.32,3790659.0,114672928.0
2014-01-24,93.16,102.19,93.16,98.5,4913924.0,157927888.0
2014-01-27,98.5,108.26,97.62,103.72,3720857.0,125262696.0
2014-01-28,103.69,109.79,102.38,108.54,3463661.0,120674264.0
2014-01-29,108.54,110.67,106.46,110.64,2598703.0,92484680.0
2014-01-30,111.04,111.04,106.16,108.69,1816846.0,64708696.0
2014-02-07,107.99,113.33,103.75,112.72,1453200.0,52128160.0
2014-02-10,111.89,121.35,111.89,117.05,1400560.0,53643788.0
2014-02-11,114.4,118.27,111.34,114.88,2015707.0,75836488.0
2014-02-12,114.88,120.04,114.88,115.92,2108588.0,81060864.0
2014-02-13,115.92,115.92,105.4,105.58,2369413.0,84216632.0
2014-02-14,105.61,111.92,105.61,111.28,1537317.0,54862416.0
2014-02-17,111.5,115.92,107.07,112.87,2174267.0,79694256.0
2014-02-18,112.26,112.87,107.68,108.91,1432299.0,51356144.0
2014-02-19,110.09,111.16,108.05,110.28,1321168.0,47439964.0
2014-02-20,110.25,114.58,105.52,108.66,1366219.0,49255560.0
2014-02-21,108.66,113.63,106.83,113.63,1318435.0,48024900.0
2014-02-24,112.87,113.78,109.79,111.71,2505200.0,91857936.0
2014-02-25,111.71,117.84,105.4,106.43,4173403.0,154307840.0
2014-02-26,103.72,111.38,95.79,106.16,3176098.0,106450040.0
2014-02-27,106.98,107.68,97.92,99.3,2846920.0,94993608.0
2014-02-28,98.96,101.28,94.57,100.36,1183846.0,38521276.0
2014-03-03,100.55,105.21,99.63,103.41,1816893.0,60883228.0
2014-03-04,102.96,102.96,97.04,97.31,1779810.0,57875824.0
2014-03-05,98.5,101.86,97.47,101.86,1299037.0,42622572.0
2014-03-06,102.16,102.86,97.62,102.19,1137951.0,37563828.0
2014-03-07,102.5,103.66,100.21,101.52,955946.0,31746494.0
2014-03-10,99.97,102.68,97.01,97.01,1135710.0,37144140.0
2014-03-11,96.95,99.14,93.29,95.39,970794.0,30905678.0
2014-03-12,95.45,96.95,90.94,92.92,714845.0,22045596.0
2014-03-13,93.38,100.52,93.38,98.38,1498415.0,47808004.0
2014-03-14,97.92,101.89,96.86,100.67,1228894.0,40479528.0
2014-03-17,100.94,105.31,100.67,105.03,1921088.0,64549376.0
2014-03-18,104.63,109.52,104.6,109.12,1510593.0,53355712.0
2014-03-19,105.79,109.18,102.77,105.24,3960855.0,135854864.0
2014-03-20,106.65,112.81,105.24,106.31,3619976.0,129447656.0
2014-03-21,106.49,112.26,100.27,111.59,1834996.0,63348012.0
2014-03-24,109.67,111.38,108.17,110.12,1473660.0,52972656.0
2014-03-25,110.8,110.8,107.41,110.43,1885838.0,67342616.0
2014-03-26,110.89,116.47,109.82,115.89,2026709.0,75965352.0
2014-03-27,115.92,116.62,109.82,110.4,1413479.0,53243664.0
2014-03-28,108.91,108.91,99.36,105.7,1697931.0,57636056.0
2014-03-31,104.11,109.21,101.22,109.21,1587868.0,55436360.0
2014-04-01,107.68,120.13,107.32,119.58,2907939.0,111252280.0
2014-04-02,118.91,119.15,114.73,117.45,2241163.0,85909224.0
2014-04-03,115.56,116.68,105.7,107.44,2697393.0,97676336.0
2014-04-04,103.75,118.18,103.26,117.75,4068106.0,151762752.0
2014-04-08,115.98,116.23,108.81,109.21,3084658.0,112347352.0
2014-07-09,120.15,120.15,120.15,120.15,171542.0,3530334.0
2014-07-10,132.18,132.18,132.18,132.18,1049809.0,23767676.0
2014-07-11,145.37,145.37,139.83,145.37,19696072.0,488836960.0
2014-07-14,149.81,152.2,141.87,145.55,12701209.0,318125600.0
2014-07-15,143.04,144.44,132.53,138.37,11078430.0,262080720.0
2014-07-16,137.78,141.46,133.75,137.78,5670919.0,133622888.0
2014-07-17,137.78,145.9,135.16,143.04,7502164.0,181792992.0
2014-07-18,144.21,144.21,132.53,140.53,6025043.0,142795616.0
2014-07-21,137.2,137.55,132.53,135.16,3950523.0,91569336.0
2014-07-22,133.7,136.03,132.53,134.22,3271023.0,75131192.0
2014-07-23,134.28,135.22,120.79,125.47,8734420.0,187157040.0
2014-07-24,123.6,123.6,118.69,122.6,3909943.0,81414888.0
2014-07-25,116.94,123.77,116.88,121.55,3174496.0,65513984.0
2014-07-28,121.44,129.32,120.27,128.15,4566951.0,98293928.0
2014-07-29,128.03,130.66,125.93,128.74,2617139.0,57888980.0
2014-07-30,127.68,138.25,127.68,137.14,6427422.0,147410640.0
2014-07-31,135.45,137.67,133.17,135.74,2110852.0,48876472.0
2014-08-01,134.28,135.68,128.44,128.5,4433628.0,99227720.0
2014-08-04,128.44,131.07,127.51,129.73,1619289.0,36025224.0
2014-08-05,129.96,133.06,124.12,131.95,3714870.0,81903744.0
2014-08-06,130.72,132.94,129.03,132.41,1897399.0,42577848.0
2014-08-07,132.41,132.71,129.61,130.08,1341940.0,30105958.0
2014-08-08,130.72,132.82,130.54,131.25,1954748.0,44175596.0
2014-08-11,131.42,131.65,128.15,129.79,4184834.0,92966744.0
2014-08-12,129.61,131.01,128.33,129.96,2710647.0,60008928.0
2014-08-13,129.32,129.96,125.99,127.57,3283022.0,71739248.0
2014-08-14,126.63,127.57,122.49,123.19,4507302.0,96119072.0
2014-08-15,123.19,124.71,120.68,123.95,3593858.0,75688328.0
2014-08-18,123.95,130.78,123.77,130.37,4822760.0,105813088.0
2014-08-19,130.78,136.85,130.78,134.11,7621197.0,175569536.0
2014-08-20,134.16,134.28,130.66,131.19,2915587.0,65976308.0
2014-08-21,131.19,131.83,125.52,128.21,3370963.0,74107760.0
2014-08-22,128.21,135.74,128.21,135.16,5854630.0,133110264.0
2014-08-25,135.45,137.32,131.83,135.86,4792560.0,111144872.0
2014-08-26,134.87,134.87,129.96,131.48,2266913.0,51397180.0
2014-08-27,131.42,136.03,129.73,135.8,3621658.0,83293904.0
2014-08-28,135.92,140.35,133.87,138.43,4332479.0,102099112.0
2014-08-29,137.78,138.84,134.34,137.32,1919821.0,44978572.0
2014-09-01,136.62,141.81,135.57,140.53,3463253.0,82588968.0
2014-09-02,141.35,151.5,139.89,148.29,5489381.0,138785328.0
2014-09-03,149.46,151.5,143.8,148.41,4770648.0,120616896.0
2014-09-04,148.59,151.27,147.18,149.81,3133735.0,80338912.0
2014-09-05,149.81,151.04,143.86,145.43,3375276.0,84423824.0
2014-09-09,145.67,145.72,142.22,143.91,2156531.0,53178300.0
2014-09-10,143.62,145.61,142.05,144.67,2778479.0,68235384.0
2014-09-11,143.97,145.84,140.41,141.52,3395393.0,83478376.0
2014-09-12,141.7,145.26,140.76,145.02,2001914.0,49120152.0
2014-09-15,144.79,156.88,143.86,152.56,7093537.0,182494560.0
2014-09-16,151.8,158.69,150.04,152.61,6004093.0,158697616.0
2014-09-17,152.67,153.78,144.09,153.55,3855719.0,98646416.0
2014-09-18,152.91,153.84,148.24,151.15,2247358.0,58177204.0
2014-09-19,150.63,154.72,149.75,150.8,3426245.0,89330928.0
2014-09-22,150.63,151.21,144.79,145.32,3437400.0,86714176.0
2014-09-23,145.84,148.06,144.38,146.72,1716590.0,42972320.0
2014-09-24,146.72,151.04,145.96,148.88,2319783.0,59094988.0
2014-09-25,149.46,154.72,146.72,151.27,3233104.0,83889520.0
2014-09-26,151.21,152.26,148.59,149.46,1937903.0,49783660.0
2014-09-29,149.17,150.63,144.79,145.78,3684117.0,92754520.0
2014-09-30,146.43,151.85,145.96,149.52,2356909.0,60340232.0
2014-10-08,149.81,150.69,144.91,147.13,3873546.0,97478360.0
2014-10-09,147.94,148.29,144.32,145.78,3639167.0,90781752.0
2014-10-10,145.84,146.31,138.37,141.0,5719469.0,139518992.0
2014-10-13,140.7,142.1,139.42,141.87,2939641.0,70951872.0
2014-10-14,141.87,143.56,138.78,140.12,3312864.0,80160872.0
2014-10-15,140.06,141.11,138.13,140.0,2595591.0,62081716.0
2014-10-16,138.37,139.89,135.45,135.8,3149164.0,74700672.0
2014-10-17,135.45,135.8,123.89,129.9,6517744.0,144076288.0
2014-10-20,130.08,140.12,129.61,139.42,4345099.0,100758648.0
2014-10-21,139.13,140.59,135.45,137.78,2517047.0,59586776.0
2014-10-22,137.2,138.95,133.11,134.28,1763414.0,41494664.0
2014-10-30,144.79,144.79,137.78,138.13,6719291.0,161437280.0
2014-10-31,134.28,137.08,132.65,133.29,3804179.0,87604368.0
2014-11-03,133.06,134.81,131.36,134.16,4681197.0,106722976.0
2014-11-04,134.28,134.57,128.62,129.49,3623270.0,81118200.0
2014-11-05,129.84,130.37,127.57,130.08,3314096.0,73173784.0
2014-11-06,130.08,133.29,129.09,132.82,2859891.0,64178080.0
2014-11-07,132.82,137.26,131.13,132.59,3612718.0,82888344.0
2014-11-10,131.95,133.58,130.43,131.77,2076571.0,46893420.0
2014-11-11,132.41,132.41,123.83,126.58,3365098.0,73334336.0
2014-11-12,125.99,128.38,124.59,128.15,1678826.0,36361648.0
2014-11-13,127.33,128.38,122.72,124.3,1555896.0,33138346.0
2014-11-14,123.19,125.17,122.08,122.61,1437468.0,30336708.0
2014-11-17,124.65,131.36,121.9,130.78,3632624.0,79771432.0
2014-11-18,130.66,136.56,128.62,135.97,4782291.0,110373328.0
2014-11-19,135.16,137.08,133.17,134.87,2180761.0,50663700.0
2014-11-20,134.28,137.9,133.11,137.43,3056775.0,71283600.0
2014-11-21,137.2,147.71,137.2,144.21,6985437.0,173177824.0
2014-11-24,145.08,158.63,145.08,158.63,12281094.0,325820448.0
2014-11-25,163.47,171.53,160.44,164.64,9185481.0,261108464.0
2014-11-26,162.77,168.9,157.63,168.2,6868096.0,194562912.0
2014-11-27,167.09,167.56,160.79,164.17,4046548.0,113002600.0
2014-11-28,162.95,180.58,159.56,178.65,8416792.0,248660480.0
2014-12-01,178.36,196.52,176.67,185.78,8769313.0,286020992.0
2014-12-02,183.32,202.94,178.13,192.61,5753452.0,183278016.0
2014-12-03,187.53,192.72,179.88,190.91,4837891.0,154353552.0
2014-12-04,189.75,205.22,182.8,198.85,7027035.0,235876848.0
2014-12-05,195.58,195.76,178.94,184.49,7486682.0,234788880.0
2014-12-08,181.46,181.46,166.04,170.48,7508907.0,221042512.0
2014-12-09,169.25,171.0,153.43,153.61,7767273.0,212088752.0
2014-12-10,153.61,163.65,144.79,159.68,5900931.0,158632112.0
2014-12-11,159.15,162.42,154.77,156.29,3055698.0,82435864.0
2014-12-12,155.18,171.94,155.18,171.94,4304146.0,121527256.0
2014-12-15,171.53,189.16,168.14,185.07,5212652.0,162849408.0
2014-12-16,188.52,191.5,175.73,186.24,3863104.0,121773808.0
2014-12-17,181.05,197.92,179.29,197.92,4792404.0,155817344.0
2014-12-18,194.59,217.71,192.66,217.48,5578841.0,200679200.0
2014-12-19,208.43,217.19,195.76,199.79,8973949.0,307195968.0
2014-12-22,192.66,192.66,179.82,179.82,2357685.0,73264088.0
2014-12-23,175.15,188.52,161.84,168.2,6141635.0,182240944.0
2014-12-24,169.37,174.86,167.03,170.42,4417286.0,129191904.0
2014-12-25,186.83,187.47,181.1,187.47,6960126.0,222931664.0
2014-12-26,185.66,185.66,173.63,174.51,7631260.0,232103088.0
2014-12-29,170.77,170.77,158.1,163.47,8283345.0,230602688.0
2014-12-30,163.65,166.39,158.57,166.33,5903071.0,164548080.0
2014-12-31,164.64,166.57,159.97,163.82,4594801.0,128426608.0
2015-01-05,163.47,163.47,147.71,151.8,7972643.0,206735824.0
2015-01-06,150.04,166.98,149.17,166.98,8674002.0,237435952.0
2015-01-07,168.73,175.09,163.65,170.48,9481015.0,275896832.0
2015-01-08,167.85,184.84,165.11,178.24,8114730.0,245018384.0
2015-01-09,173.98,183.44,172.87,173.98,6888889.0,210852800.0
2015-01-12,171.35,185.07,168.03,176.96,7119748.0,217003200.0
2015-01-13,176.96,190.91,172.23,188.05,7972505.0,252986704.0
2015-01-14,192.84,195.58,184.49,189.16,7442286.0,240828080.0
2015-01-15,185.02,189.28,177.54,178.54,6969685.0,217223504.0
2015-01-16,177.54,195.58,175.44,195.58,8361841.0,270242432.0
2015-01-19,189.75,210.18,189.22,200.55,10970989.0,374847488.0
2015-01-20,196.87,214.62,196.87,209.95,6661949.0,236530976.0
2015-01-21,210.59,210.59,200.49,206.03,8092304.0,283801312.0
2015-01-22,204.34,210.94,200.25,203.17,4791015.0,167290704.0
2015-01-23,200.84,203.64,189.92,191.44,7040605.0,234323408.0
2015-01-26,192.43,207.03,192.43,206.68,6467469.0,223060400.0
2015-01-27,204.63,205.51,198.21,203.52,4398452.0,152285856.0
2015-01-28,200.31,210.18,197.8,198.5,5403581.0,187993008.0
2015-01-29,192.78,196.93,190.39,193.19,3567913.0,118083240.0
2015-01-30,193.25,195.58,185.66,186.42,2964430.0,96182840.0
2015-02-02,184.49,196.05,182.21,192.66,3721296.0,122752792.0
2015-02-03,192.2,209.3,191.5,202.01,6423291.0,221101104.0
2015-02-04,201.42,204.63,196.17,196.52,4360903.0,148793024.0
2015-02-05,194.36,204.34,189.28,190.91,9665382.0,326265312.0
2015-02-06,188.46,191.21,178.19,179.29,7937437.0,249120416.0
2015-02-09,177.49,186.83,176.9,185.02,5183320.0,163707984.0
2015-02-10,185.02,193.83,180.99,191.32,4439917.0,143249456.0
2015-02-11,187.99,200.72,187.99,199.26,12729037.0,426968736.0
2015-02-12,202.94,219.17,201.42,219.17,12411232.0,460142112.0
2015-02-13,230.03,241.06,228.57,238.2,15203012.0,612971840.0
2015-02-16,234.41,262.02,233.42,262.02,14969526.0,632987264.0
2015-02-17,265.35,267.28,251.81,256.59,9216468.0,407252224.0
2015-02-25,254.9,261.56,239.84,242.17,6740010.0,288648992.0
2015-02-26,241.82,246.38,232.13,241.3,7224820.0,294725824.0
2015-02-27,241.71,253.27,236.51,248.3,8284121.0,348911584.0
2015-03-02,246.38,263.25,240.6,256.48,7910365.0,343901920.0
2015-03-03,251.05,253.91,242.35,243.98,6806423.0,288491008.0
2015-03-04,244.16,262.08,239.31,252.51,7537396.0,323898144.0
2015-03-05,248.71,277.79,248.19,277.79,12114873.0,560607360.0
2015-03-06,274.52,291.33,262.9,269.03,7267653.0,343269024.0
2015-03-09,262.02,283.16,256.3,276.39,5106958.0,237502976.0
2015-03-10,274.63,304.0,270.78,304.0,6708734.0,338623104.0
2015-03-11,303.01,304.76,289.11,295.59,4935105.0,250910288.0
2015-03-12,291.92,297.7,266.05,277.55,7014188.0,332260672.0
2015-03-13,274.4,299.1,271.48,296.94,6082667.0,296465088.0
2015-03-16,296.0,316.32,293.67,305.69,8039654.0,419715104.0
2015-03-17,301.84,304.53,294.13,296.47,5087180.0,259611104.0
2015-03-18,293.38,311.18,292.79,301.84,4642946.0,241656960.0
2015-03-19,295.13,300.44,290.75,296.88,4841786.0,243956240.0
2015-03-20,295.59,317.02,294.95,305.64,5162366.0,271381376.0
2015-03-23,303.65,336.23,303.65,336.23,6424310.0,358355616.0
2015-03-24,350.3,368.69,321.11,367.23,10254685.0,606542400.0
2015-03-25,359.06,369.39,345.69,351.47,7031909.0,429582816.0
2015-03-26,344.46,344.46,316.32,322.86,9471948.0,526910784.0
2015-03-27,315.27,332.2,313.4,326.42,4716693.0,262012720.0
2015-03-30,323.97,328.7,301.38,309.37,6371601.0,339693056.0
2015-03-31,305.35,323.91,305.35,318.77,5125512.0,279232128.0
2015-04-01,318.77,340.67,315.33,334.6,5317947.0,298073216.0
2015-04-02,328.12,340.78,323.44,331.03,6302122.0,355845536.0
2015-04-03,328.12,339.73,324.61,328.0,6429345.0,365070560.0
2015-04-07,329.75,353.57,321.17,350.24,8167042.0,466831968.0
2015-04-08,348.55,348.55,316.9,322.45,8282085.0,466149504.0
2015-04-09,320.52,320.52,291.92,311.77,5793231.0,303451648.0
2015-04-10,309.26,326.95,302.83,319.12,4388768.0,239578256.0
2015-04-13,319.94,336.81,316.61,329.57,6320754.0,354379488.0
2015-04-14,331.03,331.03,309.43,311.53,5471532.0,295874336.0
2015-04-15,303.59,304.47,285.96,286.08,6429425.0,322472576.0
2015-05-04,314.68,314.68,314.68,314.68,163895.0,4446472.0
2015-05-05,346.12,346.12,346.12,346.12,982453.0,29316398.0
2015-05-06,347.97,369.08,326.4,336.72,27630810.0,832846592.0
2015-05-07,322.45,365.37,318.97,350.29,19672230.0,590429696.0
2015-05-08,356.67,385.32,356.67,385.32,8530311.0,277697664.0
2015-05-11,423.71,423.83,416.4,423.83,6695845.0,244067280.0
2015-05-12,466.16,466.16,429.16,466.16,30925904.0,1220755200.0
2015-05-13,442.5,469.18,435.08,441.11,21384764.0,832442560.0
2015-05-14,440.76,469.3,432.88,443.08,18896038.0,738684352.0
2015-05-15,429.16,463.96,401.09,444.24,16493437.0,614977664.0
2015-05-18,445.4,488.67,445.4,488.67,25547560.0,1050940992.0
2015-05-19,490.41,498.76,458.16,486.12,18826656.0,778847680.0
2015-05-20,482.52,534.71,481.36,517.32,18953706.0,840175744.0
2015-05-21,516.97,550.95,501.08,534.25,19411792.0,886924736.0
2015-05-22,534.48,551.88,499.45,522.3,14428399.0,651614976.0
2015-05-25,492.96,521.84,485.88,492.26,12770330.0,547473536.0
2015-05-26,490.64,521.96,490.64,518.94,11401432.0,500020576.0
2015-05-27,537.96,547.47,496.44,529.26,16049559.0,723734912.0
2015-05-28,529.61,579.95,516.16,530.08,21167236.0,1003703296.0
2015-05-29,533.9,574.15,487.16,564.99,19569212.0,932467776.0
2015-06-01,568.35,614.75,556.4,613.7,13277412.0,681589376.0
2015-06-02,597.35,637.95,589.0,628.78,14281665.0,752134912.0
2015-06-03,617.07,635.62,583.2,614.75,12878643.0,678144128.0
2015-06-04,603.15,632.15,555.59,596.42,11475566.0,587575296.0
2015-06-05,596.54,626.23,591.55,595.61,9229108.0,487321696.0
2015-06-08,579.95,595.03,543.99,552.81,9830526.0,479036160.0
2015-06-09,542.83,583.2,528.8,532.63,11694638.0,554503680.0
2015-06-10,520.56,551.88,498.76,541.33,11999282.0,543493504.0
2015-06-11,535.87,595.49,530.54,589.92,13748559.0,674958592.0
2015-06-12,589.81,643.75,589.81,625.53,13847826.0,749390144.0
2015-06-15,625.65,630.99,580.76,593.75,10772321.0,561510272.0
2015-06-16,582.15,582.15,534.37,551.3,10603951.0,510145312.0
2015-06-17,556.75,606.4,545.15,606.4,11043698.0,552887104.0
2015-06-18,608.48,636.78,579.83,584.36,11243448.0,588947904.0
2015-06-19,556.75,616.84,540.51,586.91,14646485.0,746094272.0
2015-06-23,568.35,603.15,528.22,551.88,10651197.0,509454368.0
2015-06-24,561.51,574.15,497.48,519.63,16901452.0,759952896.0
2015-06-25,525.2,531.23,467.67,467.67,17204116.0,723680000.0
2015-06-26,452.36,452.36,420.93,420.93,9264360.0,340603584.0
2015-06-29,429.86,429.86,378.82,378.82,9909473.0,327995680.0
2015-06-30,340.89,416.75,340.89,416.64,19728688.0,661510656.0
2015-07-01,417.56,458.16,405.96,420.58,17971912.0,676668800.0
2015-07-02,429.39,447.26,382.19,420.58,17494596.0,632685248.0
2015-07-03,405.96,448.88,378.48,408.29,16848416.0,597525824.0
2015-07-06,449.11,449.11,367.46,367.46,15209133.0,518534080.0
2015-07-07,332.89,334.98,330.69,330.69,1568600.0,44767716.0
2015-07-20,363.75,363.75,363.75,363.75,113906.0,3572092.0
2015-07-21,400.17,400.17,383.35,400.17,4958069.0,170611056.0
2015-07-22,423.36,440.18,406.66,440.18,16211789.0,610326208.0
2015-07-23,455.14,460.94,431.48,446.33,16965824.0,649617728.0
2015-07-24,442.15,458.05,436.12,440.65,11667549.0,449297472.0
2015-07-27,429.28,458.16,396.69,396.8,16564025.0,623852800.0
2015-07-28,376.97,420.0,357.13,385.09,22808922.0,761352192.0
2015-07-29,391.47,410.02,360.26,404.69,17274498.0,574124672.0
2015-07-30,400.75,400.75,364.67,364.67,12886598.0,431249312.0
2015-07-31,345.77,368.85,333.47,335.1,11443002.0,342429440.0
2015-08-03,322.45,323.15,301.57,301.57,11984851.0,314407712.0
2015-08-04,291.25,331.62,271.42,329.99,27315672.0,701854080.0
2015-08-05,318.97,329.64,313.17,316.65,17612906.0,486869696.0
2015-08-06,308.07,326.16,296.93,320.71,12096352.0,325603936.0
2015-08-07,327.79,351.45,327.21,343.91,16686242.0,489705472.0
2015-08-10,344.49,376.97,334.75,368.85,15607892.0,480901632.0
2015-08-11,366.53,400.51,362.47,382.77,13611249.0,452411296.0
2015-08-12,374.42,389.26,364.21,364.21,10521401.0,338390656.0
2015-08-13,358.99,373.26,342.17,372.1,10331495.0,319584864.0
2015-08-14,372.1,377.9,359.57,361.43,7862756.0,247797616.0
2015-08-17,365.25,397.61,359.57,397.61,16732258.0,550078848.0
2015-08-18,403.65,432.41,358.64,364.21,25808998.0,905550144.0
2015-08-19,349.13,400.63,339.39,400.63,19806586.0,638809216.0
2015-08-20,401.09,428.24,396.69,397.38,31882396.0,1128532992.0
2015-08-21,394.37,411.65,357.6,357.6,22324524.0,721343552.0
2015-08-24,321.87,336.25,321.87,321.87,5147848.0,143439152.0
2015-08-25,289.74,289.74,289.74,289.74,1987800.0,49655244.0
2015-08-26,271.65,296.01,260.75,260.75,24361272.0,566118144.0
2015-08-27,258.66,273.74,234.65,252.28,19949270.0,431282624.0
2015-08-28,259.82,277.56,252.39,277.56,18430392.0,420649696.0
2015-08-31,276.06,276.06,249.84,249.84,14805641.0,330783808.0
2015-09-01,237.78,241.84,224.91,224.91,8621596.0,169490176.0
2015-09-02,202.52,241.49,202.52,210.29,15948151.0,299655904.0
2015-09-07,225.83,231.28,222.12,231.28,10212545.0,203077200.0
2015-09-08,237.32,254.37,231.98,254.37,21132340.0,442931904.0
2015-09-09,266.78,279.77,262.02,279.54,26323474.0,624088192.0
2015-09-10,271.53,286.5,265.38,271.88,17692428.0,418938624.0
2015-09-11,277.22,299.02,277.22,298.09,18718208.0,471594560.0
2015-09-14,289.98,293.8,268.29,268.29,14891411.0,358092288.0
2015-09-15,265.38,286.5,247.99,266.31,17319940.0,403258912.0
2015-09-16,272.58,292.99,272.11,292.99,21370440.0,528686752.0
2015-09-17,310.85,322.34,300.41,315.49,24253048.0,657942528.0
2015-09-18,316.54,333.94,305.29,323.5,18796644.0,515626912.0
2015-09-21,313.17,350.87,309.69,341.01,13471402.0,392721088.0
2015-09-22,341.59,348.9,330.45,339.85,16469675.0,482357216.0
2015-09-23,330.11,362.93,327.09,352.84,14945202.0,450399840.0
2015-09-24,354.7,365.37,334.75,343.56,13428361.0,403337024.0
2015-09-25,336.37,339.85,309.23,309.23,13766252.0,380382784.0
2015-09-28,310.85,340.2,310.85,340.2,13661367.0,386957312.0
2015-09-29,331.73,371.17,328.02,348.55,17249308.0,522988832.0
2015-09-30,356.09,359.45,332.89,341.59,9724428.0,290200064.0
2015-10-08,361.89,374.65,353.77,366.53,9875253.0,310751232.0
2015-10-09,366.88,376.39,358.41,370.12,9908133.0,315270880.0
2015-10-12,374.3,394.37,369.31,378.13,10928555.0,362500864.0
2015-10-13,371.05,392.05,367.46,376.39,10957817.0,361462176.0
2015-10-14,376.97,382.77,363.05,365.14,10123137.0,323416000.0
2015-10-15,364.9,391.0,361.31,387.06,12939625.0,424878496.0
2015-10-16,390.07,405.62,384.39,396.45,11886812.0,404767552.0
2015-10-19,395.76,400.05,373.49,387.52,10938721.0,362924640.0
2015-10-20,384.74,417.33,380.45,411.18,13628444.0,476136224.0
2015-10-21,411.53,414.08,370.12,370.24,12854451.0,434810080.0
2015-10-22,376.97,398.66,375.92,395.87,9971212.0,334321824.0
2015-10-23,397.73,415.24,392.51,404.69,10479748.0,365091552.0
2015-10-26,411.76,428.0,394.25,414.08,11197014.0,396794304.0
2015-10-27,405.96,424.52,376.97,419.3,11514727.0,400229184.0
2015-10-28,408.05,429.16,394.48,396.45,10348190.0,366272928.0
2015-10-29,404.34,406.2,379.4,389.96,8949199.0,301544320.0
2015-10-30,397.38,423.36,394.37,400.86,15395722.0,541725632.0
2015-11-02,382.77,409.44,375.81,381.03,12156678.0,410800064.0
2015-11-03,383.35,388.22,367.81,373.37,7610492.0,247642400.0
2015-11-04,378.13,405.97,378.13,402.49,11425760.0,386991712.0
2015-11-05,402.83,411.65,386.25,396.69,10244166.0,351510880.0
2015-11-06,394.37,429.16,394.37,424.41,14702038.0,530018688.0
2015-11-09,417.56,464.89,413.5,460.94,17065562.0,646489152.0
2015-11-10,452.36,470.92,440.76,453.64,11325049.0,446479360.0
2015-11-11,446.68,461.99,446.68,457.35,7850101.0,308595168.0
2015-11-12,457.0,479.04,447.49,456.07,10437166.0,416035488.0
2015-11-13,447.49,475.56,442.39,450.27,13331351.0,529520928.0
2015-11-16,446.56,479.62,441.92,478.46,11528253.0,464526272.0
2015-11-17,480.66,484.84,462.69,464.19,10605174.0,431309792.0
2015-11-18,467.32,475.56,447.14,447.37,8334245.0,331906368.0
2015-11-19,444.82,463.96,439.6,462.69,8897787.0,345218464.0
2015-11-20,459.32,462.8,447.49,453.75,8252942.0,323091424.0
2015-11-23,448.88,455.26,433.57,435.08,8461702.0,325192960.0
2015-11-24,437.28,447.61,426.26,447.61,9069319.0,341517568.0
2015-11-25,439.37,464.31,439.37,464.08,8974069.0,351522432.0
2015-11-26,464.08,469.76,447.72,449.93,7366033.0,288782752.0
2015-11-27,448.88,448.88,405.97,413.39,8599178.0,318659648.0
2015-11-30,414.9,420.81,381.38,404.81,10231703.0,352072800.0
2015-12-01,401.44,404.81,387.41,388.57,8057041.0,274600448.0
2015-12-02,389.73,395.53,359.57,383.58,8512957.0,278553728.0
2015-12-03,385.09,411.53,384.28,408.52,7698077.0,265338928.0
2015-12-04,407.01,431.02,399.24,420.12,12023025.0,433349248.0
2015-12-07,418.73,433.8,417.68,423.37,6539709.0,240364576.0
2015-12-08,425.1,425.1,403.65,404.34,12696858.0,448765792.0
2015-12-09,397.85,423.94,396.34,408.4,11122770.0,394681984.0
2015-12-10,410.61,422.67,402.49,415.94,12632651.0,447767296.0
2015-12-11,411.53,426.26,405.04,411.77,10663656.0,384407392.0
2015-12-14,404.81,404.81,373.6,394.37,17337020.0,579460032.0
2015-12-15,391.7,411.07,389.73,396.45,11216894.0,388546496.0
2015-12-16,400.17,407.13,392.05,393.56,9365839.0,320960384.0
2015-12-17,395.99,419.19,395.99,414.55,16959644.0,597310272.0
2015-12-18,415.82,426.84,408.29,410.14,13582529.0,489063680.0
2015-12-21,410.03,415.13,393.9,397.73,12702906.0,438190144.0
2015-12-22,400.17,402.49,388.92,395.3,11769857.0,398997632.0
2015-12-23,394.83,399.47,378.13,379.87,14887075.0,495611904.0
2015-12-24,379.98,386.6,363.98,384.62,15544981.0,497169120.0
2015-12-25,381.49,386.02,368.96,372.21,11889927.0,385691264.0
2015-12-28,374.65,380.45,365.49,367.69,13136836.0,423104000.0
2015-12-29,366.53,373.26,360.38,371.87,9787648.0,308900416.0
2015-12-30,373.49,405.73,373.37,398.66,29108824.0,976642240.0
2015-12-31,392.51,396.11,371.17,371.52,18103260.0,595620928.0
2016-01-04,366.64,369.78,334.4,334.4,14003030.0,415876768.0
2016-01-05,301.0,324.89,301.0,308.3,16988584.0,455372832.0
2016-01-06,310.74,323.5,302.27,317.23,14638679.0,394843616.0
2016-01-07,306.79,306.79,285.57,285.57,2833200.0,72186008.0
2016-01-08,293.8,298.1,257.03,290.09,16189635.0,399183520.0
2016-01-11,281.86,289.4,261.09,261.09,8932336.0,211208960.0
2016-01-12,266.43,281.04,258.66,276.75,14025236.0,328880448.0
2016-01-13,278.38,284.99,266.78,266.78,9382653.0,224535024.0
2016-01-14,252.28,292.3,249.5,288.82,13219052.0,316441472.0
2016-01-15,287.66,302.15,283.25,293.57,16858528.0,428447296.0
2016-01-18,290.09,309.35,289.98,302.73,10947780.0,283369600.0
2016-01-19,307.95,313.87,297.86,312.36,14445664.0,381316320.0
2016-01-20,315.49,315.61,296.47,297.75,14332772.0,376585888.0
2016-01-21,297.63,307.37,286.03,286.73,9348131.0,241322512.0
2016-01-22,290.67,295.43,276.06,292.76,8669398.0,213792736.0
2016-01-25,299.02,299.02,279.54,284.18,12129405.0,300016608.0
2016-01-26,276.17,279.42,255.76,255.76,9840878.0,226647840.0
2016-01-27,257.27,260.4,230.24,249.15,15157918.0,317207872.0
2016-01-28,243.58,247.64,229.66,233.26,7471516.0,155561536.0
2016-01-29,233.14,256.57,232.21,253.21,11121165.0,236761072.0
2016-02-01,250.89,272.11,249.38,264.34,13796492.0,313694976.0
2016-02-02,263.76,290.79,262.14,290.79,17959516.0,444153248.0
2016-02-03,284.18,292.18,279.54,289.98,11072886.0,273145056.0
2016-02-04,288.82,298.44,288.58,290.67,11009514.0,278232096.0
2016-02-05,292.41,298.68,284.76,287.66,6557931.0,164394880.0
2016-02-15,276.06,288.24,270.61,284.76,5385650.0,130724600.0
2016-02-16,284.76,305.52,284.76,298.33,8062152.0,207729552.0
2016-02-17,298.56,300.88,286.5,296.01,12283761.0,310761376.0
2016-02-18,299.14,308.07,294.04,296.82,10115727.0,262272832.0
2016-02-19,294.62,310.85,292.3,304.59,13878036.0,362231456.0
2016-02-22,307.37,313.87,301.69,309.93,12451855.0,331781408.0
2016-02-23,309.93,312.83,290.67,295.66,12456076.0,321145984.0
2016-02-24,294.96,297.51,273.5,286.26,13976063.0,342979872.0
2016-02-25,285.34,285.34,257.61,257.73,14550697.0,336669536.0
2016-02-26,261.33,264.11,246.01,252.74,11282916.0,247383040.0
2016-02-29,252.05,252.05,227.46,228.38,13631883.0,272866976.0
2016-03-01,230.59,243.12,220.38,238.71,14421165.0,288878208.0
2016-03-02,238.59,252.86,231.98,252.86,12662954.0,265866016.0
2016-03-03,251.12,263.3,249.38,252.05,13491498.0,298138592.0
2016-03-04,248.57,252.63,229.2,232.33,14050749.0,289036480.0
2016-03-07,237.78,252.51,235.58,241.03,12215852.0,257235888.0
2016-03-08,236.97,257.15,221.66,256.92,15933122.0,331902144.0
2016-03-09,248.91,265.5,247.75,257.5,19920236.0,444529920.0
2016-03-10,251.7,260.75,243.58,245.78,12910564.0,278341440.0
2016-03-11,237.78,250.42,236.62,247.99,8865830.0,187264848.0
2016-03-14,254.6,272.81,252.86,272.81,15425641.0,355107648.0
2016-03-15,274.9,279.07,266.2,266.66,15461321.0,364209760.0
2016-03-16,272.69,275.25,257.27,262.6,13562922.0,310789280.0
2016-03-17,265.39,286.26,264.11,283.13,16866896.0,402704768.0
2016-03-18,283.48,299.83,282.44,294.27,19901538.0,499601056.0
2016-03-21,302.74,303.55,289.98,298.33,16724452.0,425728736.0
2016-03-22,291.14,298.1,289.98,292.3,9799673.0,248645488.0
2016-03-23,289.98,296.36,283.94,293.11,15525416.0,388755520.0
2016-03-24,288.82,299.95,284.18,288.0,16605865.0,419929408.0
2016-03-25,284.76,291.25,275.59,283.6,10996922.0,269092896.0
2016-03-28,287.08,291.25,272.58,274.9,19532864.0,475773248.0
2016-03-29,274.9,275.13,263.3,267.01,11837225.0,274196576.0
2016-03-30,270.03,286.84,267.94,286.84,19584412.0,465916768.0
2016-03-31,288.7,289.51,279.54,280.93,15824226.0,389273952.0
2016-04-01,277.68,280.7,267.94,275.01,12860642.0,302339520.0
2016-04-05,274.78,292.3,273.85,289.28,16110714.0,395280640.0
2016-04-06,288.12,302.15,285.57,296.36,18965564.0,482848992.0
2016-04-07,294.85,304.36,289.98,291.14,17139204.0,440026240.0
2016-04-08,285.92,287.66,278.38,285.22,9476529.0,231092288.0
2016-04-11,289.74,302.85,289.74,298.1,15620274.0,402334176.0
2016-04-25,282.67,283.02,268.29,268.29,19067320.0,444810496.0
2016-04-26,265.73,275.01,265.73,274.32,11176718.0,260614544.0
2016-04-27,274.32,275.48,268.87,269.68,7859941.0,184724864.0
2016-04-28,269.33,273.74,263.3,272.11,7732341.0,179385392.0
2016-04-29,267.71,275.59,266.89,273.74,5899225.0,138433856.0
2016-05-03,277.22,291.14,272.69,288.82,10058874.0,245603680.0
2016-05-04,284.76,291.37,284.76,290.79,7506474.0,186893664.0
2016-05-05,290.79,292.99,287.19,290.67,6732158.0,168247664.0
2016-05-06,289.98,303.43,280.7,281.86,22188824.0,565292864.0
2016-05-09,273.74,278.14,265.62,272.11,10603901.0,246345728.0
2016-05-10,271.88,273.5,268.05,270.26,9822078.0,229635808.0
2016-05-11,272.0,272.11,256.45,263.18,11725449.0,264737318.0
2016-05-12,258.66,263.53,253.44,261.79,5422268.0,121028332.0
2016-05-13,262.14,266.08,258.66,258.66,4409630.0,99465221.0
2016-05-16,255.29,262.25,255.06,262.25,4975350.0,110931971.0
2016-05-17,262.49,278.38,255.18,267.59,9999937.0,230440045.0
2016-05-18,263.41,264.11,257.5,263.3,5920859.0,133338019.0
2016-05-19,262.72,273.5,262.14,265.15,6139792.0,142740834.0
2016-05-20,263.88,271.88,258.66,271.42,5408148.0,124578011.0
2016-05-23,273.74,298.56,273.74,298.56,11810887.0,298444431.0
2016-05-24,301.57,305.17,287.42,291.71,17433203.0,443992054.0
2016-05-25,295.66,302.73,288.12,292.88,13165311.0,336930982.0
2016-05-26,292.3,305.98,289.39,305.63,21936993.0,566651767.0
2016-05-27,301.81,307.26,294.15,294.62,13564824.0,350481410.0
2016-05-30,285.34,289.05,279.77,283.6,13534574.0,332225664.0
2016-05-31,282.67,310.27,281.51,304.71,19001949.0,490314433.0
2016-06-01,303.66,323.03,302.73,315.14,20010207.0,543779803.0
2016-06-02,313.17,318.39,308.3,317.7,12254393.0,330855937.0
2016-06-03,316.42,320.13,309.58,310.62,16978677.0,458465697.0
2016-06-06,313.17,319.67,303.55,308.19,13590888.0,364289405.0
2016-06-07,308.88,318.62,304.13,318.62,13002480.0,348648659.0
2016-09-20,301.57,301.57,286.73,286.73,21996663.0,549792289.0
2016-09-21,283.02,285.92,275.59,279.19,22269251.0,538210254.0
2016-09-22,281.28,281.74,273.04,276.29,18578201.0,444385792.0
2016-09-23,276.06,279.3,274.32,278.03,11406280.0,272454851.0
2016-09-26,278.26,280.81,272.0,275.71,10297990.0,245441654.0
2016-09-27,275.01,280.58,273.97,279.42,7684036.0,183925334.0
2016-09-28,278.14,278.14,263.65,267.7,18828349.0,435707909.0
2016-09-29,266.55,268.63,264.81,266.31,6841789.0,157344495.0
2016-09-30,267.36,270.95,266.78,268.98,4793680.0,111236417.0
2016-10-10,270.84,292.53,270.84,289.05,15228248.0,373247029.0
2016-10-11,287.54,288.47,283.36,286.96,6503354.0,160405331.0
2016-10-12,286.96,291.13,283.94,285.92,5145438.0,127512533.0
2016-10-13,285.92,288.0,283.83,284.06,4397083.0,108153757.0
2016-10-14,284.06,284.06,277.1,279.88,5973275.0,143908045.0
2016-10-17,283.71,292.18,280.7,289.63,13798305.0,342220753.0
2016-10-18,286.5,296.47,285.34,295.54,13407009.0,335304902.0
2016-10-19,295.77,295.77,288.35,289.16,9830938.0,246430343.0
2016-10-20,287.19,292.18,287.19,288.47,9958049.0,248892924.0
2016-10-21,286.61,289.28,279.54,281.28,9067085.0,221528258.0
2016-10-24,280.7,287.89,280.7,285.8,6064833.0,148512799.0
2016-10-25,285.8,292.18,283.94,291.71,8039912.0,200513547.0
2016-10-26,289.74,289.74,280.69,282.32,10689519.0,261461445.0
2016-10-27,283.94,284.52,280.69,282.78,3538258.0,86311751.0
2016-10-28,283.94,284.18,278.49,278.61,4579284.0,110936817.0
2016-10-31,276.52,280.58,275.94,278.96,3693306.0,88484114.0
2016-11-01,279.3,283.01,278.95,282.32,3999656.0,96936072.0
2016-11-02,282.67,284.87,276.29,277.91,5151362.0,124575952.0
2016-11-03,276.4,280.58,275.48,277.91,6085193.0,145685028.0
2016-11-04,276.64,278.26,273.85,276.4,5067039.0,120639802.0
2016-11-07,274.78,277.91,273.62,276.29,3544584.0,84442534.0
2016-11-08,276.75,281.74,276.4,279.54,5118161.0,123364121.0
2016-11-09,279.77,282.78,271.07,274.08,5925088.0,141379845.0
2016-11-10,278.03,279.42,274.78,275.59,3631953.0,86673786.0
2016-11-11,275.59,276.87,270.72,274.2,9014068.0,211697109.0
2016-11-14,274.2,279.54,273.74,278.03,6604794.0,157982755.0
2016-11-15,279.19,280.35,274.08,279.42,5545793.0,132732242.0
2016-11-16,281.04,289.39,281.04,284.18,12616106.0,311161900.0
2016-11-17,284.18,286.26,279.54,283.83,5647682.0,137659755.0
2016-11-18,283.25,286.96,281.27,284.41,5415501.0,132559354.0
2016-11-21,282.55,286.84,281.86,286.26,5796286.0,142363074.0
2016-11-22,286.38,293.34,281.62,293.34,9557327.0,236581221.0
2016-11-23,293.34,294.85,285.33,285.33,8049014.0,201735643.0
2016-11-24,285.33,286.61,278.95,280.46,4949817.0,120694085.0
2016-11-25,280.35,282.09,274.31,281.86,6782295.0,162690537.0
2016-11-28,282.9,283.94,278.26,279.42,4127027.0,99798507.0
2016-11-29,279.42,280.69,276.17,276.52,4237930.0,101694762.0
2016-11-30,275.82,282.78,275.82,277.91,4183872.0,100688453.0
2016-12-01,280.35,280.81,274.78,275.71,4076415.0,97282446.0
2016-12-02,275.71,276.87,268.28,270.95,5961082.0,140446876.0
2016-12-05,267.94,271.42,266.54,269.44,2806378.0,65240006.0
2016-12-06,271.07,271.76,265.15,266.2,4580587.0,105834115.0
2016-12-07,267.36,270.26,264.46,269.1,4654718.0,107641612.0
2016-12-08,269.44,270.02,263.88,265.85,5463751.0,125669449.0
2016-12-09,266.31,267.94,263.88,267.24,4426703.0,101650765.0
2016-12-12,265.15,265.15,243.0,244.97,11633177.0,255151174.0
2016-12-13,243.69,243.69,233.14,240.79,9361226.0,192421467.0
2016-12-14,238.94,241.26,232.09,240.68,5934208.0,121835546.0
2016-12-15,240.1,244.16,238.24,241.72,4687839.0,97503199.0
2016-12-16,242.42,247.64,240.68,242.53,3068278.0,64533698.0
2016-12-19,243.23,245.32,238.71,239.63,2311510.0,48219329.0
2016-12-20,241.03,243.11,238.13,239.63,2112870.0,43644675.0
2016-12-21,240.79,243.23,239.87,242.42,1562433.0,32521212.0
2016-12-22,243.46,243.46,238.82,240.56,1956559.0,40568045.0
2016-12-23,240.56,241.38,235.23,236.04,3359755.0,68868353.0
2016-12-26,235.92,238.36,231.98,236.62,4148792.0,83681597.0
2016-12-27,237.78,239.52,234.53,236.74,2479018.0,50647035.0
2016-12-28,236.74,236.74,232.79,235.0,4522178.0,91445070.0
2016-12-29,233.84,242.19,231.51,242.19,5781506.0,117130279.0
2016-12-30,237.78,242.19,234.53,241.14,5331548.0,109492340.0
2017-01-03,239.63,240.1,226.99,228.15,14250699.0,284664699.0
2017-01-04,228.5,231.17,223.51,230.12,10634553.0,208399216.0
2017-01-05,230.47,231.4,228.73,230.82,5897150.0,116901406.0
2017-01-06,229.66,231.28,224.56,226.18,4361803.0,85768385.0
2017-01-09,224.44,225.48,221.08,222.82,8091229.0,155193438.0
2017-01-10,222.7,226.99,222.0,223.4,5441322.0,105408504.0
2017-01-11,222.82,225.95,221.54,223.74,3409152.0,65712011.0
2017-01-12,224.79,230.24,223.98,228.27,8485778.0,166731295.0
2017-01-13,230.24,231.28,226.18,226.76,5073711.0,100013205.0
2017-01-16,226.18,231.75,206.11,218.41,7635348.0,146931635.0
2017-01-17,217.13,236.16,212.96,233.37,9518421.0,186164467.0
2017-01-18,232.33,235.46,228.73,229.66,4774967.0,95158345.0
2017-01-19,228.38,228.5,220.61,223.63,5167100.0,99604666.0
2017-01-20,223.86,241.37,221.77,236.27,10264015.0,207630804.0
2017-01-23,236.27,238.94,233.14,238.94,6994017.0,142475603.0
2017-01-24,237.2,237.2,233.84,235.11,3743267.0,76009536.0
2017-01-25,235.11,236.85,231.4,232.33,4937565.0,99800013.0
2017-01-26,232.56,238.24,232.56,234.3,4819563.0,97958409.0
2017-02-03,234.41,234.88,229.78,230.35,3848584.0,76907835.0
2017-02-06,231.4,241.37,230.12,239.87,8694009.0,177916305.0
2017-02-07,239.98,241.37,236.73,238.71,4770945.0,98312404.0
2017-02-08,238.59,245.43,237.2,242.19,6396727.0,133157398.0
2017-02-09,239.75,244.39,239.17,241.26,5735243.0,119618022.0
2017-02-10,241.26,242.77,234.41,235.81,6113161.0,125147533.0
2017-02-13,233.95,237.66,229.89,235.46,5264023.0,106257601.0
2017-02-14,236.62,237.08,233.25,236.85,3635613.0,73764317.0
2017-02-15,237.2,237.55,230.94,231.75,3711156.0,74923998.0
2017-02-16,230.82,234.76,229.78,233.95,3503537.0,70271642.0
2017-02-17,234.07,235.23,230.82,230.94,2866975.0,57476684.0
2017-02-20,231.86,231.86,226.64,229.54,3858622.0,76132698.0
2017-02-21,229.08,237.55,228.73,234.07,5639986.0,113807945.0
2017-02-22,233.95,237.08,233.37,236.97,4778001.0,97047512.0
2017-02-23,237.55,238.47,234.3,238.01,4896516.0,99678253.0
2017-02-24,237.9,242.77,236.97,241.37,5959869.0,123734146.0
2017-02-27,241.84,248.68,241.37,245.78,9563376.0,203095372.0
2017-02-28,243.69,245.9,242.42,244.04,4610300.0,96771274.0
2017-03-01,243.58,245.32,238.36,239.4,6460745.0,134145180.0
2017-03-02,239.98,241.26,238.13,238.47,3667195.0,75764363.0
2017-03-03,237.78,246.13,235.46,246.13,7643660.0,159556057.0
2017-03-06,246.13,253.9,244.97,248.33,10521374.0,226794200.0
2017-03-07,249.15,253.78,247.06,253.78,7351162.0,158582690.0
2017-03-08,254.13,254.83,247.64,250.19,5626765.0,122040179.0
2017-03-09,250.19,252.28,246.48,249.73,5781232.0,124608776.0
2017-03-10,247.06,250.42,245.32,246.83,4229715.0,90356580.0
2017-03-13,247.87,249.96,242.53,249.03,4996514.0,106422087.0
2017-03-14,249.03,249.03,242.42,243.81,5861246.0,123856793.0
2017-03-15,242.42,245.9,241.26,243.46,3139166.0,65945787.0
2017-03-16,244.74,247.06,242.88,246.25,4434153.0,93670243.0
2017-03-17,245.9,250.19,240.91,241.38,6614429.0,140277318.0
2017-03-20,241.38,242.88,237.2,240.33,6918588.0,142848066.0
2017-03-21,240.1,240.33,236.04,236.62,8019028.0,164115331.0
2017-03-22,235.46,235.46,226.88,227.57,11412377.0,226066168.0
2017-03-23,227.57,232.33,227.57,230.82,6272251.0,124286186.0
2017-03-24,231.98,234.07,228.15,232.91,6303693.0,125646471.0
2017-03-27,232.91,232.91,229.31,231.4,3435369.0,68342157.0
2017-03-28,231.4,235.34,230.01,234.3,3952919.0,79314436.0
2017-03-29,233.14,235.46,230.59,232.79,4194508.0,84097744.0
2017-03-30,231.98,233.02,224.44,226.88,5882481.0,116521229.0
2017-03-31,226.76,234.07,226.64,230.24,3688693.0,73360894.0
2017-04-05,229.66,234.88,229.66,234.3,3743719.0,75256529.0
2017-04-06,234.76,237.43,231.75,235.92,4167136.0,84318442.0
2017-04-07,234.88,236.5,233.37,234.3,3636276.0,73627771.0
2017-04-10,232.56,234.3,228.04,234.07,5756604.0,114168727.0
2017-04-11,232.33,243.35,231.75,241.26,10096612.0,208262860.0
2017-04-12,238.94,241.49,234.65,235.92,4934085.0,101173253.0
2017-04-13,234.65,237.78,234.07,237.31,3728621.0,75900935.0
2017-04-14,236.97,236.97,229.43,231.86,5391203.0,107679113.0
2017-04-17,230.82,230.94,223.63,226.06,4073954.0,79615251.0
2017-04-18,225.25,227.46,215.04,216.67,5712837.0,108506930.0
2017-04-19,215.74,221.54,211.1,220.84,8432085.0,156247897.0
2017-04-20,219.22,220.73,214.0,218.06,4227697.0,79091041.0
2017-04-21,217.48,219.8,213.77,213.77,3267631.0,61067754.0
2017-04-24,213.31,215.74,208.2,213.19,2887016.0,52905947.0
2017-04-25,213.42,219.8,212.38,216.67,4216476.0,78655650.0
2017-04-26,218.06,218.06,210.52,212.26,4161182.0,76650650.0
2017-04-27,210.29,217.02,208.32,215.97,4400526.0,80760876.0
2017-04-28,215.16,221.77,214.81,220.5,6135862.0,115593808.0
2017-05-02,220.5,221.89,218.29,218.64,2686140.0,50952545.0
2017-05-03,218.64,222.24,217.02,218.29,2909434.0,54923962.0
2017-05-04,217.83,226.64,215.74,222.12,4117687.0,78922859.0
2017-05-05,219.45,224.79,219.45,222.12,3067371.0,58818136.0
2017-05-08,222.12,231.98,220.73,229.66,7617965.0,149765731.0
2017-05-09,225.37,229.31,220.84,225.83,5447645.0,105746582.0
2017-05-10,227.11,227.8,215.28,215.39,4981556.0,95490322.0
2017-05-11,214.58,214.58,206.11,213.42,7230188.0,131036875.0
2017-05-12,211.1,213.3,210.41,211.56,2132401.0,38940503.0
2017-05-15,213.42,216.44,209.94,210.29,3856481.0,70953528.0
2017-05-16,209.01,219.8,206.46,219.8,5583096.0,102015247.0
2017-05-17,219.1,227.69,217.48,223.16,8572960.0,165451858.0
2017-05-18,219.57,228.27,218.64,226.99,6553566.0,127280404.0
2017-05-19,227.57,227.57,220.38,226.18,4301691.0,82749558.0
2017-05-22,224.44,225.72,218.99,223.86,3597821.0,68870969.0
2017-05-23,221.42,222.47,208.78,209.36,4770203.0,88411835.0
2017-05-24,209.36,214.7,206.46,213.07,3621278.0,65777076.0
2017-05-25,213.07,224.67,210.17,221.54,5061310.0,94935016.0
2017-05-26,220.84,224.21,220.26,220.38,2913105.0,55840610.0
2017-05-31,225.48,227.11,221.08,222.47,4750979.0,91875880.0
2017-06-01,222.24,223.4,216.78,217.25,2862392.0,54039049.0
2017-06-02,217.25,223.05,207.85,221.66,5402955.0,99962893.0
2017-06-05,222.24,236.97,220.5,234.07,12046545.0,238722209.0
2017-06-06,232.33,234.07,229.19,232.09,6079779.0,121608258.0
2017-06-07,232.44,245.2,232.09,241.03,11126952.0,229768859.0
2017-06-08,240.21,243.0,238.13,240.45,5842355.0,121121588.0
2017-06-09,240.45,242.53,236.15,242.42,3862897.0,79809921.0
2017-06-12,240.91,240.91,232.56,237.55,5959644.0,121432941.0
2017-06-13,235.33,245.56,234.21,239.05,10614216.0,137481509.0
2017-06-14,237.75,247.42,236.26,244.81,8486495.0,110722939.0
2017-06-15,241.84,253.0,240.35,250.02,14877976.0,199377927.0
2017-06-16,249.09,253.56,245.19,245.19,7647430.0,102505008.0
2017-06-19,245.56,251.51,242.21,250.21,6453568.0,85669900.0
2017-06-20,250.21,253.74,245.56,247.79,6789650.0,90750099.0
2017-06-21,247.79,250.02,241.84,244.63,7181344.0,94343118.0
2017-06-22,244.81,247.42,240.16,240.54,6081826.0,79757659.0
2017-06-23,238.86,244.07,237.0,241.65,5017606.0,64743299.0
2017-06-26,242.03,244.44,238.86,244.26,8017327.0,103957688.0
2017-06-27,244.44,247.42,242.21,242.21,5953364.0,78368625.0
2017-06-28,240.72,243.7,235.33,242.96,6605206.0,84907542.0
2017-06-29,242.21,252.07,241.47,247.42,11939584.0,159417280.0
2017-06-30,251.51,254.86,248.16,249.84,12439047.0,168309300.0
2017-07-03,248.54,265.84,248.54,263.6,26329069.0,366572757.0
2017-07-04,264.35,268.25,260.07,265.46,15341691.0,218320322.0
2017-07-05,265.28,267.88,259.88,266.77,11714446.0,166902483.0
2017-07-06,266.77,272.9,262.3,267.32,13756403.0,197779494.0
2017-07-07,265.28,267.14,260.63,264.16,6662821.0,94290555.0
2017-07-10,263.79,266.77,256.72,257.46,8217936.0,115016756.0
2017-07-11,254.86,258.95,249.47,249.65,10095485.0,137459506.0
2017-07-12,250.21,252.81,241.47,247.79,13787603.0,181924988.0
2017-07-13,244.26,249.84,241.84,244.44,8751487.0,115524935.0
2017-07-14,244.26,247.6,241.47,247.23,9259474.0,121794269.0
2017-07-17,244.81,245.37,226.03,226.77,15203861.0,191799934.0
2017-07-18,226.96,236.26,226.4,233.65,10718086.0,132670126.0
2017-07-19,232.16,232.16,223.98,229.75,10932234.0,134065728.0
2017-07-20,230.31,239.61,229.75,231.24,7943492.0,100004063.0
2017-07-21,231.05,237.37,229.75,234.77,6501378.0,82345757.0
2017-07-24,232.91,235.88,224.91,227.33,13114686.0,160413487.0
2017-07-25,227.51,230.12,226.21,228.82,5627480.0,69043598.0
2017-07-26,230.31,234.4,227.14,231.98,8189914.0,101818153.0
2017-07-27,230.12,255.23,229.0,255.23,30419948.0,405841801.0
2017-07-28,259.51,261.37,252.07,255.79,29948065.0,412921982.0
2017-07-31,255.98,261.37,251.33,258.58,21726054.0,300808409.0
2017-08-01,258.58,259.88,250.77,254.86,15185713.0,208137820.0
2017-08-02,255.05,257.09,246.49,248.72,16413428.0,220411488.0
2017-08-03,249.28,265.28,245.56,260.81,34901217.0,485481429.0
2017-08-04,257.09,261.19,255.05,258.95,14391803.0,199539120.0
2017-08-07,257.28,265.09,253.0,256.16,15343684.0,213705955.0
2017-08-08,255.42,273.65,254.12,272.53,27921155.0,400331377.0
2017-08-09,271.23,277.56,269.74,273.28,26388220.0,388110119.0
2017-08-10,271.23,277.0,266.02,269.0,17871496.0,260691016.0
2017-08-11,265.84,273.65,260.25,264.91,18314312.0,262925284.0
2017-08-14,265.84,278.11,265.84,273.46,29373566.0,432855932.0
2017-08-15,274.39,278.49,271.23,275.14,18058853.0,266354593.0
2017-08-16,276.25,284.07,270.86,277.56,29438000.0,440444295.0
2017-08-17,276.25,290.58,273.83,285.56,32623179.0,499425557.0
2017-08-18,281.83,285.74,277.74,279.79,16206078.0,245274303.0
2017-08-21,280.35,284.07,275.88,279.42,14436257.0,216453851.0
2017-08-22,279.04,279.97,268.44,269.93,18744250.0,274900945.0
2017-08-23,271.42,273.46,267.14,271.79,12189222.0,176819784.0
2017-08-24,270.11,271.42,261.37,264.72,16788794.0,238714619.0
2017-08-25,264.35,272.53,263.23,272.16,11692286.0,169105522.0
2017-08-28,273.09,281.65,270.49,275.88,22105603.0,329312138.0
2017-08-29,274.39,276.81,262.67,266.77,19748489.0,285085945.0
2017-08-30,265.46,272.53,264.35,265.65,15142720.0,217762762.0
2017-08-31,264.53,267.7,262.49,267.14,12139086.0,173121200.0
2017-09-01,267.32,280.35,263.79,277.37,25201676.0,370820183.0
2017-09-04,274.58,292.25,274.21,286.3,38123401.0,583644547.0
2017-09-05,286.11,291.14,281.28,288.16,20799842.0,319870229.0
2017-09-06,288.16,291.88,282.58,288.35,22490534.0,346474555.0
2017-09-07,288.35,293.18,278.86,279.04,29125368.0,446874591.0
2017-09-08,278.3,280.72,273.65,277.18,16317674.0,242357401.0
2017-09-11,275.14,279.6,271.79,279.6,8276956.0,123000487.0
2017-09-12,280.16,280.9,273.09,274.77,13520418.0,200602407.0
2017-09-13,274.95,276.44,268.25,270.86,11738050.0,171611862.0
2017-09-14,271.42,279.6,269.0,277.93,16462142.0,244035203.0
2017-09-15,277.93,278.3,271.23,273.09,8836600.0,130138492.0
2017-09-18,271.05,273.28,268.07,273.28,11115139.0,161545099.0
2017-09-19,273.09,273.09,268.07,268.25,8380365.0,121919431.0
2017-09-20,267.51,274.58,267.51,274.21,7260333.0,106016771.0
2017-09-21,274.21,274.95,267.88,267.88,8421985.0,122826870.0
2017-09-22,267.32,274.58,264.53,271.05,9754841.0,142106925.0
2017-09-25,269.93,278.3,269.37,272.53,13333807.0,197000123.0
2017-09-26,271.79,273.46,265.84,268.81,9123899.0,131994304.0
2017-09-27,269.56,276.25,268.25,274.02,9522655.0,139425105.0
2017-09-28,273.28,281.46,271.79,277.93,12423340.0,185959365.0
2017-09-29,279.04,281.28,276.25,279.79,8499819.0,127399764.0
2017-10-09,282.39,285.18,276.63,279.98,12527198.0,188839939.0
2017-10-10,278.67,285.93,277.74,285.0,13257275.0,201376391.0
2017-10-11,285.56,285.74,275.14,276.63,13991148.0,209762850.0
2017-10-12,276.07,278.86,268.25,270.67,10040326.0,147359236.0
2017-10-13,269.93,273.28,269.0,271.23,6616301.0,96299677.0
2017-10-16,271.98,272.35,253.0,259.32,21657440.0,304536816.0
2017-10-17,257.28,261.19,255.79,257.28,5169012.0,71750123.0
2017-10-18,258.39,259.51,251.14,251.7,6137122.0,84111877.0
2017-10-19,252.07,258.77,248.16,258.58,8525695.0,116223800.0
2017-10-20,255.98,259.7,255.23,259.14,4585034.0,63402241.0
2017-10-23,257.09,259.88,255.05,257.09,4494009.0,62188773.0
2017-10-24,257.28,261.93,251.7,261.37,8956244.0,124329437.0
2017-10-25,260.25,261.74,257.65,260.44,5870345.0,81865456.0
2017-10-26,258.95,261.0,256.91,258.21,5389600.0,74993914.0
2017-10-27,257.28,260.81,255.79,256.54,5004638.0,69671423.0
2017-10-30,253.75,256.16,238.49,253.0,12087956.0,161061052.0
2017-10-31,254.86,262.86,252.07,258.21,7492855.0,103783062.0
2017-11-01,255.6,258.02,251.14,253.0,7179338.0,97836178.0
2017-11-02,251.33,252.07,241.84,243.14,10957322.0,144940693.0
2017-11-03,244.26,245.37,235.7,237.75,10965828.0,141343321.0
2017-11-06,236.63,239.61,232.16,237.93,10889056.0,137853894.0
2017-11-07,238.49,239.79,236.26,239.79,4812363.0,61510561.0
2017-11-08,240.91,246.49,239.79,242.4,8076606.0,106052643.0
2017-11-09,242.21,251.14,241.09,249.47,10180969.0,135995827.0
2017-11-10,248.53,251.88,247.6,250.21,7782462.0,104624829.0
2017-11-13,252.07,252.07,246.68,247.42,8432906.0,112766917.0
2017-11-14,248.16,257.28,246.68,252.26,8393668.0,114302707.0
2017-11-15,249.84,254.12,245.19,253.56,7626144.0,102316655.0
2017-11-16,253.0,253.0,243.7,249.28,7770094.0,103863197.0
2017-11-17,249.47,249.47,238.68,246.3,7955852.0,103886047.0
2017-11-20,245.19,248.53,238.68,246.86,5581155.0,73595357.0
2017-11-21,250.4,258.95,250.21,253.74,10664069.0,145955139.0
2017-11-22,255.79,255.79,247.6,251.88,6557906.0,88950465.0
2017-11-23,249.47,254.86,240.16,244.26,8339348.0,110990751.0
2017-11-24,242.4,246.86,239.05,242.96,4425957.0,57807306.0
2017-11-27,241.84,242.95,234.4,235.33,4413855.0,56794463.0
2017-11-28,237.75,242.96,237.56,242.96,4798114.0,62213706.0
2017-11-29,244.44,244.44,237.37,242.4,4089766.0,52917467.0
2017-11-30,241.84,241.84,228.82,228.82,10692412.0,134620900.0
2017-12-01,228.82,234.03,226.03,232.72,8329390.0,103439934.0
2017-12-04,230.86,234.4,224.16,224.72,8589077.0,105401232.0
2017-12-05,224.16,226.58,218.96,219.89,6122218.0,73017611.0
2017-12-06,219.51,222.49,212.26,221.56,7818822.0,91579286.0
2017-12-07,222.31,222.31,217.28,217.84,4939859.0,58046602.0
2017-12-08,217.28,221.56,217.28,219.51,5527002.0,65340759.0
2017-12-11,241.47,241.47,241.47,241.47,13373395.0,173586667.0
2017-12-12,242.77,257.84,241.84,245.56,43987182.0,587636426.0
2017-12-13,243.33,247.6,239.61,245.93,20659821.0,269911611.0
2017-12-14,244.07,257.84,242.77,252.81,31624767.0,427364133.0
2017-12-15,249.28,258.02,248.35,249.28,24912379.0,338616745.0
2017-12-18,249.65,253.74,242.02,246.3,17575518.0,233738446.0
2017-12-19,246.3,249.28,242.77,248.91,16912766.0,224365327.0
2017-12-20,249.28,251.14,243.33,244.44,13112653.0,173935558.0
2017-12-21,242.77,250.02,242.77,247.79,16580196.0,220107298.0
2017-12-22,247.23,247.42,232.72,235.14,17674316.0,227745682.0
2017-12-25,233.47,238.68,229.93,235.88,11623324.0,147108573.0
2017-12-26,235.88,244.81,229.0,243.51,12448330.0,158977363.0
2017-12-27,242.77,244.81,235.51,235.88,8451482.0,109065965.0
2017-12-28,235.33,240.91,231.61,235.14,9185449.0,116461745.0
2017-12-29,236.81,237.75,231.42,233.47,7665073.0,96188906.0
2018-01-02,234.03,235.33,229.0,234.58,11467176.0,143321727.0
2018-01-03,234.03,244.07,231.98,243.33,17597035.0,226209983.0
2018-01-04,241.84,244.07,239.23,242.02,10667364.0,138554866.0
2018-01-05,242.21,246.68,241.28,242.21,8465161.0,110835455.0
2018-01-08,241.84,242.95,238.12,239.61,8448164.0,108702173.0
2018-01-09,241.84,248.35,240.35,242.4,13207309.0,173038960.0
2018-01-10,242.4,247.98,238.86,245.19,11981894.0,156313706.0
2018-01-11,243.7,250.02,239.98,247.42,16813181.0,221924115.0
2018-01-12,247.42,247.42,229.19,232.16,21389562.0,270730295.0
2018-01-15,229.56,230.86,214.68,218.03,18527921.0,219316157.0
2018-01-16,219.14,220.63,216.72,217.66,8729860.0,102753049.0
2018-01-17,220.44,224.91,216.72,221.93,6914341.0,82015709.0
2018-01-18,222.49,226.03,217.84,219.7,4797575.0,57149127.0
2018-01-19,219.33,222.86,218.03,219.7,3255620.0,38554316.0
2018-01-22,218.03,226.58,215.42,225.1,7227911.0,86630236.0
2018-01-23,223.24,229.37,222.49,226.58,5418420.0,65965122.0
2018-01-24,226.58,237.37,224.54,235.14,13432598.0,167739696.0
2018-01-25,234.03,244.81,233.65,233.65,14945395.0,193031684.0
2018-01-26,232.72,237.75,229.93,231.61,11194870.0,139958204.0
2018-01-29,230.68,235.14,217.28,218.4,20965091.0,250715946.0
2018-01-30,223.61,233.47,222.31,231.24,18161408.0,223136963.0
2018-01-31,231.24,235.33,227.14,232.54,12602360.0,156936589.0
2018-02-01,231.79,236.26,224.72,231.61,13256140.0,164628346.0
2018-02-02,228.44,246.49,226.21,238.12,22917943.0,294254767.0
2018-02-05,232.91,236.07,221.93,228.44,15758891.0,193430289.0
2018-02-06,222.31,228.07,216.91,218.4,11949600.0,142619767.0
2018-02-07,227.33,229.75,212.63,229.56,18030240.0,215845980.0
2018-02-08,226.03,244.07,224.35,234.21,15446770.0,196946699.0
2018-02-09,225.1,242.21,223.05,239.42,22993993.0,292463777.0
2018-02-12,239.23,263.42,239.23,254.3,37771517.0,519133369.0
2018-02-13,257.46,279.79,255.6,265.84,54105932.0,781733330.0
2018-02-14,264.35,267.32,260.25,264.16,13375797.0,189747056.0
2018-02-22,265.28,272.35,261.93,267.32,20403514.0,293554678.0
2018-02-23,265.09,268.81,260.44,265.65,14774247.0,209991677.0
2018-02-26,275.32,288.35,271.23,283.88,39246529.0,589761424.0
2018-02-27,283.32,308.06,280.16,302.67,43835860.0,697936803.0
2018-02-28,296.16,316.25,291.69,297.65,38879481.0,634589324.0
2018-03-01,298.95,324.44,293.74,318.3,49712195.0,830740019.0
2018-03-02,313.46,319.97,302.3,305.65,42182152.0,703997150.0
2018-03-05,313.09,315.51,300.25,314.58,39901501.0,663056076.0
2018-03-06,309.74,310.11,300.06,303.79,31295799.0,512764846.0
2018-03-07,303.6,314.2,301.55,308.25,30018507.0,496400689.0
2018-03-08,303.79,309.37,300.62,304.72,22902910.0,375532229.0
2018-03-09,302.11,334.3,298.2,330.76,48928443.0,835068416.0
2018-03-12,331.13,346.01,327.6,342.29,45045350.0,815288830.0
2018-03-13,339.5,339.5,330.02,331.5,27317273.0,490383979.0
2018-03-14,327.6,333.55,309.0,310.86,34001943.0,587518554.0
2018-03-15,309.37,323.13,305.65,321.83,32652393.0,551083417.0
2018-03-16,318.67,320.71,311.79,312.34,27188795.0,461911267.0
2018-03-19,311.6,328.9,308.25,314.76,32823448.0,565542786.0
2018-03-20,309.18,322.76,307.51,322.2,28805250.0,490301083.0
2018-03-21,319.41,322.57,301.93,302.11,30453780.0,512068459.0
2018-03-22,303.41,305.09,295.04,297.46,30632015.0,494140028.0
2018-03-23,284.44,295.04,276.62,284.81,33832346.0,521396081.0
2018-03-26,283.32,302.86,283.32,301.74,39249693.0,623803512.0
2018-03-27,306.58,319.41,305.27,313.09,45592741.0,765752044.0
2018-03-28,307.13,325.55,306.95,315.32,32961920.0,563823701.0
2018-03-29,314.57,329.83,309.37,319.41,32609764.0,560593972.0
2018-03-30,321.64,337.08,321.09,337.08,35614734.0,631678472.0
2018-04-02,335.78,353.08,326.3,334.48,48470509.0,886008242.0
2018-04-03,328.34,348.8,321.46,344.34,46910730.0,843618642.0
2018-04-04,342.29,347.32,321.83,324.25,32656015.0,582632257.0
2018-04-09,324.43,338.57,319.23,325.37,30972345.0,548859738.0
2018-04-10,315.32,315.32,292.81,292.81,36326976.0,585954282.0
2018-04-11,290.58,306.39,290.58,301.37,61342313.0,987212611.0
2018-04-12,301.74,303.23,291.69,292.62,28475435.0,453367910.0
2018-04-13,297.65,301.74,293.0,293.0,19989761.0,319820802.0
2018-04-16,292.81,318.67,292.06,310.67,44248958.0,734129724.0
2018-04-17,314.02,320.53,299.88,308.81,36776120.0,617298343.0
2018-04-18,308.62,331.13,303.79,325.55,44958956.0,770714357.0
2018-04-19,321.09,329.08,316.81,323.5,24950446.0,431649985.0
2018-04-20,318.3,321.27,291.13,302.11,39711949.0,654814996.0
2018-04-23,304.53,306.2,278.86,291.13,27250427.0,425778211.0
2018-04-24,287.04,301.37,284.81,298.95,19853987.0,314751848.0
2018-04-25,295.6,309.92,295.41,304.34,21508134.0,353313810.0
2018-04-26,304.9,309.92,292.06,292.81,18228183.0,295341670.0
2018-04-27,296.34,308.62,292.81,307.88,25367032.0,413771594.0
2018-05-02,312.16,317.55,280.35,284.81,37667317.0,597626015.0
2018-05-03,281.83,300.62,272.35,299.51,31225720.0,483569657.0
2018-05-04,296.34,301.18,288.9,290.76,17805581.0,282762453.0
2018-05-07,293.55,303.23,291.88,300.06,21265067.0,343271396.0
2018-05-08,301.55,303.23,293.93,298.02,18293689.0,292332758.0
2018-05-09,298.39,302.3,286.11,290.76,23678909.0,373115410.0
2018-05-10,290.2,292.44,278.3,284.81,28527931.0,435569697.0
2018-05-11,284.44,285.74,274.95,277.93,26152161.0,391390286.0
2018-05-14,278.11,282.95,263.05,266.95,47463810.0,692552067.0
2018-05-15,266.95,276.44,263.42,274.76,30296756.0,439971477.0
2018-05-16,272.72,279.97,269.18,273.46,22292670.0,329949252.0
2018-05-17,274.39,275.69,268.81,272.35,12977098.0,189575747.0
2018-05-18,272.9,277.74,265.65,276.25,19016168.0,278832503.0
2018-05-21,277.0,286.48,275.69,281.65,27903836.0,423138934.0
2018-05-22,282.95,285.37,278.67,283.69,16936968.0,257074264.0
2018-05-23,282.02,287.04,279.6,281.28,15766044.0,239879025.0
2018-05-24,282.76,284.25,270.86,272.16,20192938.0,299328231.0
2018-05-25,272.16,276.44,268.25,268.63,12997254.0,189620252.0
2018-05-28,270.49,273.09,260.81,264.16,18141747.0,261126341.0
2018-05-29,263.98,270.11,262.67,265.09,12783233.0,183118923.0
2018-05-30,262.3,266.95,252.63,256.16,17543864.0,244676600.0
2018-05-31,258.77,260.25,242.77,251.51,25272844.0,339675137.0
2018-06-01,247.98,252.44,243.14,247.6,14072955.0,187913361.0
2018-06-04,248.53,253.93,243.33,249.84,17639002.0,236361554.0
2018-06-05,250.21,260.44,249.28,258.95,15465387.0,212367109.0
2018-06-06,258.21,261.37,254.86,256.16,11803610.0,163672390.0
2018-06-07,257.84,260.25,254.67,255.79,10003310.0,138179451.0
2018-06-08,262.12,267.14,258.02,258.77,27339566.0,385143539.0
2018-06-11,260.25,261.19,253.37,259.14,9269861.0,128605982.0
2018-06-12,258.58,263.6,251.51,262.3,16157458.0,224122970.0
2018-06-13,268.81,274.76,264.9,266.02,23715726.0,344224443.0
2018-06-14,267.7,272.16,261.37,263.42,13924914.0,199186698.0
2018-06-15,265.09,267.88,253.93,267.88,19669192.0,274820993.0
2018-06-19,260.44,265.65,251.88,259.88,16913803.0,235129825.0
2018-06-20,259.88,265.09,251.88,261.56,15746836.0,219950566.0
2018-06-21,260.25,262.67,242.02,242.21,20236672.0,271953478.0
2018-06-22,238.12,249.47,232.16,244.26,15906401.0,207680297.0
2018-06-25,247.98,250.4,239.79,241.28,12719543.0,168047142.0
2018-06-26,236.26,257.84,233.65,257.28,20238328.0,273539890.0
2018-06-27,257.65,265.28,253.74,257.65,19275283.0,268731941.0
2018-06-28,258.58,269.18,255.79,258.02,16960421.0,239046672.0
2018-06-29,260.63,274.39,258.77,274.02,25886431.0,374900148.0
2018-07-02,277.18,282.02,269.74,274.39,28660283.0,425226877.0
2018-07-03,274.02,286.49,270.86,280.72,24350964.0,364766081.0
2018-07-04,275.69,280.53,266.02,269.0,19879579.0,290977991.0
2018-07-05,269.37,274.58,263.98,265.65,17458634.0,252771081.0
2018-07-06,267.14,278.67,264.72,268.44,22252984.0,324347860.0
2018-07-09,268.63,279.6,267.32,278.49,21988938.0,326391428.0
2018-07-10,278.49,280.53,274.21,279.42,16628986.0,247997760.0
2018-07-11,269.74,272.53,257.09,266.02,22560403.0,322514967.0
2018-07-12,264.53,280.35,264.53,276.81,26757636.0,396351592.0
2018-07-13,276.62,279.42,269.0,271.23,18024785.0,264893140.0
2018-07-16,271.6,276.07,265.09,274.21,20993251.0,305755861.0
2018-07-17,271.79,280.72,266.02,279.23,22503346.0,330358109.0
2018-07-18,277.18,291.32,276.44,286.49,41150489.0,631387475.0
2018-07-19,283.69,293.0,279.79,281.83,23194821.0,356081684.0
2018-07-20,283.51,301.55,281.46,298.39,42581510.0,672188138.0
2018-07-23,296.16,307.32,292.62,298.76,37906324.0,609326462.0
2018-07-24,295.79,299.51,290.58,293.37,30872884.0,488511501.0
2018-07-25,293.37,296.72,289.27,292.44,18956808.0,298274757.0
2018-07-26,291.51,292.44,283.51,286.11,18300553.0,282942669.0
2018-07-27,284.25,289.65,281.09,286.86,15808455.0,242778014.0
2018-07-30,284.62,286.86,274.21,276.62,19397618.0,290942576.0
2018-07-31,276.81,278.67,270.86,274.95,12005168.0,177021991.0
2018-08-01,276.07,282.76,271.23,271.6,14442875.0,214780460.0
2018-08-02,269.18,271.23,249.84,259.32,21649858.0,302683887.0
2018-08-03,257.65,260.81,250.95,250.95,12720166.0,174574093.0
2018-08-06,250.4,254.67,245.37,250.58,12366788.0,166570362.0
2018-08-07,252.44,260.07,251.32,259.32,13416724.0,184602583.0
2018-08-08,258.58,258.58,245.19,245.19,12651520.0,171920916.0
2018-08-09,244.07,261.56,243.14,257.84,21462806.0,296535102.0
2018-08-10,255.42,260.25,254.86,258.39,14047795.0,194814071.0
2018-08-13,255.42,269.37,253.93,266.77,20667836.0,292662267.0
2018-08-14,265.09,266.77,257.46,260.44,15260228.0,214577246.0
2018-08-15,259.51,261.93,250.4,250.95,12779222.0,175261503.0
2018-08-16,246.86,255.42,245.0,247.23,13938727.0,187280792.0
2018-08-17,249.65,253.19,243.88,245.0,10608044.0,141517569.0
2018-08-20,243.7,248.91,239.98,248.35,13919031.0,183493601.0
2018-08-21,247.42,250.95,242.95,247.6,11382059.0,151545169.0
2018-08-22,245.93,246.86,236.26,238.68,13745663.0,178311219.0
2018-08-23,237.56,246.12,236.07,241.28,12993513.0,169089677.0
2018-08-24,240.91,244.07,238.68,239.79,7011638.0,90845811.0
2018-08-27,240.16,251.14,239.98,246.12,15852783.0,209597603.0
2018-08-28,246.49,248.16,243.33,245.37,9370432.0,123606735.0
2018-08-29,244.63,244.63,220.82,227.33,39957057.0,485177405.0
2018-08-30,223.24,229.19,218.03,224.35,22233142.0,266997839.0
2018-08-31,223.05,231.05,221.38,228.26,14842466.0,181491511.0
2018-09-03,223.79,230.68,219.89,228.82,13020127.0,157855969.0
2018-09-04,227.89,234.03,225.09,231.23,14421150.0,178231857.0
2018-09-05,230.49,230.68,224.72,224.72,9624739.0,117877865.0
2018-09-06,224.72,235.88,224.54,230.12,13157060.0,163267655.0
2018-09-07,232.35,237.93,225.28,227.51,15229764.0,189724744.0
2018-09-10,226.03,232.16,223.79,226.21,8359871.0,102094342.0
2018-09-11,223.24,230.12,218.58,226.03,9492974.0,114633922.0
2018-09-12,226.58,228.63,221.75,222.86,7930992.0,95724006.0
2018-09-13,226.21,232.16,224.72,231.61,13657363.0,167963186.0
2018-09-14,232.35,234.03,225.28,226.03,9415793.0,115738834.0
2018-09-17,224.35,228.07,223.05,226.58,5123925.0,62178848.0
2018-09-18,226.03,229.75,222.86,229.19,11353270.0,138024205.0
2018-09-19,228.82,235.88,225.28,232.16,13188459.0,163975480.0
2018-09-20,231.42,235.51,230.49,231.61,8522715.0,106609282.0
2018-09-21,231.98,235.7,230.3,234.96,8570231.0,107612477.0
2018-09-25,234.21,241.47,233.65,234.58,11561050.0,147243098.0
2018-09-26,235.33,239.05,232.91,236.26,8412362.0,106643608.0
2018-09-27,235.88,237.19,230.68,230.68,9480682.0,118809728.0
2018-09-28,231.98,235.14,226.58,231.23,10493542.0,129852585.0
2018-10-08,226.03,226.03,215.05,216.17,11233531.0,133240546.0
2018-10-09,216.16,217.47,210.59,212.63,9511864.0,109365320.0
2018-10-10,211.89,216.91,211.14,214.31,7260941.0,83764065.0
2018-10-11,204.63,208.91,192.91,193.66,15114535.0,162435843.0
2018-10-12,195.33,198.68,185.84,197.19,15186736.0,157545920.0
2018-10-15,196.82,199.79,193.1,193.84,8766856.0,92494221.0
2018-10-16,191.98,195.52,177.1,181.38,15462369.0,153649087.0
2018-10-17,186.03,189.19,179.7,186.59,12606284.0,125453625.0
2018-10-18,184.17,193.28,183.8,186.22,13979368.0,141563223.0
2018-10-19,183.24,198.68,182.68,198.49,18401936.0,192287881.0
2018-10-22,199.98,212.44,197.75,211.14,22417587.0,249704336.0
2018-10-23,209.47,210.77,199.05,202.77,13822196.0,151887143.0
2018-10-24,203.14,203.89,197.19,199.79,8926405.0,96216233.0
2018-10-25,191.42,196.82,184.54,193.84,13424700.0,137504052.0
2018-10-26,196.45,198.68,191.61,193.66,7416049.0,77922789.0
2018-10-29,192.17,198.49,191.61,194.03,7691974.0,80761281.0
2018-10-30,195.7,203.51,190.68,201.84,12324244.0,131721422.0
2018-10-31,203.7,209.84,203.33,205.93,13801253.0,153264862.0
2018-11-01,210.77,217.28,209.1,210.21,19440986.0,223245698.0
2018-11-02,216.54,224.35,216.54,223.05,20621014.0,244837876.0
2018-11-05,222.3,226.03,215.42,218.58,18197953.0,214531792.0
2018-11-06,218.03,220.44,214.86,219.51,7774601.0,90888958.0
2018-11-07,219.51,222.86,215.98,217.47,10135380.0,119551628.0
2018-11-08,221.37,221.75,215.79,216.16,8193093.0,96194492.0
2018-11-09,214.31,221.37,214.31,220.26,9483447.0,111766026.0
2018-11-12,219.33,231.23,218.58,230.86,13587885.0,165612267.0
2018-11-13,227.51,241.84,226.96,239.98,17663957.0,223414505.0
