2010-08-25,60.0,68.88,58.23,66.0,6314032.0,399481792.0
2010-08-26,64.38,65.48,59.4,59.41,3826343.0,236798112.0
2010-08-27,57.48,61.49,56.0,59.8,2541323.0,148258704.0
2010-08-30,60.72,65.18,60.72,62.5,2087870.0,130867264.0
2010-08-31,62.45,68.75,61.8,67.9,2448034.0,161101760.0
2010-09-01,68.1,74.0,67.59,72.5,2676526.0,189781792.0
2010-09-02,74.5,79.75,74.0,79.75,1547429.0,120122816.0
2010-09-03,82.0,87.73,81.5,87.73,2414631.0,208647248.0
2010-09-06,88.8,88.8,78.96,78.96,1907262.0,155063264.0
2010-09-07,77.8,85.36,75.51,82.8,1598129.0,128033968.0
2010-09-08,81.81,81.82,76.15,77.49,1393324.0,108669528.0
2010-09-09,77.62,79.0,76.0,77.8,900450.0,69672864.0
2010-09-10,77.51,78.33,71.82,73.86,1416225.0,104837008.0
2010-09-13,72.6,73.99,71.5,73.0,860754.0,62698000.0
2010-09-14,73.0,79.45,72.72,76.55,1141958.0,87769576.0
2010-09-15,75.85,75.85,70.01,71.15,984893.0,71111904.0
2010-09-16,70.4,72.65,68.8,71.48,586438.0,41382224.0
2010-09-17,71.0,72.1,69.66,70.6,356756.0,25216028.0
2010-09-20,70.59,73.42,70.02,71.7,531537.0,38281844.0
2010-09-21,71.14,71.6,66.0,66.49,700281.0,47226988.0
2010-09-27,66.28,66.83,64.01,66.13,444282.0,29159284.0
2010-09-28,66.0,67.89,62.21,62.9,624050.0,40439192.0
2010-09-29,62.58,63.92,61.61,63.56,427489.0,26991992.0
2010-09-30,62.51,64.68,62.0,64.29,345576.0,22052106.0
2010-10-08,64.6,66.86,64.6,64.97,444204.0,29151004.0
2010-10-11,64.9,64.9,62.62,63.4,691866.0,43861176.0
2010-10-12,63.0,66.95,62.81,65.9,720760.0,47001780.0
2010-10-13,65.8,65.8,63.02,64.38,438308.0,28017000.0
2010-10-14,64.88,64.9,62.0,62.1,508515.0,32074310.0
2010-10-15,60.88,60.88,58.61,59.23,721497.0,43097452.0
2010-10-18,57.8,59.23,56.88,58.5,637081.0,36823124.0
2010-10-19,58.2,63.8,58.01,62.05,740552.0,45899916.0
2010-10-20,61.0,64.99,60.01,61.75,670369.0,41893764.0
2010-10-21,61.5,62.5,60.6,61.8,329388.0,20290094.0
2010-10-22,62.36,63.95,61.09,63.11,485896.0,30625070.0
2010-10-25,63.3,67.1,63.3,65.43,948605.0,62344760.0
2010-10-26,66.0,66.26,63.3,64.94,583985.0,37483972.0
2010-10-27,64.86,66.6,64.17,65.93,623767.0,41026448.0
2010-10-28,66.2,68.49,65.3,68.2,581201.0,38585760.0
2010-10-29,67.9,74.92,67.31,71.3,903185.0,64299152.0
2010-11-01,71.5,72.9,69.13,70.4,985350.0,70035608.0
2010-11-02,70.4,70.96,67.0,67.0,868749.0,59780000.0
2010-11-03,66.01,66.7,64.53,65.85,541977.0,35501324.0
2010-11-04,65.41,66.49,65.01,65.96,409398.0,26982064.0
2010-11-05,65.98,66.59,64.6,65.97,532671.0,34788028.0
2010-11-08,65.6,70.4,65.41,69.2,570776.0,39003468.0
2010-11-09,69.09,70.0,67.6,69.16,430900.0,29606166.0
2010-11-10,68.06,72.0,68.06,70.43,642468.0,45603036.0
2010-11-11,70.49,72.7,68.89,68.89,678534.0,48498984.0
2010-11-12,68.0,70.99,65.88,66.01,606054.0,41359960.0
2010-11-15,66.2,72.61,66.2,72.61,706932.0,49166560.0
2010-11-16,72.72,74.2,69.01,69.2,898917.0,63956856.0
2010-11-17,68.0,70.79,66.0,67.0,554426.0,38182824.0
2010-11-18,67.78,69.28,65.87,67.9,333458.0,22423674.0
2010-11-19,68.33,71.13,67.58,70.95,490404.0,34168976.0
2010-11-22,70.5,73.99,70.35,71.4,578892.0,41907184.0
2010-11-23,71.44,73.28,69.62,73.15,503795.0,35785672.0
2010-11-24,72.75,76.68,72.1,75.88,879727.0,66021996.0
2010-11-25,74.2,77.0,72.03,72.85,1279316.0,94691416.0
2010-11-26,72.95,74.8,72.0,73.39,650905.0,47970212.0
2010-11-29,72.99,74.7,72.21,73.3,571632.0,41907032.0
2010-11-30,73.3,73.3,66.83,68.88,954718.0,66649348.0
2010-12-01,68.51,68.9,67.3,68.9,448588.0,30522942.0
2010-12-02,69.79,69.8,68.41,68.7,320617.0,22156376.0
2010-12-03,68.01,68.7,65.43,66.67,469252.0,31339752.0
2010-12-06,66.54,67.0,64.21,64.54,325051.0,21187388.0
2010-12-07,64.52,67.01,64.0,66.36,323964.0,21261504.0
2010-12-08,66.0,67.45,66.0,66.11,208947.0,13915845.0
2010-12-09,66.1,66.1,64.7,64.7,182100.0,11874732.0
2010-12-10,64.7,65.87,64.18,65.73,185535.0,12096944.0
2010-12-13,65.91,68.43,65.91,68.22,335397.0,22715266.0
2010-12-14,68.5,68.5,67.66,67.98,214844.0,14608706.0
2010-12-15,68.0,69.68,67.92,68.1,252557.0,17381288.0
2010-12-16,67.95,69.18,67.95,68.5,301569.0,20734580.0
2010-12-17,68.89,69.6,68.21,69.55,275164.0,18970808.0
2010-12-20,69.65,72.9,69.08,70.85,780592.0,55430488.0
2010-12-21,71.18,71.3,70.11,71.0,282193.0,19946430.0
2010-12-22,71.0,71.0,68.0,68.9,318702.0,22144404.0
2010-12-23,68.8,69.28,65.99,66.48,396312.0,26639704.0
2010-12-24,66.34,66.34,64.2,64.34,285889.0,18561298.0
2010-12-27,64.35,65.8,60.2,61.3,348493.0,22047012.0
2010-12-28,61.02,61.8,59.5,61.62,259684.0,15726410.0
2010-12-29,61.7,63.23,60.48,62.99,285432.0,17548850.0
2010-12-30,62.69,62.69,61.33,62.21,183855.0,11409245.0
2010-12-31,63.49,64.2,62.1,63.99,213314.0,13582674.0
2011-01-04,64.1,65.45,63.1,65.18,317875.0,20641748.0
2011-01-05,64.9,65.26,64.4,64.68,202006.0,13076522.0
2011-01-06,64.27,64.9,63.04,63.5,127564.0,8133305.0
2011-01-07,62.91,63.64,62.12,62.6,166001.0,10448318.0
2011-01-10,62.6,63.2,60.8,62.51,279188.0,17264168.0
2011-01-11,61.81,62.33,60.8,61.41,165387.0,10170236.0
2011-01-12,61.9,62.9,61.5,62.1,95753.0,5951971.0
2011-01-14,61.7,61.78,59.02,59.79,209157.0,12520431.0
2011-01-17,59.7,59.7,56.89,57.42,225978.0,13169456.0
2011-01-18,57.5,57.94,57.0,57.72,140758.0,8083888.0
2011-01-19,57.3,58.66,57.3,58.65,154077.0,8954617.0
2011-01-20,58.4,58.4,55.6,55.86,162468.0,9285337.0
2011-01-21,55.6,56.19,54.51,55.82,200711.0,11123492.0
2011-01-24,55.88,56.8,52.04,52.3,235370.0,12714671.0
2011-01-25,52.12,52.55,49.58,50.18,222201.0,11217528.0
2011-01-26,50.09,51.32,49.11,50.76,179379.0,9105041.0
2011-01-27,50.67,51.68,49.69,51.0,160534.0,8191815.0
2011-01-28,50.5,52.47,50.5,52.19,159120.0,8203624.0
2011-01-31,52.01,52.88,52.01,52.8,137125.0,7206183.0
2011-02-01,52.81,53.29,51.93,52.18,139476.0,7281544.0
2011-02-09,51.01,52.69,51.01,51.25,118990.0,6150255.0
2011-02-10,51.09,56.38,50.8,56.38,608368.0,33567004.0
2011-02-11,57.0,57.35,55.88,56.54,361147.0,20337000.0
2011-02-14,54.6,58.6,54.6,56.92,355134.0,20441540.0
2011-02-15,56.98,61.96,56.71,59.01,499052.0,29581616.0
2011-02-16,59.1,60.88,59.1,59.9,288774.0,17325212.0
2011-02-17,59.15,60.98,59.15,60.0,229872.0,13705389.0
2011-02-18,59.61,61.77,59.3,61.0,290379.0,17651576.0
2011-02-21,60.88,61.94,59.6,61.6,277088.0,17042252.0
2011-02-22,61.58,62.85,59.9,60.75,488077.0,29751608.0
2011-02-23,60.5,64.64,60.5,63.7,718958.0,45451440.0
2011-02-24,63.68,63.68,57.33,63.16,539929.0,33588812.0
2011-02-25,62.99,62.99,59.0,60.4,458675.0,27870858.0
2011-02-28,60.01,61.2,59.38,60.33,264078.0,15838209.0
2011-03-01,60.28,60.28,57.77,58.6,706019.0,41510804.0
2011-03-02,58.1,58.84,57.5,58.72,344081.0,19992700.0
2011-03-03,59.0,59.0,57.5,57.93,186224.0,10815975.0
2011-03-04,57.77,58.57,57.61,57.98,159444.0,9237669.0
2011-03-07,58.42,59.2,57.8,59.1,315612.0,18522916.0
2011-03-08,59.17,59.17,58.36,58.85,192758.0,11324004.0
2011-03-09,58.51,59.2,58.5,59.09,220507.0,12977862.0
2011-03-10,59.01,60.8,58.71,60.0,313498.0,18862798.0
2011-03-11,59.49,61.28,59.0,60.29,263186.0,15822795.0
2011-03-14,60.2,61.15,60.05,60.9,213980.0,12992526.0
2011-03-15,60.99,60.99,58.1,59.08,254740.0,15101276.0
2011-03-16,59.07,60.1,59.07,60.08,163961.0,9799183.0
2011-03-17,59.97,59.97,56.71,57.0,289019.0,16794756.0
2011-03-18,57.63,57.89,56.99,57.34,130524.0,7502713.0
2011-03-21,57.34,57.35,56.73,56.94,100879.0,5752397.0
2011-03-22,56.98,56.98,55.77,55.98,178668.0,10003229.0
2011-03-23,55.84,56.93,55.09,56.71,101364.0,5691544.0
2011-03-24,56.62,56.71,56.0,56.2,95768.0,5392755.0
2011-03-25,56.1,56.58,56.02,56.54,94218.0,5307385.0
2011-03-28,56.55,56.87,54.88,55.0,179837.0,10015528.0
2011-03-29,55.05,55.38,52.5,53.0,177409.0,9465767.0
2011-03-30,53.0,53.38,51.6,52.0,135340.0,7054973.0
2011-03-31,52.01,52.6,51.68,52.4,83853.0,4371374.0
2011-04-01,52.44,53.0,52.02,52.99,74724.0,3920484.0
2011-04-06,52.19,52.95,52.19,52.3,103700.0,5438074.0
2011-04-07,52.29,53.4,52.03,53.38,99046.0,5227664.0
2011-04-08,53.0,58.2,52.95,56.08,359181.0,20177780.0
2011-04-11,55.49,56.48,54.51,55.0,154106.0,8512692.0
2011-04-12,54.94,56.3,54.4,55.09,153650.0,8539934.0
2011-04-13,55.59,55.6,54.28,55.45,110034.0,6063162.0
2011-04-14,55.5,55.5,54.3,54.33,92780.0,5069298.0
2011-04-15,54.22,54.22,52.6,53.98,188312.0,10022814.0
2011-04-18,53.8,53.98,53.01,53.89,121075.0,6467803.0
2011-04-19,53.49,53.49,52.55,52.65,109342.0,5769596.0
2011-04-20,53.12,53.13,52.02,52.85,78504.0,4149234.0
2011-04-21,52.85,53.49,52.51,52.9,93077.0,4937562.0
2011-04-22,52.89,52.89,51.7,51.74,160276.0,8353202.0
2011-04-25,51.5,51.5,48.07,48.1,315374.0,15460723.0
2011-04-26,48.18,48.9,48.08,48.5,78048.0,3777043.0
2011-04-27,48.85,48.85,46.0,46.23,130098.0,6161337.0
2011-04-28,46.8,46.8,44.83,44.88,149257.0,6846105.0
2011-04-29,44.7,45.7,44.69,45.58,117482.0,5315607.0
2011-05-03,45.42,46.2,44.0,45.96,92334.0,4165281.0
2011-05-04,45.87,45.87,45.01,45.53,82611.0,3741970.0
2011-05-05,45.16,46.16,45.16,45.78,86989.0,3974276.0
2011-05-06,45.72,46.6,44.81,46.1,162575.0,7443937.0
2011-05-10,46.89,46.9,46.1,46.6,99378.0,4598520.0
2011-05-11,46.5,46.65,45.83,45.95,134654.0,6221298.0
2011-05-12,45.11,45.96,45.0,45.02,57800.0,2625474.0
2011-05-13,45.74,45.76,44.8,45.3,77516.0,3488101.0
2011-05-16,45.12,45.69,45.1,45.52,46006.0,2089250.0
2011-05-17,45.3,45.3,44.15,44.36,83577.0,3727204.0
2011-05-18,44.31,44.49,43.95,44.42,68272.0,3014106.0
2011-05-19,44.5,44.57,43.8,43.8,116841.0,5165477.0
2011-05-20,43.8,44.43,43.51,44.38,103979.0,4569115.0
2011-05-23,44.38,48.82,44.38,46.47,640117.0,30146480.0
2011-05-24,46.23,48.97,44.99,48.0,362940.0,17013042.0
2011-05-25,47.95,47.95,46.25,46.43,201004.0,9426865.0
2011-05-26,46.83,47.34,44.45,44.45,261847.0,11984906.0
2011-05-27,43.23,43.8,40.6,40.6,426592.0,8893597.0
2011-05-30,40.22,41.6,39.21,39.59,284515.0,5751369.0
2011-05-31,39.58,39.59,38.21,39.07,546951.0,10572824.0
2011-06-01,38.83,39.94,38.83,39.88,446855.0,8727458.0
2011-06-02,39.21,39.21,37.89,38.59,338578.0,6477291.0
2011-06-03,38.39,39.15,38.39,38.87,378556.0,7316092.0
2011-06-07,38.45,38.99,38.39,38.91,166878.0,3220673.0
2011-06-08,38.95,38.97,37.73,38.27,292881.0,5557342.0
2011-06-09,38.27,38.27,37.3,37.32,321725.0,6032482.0
2011-06-10,37.34,37.52,35.78,36.7,212189.0,3851122.0
2011-06-13,36.14,37.18,35.78,36.92,461254.0,8411959.0
2011-06-14,36.44,37.32,36.42,37.18,279991.0,5159618.0
2011-06-15,37.06,37.85,36.24,36.5,260316.0,4813758.0
2011-06-16,36.18,36.52,35.38,35.64,210300.0,3763539.0
2011-06-17,35.01,35.66,34.17,34.87,198332.0,3461832.0
2011-06-20,34.81,34.81,33.52,34.15,253268.0,4292930.0
2011-06-21,34.19,34.61,33.22,34.25,193376.0,3256300.0
2011-06-22,34.25,34.47,33.57,33.91,131852.0,2229920.0
2011-06-23,34.15,35.38,33.47,35.33,608430.0,10526394.0
2011-06-24,35.13,36.74,34.77,36.36,943683.0,16762162.0
2011-06-27,36.38,37.14,35.96,36.84,633811.0,11585123.0
2011-06-28,36.84,36.94,36.02,36.8,429780.0,7804650.0
2011-06-29,36.88,36.88,36.08,36.08,456265.0,8267610.0
2011-06-30,36.08,36.68,36.0,36.34,377548.0,6830603.0
2011-07-01,36.38,37.1,36.2,36.4,415396.0,7579524.0
2011-07-04,36.72,37.38,36.2,37.28,575259.0,10597134.0
2011-07-05,37.28,38.39,37.28,38.09,694271.0,13093203.0
2011-07-06,38.09,38.79,37.51,38.71,587502.0,11165431.0
2011-07-07,38.51,40.0,38.15,39.58,1029844.0,20152096.0
2011-07-08,39.49,39.88,38.79,39.59,507961.0,9948964.0
2011-07-11,39.35,39.92,39.19,39.44,394070.0,7756697.0
2011-07-12,39.19,39.19,37.55,37.63,615897.0,11678535.0
2011-07-13,37.65,38.69,37.63,38.43,378147.0,7193356.0
2011-07-14,38.97,39.78,38.35,39.68,852703.0,16636587.0
2011-07-15,39.68,41.95,39.58,41.6,1422450.0,28963224.0
2011-07-18,41.67,43.49,41.06,41.52,1278159.0,27008086.0
2011-07-19,41.36,41.36,39.8,39.86,591575.0,11828504.0
2011-07-20,40.04,40.76,39.44,40.18,416482.0,8288850.0
2011-07-21,39.8,40.16,38.41,38.79,378521.0,7365750.0
2011-07-22,38.91,39.49,38.55,39.25,322294.0,6263589.0
2011-07-25,38.79,38.79,36.22,36.48,487449.0,9135350.0
2011-07-26,36.48,37.06,36.16,36.64,228354.0,4150982.0
2011-07-27,36.22,37.36,36.18,37.1,443493.0,8109634.0
2011-07-28,36.62,36.86,36.18,36.68,395812.0,7180551.0
2011-07-29,36.4,37.18,36.38,36.58,267850.0,4890935.0
2011-08-01,36.54,37.48,36.02,36.9,363013.0,6636911.0
2011-08-02,36.78,36.78,35.48,36.56,426604.0,7619351.0
2011-08-03,35.94,40.22,35.8,40.22,1371794.0,26957538.0
2011-08-04,41.81,42.15,39.82,39.82,2244708.0,45770652.0
2011-08-05,36.34,39.39,36.34,37.99,1139894.0,21510518.0
2011-08-08,36.98,37.3,35.17,35.38,941134.0,16900344.0
2011-08-09,34.39,35.15,32.32,34.33,694814.0,11699486.0
2011-08-10,34.99,35.96,34.99,35.38,576440.0,10182003.0
2011-08-11,34.67,38.91,34.19,38.91,815715.0,15294853.0
2011-08-12,40.9,42.81,40.9,42.81,4372211.0,91921288.0
2011-08-15,44.56,45.2,42.81,43.23,4579750.0,99818024.0
2011-08-16,42.73,44.04,41.81,43.72,3078057.0,65471268.0
2011-08-17,43.05,44.4,42.41,43.21,2058337.0,44433896.0
2011-08-18,42.83,43.01,40.4,40.78,1848678.0,38387832.0
2011-08-19,40.0,44.86,39.35,44.86,3705650.0,79771368.0
2011-08-22,46.23,49.34,45.42,49.34,3515370.0,83538624.0
2011-08-23,50.33,53.74,48.3,52.78,6956158.0,176760208.0
2011-08-24,51.39,53.2,49.89,50.75,5590738.0,142921904.0
2011-08-25,49.24,50.23,47.43,49.83,4164918.0,101712552.0
2011-08-26,49.26,54.53,48.54,52.32,5756167.0,149432672.0
2011-08-29,52.16,52.24,50.27,50.91,2500793.0,63732920.0
2011-08-30,50.33,54.25,49.56,51.43,3060187.0,79284904.0
2011-08-31,50.65,51.23,48.88,50.35,1809176.0,44818724.0
2011-09-01,50.21,50.23,48.04,48.26,2199505.0,53578468.0
2011-09-02,48.26,49.14,46.63,47.33,1654668.0,39007220.0
2011-09-05,46.55,51.86,46.31,50.65,3397016.0,81812312.0
2011-09-06,49.14,49.69,46.81,46.87,1899466.0,45633040.0
2011-09-07,47.23,50.23,47.23,48.36,2558208.0,62287656.0
2011-09-08,48.0,48.58,45.42,46.37,3314800.0,77602464.0
2011-09-09,46.19,46.59,44.42,44.86,1558996.0,35279744.0
2011-09-13,44.02,44.08,43.13,43.25,1305415.0,28300308.0
2011-09-14,43.41,45.42,43.11,45.42,1870375.0,41105560.0
2011-09-15,45.38,45.79,43.82,44.04,2124238.0,47309936.0
2011-09-16,44.24,48.22,44.22,45.83,3860673.0,89546000.0
2011-09-19,44.66,45.56,42.93,45.1,2282177.0,50110432.0
2011-09-20,44.5,47.13,43.82,46.27,2053550.0,46751792.0
2011-09-21,46.03,48.2,45.73,47.82,2853319.0,67212136.0
2011-09-22,47.23,49.65,46.39,46.43,3164154.0,75981024.0
2011-09-23,44.26,46.01,43.84,44.94,1785825.0,39791028.0
2011-09-26,44.62,45.62,43.11,43.27,1420497.0,31230090.0
2011-09-27,43.62,44.12,40.86,41.4,1716893.0,35941104.0
2011-09-28,41.77,41.91,39.45,39.49,1192427.0,24094358.0
2011-09-29,39.39,39.48,36.82,36.98,1376294.0,25769644.0
2011-09-30,37.1,37.89,35.17,37.41,1288007.0,23534204.0
2011-10-10,37.47,38.13,36.72,37.71,850641.0,15904537.0
2011-10-11,39.17,39.94,37.18,38.69,1343898.0,25969570.0
2011-10-12,38.21,40.56,37.34,40.28,1524784.0,30095216.0
2011-10-13,41.6,42.11,40.28,41.48,1824097.0,37383672.0
2011-10-14,41.1,44.22,40.78,42.81,2734173.0,58429220.0
2011-10-17,42.21,43.37,41.91,42.75,1997861.0,42157868.0
2011-10-18,42.11,42.11,39.74,39.74,1543256.0,31478076.0
2011-10-19,39.74,40.8,37.99,38.59,1313321.0,25689554.0
2011-10-20,38.19,38.79,36.98,37.56,952243.0,17759008.0
2011-10-21,37.55,38.15,37.16,37.63,741339.0,13876483.0
2011-10-24,37.85,39.09,35.23,38.81,1358791.0,25444666.0
2011-10-25,38.81,40.16,38.19,39.96,1612711.0,31543190.0
2011-10-26,39.55,43.96,39.01,43.96,3336979.0,70447040.0
2011-10-27,43.43,44.58,42.21,42.65,2990578.0,64408656.0
2011-10-28,42.81,43.8,42.21,43.48,2401578.0,51389404.0
2011-10-31,43.19,45.83,42.47,45.02,2696926.0,59110796.0
2011-11-01,44.42,46.67,43.94,44.66,2494837.0,55942744.0
2011-11-02,43.41,45.89,42.81,45.3,2477615.0,54465000.0
2011-11-03,45.42,47.43,44.96,46.63,3674594.0,84697968.0
2011-11-04,46.81,47.33,45.59,45.87,1794580.0,41226440.0
2011-11-07,45.59,46.83,44.78,46.13,1416747.0,32354684.0
2011-11-08,46.23,46.75,44.46,44.96,1282308.0,29106932.0
2011-11-09,44.94,45.93,44.02,45.83,1228291.0,27574678.0
2011-11-10,45.1,49.2,44.3,46.23,3356450.0,78833560.0
2011-11-11,45.79,46.83,45.02,45.42,1708989.0,38978008.0
2011-11-14,45.99,47.23,45.62,46.83,1558703.0,36255720.0
2011-11-15,47.13,47.13,46.07,46.57,1008541.0,23336988.0
2011-11-16,46.57,46.85,44.3,44.6,1551397.0,34952328.0
2011-11-17,44.6,45.22,43.37,44.66,1242762.0,27458838.0
2011-11-18,43.86,44.3,41.22,41.42,1223522.0,26017912.0
2011-11-21,41.42,41.79,40.28,41.38,732379.0,14866209.0
2011-11-22,40.58,41.75,40.5,41.42,633741.0,12969612.0
2011-11-23,41.73,42.07,40.92,41.2,554303.0,11423354.0
2011-11-24,40.76,41.81,40.04,41.2,653725.0,13291361.0
2011-11-25,41.2,41.3,39.59,39.7,622912.0,12542525.0
2011-11-28,39.94,40.0,38.19,38.75,664816.0,12848562.0
2011-11-29,39.29,39.8,38.91,39.78,736340.0,14437425.0
2011-11-30,39.8,43.76,39.78,41.52,3453446.0,72600336.0
2011-12-01,42.27,45.22,41.2,43.88,3094555.0,66920580.0
2011-12-02,42.83,43.41,41.4,42.41,1568230.0,33092870.0
2011-12-05,42.45,42.51,38.17,38.17,1548074.0,30406346.0
2011-12-06,36.6,39.31,36.6,39.27,1061250.0,20049996.0
2011-12-07,38.79,39.68,38.49,39.01,505461.0,9816819.0
2011-12-08,38.47,39.96,37.79,39.39,847112.0,16480096.0
2011-12-09,39.09,39.9,38.19,38.43,518686.0,10038424.0
2011-12-12,38.43,39.15,37.75,37.79,367586.0,7018470.0
2011-12-13,36.98,37.41,35.21,35.9,785369.0,14149849.0
2011-12-14,35.9,36.54,35.38,35.45,455849.0,8141137.0
2011-12-15,35.4,36.18,34.21,34.97,591741.0,10424056.0
2011-12-16,34.57,36.5,34.37,36.36,610336.0,10811128.0
2011-12-19,36.48,37.0,35.48,36.94,634894.0,11448364.0
2011-12-20,36.78,37.99,36.22,36.38,779034.0,14489374.0
2011-12-21,36.58,37.99,35.8,35.82,767937.0,14129297.0
2011-12-22,35.48,36.08,32.56,35.44,769355.0,13159466.0
2011-12-23,35.09,36.1,34.75,35.62,566059.0,9990989.0
2011-12-26,35.64,36.16,35.33,35.41,388799.0,6913217.0
2011-12-27,35.07,35.55,33.77,33.79,472354.0,8068367.0
2011-12-28,33.61,34.05,32.34,33.99,553685.0,9069052.0
2011-12-29,33.57,34.09,33.37,33.37,352314.0,5899503.0
2011-12-30,33.32,34.53,33.32,34.17,292578.0,4947801.0
2012-01-04,34.39,34.87,32.88,32.88,259800.0,4383316.0
2012-01-05,33.14,33.16,30.39,30.65,451681.0,7206730.0
2012-01-06,31.13,31.54,29.75,31.32,488616.0,7406781.0
2012-01-09,31.29,32.64,30.45,32.64,444173.0,7084933.0
2012-01-10,32.56,34.57,32.26,33.93,515456.0,8597221.0
2012-01-11,34.13,35.78,33.2,34.81,769304.0,13362889.0
2012-01-12,34.25,35.33,33.97,34.17,524418.0,9024428.0
2012-01-13,34.01,34.51,32.16,32.16,485088.0,7934163.0
2012-01-16,31.17,32.08,29.79,30.11,287712.0,4430269.0
2012-01-17,30.79,32.1,30.15,32.0,469558.0,7291847.0
2012-01-18,32.0,32.56,30.35,30.75,392620.0,6149013.0
2012-01-19,31.34,31.45,30.35,30.85,276813.0,4250714.0
2012-01-20,30.95,31.66,30.79,31.54,273630.0,4274309.0
2012-01-30,31.56,32.44,31.15,31.62,246283.0,3918279.0
2012-01-31,31.66,31.66,30.95,31.25,208681.0,3235893.0
2012-02-01,30.95,31.88,30.75,31.17,266538.0,4171928.0
2012-02-02,31.05,31.92,30.95,31.72,250596.0,3927149.0
2012-02-03,31.38,33.0,31.38,32.72,700432.0,11310662.0
2012-02-06,32.56,32.94,32.46,32.76,552294.0,8975704.0
2012-02-07,32.48,32.74,31.36,31.76,553458.0,8784651.0
2012-02-08,31.15,32.68,31.15,32.68,1072286.0,17098866.0
2012-02-09,32.66,33.71,32.42,32.84,810961.0,13355485.0
2012-02-10,33.08,33.22,32.48,32.76,561229.0,9176097.0
2012-02-13,32.4,33.67,32.4,33.57,795861.0,13140831.0
2012-02-14,33.57,33.65,32.88,33.26,470431.0,7771163.0
2012-02-15,33.59,34.07,33.28,33.91,848552.0,14241463.0
2012-02-16,33.93,34.67,33.37,33.79,743604.0,12567424.0
2012-02-17,33.91,34.33,33.37,33.57,488939.0,8199176.0
2012-02-20,33.71,34.25,33.55,33.57,670684.0,11308994.0
2012-02-21,33.51,34.13,32.54,34.13,929755.0,15444601.0
2012-02-22,33.87,35.17,33.83,35.17,1286672.0,22216058.0
2012-02-23,35.23,36.92,35.07,35.4,1476596.0,26408636.0
2012-02-24,35.4,35.88,34.99,35.58,1033393.0,18183170.0
2012-02-27,35.98,36.36,35.27,35.98,988460.0,17586142.0
2012-02-28,35.19,36.14,34.63,35.09,811510.0,14318257.0
2012-02-29,35.19,35.19,34.21,34.37,552495.0,9512328.0
2012-03-01,33.16,34.37,33.16,33.93,554243.0,9380294.0
2012-03-02,33.93,34.73,33.93,34.41,593129.0,10145510.0
2012-03-05,34.89,34.93,33.81,34.27,626675.0,10691166.0
2012-03-06,33.87,34.13,33.26,33.77,736769.0,12296834.0
2012-03-07,33.41,34.63,33.26,34.11,632635.0,10740662.0
2012-03-08,34.53,34.91,34.11,34.53,770934.0,13210669.0
2012-03-09,34.67,35.38,34.59,35.29,868466.0,15103147.0
2012-03-12,35.4,35.53,34.71,34.99,593626.0,10366964.0
2012-03-13,35.03,37.38,34.57,36.66,1783622.0,32169806.0
2012-03-14,36.6,36.78,33.38,33.69,1774235.0,31290474.0
2012-03-15,33.69,34.15,32.6,33.95,1100266.0,18381612.0
2012-03-16,33.95,35.38,33.77,35.38,1519346.0,26292188.0
2012-03-19,35.41,36.62,35.19,36.06,1008246.0,17951292.0
2012-03-20,35.74,36.18,34.57,34.79,701606.0,12276001.0
2012-03-21,34.97,35.25,33.99,34.71,489161.0,8414516.0
2012-03-22,34.71,35.03,34.17,34.97,312264.0,5382479.0
2012-03-23,34.93,36.12,34.25,35.13,1129378.0,19920492.0
2012-03-27,35.13,36.0,34.89,35.53,874378.0,15428783.0
2012-03-28,34.77,35.07,32.16,32.26,1105219.0,18134598.0
2012-03-29,32.14,32.14,30.75,31.11,634763.0,9848655.0
2012-03-30,31.15,31.54,30.21,30.37,390006.0,5934245.0
2012-04-05,31.05,31.43,30.25,31.36,305534.0,4700135.0
2012-04-06,31.39,31.58,31.05,31.25,369476.0,5751135.0
2012-04-09,31.15,31.21,30.41,30.57,304556.0,4650157.0
2012-04-10,30.39,30.75,29.77,30.75,264839.0,3983296.0
2012-04-11,30.55,31.03,30.27,30.89,215444.0,3296225.0
2012-04-12,30.87,31.56,30.73,31.56,552300.0,8599671.0
2012-04-13,31.6,31.74,31.36,31.58,489982.0,7694453.0
2012-04-16,31.39,32.46,31.39,31.84,520899.0,8309582.0
2012-04-17,32.34,32.52,31.56,31.9,480835.0,7680074.0
2012-04-18,32.78,35.09,32.78,35.09,1807240.0,31089052.0
2012-04-19,36.78,37.08,35.03,35.38,2959587.0,52725344.0
2012-04-20,35.15,38.79,35.15,36.32,2817659.0,51730100.0
2012-04-23,35.68,36.5,34.21,34.97,2276295.0,39768360.0
2012-04-24,34.27,34.71,31.48,33.04,1746675.0,28657688.0
2012-04-25,32.88,33.45,32.3,33.16,877150.0,14355734.0
2012-04-26,32.2,36.48,32.16,36.48,2251425.0,39470344.0
2012-04-27,37.52,38.77,35.25,36.68,3497502.0,65005704.0
2012-05-02,36.68,37.36,35.4,35.72,1875623.0,33949412.0
2012-05-03,35.72,36.28,35.27,36.26,1375529.0,24498888.0
2012-05-04,36.38,36.64,35.58,35.98,1218429.0,21891498.0
2012-05-07,35.98,36.32,35.13,36.24,1056159.0,18762296.0
2012-05-08,36.22,37.02,35.8,36.16,1216368.0,22022662.0
2012-05-09,35.78,35.88,34.57,34.57,1067771.0,18611220.0
2012-05-10,34.37,35.38,34.37,34.67,702113.0,12182581.0
2012-05-11,34.59,35.07,34.49,34.95,599004.0,10373920.0
2012-05-14,35.21,35.55,34.45,34.77,725789.0,12660073.0
2012-05-15,33.97,34.33,32.71,33.74,837174.0,8601414.0
2012-05-16,34.07,34.07,32.32,32.42,1137983.0,11572751.0
2012-05-17,32.32,33.19,32.06,32.71,724123.0,7340804.0
2012-05-18,32.38,32.87,31.38,31.51,887473.0,8789858.0
2012-05-21,32.16,32.16,30.73,31.32,515671.0,4989169.0
2012-05-22,31.67,32.25,31.51,31.96,646570.0,6374015.0
2012-05-23,31.7,32.0,31.32,31.87,531091.0,5208057.0
2012-05-24,31.64,32.16,31.64,31.87,488245.0,4805105.0
2012-05-25,31.8,31.93,30.6,30.73,729703.0,7000841.0
2012-05-28,30.22,31.12,29.8,31.02,762756.0,7174748.0
2012-05-29,30.54,31.77,30.54,31.48,673284.0,6527487.0
2012-05-30,31.48,32.09,31.25,31.64,528940.0,5168721.0
2012-05-31,31.41,32.97,31.38,32.32,1071339.0,10693298.0
2012-06-01,32.32,32.48,31.38,31.87,683064.0,6766824.0
2012-06-04,31.16,31.32,30.22,30.25,760953.0,7250516.0
2012-06-05,30.31,30.9,30.31,30.67,332484.0,3148713.0
2012-06-06,30.83,31.22,30.51,30.8,305703.0,2911287.0
2012-06-07,30.83,31.32,30.25,30.48,480173.0,4555622.0
2012-06-08,30.73,31.02,30.44,30.67,420298.0,3988550.0
2012-06-11,30.83,33.74,30.48,32.58,1577390.0,15967578.0
2012-06-12,32.61,32.9,31.7,32.19,971683.0,9721545.0
2012-06-13,32.32,32.84,32.09,32.77,729859.0,7326851.0
2012-06-14,32.45,32.74,32.03,32.03,766712.0,7652517.0
2012-06-15,32.03,32.22,31.41,31.83,594513.0,5833529.0
2012-06-18,32.09,32.84,31.87,32.51,686508.0,6876521.0
2012-06-19,32.29,33.52,32.19,33.48,1418805.0,14482772.0
2012-06-20,33.48,34.07,33.03,33.42,1205095.0,12479936.0
2012-06-21,33.32,33.32,32.06,32.12,755535.0,7578217.0
2012-06-25,32.16,32.16,30.8,30.8,582748.0,5674197.0
2012-06-26,30.77,31.22,30.25,30.99,262129.0,2490641.0
2012-06-27,30.7,31.54,30.7,31.38,365104.0,3527557.0
2012-06-28,31.35,31.57,31.09,31.12,309001.0,2989538.0
2012-06-29,31.12,31.38,30.38,31.38,345383.0,3305041.0
2012-07-02,31.77,32.0,31.38,31.57,428413.0,4193346.0
2012-07-03,31.38,33.13,31.19,33.0,1672401.0,16811210.0
2012-07-04,33.06,33.06,31.87,32.12,970618.0,9685812.0
2012-07-05,31.96,31.96,30.22,30.28,853386.0,8136092.0
2012-07-06,30.57,31.67,30.05,31.06,513278.0,4855032.0
2012-07-09,30.86,31.06,29.83,29.83,508330.0,4797984.0
2012-07-10,29.6,30.09,29.18,29.25,331088.0,3006891.0
2012-07-11,29.38,29.44,29.05,29.41,293000.0,2650688.0
2012-07-12,29.41,30.02,29.18,29.7,408815.0,3739773.0
2012-07-13,29.67,29.67,27.24,27.34,1454866.0,12603271.0
2012-07-16,26.88,27.3,25.82,25.85,708521.0,5791308.0
2012-07-17,25.78,26.27,25.49,26.07,329229.0,2638170.0
2012-07-18,25.91,26.3,25.75,26.3,264856.0,2126625.0
2012-07-19,25.98,27.05,25.98,26.59,402270.0,3310633.0
2012-07-20,26.59,26.69,26.3,26.46,237528.0,1943061.0
2012-07-23,26.2,26.4,25.72,26.27,175569.0,1411286.0
2012-07-24,26.2,26.72,26.17,26.53,233681.0,1913689.0
2012-07-25,26.3,26.69,26.11,26.56,289324.0,2364448.0
2012-07-26,26.46,26.79,26.33,26.4,385250.0,3168282.0
2012-07-27,26.69,26.75,26.27,26.43,185030.0,1509011.0
2012-07-30,26.69,26.69,25.3,25.56,289439.0,2338476.0
2012-07-31,25.56,26.04,25.23,25.23,234000.0,1848906.0
2012-08-01,24.94,25.72,24.94,25.52,155463.0,1221192.0
2012-08-02,25.66,25.66,25.01,25.2,123242.0,961611.0
2012-08-03,25.56,26.2,25.27,26.04,202416.0,1608589.0
2012-08-06,26.4,27.5,26.14,26.98,778031.0,6447303.0
2012-08-07,26.98,27.08,26.62,26.85,469879.0,3894094.0
2012-08-08,26.95,27.01,26.46,26.85,399293.0,3302367.0
2012-08-09,26.33,27.05,26.27,27.05,565476.0,4688200.0
2012-08-10,27.11,27.11,26.53,26.72,371255.0,3070884.0
2012-08-13,26.66,26.79,26.24,26.27,267400.0,2183814.0
2012-08-14,26.14,26.27,25.27,26.24,293336.0,2357676.0
2012-08-15,26.01,26.3,25.75,26.07,225555.0,1814784.0
2012-08-16,26.2,26.43,25.72,25.85,235734.0,1893525.0
2012-08-17,25.4,26.07,25.4,25.98,196618.0,1567360.0
2012-08-20,25.52,26.2,25.43,26.14,204707.0,1636056.0
2012-08-21,25.91,27.37,25.91,26.88,798051.0,6614827.0
2012-08-22,26.75,26.95,26.3,26.46,512868.0,4228657.0
2012-08-23,26.37,27.24,26.37,27.18,563083.0,4683984.0
2012-08-24,27.11,27.5,26.62,26.66,511341.0,4261126.0
2012-08-27,26.62,26.62,25.66,25.72,337799.0,2708300.0
2012-08-28,25.69,26.59,25.52,26.5,391367.0,3139487.0
2012-08-29,26.14,26.85,25.95,26.4,348569.0,2848642.0
2012-08-30,26.14,26.59,25.4,26.01,313421.0,2511615.0
2012-08-31,25.95,26.27,25.56,26.07,321650.0,2587909.0
2012-09-03,25.88,26.66,25.88,26.59,403403.0,3288859.0
2012-09-04,26.56,27.34,26.4,27.14,812916.0,6769032.0
2012-09-05,26.95,29.86,26.75,29.44,3119824.0,28126738.0
2012-09-06,29.02,29.02,28.37,28.79,1985801.0,17567306.0
2012-09-07,28.95,29.7,28.66,29.63,2116814.0,19178440.0
2012-09-10,29.7,30.41,29.12,29.96,1116291.0,10229712.0
2012-09-11,29.7,29.83,28.89,29.41,1029243.0,9355217.0
2012-09-12,29.76,29.86,29.02,29.38,525843.0,4765159.0
2012-09-13,29.12,29.44,28.73,28.73,390830.0,3508002.0
2012-09-14,28.99,29.12,27.98,29.12,790286.0,7041488.0
2012-09-17,29.12,30.02,28.34,28.41,866280.0,7890109.0
2012-09-18,28.73,28.73,28.11,28.57,201515.0,1766549.0
2012-09-19,29.05,29.05,28.21,28.63,269533.0,2379336.0
2012-09-20,28.6,28.63,27.01,27.27,249313.0,2146468.0
2012-09-21,28.37,28.37,26.66,27.47,293923.0,2463176.0
2012-09-24,27.14,27.43,26.69,27.43,262358.0,2207466.0
2012-09-25,27.66,28.73,27.47,27.86,410562.0,3578447.0
2012-09-26,27.34,27.6,25.07,25.56,449126.0,3596461.0
2012-09-27,25.62,26.46,25.59,26.11,338298.0,2720649.0
2012-09-28,25.82,26.24,25.43,26.17,1007993.0,8041191.0
2012-10-08,26.07,26.11,25.36,25.69,623617.0,4948225.0
2012-10-09,25.78,26.66,25.66,26.53,939657.0,7635451.0
2012-10-10,26.53,27.4,26.3,27.05,666749.0,5552596.0
2012-10-11,26.88,27.37,26.2,26.33,449390.0,3716576.0
2012-10-12,26.46,26.66,25.43,26.3,972557.0,7771469.0
2012-10-15,26.04,26.04,25.17,25.49,369989.0,2919408.0
2012-10-16,25.49,25.91,25.36,25.66,249599.0,1979566.0
2012-10-17,25.69,25.88,25.46,25.82,251607.0,2001940.0
2012-10-18,25.78,26.33,25.75,26.17,366790.0,2958476.0
2012-10-19,26.17,26.3,26.01,26.17,362366.0,2934435.0
2012-10-22,26.04,26.43,25.88,26.33,277277.0,2245025.0
2012-10-23,26.37,27.43,26.37,26.56,548369.0,4522138.0
2012-10-24,26.59,26.59,26.07,26.27,280192.0,2269881.0
2012-10-25,26.27,26.33,25.75,25.85,275197.0,2219385.0
2012-10-26,25.85,25.85,25.2,25.78,353867.0,2780691.0
2012-10-29,25.27,25.91,25.23,25.75,147579.0,1172648.0
2012-10-30,25.75,25.95,25.43,25.91,218042.0,1733500.0
2012-10-31,25.95,26.04,25.78,25.98,135483.0,1085865.0
2012-11-01,26.17,26.59,26.04,26.24,386259.0,3130426.0
2012-11-02,26.2,26.27,25.95,26.27,248273.0,2005065.0
2012-11-05,26.33,26.4,25.98,26.11,140039.0,1135932.0
2012-11-06,25.98,26.04,25.4,25.66,171095.0,1354073.0
2012-11-07,25.72,25.85,25.4,25.66,162408.0,1283162.0
2012-11-08,25.52,26.53,25.52,25.52,360053.0,2869663.0
2012-11-09,25.4,25.52,24.1,24.91,551435.0,4216963.0
2012-11-12,24.88,25.14,24.52,25.01,241204.0,1854078.0
2012-11-13,24.78,25.46,24.2,24.2,255760.0,1956391.0
2012-11-14,24.2,24.59,23.97,24.26,323774.0,2423156.0
2012-11-15,24.26,24.91,23.29,23.68,256502.0,1903904.0
2012-11-16,23.97,23.97,22.71,23.68,630384.0,4496038.0
2012-11-19,23.68,23.68,22.97,23.45,194494.0,1396233.0
2012-11-20,23.62,24.43,23.29,24.17,574263.0,4242181.0
2012-11-21,23.94,24.04,22.65,23.84,695918.0,5000461.0
2012-11-22,23.26,23.49,23.07,23.36,347952.0,2502523.0
2012-11-23,23.2,23.84,23.1,23.29,424734.0,3065647.0
2012-11-26,23.39,23.97,22.97,23.29,481516.0,3479813.0
2012-11-27,23.29,23.29,21.68,21.68,625419.0,4304302.0
2012-11-28,22.03,22.03,20.8,21.0,243880.0,1605067.0
2012-11-29,21.0,21.35,20.06,20.06,420183.0,2704141.0
2012-11-30,20.28,20.64,19.9,20.64,433159.0,2723218.0
2012-12-03,20.41,20.64,19.93,19.96,220641.0,1380871.0
2012-12-04,20.06,20.41,19.73,20.12,423756.0,2624872.0
2012-12-05,20.06,21.35,19.99,21.06,1390512.0,8903574.0
2012-12-06,20.96,21.13,20.54,20.83,558808.0,3592133.0
2012-12-07,20.87,21.55,20.64,21.45,919196.0,6043200.0
2012-12-10,21.55,23.16,21.55,22.55,1491403.0,10370342.0
2012-12-11,22.23,22.48,21.97,22.16,578177.0,3967900.0
2012-12-12,22.16,22.39,21.74,22.06,297820.0,2024902.0
2012-12-13,22.1,22.26,21.51,21.58,382621.0,2585496.0
2012-12-14,21.74,22.61,21.51,22.58,860263.0,5907081.0
2012-12-17,22.58,22.87,22.36,22.58,640214.0,4472701.0
2012-12-18,22.61,22.97,22.39,22.42,493391.0,3454868.0
2012-12-19,22.45,22.74,22.1,22.58,401097.0,2786693.0
2012-12-20,22.32,22.71,22.0,22.71,581946.0,4036761.0
2012-12-21,22.77,23.26,22.58,22.91,653269.0,4614885.0
2012-12-24,22.91,23.16,22.55,23.13,620168.0,4379436.0
2012-12-25,23.03,23.75,22.97,23.49,701480.0,5086974.0
2012-12-26,23.32,24.23,23.32,24.23,848604.0,6242185.0
2012-12-27,24.23,24.23,23.49,23.55,669335.0,4922522.0
2012-12-28,23.42,23.94,23.26,23.78,565134.0,4125297.0
2012-12-31,23.81,23.94,23.68,23.81,385678.0,2836954.0
2013-01-04,23.97,23.97,23.23,23.42,539839.0,3917424.0
2013-01-07,23.52,24.52,23.26,24.07,829760.0,6157847.0
2013-01-08,24.52,24.91,24.17,24.78,1083014.0,8221358.0
2013-01-09,24.59,25.17,24.26,24.68,746251.0,5712080.0
2013-01-10,24.59,26.95,24.59,25.98,1809077.0,14383788.0
2013-01-11,25.82,26.24,25.27,25.59,1341497.0,10668211.0
2013-01-14,25.27,26.37,25.17,26.33,998033.0,8008858.0
2013-01-15,26.33,27.01,26.07,26.79,1443565.0,11887592.0
2013-01-16,26.69,27.37,26.37,26.62,833869.0,6918350.0
2013-01-17,26.62,27.05,26.2,26.3,849657.0,6975926.0
2013-01-18,26.37,26.88,26.04,26.62,939206.0,7682821.0
2013-01-21,26.53,27.11,26.4,27.08,638820.0,5302686.0
2013-01-22,27.08,27.08,26.3,26.4,940700.0,7724115.0
2013-01-23,26.11,26.17,25.4,25.75,596577.0,4749417.0
2013-01-24,26.14,26.3,24.68,24.91,547214.0,4311156.0
2013-01-25,24.91,25.36,24.72,25.07,498691.0,3841912.0
2013-01-28,25.01,25.72,24.91,25.72,372469.0,2922208.0
2013-01-29,26.14,26.37,25.56,26.2,513456.0,4121342.0
2013-01-30,26.04,26.3,25.72,26.11,495018.0,3970234.0
2013-01-31,26.04,26.04,24.78,25.01,1009944.0,7836447.0
2013-02-01,25.11,25.4,24.85,25.4,490490.0,3812057.0
2013-02-04,25.23,25.36,24.68,25.14,467801.0,3617878.0
2013-02-05,25.11,25.43,24.85,25.17,359469.0,2793088.0
2013-02-06,25.14,25.62,25.14,25.49,298662.0,2345617.0
2013-02-07,25.23,25.72,25.23,25.56,376743.0,2965226.0
2013-02-08,25.33,26.33,25.33,26.2,390857.0,3129653.0
2013-02-18,26.24,26.33,25.88,26.07,568040.0,4582735.0
2013-02-19,26.24,26.62,25.72,26.62,745144.0,6034817.0
2013-02-20,26.53,27.27,26.24,27.11,1131856.0,9391154.0
2013-02-21,26.95,27.18,25.98,26.37,865250.0,7100929.0
2013-02-22,26.69,26.69,26.01,26.14,702647.0,5716194.0
2013-02-25,26.14,28.05,25.91,27.98,1544365.0,12872668.0
2013-02-26,27.5,28.76,27.21,27.3,2511131.0,21717930.0
2013-02-27,27.43,28.08,25.91,26.43,1780537.0,14598280.0
2013-02-28,25.98,26.69,25.98,26.66,1231429.0,10061090.0
2013-03-01,28.15,29.31,27.5,29.31,1886010.0,16870484.0
2013-03-04,29.12,31.19,28.95,29.57,6442495.0,59817460.0
2013-03-05,29.15,30.38,28.47,30.09,2927851.0,26621356.0
2013-03-06,29.76,30.38,29.31,29.93,2278110.0,21064942.0
2013-03-07,29.73,29.89,28.37,28.7,2020896.0,18189664.0
2013-03-08,28.31,28.79,27.85,27.95,886077.0,7752165.0
2013-03-11,27.98,29.38,27.63,28.99,1327361.0,11740687.0
2013-03-12,29.02,29.21,26.88,27.6,1232197.0,10656893.0
2013-03-13,26.88,27.6,26.88,27.37,575624.0,4838322.0
2013-03-14,27.37,27.5,26.69,26.85,853600.0,7148756.0
2013-03-15,26.85,27.43,26.46,26.82,790623.0,6594965.0
2013-03-18,26.43,26.95,26.01,26.11,692890.0,5667058.0
2013-03-19,26.11,26.43,25.59,26.37,463534.0,3731250.0
2013-03-20,26.69,27.01,26.27,26.98,783112.0,6483874.0
2013-03-21,27.11,27.5,26.98,27.47,787534.0,6632903.0
2013-03-22,27.27,28.11,27.18,27.18,522726.0,4432504.0
2013-03-25,27.11,27.43,26.92,27.01,353060.0,2958319.0
2013-03-26,27.24,27.24,26.04,26.2,648246.0,5260975.0
2013-03-27,26.27,26.59,25.95,26.24,485730.0,3944335.0
2013-03-28,26.14,26.14,25.23,25.27,724036.0,5725576.0
2013-03-29,25.27,25.72,25.27,25.49,240022.0,1885165.0
2013-04-01,25.49,25.75,25.49,25.56,267892.0,2121478.0
2013-04-02,25.59,25.98,25.17,25.2,317180.0,2511861.0
2013-04-03,25.3,25.3,24.43,24.62,340856.0,2610788.0
2013-04-08,24.78,24.91,23.88,24.81,485674.0,3653523.0
2013-04-09,24.46,24.94,24.46,24.88,319004.0,2446075.0
2013-04-10,25.04,25.2,24.3,24.59,163659.0,1243173.0
2013-04-11,24.39,24.85,24.39,24.52,147505.0,1122147.0
2013-04-12,24.39,24.65,24.33,24.55,151253.0,1144679.0
2013-04-15,24.62,24.62,23.78,23.94,178406.0,1319781.0
2013-04-16,23.68,24.1,23.49,24.04,244106.0,1791257.0
2013-04-17,24.07,24.2,23.68,24.07,179147.0,1326639.0
2013-04-18,24.04,24.13,23.71,24.0,130397.0,967688.0
2013-04-19,24.0,24.75,24.0,24.72,403674.0,3051052.0
2013-04-22,24.62,25.52,24.62,25.04,568893.0,4414020.0
2013-04-23,24.91,24.98,24.39,24.46,312315.0,2375154.0
2013-04-24,24.55,25.04,24.43,24.94,306498.0,2348288.0
2013-04-25,24.75,25.4,24.75,24.78,338989.0,2624305.0
2013-04-26,24.43,24.65,23.81,23.84,344416.0,2578402.0
2013-05-02,23.65,24.23,23.55,24.04,145918.0,1080774.0
2013-05-03,24.26,24.75,24.2,24.49,238256.0,1802219.0
2013-05-06,24.49,25.11,24.39,24.94,349434.0,2688868.0
2013-05-07,24.94,24.98,24.59,24.75,313249.0,2391212.0
2013-05-08,24.94,25.66,24.75,25.49,860422.0,6711930.0
2013-05-09,25.46,25.69,24.98,25.56,622678.0,4886762.0
2013-05-10,25.69,28.11,25.69,28.11,2086576.0,17857718.0
2013-05-13,28.73,29.34,27.92,28.66,3835509.0,33865512.0
2013-05-14,27.92,28.86,27.3,27.66,1887107.0,16330628.0
2013-05-15,27.66,28.31,27.27,28.21,1480951.0,12697462.0
2013-05-16,27.82,28.66,27.53,27.63,1586704.0,13753944.0
2013-05-17,27.43,28.08,27.34,27.73,1051469.0,9013283.0
2013-05-20,27.66,28.99,27.63,28.47,1194573.0,10485841.0
2013-05-21,28.44,30.18,28.21,29.7,2243552.0,20477350.0
2013-05-22,29.7,30.18,28.15,28.34,1601441.0,14365978.0
2013-05-23,28.15,28.95,27.89,27.92,1200213.0,10527593.0
2013-05-24,27.73,28.53,27.73,28.5,605760.0,5283860.0
2013-05-27,28.47,29.18,28.21,29.12,1355317.0,12107990.0
2013-05-28,28.99,29.28,28.15,28.18,1119243.0,9859206.0
2013-05-29,28.11,28.63,27.82,28.6,740120.0,6477257.0
2013-05-30,28.44,29.7,28.34,29.41,1265354.0,11365620.0
2013-05-31,29.63,30.54,29.27,30.22,2155035.0,19877964.0
2013-06-03,30.09,30.87,29.4,29.53,1661176.0,15396315.0
2013-06-04,29.3,29.3,27.87,28.07,1567421.0,13661854.0
2013-06-05,28.16,28.43,27.32,27.68,859131.0,7338525.0
2013-06-06,27.81,27.81,27.22,27.48,615326.0,5178470.0
2013-06-07,27.42,27.81,27.02,27.16,617379.0,5185194.0
2013-06-13,26.8,26.8,25.72,26.28,644203.0,5140977.0
2013-06-14,26.02,27.09,26.02,27.06,484533.0,3976495.0
2013-06-17,27.16,27.32,26.8,27.19,522965.0,4337627.0
2013-06-18,27.19,27.19,26.37,26.8,458654.0,3769351.0
2013-06-19,26.7,26.77,26.02,26.73,356036.0,2874234.0
2013-06-20,26.67,26.93,26.28,26.57,338241.0,2767987.0
2013-06-21,26.18,26.31,25.14,25.66,556347.0,4376583.0
2013-06-24,25.69,25.92,24.68,24.75,635095.0,4897388.0
2013-06-25,24.45,24.97,23.05,24.36,652476.0,4807461.0
2013-06-26,24.29,25.27,23.77,25.27,488675.0,3697037.0
2013-06-27,25.27,25.89,23.77,24.26,841996.0,6478768.0
2013-06-28,24.26,24.48,23.38,23.54,518269.0,3798769.0
2013-07-01,23.57,24.42,23.57,24.39,229158.0,1694275.0
2013-07-02,24.42,25.33,24.19,25.33,924490.0,7003192.0
2013-07-03,24.84,25.04,23.96,24.75,560892.0,4224584.0
2013-07-04,24.49,25.04,24.09,24.62,605464.0,4585529.0
2013-07-05,24.71,24.81,24.09,24.16,589251.0,4431528.0
2013-07-08,23.9,24.03,23.05,23.15,544231.0,3911899.0
2013-07-09,22.79,23.77,22.79,23.51,257578.0,1857452.0
2013-07-10,23.44,23.93,23.31,23.93,736261.0,5344175.0
2013-07-11,23.77,24.68,23.77,24.45,667266.0,4990534.0
2013-07-12,24.42,24.94,24.29,24.45,773105.0,5840833.0
2013-07-15,24.29,25.17,24.29,25.01,854746.0,6527869.0
2013-07-16,24.91,25.56,24.91,25.27,732272.0,5676133.0
2013-07-17,25.27,26.28,25.27,25.92,1387675.0,10998028.0
2013-07-18,25.4,27.45,25.4,26.8,2386279.0,19722676.0
2013-07-19,26.73,27.48,25.75,25.85,1536602.0,12628739.0
2013-07-22,25.66,27.16,24.91,27.12,1247634.0,10106563.0
2013-07-23,26.83,28.26,26.54,28.1,1980038.0,16632165.0
2013-07-24,28.07,29.57,27.74,29.01,3438719.0,30435272.0
2013-07-25,29.14,29.66,28.2,28.65,1945151.0,17182890.0
2013-07-26,28.69,29.53,28.46,29.37,2431552.0,21768906.0
2013-07-29,29.63,30.22,28.33,28.56,1327723.0,11936954.0
2013-07-30,28.78,29.24,27.68,28.91,1274159.0,11122269.0
2013-07-31,28.91,29.14,28.39,28.65,986368.0,8726367.0
2013-08-01,28.52,29.79,28.52,29.73,1531997.0,13804241.0
2013-08-02,30.28,30.77,29.11,29.63,1384632.0,12660499.0
2013-08-05,29.63,30.54,29.5,30.54,1659256.0,15275621.0
2013-08-06,30.54,33.6,30.35,33.15,6559848.0,65612096.0
2013-08-07,32.56,33.05,31.42,31.65,2857330.0,28133340.0
2013-08-08,31.36,34.12,31.32,32.79,4077034.0,40850656.0
2013-08-09,32.66,32.95,31.26,31.84,1729175.0,17046202.0
2013-08-12,31.81,32.4,30.74,31.78,1358384.0,13095729.0
2013-08-13,31.91,31.91,31.09,31.75,710860.0,6887451.0
2013-08-14,31.81,32.2,31.13,32.2,1036972.0,10108184.0
2013-08-15,32.17,32.95,31.42,31.58,1221771.0,12025595.0
2013-08-16,31.91,31.91,29.47,29.57,1351725.0,12714210.0
2013-08-19,29.6,30.35,29.57,30.28,818777.0,7526329.0
2013-08-20,29.96,30.44,29.63,29.92,609049.0,5625701.0
2013-08-21,30.28,30.96,29.79,30.96,636898.0,5965040.0
2013-08-22,30.61,31.39,30.61,30.93,945244.0,9026260.0
2013-08-23,30.93,31.36,30.15,30.9,1099049.0,10343230.0
2013-08-26,31.91,33.02,30.9,31.91,1663723.0,16456353.0
2013-08-27,31.94,33.11,31.94,32.56,1304020.0,13035328.0
2013-08-28,32.46,32.49,31.26,31.26,1311190.0,12787260.0
2013-08-29,31.26,31.58,30.54,30.8,683006.0,6476404.0
2013-08-30,30.77,31.03,29.34,29.73,997987.0,9216088.0
2013-09-02,29.5,30.41,29.5,30.41,366619.0,3391845.0
2013-09-03,30.22,30.74,30.18,30.54,332560.0,3120389.0
2013-09-04,30.51,32.01,30.35,31.49,972010.0,9368911.0
2013-09-05,31.84,31.84,31.26,31.52,491444.0,4755772.0
2013-09-06,31.52,32.4,31.16,31.91,897001.0,8727114.0
2013-09-09,32.17,32.89,30.87,31.13,1873862.0,18188670.0
2013-09-10,31.09,31.09,29.37,30.25,3794997.0,34896332.0
2013-09-11,29.89,30.22,29.66,29.96,1230860.0,11287233.0
2013-09-12,29.89,30.31,29.6,29.73,644880.0,5930934.0
2013-09-13,29.92,30.25,29.82,30.22,711220.0,6560555.0
2013-09-16,30.22,30.54,29.96,30.54,861712.0,7991126.0
2013-09-17,30.44,30.93,29.47,29.7,1051534.0,9831625.0
2013-09-18,29.79,30.18,29.57,30.15,729113.0,6664667.0
2013-09-23,30.22,30.7,29.76,30.57,1187613.0,11048055.0
2013-09-24,30.77,30.9,29.79,29.92,1015718.0,9375367.0
2013-09-25,29.82,31.71,29.47,31.36,2332799.0,21972616.0
2013-09-26,31.03,31.09,30.02,30.15,1076991.0,10114355.0
2013-09-27,30.05,30.74,30.05,30.28,742789.0,6930837.0
2013-09-30,29.99,31.09,29.99,30.96,881951.0,8338718.0
2013-10-08,30.96,31.71,30.93,31.62,1038877.0,10052746.0
2013-10-09,31.55,32.14,31.13,31.62,936172.0,9097546.0
2013-10-10,31.78,32.66,31.42,32.01,1453318.0,14337623.0
2013-10-11,32.01,34.48,32.01,33.44,2850860.0,29294488.0
2013-10-14,35.82,35.82,33.18,34.19,4432974.0,46358444.0
2013-10-15,33.8,33.86,32.49,32.79,2409001.0,24459150.0
2013-10-16,32.79,32.79,30.96,31.26,2290715.0,22121974.0
2013-10-17,31.29,32.01,30.93,31.49,1134035.0,10960501.0
2013-10-18,31.49,31.94,31.0,31.71,755393.0,7332766.0
2013-10-21,32.17,33.44,31.91,33.11,1887703.0,18976048.0
2013-10-22,33.24,33.86,32.27,32.46,1409135.0,14242479.0
2013-10-23,32.49,32.66,31.52,31.71,1106900.0,10896401.0
2013-10-24,31.71,31.81,30.96,31.45,852952.0,8217801.0
2013-10-25,31.58,31.81,29.3,29.66,1205646.0,11276086.0
2013-10-28,29.6,29.86,28.88,29.34,919556.0,8279694.0
2013-10-29,29.3,29.76,27.38,28.2,1060242.0,9277058.0
2013-10-30,28.3,29.11,28.1,29.01,475194.0,4172479.0
2013-10-31,28.95,29.4,28.46,29.34,500478.0,4443878.0
2013-11-01,29.24,29.24,28.69,28.78,366724.0,3267787.0
2013-11-04,29.43,29.43,28.78,29.21,283448.0,2521956.0
2013-11-05,29.17,29.82,28.69,29.76,399858.0,3602344.0
2013-11-06,29.5,30.61,29.47,29.7,859203.0,7967596.0
2013-11-07,29.53,29.86,28.91,29.04,324441.0,2931352.0
2013-11-08,28.65,29.08,27.81,28.23,532368.0,4647291.0
2013-11-11,28.33,29.6,27.97,29.57,811697.0,7238473.0
2013-11-12,29.3,30.05,29.3,29.96,611374.0,5585786.0
2013-11-13,29.89,30.22,29.37,29.63,424750.0,3899725.0
2013-11-14,29.92,31.23,29.4,31.0,1142581.0,10705607.0
2013-11-15,31.13,31.91,30.77,31.52,1067645.0,10291510.0
2013-11-18,31.81,32.1,30.96,31.94,1212401.0,11828923.0
2013-11-19,32.07,32.4,31.65,31.94,878877.0,8648462.0
2013-11-20,31.75,32.17,31.65,31.84,683518.0,6685711.0
2013-11-21,31.94,31.94,31.06,31.26,633779.0,6123662.0
2013-11-22,31.26,31.55,31.19,31.39,612627.0,5902044.0
2013-11-25,31.29,32.14,31.19,31.68,677357.0,6599446.0
2013-11-26,31.68,32.4,31.62,32.14,793379.0,7799182.0
2013-11-27,32.14,33.21,32.14,32.82,1231918.0,12409418.0
2013-11-28,32.79,33.47,32.3,33.18,1632101.0,16586018.0
2013-11-29,33.21,34.45,32.92,34.45,2101646.0,21921960.0
2013-12-02,32.56,33.57,31.36,31.94,3681300.0,36898220.0
2013-12-03,31.84,32.4,30.28,32.23,2298297.0,22209540.0
2013-12-04,32.07,33.08,31.78,33.05,1571394.0,15814501.0
2013-12-05,33.54,34.06,32.49,33.7,2801793.0,28498496.0
2013-12-06,33.86,34.19,32.85,33.47,1019981.0,10450962.0
2013-12-09,33.24,34.06,32.89,33.96,1245432.0,12828538.0
2013-12-10,33.47,33.83,32.63,32.89,958670.0,9783025.0
2013-12-11,32.56,33.02,31.58,31.58,1108127.0,11009595.0
2013-12-12,31.88,34.74,31.58,34.74,8614636.0,90752120.0
2013-12-13,34.19,36.37,33.77,36.24,10359298.0,111321048.0
2013-12-16,35.49,36.08,34.32,34.68,5260334.0,56971080.0
2013-12-17,34.77,38.03,34.68,36.76,7926745.0,89405408.0
2013-12-18,36.14,36.44,35.1,35.85,4819903.0,52635028.0
2013-12-19,35.43,35.65,34.22,34.32,3586091.0,38244388.0
2013-12-20,33.54,34.16,32.66,33.02,2782487.0,28469290.0
2013-12-23,33.05,33.21,31.58,32.56,1763326.0,17559916.0
2013-12-24,32.56,33.54,32.27,32.85,2072661.0,20977822.0
2013-12-25,32.89,34.35,32.62,34.32,2421024.0,25084906.0
2013-12-26,33.96,34.77,33.24,33.37,2207517.0,22950822.0
2013-12-27,33.15,35.69,33.08,35.16,3584562.0,38229156.0
2013-12-30,35.33,36.24,34.91,36.04,3714547.0,40706036.0
2013-12-31,35.49,35.78,34.71,35.03,2245417.0,24309038.0
2014-01-02,35.16,36.04,34.51,36.01,2319791.0,25340306.0
2014-01-03,36.01,36.73,35.36,36.6,3524596.0,39117040.0
2014-01-06,36.6,36.6,34.51,34.58,2513293.0,27377756.0
2014-01-07,34.35,35.88,33.96,35.78,2216480.0,23850130.0
2014-01-08,35.98,37.44,35.82,36.79,3685872.0,41621628.0
2014-01-09,36.47,37.7,35.0,35.03,2629435.0,29483372.0
2014-01-10,35.2,37.35,34.38,37.35,3287376.0,36312600.0
2014-01-13,37.51,40.21,37.28,39.01,5609400.0,66706720.0
2014-01-14,38.49,39.69,37.51,39.69,3423860.0,40797784.0
2014-01-15,38.84,41.32,38.39,40.47,4859606.0,59217832.0
2014-01-16,40.05,41.38,39.56,40.67,4192423.0,52260688.0
2014-01-17,40.41,40.93,38.58,38.78,3386834.0,40931980.0
2014-01-20,38.91,39.46,37.44,38.98,2086031.0,24776828.0
2014-01-21,38.78,39.85,38.26,39.63,2255343.0,27264732.0
2014-01-22,39.63,40.15,38.42,39.07,3411175.0,40886732.0
2014-01-23,38.91,40.41,38.29,40.41,3341642.0,40554388.0
2014-01-24,40.02,40.8,39.76,39.92,2817156.0,34806164.0
2014-01-27,39.43,40.02,38.45,38.75,2117597.0,25482856.0
2014-01-28,38.68,39.37,38.45,38.98,1767887.0,21115410.0
2014-01-29,38.84,40.7,38.75,39.69,1845170.0,22675388.0
2014-01-30,40.05,42.26,39.46,41.68,2924063.0,36597068.0
2014-02-07,41.35,43.27,41.09,42.98,3073909.0,39919184.0
2014-02-10,43.05,45.06,42.49,44.48,3571888.0,48237536.0
2014-02-11,44.41,44.54,42.65,43.44,3207915.0,42983904.0
2014-02-12,43.57,45.36,43.08,44.35,2727127.0,37292028.0
2014-02-13,44.35,44.35,41.97,42.33,2390305.0,31599942.0
2014-02-14,42.33,46.56,41.68,46.56,4773435.0,66173864.0
2014-02-17,46.5,50.08,46.01,47.54,4602362.0,68056504.0
2014-02-18,47.34,48.84,46.82,47.47,3296600.0,48484764.0
2014-02-19,47.47,49.0,45.98,48.77,3490554.0,51055300.0
2014-02-20,49.82,50.44,46.56,47.21,3258007.0,48154040.0
2014-02-21,46.24,47.99,46.24,47.54,1785525.0,25816514.0
2014-02-24,46.89,50.34,46.76,49.82,3837651.0,57994336.0
2014-02-25,49.82,51.12,45.0,45.39,4064492.0,60370364.0
2014-02-26,44.35,47.24,43.96,47.21,2690301.0,37937484.0
2014-02-27,46.56,48.61,44.28,44.28,2720955.0,39067492.0
2014-02-28,43.99,44.35,40.63,43.4,2733493.0,35906892.0
2014-03-03,42.65,44.28,42.62,44.22,1422438.0,19097664.0
2014-03-04,44.64,44.64,43.08,43.47,1138385.0,15312017.0
2014-03-05,44.02,45.45,43.66,45.26,1443393.0,19835710.0
2014-03-06,45.49,45.49,42.33,44.48,889210.0,12138219.0
2014-03-07,44.61,45.1,43.34,44.25,949884.0,12861960.0
2014-03-10,43.89,48.68,43.66,46.95,4294493.0,62431780.0
2014-03-11,46.14,47.12,43.53,44.93,2398223.0,33286180.0
2014-03-12,44.9,44.9,42.33,43.3,1569175.0,20837290.0
2014-03-13,42.98,44.25,42.82,43.44,907516.0,12085808.0
2014-03-14,43.44,44.02,42.59,42.91,834852.0,11089371.0
2014-03-17,43.05,45.32,42.33,44.8,1167729.0,15753223.0
2014-03-18,45.13,46.14,44.64,45.59,1286042.0,17951960.0
2014-03-19,45.68,46.5,45.45,46.11,1336457.0,18860712.0
2014-03-20,46.56,49.49,45.94,46.4,3765725.0,55321924.0
2014-03-21,45.98,46.72,43.99,46.07,1995718.0,27748560.0
2014-03-24,46.1,48.74,45.91,46.89,2036178.0,29672360.0
2014-03-25,46.24,47.08,44.87,45.32,1385182.0,19471744.0
2014-03-26,45.36,46.69,45.03,45.65,1107710.0,15603734.0
2014-03-27,45.19,45.72,42.98,43.37,1818819.0,24514588.0
2014-03-28,43.3,43.3,39.63,39.98,2013946.0,25383250.0
2014-03-31,39.4,40.96,39.01,39.56,1068815.0,13018011.0
2014-04-01,39.4,40.51,39.4,40.34,542295.0,6684824.0
2014-04-02,40.7,40.9,37.44,38.13,1735903.0,20478898.0
2014-04-03,38.29,39.01,37.84,38.52,980811.0,11582114.0
2014-04-04,38.42,40.73,38.1,40.67,1116231.0,13499197.0
2014-04-08,39.98,40.99,39.76,40.7,1043929.0,12977457.0
2014-04-09,40.8,41.65,40.8,41.35,654951.0,8286637.0
2014-04-10,41.35,41.91,40.99,41.09,833868.0,10599333.0
2014-04-11,41.09,41.35,39.72,40.02,948292.0,11693761.0
2014-04-14,40.63,41.38,39.85,41.12,929456.0,11681634.0
2014-04-15,40.99,41.77,40.63,41.22,404578.0,5129860.0
2014-04-16,40.86,41.87,40.86,41.45,700156.0,8925379.0
2014-04-17,41.32,41.77,41.25,41.35,390415.0,4967980.0
2014-04-18,41.35,41.91,40.93,41.45,371213.0,4723161.0
2014-04-21,41.45,42.43,40.47,40.47,894615.0,11438644.0
2014-04-22,40.24,40.73,39.33,39.76,588661.0,7233565.0
2014-04-23,39.72,40.38,38.94,39.46,436909.0,5314292.0
2014-04-24,39.07,39.72,39.01,39.4,378625.0,4577574.0
2014-04-25,39.4,39.4,37.02,37.44,1110109.0,12978863.0
2014-04-28,37.31,37.31,35.23,35.56,855145.0,9453286.0
2014-04-29,35.65,36.47,35.46,35.95,469649.0,5167802.0
2014-04-30,35.69,37.25,35.69,36.89,620041.0,7001254.0
2014-05-05,36.89,37.97,36.89,37.9,476339.0,5501363.0
2014-05-06,37.9,38.98,37.22,38.06,658415.0,7757914.0
2014-05-07,37.87,38.29,37.44,37.48,428376.0,4981608.0
2014-05-08,36.79,38.26,36.79,37.58,420715.0,4891811.0
2014-05-09,36.99,38.68,36.99,37.77,477109.0,5511318.0
2014-05-12,38.03,38.65,37.8,38.58,409591.0,4827967.0
2014-05-13,38.49,39.1,38.42,38.71,342463.0,4075501.0
2014-05-14,38.42,38.84,38.1,38.42,613076.0,7226079.0
2014-05-15,38.26,38.42,37.05,37.45,471373.0,5469080.0
2014-05-16,37.18,37.45,36.63,37.22,371405.0,4212681.0
2014-05-19,37.05,38.72,37.05,38.72,845273.0,9966115.0
2014-05-20,39.07,39.89,38.75,39.01,879824.0,10616469.0
2014-05-21,38.75,40.02,38.06,39.92,680513.0,8223387.0
2014-05-22,39.63,40.67,39.63,40.18,1092500.0,13471778.0
2014-05-23,39.59,40.86,39.59,40.77,662882.0,8228048.0
2014-05-26,41.25,42.07,41.22,41.81,727248.0,9319155.0
2014-05-27,41.22,44.74,41.22,43.34,1418745.0,18844778.0
2014-05-28,42.65,43.63,42.26,43.57,1201980.0,15892078.0
2014-05-29,43.17,43.6,42.36,42.82,769383.0,10121706.0
2014-05-30,42.36,43.86,42.36,43.76,1036030.0,13766504.0
2014-06-03,43.76,44.09,43.17,43.79,627372.0,8417520.0
2014-06-04,43.66,43.76,42.69,43.17,694356.0,9204529.0
2014-06-05,43.14,44.87,43.14,44.54,890587.0,12139431.0
2014-06-06,44.93,45.03,43.5,44.61,645012.0,8788804.0
2014-06-09,44.61,44.93,43.66,43.86,550589.0,7436786.0
2014-06-10,43.92,44.38,43.14,44.05,821391.0,11018855.0
2014-06-11,43.85,48.0,43.79,45.62,1713333.0,24004050.0
2014-06-12,45.16,46.76,45.16,46.04,1343222.0,18923350.0
2014-06-13,46.04,47.25,45.49,47.15,1337836.0,18998018.0
2014-11-17,51.86,51.86,51.86,51.86,37603.0,596384.0
2014-11-18,57.06,57.06,57.06,57.06,13461.0,234894.0
2014-11-19,62.78,62.78,62.78,62.78,394209.0,7568813.0
2014-11-20,69.06,69.06,69.06,69.06,159346.0,3365388.0
2014-11-21,75.96,75.96,75.96,75.96,214141.0,4974496.0
2014-11-24,83.55,83.55,83.55,83.55,131283.0,3354281.0
2014-11-25,91.92,91.92,86.0,91.92,16085039.0,443810848.0
2014-11-26,89.57,91.01,87.47,90.61,9233830.0,251987792.0
2014-11-27,90.25,96.47,89.6,90.65,8752595.0,248447920.0
2014-11-28,89.76,96.14,89.27,92.38,6456520.0,183654816.0
2014-12-01,93.46,94.83,87.64,88.45,4574734.0,126080704.0
2014-12-02,87.57,97.32,86.69,95.52,7625625.0,218692544.0
2014-12-03,95.49,104.64,93.1,104.05,8585294.0,259824704.0
2014-12-04,106.86,114.45,105.62,114.45,8643481.0,297662816.0
2014-12-05,114.48,121.58,106.08,115.96,9669624.0,340262496.0
2014-12-08,111.54,114.45,104.35,104.35,7646907.0,253771152.0
2014-12-09,98.76,101.34,93.92,93.92,7740609.0,228297168.0
2014-12-10,91.14,97.51,89.99,92.61,5443913.0,156074240.0
2014-12-11,93.23,97.25,92.58,95.48,3969373.0,114972552.0
2014-12-12,94.5,103.59,93.2,101.83,4909885.0,148362160.0
2014-12-15,99.47,109.32,99.41,106.93,4728766.0,153840368.0
2014-12-16,107.88,111.15,104.31,107.39,4713543.0,155654896.0
2014-12-17,105.13,107.16,98.36,101.4,3645405.0,116222216.0
2014-12-18,99.74,110.79,99.08,105.26,3527936.0,115290504.0
2014-12-19,105.52,107.09,98.17,100.1,2866867.0,88709064.0
2014-12-22,98.07,98.07,90.09,90.09,3269789.0,90810296.0
2014-12-23,87.47,93.16,81.36,81.75,4055649.0,106463448.0
2014-12-24,83.39,85.67,81.95,84.89,2831367.0,72473656.0
2014-12-25,85.54,87.25,82.73,85.02,2335830.0,60686572.0
2014-12-26,84.56,86.66,83.25,86.62,2004896.0,52280256.0
2014-12-29,85.18,85.18,77.96,78.22,3874835.0,94346944.0
2014-12-30,78.32,80.38,74.56,79.72,3008740.0,71168416.0
2014-12-31,78.12,81.49,77.5,79.95,2344249.0,56982152.0
2015-01-05,79.76,80.64,72.92,77.14,2808078.0,65896308.0
2015-01-06,75.96,82.73,75.37,81.56,2697136.0,65867076.0
2015-01-07,81.56,82.47,78.81,79.56,1956412.0,48034348.0
2015-01-08,78.61,86.33,78.61,86.33,4808710.0,122498464.0
2015-01-09,85.28,88.68,82.77,84.11,3273497.0,85574072.0
2015-01-12,81.72,85.64,79.17,80.15,2385851.0,60114796.0
2015-01-13,80.08,86.98,77.92,85.05,3757452.0,95837400.0
2015-01-14,84.92,91.89,83.75,90.55,5044221.0,136523888.0
2015-01-15,89.86,92.15,87.6,88.78,2381226.0,65329060.0
2015-01-16,87.7,94.77,87.7,93.69,3675367.0,103138416.0
2015-01-19,94.67,103.07,92.31,97.15,6466466.0,196463328.0
2015-01-20,97.38,104.64,97.15,101.89,5411499.0,167414368.0
2015-01-21,101.8,103.1,99.38,99.74,3821988.0,117552752.0
2015-01-22,99.74,102.91,98.82,100.65,2692799.0,83588592.0
2015-01-23,100.68,100.68,93.85,94.37,3094226.0,91534504.0
2015-01-26,94.08,96.76,92.54,95.19,1864675.0,53975536.0
2015-01-27,94.77,101.93,91.56,101.57,3614972.0,107259688.0
2015-01-28,99.74,102.35,98.59,99.77,2302302.0,70450016.0
2015-01-29,98.59,101.86,94.83,95.52,1978899.0,59742948.0
2015-01-30,97.22,97.22,91.56,91.72,1648410.0,47222340.0
2015-02-02,91.69,95.16,91.56,92.74,1121533.0,32160384.0
2015-02-03,94.8,100.13,92.9,98.07,2335717.0,69611760.0
2015-02-04,97.45,99.74,95.48,95.48,1606170.0,47708484.0
2015-02-05,97.12,102.35,94.9,98.75,3276829.0,100106536.0
2015-02-06,98.1,101.34,94.83,95.19,2122362.0,63043740.0
2015-02-09,94.83,95.55,91.56,91.59,1842169.0,52123456.0
2015-02-10,91.89,93.46,90.58,93.2,1145874.0,32142444.0
2015-02-11,93.2,97.61,91.66,97.45,2003568.0,58099844.0
2015-02-12,96.99,101.21,95.12,100.65,2432538.0,73002776.0
2015-02-13,100.78,110.72,100.72,110.72,6812767.0,223025616.0
2015-02-16,111.25,117.72,108.14,115.83,3834086.0,132164408.0
2015-02-17,116.09,119.0,111.77,114.48,4169571.0,147267984.0
2015-02-25,113.8,113.83,106.77,106.77,2706019.0,90927952.0
2015-02-26,106.73,109.32,103.63,108.21,2129299.0,69385976.0
2015-02-27,107.45,109.71,107.45,107.65,2056573.0,68159264.0
2015-03-02,107.78,115.37,103.66,112.39,3369629.0,112696752.0
2015-03-03,111.38,123.64,109.91,123.64,6777124.0,248797264.0
2015-03-04,129.69,136.0,128.77,136.0,2229476.0,90434896.0
2015-03-05,149.6,149.6,149.6,149.6,283297.0,12960838.0
2015-03-06,153.95,163.5,142.57,144.18,12524901.0,581531392.0
2015-03-09,140.61,157.88,140.61,148.3,8930199.0,406732800.0
2015-03-10,147.15,156.96,142.25,153.0,8075994.0,369202496.0
2015-03-11,150.42,151.4,141.43,142.05,5636938.0,249662416.0
2015-03-12,142.34,142.87,127.86,130.9,6602308.0,269678912.0
2015-03-13,131.13,134.63,127.86,133.03,3715574.0,149549504.0
2015-03-16,136.0,143.46,135.97,138.42,5990890.0,256645280.0
2015-03-17,137.34,141.92,132.83,138.49,5711335.0,238255760.0
2015-03-18,137.18,140.71,135.48,138.52,4699990.0,198412128.0
2015-03-19,139.3,143.82,137.9,141.17,4857344.0,208928608.0
2015-03-20,142.51,148.49,138.49,138.68,5786059.0,252355120.0
2015-03-23,137.34,143.52,134.37,142.25,5190487.0,221471168.0
2015-03-24,143.88,153.66,135.74,151.08,7405849.0,327314464.0
2015-03-25,149.31,155.33,145.68,151.96,6356304.0,295162112.0
2015-03-26,148.39,166.12,146.5,156.34,7496620.0,360439904.0
2015-03-27,152.71,161.87,150.94,153.95,4140260.0,196379104.0
2015-03-30,152.42,153.69,138.55,138.62,5467716.0,238439008.0
2015-03-31,136.85,147.48,136.72,143.23,3990051.0,173341168.0
2015-04-01,143.19,149.34,141.27,147.77,3632088.0,162736560.0
2015-04-02,148.46,151.4,145.45,149.38,2510487.0,113978760.0
2015-04-03,149.38,156.47,149.02,153.17,2874762.0,134453024.0
2015-04-07,153.23,155.33,146.04,150.16,2577713.0,117837792.0
2015-04-08,150.42,151.7,136.95,140.32,5069165.0,219035056.0
2015-04-09,140.35,141.1,126.29,132.44,4543842.0,182951168.0
2015-04-10,132.44,138.32,131.65,136.79,4241698.0,174985760.0
2015-04-13,136.33,139.63,133.71,136.23,4297098.0,179108544.0
2015-04-14,135.05,149.87,135.05,149.87,8329673.0,370804320.0
2015-04-15,150.39,162.85,145.32,152.45,8180432.0,382234880.0
2015-04-16,143.95,167.69,143.56,167.69,7916693.0,394670880.0
2015-04-17,170.04,173.31,151.76,153.37,8278840.0,404901472.0
2015-04-20,147.15,151.66,139.3,140.71,4489370.0,200900192.0
2015-04-21,140.74,149.44,139.96,148.62,3190226.0,143042272.0
2015-04-22,150.42,159.77,150.42,152.91,4512593.0,215643712.0
2015-04-23,153.69,168.21,150.42,168.21,4782625.0,236751152.0
2015-04-24,172.66,185.02,170.37,185.02,6826128.0,379174304.0
2015-04-27,192.93,203.53,179.72,203.53,5624659.0,332092096.0
2015-04-28,209.28,217.98,189.69,203.53,5576747.0,348098560.0
2015-04-29,197.18,211.25,191.3,202.74,3314003.0,205977504.0
2015-04-30,199.47,222.36,198.69,209.15,4101935.0,264250400.0
2015-05-04,206.04,206.83,191.26,194.86,3777364.0,227783296.0
2015-05-05,192.54,195.55,178.25,193.69,4646735.0,264530080.0
2015-05-06,192.93,208.07,189.96,195.22,4000488.0,245141072.0
2015-05-07,193.29,212.55,193.29,209.9,4036350.0,253298656.0
2015-05-08,207.39,230.9,207.25,230.9,3668408.0,249714048.0
2015-05-11,235.38,253.98,228.9,253.98,3448310.0,260225520.0
2015-05-12,257.19,279.39,257.02,277.95,5782661.0,480332224.0
2015-05-13,271.41,293.26,253.17,273.05,3872285.0,323512224.0
2015-05-14,265.0,274.68,255.0,255.06,2328838.0,185989520.0
2015-05-15,248.72,268.8,235.05,254.7,2275070.0,174145824.0
2015-05-18,259.61,280.18,258.33,275.67,2098398.0,172685184.0
2015-05-19,279.49,280.83,258.5,268.8,2495149.0,204036032.0
2015-05-20,264.22,280.18,264.15,274.65,1996246.0,167462592.0
2015-05-21,276.25,302.12,274.68,302.12,1782418.0,161695696.0
2015-05-22,320.46,332.2,287.76,289.6,3455620.0,324748832.0
2015-05-25,274.68,281.22,260.62,267.75,2938374.0,243836976.0
2015-05-26,269.05,288.07,269.05,278.28,1956335.0,167043712.0
2015-05-27,278.94,306.11,278.94,306.11,3232978.0,297029792.0
2015-05-28,305.88,320.45,275.5,301.43,5663199.0,508222752.0
2015-05-29,290.75,329.03,279.0,328.21,4136443.0,396986816.0
2015-06-01,327.03,355.81,322.51,339.67,2654274.0,278172192.0
2015-06-02,338.78,369.95,331.58,369.95,2325602.0,252522496.0
2015-06-03,360.49,392.87,351.55,380.39,1834425.0,207027088.0
2015-06-04,377.71,385.93,342.35,369.79,2084796.0,231059920.0
2015-06-05,376.5,383.05,343.76,376.5,2006354.0,222203584.0
2015-06-08,368.48,379.71,345.43,353.58,1767808.0,194696256.0
2015-06-09,343.1,353.58,318.22,318.22,2788368.0,278976576.0
2015-06-10,304.47,332.14,296.81,318.71,2713280.0,258331424.0
2015-06-11,318.71,320.84,301.26,317.57,3259863.0,308356864.0
2015-06-12,314.62,333.94,314.59,325.1,2757817.0,271705184.0
2015-06-15,330.6,330.63,296.29,296.78,2288096.0,214543808.0
2015-06-16,291.41,291.41,267.12,267.12,3907283.0,323100608.0
2015-06-17,268.46,291.31,258.64,286.79,2970696.0,247275360.0
2015-06-26,258.11,258.11,258.11,258.11,229400.0,18085896.0
2015-06-29,232.31,232.31,232.31,232.31,557800.0,39581488.0
2015-06-30,209.07,244.89,209.07,232.38,5892594.0,393112928.0
2015-07-01,225.8,238.24,209.14,209.14,4111894.0,281454976.0
2015-07-02,190.87,206.25,188.22,188.22,2440882.0,143139408.0
2015-07-03,169.39,189.17,169.39,169.39,2391210.0,127344352.0
2015-07-06,185.3,185.3,152.47,152.47,3598140.0,179128112.0
2015-07-07,137.21,140.38,137.21,137.21,5531500.0,231847904.0
2015-08-31,150.93,150.93,138.55,150.93,18078198.0,825968640.0
2015-09-01,143.4,143.92,135.83,135.83,3265172.0,138456064.0
2015-09-02,122.25,137.47,122.25,122.25,10778105.0,412444192.0
2015-09-07,117.86,127.36,110.04,110.82,12093495.0,440569728.0
2015-09-08,109.97,121.92,104.8,121.92,9605682.0,327919968.0
2015-09-09,122.12,134.1,121.95,130.92,13507567.0,530333888.0
2015-09-10,126.73,135.87,124.67,130.82,8288478.0,328515168.0
2015-09-11,130.99,133.74,127.88,130.92,5186631.0,207123296.0
2015-09-14,133.84,133.87,117.83,117.83,5008919.0,188070080.0
2015-09-15,108.63,113.93,106.04,106.04,3048049.0,100483496.0
2015-09-16,104.77,116.65,101.72,116.65,6273829.0,206391648.0
2015-09-17,114.55,124.77,112.95,114.59,7101273.0,258564384.0
2015-09-18,114.59,118.58,112.23,116.72,2961994.0,104519520.0
2015-09-21,114.65,128.4,114.59,128.4,2482270.0,93920360.0
2015-09-22,141.24,141.24,141.24,141.24,622500.0,26854650.0
2015-09-23,155.35,155.35,155.35,155.35,2888266.0,137048224.0
2015-09-24,160.59,170.87,155.35,158.82,17088966.0,843779072.0
2015-09-25,157.15,169.91,151.71,154.69,12668065.0,621754880.0
2015-09-28,157.87,165.85,140.94,160.75,13235108.0,628676480.0
2015-09-29,155.51,170.14,155.51,160.16,10866286.0,540370368.0
2015-09-30,160.75,163.69,145.49,151.91,7727893.0,358614240.0
2015-10-08,160.78,166.31,156.2,159.5,8918283.0,437862112.0
2015-10-09,157.9,173.52,157.83,169.46,8578627.0,433663648.0
2015-10-12,168.28,186.42,165.99,182.03,9330576.0,509383360.0
2015-10-13,180.03,188.48,176.79,186.61,7044543.0,394255296.0
2015-10-14,186.58,186.58,175.48,179.51,4556006.0,252097984.0
2015-10-15,177.12,197.45,176.66,190.08,7271099.0,414532128.0
2015-10-16,190.08,192.01,181.77,185.34,5163813.0,292625888.0
2015-10-19,183.34,183.34,176.79,179.34,5222227.0,286357568.0
2015-10-20,179.08,185.63,178.75,185.37,5042142.0,282283424.0
2015-10-21,184.97,197.09,167.0,169.23,7799347.0,445296512.0
2015-10-22,168.57,183.31,166.97,181.05,5553016.0,298838240.0
2015-10-23,191.52,199.15,189.98,199.15,7470412.0,453513824.0
2015-10-26,202.98,203.57,179.87,183.34,7576367.0,437657472.0
2015-10-27,180.1,192.18,169.62,183.34,6190477.0,336093792.0
2015-10-28,183.31,185.83,173.12,173.81,3193912.0,175375680.0
2015-10-29,173.62,181.7,171.88,177.44,2750763.0,148950944.0
2015-10-30,176.79,179.97,169.33,171.94,3143935.0,166852960.0
2015-11-02,163.69,170.57,159.44,161.57,4771321.0,240515536.0
2015-11-03,162.06,164.81,153.38,157.15,4525286.0,217611216.0
2015-11-04,157.47,172.4,157.47,171.55,4852361.0,246927984.0
2015-11-05,170.28,176.07,165.5,167.62,3906469.0,202874832.0
2015-11-06,167.95,177.77,167.95,174.43,4471733.0,237798480.0
2015-11-09,174.69,191.88,174.69,191.88,6963086.0,403373152.0
2015-11-10,196.43,210.84,193.16,206.09,10405991.0,643723008.0
2015-11-11,201.34,226.72,200.4,226.72,7458288.0,495368704.0
2015-11-12,237.52,238.99,220.17,226.09,6884232.0,484412000.0
2015-11-13,218.76,222.3,204.72,210.51,5809592.0,379102112.0
2015-11-16,209.37,231.56,205.27,226.29,5429912.0,369919840.0
2015-11-17,225.9,237.36,215.42,215.91,4687940.0,320730912.0
2015-11-18,213.13,219.68,207.11,207.24,3112609.0,202564224.0
2015-11-19,206.25,220.24,206.25,218.7,2460686.0,159962448.0
2015-11-20,218.7,230.48,218.7,223.93,4122971.0,283936064.0
2015-11-23,225.41,241.22,221.22,224.43,4516498.0,318551584.0
2015-11-24,224.75,232.38,217.98,232.25,3304533.0,226699552.0
2015-11-25,234.74,255.46,234.28,255.46,4397577.0,329659744.0
2015-11-26,261.26,280.57,258.64,271.41,5646717.0,462386400.0
2015-11-27,262.44,271.73,245.15,250.52,3496801.0,275730336.0
2015-11-30,248.82,273.04,247.18,271.73,3671169.0,290987040.0
2015-12-01,275.07,281.13,244.56,244.56,3494755.0,279693088.0
2015-12-02,242.27,242.27,220.1,238.99,3832852.0,268008352.0
2015-12-03,238.99,251.27,233.46,247.18,2348521.0,175171952.0
2015-12-04,246.13,261.58,242.27,250.06,2644218.0,204323184.0
2015-12-07,250.06,253.27,241.61,247.8,2075024.0,156913968.0
2015-12-08,247.08,247.08,236.77,239.32,1441751.0,106361536.0
2015-12-09,235.1,238.6,223.41,226.88,2557986.0,179126736.0
2015-12-10,224.65,243.91,224.65,234.44,2614249.0,187465360.0
2015-12-11,235.72,235.72,226.88,227.21,1504945.0,106080264.0
2015-12-14,226.88,231.43,214.5,230.35,2462137.0,167054736.0
2015-12-15,235.69,247.18,228.55,240.96,2374275.0,173382272.0
2015-12-16,239.98,244.07,236.05,238.67,1659917.0,122020376.0
2015-12-17,239.65,259.95,239.65,255.07,3042575.0,234188464.0
2015-12-18,255.36,274.61,251.6,256.18,3046864.0,242880416.0
2015-12-21,265.25,281.82,265.25,277.46,4750854.0,402639040.0
2015-12-22,271.73,294.65,264.53,277.76,4075957.0,345846432.0
2015-12-23,274.35,292.46,264.14,270.03,3166629.0,270459424.0
2015-12-24,265.19,297.04,261.91,297.04,4420596.0,378181632.0
2015-12-25,301.17,320.19,287.45,317.63,4671893.0,438056480.0
2015-12-28,317.93,333.22,304.47,317.57,3884993.0,377457312.0
2015-12-29,313.9,329.19,304.8,324.08,2987549.0,291125952.0
2015-12-30,319.47,335.21,314.95,332.3,2609290.0,259421040.0
2015-12-31,329.03,345.75,320.84,340.65,3983515.0,411358080.0
2016-01-04,340.65,343.79,306.6,306.6,1452457.0,137590432.0
2016-01-05,275.96,297.89,275.96,275.96,2331192.0,198247424.0
2016-01-06,275.96,285.48,251.96,269.11,4493039.0,363053088.0
2016-01-07,259.0,261.81,242.2,242.2,690900.0,52524100.0
2016-01-08,237.36,252.06,217.97,232.51,3657404.0,260278592.0
2016-01-11,225.9,227.83,209.27,209.27,2714521.0,178360768.0
2016-01-12,202.98,220.92,198.89,213.13,2809329.0,181456336.0
2016-01-13,215.75,216.8,191.82,191.82,2554502.0,160437536.0
2016-01-14,180.39,207.47,172.89,205.6,4042809.0,239627552.0
2016-01-15,202.42,211.17,191.19,194.8,2693124.0,165629360.0
2016-01-18,191.52,202.98,187.27,196.43,5169975.0,313041216.0
2016-01-19,193.16,214.77,192.34,210.84,4716428.0,291009728.0
2016-01-20,206.25,210.74,201.34,204.06,3494205.0,219767264.0
2016-01-21,201.34,215.98,193.16,195.22,4109270.0,260276240.0
2016-01-22,200.75,200.75,186.55,194.14,3772584.0,222870592.0
2016-01-25,196.76,199.54,189.62,191.85,3829192.0,226905168.0
2016-01-26,190.87,190.87,172.66,172.66,4194134.0,227033040.0
2016-01-27,164.68,168.51,155.41,159.28,5259535.0,254901200.0
2016-01-28,156.82,168.05,149.94,160.39,4943504.0,236855872.0
2016-01-29,158.78,169.85,155.54,166.08,3956188.0,197769456.0
2016-02-01,163.04,163.04,151.12,154.53,5468800.0,260533600.0
2016-02-02,155.05,169.98,155.05,169.98,5935494.0,302979648.0
2016-02-03,166.97,174.1,163.96,172.14,5585483.0,289761504.0
2016-02-04,171.16,182.03,169.03,177.12,4545300.0,245522224.0
2016-02-05,178.75,179.41,170.57,171.32,2434932.0,129148936.0
2016-02-15,163.69,170.96,161.11,169.42,2010047.0,102401920.0
2016-02-16,171.32,180.06,171.32,176.79,3578702.0,193292320.0
2016-02-17,177.61,180.95,169.65,180.88,4506431.0,241928544.0
2016-02-18,183.4,185.99,174.69,176.63,6370682.0,346407104.0
2016-02-19,175.81,181.18,173.52,178.59,4629424.0,250825936.0
2016-02-22,182.98,190.08,181.7,185.4,5851009.0,331095616.0
2016-02-23,185.96,185.96,175.25,182.81,4928483.0,271674976.0
2016-02-24,179.47,182.62,166.97,176.04,5338011.0,286448256.0
2016-02-25,174.4,175.78,158.42,158.42,4526564.0,229619152.0
2016-02-26,158.78,159.76,144.38,149.68,5193915.0,239575648.0
2016-02-29,149.94,150.6,134.72,134.72,3561630.0,148954128.0
2016-03-01,130.96,138.09,123.75,133.77,5994792.0,238337616.0
2016-03-02,130.96,142.58,128.07,141.59,7975286.0,329399456.0
2016-03-03,140.12,151.51,139.5,140.94,7983093.0,350278592.0
2016-03-04,139.37,140.94,128.63,130.01,6384167.0,261018720.0
2016-03-07,131.74,140.12,131.74,137.34,6171974.0,256966560.0
2016-03-08,136.52,139.73,125.42,139.14,6560817.0,265720048.0
2016-03-09,134.49,153.05,130.96,153.05,7162882.0,322869184.0
2016-03-10,153.87,158.62,147.32,147.95,8968542.0,420150368.0
2016-03-11,146.67,156.1,145.69,154.26,5975331.0,276175072.0
2016-03-14,158.46,167.62,152.89,160.68,9172701.0,447824576.0
2016-03-15,157.18,162.71,155.67,158.46,5740365.0,277648064.0
2016-03-16,162.06,163.69,148.08,149.39,6285233.0,294583936.0
2016-03-17,150.66,162.32,146.93,162.32,10339524.0,490804928.0
2016-03-18,162.35,176.13,159.8,172.11,9595343.0,494622432.0
2016-03-21,175.15,180.0,168.67,179.08,10486029.0,552240256.0
2016-03-22,173.52,178.59,172.6,173.52,5984005.0,321353216.0
2016-03-23,171.88,180.06,170.93,177.54,5069628.0,271447904.0
2016-03-24,173.91,185.63,170.24,171.88,6897614.0,373152832.0
2016-03-25,170.24,176.79,168.93,173.78,3779702.0,200032048.0
2016-03-28,175.15,176.95,164.41,166.25,5140725.0,269309376.0
2016-03-29,166.31,168.6,157.15,161.11,4941126.0,243384608.0
2016-03-30,162.48,175.15,160.49,172.21,4847640.0,244903456.0
2016-03-31,173.19,174.1,168.44,168.54,4475712.0,233781952.0
2016-04-01,167.49,167.95,158.72,166.64,5548861.0,274855552.0
2016-04-05,165.66,177.05,163.96,176.1,6323055.0,332090048.0
2016-04-06,173.94,177.44,172.01,174.14,4803916.0,255915328.0
2016-04-07,175.35,180.39,168.44,168.64,6764420.0,358170560.0
2016-04-08,165.33,168.57,162.81,168.38,4572092.0,230104384.0
2016-04-11,173.48,185.2,173.42,185.2,7599948.0,419807616.0
2016-04-12,196.4,203.73,189.88,195.12,13935910.0,836852352.0
2016-04-13,195.12,214.11,191.52,206.42,11209326.0,696965120.0
2016-04-14,204.29,207.3,200.4,204.45,6702625.0,416796992.0
2016-04-15,203.15,212.15,202.59,204.26,5784139.0,365122016.0
2016-04-18,200.4,200.4,191.85,196.11,5551987.0,329281568.0
2016-04-19,195.81,201.8,193.26,196.43,4515471.0,271965856.0
2016-04-20,198.04,199.31,176.79,185.3,8663441.0,487512352.0
2016-04-21,180.1,184.97,175.61,180.0,5838180.0,320554496.0
2016-04-22,177.12,187.56,176.46,182.29,6897900.0,384632576.0
2016-04-25,180.19,180.19,172.07,178.3,4673749.0,251234592.0
2016-04-26,175.28,179.05,172.6,178.03,5096091.0,273594592.0
2016-04-27,177.87,178.82,174.14,174.43,3770163.0,203280352.0
2016-04-28,174.17,178.43,169.59,177.05,4831840.0,258198112.0
2016-04-29,175.15,176.79,173.22,173.58,2971487.0,158881904.0
2016-05-03,170.24,180.06,169.59,180.03,4486027.0,240679904.0
2016-05-04,180.06,185.83,179.38,180.23,4661508.0,260145856.0
2016-05-05,178.16,180.85,177.12,179.47,2791714.0,152354688.0
2016-05-06,180.06,180.98,161.53,161.53,6893664.0,357545984.0
2016-05-09,160.39,160.39,145.88,150.6,4310271.0,197896640.0
2016-05-10,149.58,152.43,148.76,149.22,2216502.0,101880144.0
2016-05-11,150.63,151.61,146.05,146.28,2469026.0,112417590.0
2016-05-12,145.03,150.17,140.45,148.14,2707801.0,120560076.0
2016-05-13,146.67,149.35,144.41,145.95,1956043.0,87676070.0
2016-05-16,145.92,150.53,144.74,149.22,1813498.0,82085553.0
2016-05-17,149.45,158.78,149.45,154.79,4205608.0,197549946.0
2016-05-18,153.51,153.51,144.15,146.08,2383239.0,107824624.0
2016-05-19,146.93,154.36,146.93,150.3,3493120.0,162383334.0
2016-05-20,148.47,153.48,147.32,152.56,2026602.0,93729243.0
2016-05-23,154.26,156.07,152.4,153.38,2356367.0,110959635.0
2016-05-24,153.91,154.23,148.9,150.5,1816394.0,83756038.0
2016-05-25,152.27,153.51,148.96,150.37,1933932.0,89420150.0
2016-05-26,147.32,154.53,144.71,154.49,2606132.0,118754909.0
2016-05-27,153.87,154.46,150.99,151.25,1600674.0,74869328.0
2016-05-30,150.93,156.88,148.34,153.22,2122758.0,99530467.0
2016-05-31,152.27,168.54,152.27,168.54,3934869.0,194798090.0
2016-06-01,175.48,181.7,173.19,174.5,5485189.0,297051668.0
2016-06-02,173.51,177.61,171.91,176.63,3760504.0,200128783.0
2016-06-03,176.07,181.86,175.15,177.77,4841334.0,264546854.0
2016-06-06,178.43,178.43,170.57,176.23,3694089.0,197197038.0
2016-06-07,175.61,178.75,171.39,177.64,2757795.0,148768888.0
2016-06-08,177.44,185.5,175.51,179.47,3670217.0,204388452.0
2016-06-13,175.15,182.94,165.69,165.69,3750832.0,200930380.0
2016-06-14,163.69,169.91,163.69,168.31,2137053.0,109467164.0
2016-06-15,165.33,177.77,164.68,175.41,2304751.0,122657534.0
2016-06-16,173.84,179.08,173.84,175.45,2016755.0,108301959.0
2016-06-17,175.97,193.0,175.97,193.0,1700544.0,99086013.0
2016-06-20,200.53,202.98,191.46,192.9,6609443.0,395914664.0
2016-06-21,197.43,198.22,185.3,186.51,5495122.0,317191699.0
2016-06-22,186.78,191.89,183.66,191.47,3410719.0,195786201.0
2016-06-23,188.94,194.32,186.87,187.07,3773977.0,218537741.0
2016-06-24,185.3,194.09,175.56,189.79,4386452.0,252126994.0
2016-06-27,187.27,199.57,187.2,199.57,3987675.0,236747899.0
2016-06-28,201.63,218.69,201.6,208.81,5838443.0,375477274.0
2016-06-29,209.9,216.32,202.39,205.83,3878352.0,245958455.0
2016-06-30,205.47,213.14,203.4,208.26,3108492.0,197459095.0
2016-07-01,208.19,208.75,202.03,202.32,2464743.0,153486806.0
2016-07-04,200.78,214.88,200.09,214.69,3706592.0,237834187.0
2016-07-05,215.8,218.1,210.0,214.82,2833037.0,183423644.0
2016-07-06,212.78,214.78,208.52,210.59,1903642.0,122374895.0
2016-07-07,211.5,213.83,205.5,208.94,3269090.0,208832686.0
2016-07-08,209.9,210.88,204.98,205.07,2769761.0,174620223.0
2016-07-11,205.34,207.76,197.43,198.29,3265046.0,201193001.0
2016-07-12,198.25,211.18,194.71,210.88,4100876.0,252436880.0
2016-07-13,212.52,213.18,208.26,208.78,2494622.0,159789095.0
2016-07-14,208.59,208.59,204.09,206.29,1633004.0,102460412.0
2016-07-15,207.6,212.36,206.29,206.52,1546707.0,97986918.0
2016-07-18,206.22,206.22,200.06,200.19,2001190.0,123462236.0
2016-07-19,209.93,209.93,199.07,203.01,2257253.0,139384446.0
2016-07-20,200.06,204.16,196.45,201.34,2956266.0,178964863.0
2016-07-21,200.06,203.24,197.37,198.48,1934994.0,118090304.0
2016-07-22,198.09,201.66,198.06,199.27,1902727.0,116059577.0
2016-07-25,199.07,199.07,185.63,186.64,3638957.0,212540044.0
2016-07-26,187.59,191.2,181.07,188.48,1946410.0,112208055.0
2016-07-27,189.73,190.19,170.61,172.94,3718783.0,204077359.0
2016-07-28,174.67,176.94,160.8,174.81,4860006.0,250520304.0
2016-07-29,173.33,175.13,169.06,170.74,2507459.0,131449442.0
2016-08-01,169.82,175.62,165.62,171.36,3272051.0,171999495.0
2016-08-02,171.46,175.46,170.21,174.64,2333839.0,123388665.0
2016-08-03,174.64,176.74,172.51,173.92,2317878.0,123507077.0
2016-08-04,173.82,175.13,170.54,174.41,1907556.0,100568792.0
2016-08-05,173.1,174.41,168.54,168.97,2202433.0,114798053.0
2016-08-08,168.74,172.8,166.47,172.18,1660064.0,86296599.0
2016-08-09,175.62,189.24,173.85,189.24,3811752.0,209487074.0
2016-08-10,186.28,189.53,183.69,184.48,2434860.0,138332807.0
2016-08-11,183.5,185.96,180.71,180.71,1683364.0,94356050.0
2016-08-12,177.69,183.37,177.1,181.96,2363646.0,130033892.0
2016-08-15,183.53,191.86,178.35,189.76,3272949.0,186659012.0
2016-08-16,189.6,193.53,187.3,189.07,2391235.0,138676307.0
2016-08-17,188.51,191.07,187.5,188.81,1646823.0,95000768.0
2016-08-18,188.87,191.17,185.53,190.19,1806528.0,103886160.0
2016-08-19,188.94,195.07,185.82,194.06,3477102.0,202228863.0
2016-08-22,197.79,197.93,183.66,184.02,3422231.0,198311526.0
2016-08-23,180.41,185.56,180.38,183.0,2419958.0,135043552.0
2016-08-24,182.68,186.94,182.68,184.32,1828462.0,103410291.0
2016-08-25,183.0,184.94,172.18,184.28,2053664.0,113274862.0
2016-08-26,184.38,193.43,183.04,186.28,2793752.0,160825909.0
2016-08-29,186.05,187.43,182.94,183.66,1872085.0,105337330.0
2016-08-30,186.12,186.12,180.74,181.2,2031124.0,113619401.0
2016-08-31,181.69,182.61,176.38,180.38,2199688.0,120088141.0
2016-09-01,180.71,181.86,177.92,177.92,1400075.0,76834859.0
2016-09-02,176.22,178.51,175.46,176.64,1208180.0,65156340.0
2016-09-05,177.76,180.35,176.44,176.84,982807.0,53435565.0
2016-09-06,176.84,183.5,174.51,181.86,1699698.0,92994342.0
2016-09-07,182.84,182.84,179.07,180.94,1316223.0,72717040.0
2016-09-08,179.59,181.95,177.76,179.89,1179392.0,64671274.0
2016-09-09,179.99,181.04,177.76,177.76,1187922.0,64966228.0
2016-09-12,172.51,177.03,169.06,169.06,1947740.0,102639746.0
2016-09-13,170.05,171.03,164.97,166.77,1912222.0,97801474.0
2016-09-14,164.34,168.41,164.18,165.69,1359957.0,68819384.0
2016-09-19,166.31,169.23,166.15,167.52,1135161.0,57919072.0
2016-09-20,168.9,169.46,166.87,168.18,1536141.0,78649495.0
2016-09-21,168.18,168.84,166.64,167.1,1133523.0,57817631.0
2016-09-22,168.84,168.84,166.93,167.03,1268511.0,64911003.0
2016-09-23,168.18,168.57,164.38,164.47,979630.0,49595703.0
2016-09-26,164.47,165.46,162.01,162.18,1312334.0,65493385.0
2016-09-27,163.98,171.85,163.98,168.9,2924055.0,150252755.0
2016-09-28,168.9,170.05,166.21,166.9,1121077.0,57135906.0
2016-09-29,168.9,169.88,167.26,167.26,1150020.0,58918476.0
2016-09-30,167.26,168.15,166.67,167.79,1084405.0,55350744.0
2016-10-10,169.1,173.66,169.1,172.71,2102047.0,109711928.0
2016-10-11,172.77,173.3,171.03,171.85,1233020.0,64582153.0
2016-10-12,172.18,173.43,170.54,171.36,1001962.0,52511747.0
2016-10-13,171.33,172.18,170.02,170.87,1011651.0,52743728.0
2016-10-14,170.87,171.98,170.02,171.53,1153520.0,60215948.0
2016-10-17,171.49,171.49,169.06,169.23,1268477.0,65895747.0
2016-10-18,168.74,172.48,168.74,172.44,1559515.0,81455897.0
2016-10-19,172.44,173.33,168.61,169.06,1833216.0,95152189.0
2016-10-20,169.1,169.49,164.97,168.74,1895132.0,96973958.0
2016-10-21,168.57,169.56,164.64,167.03,1385295.0,70503506.0
2016-10-24,169.88,175.3,167.36,172.57,4120799.0,217272983.0
2016-10-25,172.51,180.38,170.64,179.56,5178496.0,277697306.0
2016-10-26,178.54,186.71,177.69,178.35,7002238.0,387722121.0
2016-10-27,179.07,184.58,178.35,180.71,3697657.0,205314886.0
2016-10-28,180.77,180.77,175.85,176.71,2397386.0,129951391.0
2016-10-31,176.71,179.66,174.51,178.41,1845863.0,100061527.0
2016-11-01,177.23,181.03,175.66,180.18,1818304.0,98914963.0
2016-11-02,179.3,179.99,176.18,176.18,1587312.0,85853332.0
2016-11-03,176.18,186.28,176.05,180.58,3418504.0,189025533.0
2016-11-04,180.38,184.38,179.23,182.35,2737465.0,152154435.0
2016-11-07,181.26,186.28,181.23,183.63,2125503.0,119081862.0
2016-11-08,183.99,186.02,181.03,183.2,1406327.0,78372321.0
2016-11-09,182.02,192.55,181.69,187.59,3816613.0,217359090.0
2016-11-10,186.91,190.87,186.12,188.58,2330832.0,133316569.0
2016-11-11,190.22,190.68,185.46,188.64,2559733.0,146045333.0
2016-11-14,188.64,193.43,187.0,191.53,3105058.0,180502999.0
2016-11-15,191.5,191.5,186.94,189.2,2199383.0,126733206.0
2016-11-16,188.58,190.38,186.28,186.38,2198601.0,125577049.0
2016-11-17,184.64,188.05,181.72,186.87,2113770.0,118574895.0
2016-11-18,186.97,193.5,185.27,187.27,1981004.0,113661703.0
2016-11-21,186.91,188.58,184.31,187.43,1326096.0,75430772.0
2016-11-22,188.32,191.86,183.66,187.23,2470872.0,141110480.0
2016-11-23,187.23,187.76,180.87,180.87,2235930.0,125750517.0
2016-11-24,180.87,181.99,177.16,178.08,2205738.0,120648204.0
2016-11-25,178.08,183.0,177.36,182.02,1959361.0,107686859.0
2016-11-28,183.33,200.22,180.67,190.02,4998624.0,288728875.0
2016-11-29,191.2,196.12,187.79,188.19,4535659.0,264441601.0
2016-11-30,187.04,191.86,187.04,189.56,2498997.0,144286874.0
2016-12-01,189.59,191.5,187.59,188.32,2703990.0,156062941.0
2016-12-02,189.23,189.23,175.99,176.44,3652565.0,201364530.0
2016-12-05,173.39,179.03,171.36,173.79,1607418.0,85706721.0
2016-12-06,175.39,177.07,173.16,174.34,1139749.0,60975064.0
2016-12-07,174.25,178.71,173.56,177.59,1482154.0,79723435.0
2016-12-08,178.08,178.08,174.48,175.1,1038729.0,55834270.0
2016-12-09,174.15,180.05,174.15,175.79,1405968.0,75693783.0
2016-12-12,176.44,176.97,162.6,165.29,2618765.0,134782235.0
2016-12-13,164.6,166.93,163.0,164.6,1538193.0,77416454.0
2016-12-14,164.7,166.18,162.67,163.49,1186946.0,59347181.0
2016-12-15,163.39,165.29,161.95,163.23,1680381.0,83922619.0
2016-12-16,163.26,171.36,163.23,164.74,1306089.0,65671537.0
2016-12-19,166.15,166.74,160.7,161.88,1535991.0,76500464.0
2016-12-20,160.9,163.65,160.9,162.6,812078.0,40236567.0
2016-12-21,163.06,165.62,162.54,163.46,895802.0,44736702.0
2016-12-22,163.46,164.67,160.7,163.98,1055517.0,52595675.0
2016-12-23,163.98,166.8,162.37,165.56,1526954.0,76609061.0
2016-12-26,165.82,171.52,162.67,170.05,1726275.0,88446851.0
2016-12-27,169.98,171.2,163.98,166.6,1288038.0,66160839.0
2016-12-28,166.44,168.54,163.98,164.31,1188089.0,60000810.0
2016-12-29,164.11,165.98,162.7,163.32,940651.0,47122563.0
2016-12-30,163.03,164.64,158.41,160.44,1178521.0,57958404.0
2017-01-03,160.7,161.46,160.04,160.54,754854.0,36986279.0
2017-01-04,160.54,163.26,160.04,162.67,1243331.0,61394169.0
2017-01-05,162.64,163.26,161.36,163.0,985788.0,48805234.0
2017-01-06,161.78,162.87,156.83,157.26,1520364.0,73757014.0
2017-01-09,157.26,160.11,157.0,158.41,809908.0,39115693.0
2017-01-10,158.73,159.72,157.42,159.22,667375.0,32340519.0
2017-01-11,159.55,162.01,159.06,160.28,929557.0,45505431.0
2017-01-12,158.44,161.98,158.24,158.7,688900.0,33605647.0
2017-01-13,159.91,159.91,150.9,152.17,1027417.0,48753212.0
2017-01-16,150.86,150.86,136.96,136.96,2363920.0,100635037.0
2017-01-17,135.78,142.01,130.04,139.28,2434221.0,100564242.0
2017-01-18,138.07,140.34,136.3,136.66,1072996.0,45186756.0
2017-01-19,137.09,137.09,132.17,132.73,1512907.0,61758790.0
2017-01-20,132.73,137.15,119.44,136.79,1369531.0,56650091.0
2017-01-23,137.09,143.29,136.24,139.65,1969960.0,84350781.0
2017-01-24,137.97,140.04,137.97,138.53,609038.0,25838265.0
2017-01-25,139.38,140.2,137.81,139.06,432718.0,18357611.0
2017-01-26,139.71,140.2,138.89,139.68,432466.0,18383956.0
2017-02-03,140.17,142.66,138.43,140.37,1208001.0,51775821.0
2017-02-06,140.37,144.3,138.47,143.81,1171154.0,50774770.0
2017-02-07,142.83,143.16,138.07,139.71,1223259.0,52223604.0
2017-02-08,139.78,142.17,139.06,141.52,822046.0,35345036.0
2017-02-09,140.34,144.24,140.34,141.78,1013020.0,43931471.0
2017-02-10,141.02,142.96,141.02,141.19,620768.0,26821852.0
2017-02-13,143.97,143.97,141.19,141.35,1099264.0,47599977.0
2017-02-14,141.02,142.11,137.48,137.91,1286496.0,54476211.0
2017-02-15,138.47,141.25,136.14,140.66,1498850.0,63707158.0
2017-02-16,139.88,142.34,138.4,139.75,1063815.0,45260559.0
2017-02-17,138.56,141.22,137.12,137.38,1158889.0,48873981.0
2017-02-20,137.12,137.74,133.71,134.76,1451484.0,59880230.0
2017-02-21,134.79,136.96,134.53,136.53,1007393.0,41775395.0
2017-02-22,137.09,143.65,135.06,140.01,1875585.0,80271549.0
2017-02-23,138.73,140.04,137.74,139.48,930183.0,39343082.0
2017-02-24,138.86,142.2,138.86,141.42,1511312.0,64831127.0
2017-02-27,142.66,143.35,138.37,138.4,1126859.0,48115261.0
2017-02-28,138.33,138.99,136.33,137.45,943976.0,39491556.0
2017-03-01,137.45,144.37,137.45,141.19,2535462.0,109267931.0
2017-03-02,140.73,142.3,138.6,139.38,1182299.0,50267288.0
2017-03-03,138.83,144.3,138.76,140.14,2234679.0,95943338.0
2017-03-06,139.22,142.43,139.22,142.01,1765768.0,76066856.0
2017-03-07,141.97,148.53,141.22,147.62,3436799.0,151679045.0
2017-03-08,146.6,146.83,143.09,143.91,2202559.0,97355249.0
2017-03-09,144.04,144.79,142.01,144.6,1581546.0,69243313.0
2017-03-10,144.34,144.83,142.17,143.06,1121697.0,48873925.0
2017-03-13,143.06,145.48,141.19,143.97,1556975.0,68270211.0
2017-03-14,143.78,148.44,143.25,146.76,3222803.0,143516937.0
2017-03-15,148.04,155.78,147.94,150.53,4080741.0,188791829.0
2017-03-16,149.06,158.08,149.06,154.54,4171945.0,195793196.0
2017-03-17,153.91,154.63,149.49,149.94,3696046.0,171009283.0
2017-03-20,150.11,156.57,150.11,156.47,3878814.0,182846006.0
2017-03-21,157.06,157.75,153.68,155.39,2082610.0,98476537.0
2017-03-22,154.34,156.83,153.52,153.98,1945701.0,91872887.0
2017-03-23,153.98,156.77,149.32,153.19,2561229.0,119964703.0
2017-03-24,153.19,153.98,150.86,152.7,1473888.0,68486677.0
2018-01-12,160.69,160.69,137.45,137.45,6939758.0,298084505.0
2018-01-15,128.54,131.37,123.71,123.71,3374476.0,128674756.0
2018-01-16,118.68,118.68,111.35,111.84,6302569.0,217669179.0
2018-01-17,110.13,113.38,108.49,110.95,3624842.0,122270842.0
2018-01-18,111.22,114.34,108.95,109.14,2574225.0,87628340.0
2018-01-19,108.52,109.41,101.09,103.59,4017335.0,128078362.0
2018-01-22,104.54,113.94,104.54,113.94,4280152.0,142684144.0
2018-01-23,118.18,125.35,117.36,125.35,6982491.0,261613378.0
2018-01-24,131.33,137.88,125.25,137.88,7274241.0,295238354.0
2018-01-25,143.0,148.53,134.36,135.77,9881282.0,426433102.0
2018-01-26,136.1,145.47,136.03,137.78,6607388.0,281374713.0
2018-01-29,138.07,138.07,130.31,132.48,5174864.0,208820638.0
2018-01-30,134.06,134.42,126.27,128.21,4196094.0,166121785.0
2018-01-31,128.47,132.16,126.86,127.16,4210134.0,165642339.0
2018-02-01,121.64,122.62,114.44,115.69,4902620.0,175795245.0
2018-02-02,112.2,119.53,112.2,117.36,3538707.0,125137885.0
2018-02-05,114.9,119.89,111.84,112.1,3266579.0,115026424.0
2018-02-06,102.11,111.71,102.11,104.54,2822318.0,92230625.0
2018-02-07,108.45,115.0,103.59,115.0,3348671.0,112518774.0
2018-02-08,117.69,119.99,116.38,117.43,4070749.0,146550727.0
2018-02-09,111.91,116.11,109.67,111.87,2888876.0,98675560.0
2018-02-12,115.03,117.99,113.45,114.4,2758339.0,96586218.0
2018-02-13,115.98,116.21,108.26,108.39,2306853.0,78790417.0
2018-02-14,109.8,111.77,105.2,106.64,1424882.0,47129786.0
2018-02-22,106.51,114.01,106.25,111.77,2010882.0,67170058.0
2018-02-23,113.42,113.52,109.67,110.43,1771795.0,59862298.0
2018-02-26,110.75,117.26,110.19,116.54,2918971.0,101311965.0
2018-02-27,116.38,118.31,115.16,118.02,3038856.0,108006128.0
2018-02-28,116.7,123.25,114.73,118.25,3440460.0,124644303.0
2018-03-01,116.31,123.94,115.85,123.28,3803797.0,139830480.0
2018-03-02,121.57,125.68,120.75,120.98,3181114.0,119018297.0
2018-03-05,119.99,121.31,118.87,120.98,1641874.0,59965926.0
2018-03-06,120.98,124.27,119.27,119.66,2080653.0,76916711.0
2018-03-07,119.66,122.92,119.63,120.09,1864861.0,68477912.0
2018-03-08,119.99,126.2,118.68,124.5,3062468.0,115142605.0
2018-03-09,123.54,127.22,123.28,126.4,2851505.0,108566955.0
2018-03-12,126.4,129.2,123.94,125.58,3569944.0,136895596.0
2018-03-13,125.58,128.08,123.54,124.63,2525468.0,96267021.0
2018-03-14,123.87,125.38,120.35,120.65,1721000.0,64330317.0
2018-03-15,121.11,121.11,114.07,116.93,2021047.0,71985998.0
2018-03-16,116.93,118.94,115.45,117.69,1001042.0,35828135.0
2018-03-19,121.8,127.88,121.8,123.9,2793712.0,106044616.0
2018-03-20,122.13,130.77,122.13,128.84,3962771.0,153025900.0
2018-03-21,128.21,129.79,124.59,124.92,3345329.0,129348121.0
2018-03-22,126.07,136.4,125.28,133.57,5495636.0,219562301.0
2018-03-23,128.21,131.83,121.67,124.89,3911347.0,152297681.0
2018-03-26,123.9,132.09,123.02,131.53,3085533.0,121132030.0
2018-03-27,132.32,135.31,130.45,134.09,4350793.0,175797014.0
2018-03-28,132.78,147.28,131.83,137.15,4414855.0,187174626.0
2018-03-29,137.05,139.55,133.04,135.77,2852784.0,117813485.0
2018-03-30,137.58,142.44,135.97,140.6,3083404.0,131757455.0
2018-04-02,141.36,144.62,138.34,140.47,3166237.0,135835272.0
2018-04-03,137.15,139.22,133.96,135.34,2725883.0,112905550.0
2018-04-04,137.28,138.34,128.21,130.78,3101316.0,125566887.0
2018-04-09,129.79,132.68,127.85,130.61,2179588.0,86377153.0
2018-04-10,129.29,130.58,125.12,127.98,1972400.0,76435435.0
2018-04-11,128.47,131.37,127.09,129.75,1618500.0,63778199.0
2018-04-12,129.66,132.42,128.6,130.45,1688483.0,67203189.0
2018-04-13,131.6,132.35,127.91,128.24,1175216.0,46539865.0
2018-04-16,127.22,128.8,125.28,126.17,1003922.0,38785613.0
2018-04-17,126.3,127.49,120.65,120.91,1298133.0,48920576.0
2018-04-18,121.64,124.76,119.07,124.27,1310700.0,48803740.0
2018-04-19,123.9,126.01,121.31,121.83,1481904.0,55739668.0
2018-04-20,121.57,123.21,120.91,121.04,1010870.0,37452692.0
2018-04-23,121.04,121.14,114.11,115.22,1558396.0,55350312.0
2018-04-24,115.62,121.5,115.62,121.41,1146707.0,41545491.0
2018-04-25,121.31,122.49,120.48,122.09,1374194.0,50927454.0
2018-04-26,122.13,122.88,117.76,118.12,879115.0,32332516.0
2018-04-27,118.05,126.34,118.05,125.25,1934439.0,72527581.0
2018-05-02,124.89,125.91,123.25,124.92,1539068.0,58208064.0
2018-05-03,124.53,126.73,118.25,124.03,2082452.0,77706615.0
2018-05-04,122.62,123.94,120.98,121.24,1691323.0,62678238.0
2018-05-07,121.47,123.9,121.17,123.28,1076546.0,40301177.0
2018-05-08,123.28,128.7,122.62,127.22,2128566.0,81813593.0
2018-05-09,127.55,129.79,125.58,127.03,1449400.0,56296582.0
2018-05-10,126.57,130.71,126.57,130.05,1974010.0,77505798.0
2018-05-11,130.08,130.28,126.96,127.55,1319310.0,51441603.0
2018-05-14,128.05,128.21,124.13,124.76,1018300.0,38796886.0
2018-05-15,124.56,125.61,120.98,123.87,1342900.0,50239380.0
2018-05-16,123.28,127.29,122.72,125.35,1430606.0,54688819.0
2018-05-17,124.46,125.51,122.0,122.62,1220100.0,45644996.0
2018-05-18,121.96,123.25,119.99,122.52,741009.0,27472106.0
2018-05-21,122.92,126.83,122.62,125.71,1417766.0,54237198.0
2018-05-22,124.96,127.29,124.5,125.94,2177922.0,83375735.0
2018-05-23,125.22,125.22,121.04,121.24,1835302.0,68354976.0
2018-05-24,120.98,122.85,118.25,118.38,1281247.0,46843768.0
2018-05-25,118.51,119.0,115.55,116.01,1625664.0,57737263.0
2018-05-28,115.22,117.86,111.12,113.12,1290401.0,45159284.0
2018-05-29,113.09,114.57,111.81,113.38,1125920.0,38905686.0
2018-05-30,112.59,112.69,106.58,107.47,1523951.0,50345362.0
2018-05-31,109.31,109.6,104.61,106.45,1575710.0,50935982.0
2018-06-01,103.13,104.54,99.02,101.75,1869599.0,57624278.0
2018-06-04,101.58,111.94,100.96,111.94,1759199.0,57301278.0
2018-06-05,114.07,117.95,111.94,112.76,2858986.0,99613813.0
2018-06-06,112.76,117.3,110.13,114.57,1965401.0,68068397.0
2018-06-07,114.57,124.59,114.57,120.68,3712587.0,134351302.0
2018-06-08,118.51,126.83,118.05,121.5,4555398.0,171813894.0
2018-06-11,120.16,121.64,117.69,119.1,1883099.0,68245936.0
2018-06-12,118.68,119.7,113.84,116.97,1672502.0,59108494.0
2018-06-13,116.38,119.3,114.73,114.83,1301600.0,46051330.0
2018-06-14,113.94,116.38,112.56,115.26,933988.0,32622008.0
2018-06-15,115.39,115.72,108.09,108.52,1207480.0,40745436.0
2018-06-19,106.55,107.17,99.71,101.91,1527601.0,48279184.0
2018-06-20,103.56,106.68,101.91,105.33,1193505.0,37890393.0
2018-06-21,105.36,107.43,103.23,103.23,1002866.0,32207427.0
2018-06-22,101.09,104.8,100.27,103.46,1053466.0,32883809.0
2018-06-25,103.42,106.12,102.57,105.53,1291300.0,41230351.0
2018-06-26,103.88,106.81,102.96,105.69,928334.0,29722853.0
2018-06-27,116.28,116.28,108.81,108.85,2081801.0,70909227.0
2018-06-28,106.19,111.05,106.19,109.28,1061800.0,35289327.0
2018-06-29,110.19,115.32,110.19,114.07,1363358.0,47050570.0
2018-07-02,114.14,115.03,109.8,110.42,943600.0,32256306.0
2018-07-03,110.29,114.07,110.29,113.88,1078475.0,37072233.0
2018-07-04,113.38,113.38,107.96,109.44,827232.0,27881562.0
2018-07-05,110.17,111.72,98.98,104.57,928331.0,23463048.0
2018-07-06,106.25,106.25,98.12,99.62,1730435.0,40933588.0
2018-07-09,100.61,103.67,100.61,102.25,808637.0,19210406.0
2018-07-10,102.42,110.43,102.42,107.76,1498001.0,36899862.0
2018-07-11,104.1,107.16,102.55,103.97,1102746.0,26760928.0
2018-07-12,103.8,106.9,103.8,105.56,1073481.0,26484884.0
2018-07-13,104.49,107.03,104.49,105.86,849477.0,20943375.0
2018-07-16,105.18,105.74,103.28,103.5,835811.0,20240025.0
2018-07-17,104.06,104.06,100.49,101.48,1080822.0,25584180.0
2018-07-18,102.81,102.9,100.79,100.96,863959.0,20446734.0
2018-07-19,100.79,101.17,97.99,99.41,951376.0,21931661.0
2018-07-20,100.61,100.61,94.76,97.56,1542655.0,34547266.0
2018-07-23,95.97,95.97,87.79,90.29,1939506.0,40973339.0
2018-07-24,90.07,99.32,89.94,99.32,2169484.0,48004493.0
2018-07-25,101.13,102.29,97.13,98.12,2538710.0,58722430.0
2018-07-26,97.99,98.72,94.81,96.27,1388388.0,31170830.0
2018-07-27,95.92,95.92,92.83,93.34,1442406.0,31418016.0
2018-07-30,94.81,96.35,90.42,90.42,1194880.0,25866029.0
2018-07-31,90.16,93.3,88.39,92.35,969514.0,20704335.0
2018-08-01,91.23,93.3,89.73,89.94,845141.0,17948424.0
2018-08-02,89.94,91.02,83.1,86.11,1647372.0,32983984.0
2018-08-03,85.25,88.44,83.87,84.39,782869.0,15579490.0
2018-08-06,84.39,85.81,80.17,80.47,1283179.0,24520864.0
2018-08-07,80.65,84.09,80.26,83.7,1357642.0,25937928.0
2018-08-08,83.7,85.04,81.55,82.24,970115.0,18789244.0
2018-08-09,83.49,85.6,82.02,84.35,1136192.0,22258828.0
2018-08-10,83.83,85.77,83.7,84.78,963702.0,18957839.0
2018-08-13,83.1,84.61,81.33,84.05,1024362.0,19843324.0
2018-08-14,85.42,87.7,84.26,84.73,1409493.0,28077195.0
2018-08-15,84.39,84.99,81.81,82.33,925654.0,17872403.0
2018-08-16,81.68,82.37,80.26,81.21,919815.0,17447119.0
2018-08-17,82.07,82.58,77.03,78.19,1239975.0,22840849.0
2018-08-20,77.81,78.19,73.37,76.0,1742595.0,30589726.0
2018-08-21,76.26,78.88,74.45,78.75,1395907.0,25107057.0
2018-08-22,77.81,79.4,76.95,77.63,763836.0,13834569.0
2018-08-23,77.98,78.8,76.43,77.68,990177.0,17929901.0
2018-08-24,76.95,79.18,76.95,78.06,739324.0,13394355.0
2018-08-27,78.62,79.83,77.08,79.23,1204250.0,22075759.0
2018-08-28,79.74,79.74,77.72,78.19,876772.0,15987500.0
2018-08-29,77.46,78.75,77.46,78.28,651991.0,11855173.0
2018-08-30,78.67,78.71,75.74,76.26,917492.0,16343119.0
2018-08-31,75.27,77.03,74.49,75.78,682447.0,12073030.0
2018-09-03,74.88,75.66,71.87,73.42,953502.0,16208895.0
2018-09-04,73.42,75.18,73.16,74.92,871968.0,15012982.0
2018-09-05,75.57,75.74,73.8,73.93,542870.0,9450245.0
2018-09-06,73.63,74.79,73.2,73.37,564274.0,9703099.0
2018-09-07,74.23,75.09,72.73,73.89,597804.0,10294963.0
2018-09-10,73.16,74.32,71.05,71.05,1001197.0,16784769.0
2018-09-11,72.3,73.76,71.14,73.07,1088010.0,18309325.0
2018-09-12,73.67,76.56,71.65,74.45,1800813.0,31159504.0
2018-09-13,75.27,75.31,72.25,73.46,1170229.0,19984161.0
2018-09-14,73.37,74.19,69.72,70.19,1659867.0,27480023.0
2018-09-17,70.19,70.36,66.83,67.22,1423621.0,22510642.0
2018-09-18,66.66,68.81,65.41,68.42,1322284.0,20905718.0
2018-09-19,68.77,72.3,68.38,71.01,2172686.0,35605449.0
2018-09-20,71.01,71.91,70.19,70.71,1135924.0,18772339.0
2018-09-21,71.65,72.81,70.36,72.08,1108286.0,18491407.0
2018-09-25,70.49,72.51,70.49,71.61,773181.0,12930040.0
2018-09-26,72.0,73.07,71.01,71.52,1207339.0,20242012.0
2018-09-27,72.04,72.38,70.62,70.83,921061.0,15302170.0
2018-09-28,73.16,77.94,71.87,77.42,5223361.0,93463656.0
2018-10-08,72.3,73.16,69.67,69.67,3129854.0,51523023.0
2018-10-09,66.92,67.82,63.17,64.9,3765873.0,57503834.0
2018-10-10,64.12,65.41,63.6,64.59,1665342.0,25005734.0
2018-10-11,62.36,62.36,58.14,58.14,2220170.0,30787157.0
2018-10-12,57.67,58.1,53.84,56.94,2269432.0,29651615.0
2018-10-15,56.98,58.27,56.03,56.25,1163324.0,15485436.0
2018-10-16,60.12,60.12,54.7,55.56,1249592.0,16513529.0
2018-10-17,55.95,57.02,54.7,56.16,1339696.0,17498558.0
2018-10-18,55.95,56.76,54.57,54.91,1508053.0,19578123.0
2018-10-19,53.45,56.5,53.32,56.33,1834643.0,23726434.0
2018-10-22,57.37,60.03,56.33,59.04,2864073.0,38817487.0
2018-10-23,58.61,59.04,56.98,57.11,1781195.0,23993450.0
2018-10-24,56.89,59.34,56.72,57.62,1750929.0,23583328.0
2018-10-25,54.05,57.75,54.05,57.15,1380921.0,18017579.0
2018-10-26,57.45,57.97,56.2,56.46,1479965.0,19587189.0
2018-10-29,56.42,56.98,55.3,55.82,1107278.0,14422143.0
2018-10-30,55.82,57.19,55.17,57.06,1163689.0,15304067.0
2018-10-31,57.24,57.97,56.55,57.15,2024240.0,26943812.0
2018-11-01,57.54,58.78,57.28,57.75,2236170.0,30199635.0
2018-11-02,58.74,60.16,58.57,59.95,2320062.0,31982170.0
2018-11-05,60.25,62.19,59.39,61.97,3493925.0,49639307.0
2018-11-06,61.24,61.97,60.08,61.67,1898818.0,26887863.0
2018-11-07,61.41,63.0,61.41,61.97,2242052.0,32358655.0
2018-11-08,62.19,62.44,60.68,61.54,1647338.0,23587145.0
2018-11-09,60.55,62.14,60.55,61.41,1234086.0,17685805.0
2018-11-12,61.54,64.29,61.54,63.69,2152307.0,31588429.0
2018-11-13,63.26,65.67,63.09,65.07,2990743.0,45030983.0
