2010-12-09,52.0,52.99,45.72,47.2,10521269.0,505760800.0
2010-12-10,50.0,51.92,49.56,51.92,5178637.0,263534896.0
2010-12-13,53.0,54.98,52.0,53.69,5319886.0,284050016.0
2010-12-14,53.0,54.2,52.3,53.0,2769139.0,146923408.0
2010-12-15,52.98,55.7,52.51,52.91,2610315.0,140753536.0
2010-12-16,53.08,54.6,52.31,53.89,1830321.0,98222248.0
2010-12-17,53.99,59.28,53.54,59.28,2683835.0,150471856.0
2010-12-20,59.8,63.95,58.65,60.01,3826405.0,233342256.0
2010-12-21,59.25,66.01,59.18,66.01,3575886.0,226882720.0
2010-12-22,65.5,67.8,64.02,67.1,2222152.0,146037888.0
2010-12-23,66.58,69.18,63.0,63.8,2193549.0,144580304.0
2010-12-24,62.0,62.78,57.62,58.79,2873933.0,171797136.0
2010-12-27,59.18,64.4,58.11,61.39,2837521.0,174075392.0
2010-12-28,58.5,58.98,55.25,55.25,2231808.0,126064456.0
2010-12-29,54.0,56.3,53.98,55.87,1300361.0,71645928.0
2010-12-30,55.2,56.9,54.9,55.06,1360630.0,75915816.0
2010-12-31,55.03,56.8,54.71,56.24,1433720.0,79702376.0
2011-01-04,61.85,61.86,60.02,61.86,1455014.0,89751120.0
2011-01-05,63.68,67.48,63.12,64.0,3049234.0,198385232.0
2011-01-06,62.8,65.5,62.2,63.32,1680153.0,107108224.0
2011-01-07,62.01,63.97,60.51,61.02,1554894.0,96718472.0
2011-01-10,60.51,63.93,59.66,61.3,1441198.0,88882672.0
2011-01-11,60.2,65.97,60.02,64.12,2205674.0,140469968.0
2011-01-12,63.9,65.4,62.68,64.79,1351994.0,86252608.0
2011-01-13,64.22,65.18,61.15,61.15,1530987.0,96053432.0
2011-01-14,60.2,60.3,55.18,57.2,1964877.0,112362560.0
2011-01-17,57.0,57.0,51.92,52.06,1300494.0,70011920.0
2011-01-18,52.09,53.78,51.11,53.5,978000.0,51457716.0
2011-01-19,53.7,54.49,52.5,53.94,907871.0,48847460.0
2011-01-20,53.94,58.0,53.94,54.47,1624350.0,90869168.0
2011-01-21,53.01,56.6,52.05,56.22,1431952.0,78220672.0
2011-01-24,56.8,58.39,54.0,54.0,1646159.0,92582120.0
2011-01-25,53.52,53.71,48.6,48.6,1901664.0,93355600.0
2011-01-26,49.47,49.98,48.42,49.6,1029248.0,50776344.0
2011-01-28,54.56,54.56,54.56,54.56,162404.0,8860762.0
2011-01-31,59.0,59.85,56.8,58.19,3166762.0,185055376.0
2011-02-01,57.38,62.88,57.2,61.88,2056849.0,122563744.0
2011-02-09,62.0,63.98,61.35,61.63,1756969.0,109754984.0
2011-02-10,60.5,67.79,60.5,67.79,2249935.0,146567104.0
2011-02-11,69.2,74.5,68.12,71.1,3295996.0,233218832.0
2011-02-14,70.98,76.93,69.51,72.88,2555482.0,186409200.0
2011-02-15,71.61,73.8,70.0,71.3,1880441.0,135326864.0
2011-02-16,71.2,78.43,71.01,78.43,2886478.0,217872464.0
2011-02-17,77.99,78.93,74.1,75.89,2702861.0,205917744.0
2011-02-18,74.67,77.5,72.88,73.08,2026767.0,151324624.0
2011-02-21,73.66,76.1,73.31,76.0,1863910.0,139295424.0
2011-02-22,77.33,80.0,73.34,74.21,2104194.0,161217696.0
2011-02-23,74.92,77.2,73.58,75.18,1368149.0,102965768.0
2011-02-24,74.66,74.66,68.8,69.94,2186388.0,154400080.0
2011-02-25,70.0,70.95,67.0,69.2,1031902.0,71864224.0
2011-02-28,69.1,70.55,67.0,70.4,1072637.0,74242920.0
2011-03-01,70.19,71.38,68.5,69.0,892752.0,62126312.0
2011-03-02,68.78,68.78,65.0,66.71,1333068.0,88691656.0
2011-03-03,66.18,67.98,66.05,67.78,1084338.0,72875008.0
2011-03-04,66.4,67.79,66.2,67.4,746571.0,50164068.0
2011-03-07,67.0,67.39,65.6,67.23,998556.0,66412600.0
2011-03-08,66.88,71.77,66.0,70.0,1964725.0,135775488.0
2011-03-09,69.8,73.9,66.8,73.01,4630928.0,322450560.0
2011-03-10,71.2,72.76,69.77,70.0,2245784.0,159761664.0
2011-03-11,70.0,74.0,69.1,71.0,2357659.0,169897600.0
2011-03-14,70.53,73.67,70.0,72.02,1596019.0,114618096.0
2011-03-15,71.59,71.93,68.2,69.55,1542047.0,107137728.0
2011-03-17,69.75,70.83,66.0,66.69,1459563.0,99577792.0
2011-03-18,67.48,68.68,67.02,67.61,852483.0,57715148.0
2011-03-21,69.1,71.52,69.03,70.67,1894551.0,133676496.0
2011-03-22,70.0,70.47,68.01,69.8,896770.0,62067468.0
2011-03-23,69.9,76.78,69.81,76.78,3671596.0,274686048.0
2011-03-24,76.11,79.98,75.35,76.69,3054727.0,236252672.0
2011-03-25,76.23,79.42,72.12,74.12,7366376.0,252344240.0
2011-03-28,73.26,73.26,69.52,70.18,5234340.0,168536672.0
2011-03-29,68.31,73.94,66.66,71.06,6542483.0,209502480.0
2011-03-30,69.87,70.33,64.46,64.79,5875061.0,179653184.0
2011-03-31,65.08,66.84,62.48,63.36,3318419.0,97281584.0
2011-04-01,63.34,64.42,62.06,63.91,2491735.0,71440632.0
2011-04-06,63.03,65.49,62.33,63.32,2512949.0,72755080.0
2011-04-07,63.32,66.62,62.85,65.63,3271128.0,97212296.0
2011-04-08,65.3,66.62,63.82,65.49,2873896.0,85339288.0
2011-04-11,65.45,66.0,62.24,62.28,3934009.0,113169776.0
2011-04-12,61.67,62.0,59.4,59.91,3468066.0,95000744.0
2011-04-13,59.49,62.41,59.49,60.94,3171120.0,88241808.0
2011-04-14,60.72,61.53,59.84,60.06,2329870.0,64208624.0
2011-04-15,59.18,59.36,57.09,57.95,3765426.0,99116152.0
2011-04-18,57.09,58.48,56.45,57.86,2057219.0,53647420.0
2011-04-19,57.24,59.95,57.0,59.33,3636065.0,97369928.0
2011-04-20,59.38,59.84,57.64,58.41,2413031.0,63993252.0
2011-04-21,58.74,58.74,56.94,57.13,2438543.0,63738744.0
2011-04-22,56.8,57.38,55.66,55.86,1797116.0,45886360.0
2011-04-25,55.66,55.66,53.09,53.17,2034539.0,49662540.0
2011-04-26,52.91,54.23,52.58,54.19,1412769.0,34481424.0
2011-04-27,54.1,54.49,51.7,51.92,1234398.0,29676574.0
2011-04-28,51.72,52.54,48.42,48.73,2121454.0,48010088.0
2011-04-29,49.5,50.36,48.84,49.94,1459820.0,32979262.0
2011-05-03,49.92,49.92,47.32,49.39,1731674.0,38285000.0
2011-05-04,48.8,51.15,47.96,49.32,1832568.0,41631300.0
2011-05-05,48.69,50.49,48.69,49.85,1300118.0,29481574.0
2011-05-06,49.28,49.28,47.74,48.75,1229867.0,27178980.0
2011-05-09,49.17,53.64,48.71,53.44,5110628.0,122840896.0
2011-05-10,52.14,53.86,51.77,53.31,2760030.0,66092048.0
2011-05-11,53.02,53.17,52.27,52.47,1262032.0,30195720.0
2011-05-12,51.68,52.36,49.83,49.83,1962715.0,45481548.0
2011-05-13,50.05,51.04,48.42,49.94,1332776.0,29877248.0
2011-05-16,49.9,51.02,48.95,50.18,970017.0,22205844.0
2011-05-17,50.2,50.29,48.8,49.39,892291.0,20060086.0
2011-05-18,49.02,50.56,49.02,49.43,835355.0,18929110.0
2011-05-19,49.5,49.94,48.0,48.18,1395707.0,30898570.0
2011-05-20,48.03,48.84,47.34,48.2,1004981.0,22043334.0
2011-05-23,48.2,48.55,44.95,44.95,1367409.0,28939154.0
2011-05-24,44.4,49.06,42.9,47.56,2693996.0,56934452.0
2011-05-25,47.08,47.08,45.32,45.32,1661192.0,34793396.0
2011-05-26,45.32,46.6,44.04,44.13,871244.0,18108098.0
2011-05-27,44.26,46.16,43.56,44.88,1201852.0,24521140.0
2011-05-30,44.33,48.95,44.33,47.56,3454367.0,74425784.0
2011-05-31,46.88,48.4,46.2,47.83,2508794.0,53739580.0
2011-06-01,47.3,49.5,47.3,48.73,2411264.0,53154752.0
2011-06-02,47.87,47.87,46.22,46.9,1896202.0,40540916.0
2011-06-03,47.08,49.17,47.01,48.14,1786521.0,39346996.0
2011-06-07,47.92,48.4,47.19,48.27,1283464.0,27828142.0
2011-06-08,48.11,48.95,47.98,48.29,1289392.0,28361280.0
2011-06-09,48.18,48.18,46.42,46.42,1324686.0,28502918.0
2011-06-10,46.24,46.86,44.68,45.76,1138639.0,23502272.0
2011-06-13,44.97,46.95,44.88,45.98,979442.0,20535124.0
2011-06-14,45.56,47.26,45.56,46.97,1028198.0,21756384.0
2011-06-15,46.64,47.3,46.0,47.23,1251894.0,26624376.0
2011-06-16,47.08,47.94,46.64,47.28,1264919.0,27202184.0
2011-06-17,46.77,49.04,46.68,48.62,2179035.0,47907480.0
2011-06-20,48.27,48.84,46.2,47.26,1416048.0,30495218.0
2011-06-21,47.26,47.5,45.45,47.48,1279603.0,27083362.0
2011-06-22,47.48,49.02,46.64,48.07,1290626.0,28138862.0
2011-06-23,48.0,49.7,47.32,49.19,1965380.0,43795696.0
2011-06-24,49.06,50.27,48.44,49.59,2091229.0,47069796.0
2011-06-27,49.46,51.04,49.46,50.36,1928180.0,43945268.0
2011-06-28,49.96,50.34,48.66,49.61,1539259.0,34517072.0
2011-06-29,49.61,50.38,48.18,48.18,1249839.0,27946304.0
2011-06-30,48.4,49.06,48.14,48.25,1817352.0,40094088.0
2011-07-01,50.6,53.06,48.44,51.92,6038855.0,142857792.0
2011-07-04,51.04,53.0,51.04,52.87,3642549.0,86712784.0
2011-07-05,52.8,53.64,52.14,52.54,2687655.0,64389616.0
2011-07-06,52.36,54.78,52.03,54.16,4099674.0,99562472.0
2011-07-07,54.98,55.88,53.46,53.64,4084927.0,100914896.0
2011-07-08,53.64,53.83,51.99,52.36,2455597.0,58671116.0
2011-07-11,52.38,53.83,51.88,53.57,1640363.0,39721040.0
2011-07-12,53.15,53.28,52.05,52.18,1622589.0,38770620.0
2011-07-13,51.94,54.74,51.94,54.14,2813626.0,68732888.0
2011-07-14,54.74,55.42,53.35,54.78,3422735.0,84437752.0
2011-07-15,54.56,56.1,53.35,55.84,4688322.0,116629512.0
2011-07-18,56.06,57.64,54.8,54.89,3855490.0,98319008.0
2011-07-19,54.34,54.52,53.28,53.57,1978685.0,48320092.0
2011-07-20,53.68,54.27,53.24,54.01,1218662.0,29782592.0
2011-07-21,53.72,53.79,52.36,52.58,1442592.0,34683504.0
2011-07-22,53.02,53.2,52.49,52.73,777045.0,18645280.0
2011-07-25,52.73,52.73,48.0,49.06,1930603.0,44124328.0
2011-07-26,48.51,49.5,48.51,49.08,787293.0,17504178.0
2011-07-27,48.84,49.98,48.07,49.83,1376133.0,30827578.0
2011-07-28,49.57,49.57,48.11,48.71,1862431.0,41106848.0
2011-07-29,48.71,48.97,47.74,47.81,1119064.0,24555042.0
2011-08-01,48.03,50.14,47.74,49.52,1723442.0,38594596.0
2011-08-02,49.17,49.3,47.76,48.97,1391704.0,30600566.0
2011-08-04,51.0,53.88,51.0,52.34,5387842.0,129777832.0
2011-08-05,49.72,50.86,48.14,50.14,3764005.0,85031208.0
2011-08-08,49.06,49.28,45.21,46.46,2355219.0,50638988.0
2011-08-09,44.07,45.96,42.48,45.41,1958049.0,39634292.0
2011-08-10,46.24,46.97,46.22,46.35,1606707.0,33972332.0
2011-08-11,44.88,47.61,44.77,47.43,1697898.0,35836424.0
2011-08-12,48.18,48.93,47.67,48.0,1843827.0,40510356.0
2011-08-15,47.92,49.28,47.76,48.86,1625505.0,35980476.0
2011-08-16,48.95,49.19,48.0,48.07,1196517.0,26359502.0
2011-08-17,47.63,49.06,47.63,48.29,987167.0,21680614.0
2011-08-18,48.44,49.08,47.52,47.54,1344314.0,29597870.0
2011-08-19,45.21,46.66,45.17,46.38,1205521.0,25239976.0
2011-08-22,46.0,47.06,45.54,45.76,813664.0,17158576.0
2011-08-23,46.18,47.01,45.61,46.99,1197227.0,25232472.0
2011-08-24,47.1,51.7,46.99,51.7,4983220.0,116325536.0
2011-08-25,52.8,53.75,50.78,52.47,8124276.0,194214672.0
2011-08-26,52.47,55.86,52.1,53.46,5592444.0,137006048.0
2011-08-29,52.58,53.99,51.66,52.62,3207495.0,76914432.0
2011-08-30,52.65,53.35,50.49,50.82,2924434.0,68748800.0
2011-08-31,50.82,51.26,49.43,50.18,1772388.0,40348704.0
2011-09-01,50.4,53.48,50.4,52.14,4339610.0,103317328.0
2011-09-02,51.22,52.03,49.72,50.34,2363103.0,54218572.0
2011-09-05,49.48,49.48,47.41,47.45,1753956.0,38433928.0
2011-09-06,46.31,46.86,45.65,46.55,1650488.0,34673192.0
2011-09-07,47.28,48.27,46.51,47.87,1717430.0,36951836.0
2011-09-08,48.25,49.04,47.08,47.15,1349695.0,29426792.0
2011-09-09,47.3,47.85,45.8,46.49,870621.0,18550508.0
2011-09-13,45.5,46.07,45.39,45.98,689349.0,14345964.0
2011-09-14,46.18,47.52,45.94,47.5,1255344.0,26733406.0
2011-09-15,47.5,48.36,47.3,47.34,1051291.0,22821306.0
2011-09-16,47.67,47.92,46.93,47.04,778338.0,16781586.0
2011-09-19,46.44,46.95,45.52,46.22,1028983.0,21441730.0
2011-09-20,46.33,49.06,46.31,48.51,2028054.0,44373348.0
2011-09-21,47.85,49.59,47.59,49.35,2128129.0,47272056.0
2011-09-22,48.51,49.3,47.89,48.4,1679829.0,37008728.0
2011-09-23,47.28,48.38,46.64,48.0,843239.0,18281114.0
2011-09-26,48.0,49.19,47.3,47.89,820164.0,17962002.0
2011-09-27,48.38,48.82,46.55,46.68,992503.0,21399174.0
2011-09-28,47.3,47.52,45.21,45.34,1097808.0,22993104.0
2011-09-29,45.21,45.21,43.63,43.74,914831.0,18414156.0
2011-09-30,43.78,44.53,43.12,44.37,594766.0,11864996.0
2011-10-10,44.86,45.06,43.56,43.96,523302.0,10481720.0
2011-10-11,45.03,45.1,43.34,43.87,641103.0,12928605.0
2011-10-12,43.58,45.47,43.16,45.28,1162946.0,23620462.0
2011-10-13,45.25,46.27,44.88,45.89,1087033.0,22588372.0
2011-10-14,45.76,45.96,45.12,45.43,696991.0,14404737.0
2011-10-17,45.34,46.05,45.01,45.03,760891.0,15722703.0
2011-10-18,44.99,44.99,43.34,43.34,913957.0,18391208.0
2011-10-19,43.78,43.96,42.64,43.34,954315.0,18756760.0
2011-10-20,43.36,43.93,41.1,41.32,893925.0,17092516.0
2011-10-21,41.12,41.69,39.86,40.0,748660.0,13828255.0
2011-10-24,40.66,40.96,39.78,40.7,577758.0,10605541.0
2011-10-25,40.92,41.76,40.08,41.73,1138541.0,21372994.0
2011-10-26,41.58,42.86,41.14,42.35,1323790.0,25373100.0
2011-10-27,42.28,43.19,41.76,41.78,989271.0,19056726.0
2011-10-28,42.55,42.88,41.8,42.81,1269489.0,24402480.0
2011-10-31,42.79,44.77,42.26,44.75,1780843.0,35225572.0
2011-11-01,43.78,45.41,43.56,44.04,1717066.0,34516036.0
2011-11-02,43.12,44.75,42.22,44.66,1842505.0,36340896.0
2011-11-03,44.62,46.38,44.44,44.57,2044394.0,42119484.0
2011-11-04,44.7,45.89,44.35,45.21,1857208.0,38159288.0
2011-11-07,45.17,45.32,44.31,44.95,908306.0,18548004.0
2011-11-08,44.99,46.42,44.48,44.97,1381734.0,28480654.0
2011-11-09,45.87,45.87,44.24,45.54,1094394.0,22385854.0
2011-11-10,44.99,47.92,44.73,46.13,2789465.0,59056216.0
2011-11-11,46.09,46.44,45.06,45.1,1748197.0,36301624.0
2011-11-14,45.76,47.01,45.39,46.6,1893964.0,39985580.0
2011-11-15,46.64,47.19,46.02,46.49,1369522.0,28917078.0
2011-11-16,46.53,46.6,44.13,44.22,1364988.0,27981260.0
2011-11-17,44.18,45.17,44.07,44.44,875691.0,17756752.0
2011-11-18,44.37,44.37,42.22,42.22,994962.0,19504284.0
2011-11-21,42.22,42.24,41.36,42.2,520059.0,9888807.0
2011-11-22,41.89,42.88,41.14,42.83,502458.0,9638301.0
2011-11-23,42.24,43.12,42.24,42.5,381353.0,7396750.0
2011-11-24,41.98,42.79,41.25,42.37,418090.0,7999972.0
2011-11-25,43.08,43.08,41.56,42.09,552816.0,10644242.0
2011-11-28,42.46,45.85,41.49,44.59,2763603.0,56269332.0
2011-11-29,45.36,46.97,44.66,44.95,2730177.0,56745724.0
2011-11-30,44.44,44.55,40.81,41.67,2089666.0,40618820.0
2011-12-01,42.86,43.52,42.2,42.44,1494349.0,29086732.0
2011-12-02,42.44,42.44,40.28,40.57,786161.0,14694105.0
2011-12-05,40.57,41.01,38.02,38.28,1355053.0,23982260.0
2011-12-06,38.5,38.5,37.36,37.93,891503.0,15324119.0
2011-12-07,37.93,37.99,37.18,37.49,1255692.0,21429346.0
2011-12-08,37.03,37.99,35.51,37.36,1892994.0,31610204.0
2011-12-09,36.48,38.19,36.32,37.53,1319216.0,22479368.0
2011-12-12,37.4,37.62,36.54,36.96,534592.0,9045966.0
2011-12-13,36.54,36.87,34.43,34.54,843927.0,13605514.0
2011-12-14,34.54,35.82,34.36,34.61,727774.0,11594373.0
2011-12-15,34.32,34.36,32.03,32.34,1547240.0,23029558.0
2011-12-16,32.27,34.61,31.97,34.3,1023305.0,15305853.0
2011-12-19,33.77,33.97,32.34,33.68,1625171.0,24300518.0
2011-12-20,33.22,34.08,32.67,32.8,1105290.0,16764894.0
2011-12-21,33.15,33.29,31.64,31.64,800352.0,11810912.0
2011-12-22,31.2,31.44,29.72,30.54,865712.0,12002789.0
2011-12-23,30.54,31.57,29.5,31.42,742067.0,10454757.0
2011-12-26,30.91,32.67,30.58,32.23,1955012.0,27907630.0
2011-12-27,31.42,31.42,29.94,29.94,1908883.0,26584026.0
2011-12-28,29.74,29.74,28.25,28.95,1278992.0,16803668.0
2011-12-29,28.95,29.7,28.34,28.4,1978187.0,25978892.0
2012-01-04,29.11,29.26,27.63,27.63,1294495.0,16898966.0
2012-01-05,26.75,27.19,25.85,25.92,1630584.0,19600750.0
2012-01-06,25.87,26.4,24.84,25.92,1404747.0,16282642.0
2012-01-09,25.89,27.02,25.5,26.97,2001393.0,24169886.0
2012-01-10,27.15,29.68,26.86,29.68,5421559.0,71429520.0
2012-01-11,29.08,30.76,29.06,30.27,5025623.0,68701152.0
2012-01-12,29.92,30.25,29.26,30.03,2517729.0,34109860.0
2012-01-13,29.85,30.01,27.83,27.98,2796335.0,36475280.0
2012-01-16,27.13,27.61,25.78,25.78,2575743.0,31456466.0
2012-01-17,25.59,27.94,25.37,27.94,2455299.0,29905410.0
2012-01-18,27.94,28.8,25.94,26.36,2578971.0,32072426.0
2012-01-19,26.18,27.65,25.98,27.52,1798775.0,22085794.0
2012-01-20,27.92,28.49,27.3,27.87,2252732.0,28566016.0
2012-01-30,28.25,30.67,27.83,29.68,4689339.0,62905216.0
2012-01-31,29.15,30.07,28.49,29.94,2991869.0,39768676.0
2012-02-01,29.7,31.24,29.37,30.21,3581319.0,49540824.0
2012-02-02,31.24,32.38,30.6,31.79,3945290.0,56564388.0
2012-02-03,31.28,32.08,31.04,31.9,2884463.0,41403916.0
2012-02-06,31.68,31.92,31.02,31.33,2055460.0,29201022.0
2012-02-07,31.22,31.22,30.25,30.58,1646906.0,22910326.0
2012-02-08,30.43,31.55,30.43,31.46,1804983.0,25530680.0
2012-02-09,31.33,32.19,31.33,31.46,2337785.0,33708096.0
2012-02-10,31.44,32.71,31.13,32.69,3371508.0,49016012.0
2012-02-13,32.34,33.11,31.92,32.85,2623282.0,38881996.0
2012-02-14,32.74,32.89,32.14,32.36,1631720.0,24028898.0
2012-02-15,32.21,32.87,32.01,32.82,1677732.0,24791182.0
2012-02-16,32.58,33.4,32.12,32.34,1660761.0,24708932.0
2012-02-17,32.45,32.65,31.35,31.72,1597014.0,23101520.0
2012-02-20,32.08,32.74,31.72,31.75,1495798.0,21867552.0
2012-02-21,31.81,32.6,31.37,32.6,1933583.0,28143394.0
2012-02-22,32.67,35.05,32.6,34.65,4651436.0,71543280.0
2012-02-23,34.32,34.98,33.66,34.32,3295899.0,51373928.0
2012-02-24,33.18,34.32,32.85,33.97,5720251.0,87168000.0
2012-02-27,33.84,34.23,33.35,33.4,4406070.0,67718704.0
2012-02-28,33.24,34.19,32.54,33.97,4033837.0,61174592.0
2012-02-29,33.44,33.44,32.56,32.67,2163278.0,32439890.0
2012-03-01,32.43,32.96,32.12,32.21,1958031.0,28932394.0
2012-03-02,32.3,32.87,32.3,32.82,1970456.0,29222428.0
2012-03-05,32.69,33.11,32.49,32.54,2241738.0,33338710.0
2012-03-06,32.56,32.56,30.8,31.04,2834734.0,40522144.0
2012-03-07,30.47,31.09,30.16,30.32,2471862.0,34449036.0
2012-03-08,30.51,30.93,30.49,30.73,1807896.0,25249374.0
2012-03-09,31.2,31.7,30.62,31.7,4575620.0,64855936.0
2012-03-12,31.7,32.43,31.2,32.34,8073979.0,116445520.0
2012-03-13,32.25,32.74,31.83,32.38,5215593.0,76421000.0
2012-03-14,32.43,32.63,30.12,30.34,6250351.0,90202448.0
2012-03-15,29.96,30.49,28.14,28.86,3869986.0,51241104.0
2012-03-16,28.95,29.35,28.62,29.33,2533115.0,33477402.0
2012-03-20,29.59,29.85,28.38,28.38,3025213.0,40029504.0
2012-03-21,28.69,28.93,28.09,28.56,1755970.0,22770434.0
2012-03-22,28.62,29.15,28.56,28.84,1519778.0,19941252.0
2012-03-23,28.84,28.91,27.87,27.98,1608755.0,20677136.0
2012-03-26,27.76,28.62,27.76,28.6,1203441.0,15458722.0
2012-03-27,28.93,28.93,28.34,28.45,1022742.0,13311946.0
2012-03-28,28.23,28.42,26.88,26.91,1802769.0,22531352.0
2012-03-29,26.53,26.97,26.0,26.55,1219250.0,14702799.0
2012-03-30,26.74,26.96,26.18,26.33,850476.0,10070561.0
2012-04-05,26.31,27.03,26.2,27.0,1197061.0,14316511.0
2012-04-06,27.18,27.25,26.8,27.25,1207525.0,14579007.0
2012-04-09,27.12,27.12,26.18,26.2,1222138.0,14553044.0
2012-04-10,26.38,26.74,25.73,26.58,1346316.0,15774965.0
2012-04-11,25.89,26.8,25.89,26.31,1046874.0,12396174.0
2012-04-12,26.4,27.18,26.4,27.09,1769750.0,21238684.0
2012-04-13,27.18,27.63,27.18,27.5,1714031.0,20995236.0
2012-04-16,27.45,27.45,26.87,27.36,998180.0,12152768.0
2012-04-17,27.09,27.57,26.85,26.85,1150666.0,13962993.0
2012-04-18,27.05,27.63,26.87,27.59,1549815.0,18966832.0
2012-04-19,27.59,28.71,27.39,28.3,2978691.0,37582620.0
2012-04-20,28.3,28.41,27.97,28.21,1918590.0,24142468.0
2012-04-23,27.97,27.97,25.39,25.39,4071001.0,47800356.0
2012-04-24,24.9,25.71,24.61,25.06,1987963.0,22161548.0
2012-04-25,25.01,25.17,24.5,24.88,1750460.0,19437282.0
2012-04-26,24.84,25.01,24.36,24.48,1690970.0,18574664.0
2012-04-27,24.52,26.92,24.52,26.92,3458949.0,40443180.0
2012-05-02,27.97,28.37,26.65,27.27,5207021.0,63373672.0
2012-05-03,26.87,27.25,26.76,26.96,2090711.0,25223606.0
2012-05-04,26.85,27.77,26.67,27.16,2638513.0,32081566.0
2012-05-07,26.85,26.96,26.16,26.85,2321987.0,27630860.0
2012-05-08,26.96,28.41,26.62,27.52,4449298.0,55014532.0
2012-05-09,27.16,27.3,26.62,26.83,2267882.0,27288062.0
2012-05-10,26.71,28.19,26.71,27.95,4436707.0,54849020.0
2012-05-11,27.68,27.97,27.48,27.7,2201691.0,27255820.0
2012-05-14,27.92,29.0,27.54,28.04,4451424.0,56464164.0
2012-05-15,27.52,29.53,27.21,29.4,5995443.0,76578784.0
2012-05-16,28.86,29.31,28.37,28.46,4003794.0,51512032.0
2012-05-17,28.5,29.0,27.92,28.66,2597513.0,33082132.0
2012-05-18,28.35,28.37,27.12,27.27,3061439.0,37907916.0
2012-05-21,27.23,27.34,25.75,26.04,2957073.0,34800168.0
2012-05-22,26.42,26.56,26.13,26.27,1370155.0,16113979.0
2012-05-23,26.22,26.38,25.57,25.89,1533998.0,17776282.0
2012-05-24,25.84,26.47,25.71,25.95,1360380.0,15848215.0
2012-05-25,25.95,26.31,25.26,25.35,1237837.0,14225995.0
2012-05-28,25.19,25.8,24.84,25.75,1266102.0,14354667.0
2012-05-29,25.55,26.45,25.55,26.27,1531107.0,17906664.0
2012-05-30,26.27,26.67,26.04,26.27,1318508.0,15557794.0
2012-05-31,26.16,26.67,25.95,26.33,1635647.0,19297402.0
2012-06-01,26.2,26.51,26.0,26.16,1098435.0,12866449.0
2012-06-04,26.13,26.13,24.88,24.88,1471523.0,16652345.0
2012-06-05,24.86,25.04,24.77,24.88,988357.0,10998218.0
2012-06-06,24.95,25.19,24.72,24.9,772227.0,8611202.0
2012-06-07,25.28,26.04,25.13,25.42,1936524.0,22124544.0
2012-06-08,25.15,25.84,25.06,25.15,1269105.0,14401746.0
2012-06-11,25.17,26.04,25.17,25.93,1568047.0,18028482.0
2012-06-12,25.68,26.02,25.57,25.64,978582.0,11249297.0
2012-06-13,25.86,26.22,25.53,26.2,1218134.0,14159675.0
2012-06-14,26.2,27.48,26.0,26.42,3390270.0,40511112.0
2012-06-15,26.45,26.54,25.75,26.09,1780351.0,20801548.0
2012-06-18,26.36,27.3,26.07,27.07,2479273.0,29610854.0
2012-06-19,27.07,28.57,26.62,27.27,4743217.0,58467028.0
2012-06-20,27.3,27.41,26.45,26.74,2333551.0,27926200.0
2012-06-21,26.51,26.69,25.51,25.57,1952260.0,22608850.0
2012-06-25,25.75,25.77,24.86,24.88,909037.0,10228163.0
2012-06-26,24.88,25.17,24.5,25.06,1110464.0,12355569.0
2012-06-27,25.06,25.46,24.86,24.88,887393.0,9985950.0
2012-06-28,24.97,25.3,24.79,24.9,786504.0,8780332.0
2012-06-29,24.54,24.9,23.72,24.75,1246823.0,13612628.0
2012-07-02,24.77,25.3,24.61,25.13,1047276.0,11706543.0
2012-07-03,24.34,24.36,22.62,22.62,6256269.0,64213832.0
2012-07-04,22.37,22.75,22.26,22.46,2043034.0,20584268.0
2012-07-05,22.35,22.49,21.82,21.82,1963182.0,19426766.0
2012-07-06,21.93,22.26,21.66,22.08,1295123.0,12694270.0
2012-07-09,21.99,21.99,20.9,20.96,1498672.0,14358641.0
2012-07-10,20.96,21.3,20.83,21.05,807049.0,7583968.0
2012-07-11,20.9,21.03,20.61,20.94,816973.0,7614829.0
2012-07-12,20.92,21.34,20.76,21.21,1089753.0,10269709.0
2012-07-13,21.08,21.3,20.76,20.81,892019.0,8384472.0
2012-07-16,20.7,20.72,18.86,18.86,1747707.0,15313456.0
2012-07-17,18.68,19.06,18.35,18.91,1108143.0,9262907.0
2012-07-18,18.86,19.33,18.79,19.22,1003203.0,8552586.0
2012-07-19,19.06,19.8,19.04,19.42,1397808.0,12224512.0
2012-07-20,19.35,19.73,19.33,19.33,849395.0,7395102.0
2012-07-23,19.2,21.25,18.75,21.25,3499900.0,32702960.0
2012-07-24,21.41,22.22,20.7,21.7,7036641.0,67747472.0
2012-07-25,21.3,21.93,20.88,21.46,4177215.0,39750072.0
2012-07-26,21.25,21.43,20.25,20.34,2578772.0,24020032.0
2012-07-27,20.5,21.03,20.23,20.34,1655718.0,15218834.0
2012-07-30,20.61,20.61,18.59,18.75,2333845.0,20221178.0
2012-07-31,18.88,18.97,18.03,18.3,1544536.0,12703515.0
2012-08-01,18.03,18.73,18.03,18.53,1073555.0,8873483.0
2012-08-02,18.46,18.84,18.28,18.73,1159107.0,9614352.0
2012-08-03,18.77,19.31,18.59,19.31,1538827.0,13084992.0
2012-08-06,19.09,19.78,18.84,19.69,1747577.0,15158779.0
2012-08-07,19.64,20.47,19.51,20.18,2213062.0,19821216.0
2012-08-08,19.98,20.11,19.64,19.87,1491019.0,13200120.0
2012-08-09,19.87,20.23,19.55,20.11,1443646.0,12861826.0
2012-08-10,20.02,20.16,19.8,19.87,1096826.0,9802802.0
2012-08-13,19.91,20.81,19.35,19.58,2486029.0,22636466.0
2012-08-14,19.18,19.53,18.57,19.31,1968850.0,16722590.0
2012-08-15,19.18,19.4,18.84,18.86,754576.0,6442691.0
2012-08-16,18.86,19.18,18.7,18.79,608879.0,5149100.0
2012-08-17,18.73,19.06,18.66,19.02,527477.0,4451801.0
2012-08-20,18.93,19.55,18.55,19.26,967700.0,8272310.0
2012-08-21,19.29,19.98,19.15,19.69,1700448.0,14894120.0
2012-08-22,19.78,20.29,19.49,19.53,2030725.0,18047584.0
2012-08-23,19.51,19.91,19.26,19.73,1460076.0,12795541.0
2012-08-24,19.76,19.87,19.15,19.26,1101745.0,9565159.0
2012-08-27,19.04,19.26,18.35,18.57,1278390.0,10754944.0
2012-08-28,18.37,19.26,18.37,18.91,1157939.0,9808013.0
2012-08-29,18.7,19.22,18.7,18.88,1204429.0,10221705.0
2012-08-30,18.82,19.15,18.08,18.3,1500050.0,12434995.0
2012-08-31,18.23,18.5,18.01,18.28,823348.0,6739721.0
2012-09-03,18.17,18.61,18.01,18.59,902073.0,7425273.0
2012-09-04,18.61,18.79,18.44,18.5,843320.0,7011229.0
2012-09-05,18.46,19.09,18.37,19.02,1354979.0,11392384.0
2012-09-06,19.04,19.4,18.77,19.09,1137608.0,9680368.0
2012-09-07,19.24,19.93,19.17,19.71,2363980.0,20754322.0
2012-09-10,19.8,20.07,19.58,19.76,1786927.0,15824613.0
2012-09-11,19.76,20.5,19.53,19.91,2369025.0,21266034.0
2012-09-12,19.85,20.79,19.78,20.54,2854461.0,25807322.0
2012-09-13,20.41,20.7,19.76,19.76,2690931.0,24378540.0
2012-09-14,19.8,20.02,19.46,19.67,1648685.0,14546486.0
2012-09-17,19.67,19.67,18.73,18.77,1752799.0,14938776.0
2012-09-18,18.79,18.84,18.44,18.61,1204289.0,10037870.0
2012-09-19,18.77,18.91,18.61,18.77,778633.0,6535803.0
2012-09-20,18.77,18.77,18.1,18.1,1004520.0,8267061.0
2012-09-21,18.08,18.41,18.01,18.1,754275.0,6138819.0
2012-09-24,17.94,18.66,17.9,18.48,1035799.0,8469793.0
2012-09-25,18.03,18.57,18.01,18.46,423050.0,3468742.0
2012-09-26,18.55,18.55,17.65,17.65,732987.0,5895795.0
2012-09-27,17.47,18.3,17.45,17.94,722739.0,5782374.0
2012-09-28,17.9,18.32,17.85,18.28,603546.0,4890319.0
2012-10-08,18.3,18.53,18.1,18.12,475437.0,3875390.0
2012-10-09,18.12,18.59,17.99,18.57,1669924.0,13729361.0
2012-10-10,18.44,19.02,18.37,19.02,1572813.0,13181372.0
2012-10-11,18.95,18.95,18.46,18.5,1002340.0,8364257.0
2012-10-12,18.75,18.97,18.32,18.53,827961.0,6878141.0
2012-10-15,18.53,18.53,17.43,17.77,1060024.0,8442925.0
2012-10-16,17.77,18.03,17.68,17.77,513671.0,4096995.0
2012-10-17,17.88,18.41,17.77,18.26,937229.0,7578051.0
2012-10-18,18.17,18.55,18.17,18.44,767289.0,6319331.0
2012-10-19,18.44,18.59,18.32,18.46,672084.0,5538486.0
2012-10-22,18.44,18.64,18.23,18.55,574055.0,4725180.0
2012-10-23,18.46,18.57,18.19,18.39,721845.0,5922473.0
2012-10-24,18.3,18.39,18.06,18.14,630403.0,5135024.0
2012-10-25,18.21,18.37,17.77,17.88,964053.0,7769619.0
2012-10-26,17.79,17.83,17.0,17.0,1393197.0,10747202.0
2012-10-29,16.85,17.16,16.85,17.16,704634.0,5365194.0
2012-10-30,17.05,17.41,17.05,17.18,548112.0,4217954.0
2012-10-31,17.09,17.41,17.03,17.16,417671.0,3201974.0
2012-11-01,17.18,17.56,17.12,17.54,623094.0,4851852.0
2012-11-02,17.63,17.72,17.38,17.5,377960.0,2959932.0
2012-11-05,17.52,17.74,17.52,17.59,584916.0,4605331.0
2012-11-07,17.18,17.41,17.14,17.25,816954.0,6296752.0
2012-11-08,17.12,17.18,16.47,16.53,931128.0,6976559.0
2012-11-09,16.53,16.58,16.24,16.33,466038.0,3417438.0
2012-11-12,16.33,16.49,16.18,16.36,650586.0,4746180.0
2012-12-31,17.99,17.99,17.99,17.99,2200990.0,17695960.0
2013-01-04,18.57,19.78,18.46,19.78,11172380.0,96752080.0
2013-01-07,19.51,21.59,19.24,21.03,12429170.0,111410216.0
2013-01-08,20.58,22.44,20.25,21.05,11137954.0,106055600.0
2013-01-09,20.92,21.73,20.61,21.05,7474558.0,70696248.0
2013-01-10,20.96,21.23,20.61,20.99,5407223.0,50617196.0
2013-01-11,20.99,21.12,20.58,20.92,4432975.0,41306708.0
2013-01-14,21.01,22.22,20.92,21.99,9488801.0,92098832.0
2013-01-15,21.93,22.28,21.43,21.86,6475664.0,63053972.0
2013-01-16,21.93,22.24,21.52,22.06,5414664.0,53105784.0
2013-01-17,22.04,23.16,21.61,21.82,5258029.0,52606424.0
2013-01-18,21.46,21.79,20.88,21.39,4192648.0,39823580.0
2013-01-21,21.17,21.79,20.92,21.73,3123081.0,29752864.0
2013-01-22,23.89,23.89,23.89,23.89,1809776.0,19328408.0
2013-01-23,26.29,26.29,26.29,26.29,1607068.0,18883048.0
2013-01-24,28.93,28.93,28.93,28.93,1830617.0,23669878.0
2013-01-25,30.2,31.82,29.53,31.82,25969294.0,358420768.0
2013-01-29,31.1,31.77,30.32,31.41,15720918.0,218063536.0
2013-01-30,31.26,31.46,29.87,30.09,11137821.0,151412784.0
2013-01-31,29.64,29.73,27.52,27.9,14572074.0,183800016.0
2013-02-01,27.97,28.28,27.32,27.52,7729891.0,95840080.0
2013-02-04,27.27,27.59,26.65,27.23,7345855.0,88999848.0
2013-02-05,26.98,27.3,26.45,27.16,5477482.0,65915064.0
2013-02-06,26.58,27.52,26.18,26.85,6897742.0,82548408.0
2013-02-07,26.78,27.52,26.4,26.85,6020372.0,72900848.0
2013-02-08,26.85,27.21,26.42,26.92,4405468.0,52851280.0
2013-02-18,26.96,27.59,26.85,27.3,5169786.0,62918400.0
2013-02-19,27.09,28.12,26.78,27.9,8039319.0,99242576.0
2013-02-20,27.32,27.52,26.62,26.96,8537449.0,102771880.0
2013-02-21,26.42,26.45,24.86,25.19,9253941.0,105378600.0
2013-02-22,25.73,26.36,25.28,25.48,8429429.0,97052832.0
2013-02-25,24.84,25.71,24.39,24.75,8409395.0,93732072.0
2013-02-26,24.68,27.23,24.52,25.84,20153732.0,237766816.0
2013-02-27,25.44,26.18,25.06,25.68,9795228.0,112186328.0
2013-02-28,25.68,26.18,25.13,26.0,8191072.0,94502688.0
2013-03-01,26.02,26.09,25.35,25.84,6986548.0,80233192.0
2013-03-04,25.42,25.68,23.72,24.03,6980821.0,77256744.0
2013-03-05,23.98,24.32,23.43,24.25,4949865.0,53000668.0
2013-03-06,24.1,24.7,23.94,24.45,4379042.0,47656392.0
2013-03-07,24.39,24.99,23.74,24.28,5374706.0,58822580.0
2013-03-08,24.12,24.95,23.96,24.45,4706940.0,51731316.0
2013-03-11,24.48,25.44,24.07,25.24,6295712.0,69891128.0
2013-03-12,25.06,25.24,23.18,23.83,5954124.0,64374164.0
2013-03-13,23.52,23.92,23.14,23.54,2809540.0,29465946.0
2013-03-14,23.78,25.89,23.65,24.97,10389911.0,116816904.0
2013-03-15,24.61,25.66,24.43,25.28,7931982.0,89003256.0
2013-03-18,25.13,25.35,23.94,24.34,4254075.0,46566008.0
2013-03-19,23.98,24.97,23.98,24.57,3092697.0,33880816.0
2013-03-20,24.61,25.71,24.61,25.6,6448734.0,72740312.0
2013-03-21,25.66,26.18,25.17,25.95,7586508.0,87329696.0
2013-03-22,25.91,25.93,25.37,25.66,3594812.0,41178096.0
2013-03-25,25.82,25.91,24.88,25.04,3993919.0,44912496.0
2013-03-26,25.06,25.06,23.89,24.16,4214429.0,45664420.0
2013-03-27,24.07,24.72,24.07,24.7,2989118.0,32549634.0
2013-03-28,24.36,24.39,22.51,22.96,3967342.0,41104784.0
2013-03-29,23.45,24.14,23.05,23.16,4631055.0,49115408.0
2013-04-01,23.02,23.89,22.78,23.34,2942000.0,30856780.0
2013-04-02,23.27,23.58,22.66,22.71,2747486.0,28352648.0
2013-04-03,22.78,23.49,22.4,23.49,3419768.0,35300912.0
2013-04-08,22.71,22.87,22.4,22.49,4602221.0,46531736.0
2013-04-09,23.49,24.75,23.47,24.75,4051248.0,44232408.0
2013-04-10,24.39,24.61,23.49,23.92,7823340.0,83896184.0
2013-04-11,23.72,23.94,22.82,23.38,4078557.0,42520924.0
2013-04-12,23.29,24.86,22.95,24.07,7157079.0,76949720.0
2013-04-15,23.89,25.04,23.63,24.07,5652137.0,61667648.0
2013-04-16,23.56,23.56,22.4,23.47,3221095.0,33330898.0
2013-04-17,23.18,24.34,23.18,24.34,3507343.0,37437444.0
2013-04-18,24.61,24.99,23.96,23.96,4631094.0,50540816.0
2013-04-19,23.54,24.36,23.4,24.21,3968756.0,42657268.0
2013-04-22,23.83,24.16,23.07,23.65,4223845.0,44268564.0
2013-04-23,23.43,23.63,22.93,23.34,2724771.0,28334656.0
2013-04-24,23.31,23.81,23.16,23.65,2884997.0,30384528.0
2013-04-25,23.87,24.36,22.4,23.16,4631992.0,49108212.0
2013-04-26,22.87,23.16,21.66,21.75,4321537.0,43068364.0
2013-05-03,23.81,23.89,23.09,23.36,6438008.0,67580960.0
2013-05-06,23.07,23.56,22.98,23.34,3613072.0,37539836.0
2013-05-07,23.34,23.67,22.93,23.27,2957783.0,30787286.0
2013-05-08,24.16,24.57,23.38,23.54,5079245.0,54145296.0
2013-05-09,23.38,23.54,22.91,23.16,3305652.0,34221904.0
2013-05-10,23.11,23.38,22.87,23.25,2850954.0,29505406.0
2013-05-13,23.27,23.45,22.87,22.98,1953662.0,20085030.0
2013-05-14,22.95,23.0,22.49,22.57,2034211.0,20583594.0
2013-05-15,22.46,23.2,22.46,23.13,1989344.0,20397986.0
2013-05-16,23.05,23.22,22.87,23.0,2025583.0,20856148.0
2013-05-17,23.05,24.01,22.95,23.76,4458941.0,47010256.0
2013-05-20,23.65,24.32,23.6,23.87,4076790.0,43616584.0
2013-05-21,24.01,25.73,23.87,25.53,9470028.0,106255936.0
2013-05-22,25.46,25.68,24.57,24.61,6264115.0,69908632.0
2013-05-23,25.13,27.05,25.13,25.98,11128583.0,129844968.0
2013-05-24,25.68,26.6,25.53,26.54,7086024.0,83167560.0
2013-05-27,26.16,26.94,25.93,26.04,4927114.0,57873572.0
2013-05-28,25.84,26.07,24.9,25.21,5030170.0,56779128.0
2013-05-29,25.33,25.73,25.13,25.53,3093801.0,35146252.0
2013-05-30,25.51,26.4,24.84,25.77,4501048.0,51424468.0
2013-05-31,25.71,25.77,25.17,25.19,2962310.0,33719936.0
2013-06-03,25.48,25.68,24.97,25.21,2208917.0,25048238.0
2013-06-04,24.95,25.44,24.16,24.39,2847714.0,31594252.0
2013-06-05,23.96,24.63,23.96,24.16,1830176.0,19835782.0
2013-06-06,24.12,24.36,23.0,23.09,3336960.0,35029164.0
2013-06-07,23.09,23.34,22.51,22.62,1911010.0,19507492.0
2013-06-13,22.37,22.37,20.92,20.92,2416017.0,23036136.0
2013-06-14,21.03,21.28,20.88,21.28,2880043.0,27160672.0
2013-06-17,21.34,21.34,20.72,21.05,1926487.0,18118856.0
2013-06-18,21.08,21.37,20.83,21.25,1367669.0,12907876.0
2013-06-19,21.14,21.14,20.2,20.88,2281046.0,20978408.0
2013-06-20,20.65,20.92,19.98,20.0,1626529.0,14915433.0
2013-06-21,19.8,19.84,18.82,19.62,1635467.0,14142089.0
2013-06-24,19.49,19.49,17.74,17.99,1806960.0,15092629.0
2013-06-25,17.9,18.61,16.27,18.08,2865462.0,22663430.0
2013-06-26,18.08,18.52,17.5,18.48,2244124.0,18191538.0
2013-06-27,18.46,19.02,17.97,17.97,2405570.0,19870712.0
2013-06-28,17.68,18.5,17.43,18.12,1732596.0,13931916.0
2013-07-01,18.01,18.61,17.7,18.46,1529424.0,12485184.0
2013-07-02,18.35,18.91,18.23,18.82,2435202.0,20254042.0
2013-07-03,18.68,18.82,18.26,18.75,1758233.0,14584683.0
2013-07-04,18.57,19.13,18.28,18.77,2290631.0,19172892.0
2013-07-05,18.64,19.82,18.59,19.17,4575790.0,39176212.0
2013-07-08,18.39,18.73,17.45,17.61,3548593.0,28347162.0
2013-07-09,17.61,17.79,17.27,17.54,1219632.0,9545219.0
2013-07-10,17.12,18.06,17.12,18.06,1915277.0,15205570.0
2013-07-11,17.99,18.88,17.9,18.55,2435784.0,20124892.0
2013-07-12,18.19,18.91,18.19,18.37,2195810.0,18215722.0
2013-07-15,18.03,18.91,17.94,18.7,2653236.0,22030132.0
2013-07-16,18.7,19.46,18.68,19.26,3229890.0,27560770.0
2013-07-17,19.15,19.35,18.64,18.84,2913357.0,24719106.0
2013-07-18,18.59,20.72,18.14,19.93,10912272.0,97872440.0
2013-07-19,19.6,19.62,18.82,18.91,6484063.0,55671812.0
2013-07-22,18.46,18.95,18.19,18.91,2966423.0,24578536.0
2013-07-23,19.02,19.31,18.75,19.06,2850221.0,24332304.0
2013-07-24,19.04,19.69,18.91,19.51,3617566.0,31340946.0
2013-07-25,19.55,19.87,18.66,18.91,3128480.0,26723064.0
2013-07-26,18.79,19.0,18.32,18.52,1993945.0,16608108.0
2013-07-29,18.41,18.44,17.63,17.74,2424152.0,19505798.0
2013-07-30,17.74,17.9,16.89,17.45,2046464.0,15884613.0
2013-07-31,17.45,17.79,17.2,17.47,1701396.0,13339783.0
2013-08-01,17.38,18.05,17.36,18.03,2083513.0,16603062.0
2013-08-02,18.12,19.71,18.01,18.86,5937191.0,50319556.0
2013-08-05,18.7,19.29,18.7,19.06,3082073.0,26178418.0
2013-08-06,18.97,19.64,18.86,19.24,3843110.0,33156060.0
2013-08-07,19.24,19.87,18.57,19.24,3640820.0,31189026.0
2013-08-08,19.2,20.05,19.04,19.64,5023040.0,44121772.0
2013-08-09,19.55,19.69,18.91,19.24,3353081.0,28827376.0
2013-08-12,19.24,19.51,19.04,19.46,2360528.0,20400510.0
2013-08-13,19.35,20.02,19.29,19.98,3345255.0,29508506.0
2013-08-14,19.8,20.43,19.64,19.76,4622727.0,41372152.0
2013-08-15,19.69,20.74,19.2,19.98,4817257.0,42992272.0
2013-08-16,19.87,20.02,18.75,18.86,3751560.0,32520874.0
2013-08-19,18.79,19.31,18.64,19.22,1795930.0,15302100.0
2013-08-20,19.22,19.35,19.06,19.13,2108070.0,18119634.0
2013-08-21,19.15,19.64,19.09,19.62,2333831.0,20258360.0
2013-08-22,19.6,19.73,19.35,19.4,2006547.0,17550342.0
2013-08-23,19.38,19.69,18.64,18.97,2807384.0,24034282.0
2013-08-26,19.11,19.51,18.79,19.51,2499293.0,21396044.0
2013-08-27,19.6,19.91,19.29,19.91,3384818.0,29705396.0
2013-08-28,19.69,20.32,19.49,19.6,3765027.0,33485048.0
2013-08-29,19.6,20.09,19.35,19.42,2517994.0,22089770.0
2013-08-30,19.51,19.51,18.19,18.32,3968567.0,33364724.0
2013-09-02,18.37,19.06,18.21,18.86,2235291.0,18635086.0
2013-09-03,18.86,20.14,18.68,19.91,5730256.0,50390580.0
2013-09-04,20.14,20.14,19.44,19.71,3449658.0,30319078.0
2013-09-05,19.67,20.63,19.53,20.0,4944449.0,44453380.0
2013-09-06,19.91,20.58,19.82,20.41,3892803.0,35078920.0
2013-09-09,20.27,20.61,20.0,20.45,3722160.0,33715532.0
2013-09-10,20.47,20.47,19.89,20.2,3535382.0,31816588.0
2013-09-11,20.0,21.08,19.51,20.76,6633161.0,60281572.0
2013-09-12,20.58,20.7,20.0,20.09,3570133.0,32419234.0
2013-09-13,20.09,20.52,19.96,20.34,2238051.0,20260444.0
2013-09-16,20.34,20.45,19.93,19.96,2425087.0,21828980.0
2013-09-17,19.93,20.0,19.22,19.33,2245677.0,19751824.0
2013-09-18,19.35,19.78,19.26,19.73,1604676.0,14017491.0
2013-09-23,19.73,20.14,19.64,20.14,1882878.0,16821722.0
2013-09-24,20.23,20.41,19.96,20.16,2324467.0,20988258.0
2013-09-25,20.14,20.74,19.89,20.36,2787651.0,25375220.0
2013-09-26,20.27,20.9,20.18,20.36,4392241.0,40283952.0
2013-09-27,20.27,20.85,20.2,20.81,3842166.0,35453228.0
2013-09-30,20.81,21.21,20.54,20.7,2795966.0,26007004.0
2013-10-08,20.54,20.92,20.36,20.67,2734844.0,25299310.0
2013-10-09,20.72,21.37,20.63,21.32,4664017.0,43908004.0
2013-10-10,21.14,22.11,21.03,21.93,5735782.0,55702704.0
2013-10-11,22.11,22.28,21.48,21.88,3940695.0,38429388.0
2013-10-14,21.81,22.35,21.64,22.06,3381463.0,33336892.0
2013-10-15,21.93,21.93,21.16,21.28,4182849.0,40039328.0
2013-10-16,21.3,21.7,20.43,20.61,3264393.0,30411656.0
2013-10-17,20.67,20.99,20.56,20.63,1915062.0,17761056.0
2013-10-18,20.58,20.96,20.52,20.63,1385904.0,12809411.0
2013-10-21,20.65,21.61,20.52,21.57,2664101.0,24973800.0
2013-10-22,21.46,21.81,21.08,21.39,2884220.0,27613568.0
2013-10-23,21.7,21.7,20.43,20.52,2142915.0,20106392.0
2013-10-24,20.41,20.81,20.41,20.49,1411652.0,13015633.0
2013-10-25,20.34,20.63,19.6,19.78,1642747.0,14761159.0
2013-10-28,19.73,19.82,19.04,19.4,1541218.0,13449849.0
2013-10-29,19.64,19.71,18.01,18.46,2660814.0,22238714.0
2013-10-30,18.46,19.15,18.35,19.02,1660567.0,13944406.0
2013-10-31,19.0,19.44,18.66,18.91,1223356.0,10421136.0
2013-11-01,18.91,19.46,18.55,19.15,1011031.0,8582347.0
2013-11-04,19.29,19.35,18.91,19.35,829993.0,7122616.0
2013-11-05,19.33,19.8,19.06,19.78,1519498.0,13225574.0
2013-11-06,19.69,19.87,19.29,19.29,1043241.0,9149924.0
2013-11-07,19.24,19.46,18.7,19.02,988586.0,8416429.0
2013-11-08,18.97,20.92,18.59,20.92,4593242.0,41345256.0
2013-11-11,21.25,21.28,20.58,20.92,4964054.0,46542736.0
2013-11-12,21.03,22.19,20.79,21.25,5652012.0,54565536.0
2013-11-13,20.83,21.37,20.58,20.61,3202997.0,29854886.0
2013-11-14,20.61,21.03,19.46,20.9,3001163.0,27206014.0
2013-11-15,20.7,22.55,20.67,21.93,5304105.0,51349156.0
2014-05-13,24.12,24.12,24.12,24.12,345718.0,3726840.0
2014-05-14,26.54,26.54,22.87,23.45,19257354.0,212840976.0
2014-05-15,23.0,23.38,21.37,21.68,11229097.0,111236312.0
2014-05-16,21.25,21.48,20.49,20.65,6315203.0,58927232.0
2014-05-19,20.54,20.67,20.07,20.38,3501796.0,31903832.0
2014-05-20,20.49,20.87,20.23,20.41,3664170.0,33583880.0
2014-05-21,20.16,20.7,19.46,20.38,4788585.0,42853564.0
2014-05-22,20.27,20.54,19.78,19.82,4252090.0,38280712.0
2014-05-23,19.69,20.14,19.51,20.05,3117376.0,27678000.0
2014-05-26,20.09,20.34,19.91,20.2,2798854.0,25168188.0
2014-05-27,20.18,20.29,19.91,19.93,2167716.0,19450336.0
2014-05-28,19.91,20.2,19.84,20.16,2158014.0,19343122.0
2014-05-29,20.14,20.14,19.58,19.6,2743693.0,24331850.0
2014-05-30,19.53,19.67,19.13,19.29,2539857.0,21986928.0
2014-06-03,19.31,19.53,19.24,19.35,1600963.0,13879893.0
2014-06-04,19.44,19.44,18.91,19.11,1576807.0,13469241.0
2014-06-05,19.13,19.58,18.95,19.49,2114933.0,18209670.0
2014-06-06,19.49,19.53,19.17,19.4,1607287.0,13903997.0
2014-06-09,19.4,19.51,19.26,19.38,1096048.0,9504094.0
2014-06-10,19.42,20.23,19.2,19.87,3498634.0,30988902.0
2014-06-11,19.82,20.54,19.82,20.07,3756552.0,33862632.0
2014-06-12,19.98,20.2,19.69,19.91,2327768.0,20694250.0
2014-06-13,20.2,20.7,20.16,20.34,3664606.0,33351216.0
2014-06-16,20.18,20.38,20.07,20.38,2791234.0,25289414.0
2014-06-17,20.32,20.32,19.93,20.0,1838750.0,16528483.0
2014-06-18,19.96,20.25,19.87,20.07,1901339.0,17026144.0
2014-06-19,19.93,20.14,19.09,19.2,1849764.0,16267440.0
2014-06-20,19.02,19.33,19.0,19.26,1283559.0,11001391.0
2014-06-23,19.26,19.91,19.15,19.82,1796394.0,15793457.0
2014-06-24,19.76,20.0,19.71,19.82,1188346.0,10534033.0
2014-06-25,19.8,20.45,19.73,20.36,3394629.0,30733486.0
2014-06-26,20.36,20.7,20.25,20.47,3551667.0,32535604.0
2014-06-27,20.45,20.74,20.36,20.56,2428583.0,22315046.0
2014-06-30,20.7,20.87,20.47,20.81,2677239.0,24704810.0
2014-07-01,20.83,21.5,20.81,21.01,4177249.0,39598580.0
2014-07-02,21.01,21.32,20.87,21.16,2694433.0,25412066.0
2014-07-03,21.21,21.55,20.99,21.48,3726955.0,35572500.0
2014-07-04,21.48,22.87,21.46,22.4,7850470.0,78435536.0
2014-07-07,22.46,24.59,22.11,23.98,9723434.0,101397432.0
2014-07-08,23.2,24.5,23.16,24.01,6342251.0,67477208.0
2014-07-09,23.54,24.54,23.11,23.38,5557334.0,58982120.0
2014-07-10,23.38,23.69,22.84,23.11,3249489.0,33709000.0
2014-07-11,23.05,23.54,22.82,23.2,2360275.0,24548290.0
2014-07-14,23.13,24.27,23.05,23.89,3068626.0,32340730.0
2014-07-15,23.69,23.89,23.16,23.38,2864316.0,29951290.0
2014-07-16,23.22,23.56,22.51,22.78,2580890.0,26365984.0
2014-07-17,22.91,23.43,22.8,23.2,2445920.0,25337124.0
2014-07-18,23.16,23.38,22.62,22.78,1490949.0,15308927.0
2014-07-21,22.62,22.62,21.9,22.51,3166366.0,31462726.0
2014-07-22,22.51,23.29,22.4,23.02,2246447.0,23035522.0
2014-07-23,23.02,23.4,22.15,22.17,2148124.0,21869054.0
2014-07-24,22.55,24.39,22.55,24.39,8519367.0,92116536.0
2014-07-25,25.28,26.38,23.78,24.61,12021007.0,132166656.0
2014-07-28,24.72,24.72,23.83,24.16,7877608.0,84811296.0
2014-07-29,24.61,24.61,24.01,24.14,5841618.0,63326496.0
2014-07-30,24.05,24.5,23.56,24.43,5075768.0,54589392.0
2014-07-31,24.43,24.43,23.94,24.03,3704559.0,39922864.0
2014-08-01,24.03,25.26,23.85,24.27,7930803.0,87642792.0
2014-08-04,24.39,24.86,23.96,24.68,4115899.0,45003916.0
2014-08-05,24.57,25.64,24.19,25.46,5793645.0,64511360.0
2014-08-06,25.28,25.46,24.97,25.28,3245833.0,36616756.0
2014-08-07,25.24,25.51,24.61,25.17,3618768.0,40514016.0
2014-08-08,25.08,26.07,25.04,25.51,6065917.0,69356920.0
2014-08-11,25.3,26.13,25.15,25.55,4753902.0,54154776.0
2014-08-12,25.48,25.73,25.08,25.51,2884312.0,32655626.0
2014-08-13,25.51,25.51,24.5,24.95,4144351.0,46094904.0
2014-08-14,24.92,25.15,24.41,24.57,2498309.0,27685348.0
2014-08-15,24.54,25.15,24.43,25.12,2955441.0,32769810.0
2014-08-18,25.26,25.86,25.17,25.86,3666146.0,41966472.0
2014-08-19,25.86,26.36,25.75,26.24,3238896.0,37734076.0
2014-08-20,26.0,26.29,25.62,25.73,4624344.0,53403576.0
2014-08-21,25.62,26.24,25.44,26.18,4294120.0,49579980.0
2014-09-01,26.62,27.52,25.64,26.62,7709982.0,90767384.0
2014-09-02,26.38,27.94,26.2,27.18,8553322.0,103476184.0
2014-09-03,27.21,27.81,26.89,27.52,5094486.0,62402652.0
2014-09-04,27.5,28.21,27.32,28.06,4764729.0,58780476.0
2014-09-05,27.99,29.04,27.65,28.62,5443566.0,68879888.0
2014-09-09,28.97,30.18,28.97,29.82,6145272.0,81111800.0
2014-09-10,29.53,30.18,29.11,29.44,3958743.0,52142516.0
2014-09-11,29.35,29.44,28.15,28.32,4737703.0,61016556.0
2014-09-12,28.46,29.26,28.19,29.13,3228995.0,41761212.0
2014-09-15,28.19,30.36,28.19,30.32,5209904.0,69483392.0
2014-09-16,30.11,30.29,28.41,28.57,3837931.0,50812220.0
2014-09-17,28.8,28.84,27.54,28.28,3215039.0,40588004.0
2014-09-18,28.64,29.24,28.3,28.64,2717447.0,34934456.0
2014-09-19,28.64,29.53,28.44,29.33,1984221.0,25835652.0
2014-09-22,29.2,29.42,28.59,28.73,1460657.0,18846650.0
2014-09-23,28.62,29.47,28.62,29.35,1806979.0,23616608.0
2014-09-24,29.2,30.16,29.15,29.98,2403199.0,32027948.0
2014-09-25,30.23,30.41,29.6,29.67,1813806.0,24304580.0
2014-09-26,29.53,30.09,28.91,29.85,1653969.0,21946588.0
2014-09-29,29.94,31.64,29.94,31.08,3224485.0,44578336.0
2014-09-30,30.83,31.66,30.76,31.12,2059213.0,28673264.0
2014-10-08,31.14,31.57,30.7,31.28,2436748.0,33938100.0
2014-10-09,31.28,32.26,31.08,31.99,3410616.0,48395440.0
2014-10-10,31.99,32.2,31.17,31.26,2408879.0,33987380.0
2014-10-13,31.21,32.35,30.14,32.11,4505398.0,62524628.0
2014-10-14,31.82,32.17,31.34,31.86,2095649.0,29743364.0
2014-10-15,31.7,31.7,30.92,31.48,1687696.0,23616426.0
2014-10-16,31.19,31.66,30.81,30.88,1823272.0,25439004.0
2014-10-17,30.63,30.99,29.04,29.62,2505629.0,33567968.0
2014-10-20,29.94,30.11,29.76,30.11,2249968.0,30133846.0
2014-10-21,30.16,30.2,29.26,29.35,1758090.0,23418828.0
2014-10-22,29.2,29.51,28.23,28.53,2821119.0,36377080.0
2014-10-23,29.09,31.39,29.09,29.6,16126217.0,221505248.0
2014-10-24,29.09,29.33,27.36,27.54,6601435.0,82777376.0
2014-10-27,27.05,27.81,26.89,27.45,2426417.0,29700666.0
2014-10-28,27.74,28.64,27.74,28.44,3586738.0,45348644.0
2014-10-29,28.55,29.2,28.55,28.97,2907265.0,37636384.0
2014-10-30,29.02,30.18,28.91,29.69,3304783.0,43796472.0
2014-10-31,29.78,30.09,28.86,29.11,2210602.0,28871092.0
2014-11-03,29.44,29.64,29.09,29.58,3107790.0,40729772.0
2014-11-04,29.47,29.69,29.26,29.33,1786453.0,23507268.0
2014-11-05,29.11,29.62,28.91,29.49,2105625.0,27546542.0
2014-11-06,29.44,29.67,28.93,29.6,1824134.0,23921120.0
2014-11-07,29.64,29.98,29.13,29.24,2005153.0,26587834.0
2014-11-10,29.49,29.49,28.46,28.82,1914910.0,24683128.0
2014-11-11,28.8,28.88,26.91,27.3,3205151.0,39895728.0
2014-11-12,27.03,27.74,27.03,27.74,1390657.0,17062654.0
2014-11-13,27.59,27.99,26.98,27.39,1797740.0,22067276.0
2014-11-14,27.16,27.27,26.4,26.8,2012161.0,24101378.0
2014-11-17,26.76,27.97,26.56,27.54,1573438.0,19236926.0
2014-11-18,27.54,27.81,27.21,27.72,1291220.0,15857394.0
2014-11-19,27.65,28.15,27.52,27.86,1305167.0,16234999.0
2014-11-20,27.7,27.94,27.3,27.54,1688070.0,20834180.0
2014-11-21,27.56,28.19,27.52,27.88,1504968.0,18788960.0
2014-11-24,28.15,28.48,27.88,28.03,1922919.0,24203984.0
2014-11-25,27.97,28.8,27.81,28.75,2422310.0,30851954.0
2014-11-26,28.75,28.86,28.37,28.55,1522511.0,19472776.0
2015-01-07,25.68,25.68,25.68,25.68,730700.0,8388436.0
2015-01-08,23.38,24.61,23.38,23.67,13975219.0,148241680.0
2015-01-09,23.16,23.72,23.02,23.25,7060589.0,73643328.0
2015-01-12,23.09,23.25,22.33,22.53,6059104.0,61289100.0
2015-01-13,22.53,23.18,22.53,23.18,5630541.0,57544092.0
2015-01-14,23.13,23.13,22.57,22.66,4010246.0,40714648.0
2015-01-15,22.66,22.89,22.64,22.78,2991345.0,30448752.0
2015-01-16,22.75,23.16,22.73,22.95,3859175.0,39584040.0
2015-01-19,22.44,23.34,22.37,23.0,5526497.0,56642976.0
2015-01-20,22.89,23.67,22.82,23.6,7138387.0,74178944.0
2015-01-21,23.45,24.39,23.34,24.21,8713106.0,92965400.0
2015-01-22,24.07,24.39,23.89,24.27,4918362.0,53100420.0
2015-01-23,24.27,24.54,23.94,24.27,5128956.0,55614440.0
2015-01-26,24.21,24.48,23.96,24.32,4613237.0,50058020.0
2015-01-27,24.32,24.52,24.03,24.41,4286789.0,46540136.0
2015-01-28,24.3,25.42,24.21,25.08,7070696.0,79098064.0
2015-01-29,24.88,25.19,24.66,24.88,3256541.0,36293984.0
2015-01-30,24.88,25.01,23.87,23.92,3994154.0,43414896.0
2015-02-02,22.82,23.87,22.82,23.6,3254958.0,34085168.0
2015-02-03,23.52,24.19,23.52,24.05,2136777.0,22837462.0
2015-02-04,24.07,24.3,23.94,24.07,2236903.0,24156290.0
2015-02-05,24.3,24.3,23.96,24.16,2495342.0,26908154.0
2015-02-06,24.12,24.25,23.27,23.43,2936119.0,31281364.0
2015-02-09,23.38,23.67,23.11,23.49,1812363.0,18988658.0
2015-02-10,23.43,24.1,23.38,24.05,1746094.0,18562168.0
2015-02-11,24.1,24.81,24.07,24.63,2622082.0,28723676.0
2015-02-12,24.57,25.15,24.45,25.01,2405969.0,26683392.0
2015-02-13,25.01,26.58,25.01,25.89,6494242.0,75061400.0
2015-02-16,25.89,26.4,25.84,26.24,2606090.0,30466526.0
2015-02-17,26.07,26.29,25.55,25.86,1786346.0,20644072.0
2015-02-25,25.84,26.67,25.51,26.54,2829317.0,33090808.0
2015-02-26,26.38,26.74,26.27,26.69,1767503.0,20950268.0
2015-02-27,26.69,27.03,26.45,26.78,1987921.0,23749332.0
2015-03-02,26.76,28.23,26.67,27.43,3372737.0,41593184.0
2015-03-03,27.21,27.68,26.78,27.5,2996666.0,36450136.0
2015-03-04,27.56,28.08,27.32,27.79,2382814.0,29606548.0
2015-03-05,27.83,30.02,27.83,29.11,7667363.0,99760112.0
2015-03-06,29.11,29.82,28.59,29.2,3246668.0,42288000.0
2015-03-09,29.2,30.38,28.57,29.91,4027241.0,53296932.0
2015-03-10,29.73,31.17,29.51,31.14,3945756.0,54225756.0
2015-03-11,31.12,31.68,30.56,31.17,2909703.0,40240852.0
2015-03-12,31.32,31.48,30.2,31.1,4381168.0,60389220.0
2015-03-13,30.94,31.1,30.25,30.94,2370348.0,32548704.0
2015-03-16,32.84,32.87,31.77,32.46,4635994.0,66865284.0
2015-03-17,32.6,33.2,31.93,32.28,5586962.0,80625744.0
2015-03-18,32.28,33.11,31.82,32.87,3630002.0,52429856.0
2015-03-19,32.66,33.52,32.4,33.34,3352890.0,49060912.0
2015-03-20,33.29,34.14,33.07,34.01,2835856.0,42812016.0
2015-03-23,34.03,35.66,33.58,35.33,3299697.0,51548604.0
2015-03-24,35.3,35.75,33.58,34.43,4305164.0,66427552.0
2015-03-25,34.41,34.88,33.85,34.21,3076042.0,47109688.0
2015-03-26,34.01,34.16,32.35,32.73,4077507.0,60191548.0
2015-03-27,32.58,36.0,32.44,35.75,6916381.0,104503968.0
2015-03-30,35.73,37.95,35.1,36.65,6682957.0,110521112.0
2015-03-31,36.94,37.79,35.48,36.13,3802095.0,61832568.0
2015-04-01,36.13,37.54,36.13,36.83,4625596.0,76221744.0
2015-04-02,36.49,40.52,36.49,40.52,6272574.0,109837192.0
2015-04-03,41.41,44.57,40.34,43.02,10697510.0,204608496.0
2015-08-24,38.73,38.73,38.73,38.73,296900.0,5139339.0
2015-08-25,34.86,34.86,34.86,34.86,104200.0,1623436.0
2015-08-26,31.37,32.78,31.37,31.37,21883666.0,308118528.0
2015-08-27,29.64,32.02,28.23,28.26,19254762.0,253442720.0
2015-08-28,28.97,31.08,28.39,31.08,13352097.0,178803728.0
2015-08-31,30.23,33.83,29.82,30.88,13909064.0,198239680.0
2015-09-01,30.9,31.32,27.94,28.08,7273194.0,94609880.0
2015-09-02,25.84,28.55,25.28,25.71,6586892.0,77958200.0
2015-09-07,26.31,28.28,26.31,28.28,9393002.0,116844232.0
2015-09-08,28.28,31.1,27.03,31.1,12495622.0,167111856.0
2015-09-09,32.89,33.31,31.34,31.93,9428993.0,135483584.0
2015-09-10,31.93,35.13,31.61,35.13,5564416.0,84164840.0
2015-09-11,36.16,37.59,35.13,36.31,8799951.0,142666816.0
2015-09-14,35.62,38.46,32.69,32.69,9698073.0,153301280.0
2015-09-15,30.67,32.66,29.42,30.83,10746720.0,147471888.0
2015-09-16,30.81,33.92,29.53,33.92,9146452.0,131195472.0
2015-09-17,33.34,35.46,31.79,31.79,8650121.0,131021592.0
2015-09-18,31.77,32.49,30.99,32.02,4624483.0,65734052.0
2015-09-21,31.34,35.22,31.32,35.22,4338325.0,65763424.0
2015-09-22,36.92,38.73,36.27,37.97,14504071.0,247270176.0
2015-09-23,36.47,40.94,36.24,38.48,11091758.0,192678272.0
2015-09-24,38.91,39.09,37.05,38.95,5825766.0,99251728.0
2015-09-25,38.77,40.9,36.49,37.81,6068880.0,105100792.0
2015-09-28,37.65,41.59,36.6,41.59,8237510.0,145940880.0
2015-09-29,41.62,43.81,39.71,40.3,10197067.0,190140080.0
2015-09-30,39.96,41.62,37.16,37.79,7353438.0,128799008.0
2015-10-08,38.93,41.57,38.15,41.57,6712582.0,121131976.0
2015-10-09,41.73,43.67,40.9,42.02,8259057.0,156166640.0
2015-10-12,42.04,44.21,41.44,42.06,10396315.0,198109936.0
2015-10-13,41.91,46.09,41.5,45.71,10061753.0,198505440.0
2015-10-14,45.15,45.33,43.56,44.86,6656203.0,132476144.0
2015-10-15,44.63,49.36,44.41,49.29,8454189.0,179041680.0
2015-10-16,48.62,49.62,47.03,48.55,9939075.0,213670496.0
2015-10-19,48.77,48.84,44.93,46.98,8587512.0,178883632.0
2015-10-20,46.78,46.8,44.97,46.0,8075745.0,165320432.0
2015-10-21,46.31,47.48,41.39,41.39,12131165.0,239368112.0
2015-10-22,40.94,43.43,40.18,43.07,10106086.0,188606912.0
2015-10-23,42.96,44.14,42.04,43.52,7978451.0,153717232.0
2015-10-26,43.18,47.14,42.76,45.53,9580333.0,193505712.0
2015-10-27,44.19,44.5,41.93,44.08,7665107.0,147844064.0
2015-10-28,44.05,44.75,41.28,41.48,6262031.0,120188792.0
2015-10-29,42.91,42.91,41.3,41.5,4543418.0,85529400.0
2015-10-30,41.59,44.23,40.97,42.96,5580936.0,106539840.0
2015-11-02,41.28,44.05,40.38,43.74,6236392.0,118936120.0
2015-11-03,43.45,46.63,43.18,45.22,7704965.0,156014944.0
2015-11-04,45.24,48.15,44.79,47.52,7880074.0,162864544.0
2015-11-05,46.96,47.7,45.87,46.65,6594139.0,137572896.0
2015-11-06,46.54,50.34,46.42,48.91,5822395.0,127506760.0
2015-11-09,48.91,50.97,47.48,49.71,6176027.0,136824160.0
2015-11-10,49.71,50.74,47.66,47.92,7230367.0,158541312.0
2015-11-11,47.66,49.65,47.27,48.51,4017599.0,86908584.0
2015-11-12,48.51,53.36,48.24,53.36,8234025.0,188699760.0
2015-11-13,53.25,53.25,50.07,50.61,5696289.0,131033640.0
2015-11-16,49.22,55.26,48.46,54.37,5737831.0,131148576.0
2015-11-17,54.19,58.17,53.92,53.92,7322125.0,182889568.0
2015-11-18,54.3,56.6,53.2,54.48,4201093.0,103279872.0
2015-11-30,57.05,58.84,49.04,55.46,8981614.0,214055760.0
2015-12-01,54.81,61.01,54.73,61.01,11287977.0,303890848.0
2015-12-02,61.75,61.97,54.9,55.4,8667942.0,221812128.0
2015-12-03,54.84,58.01,52.24,55.96,6934740.0,168937280.0
2015-12-04,55.78,60.14,54.81,57.54,5875241.0,152110112.0
2015-12-07,57.61,61.19,55.93,60.23,5339450.0,142029312.0
2015-12-08,59.07,60.18,57.19,57.61,3889755.0,101442752.0
2015-12-09,57.72,57.84,54.14,55.15,5010670.0,125096744.0
2015-12-10,54.73,59.51,54.5,57.34,4857118.0,124903680.0
2015-12-11,57.5,58.84,55.49,57.01,3275194.0,83422920.0
2015-12-14,55.28,56.81,53.76,55.62,3888088.0,96456224.0
2015-12-15,55.64,56.56,53.27,55.93,5348194.0,129927656.0
2015-12-16,55.71,58.06,54.61,56.81,4116063.0,103269304.0
2015-12-17,56.85,62.49,56.85,62.49,6665045.0,180141872.0
2015-12-18,65.33,65.33,61.26,61.55,4838660.0,136194112.0
2015-12-21,60.99,67.52,59.33,66.45,6239852.0,180504592.0
2015-12-22,65.8,67.46,64.5,66.63,3533116.0,103668488.0
2015-12-23,67.08,71.66,65.11,65.55,4954297.0,152268048.0
2015-12-24,66.0,67.34,61.97,66.67,3857885.0,111680392.0
2015-12-25,66.25,67.99,64.88,66.4,1702303.0,50724240.0
2015-12-28,67.01,70.66,65.22,67.64,4065981.0,123510288.0
2015-12-29,68.46,68.46,65.06,66.83,2466141.0,73464224.0
2015-12-30,68.1,70.32,66.45,67.46,2121114.0,64579648.0
2015-12-31,68.02,69.22,65.84,66.14,3010414.0,90592144.0
2016-01-04,65.71,65.71,59.51,59.51,3037328.0,83932696.0
2016-01-05,55.82,61.5,53.58,56.69,4866744.0,124653888.0
2016-01-06,57.61,58.95,53.94,57.28,4713048.0,117693096.0
2016-01-07,55.96,56.42,51.55,51.55,677200.0,16351003.0
2016-01-08,52.67,53.58,47.66,50.07,4714366.0,106488280.0
2016-01-11,47.86,49.22,45.06,45.06,4520648.0,93923544.0
2016-01-12,43.25,46.98,42.62,46.22,5080604.0,101767336.0
2016-01-13,46.87,50.65,46.09,46.92,5047142.0,109778248.0
2016-01-14,45.53,51.62,45.46,51.59,4130143.0,91627168.0
2016-01-15,51.23,55.04,50.34,51.91,5284656.0,124696368.0
2016-01-18,49.22,54.81,49.2,52.42,3544183.0,83353480.0
2016-01-19,51.5,54.3,51.5,54.14,3232972.0,77060288.0
2016-01-20,54.12,54.77,50.85,51.97,2874113.0,68130312.0
2016-01-21,51.46,52.8,47.83,47.88,4610910.0,105334544.0
2016-01-22,48.37,49.89,45.37,49.78,3695478.0,79177760.0
2016-01-25,50.45,52.53,49.56,51.97,2614943.0,60128072.0
2016-01-26,51.23,52.33,48.1,48.15,2504302.0,56315936.0
2016-01-27,48.15,52.96,46.98,52.96,4518644.0,101679024.0
2016-01-28,51.46,53.81,50.27,50.27,3690628.0,87155592.0
2016-01-29,51.01,55.31,49.78,55.31,4172784.0,99840688.0
2016-02-01,55.37,56.94,53.7,55.22,3025112.0,74923928.0
2016-02-02,54.46,57.45,54.41,56.6,3792430.0,95786160.0
2016-02-03,55.04,56.49,53.45,54.73,2311584.0,56705524.0
2016-02-04,54.73,55.89,54.39,54.86,2005326.0,49362508.0
2016-02-05,55.08,55.6,52.31,52.31,1850033.0,44418956.0
2016-02-15,51.46,51.97,49.22,51.44,1334318.0,30076250.0
2016-02-16,52.31,53.99,51.39,53.56,2364497.0,56330072.0
2016-02-17,53.63,54.32,51.68,52.8,2442590.0,57386928.0
2016-02-18,52.44,58.08,52.24,58.08,6610341.0,164956656.0
2016-02-19,57.28,57.95,55.49,56.38,5233248.0,132218120.0
2016-02-22,56.07,56.78,54.3,55.93,5060173.0,125522672.0
2016-02-23,55.71,55.91,52.2,53.67,4149701.0,99842384.0
2016-02-24,53.0,54.34,52.58,54.01,2707230.0,64571064.0
2016-02-25,53.65,53.99,48.62,48.62,3062836.0,68809240.0
2016-02-26,48.55,48.71,43.76,44.7,4075026.0,83273768.0
2016-02-29,44.75,45.6,40.23,40.34,2221917.0,41580672.0
2016-03-01,40.29,41.61,36.62,41.05,2623783.0,46442344.0
2016-03-02,40.92,45.17,39.82,45.17,4100603.0,79113624.0
2016-03-03,44.7,45.87,43.76,43.85,3229733.0,65180704.0
2016-03-04,43.18,44.66,40.07,42.51,3082622.0,58555880.0
2016-03-07,42.76,44.14,42.13,43.09,1794572.0,34726776.0
2016-03-08,43.18,44.19,39.87,43.54,2589975.0,48317344.0
2016-03-09,42.96,43.18,41.5,41.86,1092693.0,20684170.0
2016-03-10,42.04,43.96,40.85,42.51,3093078.0,58877668.0
2016-03-11,42.53,43.63,40.72,41.88,2489320.0,46438180.0
2016-03-14,41.99,43.94,41.84,42.93,4051297.0,77971008.0
2016-03-15,42.49,44.16,41.61,42.62,2744132.0,52838280.0
2016-03-16,44.08,44.72,41.28,41.37,3232800.0,61576528.0
2016-03-17,42.06,43.34,41.21,42.8,3395057.0,64236508.0
2016-03-18,42.96,46.45,42.93,45.42,5114795.0,102902960.0
2016-03-21,46.31,49.67,45.46,48.06,5087580.0,109246896.0
2016-03-22,47.9,47.9,46.56,46.85,2880139.0,60629520.0
2016-03-23,46.6,47.81,45.87,47.3,2333419.0,48842704.0
2016-03-24,47.32,49.89,47.01,47.45,3909234.0,84983040.0
2016-03-25,46.98,49.22,46.6,48.77,2310238.0,49703372.0
2016-03-28,48.89,49.67,46.31,46.76,2916005.0,63096836.0
2016-03-29,47.54,47.61,44.99,46.07,2192236.0,45313404.0
2016-03-30,46.96,47.54,45.93,47.43,3553123.0,74138032.0
2016-03-31,48.08,48.08,46.25,46.56,2946606.0,61840496.0
2016-04-01,46.31,47.21,44.52,45.44,2475439.0,50030228.0
2016-04-05,45.24,48.66,45.24,48.28,3473457.0,73535528.0
2016-04-06,48.1,48.35,47.21,48.33,2063782.0,44147844.0
2016-04-07,48.33,49.0,46.38,46.54,2289897.0,48611476.0
2016-04-08,46.98,47.86,46.42,46.98,2679054.0,56196404.0
2016-04-11,47.43,48.75,47.43,47.83,3585751.0,77145968.0
2016-04-12,48.03,48.3,46.58,47.21,2136104.0,45174584.0
2016-04-13,47.43,51.46,47.36,49.6,5799135.0,127804304.0
2016-04-14,50.05,51.75,48.77,49.67,3204144.0,70873360.0
2016-04-15,49.67,50.74,48.95,50.23,2984953.0,66614676.0
2016-04-18,50.05,51.86,48.44,50.36,4215409.0,95307912.0
2016-04-19,50.38,55.15,50.38,54.14,6085865.0,145733280.0
2016-04-20,54.84,55.53,49.67,51.91,6758929.0,159099760.0
2016-04-21,51.79,52.42,50.56,50.79,2767680.0,63645768.0
2016-04-22,50.41,52.04,49.67,51.46,2372628.0,54135896.0
2016-04-25,51.48,54.77,50.14,53.67,3868621.0,91241464.0
2016-04-26,53.9,56.72,53.47,55.04,4569401.0,113322592.0
2016-04-27,54.55,56.11,54.32,54.32,2282145.0,56063716.0
2016-04-28,55.42,56.11,54.1,55.93,2737370.0,67795056.0
2016-04-29,56.63,56.63,55.04,55.6,1994457.0,49801476.0
2016-05-03,55.31,57.05,55.08,56.54,2401526.0,60384340.0
2016-05-04,56.58,56.94,54.9,54.95,1991243.0,49651804.0
2016-05-05,54.5,55.62,54.26,54.79,1830247.0,44892816.0
2016-05-06,54.79,54.79,50.92,51.12,3552688.0,83839744.0
2016-05-09,50.61,50.61,48.35,49.45,4206992.0,92990424.0
2016-05-10,51.97,51.97,49.45,49.94,2576525.0,58024180.0
2016-05-11,49.89,50.41,44.97,45.87,5910491.0,122454816.0
2016-05-12,45.69,46.22,43.63,45.35,2439446.0,48955654.0
2016-05-13,44.97,46.76,44.86,46.63,1952842.0,40069843.0
2016-05-16,46.31,47.86,45.15,47.32,2071801.0,43550587.0
2016-05-17,47.83,47.83,46.09,46.72,1522507.0,31874053.0
2016-05-18,46.72,46.74,44.86,45.42,1724124.0,35190670.0
2016-05-19,45.62,46.6,44.97,45.87,1037567.0,21304503.0
2016-05-20,46.2,48.06,45.24,47.99,1674983.0,34892402.0
2016-05-23,48.42,52.47,48.33,52.47,4254512.0,95510514.0
2016-05-24,52.85,53.25,50.9,52.02,2526273.0,58551926.0
2016-05-25,52.13,52.69,50.67,51.23,1562094.0,36168319.0
2016-05-26,51.23,51.57,48.8,51.15,1198993.0,26883765.0
2016-05-27,51.68,55.87,51.68,54.12,2507312.0,60034468.0
2016-05-30,54.37,54.37,52.58,53.7,2360080.0,56418516.0
2016-05-31,53.65,55.4,53.36,55.1,2872050.0,70102531.0
2016-06-01,55.78,55.78,54.03,54.59,2660514.0,65018294.0
2016-06-02,54.57,54.57,52.94,53.7,3215159.0,76943300.0
2016-06-03,53.72,55.37,53.7,53.83,2450394.0,59270754.0
2016-06-06,54.61,57.27,53.83,55.64,4195204.0,104200705.0
2016-06-07,56.13,56.13,54.12,55.33,2342603.0,57308111.0
2016-06-08,54.86,55.24,52.82,53.58,2585835.0,62056406.0
2016-06-13,52.94,53.78,51.82,51.82,1822441.0,43046696.0
2016-06-14,51.82,52.06,50.2,50.77,1755807.0,39936405.0
2016-06-15,50.74,53.18,50.34,52.58,2459010.0,57475419.0
2016-06-16,53.16,53.16,51.73,51.91,1867021.0,43761646.0
2016-06-17,51.48,52.87,50.7,51.15,2743811.0,63483055.0
2016-06-20,52.58,53.7,51.01,53.67,3614888.0,84532626.0
2016-06-21,54.37,55.1,50.36,50.63,4473105.0,105279371.0
2016-06-22,50.56,51.66,48.8,51.26,4742345.0,105622464.0
2016-06-23,50.79,51.26,49.02,49.89,3871572.0,86848337.0
2016-06-24,49.85,50.12,47.61,48.66,4321954.0,94132415.0
2016-06-27,48.53,50.05,48.51,49.98,2916402.0,64300010.0
2016-06-28,49.56,51.12,49.24,50.18,2779691.0,62163885.0
2016-06-29,51.01,55.2,50.18,53.23,9922659.0,236656545.0
2016-06-30,52.58,52.94,51.7,52.24,4723863.0,110228628.0
2016-07-01,52.62,52.94,51.48,52.8,4255649.0,99297124.0
2016-07-04,52.35,54.55,52.31,54.08,4850880.0,116579166.0
2016-07-05,54.21,54.21,53.11,53.49,3559564.0,85311896.0
2016-07-06,54.03,54.03,52.69,52.94,2805780.0,66768646.0
2016-07-07,53.16,54.81,52.85,53.41,3509713.0,84075559.0
2016-07-08,54.59,54.59,53.14,53.31,3218022.0,77085648.0
2016-07-11,53.47,53.47,50.34,50.56,6259364.0,143848268.0
2016-07-12,49.91,50.23,48.1,50.03,6121408.0,134590813.0
2016-07-13,50.16,51.64,50.12,50.41,3779871.0,85951663.0
2016-07-14,50.67,50.67,49.09,50.38,2500644.0,55743124.0
2016-07-15,50.59,51.7,49.8,51.39,2512178.0,57207222.0
2016-07-18,51.46,51.91,50.74,51.26,2379579.0,54723226.0
2016-07-19,51.59,51.99,51.03,51.88,2052878.0,47302167.0
2016-07-20,52.17,52.35,51.68,52.17,2048961.0,47632436.0
2016-07-21,51.99,53.0,51.46,52.02,2368299.0,55347062.0
2016-07-22,52.49,52.49,50.36,50.52,2228392.0,50965238.0
2016-07-25,50.45,55.58,50.36,55.58,12217069.0,297660656.0
2016-07-26,55.26,56.16,54.9,55.49,6465433.0,160333213.0
2016-07-27,55.04,55.44,51.46,51.91,6237237.0,148486489.0
2016-07-28,51.75,57.1,51.7,57.1,11368146.0,284292303.0
2016-07-29,57.68,61.33,56.49,59.2,12764916.0,333544683.0
2016-08-01,58.17,58.62,55.17,57.5,8175042.0,207393786.0
2016-08-02,57.61,60.38,55.62,59.11,8378272.0,217731913.0
2016-08-03,58.39,60.3,57.39,57.95,6403698.0,168638434.0
2016-08-04,57.34,63.54,57.21,61.97,9325216.0,253128077.0
2016-08-05,61.5,62.96,60.85,62.2,8034395.0,223055743.0
2016-08-08,61.17,62.87,60.43,62.22,3990677.0,110065730.0
2016-08-09,61.77,64.44,61.75,62.31,5534465.0,155660432.0
2016-08-10,61.75,62.4,60.74,60.92,4024101.0,110519832.0
2016-08-11,61.19,61.75,58.44,59.18,4317370.0,115588022.0
2016-08-12,59.18,60.38,58.91,59.96,2705625.0,72329518.0
2016-08-15,59.98,63.52,58.75,61.88,6529910.0,178044449.0
2016-08-16,61.86,63.05,61.46,61.46,4884014.0,135753178.0
2016-08-17,60.85,61.46,60.23,61.1,2837452.0,77127989.0
2016-08-18,61.1,61.59,59.96,60.77,2392526.0,64844164.0
2016-08-19,59.65,65.31,59.65,64.48,6030525.0,170385425.0
2016-08-22,64.88,67.01,63.32,64.73,5451945.0,158733400.0
2016-08-23,64.37,66.56,63.94,66.0,3272780.0,95805244.0
2016-08-24,66.2,67.45,64.61,65.02,3510213.0,103029266.0
2016-08-25,64.88,67.17,63.09,67.03,4528355.0,133235237.0
2016-08-26,66.49,67.41,64.5,64.66,5418388.0,159555875.0
2016-08-29,63.99,65.2,63.43,63.67,2708059.0,77670998.0
2016-08-30,64.17,64.81,63.45,64.7,1517974.0,43515855.0
2016-08-31,64.46,66.61,63.76,66.18,1672126.0,48962696.0
2016-09-01,66.09,66.74,64.91,65.44,1352665.0,39678118.0
2016-09-02,66.0,66.63,65.02,65.02,1813865.0,53335476.0
2016-09-05,64.99,65.58,63.79,64.57,2197801.0,63615245.0
2016-09-06,64.86,65.55,63.32,65.28,1841521.0,52995874.0
2016-09-07,65.55,65.6,63.94,64.23,1544380.0,44603900.0
2016-09-08,64.17,64.37,62.22,62.65,1777901.0,50282960.0
2016-09-09,62.94,62.94,60.18,60.38,3128267.0,85626480.0
2016-09-12,59.06,61.66,58.84,61.03,2819256.0,76280688.0
2016-09-13,61.33,61.88,60.63,60.63,1119700.0,30654074.0
2016-09-14,60.14,61.17,59.96,60.81,663951.0,17975228.0
2016-09-19,61.48,62.49,60.68,61.53,840755.0,23138016.0
2016-09-20,61.88,62.53,61.41,61.59,646502.0,17825629.0
2016-09-21,61.8,63.23,61.8,62.49,1459181.0,40895762.0
2016-09-22,63.23,63.23,62.15,63.14,861302.0,24225001.0
2016-09-23,62.91,63.32,61.88,62.0,852901.0,23783941.0
2016-09-26,61.62,62.47,60.45,61.06,1081549.0,29752439.0
2016-09-27,60.65,61.64,60.54,61.53,811094.0,22120852.0
2016-09-28,61.82,62.09,61.08,62.09,996672.0,27467730.0
2016-09-29,61.84,66.0,61.84,65.62,2507178.0,72440814.0
2016-09-30,64.88,65.58,64.41,65.28,1145397.0,33309351.0
2016-10-10,66.11,68.24,65.71,66.31,2473518.0,73925455.0
2016-10-11,66.67,69.36,65.82,68.91,3178033.0,96173294.0
2016-12-15,62.02,63.76,62.02,62.02,3171749.0,88247102.0
2016-12-16,58.86,64.48,58.86,63.76,4861698.0,134878039.0
2016-12-19,64.39,68.89,62.87,67.03,5075478.0,149444829.0
2016-12-20,65.4,66.09,62.53,64.46,3787635.0,108851379.0
2016-12-21,63.59,65.15,62.04,63.23,2242812.0,63333764.0
2016-12-22,63.76,63.99,62.27,63.83,1503556.0,42574898.0
2016-12-23,63.54,63.7,60.54,60.85,2128023.0,58814360.0
2016-12-26,60.18,60.54,59.16,59.94,1509508.0,40270465.0
2016-12-27,59.85,60.21,59.56,59.8,722744.0,19333903.0
2016-12-28,60.18,60.18,58.95,59.27,553900.0,14757588.0
2016-12-29,59.06,59.83,58.66,59.13,812338.0,21477214.0
2016-12-30,59.16,59.6,55.28,57.1,2210454.0,56178207.0
2017-01-03,56.98,60.12,56.6,59.87,1672144.0,43868546.0
2017-01-04,60.3,61.8,59.36,61.21,1684117.0,45816787.0
2017-01-05,60.18,62.35,59.45,61.53,1310503.0,36130230.0
2017-01-06,60.72,61.93,60.14,60.21,755339.0,20447425.0
2017-01-09,59.31,61.01,58.91,59.13,942090.0,25260847.0
2017-01-10,59.47,60.14,57.77,59.94,1352311.0,35386193.0
2017-01-11,59.65,61.5,58.64,60.41,934403.0,25032324.0
2017-01-12,59.91,61.53,59.91,60.48,1566674.0,42514000.0
2017-01-13,60.18,61.48,59.96,60.56,863726.0,23443717.0
2017-01-16,61.03,61.03,55.98,57.95,1674200.0,43631694.0
2017-01-17,58.17,58.19,53.43,54.9,2003931.0,50140879.0
2017-01-18,55.51,55.82,52.8,53.7,1318452.0,31936781.0
2017-01-19,53.92,54.23,53.02,53.16,951300.0,22779672.0
2017-01-20,53.16,55.93,53.16,55.26,1046569.0,25758963.0
2017-01-23,55.28,55.89,54.14,55.48,551481.0,13642184.0
2017-01-24,56.31,56.38,55.17,55.46,463600.0,11540351.0
2017-01-25,56.13,57.25,55.31,56.54,655990.0,16627797.0
2017-01-26,56.96,57.41,56.6,57.01,368400.0,9400555.0
2017-02-03,57.43,57.43,56.38,56.78,281352.0,7149721.0
2017-02-06,56.29,62.09,56.29,59.98,1164652.0,31174989.0
2017-02-07,60.68,61.91,60.18,61.53,1137115.0,30916806.0
2017-02-08,60.68,62.62,60.68,61.93,908115.0,25113201.0
2017-02-09,61.86,62.94,61.59,62.29,881708.0,24536504.0
2017-02-10,62.65,62.65,61.3,61.53,538410.0,14867998.0
2017-02-13,61.91,61.91,60.85,61.64,608983.0,16697652.0
2017-02-14,61.19,62.15,61.19,61.37,499437.0,13748358.0
2017-02-15,61.73,61.73,60.68,60.74,440101.0,12052064.0
2017-02-16,60.54,62.65,60.43,62.22,938989.0,25908862.0
2017-02-17,62.65,63.63,61.93,62.09,1207488.0,33717121.0
2017-02-20,61.77,62.38,61.75,62.11,815630.0,22619352.0
2017-02-21,62.55,62.62,62.11,62.2,722750.0,20133572.0
2017-02-22,62.33,63.88,62.2,63.45,1085851.0,30655376.0
2017-02-23,64.12,64.12,62.65,63.12,1048790.0,29768026.0
2017-02-24,63.94,63.94,62.35,62.6,825033.0,23142165.0
2017-02-27,62.62,63.14,60.92,61.26,673990.0,18564713.0
2017-02-28,61.55,62.31,60.85,60.97,680643.0,18591482.0
2017-03-01,60.97,62.02,60.74,61.93,671028.0,18501943.0
2017-03-02,61.91,62.09,61.03,61.23,595687.0,16352118.0
2017-03-17,64.44,64.44,61.86,62.89,3183370.0,89956220.0
2017-03-20,62.65,63.74,61.48,62.98,1747564.0,48587773.0
2017-03-21,62.94,64.34,62.38,63.32,1521187.0,43056256.0
2017-03-22,63.29,63.29,62.33,62.65,864483.0,24186825.0
2017-03-23,62.0,62.51,59.29,60.14,2103573.0,57431069.0
2017-03-24,60.14,61.03,58.13,59.65,1655933.0,44183425.0
2017-03-27,60.16,60.38,58.86,60.01,620824.0,16598529.0
2017-03-28,60.01,60.27,59.4,59.67,501331.0,13390649.0
2017-03-29,59.4,59.85,57.5,57.52,1209796.0,31468514.0
2017-03-30,56.87,57.63,55.6,56.25,1346282.0,33872286.0
2017-03-31,56.78,60.38,56.4,59.74,1355372.0,35516301.0
2017-04-05,60.03,60.85,59.31,60.23,764188.0,20526250.0
2017-04-06,60.74,60.74,58.84,59.65,1079761.0,28770822.0
2017-04-07,58.17,62.2,57.52,59.85,1861365.0,49772899.0
2017-04-10,59.31,59.74,56.85,57.12,1762275.0,45404228.0
2017-04-11,56.98,57.61,56.16,57.1,964553.0,24613507.0
2017-04-12,57.5,58.15,56.72,57.41,853001.0,21831734.0
2017-04-13,57.25,57.84,57.1,57.48,575789.0,14788681.0
2017-04-14,57.23,58.13,56.63,57.57,520812.0,13339190.0
2017-04-17,57.57,59.02,56.85,59.02,1237689.0,31986451.0
2017-04-18,58.95,59.87,58.22,58.24,861721.0,22792625.0
2017-04-19,57.97,58.75,57.27,57.79,906024.0,23446151.0
2017-04-20,57.86,58.28,56.45,56.87,689032.0,17650419.0
2017-04-21,56.94,57.63,51.46,54.12,2262426.0,54356979.0
2017-04-24,52.8,52.87,49.71,50.94,1948480.0,44781341.0
2017-04-25,50.97,51.46,50.32,51.15,1200615.0,27367600.0
2017-04-26,50.88,52.73,50.65,52.09,941948.0,21786934.0
2017-04-27,51.68,52.96,51.19,52.85,861610.0,20056385.0
2017-04-28,52.55,55.42,52.55,55.02,902174.0,21964840.0
2017-05-02,55.02,55.84,54.41,54.59,699991.0,17288744.0
2017-05-03,54.93,55.24,54.05,55.1,400095.0,9807096.0
2017-05-04,54.93,55.08,52.58,54.32,735001.0,17849320.0
2017-05-05,53.99,54.75,53.02,53.23,660504.0,15961816.0
2017-05-08,53.67,54.34,52.35,52.49,924520.0,22008911.0
2017-05-09,53.36,53.85,51.59,53.81,692445.0,16417801.0
2017-05-10,54.64,54.64,53.45,53.74,551540.0,13308106.0
2017-05-11,53.85,54.3,52.76,53.76,694600.0,16638052.0
2017-05-12,54.32,54.32,53.29,53.7,586900.0,14036257.0
2017-05-15,55.17,55.17,53.25,53.34,389710.0,9327029.0
2017-05-16,54.99,54.99,52.53,54.32,772921.0,18580750.0
2017-05-17,54.32,58.66,54.19,56.83,1210227.0,30840889.0
2017-05-18,55.98,59.29,55.98,58.39,1474087.0,38297201.0
2017-05-19,58.93,58.93,57.28,57.34,880842.0,22774484.0
2017-05-22,57.37,59.74,57.28,57.37,979241.0,25522575.0
2017-05-23,57.5,58.01,56.07,56.07,746310.0,18943404.0
2017-05-24,56.58,57.48,55.55,56.83,791240.0,20075340.0
2017-05-25,58.13,58.39,57.19,57.7,733518.0,18962708.0
2017-05-26,57.7,59.18,57.7,58.39,859941.0,22540592.0
2017-05-31,56.4,58.8,56.4,57.84,778678.0,20113111.0
2017-06-01,57.77,58.15,55.91,56.38,1016879.0,26136974.0
2017-06-02,56.83,58.89,56.4,58.48,952485.0,24663112.0
2017-06-05,58.62,59.47,58.24,59.02,987900.0,26057666.0
2017-06-06,58.98,59.06,58.22,58.84,970603.0,25408935.0
2017-06-07,58.84,60.63,58.53,60.43,1398149.0,37486245.0
2017-06-08,60.38,62.15,59.96,61.44,1312060.0,35977443.0
2017-06-09,61.44,61.88,60.68,61.06,843884.0,23136350.0
2017-06-12,61.06,61.41,60.36,61.17,730039.0,19890555.0
2017-06-13,60.9,61.7,60.9,61.55,529621.0,14519568.0
2017-06-14,61.44,61.97,60.99,61.12,690292.0,18961584.0
2017-06-15,61.19,61.84,60.99,61.5,480572.0,13221257.0
2017-06-16,61.86,63.76,61.3,63.7,1251230.0,35138076.0
2017-06-19,63.7,69.36,63.7,65.11,1984408.0,58129897.0
2017-06-20,66.11,66.36,64.17,64.99,1253740.0,36421013.0
2017-06-21,64.44,65.87,64.32,64.66,821979.0,23770849.0
2017-06-22,64.93,65.22,63.43,63.83,773004.0,22247604.0
2017-06-23,63.45,64.21,59.62,62.06,3139429.0,86022753.0
2017-06-26,61.08,63.05,60.92,62.8,779449.0,21726347.0
2017-06-27,62.51,62.8,61.93,62.38,706200.0,19644050.0
2017-06-28,62.15,62.55,60.7,61.39,620832.0,17041846.0
2017-06-29,60.99,61.91,60.99,61.33,473672.0,13007253.0
2017-06-30,61.3,62.6,61.3,61.86,865841.0,23969350.0
2017-07-03,61.66,62.33,61.53,61.86,714300.0,19731503.0
2017-07-04,62.04,62.06,60.83,61.06,710521.0,19487576.0
2017-07-05,61.53,61.53,60.83,61.26,537487.0,14693183.0
2017-07-06,61.3,65.53,61.15,65.33,2206053.0,62574283.0
2017-07-07,65.22,66.07,64.14,64.73,1366060.0,39676933.0
2017-07-10,64.88,65.73,64.23,64.7,1098500.0,31825016.0
2017-07-11,65.49,65.49,63.88,64.88,968251.0,27873124.0
2017-07-12,65.15,65.15,63.43,64.44,850475.0,24407911.0
2017-07-13,65.28,65.28,63.94,64.68,754000.0,21695080.0
2017-07-14,64.77,64.86,62.98,63.74,754009.0,21472232.0
2017-07-17,63.99,63.99,57.92,59.06,1327109.0,35834005.0
2017-07-18,59.4,59.96,58.39,59.85,603240.0,15960064.0
2017-07-19,59.06,60.09,59.06,60.03,639281.0,16992369.0
2017-07-20,60.59,60.59,59.29,59.31,505900.0,13550689.0
2017-07-21,59.42,60.27,59.0,59.2,438300.0,11631121.0
2017-07-24,59.2,59.78,58.26,59.62,539581.0,14249316.0
2017-07-25,60.14,60.14,59.0,59.18,429300.0,11386816.0
2017-07-26,59.04,59.36,57.05,57.68,792400.0,20519190.0
2017-07-27,57.61,59.83,57.61,59.74,692268.0,18137769.0
2017-07-28,60.38,60.38,59.11,59.27,544900.0,14488224.0
2017-07-31,59.71,63.05,59.24,62.53,1163300.0,32153044.0
2017-08-01,62.78,62.78,60.65,61.37,910767.0,25225985.0
2017-08-02,61.08,61.97,59.53,60.3,1009000.0,27452071.0
2017-08-03,59.96,60.61,59.96,60.32,372361.0,10046496.0
2017-08-04,60.5,60.59,59.42,60.01,410060.0,10970328.0
2017-08-07,60.18,60.34,59.6,59.74,352500.0,9420459.0
2017-08-08,59.69,60.16,58.8,59.2,466800.0,12343904.0
2017-08-09,59.65,59.65,58.3,58.69,609642.0,15992393.0
2017-08-10,58.35,59.91,58.24,59.47,696300.0,18459982.0
2017-08-11,59.47,60.03,58.35,59.24,669279.0,17726739.0
2017-08-14,59.69,63.0,59.06,62.31,2181516.0,60308760.0
2017-08-15,62.96,63.32,61.26,62.29,1553700.0,43099862.0
2017-08-16,62.29,63.74,61.8,62.47,1203717.0,33875372.0
2017-08-17,62.96,64.77,62.33,64.77,1740501.0,49546054.0
2017-08-18,64.46,65.06,63.2,63.36,1164390.0,33271884.0
2017-08-21,63.81,63.81,62.11,63.29,1750357.0,48926177.0
2017-08-22,62.67,65.35,62.67,65.13,2319775.0,66995404.0
2017-08-23,65.24,65.24,64.21,64.44,1345304.0,38975289.0
2017-08-24,64.41,66.14,64.01,65.44,2001184.0,58554085.0
2017-08-25,65.28,66.78,65.24,65.89,1193081.0,35306919.0
2017-08-28,66.2,67.52,65.6,67.14,1456663.0,43493367.0
2017-08-29,67.16,67.16,65.78,66.22,1003971.0,29860997.0
2017-08-30,66.76,69.31,66.22,69.07,1874778.0,57550384.0
2017-08-31,69.07,69.85,67.79,68.04,1853061.0,56911687.0
2017-09-01,68.53,69.02,66.49,67.16,1680239.0,50760530.0
2017-09-04,67.57,71.15,67.25,71.15,2702570.0,84075012.0
2017-09-05,71.82,71.84,69.49,70.19,1633396.0,51349532.0
2017-09-06,69.98,71.12,69.45,70.16,1283506.0,40273961.0
2017-09-07,70.27,71.06,69.4,69.42,1007272.0,31566878.0
2017-09-08,69.78,69.8,68.8,69.69,973740.0,30123846.0
2017-09-11,69.6,70.48,67.23,70.48,1741207.0,53645369.0
2017-09-12,70.54,71.86,69.49,71.86,1878569.0,59333303.0
2017-09-13,72.27,72.71,70.48,70.79,937701.0,29833538.0
2017-09-14,70.7,72.27,70.32,71.59,1362654.0,43476371.0
2017-09-15,72.0,72.94,70.48,72.51,1487776.0,47524988.0
2017-09-18,71.82,72.09,70.99,71.37,1110410.0,35476108.0
2017-09-19,71.57,71.57,69.38,70.03,793110.0,24865799.0
2017-09-20,69.8,70.61,68.69,68.95,1094509.0,33937439.0
2017-09-21,68.98,69.76,67.79,69.33,871703.0,26709161.0
2017-09-22,68.69,69.92,68.01,69.92,1014804.0,31283280.0
2017-09-25,69.47,70.14,67.68,68.19,1138526.0,34827656.0
2017-09-26,68.15,68.82,67.59,68.01,612037.0,18613609.0
2017-09-27,68.66,68.66,66.67,67.16,1242740.0,37390268.0
2017-09-28,67.37,67.37,65.78,66.36,977025.0,29004810.0
2017-09-29,66.4,66.4,64.93,65.78,844980.0,24743629.0
2017-10-09,66.45,68.17,65.78,67.01,802570.0,23999269.0
2017-10-10,67.52,69.94,66.67,69.85,1741902.0,53722522.0
2017-10-11,70.34,71.26,68.35,69.04,1804629.0,56083748.0
2017-10-12,68.6,68.91,66.56,67.12,1314768.0,39503311.0
2017-10-13,67.7,67.7,66.67,66.78,899300.0,26964342.0
2017-10-16,66.9,67.57,65.33,65.89,770584.0,22906924.0
2017-10-17,65.62,67.16,64.88,66.27,512900.0,15248849.0
2017-10-18,65.93,67.05,65.53,66.0,351901.0,10436998.0
2017-10-19,66.45,66.45,64.57,64.66,1086083.0,31539616.0
2017-10-20,65.44,66.85,64.17,66.76,730001.0,21438974.0
2017-10-23,66.87,67.41,66.25,66.94,506101.0,15139813.0
2017-10-24,67.19,67.43,65.35,65.4,550700.0,16316010.0
2017-10-25,64.99,66.54,64.99,66.2,333320.0,9817814.0
2017-10-26,66.52,66.83,65.53,65.96,467000.0,13785919.0
2017-10-27,66.02,66.34,65.02,65.33,384247.0,11252137.0
2017-10-30,64.88,65.53,62.42,62.91,855188.0,24397570.0
2017-10-31,63.18,65.64,62.65,65.64,743228.0,21374013.0
2017-11-01,65.87,66.67,64.68,66.61,1223720.0,36100055.0
2017-11-02,66.61,66.61,65.4,65.89,495600.0,14572287.0
2017-11-03,65.51,68.42,65.33,65.78,648300.0,19258382.0
2017-11-06,65.75,67.5,65.58,67.45,1398802.0,41635330.0
2017-11-07,67.99,67.99,66.14,67.79,1885620.0,56593010.0
2017-11-08,67.84,68.06,66.83,67.95,1524500.0,46020428.0
2017-11-09,67.97,68.55,66.9,68.53,2168422.0,65721768.0
2017-11-10,68.24,68.37,67.34,68.13,1198484.0,36312694.0
2017-11-13,68.1,68.1,64.88,65.42,1432188.0,42578042.0
2017-11-14,65.33,65.33,63.79,63.99,808316.0,23249909.0
2017-11-15,63.99,64.86,63.49,64.66,723484.0,20729622.0
2017-11-16,65.26,65.26,64.12,64.14,481349.0,13867586.0
2017-11-17,63.88,64.12,62.42,62.53,846721.0,23851825.0
2017-11-20,63.23,63.43,62.22,62.38,475450.0,13346348.0
2017-11-21,63.07,63.07,61.1,61.1,647500.0,17950017.0
2017-11-22,61.57,61.64,60.85,60.99,541451.0,14781384.0
2017-11-23,60.99,60.99,58.17,58.84,917606.0,24428466.0
2017-11-24,58.82,59.49,58.39,59.22,291365.0,7696221.0
2017-11-27,59.29,59.29,57.27,57.66,343200.0,8940711.0
2017-11-28,57.72,58.39,56.85,57.84,860301.0,22148386.0
2017-11-29,58.15,58.15,56.05,56.56,652000.0,16510841.0
2017-11-30,57.63,57.84,55.93,57.27,640049.0,16374329.0
2018-03-02,51.55,55.04,51.55,51.55,2972576.0,69653059.0
2018-03-05,49.74,50.74,49.22,50.67,3140742.0,70047403.0
2018-03-06,52.33,55.75,51.57,55.75,5808774.0,142869278.0
2018-03-07,57.37,57.7,53.99,53.99,5704263.0,141694149.0
2018-03-08,53.05,54.23,51.86,54.21,3438468.0,81331032.0
2018-03-09,53.76,54.81,53.72,54.37,2971588.0,72060715.0
2018-03-12,54.73,56.56,54.59,55.62,3227033.0,80152300.0
2018-03-13,55.93,57.7,55.53,56.52,3686288.0,93667166.0
2018-03-14,56.69,56.98,55.26,55.33,2116694.0,52943951.0
2018-03-15,54.79,55.02,52.38,53.76,2287147.0,54931106.0
2018-03-16,54.05,56.36,53.72,55.8,2258481.0,55705291.0
2018-03-19,56.78,59.22,55.6,56.05,4498600.0,115315827.0
2018-03-20,54.84,56.67,54.14,56.49,2364044.0,58637484.0
2018-03-21,56.54,57.05,54.73,54.99,2218637.0,55234476.0
2018-03-22,54.37,55.46,53.72,54.08,1674405.0,40714903.0
2018-03-23,51.7,52.6,49.47,50.12,2570321.0,58703437.0
2018-03-26,49.09,51.44,48.24,51.35,1873106.0,41713689.0
2018-03-27,51.75,53.61,51.46,53.02,2529575.0,59694241.0
2018-03-28,52.13,54.32,51.82,53.14,2290667.0,54972227.0
2018-03-29,53.29,54.81,53.29,54.01,1206116.0,29132711.0
2018-03-30,54.57,54.81,53.74,54.1,1425671.0,34499591.0
2018-04-02,54.7,54.93,52.6,52.8,1902563.0,45493313.0
2018-04-03,51.91,52.29,50.67,51.19,1615313.0,37004270.0
2018-04-04,51.64,52.71,51.12,52.33,1567683.0,36445128.0
2018-04-09,51.77,52.8,51.5,51.97,1010744.0,23566411.0
2018-04-10,53.02,57.16,53.02,57.16,8495194.0,216688954.0
2018-04-11,57.81,60.25,57.05,57.07,9840176.0,258156178.0
2018-04-12,57.01,61.08,56.34,59.51,6501546.0,172303653.0
2018-04-13,59.27,61.53,58.48,59.67,3422839.0,91371002.0
2018-04-16,59.06,60.81,59.06,60.52,2026624.0,54121650.0
2018-04-17,60.54,61.03,58.17,58.84,2041301.0,54300657.0
2018-04-18,58.95,59.91,57.05,59.4,1702773.0,44656555.0
2018-04-19,59.0,60.85,58.39,60.36,2066447.0,55551366.0
2018-04-20,60.41,61.44,59.45,60.09,1398121.0,37693064.0
2018-04-23,60.36,60.85,58.17,58.98,1022901.0,27211028.0
2018-04-24,58.82,61.53,58.77,61.35,1905806.0,51655520.0
2018-04-25,61.21,64.1,60.62,64.02,7385382.0,109753926.0
2018-04-26,64.02,64.19,61.64,61.68,4487865.0,66473753.0
2018-04-27,61.68,63.68,60.32,61.21,3175966.0,46561212.0
2018-05-02,62.23,64.91,59.6,63.76,6123070.0,91224218.0
2018-05-03,63.04,63.51,61.0,62.28,3125509.0,45855673.0
2018-05-04,61.3,64.44,61.17,62.28,2828109.0,41754285.0
2018-05-07,62.28,64.32,61.68,63.51,3286068.0,49134994.0
2018-05-08,63.89,63.89,62.79,63.04,2351135.0,34882566.0
2018-05-09,63.04,63.64,60.79,62.4,4024982.0,58504003.0
2018-05-10,62.45,64.57,61.26,64.23,3934466.0,58356166.0
2018-05-11,64.61,66.65,63.25,63.42,4781773.0,73581474.0
2018-05-14,63.34,64.02,61.89,62.28,2714351.0,40093672.0
2018-05-15,61.77,63.08,61.51,62.87,1758521.0,25734209.0
2018-05-16,62.74,65.25,61.43,64.66,5260262.0,79126879.0
2018-05-17,64.66,67.55,64.06,66.57,6647886.0,104120218.0
2018-05-18,66.36,67.38,65.04,66.99,2388069.0,37005056.0
2018-05-21,66.06,68.44,66.06,66.82,3956854.0,62931879.0
2018-05-22,66.78,68.23,65.55,67.42,2712111.0,42798088.0
2018-05-23,66.99,70.56,66.1,70.06,7872307.0,129223804.0
2018-05-24,71.16,73.24,69.8,72.44,7672778.0,130660241.0
2018-05-25,71.84,74.14,70.14,72.95,6316919.0,107873665.0
2018-05-28,72.48,73.54,71.42,72.14,4615058.0,78441662.0
2018-05-29,72.9,74.82,68.48,71.37,9811586.0,166878684.0
2018-05-30,69.29,70.27,66.31,68.86,6836541.0,110059786.0
2018-05-31,68.57,69.89,67.59,69.5,4083003.0,66139165.0
2018-06-01,69.5,71.84,64.4,66.19,7310314.0,115689319.0
2018-06-04,67.29,67.55,62.32,64.1,5194911.0,78750538.0
2018-06-05,64.02,66.19,63.25,66.19,2452753.0,37552198.0
2018-06-06,66.19,67.97,64.7,67.63,3576680.0,56437571.0
2018-06-07,67.21,68.53,64.32,64.83,3112824.0,48315714.0
2018-06-08,65.34,66.31,63.59,66.31,2350190.0,35783891.0
2018-06-11,65.89,66.74,64.4,66.4,3720069.0,57431440.0
2018-06-12,65.63,66.4,63.34,64.78,3837550.0,58467917.0
2018-06-13,65.25,65.25,62.11,62.4,3789010.0,56421415.0
2018-06-14,62.53,64.87,60.7,60.79,6297353.0,92727980.0
2018-06-15,61.47,62.49,57.69,59.3,5924655.0,82643243.0
2018-06-19,58.15,58.96,53.39,53.39,3417180.0,45217263.0
2018-06-20,53.14,53.35,48.03,52.41,12658589.0,147768903.0
2018-06-21,50.63,52.24,48.25,48.42,4651874.0,55065457.0
2018-06-22,47.99,51.69,46.8,51.1,4769806.0,55524105.0
2018-06-25,51.14,52.12,47.4,47.57,5617577.0,65324708.0
2018-06-26,47.65,52.33,45.06,50.8,6653968.0,78595843.0
2018-06-27,52.24,53.35,51.05,51.27,4667000.0,56988934.0
2018-06-28,51.14,51.86,49.91,50.33,2670586.0,31888157.0
2018-06-29,50.71,52.92,49.31,52.92,4415705.0,52857639.0
2018-07-02,52.63,52.63,49.57,49.78,5571962.0,66478342.0
2018-07-03,50.59,50.88,48.63,50.88,2584433.0,30393047.0
2018-07-04,50.42,51.22,48.89,49.74,2997584.0,35072489.0
2018-07-05,49.74,50.33,47.06,47.23,3895439.0,44647634.0
2018-07-06,46.8,49.06,42.51,45.99,6423317.0,68591229.0
2018-07-09,44.72,47.91,44.72,47.57,3312771.0,36321082.0
2018-07-10,47.61,48.38,46.97,48.2,2618637.0,29341202.0
2018-07-11,44.72,48.42,44.72,46.8,2659645.0,29245908.0
2018-07-12,46.76,48.5,46.76,47.02,5124538.0,57231103.0
2018-07-13,47.19,48.12,46.72,47.27,3015820.0,33637291.0
2018-07-16,46.25,46.42,42.55,44.68,11338605.0,116137387.0
2018-07-17,44.63,46.04,43.27,45.1,5181389.0,54245488.0
2018-07-18,44.98,45.83,43.49,43.7,3572569.0,37202044.0
2018-07-19,43.74,44.85,42.59,44.68,4010421.0,41056644.0
2018-07-20,44.51,44.51,42.93,43.74,3024688.0,31073636.0
2018-07-23,42.89,43.32,41.32,42.21,4716439.0,46985808.0
2018-07-24,42.21,42.55,41.23,42.08,6560554.0,64332067.0
2018-07-25,42.08,43.78,41.91,43.02,4726716.0,47733171.0
2018-07-26,43.1,43.15,41.49,41.66,5413396.0,53352181.0
2018-07-27,41.66,42.13,40.04,40.21,5054189.0,48803644.0
2018-07-30,40.51,40.89,37.24,38.94,8001310.0,72853258.0
2018-07-31,38.09,38.94,38.09,38.9,3419249.0,31038647.0
2018-08-01,39.11,39.32,37.41,38.22,4053750.0,36527185.0
2018-08-02,38.22,38.51,35.11,37.71,6090302.0,52057197.0
2018-08-03,36.98,37.96,36.64,37.02,3716412.0,32749530.0
2018-08-06,37.2,39.32,36.26,37.79,5690510.0,50917068.0
2018-08-07,37.88,38.94,37.41,38.9,4845200.0,43698042.0
2018-08-08,38.94,38.94,36.6,37.79,3981150.0,35409703.0
2018-08-09,37.79,39.02,37.07,38.56,4324661.0,38880398.0
2018-08-10,38.39,39.66,38.39,39.45,3992805.0,36740113.0
2018-08-13,39.96,40.0,38.98,39.36,4130046.0,38315878.0
2018-08-14,39.28,39.58,38.81,39.45,2165696.0,19983667.0
2018-08-15,39.41,43.4,38.73,43.4,7589626.0,74014158.0
2018-08-16,42.51,43.87,42.34,43.78,7783435.0,79132810.0
2018-08-17,43.36,43.57,40.21,42.08,6686657.0,65991680.0
2018-08-20,41.66,41.91,39.96,41.02,2865855.0,27506262.0
2018-08-21,41.15,42.08,40.94,41.62,4093294.0,40021664.0
2018-08-22,37.45,42.13,37.45,41.28,5779097.0,54589936.0
2018-08-23,39.92,41.45,39.62,40.17,2945560.0,27949461.0
2018-08-24,40.85,40.85,39.75,40.26,1721300.0,16350018.0
2018-08-27,40.64,41.49,40.0,41.19,2107141.0,20246174.0
2018-08-28,41.23,41.96,40.72,40.98,1644056.0,15921216.0
2018-08-29,40.89,41.32,40.3,40.68,1175220.0,11269082.0
2018-08-30,40.68,40.94,39.96,40.3,1325388.0,12577781.0
2018-08-31,40.3,40.68,39.11,40.26,1228415.0,11557195.0
2018-09-03,40.26,42.04,39.75,41.96,2231916.0,21574856.0
2018-09-04,41.96,43.74,41.32,43.74,3545558.0,35543760.0
2018-09-05,44.21,44.29,42.51,42.93,2265976.0,23012713.0
2018-09-06,42.93,43.53,41.57,41.62,2452840.0,24591245.0
2018-09-07,41.57,43.57,41.45,42.72,2113840.0,21205585.0
2018-09-10,41.96,43.02,41.36,41.96,1399455.0,13847263.0
2018-09-11,42.0,42.47,41.45,41.91,1067500.0,10529693.0
2018-09-12,41.96,42.93,41.96,42.85,2060025.0,20571265.0
2018-09-13,42.93,43.23,42.47,42.76,2121313.0,21361870.0
2018-09-14,43.27,43.36,42.51,43.36,2144347.0,21743472.0
2018-09-17,43.36,45.95,43.27,44.72,4446933.0,46729857.0
2018-09-18,44.63,48.46,43.91,47.31,5836115.0,64160630.0
2018-09-19,47.06,49.99,46.25,49.95,5735310.0,65767077.0
2018-09-20,49.86,50.46,48.59,50.08,4091013.0,47460464.0
2018-09-21,46.34,49.4,46.34,49.06,6091072.0,69380770.0
2018-09-25,48.8,50.33,47.74,49.95,2749152.0,32124422.0
2018-09-26,50.5,50.54,48.59,48.72,2680050.0,31164114.0
2018-09-27,48.55,50.5,48.42,48.63,2560458.0,29620525.0
2018-09-28,49.31,49.65,48.55,48.72,1306952.0,15084785.0
2018-10-08,48.72,49.65,47.57,47.61,1964980.0,22393482.0
2018-10-09,47.65,48.76,46.67,47.19,2167445.0,24361048.0
2018-10-10,47.44,49.23,45.7,46.08,1838170.0,20200426.0
2018-10-11,45.7,45.7,41.49,41.49,2295100.0,23052791.0
2018-10-12,37.83,41.19,37.32,37.32,10753399.0,94933802.0
2018-10-15,37.45,41.06,33.58,41.06,12974815.0,107376015.0
2018-10-16,36.94,36.94,36.94,36.94,1288400.0,11196196.0
2018-10-17,34.35,37.11,34.35,36.9,7069355.0,59028772.0
2018-10-18,35.84,36.64,34.73,35.92,4333885.0,36085015.0
2018-10-19,35.75,37.37,35.2,37.37,3592183.0,30823811.0
2018-10-22,37.24,39.45,37.24,38.6,6737101.0,60932057.0
2018-10-23,38.56,39.11,37.71,38.81,3686073.0,33089319.0
2018-10-24,38.64,39.02,38.09,38.73,1724664.0,15645704.0
2018-10-25,37.79,38.81,36.9,38.47,2390798.0,21464509.0
2018-10-26,39.07,40.64,38.64,39.66,3890201.0,35985971.0
2018-10-29,39.66,40.34,38.39,39.49,1890774.0,17439236.0
2018-10-30,39.28,40.3,38.56,39.53,1716348.0,16030101.0
2018-10-31,39.66,40.89,39.66,40.55,2310710.0,21988588.0
2018-11-01,41.06,41.96,40.51,41.83,2499750.0,24252872.0
2018-11-02,42.08,42.38,41.02,41.83,3273980.0,31949261.0
2018-11-05,41.15,41.7,40.47,41.23,2435420.0,23509387.0
2018-11-06,40.81,41.36,40.09,41.06,2159947.0,20674270.0
2018-11-07,41.45,43.32,41.45,43.32,4586540.0,45807957.0
2018-11-08,43.32,43.4,41.62,41.7,2671550.0,26629470.0
2018-11-09,41.7,42.0,39.58,41.45,1488920.0,14389755.0
2018-11-12,41.32,42.25,40.6,41.32,2012618.0,19508793.0
2018-11-13,41.19,41.91,40.85,41.66,1329740.0,12970052.0
