2011-01-25,35.22,42.2,35.22,40.4,16584353.0,641902656.0
2011-01-26,39.0,40.77,37.8,39.68,8927111.0,349504896.0
2011-01-27,38.2,38.36,36.61,37.83,5322434.0,199732368.0
2011-01-28,37.0,37.42,35.7,36.45,3988262.0,145717424.0
2011-01-31,36.99,38.0,36.6,37.59,3668404.0,137218464.0
2011-02-01,36.8,37.11,35.72,36.15,2739319.0,99328392.0
2011-02-09,35.89,36.81,34.6,34.7,2421032.0,86620904.0
2011-02-10,34.36,35.9,33.81,35.83,2964047.0,103640760.0
2011-02-11,35.4,36.55,35.31,36.52,2547036.0,91491880.0
2011-02-14,36.31,36.9,35.87,36.48,2650849.0,96147016.0
2011-02-15,36.48,36.74,36.01,36.32,2035454.0,74022792.0
2011-02-16,36.31,38.5,36.16,37.65,3243194.0,121894736.0
2011-02-17,37.53,38.3,37.0,38.13,2611454.0,98269752.0
2011-02-18,38.2,41.94,38.0,41.94,5136411.0,211640768.0
2011-02-21,41.98,42.8,41.01,42.44,4095677.0,171877008.0
2011-02-22,42.19,42.26,39.2,39.29,3665403.0,148822272.0
2011-02-23,38.88,39.94,38.57,39.4,1821787.0,71658096.0
2011-02-24,39.15,39.59,38.0,38.53,1930125.0,74810968.0
2011-02-25,38.6,39.38,37.0,39.23,2043518.0,77710008.0
2011-02-28,38.8,39.59,37.0,39.37,1260503.0,48813844.0
2011-03-01,38.9,40.9,38.89,39.7,1493953.0,59425072.0
2011-03-02,39.21,39.8,38.32,38.99,895118.0,34937476.0
2011-03-03,38.8,39.4,38.43,39.0,866849.0,33741324.0
2011-03-04,39.0,40.48,39.0,39.6,1180356.0,46953736.0
2011-03-07,39.95,40.22,39.39,39.7,1117124.0,44288832.0
2011-03-08,39.61,41.0,39.6,40.15,1027248.0,41441532.0
2011-03-09,40.5,40.5,38.8,38.98,1307348.0,51406248.0
2011-03-10,38.6,39.33,38.6,38.94,729109.0,28438524.0
2011-03-11,38.55,39.43,37.92,39.05,1543259.0,59661168.0
2011-03-14,38.82,39.45,38.38,39.26,704758.0,27516086.0
2011-03-15,39.38,39.97,38.0,39.79,1486899.0,57770096.0
2011-03-16,40.0,40.99,40.0,40.4,1755498.0,71051656.0
2011-03-17,40.0,41.8,40.0,40.89,1462355.0,59909808.0
2011-03-18,40.68,41.43,40.65,40.92,599269.0,24520850.0
2011-03-21,40.6,43.0,40.6,42.75,1618972.0,68480576.0
2011-03-22,42.82,42.82,41.01,41.03,801814.0,33340390.0
2011-03-23,40.9,41.34,40.2,40.65,562452.0,22792864.0
2011-03-24,40.36,41.18,40.01,40.36,561580.0,22800004.0
2011-03-25,41.0,41.0,40.2,40.47,553070.0,22424024.0
2011-03-28,40.35,40.6,38.5,39.2,1531443.0,60488688.0
2011-03-29,38.93,39.39,38.6,39.05,567821.0,22147910.0
2011-03-30,39.15,39.4,38.08,38.4,410798.0,15881559.0
2011-03-31,38.3,38.9,38.0,38.05,363111.0,13938630.0
2011-04-01,38.05,38.89,38.0,38.69,194905.0,7499671.0
2011-04-06,38.5,39.15,38.38,38.45,322117.0,12486541.0
2011-04-07,38.44,38.44,37.28,37.75,631415.0,23817616.0
2011-04-08,37.7,38.97,37.31,38.8,515412.0,19688984.0
2011-04-11,38.8,38.96,38.0,38.06,498554.0,19143792.0
2011-04-12,38.04,38.39,38.0,38.15,169429.0,6462292.0
2011-04-13,38.15,40.26,38.15,39.35,545600.0,21534772.0
2011-04-14,39.3,40.25,39.1,39.65,518098.0,20597910.0
2011-04-19,39.82,42.5,39.82,40.83,1414700.0,58243436.0
2011-04-20,40.9,42.35,40.49,42.0,775595.0,32375252.0
2011-04-21,42.5,45.68,42.5,45.3,1895571.0,83468288.0
2011-04-22,45.8,45.8,43.78,44.4,2450843.0,108731248.0
2011-04-25,44.8,45.77,44.2,44.3,2020304.0,90789816.0
2011-04-26,44.3,44.6,42.13,42.95,1542824.0,66199924.0
2011-04-27,42.94,46.27,42.78,44.15,2680069.0,78601944.0
2011-04-28,44.91,47.03,43.39,43.85,3054592.0,91621080.0
2011-04-29,42.33,42.48,39.46,39.95,3955278.0,104988680.0
2011-05-03,39.37,40.05,38.11,39.78,1552386.0,40039244.0
2011-05-04,39.14,40.87,38.96,39.83,1602003.0,42428972.0
2011-05-05,39.6,43.39,39.48,42.33,2549552.0,69832320.0
2011-05-06,41.87,43.39,41.47,42.91,1509167.0,42380496.0
2011-05-09,43.09,44.76,42.21,42.41,1822201.0,52357276.0
2011-05-10,42.44,44.15,42.25,43.56,1891299.0,53988452.0
2011-05-11,43.66,45.21,43.09,44.64,2081028.0,60802248.0
2011-05-12,44.0,44.53,43.09,43.32,1903243.0,54967532.0
2011-05-13,43.39,45.39,43.32,45.21,2826086.0,83389752.0
2011-05-16,45.36,45.82,44.51,44.73,1673533.0,49816980.0
2011-05-17,44.77,45.67,41.13,42.63,2641638.0,75546608.0
2011-05-18,42.65,43.65,42.18,42.75,1039218.0,29383146.0
2011-05-19,42.65,43.06,41.42,41.56,1271872.0,35382352.0
2011-05-20,41.47,41.72,40.3,40.68,1767748.0,47564808.0
2011-05-23,40.68,42.16,39.45,41.4,1810499.0,48549620.0
2011-05-24,41.39,43.39,40.24,43.24,2002342.0,55755424.0
2011-05-25,42.88,43.94,41.95,42.75,1802835.0,51027352.0
2011-05-26,42.92,43.32,41.13,41.42,1152986.0,32222516.0
2011-05-27,40.96,41.86,39.75,40.51,1110162.0,29750946.0
2011-05-30,40.05,41.95,39.93,41.18,1089227.0,29584236.0
2011-05-31,41.53,42.34,40.31,42.28,1170494.0,31878462.0
2011-06-01,41.77,42.28,41.3,41.74,792846.0,21850636.0
2011-06-02,40.96,41.27,40.02,40.74,1025547.0,27345722.0
2011-06-03,40.48,41.72,40.48,41.19,650300.0,17721724.0
2011-06-07,41.19,43.24,40.96,42.89,1440018.0,40075892.0
2011-06-08,42.89,43.21,42.31,43.0,826985.0,23339098.0
2011-06-09,43.03,43.03,40.74,41.12,975455.0,26876578.0
2011-06-10,40.93,42.47,40.55,42.41,818527.0,22363306.0
2011-06-13,42.3,44.91,41.72,44.13,1956659.0,56457616.0
2011-06-14,44.15,44.76,43.73,44.36,1145457.0,33277910.0
2011-06-15,44.33,44.45,43.59,43.59,1033221.0,29914198.0
2011-06-16,43.16,43.42,42.48,42.88,840467.0,23746858.0
2011-06-17,42.51,43.63,42.18,42.3,1042388.0,29555038.0
2011-06-20,42.06,43.03,42.03,42.94,975049.0,27362622.0
2011-06-21,43.21,44.76,42.91,44.23,1542296.0,44848476.0
2011-06-22,44.29,45.0,43.53,43.7,1349797.0,39335632.0
2011-06-23,43.59,48.06,43.5,47.28,5944384.0,185224352.0
2011-06-24,46.29,48.03,46.27,47.76,3768598.0,116761576.0
2011-06-27,47.64,49.11,47.03,48.09,2591575.0,82035120.0
2011-06-28,47.72,48.25,47.2,48.06,1391982.0,43849504.0
2011-06-29,48.09,48.55,46.27,46.68,2373613.0,73704128.0
2011-06-30,46.5,47.46,46.21,46.82,1455140.0,44909404.0
2011-07-01,46.76,50.07,46.73,49.16,2528885.0,81510672.0
2011-07-04,49.35,51.11,48.85,49.46,2724501.0,89615920.0
2011-07-06,49.29,52.34,49.16,51.39,3442360.0,116171304.0
2011-07-07,51.43,52.68,50.39,51.28,1950386.0,66172856.0
2011-07-08,51.4,51.83,50.25,51.62,1821382.0,61447476.0
2011-07-11,51.58,52.02,50.63,51.08,1342256.0,45350924.0
2011-07-12,50.67,50.67,49.73,50.01,1755772.0,57961596.0
2011-07-13,50.04,51.25,49.76,50.96,1245781.0,41686532.0
2011-07-14,50.98,52.52,50.7,51.74,1338403.0,45572376.0
2011-07-15,51.28,52.95,51.1,51.83,1737027.0,59335896.0
2011-07-18,51.96,52.04,48.55,48.76,3407564.0,111200832.0
2011-07-19,48.4,48.4,47.35,47.76,1428877.0,45071072.0
2011-07-20,48.03,49.31,47.56,48.55,1571939.0,50243800.0
2011-07-21,48.55,48.85,45.68,46.14,2826102.0,87160800.0
2011-07-22,46.27,47.02,45.87,46.27,1099316.0,33610660.0
2011-07-25,46.11,46.97,45.36,46.43,2097343.0,64113124.0
2011-07-26,46.41,47.9,45.58,47.66,1653443.0,51211120.0
2011-07-27,47.03,48.44,46.82,47.72,1890566.0,59627768.0
2011-07-28,47.49,47.79,45.36,46.09,2030862.0,61843784.0
2011-07-29,46.11,46.2,42.53,43.07,3240424.0,94712560.0
2011-08-01,42.76,44.89,42.63,44.23,1626049.0,47151812.0
2011-08-02,43.98,44.0,42.56,43.91,1280029.0,36396348.0
2011-08-03,43.5,44.91,43.01,44.39,1252134.0,36503124.0
2011-08-04,44.47,45.3,44.0,44.32,990297.0,29032486.0
2011-08-05,42.48,43.76,42.21,42.94,1497644.0,42362192.0
2011-08-08,42.3,42.86,39.57,40.98,1588669.0,43217408.0
2011-08-09,39.75,42.01,39.16,41.51,1277705.0,34410380.0
2011-08-10,42.18,42.89,41.51,41.68,941997.0,26176014.0
2011-08-11,40.63,42.47,40.33,42.47,843654.0,23311190.0
2011-08-12,42.94,44.26,42.47,44.03,1322154.0,38000740.0
2011-08-15,44.15,44.76,43.63,44.24,1331900.0,38897800.0
2011-08-16,43.63,43.63,42.18,42.41,2760991.0,77737704.0
2011-08-17,42.3,42.6,41.18,41.49,1300768.0,35655480.0
2011-08-18,41.49,41.87,40.69,40.77,899439.0,24366396.0
2011-08-19,39.84,41.52,39.61,41.49,1002729.0,26890202.0
2011-08-22,40.98,41.66,40.71,40.93,645227.0,17514240.0
2011-08-23,40.62,42.6,40.62,42.48,1245911.0,34505332.0
2011-08-24,43.04,44.45,42.48,42.51,1904629.0,54743188.0
2011-08-25,42.33,42.94,41.57,42.72,1172289.0,32775552.0
2011-08-26,42.53,43.59,42.45,43.48,1153389.0,32912416.0
2011-08-29,43.23,43.92,43.13,43.18,1003496.0,28820504.0
2011-08-30,43.51,43.51,41.72,41.75,893748.0,25129642.0
2011-08-31,41.95,41.95,40.19,41.36,764227.0,20631280.0
2011-09-01,41.27,41.78,40.66,40.78,1161486.0,31434416.0
2011-09-02,40.81,41.51,40.75,41.24,580297.0,15751957.0
2011-09-05,40.66,40.66,39.14,39.14,1083271.0,28546464.0
2011-09-06,38.84,39.67,37.75,38.72,646101.0,16363169.0
2011-09-07,38.72,39.67,38.72,39.6,501110.0,13005743.0
2011-09-08,39.72,40.57,39.31,39.45,614137.0,16159673.0
2011-09-09,39.46,39.75,38.66,39.02,330298.0,8502992.0
2011-09-13,38.76,38.76,37.72,37.84,341441.0,8546683.0
2011-09-14,37.84,38.6,37.84,38.37,418364.0,10534898.0
2011-09-15,38.38,39.34,38.38,38.55,419231.0,10720987.0
2011-09-16,38.55,38.99,38.46,38.76,517038.0,13223707.0
2011-09-19,38.76,39.9,38.46,39.45,817273.0,21154402.0
2011-09-20,39.45,39.6,38.84,39.4,424914.0,11008444.0
2011-09-21,39.4,40.62,39.14,40.43,827032.0,21792606.0
2011-09-22,40.19,40.28,38.31,38.38,606602.0,15732170.0
2011-09-23,37.93,38.78,37.78,38.35,468654.0,11852400.0
2011-09-26,38.31,38.75,37.96,38.08,255120.0,6436397.0
2011-09-27,38.16,38.73,38.05,38.46,270944.0,6850326.0
2011-09-28,38.69,38.84,37.05,37.05,409272.0,10269448.0
2011-09-29,37.38,37.38,35.81,36.41,643091.0,15542426.0
2011-09-30,36.41,37.17,35.96,36.2,129107.0,3089803.0
2011-10-11,37.22,37.64,33.5,34.36,518509.0,12088943.0
2011-10-12,33.85,35.49,33.23,35.2,677403.0,15513265.0
2011-10-13,35.27,36.46,34.99,35.96,557811.0,13226036.0
2011-10-14,35.96,36.05,34.3,34.99,439687.0,10176627.0
2011-10-17,34.9,35.7,34.71,35.68,290440.0,6748891.0
2011-10-18,35.65,35.65,34.73,34.76,319664.0,7404265.0
2011-10-19,34.9,35.11,34.23,34.29,278984.0,6370041.0
2011-10-20,34.44,34.44,31.88,32.6,680081.0,14712117.0
2011-10-21,32.6,32.62,31.94,31.94,219010.0,4652308.0
2011-10-24,31.63,32.29,30.19,32.2,765756.0,15868517.0
2011-10-25,32.3,33.3,31.57,32.95,511220.0,10993856.0
2011-10-26,32.98,35.2,32.92,34.73,1024855.0,23304830.0
2011-10-27,34.77,34.9,34.24,34.71,1070969.0,24424766.0
2011-10-28,35.2,35.5,34.47,35.0,1073133.0,24694630.0
2011-10-31,34.68,35.65,34.68,35.58,828170.0,19217394.0
2011-11-01,35.35,35.91,34.91,35.72,605425.0,14124765.0
2011-11-02,35.08,37.17,34.67,36.72,877208.0,20783494.0
2011-11-03,36.72,37.37,36.22,36.23,953941.0,23186546.0
2011-11-04,36.41,37.93,36.06,37.6,1163991.0,28515588.0
2011-11-07,37.63,39.72,37.6,38.95,1592987.0,40430004.0
2011-11-08,38.95,39.17,38.02,38.6,722767.0,18380894.0
2011-11-09,38.79,39.3,37.75,39.05,701554.0,17788736.0
2011-11-10,38.46,39.57,38.25,38.92,967984.0,24884768.0
2011-11-11,38.51,38.84,37.32,37.38,737922.0,18468594.0
2011-11-14,37.34,38.38,37.34,37.84,1404296.0,34992428.0
2011-11-15,37.81,38.23,37.25,37.61,674071.0,16723554.0
2011-11-16,37.66,37.9,36.11,36.25,733398.0,17790210.0
2011-11-17,36.4,37.63,36.37,37.06,643560.0,15688849.0
2011-11-18,36.85,38.58,36.78,37.26,1421124.0,35273348.0
2011-11-21,37.0,39.02,36.85,39.02,2420699.0,61246232.0
2011-11-22,38.92,40.05,38.46,39.67,2562995.0,66380920.0
2011-11-23,39.46,40.28,38.89,39.4,1457011.0,37983164.0
2011-11-24,38.7,40.39,38.69,39.93,1624145.0,42586776.0
2011-11-25,39.49,40.48,38.69,39.22,1300171.0,33742960.0
2011-11-28,39.45,39.45,37.63,37.78,968287.0,24388852.0
2011-11-29,38.38,38.66,37.63,38.25,889200.0,22381036.0
2011-11-30,38.25,38.25,34.42,34.84,1426564.0,33835948.0
2011-12-01,35.96,36.69,34.93,35.43,1157885.0,27336714.0
2011-12-02,35.43,36.4,34.94,35.87,769213.0,18130432.0
2011-12-05,35.43,36.23,34.99,35.58,670435.0,15700028.0
2011-12-06,35.47,35.76,34.94,35.35,423519.0,9891387.0
2011-12-07,35.12,35.49,34.29,35.26,590499.0,13576895.0
2011-12-08,34.55,36.0,33.95,35.73,869876.0,20255030.0
2011-12-09,35.35,38.08,35.35,37.58,1864654.0,45740616.0
2011-12-12,37.78,38.08,36.75,36.75,668277.0,16462195.0
2011-12-13,36.44,36.79,35.2,35.5,521065.0,12285128.0
2011-12-14,35.43,35.94,34.93,35.17,294166.0,6874096.0
2011-12-15,34.58,35.49,33.39,35.29,783748.0,17768522.0
2011-12-16,35.02,36.11,34.17,36.08,472456.0,10960284.0
2011-12-19,35.65,35.88,34.62,35.67,470132.0,10925084.0
2011-12-20,35.81,36.19,34.64,34.87,422533.0,9843876.0
2011-12-21,35.0,35.2,33.53,33.53,384305.0,8738875.0
2011-12-22,33.45,33.53,32.13,32.66,507366.0,10887217.0
2011-12-23,32.54,33.36,32.32,32.91,311326.0,6745112.0
2011-12-26,32.91,33.52,32.39,32.39,215230.0,4687662.0
2011-12-27,32.06,32.42,31.1,31.36,220619.0,4600656.0
2011-12-28,31.07,31.59,30.04,30.62,344982.0,6916512.0
2011-12-29,31.0,31.01,30.12,30.54,157843.0,3166074.0
2011-12-30,30.8,31.1,30.53,30.92,183300.0,3727068.0
2012-01-04,31.83,32.45,30.34,30.34,353109.0,7228951.0
2012-01-05,29.89,30.62,28.68,28.68,572750.0,11094796.0
2012-01-06,28.81,28.81,25.81,26.63,1559132.0,27116354.0
2012-01-09,27.1,27.61,25.57,27.36,688285.0,12189637.0
2012-01-10,27.04,29.37,27.04,29.04,986944.0,18249912.0
2012-01-11,28.98,29.43,28.37,28.63,595239.0,11276471.0
2012-01-12,28.39,28.96,28.08,28.08,377162.0,7083791.0
2012-01-13,27.92,28.07,25.28,25.47,945528.0,16223806.0
2012-01-17,24.55,26.52,23.23,26.16,690628.0,11409658.0
2012-01-18,26.04,26.25,23.55,23.55,1470637.0,23544598.0
2012-01-19,22.83,23.17,22.26,22.91,1748533.0,26154926.0
2012-01-20,22.7,23.33,22.61,23.15,779373.0,11871002.0
2012-01-30,23.3,25.46,23.3,25.18,2405655.0,39584124.0
2012-01-31,25.03,25.03,24.3,24.82,1985529.0,32194924.0
2012-02-01,24.52,25.61,24.52,24.99,1319808.0,21862694.0
2012-02-02,25.0,25.47,24.44,25.47,1239525.0,20395312.0
2012-02-03,25.18,26.5,25.18,26.05,2084744.0,35879108.0
2012-02-06,25.94,26.63,25.66,26.07,1250820.0,21522452.0
2012-02-07,25.69,26.02,24.85,25.12,862479.0,14381960.0
2012-02-08,25.18,25.94,25.05,25.94,1132094.0,19124124.0
2012-02-09,25.94,26.22,25.59,25.64,2441172.0,41719276.0
2012-02-10,25.67,25.94,25.29,25.79,1499576.0,25303258.0
2012-02-13,25.94,26.5,25.79,26.37,2540094.0,44007576.0
2012-02-14,26.05,26.31,25.56,25.66,2194054.0,37330716.0
2012-02-15,25.59,26.37,25.5,26.35,3025709.0,51908724.0
2012-02-16,26.25,26.91,26.22,26.7,3601617.0,62972252.0
2012-02-17,26.84,27.67,26.02,27.52,4859031.0,86550904.0
2012-02-20,27.61,27.63,27.14,27.19,3486483.0,62827912.0
2012-02-21,27.01,27.25,26.38,27.22,2609823.0,46257308.0
2012-02-22,27.31,28.48,27.22,28.04,3875559.0,71257768.0
2012-02-23,28.02,29.27,27.92,28.34,3443502.0,64754672.0
2012-02-24,28.46,29.21,28.34,28.81,2757066.0,52129732.0
2012-02-27,28.83,29.66,28.25,28.78,3522368.0,66898368.0
2012-02-28,28.54,28.72,27.86,28.08,2104760.0,39133020.0
2012-02-29,27.89,28.68,27.76,27.8,1515905.0,28183066.0
2012-03-01,27.8,28.3,27.63,28.07,1346076.0,24838452.0
2012-03-02,28.05,28.58,27.92,28.48,1200673.0,22405326.0
2012-03-05,28.72,28.72,28.01,28.05,1662414.0,31069274.0
2012-03-06,28.07,28.07,27.14,27.31,1474110.0,26695542.0
2012-03-07,26.85,27.63,26.64,27.17,1220009.0,21785534.0
2012-03-08,27.17,27.82,27.11,27.6,1126356.0,20471192.0
2012-03-09,27.69,28.43,27.61,28.36,1208557.0,22368030.0
2012-03-12,28.64,28.84,28.14,28.8,1899068.0,35616880.0
2012-03-13,28.66,30.92,28.54,30.74,4022919.0,79614976.0
2012-03-14,30.57,30.57,28.07,29.02,3577549.0,69923112.0
2012-03-15,29.27,29.54,28.04,29.24,2478938.0,47124060.0
2012-03-16,29.31,31.3,29.31,30.63,5275928.0,106177512.0
2012-03-19,31.39,32.62,30.53,31.68,7933630.0,164394288.0
2012-03-20,31.18,31.31,30.34,30.39,3201092.0,64839012.0
2012-03-21,30.34,30.86,29.28,30.01,2294514.0,45448204.0
2012-03-22,29.98,30.37,29.61,30.12,1205203.0,23982570.0
2012-03-23,30.16,30.16,29.05,29.11,1444014.0,28040230.0
2012-03-26,29.11,29.43,28.96,29.21,806220.0,15490582.0
2012-03-27,29.42,29.49,28.4,28.4,1315818.0,25083600.0
2012-03-28,28.25,28.25,25.79,25.97,2149454.0,38181680.0
2012-03-29,25.82,26.22,24.88,25.31,1206702.0,20376840.0
2012-03-30,25.46,25.57,25.02,25.25,639956.0,10664452.0
2012-04-05,25.18,26.16,25.18,26.05,1021094.0,17410922.0
2012-04-06,26.1,26.78,25.79,26.55,1219491.0,21125972.0
2012-04-09,26.38,26.78,26.16,26.23,569428.0,9940203.0
2012-04-11,26.45,27.2,26.2,27.01,1233222.0,21857656.0
2012-04-12,27.04,27.58,26.55,27.39,1096066.0,19541906.0
2012-04-13,27.43,27.67,27.13,27.16,875929.0,15788499.0
2012-04-16,27.08,27.19,26.64,26.79,923797.0,16341708.0
2012-04-17,26.79,26.89,26.4,26.69,675435.0,11836573.0
2012-04-18,26.85,27.58,26.67,27.46,967005.0,17372884.0
2012-04-19,27.43,27.58,27.17,27.46,675728.0,12202039.0
2012-04-20,27.17,27.75,27.17,27.51,924327.0,16814054.0
2012-04-23,27.19,27.52,25.03,25.34,2221447.0,38271132.0
2012-04-24,25.03,25.61,23.97,24.96,1039728.0,16948300.0
2012-04-25,25.14,25.14,24.55,24.88,823876.0,13472169.0
2012-04-26,25.31,25.31,24.55,24.58,712717.0,11642037.0
2012-04-27,24.73,24.94,24.43,24.73,561364.0,9154530.0
2012-05-02,25.14,25.75,24.88,25.4,1057504.0,17664322.0
2012-05-03,25.47,25.7,25.03,25.61,779013.0,13076670.0
2012-05-04,25.43,26.34,25.41,26.31,991017.0,16904000.0
2012-05-07,26.26,27.43,26.05,27.43,1599007.0,28251122.0
2012-05-08,27.46,27.57,27.01,27.13,949324.0,17048832.0
2012-05-09,27.14,27.14,26.44,26.55,855473.0,15038596.0
2012-05-10,26.6,27.2,26.4,27.19,736606.0,13086022.0
2012-05-11,27.23,27.57,26.75,26.75,782866.0,13991436.0
2012-05-14,27.01,27.01,25.96,26.08,750069.0,13139329.0
2012-05-15,25.66,25.72,25.06,25.64,703603.0,11787358.0
2012-05-16,25.55,27.01,25.41,26.23,1252630.0,21817754.0
2012-05-17,25.96,26.87,25.81,26.81,1037726.0,18161008.0
2012-05-18,26.66,26.85,25.93,26.32,675402.0,11726054.0
2012-05-21,26.23,26.9,26.1,26.61,489649.0,8556374.0
2012-05-22,26.69,27.25,26.69,27.23,977697.0,17459412.0
2012-05-23,27.08,27.29,26.4,27.14,945802.0,16767755.0
2012-05-24,27.05,27.22,26.85,27.16,1179391.0,21001342.0
2012-05-25,27.87,28.02,26.32,26.45,1834467.0,32932026.0
2012-05-28,25.82,26.26,24.75,26.13,1071573.0,18011810.0
2012-05-29,25.93,26.85,25.87,26.63,946100.0,16443744.0
2012-05-30,26.7,26.85,26.37,26.79,744447.0,13091973.0
2012-05-31,26.82,27.54,26.72,27.43,2417774.0,43423340.0
2012-06-01,27.55,27.55,26.35,26.38,2664578.0,23198318.0
2012-06-04,26.32,26.32,24.57,24.72,2727734.0,22331476.0
2012-06-05,24.91,25.15,24.63,24.91,1443431.0,11625986.0
2012-06-06,24.81,25.09,24.26,24.35,931754.0,7471546.0
2012-06-07,24.81,24.81,24.35,24.41,906786.0,7224453.0
2012-06-08,24.66,24.91,24.35,24.72,864530.0,6919298.0
2012-06-11,24.78,25.18,24.38,25.12,958536.0,7753246.0
2012-06-12,24.88,25.06,24.57,24.57,687525.0,5528995.0
2012-06-13,24.63,25.06,24.57,25.06,1358724.0,10947598.0
2012-06-14,24.97,25.03,24.57,24.6,1088372.0,8766274.0
2012-06-15,24.6,25.03,24.38,24.84,864513.0,6939653.0
2012-06-18,24.88,25.31,24.63,25.12,1157772.0,9456576.0
2012-06-19,25.09,25.12,24.81,24.94,969599.0,7848155.0
2012-06-20,24.97,26.08,24.84,25.8,2704564.0,22623956.0
2012-06-21,25.71,25.71,24.72,24.94,1648577.0,13396255.0
2012-06-25,24.84,24.84,23.55,24.11,1159630.0,9142423.0
2012-06-26,23.74,24.17,23.15,23.92,877463.0,6740773.0
2012-06-27,23.7,24.41,23.64,23.92,1126117.0,8768445.0
2012-06-28,23.95,24.26,23.58,23.58,711628.0,5513026.0
2012-06-29,23.27,23.92,23.27,23.86,1013485.0,7783054.0
2012-07-02,24.2,24.38,23.55,24.29,1487789.0,11588211.0
2012-07-03,24.32,24.66,24.04,24.63,1165145.0,9254567.0
2012-07-04,24.63,24.63,23.86,24.01,1532307.0,12002941.0
2012-07-05,23.86,23.89,23.18,23.21,765400.0,5817143.0
2012-07-06,23.4,23.52,22.66,23.37,1205058.0,9066297.0
2012-07-09,23.27,23.27,22.23,22.23,1310500.0,9644033.0
2012-07-10,22.2,22.26,21.52,21.64,1041294.0,7336265.0
2012-07-11,21.64,21.86,21.34,21.86,803327.0,5649364.0
2012-07-12,21.92,22.35,21.34,22.07,1034294.0,7348044.0
2012-07-13,22.07,22.2,21.64,21.64,603440.0,4283134.0
2012-07-16,22.38,23.21,21.73,21.77,2240793.0,16304604.0
2012-07-17,21.4,22.2,21.4,22.2,877020.0,6225145.0
2012-07-18,22.14,22.2,21.7,22.07,701680.0,5006922.0
2012-07-19,22.07,22.66,21.89,22.32,1040773.0,7583254.0
2012-07-20,22.41,23.55,22.07,22.75,2516254.0,18605058.0
2012-07-23,22.44,22.63,22.07,22.29,924650.0,6699915.0
2012-07-24,22.17,22.91,22.17,22.5,1033786.0,7581850.0
2012-07-25,22.72,22.91,22.26,22.5,875336.0,6406476.0
2012-07-26,22.35,23.37,22.32,22.75,1805387.0,13407469.0
2012-07-27,23.03,23.09,22.44,22.63,1040148.0,7651929.0
2012-07-30,22.66,22.75,22.44,22.54,925931.0,6791771.0
2012-07-31,22.41,22.97,21.8,22.57,1434875.0,10429083.0
2012-08-01,22.38,23.06,22.38,22.97,1008023.0,7484624.0
2012-08-02,22.97,23.8,22.75,23.61,2536452.0,19202446.0
2012-08-03,23.43,23.95,23.4,23.8,1400189.0,10756796.0
2012-08-06,23.8,24.2,23.58,23.83,4550857.0,35213536.0
2012-08-07,23.83,24.32,23.7,24.14,2895727.0,22638208.0
2012-08-08,24.32,24.51,23.46,23.74,1617104.0,12507512.0
2012-08-09,23.8,24.04,23.43,23.98,1535907.0,11849993.0
2012-08-10,24.11,24.14,23.49,23.77,1088668.0,8403330.0
2012-08-13,23.67,23.92,22.47,22.57,1581390.0,11889258.0
2012-08-14,22.6,23.06,22.32,22.91,1331592.0,9823970.0
2012-08-15,22.84,23.15,22.63,22.78,985815.0,7346298.0
2012-08-16,22.66,23.12,22.66,22.94,617255.0,4600625.0
2012-08-17,22.91,23.24,22.78,23.09,777025.0,5813353.0
2012-08-20,23.03,23.34,22.66,23.3,1418678.0,10605650.0
2012-08-21,23.21,24.14,23.06,24.01,2554259.0,19586014.0
2012-08-22,23.77,24.17,23.58,23.98,2238008.0,17381810.0
2012-08-23,24.04,24.41,23.74,24.38,2079874.0,16299055.0
2012-08-24,24.32,24.91,23.58,23.67,2461679.0,19380254.0
2012-08-27,23.24,23.77,22.84,23.0,2018024.0,15272935.0
2012-08-28,23.0,23.37,22.5,23.09,733653.0,5480321.0
2012-08-29,22.94,24.07,22.69,23.34,1272237.0,9704556.0
2012-08-30,23.37,23.37,22.01,22.32,1855232.0,13677338.0
2012-08-31,22.07,22.78,22.07,22.5,732800.0,5345810.0
2012-09-03,22.41,23.12,22.04,22.91,1035990.0,7675528.0
2012-09-04,22.87,23.18,22.5,22.57,825859.0,6105632.0
2012-09-05,22.57,23.03,22.32,22.91,941382.0,6970948.0
2012-09-06,23.67,24.29,23.09,23.49,4530650.0,34536068.0
2012-09-07,23.83,24.94,23.46,24.57,5980550.0,47505932.0
2012-09-10,24.48,25.09,24.41,24.81,4232407.0,34016552.0
2012-09-11,24.6,24.91,24.14,24.88,2745402.0,21863298.0
2012-09-12,24.84,25.37,24.69,25.18,3469212.0,28260436.0
2012-09-13,25.24,25.34,23.98,24.01,3209799.0,25774690.0
2012-09-14,24.26,24.54,23.67,24.14,2405187.0,18865696.0
2012-09-17,24.26,24.29,23.4,23.46,1402598.0,10855712.0
2012-09-18,23.61,24.57,23.24,24.04,2420695.0,18923422.0
2012-09-19,24.04,24.17,23.74,24.11,1213294.0,9438882.0
2012-09-20,24.01,24.2,23.34,23.49,1449767.0,11107918.0
2012-09-21,23.3,23.83,22.01,22.32,1660824.0,12327235.0
2012-09-24,22.17,22.57,21.49,22.32,1533356.0,10952908.0
2012-09-25,22.26,22.29,21.67,21.67,894803.0,6367271.0
2012-09-26,21.67,21.8,21.0,21.03,859139.0,5936036.0
2012-09-27,21.09,21.64,20.66,21.52,1270517.0,8751395.0
2012-09-28,21.24,21.98,21.24,21.89,951099.0,6692195.0
2012-10-08,21.98,22.01,21.49,21.64,726712.0,5119166.0
2012-10-09,22.01,22.6,21.73,22.47,1466402.0,10609307.0
2012-10-10,22.69,22.97,22.2,22.84,1687128.0,12410214.0
2012-10-11,22.63,23.27,22.17,22.57,2008816.0,14819139.0
2012-10-12,22.78,22.91,22.14,22.41,1293497.0,9424615.0
2012-10-15,22.14,22.14,21.4,21.89,1487596.0,10504490.0
2012-10-16,21.83,22.07,21.58,21.7,647989.0,4590336.0
2012-10-17,21.7,21.86,21.49,21.83,1699298.0,11975271.0
2012-10-18,21.83,22.17,21.67,21.98,1538303.0,10960682.0
2012-10-19,22.01,22.1,21.77,21.83,578090.0,4114488.0
2012-10-22,21.7,21.92,21.61,21.86,767707.0,5430845.0
2012-10-23,21.86,21.95,21.36,21.46,1626641.0,11428305.0
2012-10-24,21.36,21.46,21.12,21.15,941120.0,6495085.0
2012-10-25,21.34,21.52,21.12,21.15,763401.0,5284891.0
2012-10-26,20.84,21.15,20.16,20.26,1250578.0,8347142.0
2012-10-29,20.29,20.29,19.46,19.64,1290272.0,8317556.0
2012-10-30,19.58,19.83,19.24,19.64,1026825.0,6524786.0
2012-10-31,19.7,20.01,19.46,19.73,1043550.0,6700800.0
2012-11-01,19.83,20.1,19.61,19.95,1411193.0,9142565.0
2012-11-02,20.01,20.04,19.77,19.89,711960.0,4604748.0
2012-11-05,19.95,19.95,18.47,18.9,3507389.0,21520540.0
2012-11-06,18.87,18.87,18.23,18.63,2044670.0,12270732.0
2012-11-07,18.62,18.75,18.47,18.69,1003117.0,6069114.0
2012-11-08,18.41,18.69,18.16,18.16,809800.0,4852262.0
2012-11-09,18.26,18.32,17.92,18.29,720758.0,4249323.0
2012-11-12,18.38,18.5,18.26,18.41,536025.0,3202801.0
2012-11-13,18.59,18.81,18.41,18.5,1802224.0,10912248.0
2012-11-14,18.5,18.5,17.58,18.01,1322285.0,7700159.0
2012-11-15,17.92,17.92,17.49,17.55,1072975.0,6164830.0
2012-11-16,17.49,17.7,17.24,17.36,699698.0,3967326.0
2012-11-19,17.24,17.55,17.15,17.52,702110.0,3964888.0
2012-11-20,17.61,17.79,17.43,17.55,662239.0,3782692.0
2012-11-21,17.49,18.19,17.39,18.16,1508162.0,8703348.0
2012-11-22,18.07,18.1,17.73,17.89,861009.0,5002656.0
2012-11-23,17.86,18.01,17.76,17.92,745286.0,4331801.0
2012-11-26,17.92,17.92,17.43,17.43,722050.0,4114495.0
2012-11-27,17.24,17.43,16.5,16.5,1121403.0,6126724.0
2012-11-28,16.32,16.47,15.82,15.95,987647.0,5163859.0
2012-11-29,16.13,16.22,15.42,15.61,745711.0,3862270.0
2012-11-30,15.61,15.86,15.61,15.73,707059.0,3607548.0
2012-12-03,15.58,15.86,15.27,15.33,698608.0,3528081.0
2012-12-04,15.24,15.92,15.18,15.73,980409.0,4958908.0
2012-12-05,15.79,16.47,15.61,16.16,2492872.0,13126380.0
2012-12-06,16.22,17.79,16.19,17.79,4368126.0,24985640.0
2012-12-07,18.16,19.58,18.04,19.58,13898597.0,85228184.0
2012-12-10,19.7,21.03,19.0,20.41,13734372.0,88860744.0
2012-12-11,20.32,20.57,19.58,19.67,9059995.0,58663196.0
2012-12-12,19.49,19.98,19.06,19.67,6916421.0,43812496.0
2012-12-13,19.43,19.73,19.06,19.21,6135198.0,38476788.0
2012-12-14,19.09,20.75,18.93,20.13,9813386.0,63594156.0
2012-12-17,20.01,20.44,19.55,20.44,7558007.0,49175776.0
2012-12-18,20.35,20.87,19.73,19.83,7095462.0,46987480.0
2012-12-19,19.67,20.23,19.49,19.77,4039835.0,26062146.0
2012-12-20,19.77,21.73,19.61,21.73,9874176.0,68433904.0
2012-12-21,22.84,23.37,21.4,21.8,17421842.0,127442560.0
2012-12-24,21.3,22.01,20.72,21.34,10106663.0,69274024.0
2012-12-25,20.9,21.55,20.66,21.34,10273507.0,70798144.0
2012-12-26,21.27,21.49,20.9,21.49,9570363.0,65991024.0
2012-12-27,21.55,21.77,20.6,20.63,6533496.0,44673460.0
2012-12-28,20.6,21.09,20.13,20.72,4599729.0,30666086.0
2012-12-31,20.69,20.9,20.35,20.87,4179402.0,28008008.0
2013-01-04,21.0,22.97,20.96,21.7,14302747.0,102235344.0
2013-01-07,21.34,23.89,21.09,23.89,24526552.0,183192448.0
2013-01-08,23.74,25.24,22.97,24.48,30451288.0,237393824.0
2013-01-09,23.55,24.14,22.93,23.55,13794648.0,105567008.0
2013-01-10,23.37,23.64,23.09,23.34,9314223.0,70574528.0
2013-01-11,23.4,24.54,23.15,23.34,13365979.0,102885520.0
2013-01-14,23.03,23.95,22.72,23.86,9883272.0,75858008.0
2013-01-15,23.7,24.48,23.4,24.07,12785813.0,100089112.0
2013-01-16,23.89,23.98,22.29,23.18,10891820.0,82184584.0
2013-01-17,23.27,23.89,22.93,23.4,5710762.0,43512056.0
2013-01-18,23.37,23.58,22.78,23.46,5188672.0,39210948.0
2013-01-21,23.52,23.67,23.09,23.64,5647349.0,43016608.0
2013-01-22,23.83,23.83,22.32,22.44,6287189.0,46952544.0
2013-01-23,22.32,22.41,21.24,22.01,6029945.0,42871228.0
2013-01-24,21.98,22.38,20.63,20.81,5482006.0,38390272.0
2013-01-25,20.9,21.4,20.81,21.09,2912207.0,19966200.0
2013-01-28,21.09,21.95,21.09,21.95,3645848.0,25579408.0
2013-01-29,22.26,22.26,21.8,21.89,2765240.0,19739092.0
2013-01-30,21.86,22.07,21.49,21.61,3071425.0,21622124.0
2013-01-31,21.09,21.09,19.83,20.5,8834358.0,58323796.0
2013-02-01,20.2,20.63,20.07,20.32,4137144.0,27288816.0
2013-02-04,20.47,20.78,20.16,20.66,3830351.0,25588784.0
2013-02-05,20.66,20.72,20.16,20.66,3194110.0,21201642.0
2013-02-06,20.66,20.9,20.5,20.75,2692090.0,18141994.0
2013-02-07,20.81,21.4,20.5,21.24,3117450.0,21262366.0
2013-02-08,21.18,21.67,21.12,21.46,3123260.0,21719746.0
2013-02-18,21.55,21.67,21.12,21.61,3332877.0,23217758.0
2013-02-19,21.55,21.58,20.96,21.03,2602136.0,17918588.0
2013-02-20,21.03,21.8,20.87,21.8,3791257.0,26475798.0
2013-02-21,21.67,22.14,21.24,21.52,5067606.0,35822172.0
2013-02-22,21.43,22.04,21.18,21.89,3939438.0,27778716.0
2013-02-25,21.92,22.14,21.67,22.04,3312741.0,23584312.0
2013-02-26,21.92,22.17,21.21,21.27,3989621.0,28176452.0
2013-02-27,21.27,21.67,20.6,20.66,3313149.0,22611614.0
2013-02-28,20.66,21.0,20.32,21.0,3590124.0,24161218.0
2013-03-01,21.09,22.01,20.9,21.89,6111845.0,43047172.0
2013-03-04,21.67,21.7,20.5,20.75,4858884.0,33436246.0
2013-03-05,20.63,21.43,20.5,21.43,2842525.0,19446284.0
2013-03-06,21.27,21.98,21.27,21.83,7207443.0,50759816.0
2013-03-07,21.86,22.04,21.27,21.64,4863317.0,34363616.0
2013-03-08,21.64,22.17,21.55,22.17,5501493.0,39073020.0
2013-03-11,22.32,22.41,21.77,21.83,4674824.0,33386430.0
2013-03-12,21.67,21.73,20.16,20.44,5070030.0,34427396.0
2013-03-13,20.29,20.47,19.52,19.95,3115898.0,20145412.0
2013-03-14,19.76,20.23,19.76,19.92,1800176.0,11699113.0
2013-03-15,19.86,20.26,19.39,19.95,2749817.0,17714224.0
2013-03-18,19.95,19.95,19.12,19.12,2261436.0,14282795.0
2013-03-19,19.09,19.24,18.29,18.75,2790086.0,17001210.0
2013-03-20,18.75,19.52,18.66,19.39,2457693.0,15291349.0
2013-03-21,19.46,19.73,19.27,19.64,2781031.0,17642532.0
2013-03-22,19.49,19.86,19.43,19.7,2875928.0,18323164.0
2013-03-25,19.86,19.86,19.33,19.39,2308613.0,14609827.0
2013-03-26,19.46,19.46,18.84,18.9,2380230.0,14683027.0
2013-03-27,18.93,19.18,18.78,18.93,1513681.0,9339261.0
2013-03-28,18.87,18.87,18.29,18.35,2454480.0,14788791.0
2013-03-29,18.53,18.96,18.41,18.5,1353706.0,8199777.0
2013-04-01,18.35,18.93,18.32,18.72,1134252.0,6902416.0
2013-04-02,18.75,19.09,18.72,18.9,1332881.0,8185239.0
2013-04-03,18.56,18.72,17.79,18.01,4579876.0,26892130.0
2013-04-08,17.55,18.16,17.3,18.04,1875889.0,10811566.0
2013-04-09,18.41,19.52,18.41,18.81,5446422.0,33496860.0
2013-04-10,18.5,18.62,18.16,18.23,2599418.0,15472363.0
2013-04-11,18.26,18.35,17.82,17.92,1719857.0,10091264.0
2013-04-12,17.82,18.16,17.82,17.89,1108802.0,6483793.0
2013-04-15,17.79,18.1,17.7,17.82,1245471.0,7238013.0
2013-04-16,17.64,18.16,17.46,18.16,913007.0,5324668.0
2013-04-17,17.92,18.38,17.92,18.35,956676.0,5653991.0
2013-04-18,18.29,18.56,18.16,18.38,1375723.0,8227124.0
2013-04-19,18.59,19.12,18.56,18.75,3341418.0,20478826.0
2013-04-22,18.47,19.06,18.32,18.96,2200378.0,13428378.0
2013-04-23,18.93,18.93,18.1,18.16,2085877.0,12448094.0
2013-04-24,18.13,18.38,17.79,18.26,2232387.0,13119141.0
2013-04-25,18.26,18.26,17.36,17.36,2675080.0,15445021.0
2013-04-26,17.49,17.49,16.66,16.66,1557174.0,8613618.0
2013-05-02,16.59,16.78,16.29,16.62,1205277.0,6472439.0
2013-05-03,16.62,17.18,16.62,16.93,1567762.0,8610377.0
2013-05-06,16.93,17.36,16.84,17.12,1695079.0,9395896.0
2013-05-07,17.12,17.52,16.87,17.39,2988863.0,16704332.0
2013-05-08,17.49,17.55,17.09,17.43,2510123.0,14134555.0
2013-05-09,17.39,18.26,17.18,18.04,4137649.0,24046412.0
2013-05-10,17.73,18.96,17.21,18.38,8836716.0,52433164.0
2013-05-13,18.16,18.59,17.89,18.1,6016871.0,35431404.0
2013-05-14,18.38,18.38,17.64,17.86,2448617.0,14179172.0
2013-05-15,17.89,18.32,17.79,18.23,4017978.0,23629662.0
2013-05-16,18.23,18.32,18.01,18.04,4075152.0,24081652.0
2013-05-17,18.04,18.32,17.82,18.29,3775951.0,22251614.0
2013-05-20,18.47,18.9,18.26,18.72,3880312.0,23499614.0
2013-05-21,18.93,18.93,18.56,18.81,4081206.0,24818996.0
2013-05-22,18.75,18.87,18.32,18.59,4386258.0,26412006.0
2013-05-23,18.66,18.84,18.32,18.84,5195260.0,31380098.0
2013-05-24,18.93,19.36,18.66,19.15,6146063.0,37955092.0
2013-05-27,19.21,19.33,18.81,19.06,3534267.0,21888058.0
2013-05-28,19.06,19.27,18.41,18.66,4120105.0,24942026.0
2013-05-29,18.78,19.03,18.62,18.78,3018824.0,18430696.0
2013-05-30,18.87,19.12,18.81,18.96,3357737.0,20677282.0
2013-05-31,19.03,19.03,18.53,18.56,3087075.0,18885352.0
2013-06-03,18.35,18.66,18.16,18.19,3266451.0,19522198.0
2013-06-04,18.13,18.23,17.46,17.61,3183791.0,18318654.0
2013-06-05,17.55,17.95,17.52,17.7,1764733.0,10175391.0
2013-06-06,17.73,17.89,17.52,17.55,1948529.0,11191945.0
2013-06-07,17.46,17.76,17.18,17.55,1990028.0,11308520.0
2013-06-13,17.09,17.3,16.32,16.96,2072848.0,11288875.0
2013-06-14,16.78,17.55,16.53,17.39,1726260.0,9699082.0
2013-06-17,18.01,18.32,17.39,17.43,2251519.0,12953370.0
2013-06-18,17.52,17.67,17.02,17.43,2168932.0,12221062.0
2013-06-19,17.33,17.49,17.09,17.46,922468.0,5184621.0
2013-06-20,17.39,17.61,17.05,17.12,1744518.0,9853113.0
2013-06-21,17.02,17.43,16.66,17.15,1315839.0,7300467.0
2013-06-24,17.33,17.86,15.79,16.41,1935962.0,10416209.0
2013-06-25,16.22,16.44,15.27,16.04,2575165.0,13236516.0
2013-06-26,16.62,17.64,16.62,17.09,11331008.0,64203160.0
2013-06-27,16.32,16.69,16.01,16.1,6945496.0,36915736.0
2013-06-28,15.7,16.1,15.27,15.64,3263618.0,16642646.0
2013-07-01,15.67,15.95,15.36,15.89,1995735.0,10123304.0
2013-07-02,15.79,16.22,15.55,16.13,2915287.0,15056580.0
2013-07-03,15.88,16.38,15.55,15.82,1913877.0,9811577.0
2013-07-04,15.76,16.1,15.64,15.92,1458538.0,7529592.0
2013-07-05,16.13,16.41,15.86,15.86,2326615.0,12231177.0
2013-07-08,15.73,15.73,15.02,15.46,1757530.0,8823356.0
2013-07-09,15.58,15.82,15.24,15.82,1452340.0,7332090.0
2013-07-10,15.73,16.19,15.7,16.13,1466013.0,7595388.0
2013-07-11,16.16,16.53,16.16,16.41,2730128.0,14539637.0
2013-07-12,16.41,16.78,16.01,16.04,2475066.0,13153160.0
2013-07-15,15.95,16.32,15.88,16.16,2188938.0,11448155.0
2013-07-16,16.19,16.69,16.13,16.62,3343408.0,17898656.0
2013-07-17,16.81,16.81,16.35,16.44,2252941.0,12066910.0
2013-07-18,16.44,16.69,16.13,16.47,1821977.0,9709483.0
2013-07-19,16.5,16.96,15.88,15.95,2615501.0,14005035.0
2013-07-22,16.07,16.38,15.42,16.32,1657079.0,8664299.0
2013-07-23,16.9,17.49,16.41,17.24,6501189.0,36012056.0
2013-07-24,16.99,17.33,16.84,17.3,5529682.0,30817992.0
2013-07-25,18.47,18.93,17.05,17.27,11246461.0,65484868.0
2013-07-26,16.75,17.21,16.32,16.69,3696835.0,20006596.0
2013-07-29,16.5,18.35,16.19,18.35,11394697.0,66989548.0
2013-07-30,18.32,18.41,17.39,17.7,12207422.0,70506392.0
2013-07-31,17.67,18.07,17.33,17.7,5927294.0,34051736.0
2013-08-01,17.76,18.35,17.49,18.13,6584790.0,38317972.0
2013-08-02,18.13,19.09,17.79,18.62,8994538.0,53838984.0
2013-08-05,18.53,18.62,18.01,18.44,5243182.0,31268130.0
2013-08-06,18.44,18.69,18.26,18.41,3556029.0,21271108.0
2013-08-07,18.38,18.5,17.55,17.61,4683869.0,27267096.0
2013-08-08,17.73,17.95,17.49,17.73,2725352.0,15672461.0
2013-08-09,17.89,18.75,17.33,18.44,6137123.0,36167484.0
2013-08-12,18.32,18.38,18.01,18.19,3878982.0,22906094.0
2013-08-13,18.1,18.44,18.1,18.26,2792693.0,16585065.0
2013-08-14,18.53,19.49,18.47,18.53,8662311.0,53451272.0
2013-08-15,18.35,18.59,17.95,18.04,4775727.0,28305770.0
2013-08-16,17.86,18.59,17.43,17.46,3466670.0,20192162.0
2013-08-19,17.36,18.01,17.3,17.98,2567443.0,14773693.0
2013-08-20,17.79,18.47,17.79,18.07,2758099.0,16267383.0
2013-08-21,18.32,18.32,17.98,18.16,1595163.0,9389538.0
2013-08-22,18.1,18.35,17.95,18.16,2709063.0,15981666.0
2013-08-23,18.16,18.32,17.73,18.01,2643552.0,15492613.0
2013-08-26,18.01,18.35,17.92,18.29,2192332.0,12918662.0
2013-08-27,18.19,18.78,18.1,18.78,3956463.0,23812690.0
2013-08-28,18.59,18.87,18.32,18.35,2403095.0,14459958.0
2013-08-29,18.29,18.66,18.13,18.32,1793696.0,10710549.0
2013-08-30,18.32,18.87,18.13,18.75,5045851.0,30368672.0
2013-09-02,18.93,20.26,18.66,19.7,10752894.0,68001368.0
2013-09-03,20.87,21.3,19.55,19.67,14689345.0,96344560.0
2013-09-04,19.33,19.58,19.06,19.33,5884374.0,36779424.0
2013-09-05,19.3,19.8,19.21,19.27,4725719.0,29880192.0
2013-09-06,19.06,19.3,18.81,19.18,3848404.0,23782560.0
2013-09-09,19.18,19.27,18.93,19.15,3246833.0,20126462.0
2013-09-10,19.18,19.24,18.78,18.96,3736538.0,22976922.0
2013-09-11,18.96,19.55,18.75,18.81,3905285.0,24215932.0
2013-09-12,18.72,19.0,18.62,18.84,2630769.0,16084240.0
2013-09-13,18.93,18.93,18.62,18.84,2107127.0,12865789.0
2013-09-16,18.84,19.03,18.75,18.9,2005437.0,12298816.0
2013-09-17,18.84,18.96,18.04,18.13,2728400.0,16384837.0
2013-09-18,18.16,18.29,18.07,18.26,1249972.0,7385350.0
2013-09-23,18.32,19.18,18.29,18.96,3114881.0,19022706.0
2013-09-24,18.93,19.0,18.75,18.9,2443936.0,14978149.0
2013-09-25,18.84,19.21,18.69,19.09,3246497.0,20030178.0
2013-09-26,18.93,19.21,18.5,18.75,1924493.0,11802875.0
2013-09-27,18.5,18.9,18.5,18.62,1370839.0,8325217.0
2013-09-30,18.59,18.69,18.44,18.69,1512420.0,9134583.0
2013-10-08,18.72,18.87,18.53,18.75,3127157.0,18976030.0
2013-10-09,18.69,19.03,18.66,18.96,2357864.0,14406194.0
2013-10-10,18.93,19.3,18.72,18.81,2228850.0,13717442.0
2013-10-11,18.78,19.64,18.78,19.27,4026683.0,25234124.0
2013-10-14,19.15,19.89,19.15,19.58,4519124.0,28790326.0
2013-10-15,19.0,19.15,18.35,18.53,6691885.0,40563856.0
2013-10-16,18.56,18.56,17.86,17.95,2911703.0,17093368.0
2013-10-17,18.16,18.38,17.98,18.29,1794072.0,10610875.0
2013-10-18,18.38,18.41,17.61,17.86,2942050.0,17122628.0
2013-10-21,17.98,18.9,17.67,18.9,4293262.0,25667602.0
2013-10-22,18.96,20.41,18.75,19.98,14377393.0,91579240.0
2013-10-23,19.95,20.47,19.24,19.73,10562341.0,67881600.0
2013-10-24,19.7,20.04,19.24,19.8,4841838.0,30937654.0
2013-10-25,20.01,20.04,19.24,19.58,4073580.0,26046036.0
2013-10-28,19.52,19.73,19.18,19.55,1699277.0,10716601.0
2014-01-22,21.52,21.52,21.52,21.52,402313.0,2812168.0
2014-01-23,23.67,23.67,23.67,23.67,264291.0,2032398.0
2014-01-24,25.55,25.55,23.09,24.51,37537556.0,295185536.0
2014-01-27,23.34,24.2,22.78,22.78,17481740.0,133016776.0
2014-01-28,22.6,23.37,22.47,22.66,9792943.0,72797640.0
2014-01-29,22.69,23.03,22.2,22.97,7395036.0,54444100.0
2014-01-30,22.32,22.78,21.46,21.73,8262581.0,59451724.0
2014-02-07,21.73,22.01,21.49,21.92,7027975.0,49892220.0
2014-02-10,21.92,23.27,21.89,23.15,13164325.0,96938784.0
2014-02-11,22.81,23.24,22.44,22.81,8490529.0,62968420.0
2014-02-12,22.93,24.11,22.72,23.8,11165500.0,85610032.0
2014-02-13,23.58,24.6,23.4,23.61,11354895.0,88585208.0
2014-02-14,23.61,24.01,23.15,23.43,6714452.0,51090424.0
2014-02-17,23.49,24.35,23.27,24.04,7963464.0,61609464.0
2014-02-18,24.04,26.45,23.77,26.45,19847976.0,167218416.0
2014-02-19,27.31,27.74,25.24,25.8,19633550.0,167597808.0
2014-02-20,25.52,26.14,24.11,24.29,14592936.0,117289416.0
2014-02-21,23.77,24.6,23.64,24.17,8383557.0,65589912.0
2014-02-24,24.01,26.01,23.7,25.71,10293047.0,83197600.0
2014-02-25,25.27,25.86,23.15,23.89,12138660.0,98215432.0
2014-02-26,23.4,23.98,22.47,23.7,4161617.0,31468302.0
2014-02-27,23.7,24.63,22.78,22.97,6119075.0,47433244.0
2014-02-28,23.0,23.24,22.26,22.78,4866421.0,35781452.0
2014-03-03,22.57,23.83,21.92,23.7,6596433.0,49201856.0
2014-03-04,24.01,24.57,23.49,24.2,5194373.0,40658656.0
2014-03-05,24.01,25.09,24.01,24.32,5403987.0,43044796.0
2014-03-06,24.11,24.78,23.95,24.78,3781125.0,29813392.0
2014-03-07,25.0,25.0,24.48,24.72,4417067.0,35488320.0
2014-03-10,24.44,24.63,23.3,23.52,4545607.0,35020384.0
2014-03-11,23.4,24.2,22.87,23.64,3483868.0,26791494.0
2014-03-12,23.95,24.11,22.57,23.06,2701192.0,20373080.0
2014-03-13,23.09,23.77,22.69,22.87,4006320.0,30048520.0
2014-03-14,22.93,23.49,22.69,23.15,2089160.0,15704102.0
2014-03-17,23.21,24.38,23.15,24.35,4481261.0,34786940.0
2014-03-18,24.48,25.58,24.11,25.03,6472172.0,52599584.0
2014-03-19,25.03,25.98,24.75,25.55,6021482.0,49536712.0
2014-03-20,25.55,25.64,24.17,24.2,4459546.0,36009976.0
2014-03-21,24.17,25.31,23.77,24.78,3778285.0,30233294.0
2014-03-24,24.75,25.18,24.14,24.32,3459511.0,27468550.0
2014-03-25,24.32,25.15,24.04,24.84,5650507.0,45354860.0
2014-03-26,25.34,25.55,24.72,24.91,4064262.0,33002950.0
2014-03-27,24.72,25.34,24.69,24.84,4932369.0,40185060.0
2014-03-28,24.75,25.03,22.66,22.91,5335831.0,40841000.0
2014-03-31,22.9,23.06,21.89,22.23,3851281.0,28224016.0
2014-04-01,22.47,23.15,22.32,23.06,1656425.0,12295412.0
2014-04-02,23.12,23.34,22.32,22.5,2146441.0,15873603.0
2014-04-03,22.84,23.18,22.54,22.57,2051908.0,15219892.0
2014-04-04,22.57,22.87,22.17,22.78,1049551.0,7706095.0
2014-04-08,22.54,23.52,22.44,23.34,1902730.0,14266531.0
2014-04-09,23.4,24.14,23.4,23.8,1800356.0,13877615.0
2014-04-10,23.7,24.41,23.64,23.8,2723381.0,21254610.0
2014-04-11,23.8,25.06,23.43,23.86,3723362.0,29275382.0
2014-04-14,24.04,24.47,23.92,24.17,2369947.0,18615536.0
2014-04-15,24.07,24.38,23.92,24.23,1670568.0,13112040.0
2014-04-16,24.01,24.78,24.01,24.6,2603954.0,20718996.0
2014-04-17,24.63,25.09,24.38,24.84,3210758.0,25800598.0
2014-04-18,24.88,25.83,24.69,25.49,4698106.0,38738452.0
2014-04-21,25.12,27.25,24.94,25.8,7630635.0,64753096.0
2014-04-22,25.34,26.94,25.31,26.57,7822164.0,66525404.0
2014-04-23,26.41,27.46,25.8,26.01,7504545.0,64651612.0
2014-04-24,26.01,26.01,24.84,25.0,5907170.0,48622160.0
2014-04-25,24.72,27.25,24.66,25.89,10034933.0,85723664.0
2014-04-28,25.12,27.43,24.88,26.63,11929589.0,102920264.0
2014-04-29,26.32,26.57,24.63,25.89,7808698.0,64773168.0
2014-04-30,25.68,28.48,25.43,28.14,17191618.0,152915808.0
2014-05-05,27.55,28.88,27.15,28.63,14466434.0,132004464.0
2014-05-06,28.32,28.63,27.58,28.02,11388817.0,103824912.0
2014-05-07,28.14,28.41,26.94,28.32,11309355.0,101759984.0
2014-05-08,27.71,28.17,26.51,26.63,10108514.0,89968000.0
2014-05-09,26.45,26.91,25.03,25.31,8387647.0,70449336.0
2014-05-12,25.52,26.38,24.84,25.74,6450436.0,53510280.0
2014-05-13,25.61,26.48,25.58,26.01,4132979.0,34911652.0
2014-05-14,25.92,26.41,25.4,25.4,4002012.0,33653816.0
2014-05-15,25.24,25.86,24.91,24.91,3892690.0,32069766.0
2014-05-16,24.88,25.18,23.64,24.04,5336001.0,42070520.0
2014-05-19,24.01,24.6,23.8,24.54,2432388.0,19105964.0
2014-05-20,24.57,25.12,24.35,24.44,3415515.0,27496246.0
2014-05-21,24.35,24.91,23.86,24.78,2114403.0,16811974.0
2014-05-22,24.78,25.55,24.78,25.21,4459730.0,36644216.0
2014-05-23,25.21,25.92,24.94,25.8,3339074.0,27603338.0
2014-05-26,25.77,27.12,25.68,26.91,6695022.0,57832496.0
2014-05-27,26.91,27.09,26.45,26.81,3344116.0,28956976.0
2014-05-28,27.09,27.25,26.48,27.06,4040109.0,35212484.0
2014-05-29,27.18,27.55,26.48,26.51,4380992.0,38363904.0
2014-05-30,26.32,26.48,25.83,26.11,2410187.0,20454032.0
2014-06-03,26.11,26.45,26.01,26.26,1979237.0,16874606.0
2014-06-04,26.32,26.54,25.12,25.31,3021962.0,25068098.0
2014-06-05,25.15,26.14,25.09,26.11,2079548.0,17343736.0
2014-06-06,26.14,26.72,26.01,26.69,2493505.0,21325254.0
2014-06-09,26.69,27.18,26.41,26.81,3266218.0,28517228.0
2014-06-10,26.6,27.92,26.41,27.31,5071408.0,44652756.0
2014-06-18,27.83,28.63,26.01,26.01,7062161.0,62348796.0
2014-06-19,26.2,28.32,26.2,26.94,7800825.0,68775840.0
2014-06-20,26.63,26.63,25.55,26.32,4793974.0,40656008.0
2014-06-23,26.35,26.69,25.92,26.2,3539956.0,30235194.0
2014-06-24,26.38,26.51,25.77,26.07,3234141.0,27428188.0
2014-06-25,26.07,26.07,25.49,25.74,2995982.0,24957482.0
2014-06-26,25.58,26.72,25.58,26.48,5121132.0,43673064.0
2014-06-27,26.32,26.35,25.86,26.17,4142830.0,35106988.0
2014-06-30,26.01,27.4,25.92,27.12,4773736.0,41483368.0
2014-07-01,27.12,27.12,26.35,26.78,5368701.0,46524368.0
2014-07-02,26.78,29.28,26.57,28.69,16929076.0,154392320.0
2014-07-03,28.41,29.18,28.02,28.82,13385279.0,123719288.0
2014-07-04,28.75,29.95,28.6,29.31,11373079.0,108350336.0
2014-07-07,29.25,29.59,28.57,29.28,5990145.0,56609272.0
2014-07-08,29.03,29.28,28.14,28.94,6697471.0,62380064.0
2014-07-09,28.69,30.42,28.32,29.31,10151920.0,96866400.0
2014-07-10,29.28,29.95,29.0,29.4,5928602.0,56863488.0
2014-07-11,29.25,31.71,29.0,31.09,12724356.0,127187288.0
2014-07-14,31.55,32.79,30.85,31.55,10461704.0,107991464.0
2014-07-15,32.17,32.17,30.42,31.09,8877968.0,89459072.0
2014-07-16,30.79,31.77,29.95,30.57,5188617.0,51868976.0
2014-07-17,30.72,33.52,30.17,32.82,8924020.0,93244376.0
2014-07-18,32.63,33.25,31.59,31.71,7209889.0,75893264.0
2014-07-21,31.71,32.73,31.12,31.77,4646373.0,48241860.0
2014-07-22,32.17,33.31,31.34,32.51,7719067.0,80902136.0
2014-07-23,32.08,32.57,30.32,30.48,7093029.0,71851912.0
2014-07-24,30.39,30.75,29.25,30.2,3881369.0,38006832.0
2014-07-25,30.2,31.12,29.98,30.63,1809245.0,18021688.0
2014-07-28,30.66,32.02,30.48,31.95,3837106.0,39480452.0
2014-07-29,32.32,32.42,31.46,32.29,3488940.0,36205868.0
2014-07-30,32.26,32.29,31.52,31.95,2316309.0,24015268.0
2014-07-31,32.05,32.45,31.46,32.45,4114090.0,42841340.0
2014-08-01,32.29,32.29,31.16,31.49,3629566.0,37255808.0
2014-08-04,31.34,32.2,30.57,31.77,2973032.0,30776704.0
2014-08-05,31.52,32.14,30.79,31.86,3615080.0,37039192.0
2014-08-06,31.71,32.11,30.79,31.92,3536276.0,36406728.0
2014-08-07,31.8,33.4,31.52,32.79,6265882.0,66644968.0
2014-08-08,32.79,35.09,32.79,33.74,5740494.0,63319468.0
2014-08-11,33.56,34.63,32.97,34.11,4607904.0,50823980.0
2014-08-12,33.8,34.76,33.8,34.26,3410888.0,38000284.0
2014-08-13,34.14,34.33,33.25,34.17,2862546.0,31474670.0
2014-08-14,34.26,36.17,33.86,33.86,5724747.0,65049896.0
2014-08-15,33.59,33.86,32.66,32.88,6412144.0,69067296.0
2014-08-18,32.88,34.51,32.85,34.33,3500044.0,38479440.0
2014-08-19,34.33,35.16,33.86,34.48,3598229.0,40394044.0
2014-08-20,34.76,35.09,33.65,33.86,2638515.0,29270116.0
2014-08-21,33.65,34.88,33.43,34.79,2697602.0,29998854.0
2014-08-22,34.51,35.37,34.17,34.73,3265301.0,36752584.0
2014-08-25,34.79,34.85,33.86,34.08,2221514.0,24699962.0
2014-08-26,34.3,34.3,33.16,33.71,3987587.0,43423584.0
2014-08-27,33.09,34.6,33.09,33.59,3217026.0,35612520.0
2014-08-28,33.49,34.23,33.28,33.59,2096610.0,22983334.0
2014-08-29,33.59,34.02,33.28,33.8,1578278.0,17237306.0
2014-09-01,33.86,35.16,33.52,35.0,3676837.0,41447156.0
2014-09-02,34.48,36.33,34.17,35.53,9181036.0,103962296.0
2014-09-03,35.34,36.79,35.13,36.27,6778789.0,79541112.0
2014-09-04,36.27,37.71,36.02,37.5,5670309.0,68288232.0
2014-09-05,37.62,38.11,36.63,36.94,7030668.0,84826880.0
2014-12-18,33.25,35.4,33.25,33.25,10602174.0,114706272.0
2014-12-19,31.74,32.88,29.95,30.48,19518580.0,197364240.0
2014-12-22,29.98,29.98,27.43,27.43,10850276.0,97939728.0
2014-12-23,26.57,27.52,25.77,26.11,9848843.0,84818128.0
2014-12-24,26.41,27.15,26.2,27.0,7130480.0,61743112.0
2014-12-25,26.88,27.31,26.41,26.81,7045562.0,61339960.0
2014-12-26,26.63,26.78,25.92,26.11,8908821.0,75921920.0
2014-12-29,25.98,25.98,24.6,25.21,9578285.0,78457024.0
2014-12-30,25.21,25.8,24.57,24.81,6373945.0,51896408.0
2014-12-31,25.09,25.77,24.88,25.37,5664785.0,46703504.0
2015-01-05,25.64,25.64,24.57,25.21,6621478.0,53853552.0
2015-01-06,25.06,26.63,24.91,26.41,10923966.0,91500112.0
2015-01-07,26.29,26.38,25.58,25.89,5628846.0,47371020.0
2015-01-08,25.92,26.66,25.68,26.11,7967788.0,67871168.0
2015-01-09,25.86,26.91,25.55,25.55,6720711.0,57145420.0
2015-01-12,25.34,25.55,24.63,24.72,4680798.0,37932300.0
2015-01-13,24.75,25.68,24.66,25.68,6527352.0,53548176.0
2015-01-14,25.52,25.98,25.18,25.55,4150958.0,34480176.0
2015-01-15,25.77,25.89,25.18,25.27,4226713.0,34991832.0
2015-01-16,25.37,25.92,25.18,25.71,5581867.0,46312428.0
2015-01-19,25.18,26.32,24.87,25.15,8803313.0,73248384.0
2015-01-20,25.34,26.26,25.15,26.23,8056047.0,67435872.0
2015-01-21,26.23,28.14,25.89,27.77,14284634.0,125238432.0
2015-01-22,27.43,27.92,27.03,27.64,9910225.0,88410304.0
2015-01-23,27.64,27.68,26.94,27.28,7236017.0,64099492.0
2015-01-26,27.28,28.41,27.28,27.83,10257057.0,93002416.0
2015-01-27,27.8,28.26,27.43,28.02,7453928.0,67406456.0
2015-01-28,27.98,28.88,27.4,28.45,8885695.0,81792080.0
2015-01-29,28.38,29.34,28.14,28.69,8208370.0,77019368.0
2015-01-30,28.78,28.85,27.55,27.61,5744213.0,52473284.0
2015-02-02,27.15,27.98,27.03,27.58,5162495.0,46389864.0
2015-02-03,27.71,28.57,27.58,28.17,5017990.0,45975556.0
2015-02-04,28.01,28.48,27.89,27.98,3354347.0,30675834.0
2015-02-05,28.02,28.51,27.92,28.11,4272691.0,39174248.0
2015-02-06,28.02,28.17,27.31,27.4,7285487.0,65744096.0
2015-02-09,27.4,27.77,26.17,26.78,4163042.0,36534012.0
2015-02-10,26.66,27.49,26.54,27.37,2694417.0,23795884.0
2015-02-11,27.37,28.32,27.34,27.89,2903509.0,26460922.0
2015-02-12,28.02,28.17,27.52,28.08,4037414.0,36584196.0
2015-02-13,28.08,28.75,28.08,28.57,5580426.0,51354800.0
2015-02-16,28.69,29.03,28.48,28.88,4942589.0,46216496.0
2015-02-17,28.91,28.94,28.26,28.75,7001143.0,64857504.0
2015-02-25,28.75,28.78,28.26,28.38,3775313.0,34935700.0
2015-02-26,28.51,29.43,28.38,29.12,5521790.0,51861832.0
2015-02-27,29.12,30.69,28.97,30.42,8296027.0,81263136.0
2015-03-02,30.94,32.32,30.48,31.4,9097778.0,93368632.0
2015-03-03,31.4,32.63,30.69,31.68,8429353.0,86388392.0
2015-03-04,31.55,32.32,31.4,32.23,6199219.0,64094104.0
2015-03-05,32.17,33.0,31.71,32.39,5284307.0,55351892.0
2015-03-06,32.39,32.88,31.22,31.28,5436573.0,56191032.0
2015-03-09,31.09,31.86,30.54,31.77,5669105.0,57662128.0
2015-03-10,31.77,34.94,31.71,34.54,14955220.0,167081808.0
2015-03-11,33.86,35.31,33.56,34.45,9293623.0,103836280.0
2015-03-12,34.39,36.63,33.56,34.66,8550209.0,96000608.0
2015-03-13,34.26,35.56,34.11,35.4,6023048.0,68546712.0
2015-03-16,35.25,36.27,35.09,35.77,7266964.0,83953472.0
2015-03-17,35.71,36.11,35.09,35.77,5827385.0,67219320.0
2015-03-18,35.74,36.48,35.13,36.11,5834817.0,67689056.0
2015-03-19,36.66,37.37,35.4,36.36,6131822.0,72421128.0
2015-03-20,36.33,37.13,35.71,36.79,6761850.0,80085272.0
2015-03-23,36.91,37.59,36.57,37.47,5011113.0,60478088.0
2015-03-24,37.4,37.5,34.63,36.33,9574365.0,112217096.0
2015-03-25,36.27,36.57,35.4,36.27,4941578.0,57741880.0
2015-03-26,36.11,36.48,34.88,35.25,5970559.0,69215584.0
2015-03-27,35.25,35.56,34.26,35.09,7842982.0,88857128.0
2015-03-30,35.06,35.68,34.79,35.53,6114872.0,69843048.0
2015-03-31,35.28,36.05,34.48,35.56,8706876.0,99996856.0
2015-04-01,35.46,39.13,35.22,39.13,10965259.0,133383616.0
2015-04-02,40.02,43.04,39.9,41.77,18361800.0,246672992.0
2015-04-03,41.56,42.45,40.33,42.18,8946930.0,120081368.0
2015-04-07,41.87,42.85,40.94,42.45,9707100.0,131510408.0
2015-04-08,42.45,42.45,40.17,40.7,8416508.0,112257504.0
2015-04-09,40.36,40.91,37.47,39.1,8938420.0,113252608.0
2015-04-10,38.48,40.36,37.77,39.53,9265019.0,118079680.0
2015-04-13,39.59,41.04,38.17,40.88,12263806.0,158244608.0
2015-04-14,40.91,41.22,39.03,39.47,8184047.0,106509840.0
2015-04-15,39.16,39.19,35.59,36.42,11254890.0,135733520.0
2015-04-16,35.9,37.62,35.56,36.76,6311603.0,75677432.0
2015-04-17,37.0,37.68,36.85,37.0,7769851.0,93820608.0
2015-04-20,37.03,37.16,35.9,35.93,6683936.0,79228336.0
2015-04-21,35.77,37.53,35.77,37.34,5151083.0,61919908.0
2015-04-22,37.53,38.94,37.53,38.57,6812346.0,84738232.0
2015-04-23,38.6,39.07,37.8,38.67,8825161.0,110362944.0
2015-04-24,38.2,38.54,36.57,37.56,8394518.0,102615520.0
2015-04-27,37.9,39.96,37.47,39.65,14604500.0,183264192.0
2015-04-28,39.41,40.88,37.25,37.44,11866791.0,150261312.0
2015-04-29,37.06,38.57,37.06,38.33,5458251.0,67337136.0
2015-04-30,38.36,39.31,38.14,39.01,7232421.0,91140096.0
2015-05-04,39.01,39.34,36.94,38.63,5999999.0,75412488.0
2015-05-05,38.57,39.1,36.66,37.34,6687371.0,82488752.0
2015-05-06,37.31,38.23,35.71,36.94,6278230.0,76386336.0
2015-05-07,37.0,37.25,35.87,36.02,4912370.0,58144824.0
2015-05-08,36.33,39.01,36.33,38.6,9586168.0,118358336.0
2015-05-11,39.03,40.88,38.54,40.33,12901371.0,167302432.0
2015-05-12,40.14,41.04,39.56,40.27,10489743.0,137224432.0
2015-05-13,39.96,42.88,39.03,41.81,13931906.0,185696128.0
2015-05-14,41.5,45.99,41.25,45.99,18943568.0,268523520.0
2015-05-15,46.52,47.35,44.64,45.25,16386296.0,244582672.0
2015-05-18,45.25,47.19,44.95,45.59,12268213.0,183595792.0
2015-05-19,45.62,46.64,44.24,45.56,9424531.0,139152416.0
2015-05-20,46.18,50.12,45.75,49.26,18327018.0,288952256.0
2015-05-21,49.26,52.34,48.67,50.09,16233769.0,266364352.0
2015-05-22,50.24,51.2,47.56,49.26,11195794.0,178688096.0
2015-05-25,49.69,51.6,48.18,50.95,10023059.0,163959920.0
2015-05-26,51.78,54.95,51.78,54.18,10115384.0,174785040.0
2015-05-27,54.8,54.8,51.78,53.84,8616898.0,148703424.0
2015-05-28,53.84,54.7,49.29,49.29,11162092.0,188141360.0
2015-05-29,49.26,49.96,46.18,48.52,13227681.0,207644256.0
2015-06-01,48.86,53.38,48.86,53.13,11920592.0,199649520.0
2015-06-02,53.13,57.2,52.95,56.15,13013979.0,234670272.0
2015-06-03,56.92,60.03,55.44,57.51,13413313.0,251336272.0
2015-06-04,57.88,57.88,51.75,54.49,15594468.0,272239104.0
2015-06-05,55.38,56.06,53.04,54.89,10665313.0,189580288.0
2015-06-08,54.34,56.77,54.27,56.49,12838656.0,232180112.0
2015-06-09,56.49,56.49,54.06,54.7,6853106.0,122555000.0
2015-06-10,53.63,55.57,52.89,54.64,9422047.0,166496112.0
2015-06-11,54.64,57.41,54.18,56.95,10301032.0,187118080.0
2015-06-12,56.95,58.49,56.58,56.58,9028000.0,167875968.0
2015-06-15,56.58,60.59,55.63,58.18,14675134.0,277396960.0
2015-06-16,55.78,57.2,52.95,53.2,9148318.0,163350528.0
2015-06-17,53.6,57.72,50.73,56.95,8917988.0,156547520.0
2015-06-18,59.6,60.86,56.65,56.95,14101893.0,271407456.0
2015-06-19,54.83,59.57,53.84,54.37,14714090.0,273420000.0
2015-06-23,54.95,56.77,48.92,52.34,12499404.0,210311600.0
2015-06-24,51.87,53.87,51.35,52.24,7572323.0,128582576.0
2015-06-25,52.7,53.41,47.75,48.21,7355094.0,121915152.0
2015-06-26,46.18,47.93,43.38,43.38,8323658.0,121427664.0
2015-06-29,44.58,45.22,39.04,39.04,13345972.0,174188400.0
2015-06-30,39.04,42.02,35.13,41.56,13517598.0,165394224.0
2015-07-01,40.39,43.93,37.4,38.7,8955413.0,120831968.0
2015-07-02,39.01,39.8,34.85,35.13,7902887.0,95583952.0
2015-07-03,33.83,35.16,31.62,31.62,11747425.0,123920472.0
2015-07-06,34.76,34.79,28.45,28.48,14959442.0,146500544.0
2015-07-07,27.09,27.71,25.64,25.64,10290300.0,86025912.0
2015-12-21,28.2,28.2,28.2,28.2,5461.0,50023.0
2015-12-22,31.03,31.03,31.03,31.03,11903.0,119982.0
2015-12-23,34.14,34.14,34.14,34.14,20801.0,230683.0
2015-12-24,37.56,37.56,37.56,37.56,25000.0,305000.0
2015-12-25,41.31,41.31,41.31,41.31,1152993.0,15473166.0
2015-12-28,45.44,45.44,45.44,45.44,347408.0,5127742.0
2015-12-29,49.99,49.99,49.29,49.99,15328445.0,248924208.0
2015-12-30,52.03,54.98,48.42,54.8,43340532.0,720488256.0
2015-12-31,53.23,56.34,51.04,53.26,20948794.0,364937280.0
2016-01-04,52.34,53.2,48.83,48.92,8712153.0,143362352.0
2016-01-05,46.33,52.55,46.33,51.87,12770563.0,207940464.0
2016-01-06,52.03,57.08,51.1,55.72,12826557.0,225775552.0
2016-01-07,53.87,55.04,50.15,50.18,3636260.0,61659528.0
2016-01-08,52.34,53.41,46.18,51.23,8363050.0,139879984.0
2016-01-11,50.21,51.78,46.58,46.73,8230681.0,130819032.0
2016-01-12,47.72,48.64,42.61,42.61,8944445.0,133241424.0
2016-01-13,43.1,43.72,39.41,39.87,6241736.0,83596720.0
2016-01-14,38.51,41.93,36.97,40.51,5811501.0,74502280.0
2016-01-15,40.33,41.71,39.41,39.87,5037659.0,66137724.0
2016-01-18,40.27,42.73,39.41,41.71,4199829.0,56317492.0
2016-01-19,42.39,44.64,41.74,44.3,6107969.0,86210272.0
2016-01-20,43.87,45.16,42.73,42.82,5491478.0,78007888.0
2016-01-21,42.48,45.87,42.48,43.01,6837760.0,98230560.0
2016-01-22,43.41,43.65,39.41,41.99,5561526.0,75132712.0
2016-01-25,42.15,42.42,40.58,41.31,4470460.0,59934008.0
2016-01-26,40.58,41.01,37.19,37.19,4719089.0,59672356.0
2016-01-27,37.5,37.71,34.63,35.71,5129251.0,59899452.0
2016-01-28,35.68,36.88,34.85,35.56,2817813.0,33001314.0
2016-01-29,35.34,37.96,34.36,37.31,3338101.0,39899064.0
2016-02-01,37.34,37.87,35.71,36.27,2227749.0,26657072.0
2016-02-02,36.82,38.79,36.33,38.2,2532552.0,31158520.0
2016-02-03,37.25,38.2,36.66,37.74,2930594.0,35677032.0
2016-02-04,37.62,38.73,37.56,38.23,3745669.0,46367972.0
2016-02-05,38.23,38.73,37.31,37.31,3064102.0,37902652.0
2016-02-15,35.8,37.87,35.8,37.34,2259895.0,27062878.0
2016-02-16,37.1,39.53,37.1,38.85,4215435.0,53169884.0
2016-02-17,38.67,40.48,38.36,40.05,4602140.0,58725116.0
2016-02-18,40.33,42.15,39.41,40.82,4641034.0,61752640.0
2016-02-19,40.51,42.02,40.27,41.87,3754821.0,50426376.0
2016-02-22,43.1,43.1,41.53,42.21,3712873.0,50941756.0
2016-02-23,42.15,43.04,41.56,41.96,2763011.0,37724536.0
2016-02-24,41.68,42.27,40.02,41.1,3288012.0,43715732.0
2016-02-25,40.88,41.1,37.0,37.0,5354098.0,66066268.0
2016-02-26,37.19,37.84,33.86,35.43,5801014.0,66657936.0
2016-02-29,34.79,35.4,31.89,31.99,3921786.0,41696964.0
2016-03-01,32.02,33.77,31.46,33.59,2737823.0,29327324.0
2016-03-02,32.97,36.33,32.97,35.4,3170340.0,35641104.0
2016-03-03,35.4,36.88,34.7,35.96,3242228.0,38135384.0
2016-03-04,35.71,37.53,34.48,34.73,3862600.0,45327204.0
2016-03-07,35.09,36.63,34.63,35.09,3078495.0,35614312.0
2016-03-08,35.65,36.17,33.56,35.99,3091087.0,34919552.0
2016-03-09,34.79,36.94,34.26,36.11,2658121.0,30960950.0
2016-03-10,36.33,36.63,34.94,34.94,1502276.0,17359458.0
2016-03-11,34.97,35.49,34.23,34.97,1298527.0,14688180.0
2016-03-14,35.71,36.79,35.43,36.08,3272651.0,38588896.0
2016-03-15,35.74,37.47,35.59,35.96,3880814.0,45823840.0
2016-03-16,36.42,36.91,35.16,35.49,2342833.0,27322112.0
2016-03-17,36.27,37.0,35.47,36.94,4842602.0,57502776.0
2016-03-18,37.22,39.65,36.73,39.16,9207290.0,113751600.0
2016-03-21,39.56,39.71,38.51,38.97,7466639.0,94715856.0
2016-03-22,38.88,40.02,38.48,38.94,4934495.0,63185680.0
2016-03-23,39.22,39.41,38.48,39.1,3775469.0,47778004.0
2016-03-24,39.1,39.1,37.44,37.5,7644216.0,94811904.0
2016-03-25,37.44,38.48,37.44,38.14,3039773.0,37427732.0
2016-03-28,38.11,39.07,37.59,37.77,4388366.0,54691820.0
2016-03-29,37.62,38.02,35.96,36.33,3004367.0,35957952.0
2016-03-30,36.79,38.73,36.36,38.63,3397484.0,41419484.0
2016-03-31,38.88,38.94,38.11,38.2,2650751.0,33204762.0
2016-04-01,37.71,38.67,37.16,38.45,2277159.0,27995628.0
2016-04-05,38.36,39.31,37.87,39.16,4100807.0,51717004.0
2016-04-06,39.1,42.18,38.85,41.25,9420316.0,123915032.0
2016-04-07,40.7,41.41,39.59,39.59,4565595.0,60074092.0
2016-04-08,38.48,40.02,38.48,39.68,3075015.0,39303800.0
2016-04-11,39.71,40.91,39.71,40.48,3707821.0,48781856.0
2016-04-12,40.48,41.25,39.62,41.04,4312075.0,56838072.0
2016-04-13,41.04,41.93,41.04,41.47,4201595.0,56742740.0
2016-04-14,41.5,41.71,40.82,41.53,3827078.0,51235792.0
2016-04-28,41.68,41.77,38.08,40.33,7182210.0,94294544.0
2016-04-29,39.41,41.93,39.41,41.53,3930284.0,52148872.0
2016-05-03,41.81,42.48,40.58,42.24,5422340.0,73737896.0
2016-05-04,41.87,43.19,41.59,42.21,4237320.0,58431184.0
2016-05-05,42.11,42.48,41.38,41.84,3048656.0,41475692.0
2016-05-06,42.08,42.33,39.03,39.41,4160966.0,54506744.0
2016-05-09,38.17,39.71,37.16,37.31,2824104.0,35341564.0
2016-05-10,37.31,37.8,35.68,35.96,3675537.0,44017000.0
2016-05-11,36.02,36.88,33.96,34.08,4802401.0,54145589.0
2016-05-12,33.8,33.86,32.88,33.4,3110051.0,33631186.0
2016-05-13,33.49,34.63,32.94,33.34,2906103.0,32054114.0
2016-05-16,33.62,36.66,32.88,35.31,4850607.0,54722177.0
2016-05-17,35.37,35.71,34.79,35.03,2593492.0,29627979.0
2016-05-18,34.94,34.94,32.2,32.82,3286530.0,35329320.0
2016-05-19,33.46,34.76,32.79,33.09,3697539.0,40638299.0
2016-05-20,32.42,34.17,32.32,33.59,2086311.0,22545858.0
2016-05-23,34.11,34.45,33.4,33.92,2698860.0,29785056.0
2016-05-24,33.92,34.63,33.56,34.33,2629669.0,29055994.0
2016-05-25,34.97,34.97,33.62,33.86,2361316.0,26305664.0
2016-05-26,34.26,34.26,31.99,33.16,4647100.0,49375293.0
2016-05-27,33.0,33.19,32.32,32.32,4669650.0,49635758.0
2016-05-30,32.29,33.46,31.52,33.0,4514705.0,48157763.0
2016-05-31,32.79,34.76,32.51,34.6,5578074.0,61760087.0
2016-06-01,34.6,36.51,34.33,35.43,7606332.0,86689659.0
2016-06-02,35.37,36.02,34.63,35.19,5384492.0,61479203.0
2016-06-03,35.19,35.8,34.91,35.37,4415152.0,50742382.0
2016-06-06,35.28,38.17,34.33,37.71,7928383.0,91951303.0
2016-06-07,37.31,37.31,36.36,37.03,5645152.0,67455278.0
2016-06-21,33.34,34.11,33.34,33.34,31164423.0,338866265.0
2016-06-22,32.05,32.6,31.65,32.54,16142382.0,168380094.0
2016-06-23,32.2,32.76,31.95,32.29,10307301.0,108200870.0
2016-06-24,32.2,32.69,30.17,31.59,11236339.0,116168461.0
2016-06-27,31.59,32.2,31.4,32.08,7751562.0,80397732.0
2016-06-28,32.05,32.88,31.65,32.66,12231203.0,128393454.0
2016-06-29,32.85,33.52,32.45,33.16,16130730.0,172462578.0
2016-06-30,33.12,33.28,32.48,32.82,9345760.0,99752010.0
2016-07-01,32.94,33.09,32.35,32.66,8079770.0,86008519.0
2016-07-04,32.32,33.56,32.11,33.25,11402202.0,122372480.0
2016-07-05,33.25,34.17,33.16,33.68,11203821.0,122449036.0
2016-07-06,33.4,35.16,33.16,34.48,13308667.0,147001598.0
2016-07-07,34.42,34.48,33.56,34.14,10037153.0,110887374.0
2016-07-08,34.45,35.65,34.33,34.94,15017521.0,171080341.0
2016-07-11,34.54,35.16,33.89,34.14,8751989.0,98269814.0
2016-07-12,33.89,34.33,31.71,33.4,15360925.0,165030862.0
2016-07-13,33.28,34.33,33.0,34.26,9107171.0,99402695.0
2016-07-14,34.17,35.03,33.8,34.66,10170064.0,113483057.0
2016-07-15,34.45,34.63,33.96,34.02,7017460.0,78149647.0
2016-07-18,33.62,34.48,33.46,34.45,6549259.0,72529222.0
2016-07-19,34.26,34.94,33.8,34.79,7024811.0,78373599.0
2016-07-20,34.76,35.03,34.51,34.82,8766464.0,98965319.0
2016-07-21,34.66,35.0,34.17,34.45,6794862.0,76275747.0
2016-07-22,34.23,34.6,33.52,33.74,7359161.0,81351255.0
2016-07-25,33.52,34.3,33.37,33.99,4798092.0,52777253.0
2016-07-26,33.8,34.94,33.8,34.79,5989347.0,66875091.0
2016-07-27,34.82,34.94,32.32,32.63,8310295.0,90904237.0
2016-07-28,32.35,32.85,31.37,31.86,7001899.0,72742072.0
2016-07-29,31.86,31.99,31.03,31.25,3953274.0,40381169.0
2016-08-01,31.25,31.37,29.92,30.29,7916546.0,77959520.0
2016-08-02,30.29,30.79,30.2,30.72,3408000.0,33711624.0
2016-08-03,30.72,30.85,30.35,30.66,3655800.0,36351365.0
2016-08-04,30.72,31.18,30.39,31.0,3231800.0,32338947.0
2016-08-05,30.88,31.09,30.48,30.51,2981668.0,29766650.0
2016-08-08,30.57,31.49,30.26,31.46,4701389.0,47404950.0
2016-08-09,31.43,31.77,31.28,31.68,3540262.0,36325932.0
2016-08-10,31.68,31.8,31.28,31.43,2791513.0,28556200.0
2016-08-11,31.34,31.55,30.66,30.88,3115542.0,31418858.0
2016-08-12,30.94,31.16,30.54,31.03,3209324.0,32217512.0
2016-08-15,31.03,31.95,30.94,31.8,4402316.0,45185955.0
2016-08-16,31.77,32.48,31.65,31.95,4594562.0,47862592.0
2016-08-17,31.95,32.26,31.74,32.02,3241378.0,33680973.0
2016-08-18,32.11,32.17,31.68,31.92,3445342.0,35799944.0
2016-08-19,31.89,32.32,31.86,32.14,3330739.0,34672805.0
2016-08-22,32.14,32.48,31.4,31.52,3566988.0,37023621.0
2016-08-23,31.65,32.08,31.43,31.83,3384015.0,34949452.0
2016-08-24,31.83,32.26,31.65,31.89,2751424.0,28556983.0
2016-08-25,31.86,31.86,31.09,31.37,3362649.0,34202304.0
2016-08-26,31.43,32.11,31.25,31.71,4060821.0,41869185.0
2016-08-29,31.68,31.99,31.65,31.89,3155262.0,32612072.0
2016-08-30,31.95,32.23,31.65,31.71,3251627.0,33675982.0
2016-08-31,31.8,31.86,31.25,31.71,3033202.0,31058535.0
2016-09-01,31.62,32.39,31.46,31.99,8470714.0,88316730.0
2016-09-02,31.89,32.79,31.86,32.29,7463755.0,78394151.0
2016-09-05,32.45,32.63,32.14,32.26,4997385.0,52544702.0
2016-09-06,32.26,32.69,31.31,32.42,7809024.0,81228667.0
2016-09-07,32.45,33.52,32.11,32.73,9899878.0,105611271.0
2016-09-08,32.66,32.88,32.42,32.66,7150034.0,75832059.0
2016-09-09,32.79,33.31,32.39,33.0,9144425.0,97636124.0
2016-09-12,32.35,32.63,31.52,31.52,6263387.0,65242449.0
2016-09-13,31.71,31.95,31.46,31.92,3903279.0,40219058.0
2016-09-14,31.52,32.2,31.46,31.62,3257305.0,33716826.0
2016-09-19,31.65,32.57,31.62,32.2,3797341.0,39614098.0
2016-09-20,32.23,32.26,31.8,32.05,3189357.0,33112849.0
2016-09-21,32.05,33.71,31.99,32.57,7161933.0,76274486.0
2016-09-22,32.54,33.09,32.48,32.73,5155205.0,54933463.0
2016-09-23,32.79,32.91,32.35,32.76,5177029.0,54902992.0
2016-09-26,32.57,32.82,31.68,31.77,4621005.0,48506934.0
2016-09-27,31.62,32.2,31.09,32.2,5223862.0,53621509.0
2016-09-28,31.99,32.2,31.74,31.92,2679650.0,27798226.0
2016-09-29,31.92,32.23,31.86,32.2,3831274.0,39896028.0
2016-09-30,32.23,32.54,32.11,32.45,2908265.0,30526153.0
2016-10-10,32.57,33.4,32.45,33.09,6919066.0,74066021.0
2016-10-11,32.94,33.56,32.88,33.49,8077250.0,87253712.0
2016-10-12,33.25,34.11,33.22,33.56,7395856.0,80759093.0
2016-10-13,33.52,34.05,33.4,33.8,5997860.0,65731055.0
2016-10-14,33.62,33.96,33.25,33.43,5988461.0,65260163.0
2016-10-17,33.62,34.11,33.34,33.46,6454100.0,70773917.0
2016-10-18,33.4,35.25,33.34,34.63,9599168.0,106629066.0
2016-10-19,34.42,34.85,34.17,34.3,5543621.0,62075133.0
2016-10-20,34.33,34.57,34.17,34.48,4155307.0,46425466.0
2016-10-21,34.26,34.6,33.56,34.54,6543517.0,72547594.0
2016-10-24,34.36,34.79,34.05,34.54,5949911.0,66709055.0
2016-10-25,34.36,34.7,34.26,34.48,4731706.0,52991801.0
2016-10-26,34.39,34.48,33.68,33.99,5075987.0,56128664.0
2016-10-27,33.86,34.57,33.86,34.26,4744476.0,52827608.0
2016-10-28,34.3,34.57,32.63,33.49,4150781.0,45812628.0
2016-10-31,33.43,34.02,33.22,33.89,3630299.0,39616248.0
2016-11-01,33.89,34.54,33.86,34.36,4675544.0,52073780.0
2016-11-02,34.42,35.03,34.33,34.57,6860032.0,77358562.0
2016-11-03,34.26,35.16,34.26,34.88,7457830.0,84334785.0
2016-11-04,34.88,35.34,34.82,35.22,6704067.0,76474611.0
2016-11-07,34.94,36.23,34.94,35.56,9545591.0,110718165.0
2016-11-08,35.71,38.17,35.71,36.73,14101211.0,168711355.0
2016-11-09,36.63,37.44,35.71,36.17,9318240.0,110116437.0
2016-11-10,36.48,38.73,36.48,38.17,17365101.0,211996266.0
2016-11-11,38.14,38.79,37.31,37.68,9310196.0,114089880.0
2016-11-14,37.74,38.33,37.1,37.34,6426153.0,78164081.0
2016-11-15,36.66,36.94,36.11,36.94,10569945.0,125276975.0
2016-11-16,36.66,37.4,36.6,36.7,5773263.0,69197005.0
2016-11-17,36.51,36.91,36.08,36.57,4158401.0,49409587.0
2016-11-18,36.54,37.13,36.48,36.66,3888526.0,46481871.0
2016-11-21,36.48,36.82,36.27,36.63,5375300.0,63643538.0
2016-11-22,36.54,37.74,36.54,37.53,8793262.0,106512272.0
2016-11-23,37.5,38.51,36.97,38.23,13906441.0,170852517.0
2016-11-24,38.14,42.05,37.77,40.79,21577947.0,280684344.0
2016-11-25,40.58,42.08,38.97,41.1,13898189.0,184578807.0
2016-11-28,40.48,41.44,39.87,40.82,10809729.0,142164423.0
2016-11-29,40.94,41.87,38.48,38.79,13575134.0,176363260.0
2016-11-30,39.1,40.39,37.93,39.93,10848405.0,137387851.0
2016-12-01,39.93,40.82,39.31,40.3,12135779.0,158521362.0
2016-12-02,39.99,40.3,38.33,38.88,8652358.0,109953977.0
2016-12-05,37.8,40.94,37.25,39.56,11187683.0,140262418.0
2016-12-06,39.31,39.96,38.51,38.79,6980314.0,88469864.0
2016-12-07,38.91,39.1,38.54,38.79,4776458.0,60102002.0
2016-12-08,38.73,39.56,38.73,39.16,7395097.0,94375678.0
2016-12-09,38.97,39.31,37.84,38.63,5743928.0,71502924.0
2016-12-12,38.42,38.67,36.57,36.57,8054799.0,97970467.0
2016-12-13,36.57,37.71,35.83,37.03,4467420.0,53662818.0
2016-12-14,36.79,38.14,36.79,37.93,4784832.0,58753101.0
2016-12-15,37.74,38.76,37.74,38.02,5834634.0,72238279.0
2016-12-16,38.02,38.82,37.87,38.82,5168615.0,64690407.0
2016-12-19,39.37,39.68,38.48,39.13,4201968.0,53411289.0
2016-12-20,38.85,39.87,38.85,39.56,5869194.0,75174288.0
2016-12-21,39.5,41.47,39.41,40.85,9791686.0,129535729.0
2016-12-22,40.76,41.81,40.36,41.41,10102968.0,135380241.0
2016-12-23,41.34,41.56,40.14,41.34,4871591.0,64638355.0
2016-12-26,40.98,41.22,40.02,40.58,3943733.0,51868507.0
2016-12-27,40.79,41.44,40.48,41.44,4023074.0,53777037.0
2016-12-28,41.44,42.36,41.01,41.56,7969524.0,108373968.0
2016-12-29,41.13,41.53,40.05,40.48,7620128.0,100302622.0
2016-12-30,40.7,40.85,39.01,39.71,7502298.0,96990111.0
2017-01-03,39.99,40.73,38.39,38.48,6373474.0,80969122.0
2017-01-04,38.73,40.11,38.48,39.1,9056893.0,116167379.0
2017-01-05,39.31,39.96,39.01,39.1,7256683.0,93087783.0
2017-01-06,39.28,39.31,37.56,38.33,6383462.0,79226856.0
2017-01-09,38.14,38.48,37.47,38.39,3053249.0,37745890.0
2017-01-10,38.48,38.6,37.8,38.57,4036422.0,50112558.0
2017-01-11,38.48,38.91,38.11,38.51,2677910.0,33518873.0
2017-01-12,38.42,38.85,36.36,37.56,4821319.0,58689640.0
2017-01-13,37.4,37.4,35.74,35.77,3756384.0,44522406.0
2017-01-16,36.05,36.05,32.2,34.73,9111672.0,98872338.0
2017-01-17,33.83,35.71,32.82,34.91,4805384.0,53298416.0
2017-01-18,34.45,34.79,33.49,34.33,2998085.0,33107932.0
2017-01-19,33.96,34.05,33.16,33.77,2521905.0,27405656.0
2017-01-20,33.49,35.93,33.28,34.3,4617750.0,51746326.0
2017-01-23,34.05,35.25,34.05,34.79,2329894.0,26380285.0
2017-01-24,34.97,35.06,34.33,34.6,1341037.0,15068755.0
2017-01-25,34.48,35.87,34.42,34.76,2949031.0,33626793.0
2017-01-26,34.51,35.03,34.51,34.79,1440290.0,16297690.0
2017-02-03,34.48,34.48,33.65,33.99,2926913.0,32335285.0
2017-02-06,34.05,34.48,33.52,34.23,2101302.0,23230954.0
2017-02-07,34.48,34.79,34.11,34.48,2064044.0,23121209.0
2017-02-08,34.26,34.76,33.74,34.6,2997995.0,33428973.0
2017-02-09,34.45,35.25,34.36,34.97,3256967.0,36852639.0
2017-02-10,34.97,35.09,34.63,34.66,2307551.0,26123517.0
2017-02-13,34.66,35.19,34.39,34.91,2664192.0,30111190.0
2017-02-14,34.82,35.25,34.51,34.63,3446476.0,38907615.0
2017-02-15,34.73,35.49,34.51,35.0,8344852.0,95220400.0
2017-02-16,34.79,34.82,33.99,34.2,5659855.0,62964116.0
2017-02-17,34.11,34.33,33.59,33.71,4284892.0,47236202.0
2017-02-20,34.02,34.02,32.69,33.43,5880620.0,63493983.0
2017-02-21,33.31,33.77,33.25,33.62,3904954.0,42539661.0
2017-02-22,33.68,34.05,33.68,33.92,3668688.0,40351275.0
2017-02-23,33.96,34.14,33.56,33.77,2435109.0,26704832.0
2017-02-24,33.8,33.99,33.65,33.99,3049161.0,33480934.0
2017-02-27,33.92,34.11,33.68,33.8,4472895.0,49304863.0
2017-02-28,33.8,34.08,33.71,34.05,2652848.0,29256541.0
2017-03-01,34.11,34.7,33.89,34.45,5738457.0,64149331.0
2017-03-02,34.63,34.91,34.23,34.6,4624874.0,51974617.0
2017-03-03,34.63,34.63,34.02,34.36,3616428.0,40264115.0
2017-03-06,34.2,34.88,34.2,34.76,3685231.0,41535411.0
2017-03-07,35.0,35.59,34.94,35.13,6866425.0,78787761.0
2017-03-08,34.94,35.13,34.73,34.94,3464679.0,39259159.0
2017-03-09,34.91,34.94,34.23,34.48,3491162.0,39123052.0
2017-03-10,34.48,34.6,33.56,34.14,3700661.0,40944461.0
2017-03-13,33.96,34.33,33.59,34.3,2899640.0,32120451.0
2017-03-14,34.3,34.36,33.77,33.86,3163351.0,34945233.0
2017-03-15,33.89,34.02,33.49,33.62,3299787.0,36036800.0
2017-03-16,33.71,34.11,33.71,34.05,2765290.0,30460787.0
2017-03-17,34.11,34.45,33.86,33.99,2904046.0,32298286.0
2017-03-20,33.96,34.14,33.62,34.08,2512714.0,27651709.0
2017-03-21,33.89,34.26,33.89,34.17,2947303.0,32693729.0
2017-03-22,34.02,34.08,32.94,33.34,4154998.0,45251944.0
2017-03-23,33.34,33.59,32.79,33.19,2530931.0,27345255.0
2017-03-24,33.12,33.52,33.12,33.37,1764325.0,19089617.0
2017-03-27,33.25,33.56,32.32,32.42,5792921.0,61830231.0
2017-03-28,32.51,32.91,32.39,32.85,2869958.0,30512272.0
2017-03-29,32.94,33.0,31.92,31.95,3371040.0,35250645.0
2017-03-30,31.99,32.11,29.21,29.46,8645885.0,85054634.0
2017-03-31,29.55,30.02,29.37,29.92,4167382.0,40284925.0
2017-04-05,30.02,31.12,29.95,31.09,6234244.0,62021668.0
2017-04-06,31.28,32.02,31.06,31.46,4727302.0,48400670.0
2017-04-07,31.46,31.71,31.09,31.18,2433660.0,24704651.0
2017-04-10,31.25,31.34,30.32,30.48,4238538.0,42472809.0
2017-04-11,30.72,30.82,29.74,30.39,3726109.0,36575958.0
2017-04-12,30.39,30.57,29.98,30.23,3577821.0,35179172.0
2017-04-13,30.32,30.54,30.02,30.32,2307973.0,22724499.0
2017-04-14,30.14,30.32,29.15,29.25,3663068.0,35318667.0
2017-04-17,29.25,29.25,27.89,28.26,3628452.0,33635344.0
2017-04-18,28.26,28.63,27.46,27.64,4458229.0,40579852.0
2017-04-19,27.58,27.58,26.26,27.34,6255661.0,54436696.0
2017-04-20,27.21,27.98,27.09,27.68,6416801.0,57601270.0
2017-04-21,27.55,30.45,27.52,28.66,9809787.0,92772097.0
2017-04-24,28.75,28.88,27.03,27.28,4265032.0,38164915.0
2017-04-25,27.28,28.2,27.12,27.31,3116505.0,27939457.0
2017-04-26,27.31,27.68,26.81,26.91,3039805.0,26900687.0
2017-04-27,26.88,27.68,26.26,27.46,3734056.0,32692642.0
2017-04-28,27.28,27.61,27.25,27.37,2632705.0,23428078.0
2017-05-02,27.55,27.58,27.15,27.31,1834105.0,16314976.0
2017-05-03,27.37,27.49,26.75,26.88,2651400.0,23308739.0
2017-05-04,26.75,27.64,26.6,27.03,2863702.0,25320207.0
2017-05-05,26.84,27.09,26.32,26.32,2507028.0,21779781.0
2017-05-08,26.32,26.6,25.09,25.21,4742043.0,39581287.0
2017-05-09,25.06,25.61,24.72,25.46,3058984.0,25146822.0
2017-05-10,25.4,25.77,24.63,24.78,2354335.0,19303944.0
2017-05-11,24.66,25.0,23.64,24.54,3839878.0,30230133.0
2017-05-12,24.54,24.75,23.92,24.26,1471500.0,11605202.0
2017-05-15,25.27,25.46,24.47,24.54,2189400.0,17638479.0
2017-05-16,24.35,25.49,24.35,25.4,3368941.0,27263921.0
2017-05-17,25.4,25.95,25.15,25.68,3198138.0,26743010.0
2017-05-18,25.74,25.95,25.27,25.49,2684077.0,22370459.0
2017-05-19,25.34,25.55,25.21,25.34,2099374.0,17321361.0
2017-05-22,25.34,25.43,24.26,24.32,3327059.0,26746974.0
2017-05-23,24.32,24.32,22.84,22.87,4431382.0,33816244.0
2017-05-24,22.75,23.03,21.67,22.93,3169952.0,23126943.0
2017-05-25,22.84,23.46,22.32,23.3,3164406.0,23474006.0
2017-05-26,23.24,23.43,22.93,23.24,1852929.0,13956402.0
2017-05-31,23.55,23.92,23.21,23.21,2397473.0,18277680.0
2017-06-01,23.27,23.27,21.79,21.79,3204818.0,23218415.0
2017-06-02,21.82,22.66,21.48,22.38,3291861.0,23572471.0
2017-06-05,22.63,23.34,22.56,22.93,2990125.0,22279883.0
2017-06-06,23.09,23.92,22.84,23.86,4158390.0,31674885.0
2017-06-07,23.86,24.26,23.61,23.92,4105851.0,31886041.0
2017-06-08,23.98,24.26,23.64,23.71,2560040.0,19880136.0
2017-06-09,23.77,23.77,23.18,23.61,3477953.0,26394277.0
2017-06-12,23.55,23.58,22.75,22.84,2454976.0,18391460.0
2017-06-13,22.81,23.55,22.69,23.46,3285179.0,24807325.0
2017-06-14,23.55,23.86,23.4,23.64,2963045.0,22696757.0
2017-06-15,23.83,25.09,23.64,24.39,6680824.0,53019258.0
2017-06-16,24.35,24.48,23.92,24.08,4061601.0,31762400.0
2017-06-19,24.02,24.6,24.02,24.54,2973202.0,23427726.0
2017-06-20,24.54,24.66,24.14,24.23,3055558.0,24179519.0
2017-06-21,24.35,24.45,24.08,24.29,2093032.0,16436123.0
2017-06-22,24.39,24.39,23.49,23.61,2818681.0,21917904.0
2017-06-23,23.83,23.98,23.09,23.61,2692210.0,20556837.0
2017-06-26,23.34,24.02,23.3,23.98,3732400.0,28509335.0
2017-06-27,24.02,24.2,23.77,23.77,2786379.0,21662344.0
2017-06-28,23.8,23.86,23.49,23.58,1885624.0,14423216.0
2017-06-29,23.61,24.08,23.61,23.98,2015055.0,15594947.0
2017-06-30,23.92,24.39,23.77,24.23,2597835.0,20331860.0
2017-07-03,24.14,24.82,24.02,24.73,3369402.0,26793924.0
2017-07-04,24.63,24.85,24.35,24.57,2134501.0,16962329.0
2017-07-05,24.48,24.66,24.23,24.6,2606661.0,20700918.0
2017-07-06,24.6,24.69,24.2,24.48,2230274.0,17700610.0
2017-07-07,24.32,24.51,24.23,24.51,2723935.0,21492988.0
2017-07-10,24.39,24.42,23.77,23.92,5068803.0,39438312.0
2017-07-11,23.92,23.92,23.37,23.37,4458876.0,34081124.0
2017-07-12,23.24,23.43,22.63,23.15,3057835.0,22819733.0
2017-07-13,23.09,23.24,22.84,23.03,2619735.0,19535183.0
2017-07-14,23.0,23.09,22.69,22.84,2247626.0,16680178.0
2017-07-17,22.69,22.69,20.77,20.84,4919036.0,34521666.0
2017-07-18,20.68,21.24,20.68,21.14,2579971.0,17522000.0
2017-07-19,21.27,21.48,20.87,21.42,2110506.0,14499890.0
2017-07-20,21.36,22.13,21.3,21.58,2644996.0,18617399.0
2017-07-21,21.48,21.89,21.33,21.55,2026200.0,14174895.0
2017-07-24,21.58,21.58,21.24,21.58,2395253.0,16633799.0
2017-07-25,21.52,21.79,21.33,21.55,2471091.0,17260209.0
2017-07-26,21.55,21.73,21.39,21.73,1932787.0,13482082.0
2017-07-27,21.64,22.5,21.48,22.47,4324135.0,31024962.0
2017-07-28,22.66,22.66,22.01,22.1,3291600.0,23815427.0
2017-07-31,22.1,22.38,21.98,22.29,1695484.0,12167862.0
2017-08-01,22.29,22.5,21.98,22.16,2106785.0,15157532.0
2017-08-02,22.16,22.23,21.76,21.76,2985630.0,21246234.0
2017-08-03,21.73,22.32,21.67,22.13,2542572.0,18186383.0
2017-08-04,22.16,22.23,21.85,21.85,2025000.0,14434832.0
2017-08-07,21.92,22.23,21.82,22.23,2452260.0,17548025.0
2017-08-08,22.16,22.41,22.01,22.35,2995486.0,21596182.0
2017-08-09,22.35,22.66,22.22,22.66,4266902.0,31138084.0
2017-08-10,22.59,22.72,22.13,22.25,2455129.0,17849088.0
2017-08-11,22.25,22.25,21.92,21.98,1815600.0,12979362.0
2017-08-14,22.04,22.69,21.98,22.66,2528646.0,18389972.0
2017-08-15,22.75,22.93,22.59,22.78,3054609.0,22542704.0
2017-08-16,22.93,23.15,22.75,23.03,3023727.0,22507428.0
2017-08-17,23.06,23.55,22.81,23.27,3315971.0,24885923.0
2017-08-18,23.15,23.4,22.9,23.06,2321550.0,17391120.0
2017-08-21,23.18,23.37,23.0,23.3,1925915.0,14472301.0
2017-08-22,23.18,23.52,22.9,23.12,2103433.0,15755996.0
2017-08-23,23.12,23.15,22.81,22.9,2078000.0,15465246.0
2017-08-24,22.87,23.09,22.84,22.9,1764401.0,13121966.0
2017-08-25,22.9,23.37,22.84,23.3,1794181.0,13476377.0
2017-08-28,23.3,23.83,23.24,23.77,2662603.0,20342948.0
2017-08-29,23.71,23.86,23.49,23.61,2029899.0,15541360.0
2017-08-30,23.58,23.83,23.4,23.55,1926902.0,14745266.0
2017-08-31,23.74,24.02,23.46,23.77,2466530.0,18946702.0
2017-09-01,23.68,23.86,23.49,23.74,2274300.0,17427155.0
2017-09-04,23.74,23.8,23.52,23.74,2150898.0,16490935.0
2017-09-05,23.71,23.83,23.61,23.8,2372160.0,18237824.0
2017-09-06,23.77,24.2,23.61,24.14,4425601.0,34385872.0
2017-09-07,23.95,24.14,23.61,23.61,3170514.0,24530953.0
2017-09-08,23.64,23.83,23.61,23.74,1949992.0,14996318.0
2017-09-11,23.74,23.89,23.64,23.83,1798039.0,13853991.0
2017-09-12,23.8,23.95,23.27,23.37,3338015.0,25552830.0
2017-09-13,23.34,23.74,23.34,23.71,2041815.0,15569135.0
2017-09-14,23.71,23.95,23.64,23.86,2975780.0,22956008.0
2017-09-15,23.74,23.89,23.61,23.68,1815100.0,13962349.0
2017-09-18,23.68,23.92,23.55,23.86,1776871.0,13645158.0
2017-09-19,23.98,23.98,23.61,23.68,1998539.0,15411596.0
2017-09-20,23.77,23.98,23.61,23.89,2240170.0,17292533.0
2017-09-21,23.95,23.95,23.52,23.52,2212201.0,17020598.0
2017-09-22,23.4,23.68,23.4,23.58,1797606.0,13713753.0
2017-09-25,23.49,23.74,23.15,23.18,1749257.0,13305321.0
2017-09-26,23.34,23.34,22.75,22.84,2237303.0,16661654.0
2017-09-27,22.84,23.3,22.69,23.3,1857208.0,13872004.0
2017-09-28,23.37,23.55,23.06,23.09,1599100.0,12051769.0
2017-09-29,23.4,25.03,23.34,23.89,8585051.0,67159923.0
2017-10-09,23.95,24.48,23.8,24.42,6547846.0,51252188.0
2017-10-10,24.23,24.73,24.05,24.69,5589150.0,44200017.0
2017-10-11,24.6,24.88,24.32,24.51,3964098.0,31597760.0
2017-10-12,24.45,24.48,24.11,24.32,2525373.0,19854775.0
2017-10-13,24.2,24.39,24.11,24.2,1529141.0,12011295.0
2017-10-16,24.23,24.26,23.12,23.15,3433900.0,26179416.0
2017-10-17,23.27,23.52,23.09,23.18,1829960.0,13797159.0
2017-10-18,23.24,23.89,23.09,23.15,2493901.0,18942921.0
2017-10-19,23.27,23.46,22.81,22.87,2023799.0,15174150.0
2017-10-20,22.93,23.68,22.78,23.55,2195010.0,16530904.0
2017-10-23,23.55,23.86,23.4,23.83,1521610.0,11665768.0
2017-10-24,23.68,23.92,23.3,23.58,1476000.0,11251455.0
2017-10-25,23.68,23.83,23.46,23.83,1263502.0,9676976.0
2017-10-26,23.83,23.83,23.61,23.64,1823711.0,14008732.0
2017-10-27,23.64,23.68,23.12,23.18,1984900.0,15060775.0
2017-10-30,22.96,22.96,21.55,21.76,4020081.0,28789902.0
2017-10-31,21.67,22.07,21.67,22.07,1785400.0,12659501.0
2017-11-01,22.07,22.19,21.92,21.95,1228934.0,8778929.0
2017-11-02,22.13,22.13,20.93,21.18,3016550.0,20949096.0
2017-11-03,21.14,21.39,21.02,21.24,1841400.0,12655982.0
2017-11-06,21.24,21.33,20.9,21.11,3098334.0,21156985.0
2017-11-07,21.11,21.3,20.9,21.3,2070500.0,14167174.0
2017-11-08,21.14,21.64,21.05,21.36,2410845.0,16755023.0
2017-11-09,21.36,21.85,21.33,21.79,2361993.0,16508178.0
2017-11-10,21.61,21.89,21.61,21.67,1263638.0,8907172.0
2017-11-13,21.55,21.82,21.42,21.58,1605400.0,11260887.0
2017-11-14,21.45,21.61,21.05,21.24,2047900.0,14143216.0
2017-11-15,21.24,21.55,21.11,21.51,2180292.0,15110352.0
2017-11-16,21.48,21.67,21.18,21.24,1346655.0,9365528.0
2017-11-17,21.3,21.48,20.03,20.09,3524725.0,23425452.0
2017-11-20,20.16,20.16,19.32,20.03,1692938.0,10803463.0
2017-11-21,20.22,20.59,19.88,19.97,1718595.0,11256720.0
2017-11-22,19.97,20.22,19.69,19.91,1889357.0,12248417.0
2017-11-23,19.88,20.16,19.48,19.54,2745000.0,17676751.0
2017-11-24,19.57,20.0,19.51,19.94,1662500.0,10671712.0
2017-11-27,19.85,20.12,19.75,19.97,1991200.0,12869854.0
2017-11-28,20.06,20.77,19.97,20.62,2807200.0,18585069.0
2017-11-29,20.65,20.65,20.25,20.46,1571580.0,10396429.0
2017-11-30,20.59,20.8,20.31,20.4,1710566.0,11362655.0
2017-12-01,20.4,20.77,20.34,20.68,1341314.0,8949470.0
2017-12-04,20.62,20.62,19.75,19.85,1530400.0,10041953.0
2017-12-05,19.85,20.22,19.45,19.69,2862770.0,18507194.0
2017-12-06,19.75,20.09,19.48,19.94,2151940.0,13806766.0
2017-12-07,19.88,20.09,19.82,19.94,1523161.0,9850096.0
2017-12-08,19.91,20.25,19.88,20.09,2741848.0,17838380.0
2017-12-11,20.0,20.12,19.72,20.0,2437852.0,15707912.0
2017-12-12,20.03,20.03,19.26,19.26,2551989.0,16178071.0
2017-12-13,19.17,19.39,18.52,18.8,18027547.0,109893563.0
2017-12-14,18.61,18.74,18.49,18.64,6599210.0,39804102.0
2017-12-15,18.61,18.83,18.55,18.8,4135408.0,25059340.0
2017-12-18,18.77,18.98,18.52,18.61,3735408.0,22679676.0
2017-12-19,18.68,18.95,18.61,18.92,3985046.0,24269947.0
2017-12-20,18.92,18.92,18.55,18.64,2479830.0,15042272.0
2017-12-21,18.64,18.83,18.27,18.58,3182962.0,19091071.0
2017-12-22,18.61,18.98,18.52,18.61,4111091.0,24829784.0
2017-12-25,18.61,18.64,17.9,18.06,3332000.0,19697061.0
2017-12-26,18.06,18.34,18.0,18.34,1576560.0,9299847.0
2017-12-27,18.27,18.64,18.24,18.3,2315188.0,13832431.0
2017-12-28,18.3,18.52,18.3,18.46,1232900.0,7366329.0
2017-12-29,18.46,18.77,18.37,18.68,1999688.0,12015064.0
2018-01-02,18.64,18.89,18.58,18.8,2066300.0,12555580.0
2018-01-03,18.74,18.98,18.68,18.89,3421900.0,20904303.0
2018-01-04,18.89,18.98,18.55,18.64,3068959.0,18660250.0
2018-01-05,18.7,18.86,18.58,18.8,2259280.0,13728099.0
2018-01-08,18.83,18.83,18.55,18.64,2697975.0,16308304.0
2018-01-09,18.64,18.74,18.61,18.71,1581150.0,9574576.0
2018-01-10,18.71,18.77,18.27,18.43,2571667.0,15379342.0
2018-01-11,18.3,18.83,18.24,18.8,3145821.0,18978359.0
2018-01-12,18.7,18.98,18.68,18.89,3366132.0,20544616.0
2018-01-15,18.86,18.86,18.15,18.24,2427721.0,14551674.0
2018-01-16,18.12,18.74,18.12,18.68,2636722.0,15858939.0
2018-01-17,18.71,18.89,18.37,18.74,2074000.0,12565355.0
2018-01-18,18.68,18.95,18.68,18.74,1775300.0,10822985.0
2018-01-19,18.83,19.23,18.71,19.11,4474156.0,27602828.0
2018-01-22,18.98,19.2,18.71,19.11,2645474.0,16270652.0
2018-01-23,19.08,19.08,18.83,18.83,1965308.0,12035040.0
2018-01-24,18.83,19.11,18.7,19.11,3121171.0,19186363.0
2018-01-25,19.08,19.32,18.98,19.11,3033301.0,18864097.0
2018-01-26,19.17,19.79,19.05,19.41,4553356.0,28644404.0
2018-01-29,19.29,19.38,18.83,18.98,2701854.0,16672527.0
2018-01-30,18.98,19.05,18.77,18.86,1027100.0,6283787.0
2018-01-31,18.83,18.95,17.81,18.37,3110900.0,18435107.0
2018-02-01,18.24,18.43,17.53,17.72,4436330.0,25782172.0
2018-02-02,16.85,17.93,16.85,17.87,2985052.0,17126871.0
2018-02-05,16.98,18.27,16.98,18.21,2363707.0,13606930.0
2018-02-06,17.9,18.37,17.01,17.35,2829699.0,16190565.0
2018-02-07,17.59,17.81,17.25,17.59,1737900.0,9839280.0
2018-02-08,17.53,17.9,17.38,17.78,2709914.0,15470315.0
2018-02-09,17.75,17.93,17.16,17.47,2218539.0,12502758.0
2018-02-12,17.47,17.96,17.47,17.78,1241700.0,7149788.0
2018-02-13,17.9,18.06,17.72,17.78,1209187.0,6985903.0
2018-02-14,17.78,17.93,17.59,17.87,866101.0,4973287.0
2018-02-22,17.9,18.09,17.87,17.96,864200.0,5028231.0
2018-02-23,17.96,17.96,17.66,17.87,580300.0,3355003.0
2018-02-26,17.9,18.24,17.84,18.24,1005042.0,5885366.0
2018-02-27,18.12,18.4,18.12,18.37,1153602.0,6833646.0
2018-02-28,18.18,18.64,18.09,18.43,920100.0,5479276.0
2018-03-01,18.21,19.01,18.21,18.77,1753110.0,10653934.0
2018-03-02,18.55,19.05,18.55,18.83,1529500.0,9319155.0
2018-03-05,18.89,19.14,18.83,19.08,1394554.0,8585026.0
2018-03-06,19.01,19.2,18.89,19.11,1503800.0,9289125.0
2018-03-07,19.14,19.14,18.77,18.92,795701.0,4880945.0
2018-03-08,18.83,18.98,18.83,18.95,654100.0,4008478.0
2018-03-09,18.86,19.26,18.83,19.23,2316655.0,14347477.0
2018-03-12,19.17,19.66,18.89,19.41,5244475.0,32811140.0
2018-03-13,19.26,19.57,19.23,19.48,2932400.0,18427405.0
2018-03-14,19.57,19.85,19.26,19.26,2673800.0,16906645.0
2018-03-15,19.05,19.41,18.95,19.11,2381259.0,14788224.0
2018-03-16,19.11,19.32,19.11,19.2,1066200.0,6642761.0
2018-03-19,19.29,19.91,18.98,19.45,3289800.0,20693699.0
2018-03-20,19.29,19.41,19.17,19.38,1656400.0,10353472.0
2018-03-21,19.41,19.6,19.2,19.23,1485000.0,9337501.0
2018-03-22,19.23,19.38,19.08,19.29,1599301.0,9966502.0
2018-03-23,19.05,19.08,17.93,18.37,2961600.0,17712557.0
2018-03-26,18.21,18.46,17.62,18.3,1797601.0,10475307.0
2018-03-27,18.37,18.95,18.37,18.89,1526851.0,9277441.0
2018-03-28,18.7,19.08,18.58,18.98,1613900.0,9913407.0
2018-03-29,19.11,19.51,18.74,18.92,2163801.0,13291514.0
2018-03-30,18.98,19.38,18.95,19.35,1900811.0,11819635.0
2018-04-02,19.41,19.48,19.11,19.2,1603900.0,9995650.0
2018-04-03,19.11,19.11,18.64,18.77,1638556.0,9977134.0
2018-04-04,18.92,19.08,18.7,18.7,1162430.0,7102601.0
2018-04-09,18.77,18.77,18.21,18.3,3374535.0,20121642.0
2018-04-10,18.3,18.37,17.93,18.24,1741744.0,10250033.0
2018-04-11,18.21,18.37,18.15,18.21,2255500.0,13339439.0
2018-04-12,18.12,18.27,18.0,18.06,1568722.0,9214608.0
2018-04-13,18.15,18.24,17.96,18.09,1268500.0,7439254.0
2018-04-16,17.35,17.84,17.19,17.22,3275930.0,18511694.0
2018-04-17,17.22,17.66,17.22,17.5,3181800.0,18049721.0
2018-04-18,17.62,17.62,17.07,17.47,1941730.0,10933243.0
2018-04-19,17.44,17.56,17.32,17.41,1458443.0,8231322.0
2018-04-20,17.35,17.41,16.95,17.13,1441183.0,7989614.0
2018-04-23,17.19,17.19,16.73,16.95,1191864.0,6538202.0
2018-04-24,17.01,17.32,16.98,17.22,1497863.0,8342715.0
2018-04-25,17.22,17.22,17.04,17.13,1191054.0,6609255.0
2018-04-26,17.13,17.16,16.73,16.85,1961177.0,10741804.0
2018-04-27,17.04,17.07,16.7,16.98,1300073.0,7123286.0
2018-05-02,17.04,17.1,16.85,16.98,1338020.0,7355083.0
2018-05-03,17.01,17.59,16.67,17.44,2537650.0,13964356.0
2018-05-04,17.29,17.38,17.01,17.01,1131600.0,6301750.0
2018-05-07,17.07,17.56,17.01,17.38,1443803.0,8099522.0
2018-05-08,17.41,18.0,17.25,17.9,3225559.0,18440128.0
2018-05-09,17.81,17.87,17.53,17.72,2596620.0,14859491.0
2018-05-10,17.72,17.75,17.59,17.72,1095686.0,6267032.0
2018-05-11,17.66,17.72,17.44,17.44,940408.0,5347873.0
2018-05-14,17.5,17.62,17.32,17.5,855800.0,4847738.0
2018-05-15,17.69,17.69,17.38,17.53,902800.0,5120522.0
2018-05-16,17.69,17.69,17.32,17.47,1024300.0,5789964.0
2018-05-17,17.41,17.47,17.13,17.25,1094100.0,6116424.0
2018-05-18,17.25,17.75,17.16,17.69,2434600.0,13836019.0
2018-05-21,17.66,18.18,17.66,17.78,2214100.0,12814572.0
2018-05-22,17.69,17.87,17.66,17.81,772801.0,4453257.0
2018-05-23,17.81,17.81,17.5,17.5,1146800.0,6552584.0
2018-05-24,17.5,17.69,17.29,17.29,1918500.0,10821731.0
2018-05-25,17.29,17.47,17.19,17.25,1488132.0,8349564.0
2018-05-28,17.25,17.47,16.82,17.04,1152601.0,6410093.0
2018-05-29,17.04,17.22,16.76,17.01,1968500.0,10810538.0
2018-05-30,16.79,16.79,16.36,16.61,2608979.0,14015480.0
2018-05-31,16.7,16.82,16.48,16.73,1108767.0,5978182.0
2018-06-01,16.61,16.79,16.45,16.73,1420955.0,7647185.0
2018-06-04,16.7,16.88,16.61,16.73,1373701.0,7458394.0
2018-06-05,16.67,16.79,16.58,16.73,1196500.0,6476093.0
2018-06-06,16.73,16.79,16.58,16.67,847500.0,4582039.0
2018-06-07,16.64,16.73,16.33,16.55,1476399.0,7907709.0
2018-06-08,16.45,16.55,16.02,16.36,3022563.0,15907338.0
2018-06-11,16.51,16.51,15.99,16.27,1716600.0,8998574.0
2018-06-12,16.24,16.36,15.93,16.24,2981171.0,15616112.0
2018-06-13,16.24,16.3,15.8,16.2,2740175.0,14298085.0
2018-06-14,16.08,16.17,15.87,16.02,1177049.0,6102828.0
2018-06-15,16.08,16.08,15.59,16.02,3031200.0,15570665.0
2018-06-19,15.9,15.9,14.41,14.41,3639700.0,17281642.0
2018-06-20,12.96,13.43,12.96,12.96,17505900.0,73666440.0
2018-06-21,12.75,13.03,12.19,12.53,10844500.0,44436448.0
2018-06-22,12.38,12.99,12.25,12.87,3946223.0,16202131.0
2018-06-25,12.96,12.99,12.69,12.72,2632300.0,10927056.0
2018-06-26,12.29,12.87,12.22,12.81,4300300.0,17558634.0
2018-06-27,12.78,12.9,12.66,12.78,2611300.0,10805356.0
2018-06-28,12.81,13.15,12.59,12.75,2768123.0,11526270.0
2018-06-29,12.75,13.24,12.66,12.99,3884375.0,16317547.0
2018-07-02,13.03,13.09,12.81,12.87,2574723.0,10786039.0
2018-07-03,12.93,13.12,12.84,13.09,3015367.0,12726164.0
2018-07-04,13.12,13.12,12.66,12.87,4443715.0,18496116.0
2018-07-05,12.87,12.9,12.59,12.66,3316500.0,13642554.0
2018-07-06,12.69,13.12,12.41,12.78,3133900.0,12890361.0
2018-07-09,12.84,13.03,12.81,12.93,1325600.0,5542671.0
2018-07-10,12.9,13.03,12.87,13.03,1428287.0,5992359.0
2018-07-11,12.93,12.93,12.47,12.72,2779629.0,11377111.0
2018-07-12,12.72,13.03,12.72,12.93,3666426.0,15338435.0
2018-07-13,12.96,13.55,12.93,13.49,6058902.0,25985786.0
2018-07-16,13.3,13.8,13.21,13.8,4421402.0,19330277.0
2018-07-17,13.71,13.95,13.55,13.67,4444400.0,19692574.0
2018-07-18,13.55,13.95,13.46,13.49,2864085.0,12620677.0
2018-07-19,13.55,13.58,12.96,13.58,4390200.0,18893544.0
2018-07-20,13.34,13.74,13.18,13.58,3415227.0,14909793.0
2018-07-23,13.49,13.74,13.4,13.64,2833600.0,12475773.0
2018-07-24,13.55,13.98,13.52,13.95,4827508.0,21627891.0
2018-07-25,14.04,14.57,13.98,14.17,6584293.0,30515210.0
2018-07-26,14.17,14.41,13.95,14.35,3693340.0,17094562.0
2018-07-27,14.29,14.45,14.23,14.29,2365400.0,10969176.0
2018-07-30,14.26,14.29,13.67,13.95,5197400.0,23376375.0
2018-07-31,13.92,14.04,13.86,13.98,2686400.0,12147048.0
2018-08-01,13.92,14.14,13.8,13.86,2350210.0,10645575.0
2018-08-02,13.83,13.86,13.12,13.43,3702810.0,16046742.0
2018-08-03,13.43,13.71,13.37,13.49,1274001.0,5592735.0
2018-08-06,13.46,13.64,13.21,13.43,2908200.0,12614299.0
2018-08-07,13.43,13.8,13.4,13.74,2309720.0,10224043.0
2018-08-08,13.64,14.01,13.64,13.89,3143221.0,14122763.0
2018-08-09,13.92,14.17,13.8,14.01,2801320.0,12731689.0
2018-08-10,13.89,14.14,13.89,14.04,1953600.0,8883666.0
2018-08-13,13.92,14.01,13.61,13.92,2262000.0,10088060.0
2018-08-14,13.89,14.23,13.83,14.17,3377268.0,15380823.0
2018-08-15,14.17,14.23,13.77,13.8,2727900.0,12345398.0
2018-08-16,13.8,14.01,13.49,13.92,2584000.0,11574018.0
2018-08-17,14.01,14.07,13.43,13.58,2451200.0,10874461.0
2018-08-20,13.64,13.67,13.27,13.61,2772915.0,12097454.0
2018-08-21,13.64,13.71,13.46,13.64,1857210.0,8177675.0
2018-08-22,13.61,13.61,13.37,13.4,1153600.0,5034901.0
2018-08-23,13.43,13.55,13.27,13.3,2123600.0,9215716.0
2018-08-24,13.3,13.3,13.12,13.15,1801906.0,7699675.0
2018-08-27,13.12,13.46,13.03,13.43,3197868.0,13800407.0
2018-08-28,13.55,13.55,13.3,13.46,2119000.0,9229103.0
2018-08-29,13.49,13.49,13.3,13.46,1411910.0,6122346.0
2018-08-30,13.43,13.43,13.21,13.3,1144502.0,4931568.0
2018-08-31,13.4,13.4,12.99,13.18,2139100.0,9095404.0
2018-09-03,13.12,13.12,12.59,12.87,3188501.0,13176165.0
2018-09-04,12.84,13.21,12.75,12.99,6028100.0,25227144.0
2018-09-05,12.99,13.18,12.75,12.93,2777513.0,11737549.0
2018-09-06,12.93,13.06,12.81,12.9,1510701.0,6319033.0
2018-09-07,12.9,13.09,12.81,12.93,1287000.0,5404184.0
2018-09-10,12.93,13.03,12.78,12.81,1365326.0,5704584.0
2018-09-11,12.81,13.03,12.75,12.84,1996137.0,8305416.0
2018-09-12,12.81,12.93,12.81,12.87,1690800.0,7056978.0
2018-09-13,12.9,12.99,12.81,12.96,1722100.0,7200742.0
2018-09-14,12.96,13.27,12.96,13.15,3640500.0,15461509.0
2018-09-17,13.12,13.34,13.03,13.15,2175203.0,9285411.0
2018-09-18,13.06,13.43,13.06,13.43,3132700.0,13522859.0
2018-09-19,13.3,13.55,13.27,13.46,3540600.0,15417955.0
2018-09-20,13.43,13.52,13.34,13.37,2744005.0,11946488.0
2018-09-21,13.49,13.61,13.37,13.49,2745201.0,12009820.0
2018-09-25,13.49,14.07,13.43,13.74,5771473.0,25800659.0
2018-09-26,13.71,13.83,13.55,13.71,2222600.0,9858365.0
2018-09-27,13.61,13.74,13.43,13.61,3007300.0,13200957.0
2018-09-28,13.46,13.71,13.43,13.64,2125200.0,9380859.0
2018-10-08,13.43,13.58,13.09,13.49,3089400.0,13355490.0
2018-10-09,13.58,13.58,13.37,13.43,1473900.0,6424487.0
2018-10-10,13.98,13.98,13.34,13.49,2313743.0,10108128.0
2018-10-11,13.55,13.55,12.38,12.47,4872205.0,20238237.0
2018-10-12,12.47,12.56,11.95,12.32,3189500.0,12579108.0
2018-10-15,12.5,12.5,12.19,12.22,1104536.0,4406673.0
2018-10-16,12.13,12.29,11.98,12.16,1576200.0,6178231.0
2018-10-17,12.29,12.29,11.64,12.01,2760900.0,10660230.0
2018-10-18,12.01,12.01,11.3,11.67,2113005.0,7984069.0
2018-10-19,11.42,12.35,11.39,12.35,2937300.0,11166626.0
2018-10-22,12.19,12.81,12.16,12.59,5925571.0,24037411.0
2018-10-23,12.56,12.59,12.22,12.32,2408795.0,9693565.0
2018-10-24,11.95,12.62,11.95,12.35,3130625.0,12541665.0
2018-10-25,11.88,12.44,11.88,12.38,2383904.0,9368274.0
2018-10-26,12.41,12.56,12.22,12.32,2533000.0,10128010.0
2018-10-29,12.44,12.44,12.13,12.19,1169631.0,4643755.0
2018-10-30,12.13,12.62,12.04,12.62,2777600.0,11098419.0
2018-10-31,12.47,12.72,12.44,12.66,2296900.0,9385850.0
2018-11-01,12.78,12.87,11.54,11.54,4732500.0,19194468.0
2018-11-02,12.69,12.69,12.69,12.69,2548200.0,10473102.0
2018-11-05,13.27,13.95,13.27,13.95,8909064.0,39521899.0
2018-11-06,13.98,13.98,13.12,13.37,14697650.0,64715183.0
2018-11-07,13.18,13.86,13.18,13.37,9117096.0,39985445.0
2018-11-08,13.49,14.07,13.4,13.49,9426470.0,41883036.0
2018-11-09,13.61,14.85,13.52,13.77,8208202.0,37053965.0
2018-11-12,13.71,15.16,13.67,14.66,15855301.0,74788801.0
2018-11-13,14.72,15.06,14.38,14.88,9803257.0,47004571.0
