2011-04-15,21.97,24.8,21.21,21.44,25974722.0,582661760.0
2011-04-18,20.5,20.78,19.68,19.78,11653918.0,233028544.0
2011-04-19,19.75,19.78,18.91,18.92,6788753.0,130223144.0
2011-04-20,18.9,19.36,18.7,18.87,4061153.0,77196808.0
2011-04-21,18.83,19.29,18.72,18.9,2875841.0,54483288.0
2011-04-22,18.8,18.85,18.31,18.47,3443279.0,63717992.0
2011-04-25,18.32,18.55,18.11,18.13,1629511.0,29827002.0
2011-04-26,18.0,18.3,17.71,17.85,1399878.0,25231512.0
2011-04-27,18.1,18.1,17.45,17.5,1670716.0,29444854.0
2011-04-28,17.6,17.68,16.96,16.96,1594438.0,27396636.0
2011-04-29,16.8,17.36,16.8,17.11,1089573.0,18627240.0
2011-05-03,17.11,17.24,16.88,17.16,777743.0,13294996.0
2011-05-04,17.04,17.17,16.81,16.9,749256.0,12724030.0
2011-05-05,16.9,17.3,16.76,17.28,997342.0,17073640.0
2011-05-06,17.18,17.55,17.1,17.34,1000059.0,17389136.0
2011-05-09,17.49,17.5,17.24,17.3,859266.0,14940344.0
2011-05-10,17.32,17.66,17.27,17.64,1104132.0,19375300.0
2011-05-11,17.65,17.78,17.46,17.65,1013671.0,17886296.0
2011-05-12,17.6,17.6,17.3,17.39,1030600.0,17991114.0
2011-05-13,17.38,17.56,17.01,17.3,628917.0,10826073.0
2011-05-16,17.3,17.7,17.3,17.51,868142.0,15234775.0
2011-05-17,17.52,17.65,17.31,17.52,679977.0,11911047.0
2011-05-19,17.58,17.58,17.09,17.12,932657.0,16095565.0
2011-05-20,17.0,17.17,16.86,16.9,698010.0,11838845.0
2011-05-23,16.85,16.95,16.01,16.02,1059219.0,17399662.0
2011-05-24,16.0,16.37,15.68,16.0,1267137.0,20343572.0
2011-05-25,16.02,16.26,15.83,15.88,675651.0,10849867.0
2011-05-26,15.88,16.15,15.72,15.75,332557.0,5292052.0
2011-05-27,15.69,15.99,15.2,15.58,503153.0,7870605.0
2011-05-30,15.49,15.72,15.29,15.51,428049.0,6662788.0
2011-05-31,15.49,15.89,15.48,15.87,544826.0,8606147.0
2011-06-01,15.88,16.05,15.8,16.0,411282.0,6567838.0
2011-06-02,15.95,15.95,15.44,15.59,513193.0,8000033.0
2011-06-03,15.64,15.85,15.48,15.76,336862.0,5283290.0
2011-06-07,15.77,15.87,15.61,15.84,387888.0,6116374.0
2011-06-08,15.84,15.84,15.62,15.7,200988.0,3149130.0
2011-06-09,15.64,15.77,15.2,15.21,372596.0,5752273.0
2011-06-10,15.34,15.49,15.11,15.28,281986.0,4301005.0
2011-06-13,15.6,15.88,15.48,15.69,655830.0,10260827.0
2011-06-14,15.51,15.78,15.39,15.63,506256.0,7917944.0
2011-06-15,15.58,15.65,15.45,15.5,208958.0,3247652.0
2011-06-16,15.25,15.56,15.24,15.32,237010.0,3649072.0
2011-06-17,15.3,15.4,15.11,15.14,259929.0,3958339.0
2011-06-20,15.12,15.21,15.03,15.1,233358.0,3526268.0
2011-06-21,15.35,15.35,14.99,15.2,213184.0,3219722.0
2011-06-22,15.2,15.22,15.01,15.09,223872.0,3381858.0
2011-06-23,15.03,15.47,14.72,15.4,585253.0,8871132.0
2011-06-24,15.2,15.83,15.19,15.69,692138.0,10804147.0
2011-06-28,15.81,15.98,15.55,15.71,457459.0,7198743.0
2011-06-29,15.71,15.91,15.47,15.48,405018.0,6322860.0
2011-06-30,15.46,15.73,15.46,15.68,407632.0,6363674.0
2011-07-01,15.7,15.88,15.56,15.73,614852.0,9676727.0
2011-07-04,15.61,16.3,15.61,16.21,890918.0,14299278.0
2011-07-05,16.17,16.28,16.02,16.23,765338.0,12372683.0
2011-07-06,16.23,16.71,16.01,16.61,1157850.0,19058542.0
2011-07-07,16.5,17.38,16.5,17.18,2219304.0,37869540.0
2011-07-08,17.04,17.18,16.76,17.02,911497.0,15456525.0
2011-07-11,17.0,17.09,16.71,17.0,768807.0,12977269.0
2011-07-12,16.82,16.85,16.42,16.46,751364.0,12449265.0
2011-07-13,16.46,16.9,16.46,16.8,617099.0,10326227.0
2011-07-14,16.82,17.28,16.66,17.28,1535475.0,26110714.0
2011-07-15,17.29,17.92,17.15,17.61,2824285.0,49983736.0
2011-07-18,17.55,17.75,17.08,17.15,1841076.0,31895074.0
2011-07-19,17.05,17.12,16.5,16.68,1738375.0,29074178.0
2011-07-20,16.8,16.85,16.5,16.74,1010715.0,16869248.0
2011-07-21,16.65,16.77,16.31,16.39,1058650.0,17433638.0
2011-07-22,16.39,16.58,16.33,16.58,1224330.0,20158224.0
2011-07-25,16.64,16.66,15.91,15.93,1453678.0,23659468.0
2011-07-26,15.91,16.08,15.7,15.79,974828.0,15416847.0
2011-07-27,15.66,16.57,15.66,16.49,1318588.0,21422010.0
2011-07-28,16.29,17.1,16.17,17.02,1942833.0,32537454.0
2011-07-29,17.0,17.01,16.58,16.59,1054807.0,17698602.0
2011-08-01,16.59,17.16,16.55,17.16,1552600.0,26282444.0
2011-08-02,17.0,17.59,16.9,17.43,3016191.0,52206736.0
2011-08-03,17.15,18.12,17.11,17.84,3922212.0,69834640.0
2011-08-04,17.79,17.9,17.13,17.42,2371396.0,41234316.0
2011-08-05,16.8,17.15,16.52,16.85,1450942.0,24522158.0
2011-08-08,16.75,16.75,15.25,15.85,2195347.0,34904264.0
2011-08-09,15.47,15.98,15.26,15.78,852777.0,13330054.0
2011-08-10,16.35,16.35,15.96,15.96,943289.0,15233400.0
2011-08-11,15.67,16.98,15.5,16.9,1707390.0,28184998.0
2011-08-12,16.95,17.22,16.84,16.92,1428432.0,24370716.0
2011-08-15,16.9,17.65,16.9,17.47,1774500.0,30864320.0
2011-08-16,17.47,17.63,17.25,17.44,1434818.0,25013646.0
2011-08-17,17.42,18.0,17.4,17.97,2318270.0,41179936.0
2011-08-18,17.96,18.1,17.58,17.61,2158276.0,38471420.0
2011-08-19,17.08,17.58,16.91,17.32,1529020.0,26450556.0
2011-08-22,17.3,18.27,17.3,17.8,1758484.0,31418750.0
2011-08-23,17.85,19.5,17.85,19.23,5383231.0,101158280.0
2011-08-24,19.17,19.25,18.7,18.83,3309818.0,62730876.0
2011-08-25,18.75,19.08,18.35,18.83,4826824.0,89936456.0
2011-08-26,18.7,19.08,18.45,18.96,2668859.0,50195176.0
2011-08-29,19.0,19.35,18.83,18.83,2180787.0,41560372.0
2011-08-30,18.75,18.95,18.25,18.28,1809073.0,33722852.0
2011-08-31,18.25,18.39,17.51,17.78,1317818.0,23463484.0
2011-09-01,17.6,17.98,17.41,17.55,930989.0,16487769.0
2011-09-02,17.45,17.83,17.45,17.8,856073.0,15139286.0
2011-09-05,17.54,17.54,17.01,17.18,777828.0,13468454.0
2011-09-06,17.0,17.55,16.98,17.3,524837.0,9075616.0
2011-09-07,17.35,18.06,17.35,17.95,959260.0,17169874.0
2011-09-08,18.13,18.55,17.95,18.13,1703212.0,31092214.0
2011-09-09,18.0,18.18,17.41,17.57,1082827.0,19242702.0
2011-09-14,17.31,17.65,16.5,17.18,1506824.0,25627426.0
2011-09-15,17.24,17.35,17.0,17.04,940905.0,16103937.0
2011-09-16,17.13,17.28,16.7,17.0,1067064.0,18125942.0
2011-09-19,16.71,16.88,16.26,16.26,593800.0,9777138.0
2011-09-20,16.35,16.5,16.05,16.27,385209.0,6253617.0
2011-09-21,16.27,16.89,16.18,16.79,634992.0,10561437.0
2011-09-22,16.65,16.93,16.52,16.53,467846.0,7807748.0
2011-09-23,16.26,16.68,16.18,16.49,390679.0,6425103.0
2011-09-26,16.21,16.6,15.8,15.89,465050.0,7465805.0
2011-09-27,15.95,16.26,15.87,15.91,252594.0,4050455.0
2011-09-28,15.93,16.28,15.42,15.5,299800.0,4729811.0
2011-09-29,15.22,15.43,14.09,15.2,1398842.0,20770122.0
2011-09-30,15.0,15.0,14.63,14.76,344890.0,5103626.0
2011-10-10,14.43,15.02,14.43,14.8,204698.0,3049655.0
2011-10-11,15.09,15.3,14.68,14.81,229400.0,3437036.0
2011-10-12,14.61,15.24,14.56,15.2,686086.0,10340159.0
2011-10-13,15.26,15.6,15.1,15.3,872174.0,13409597.0
2011-10-14,15.22,15.32,15.11,15.26,263143.0,4002370.0
2011-10-17,15.32,15.35,15.15,15.28,453966.0,6917851.0
2011-10-18,15.33,15.33,14.8,14.82,395981.0,5930003.0
2011-10-19,14.86,14.96,14.51,14.61,310255.0,4556252.0
2011-10-20,14.54,14.6,13.95,13.95,449789.0,6360413.0
2011-10-21,14.2,15.33,14.2,14.29,767922.0,11231604.0
2011-10-24,14.18,14.53,13.82,14.45,645223.0,9193060.0
2011-10-25,14.38,15.09,14.2,15.0,931299.0,13792157.0
2011-10-26,15.0,15.82,14.75,15.66,1935361.0,30030114.0
2011-10-27,15.94,16.56,15.5,16.29,4360414.0,70836096.0
2011-10-28,16.3,17.0,16.18,17.0,3265798.0,54340964.0
2011-10-31,17.12,17.45,16.7,17.2,2398331.0,41016168.0
2011-11-01,16.93,17.32,16.74,16.99,1322636.0,22460096.0
2011-11-02,16.6,17.72,16.6,17.72,2021721.0,34883180.0
2011-11-03,17.75,18.25,17.35,17.75,2118107.0,37555016.0
2011-11-04,17.76,17.84,17.41,17.6,1075389.0,19024414.0
2011-11-07,17.42,18.07,17.39,17.75,2009609.0,35907620.0
2011-11-08,17.79,17.79,17.13,17.4,848183.0,14793283.0
2011-11-09,17.4,17.47,16.91,17.3,1218392.0,20954240.0
2011-11-10,17.35,18.4,17.01,18.06,3890636.0,70017376.0
2011-11-11,17.99,18.16,17.8,18.0,1014576.0,18241316.0
2011-11-14,18.26,18.65,18.11,18.37,2106649.0,38737036.0
2011-11-15,18.36,18.99,18.26,18.87,2047306.0,38297556.0
2011-11-16,18.73,18.88,18.01,18.05,1471677.0,26825178.0
2011-11-17,18.21,19.86,18.21,18.88,4881573.0,93905912.0
2011-11-18,18.31,18.49,17.6,18.4,3409848.0,61627044.0
2011-11-21,18.13,18.34,17.66,17.9,1247982.0,22483220.0
2011-11-22,17.75,18.6,17.46,18.5,1754689.0,32054714.0
2011-11-23,18.5,19.0,18.43,18.8,1818013.0,34139456.0
2011-11-24,18.83,19.25,18.46,19.0,2089381.0,39520568.0
2011-11-25,19.0,19.13,18.32,18.32,1103514.0,20680600.0
2011-11-28,18.5,18.61,17.77,18.2,1607461.0,29081470.0
2011-11-29,18.15,18.28,17.81,18.22,801503.0,14455412.0
2011-11-30,18.15,18.36,17.13,18.0,1722165.0,30383952.0
2011-12-01,18.19,18.75,18.01,18.74,2062965.0,38167072.0
2011-12-02,18.75,18.79,17.92,18.2,1036326.0,18962038.0
2011-12-05,18.2,18.21,17.16,17.9,809124.0,14176915.0
2011-12-06,17.22,18.21,17.22,18.1,534167.0,9531548.0
2011-12-07,18.2,19.9,18.19,18.84,2427000.0,46488492.0
2011-12-08,18.51,19.38,17.4,19.0,2280817.0,42155488.0
2011-12-09,18.7,20.2,18.3,20.02,5196707.0,102208504.0
2011-12-12,19.75,19.98,19.3,19.55,2329983.0,45781252.0
2011-12-13,19.32,19.88,18.93,19.7,2777900.0,54008068.0
2011-12-14,19.5,19.69,17.73,17.73,3419523.0,63326620.0
2011-12-15,17.85,19.2,17.85,18.08,5067305.0,93789848.0
2011-12-16,17.28,19.6,17.11,19.59,4300312.0,79709064.0
2011-12-19,19.21,20.55,18.94,20.1,6630635.0,131229712.0
2011-12-20,19.83,20.34,19.1,19.45,3791490.0,74658168.0
2011-12-21,19.86,19.98,18.8,18.81,3210436.0,62716484.0
2011-12-22,18.65,19.68,17.42,19.0,4036947.0,74296600.0
2011-12-23,18.7,19.09,18.01,18.32,2700682.0,50054528.0
2011-12-26,18.39,18.4,17.66,17.73,1889089.0,34150100.0
2011-12-27,17.5,18.27,17.35,17.58,1791793.0,31951978.0
2011-12-28,17.15,17.49,16.16,17.0,2664043.0,44205932.0
2011-12-29,16.8,16.99,16.4,16.7,1648114.0,27383912.0
2011-12-30,16.7,17.35,16.58,17.3,1693122.0,28960362.0
2012-01-04,17.4,17.55,16.4,16.75,1235357.0,21017412.0
2012-01-05,16.74,16.74,15.2,15.28,1548011.0,24417076.0
2012-01-06,15.18,15.5,14.9,15.39,834439.0,12670840.0
2012-01-09,15.31,15.96,14.91,15.96,1765188.0,27610512.0
2012-01-10,15.89,16.4,15.7,16.24,2301762.0,37217120.0
2012-01-11,16.19,16.99,15.85,16.26,2149203.0,35448188.0
2012-01-12,16.11,16.43,15.98,16.16,1365634.0,22088718.0
2012-01-13,16.2,16.39,14.54,14.54,2686891.0,40228856.0
2012-01-16,14.23,14.34,13.36,13.5,1294825.0,17896034.0
2012-01-17,13.48,14.29,13.12,14.08,1323581.0,18208186.0
2012-01-18,13.99,14.13,12.9,12.98,1701100.0,23017040.0
2012-01-19,12.9,13.32,12.85,13.07,1075420.0,14028021.0
2012-01-20,13.2,13.7,13.15,13.51,890594.0,12010207.0
2012-01-30,13.65,13.78,13.41,13.6,650750.0,8854401.0
2012-01-31,13.6,13.61,13.03,13.6,679621.0,9041755.0
2012-02-01,13.32,13.96,13.27,13.87,908399.0,12509961.0
2012-02-02,13.9,14.4,13.65,14.4,1023352.0,14272047.0
2012-02-03,14.29,14.6,14.2,14.55,1143748.0,16508354.0
2012-02-06,14.65,14.89,14.48,14.64,1073857.0,15701434.0
2012-02-07,14.49,14.55,14.1,14.27,940881.0,13454857.0
2012-02-08,14.27,14.66,14.1,14.6,1108008.0,15988149.0
2012-02-09,14.6,14.97,14.46,14.76,1559555.0,23012898.0
2012-02-10,14.68,14.79,14.4,14.56,1063665.0,15493749.0
2012-02-13,14.3,14.88,14.26,14.82,1385468.0,20369470.0
2012-02-14,14.82,14.85,14.52,14.69,638863.0,9412051.0
2012-02-15,14.53,15.27,14.53,15.13,2142488.0,32126454.0
2012-02-16,15.22,15.34,14.9,15.09,1791042.0,27131404.0
2012-02-17,15.09,15.33,14.98,15.13,1015775.0,15374411.0
2012-02-20,15.36,15.4,14.9,14.95,1563651.0,23558190.0
2012-02-21,14.82,15.16,14.76,15.06,1373506.0,20549598.0
2012-02-22,15.07,15.6,15.0,15.53,2248610.0,34475004.0
2012-02-23,15.56,15.99,15.41,15.75,2342029.0,36783540.0
2012-02-24,15.79,16.82,15.7,16.2,2540432.0,41268092.0
2012-02-27,16.1,16.29,15.92,16.03,1290360.0,20764432.0
2012-02-28,16.02,16.98,15.97,16.74,4154093.0,68988736.0
2012-02-29,17.27,17.29,16.41,16.69,1959514.0,32708502.0
2012-03-01,17.4,17.95,16.51,16.67,4339543.0,73807152.0
2012-03-02,16.56,17.1,16.56,16.85,3192162.0,53787168.0
2012-03-05,17.28,17.54,16.9,16.95,4098078.0,70831464.0
2012-03-06,16.89,16.98,16.26,16.39,2157712.0,35590288.0
2012-03-07,16.03,16.68,16.03,16.14,2117451.0,34677704.0
2012-03-08,16.18,16.64,16.18,16.45,1970265.0,32254158.0
2012-03-09,16.82,16.82,16.47,16.65,1644846.0,27279026.0
2012-03-12,16.98,17.19,16.5,16.68,2620889.0,44020636.0
2012-03-13,16.8,17.46,16.7,17.26,3498557.0,59930960.0
2012-03-14,17.3,17.35,15.91,16.0,3324048.0,55748788.0
2012-03-15,15.99,16.23,15.11,15.25,2199259.0,34106692.0
2012-03-16,15.56,15.75,15.27,15.68,1364993.0,21247856.0
2012-03-19,15.75,15.94,15.4,15.86,1412273.0,22078006.0
2012-03-20,15.81,15.83,15.3,15.32,1037144.0,16032595.0
2012-03-21,15.46,15.56,15.03,15.4,837783.0,12784457.0
2012-03-22,15.42,15.63,15.33,15.42,873358.0,13522003.0
2012-03-23,15.33,15.47,15.03,15.1,568749.0,8641911.0
2012-03-26,15.09,15.2,14.9,15.1,534569.0,8061878.0
2012-03-27,15.2,15.25,14.92,15.03,456468.0,6898379.0
2012-03-28,15.0,15.0,14.12,14.12,870550.0,12628034.0
2012-03-29,13.99,14.49,13.72,14.35,1099326.0,15485361.0
2012-03-30,14.28,14.44,13.9,14.33,799951.0,11358114.0
2012-04-05,14.25,14.77,14.11,14.76,842439.0,12204030.0
2012-04-06,14.77,14.77,14.52,14.64,470643.0,6900406.0
2012-04-09,14.7,14.7,14.3,14.5,420139.0,6070875.0
2012-04-10,14.05,14.57,13.8,14.57,1102351.0,15557460.0
2012-04-11,14.3,14.47,14.06,14.39,567956.0,8116516.0
2012-04-12,14.38,14.57,14.2,14.55,1009717.0,14576835.0
2012-04-13,14.51,15.0,14.5,14.76,902650.0,13317233.0
2012-04-16,14.6,15.14,14.4,15.13,1384877.0,20337692.0
2012-04-17,15.0,15.86,14.9,15.52,2875760.0,44560100.0
2012-04-18,15.74,15.99,15.5,15.88,2116662.0,33422970.0
2012-04-19,15.8,15.8,15.56,15.7,869779.0,13618916.0
2012-04-20,15.72,15.93,15.52,15.8,841399.0,13219968.0
2012-04-23,15.68,15.88,14.58,15.2,1754395.0,26636148.0
2012-04-24,14.98,15.21,14.51,14.95,1229272.0,18302628.0
2012-04-25,14.93,14.95,14.28,14.66,1224345.0,17764572.0
2012-04-26,14.53,14.6,14.3,14.36,595099.0,8566432.0
2012-04-27,14.36,14.54,14.15,14.38,660561.0,9491686.0
2012-05-02,14.42,14.6,14.2,14.49,720936.0,10374546.0
2012-05-03,14.38,14.49,14.19,14.45,737785.0,10541744.0
2012-05-04,14.58,14.98,14.56,14.73,1128781.0,16692293.0
2012-05-07,14.58,14.98,14.47,14.94,1559549.0,23055180.0
2012-05-08,15.0,15.27,14.78,14.92,1280890.0,19264808.0
2012-05-09,14.69,14.98,14.57,14.94,1128170.0,16702804.0
2012-05-10,14.85,15.05,14.7,15.02,803900.0,11981618.0
2012-05-11,15.02,15.16,14.8,14.8,1082610.0,16274849.0
2012-05-14,14.97,15.2,14.76,15.0,1008823.0,15112077.0
2012-05-15,14.87,15.27,14.7,15.27,1274558.0,19226546.0
2012-05-16,15.38,15.4,14.94,15.2,986716.0,15004118.0
2012-05-17,15.21,15.58,14.95,15.58,1430299.0,21915474.0
2012-05-18,15.53,16.13,15.32,15.92,2618244.0,41709048.0
2012-05-21,16.0,16.0,15.21,15.91,1907304.0,29902404.0
2012-05-22,16.03,16.05,15.68,15.95,1928393.0,30643626.0
2012-05-23,15.78,15.85,15.4,15.54,742581.0,11580631.0
2012-05-24,15.41,15.64,15.21,15.22,696253.0,10752188.0
2012-05-25,15.41,15.57,14.85,15.0,741359.0,11247240.0
2012-05-28,14.56,15.09,14.56,15.07,563818.0,8415717.0
2012-05-29,14.97,15.54,14.8,15.48,860518.0,13195994.0
2012-05-30,15.41,15.96,15.32,15.68,1062059.0,16708893.0
2012-05-31,15.6,15.96,15.45,15.71,811981.0,12836799.0
2012-06-01,15.82,15.82,15.38,15.43,494081.0,7689445.0
2012-06-04,15.18,15.43,14.96,15.24,640900.0,9717609.0
2012-06-05,15.01,15.25,14.93,15.12,349414.0,5269772.0
2012-06-06,15.25,15.29,15.01,15.2,276800.0,4185421.0
2012-06-07,15.25,15.65,15.07,15.3,443755.0,6836122.0
2012-06-08,15.6,15.6,15.13,15.25,618363.0,9494415.0
2012-06-11,15.02,16.23,14.96,16.06,1763567.0,27833044.0
2012-06-12,16.52,16.85,15.88,15.91,2841764.0,46708916.0
2012-06-13,16.2,17.5,16.01,17.1,6240180.0,107320752.0
2012-06-14,16.74,16.8,16.38,16.52,3551390.0,58939712.0
2012-06-15,16.51,16.66,16.09,16.42,2030221.0,33131468.0
2012-06-18,16.42,16.9,16.21,16.66,2459231.0,40790312.0
2012-06-19,16.6,16.7,16.12,16.18,1209998.0,19707774.0
2012-06-20,16.28,16.46,15.92,15.96,1157823.0,18644510.0
2012-06-21,15.84,16.19,15.5,15.63,924005.0,14503984.0
2012-06-25,15.8,15.8,15.22,15.42,1415321.0,21787338.0
2012-06-26,15.3,15.34,14.97,15.2,946098.0,14281139.0
2012-06-27,15.04,15.48,15.04,15.22,916667.0,14055864.0
2012-06-28,15.37,15.37,14.98,14.98,559000.0,8489983.0
2012-06-29,15.1,15.11,14.65,15.11,856422.0,12714922.0
2012-07-02,15.15,15.6,15.12,15.5,888052.0,13720485.0
2012-07-03,15.5,15.66,15.3,15.62,606312.0,9409732.0
2012-07-04,15.45,15.83,15.35,15.49,583001.0,9039817.0
2012-07-05,15.54,15.54,14.94,14.94,480578.0,7288514.0
2012-07-06,14.99,15.19,14.64,15.1,746468.0,11074826.0
2012-07-09,15.11,15.11,14.45,14.47,499801.0,7348096.0
2012-07-10,14.44,14.53,14.29,14.46,383802.0,5527512.0
2012-07-11,14.39,14.68,14.39,14.52,158407.0,2294980.0
2012-07-12,14.61,14.84,14.43,14.77,278393.0,4086789.0
2012-07-13,14.77,15.34,14.77,15.02,728270.0,10992610.0
2012-07-16,15.04,15.04,13.88,13.92,532201.0,7646767.0
2012-07-17,14.02,14.16,13.94,14.08,307222.0,4297893.0
2012-07-18,14.08,14.28,13.91,14.27,314449.0,4406868.0
2012-07-19,14.09,14.59,14.09,14.3,215194.0,3087274.0
2012-07-20,14.3,14.39,14.14,14.31,156465.0,2228813.0
2012-07-23,14.31,14.39,14.05,14.22,104802.0,1489109.0
2012-07-24,14.02,14.44,14.02,14.34,165870.0,2358206.0
2012-07-25,14.33,14.53,14.14,14.32,200125.0,2855267.0
2012-07-26,14.19,14.42,14.19,14.24,161280.0,2302297.0
2012-07-27,14.06,14.33,14.06,14.26,154104.0,2186978.0
2012-07-30,14.16,14.33,13.97,14.19,177857.0,2506015.0
2012-07-31,14.24,14.29,13.77,14.04,329694.0,4601505.0
2012-08-01,14.17,14.59,14.04,14.53,354494.0,5115633.0
2012-08-02,14.39,14.79,14.32,14.68,467600.0,6820622.0
2012-08-03,14.78,14.84,14.48,14.78,425992.0,6251199.0
2012-08-06,14.73,14.96,14.67,14.84,872083.0,12914259.0
2012-08-07,14.97,15.03,14.8,14.94,598583.0,8899604.0
2012-08-08,14.99,15.05,14.64,14.85,294719.0,4359637.0
2012-08-09,14.89,14.99,14.74,14.96,208506.0,3095020.0
2012-08-10,15.04,15.13,14.77,14.89,144450.0,2139392.0
2012-08-13,14.69,14.89,14.6,14.66,249679.0,3661050.0
2012-08-14,14.64,14.89,14.26,14.84,401921.0,5821286.0
2012-08-15,14.83,14.92,14.71,14.8,284295.0,4196862.0
2012-08-16,14.83,14.83,14.58,14.72,158801.0,2322860.0
2012-08-17,14.59,14.74,14.5,14.74,155124.0,2267464.0
2012-08-20,14.51,14.82,14.51,14.82,221504.0,3244116.0
2012-08-21,14.79,15.3,14.72,15.14,557081.0,8397614.0
2012-08-22,15.32,15.64,14.84,15.04,547037.0,8347376.0
2012-08-23,15.04,15.04,14.69,14.89,430391.0,6346336.0
2012-08-24,14.75,14.88,14.52,14.84,302814.0,4430950.0
2012-08-27,14.68,14.89,14.54,14.81,264389.0,3905013.0
2012-08-28,14.67,14.84,14.44,14.77,222661.0,3250453.0
2012-08-29,14.59,14.89,14.53,14.62,299670.0,4384704.0
2012-08-30,14.45,14.71,13.86,14.69,487914.0,6992602.0
2012-08-31,14.55,14.87,14.46,14.83,179513.0,2635391.0
2012-09-03,14.62,15.09,14.62,15.06,322962.0,4826868.0
2012-09-04,15.13,15.23,14.91,15.2,549405.0,8282572.0
2012-09-05,15.19,15.35,15.05,15.19,427179.0,6490698.0
2012-09-06,15.15,15.29,15.0,15.24,322239.0,4879482.0
2012-09-07,15.24,15.8,15.24,15.76,1219040.0,18961316.0
2012-09-10,15.64,15.83,15.51,15.83,677975.0,10600879.0
2012-09-11,15.61,15.8,15.51,15.74,526691.0,8205658.0
2012-09-12,15.73,15.73,15.49,15.52,468845.0,7267627.0
2012-09-13,15.57,15.66,15.17,15.17,351899.0,5417639.0
2012-09-14,15.17,15.49,15.06,15.43,426334.0,6504628.0
2012-09-17,15.42,15.42,15.02,15.34,255903.0,3889161.0
2012-09-18,15.24,15.44,15.07,15.41,329510.0,5019926.0
2012-09-19,15.36,15.66,15.36,15.64,998283.0,15494793.0
2012-09-20,15.67,15.79,14.84,15.29,647186.0,9822803.0
2012-09-21,14.87,15.19,14.54,15.19,657842.0,9805672.0
2012-09-24,15.11,15.26,14.74,15.22,270981.0,4060868.0
2012-09-25,15.06,15.18,14.84,15.13,96299.0,1443617.0
2012-09-26,15.09,15.09,14.7,15.0,165350.0,2450934.0
2012-09-27,14.94,15.48,14.84,15.32,275944.0,4179189.0
2012-09-28,15.18,15.4,15.12,15.24,274244.0,4187605.0
2012-10-08,15.24,15.29,14.89,15.2,191105.0,2873592.0
2012-10-09,15.09,15.44,15.09,15.44,266385.0,4079123.0
2012-10-10,15.34,15.57,15.24,15.54,352900.0,5432978.0
2012-10-11,15.54,15.83,15.3,15.49,601417.0,9324883.0
2012-10-12,15.44,15.54,15.18,15.43,297620.0,4540577.0
2012-10-15,15.21,15.39,14.95,15.22,312772.0,4715804.0
2012-10-16,15.1,15.2,14.74,14.94,324637.0,4856880.0
2012-10-17,15.02,15.02,14.74,14.84,257708.0,3810319.0
2012-10-18,14.88,15.02,14.8,14.98,367067.0,5458018.0
2012-10-19,14.9,15.01,14.8,14.89,267314.0,3973060.0
2012-10-22,14.79,14.93,14.64,14.93,347256.0,5102836.0
2012-10-23,14.93,15.13,14.78,14.87,482323.0,7189926.0
2012-10-24,14.8,14.92,14.42,14.87,746012.0,10902326.0
2012-10-25,14.66,15.54,14.66,14.93,2590232.0,39069448.0
2012-10-26,15.09,15.13,14.15,14.52,1796419.0,25859650.0
2012-10-29,14.18,14.4,13.92,14.31,528600.0,7469410.0
2012-10-30,14.1,14.27,14.01,14.14,587414.0,8255425.0
2012-10-31,14.05,14.19,13.79,14.19,442438.0,6173521.0
2012-11-01,14.14,14.34,14.14,14.29,274787.0,3911935.0
2012-11-02,14.29,14.43,14.15,14.39,304097.0,4334705.0
2012-11-05,14.34,14.44,14.14,14.39,332847.0,4731373.0
2012-11-06,14.21,14.39,14.08,14.39,261025.0,3715655.0
2012-11-07,14.42,14.51,14.35,14.48,392353.0,5656184.0
2012-11-08,14.42,14.42,14.12,14.39,280550.0,3984083.0
2012-11-09,14.29,14.37,14.17,14.36,179441.0,2551111.0
2012-11-12,14.29,14.64,14.19,14.44,350330.0,5055889.0
2012-11-13,14.3,14.42,14.09,14.33,350307.0,4964309.0
2012-11-14,14.16,14.35,14.13,14.32,195287.0,2777691.0
2012-11-15,14.17,14.36,14.14,14.31,206158.0,2932696.0
2012-11-16,14.16,14.31,14.07,14.31,266710.0,3776708.0
2012-11-19,14.19,14.48,14.19,14.47,414065.0,5931156.0
2012-11-20,14.65,14.92,14.29,14.32,509804.0,7394768.0
2012-11-21,14.25,14.25,13.84,14.18,830400.0,11611188.0
2012-11-22,14.04,14.04,13.88,14.0,210106.0,2922877.0
2012-11-23,13.92,14.01,13.75,13.89,370411.0,5119820.0
2012-11-26,13.89,13.89,13.44,13.65,223834.0,3035930.0
2012-11-27,13.64,13.64,12.97,13.25,303677.0,3999107.0
2012-11-28,13.06,13.26,12.03,12.63,889973.0,11056998.0
2012-11-29,12.39,12.65,12.34,12.62,266496.0,3328239.0
2012-11-30,12.39,12.81,12.39,12.81,330943.0,4171925.0
2012-12-03,12.55,12.72,12.15,12.16,247551.0,3047204.0
2012-12-04,12.05,12.5,11.78,12.18,386382.0,4640728.0
2012-12-05,12.05,12.59,12.03,12.53,567129.0,7019390.0
2012-12-06,12.62,12.68,12.41,12.46,267251.0,3347293.0
2012-12-07,12.46,12.79,12.43,12.76,389138.0,4910009.0
2012-12-10,12.77,12.95,12.63,12.84,385975.0,4930717.0
2012-12-11,12.89,12.89,12.63,12.78,242755.0,3091053.0
2012-12-12,12.73,12.9,12.5,12.87,405069.0,5141159.0
2012-12-13,13.32,13.49,12.78,12.85,652598.0,8507251.0
2012-12-14,12.64,13.2,12.51,13.15,846024.0,10957809.0
2012-12-17,13.05,13.13,12.85,13.02,705881.0,9112917.0
2012-12-18,12.85,12.97,12.83,12.91,448839.0,5770754.0
2012-12-19,12.91,12.91,12.74,12.9,442833.0,5670996.0
2012-12-20,12.86,12.86,12.74,12.79,505426.0,6449500.0
2012-12-21,13.08,13.08,12.76,12.88,999577.0,12837922.0
2012-12-24,12.7,12.93,12.62,12.87,851673.0,10908470.0
2012-12-25,12.77,13.32,12.76,13.25,3706116.0,48174444.0
2012-12-26,13.22,13.66,13.1,13.54,3960079.0,53158520.0
2012-12-27,13.56,13.72,12.99,13.11,3360267.0,44553896.0
2012-12-28,13.03,13.3,12.84,13.25,4876612.0,63930668.0
2012-12-31,13.33,13.56,13.07,13.38,3333671.0,44272552.0
2013-01-04,13.38,13.45,13.11,13.29,1954391.0,25851652.0
2013-01-07,13.26,13.38,13.16,13.38,2377524.0,31367874.0
2013-01-08,13.41,14.25,13.24,13.81,5042110.0,69290472.0
2013-01-09,13.62,13.78,13.45,13.68,2455452.0,33409588.0
2013-01-10,13.66,13.76,13.49,13.63,1658766.0,22586506.0
2013-01-11,13.71,13.71,13.29,13.43,2043597.0,27596692.0
2013-01-14,14.77,14.77,14.04,14.51,10523104.0,152984864.0
2013-01-15,14.26,15.29,14.22,15.15,12594858.0,186606240.0
2013-01-16,15.0,15.02,14.23,14.54,7830820.0,113552288.0
2013-01-17,14.55,14.59,14.06,14.15,2906038.0,41467312.0
2013-01-18,14.15,14.38,14.14,14.33,1919437.0,27315806.0
2013-01-21,14.33,14.59,14.31,14.37,2413992.0,34717812.0
2013-01-22,14.37,14.37,13.84,14.0,2548787.0,35633864.0
2013-01-23,13.93,14.24,13.84,14.18,1673820.0,23523042.0
2013-01-24,14.19,14.21,13.7,13.91,1916904.0,26662728.0
2013-01-25,14.0,14.5,14.0,14.23,4382658.0,62472272.0
2013-01-28,14.13,14.51,14.13,14.46,2536383.0,36331916.0
2013-01-29,14.52,14.71,14.38,14.5,2595787.0,37576484.0
2013-01-30,14.4,14.5,13.79,13.94,4286165.0,59753024.0
2013-01-31,13.96,14.19,13.71,14.09,6288592.0,87058880.0
2013-02-01,13.96,14.26,13.85,14.01,4611586.0,64684676.0
2013-02-04,14.04,14.09,13.45,13.62,3436636.0,46843956.0
2013-02-05,13.44,13.54,13.24,13.51,2800159.0,37298660.0
2013-02-06,13.38,13.63,13.38,13.49,1726413.0,23302520.0
2013-02-07,13.53,13.75,13.51,13.64,1869929.0,25424300.0
2013-02-08,13.64,14.02,13.59,13.84,2978179.0,41114080.0
2013-02-18,14.04,14.2,13.94,14.05,6404670.0,89973680.0
2013-02-19,13.96,14.24,13.96,14.03,3763803.0,52905840.0
2013-02-20,14.0,14.58,14.0,14.41,6202070.0,88840960.0
2013-02-21,14.34,14.65,14.08,14.29,5706783.0,81730440.0
2013-02-22,14.24,14.46,14.16,14.19,2853254.0,40755296.0
2013-02-25,14.44,15.12,14.32,14.89,9779544.0,144701744.0
2013-02-26,14.74,15.2,14.69,14.81,9749098.0,145878784.0
2013-02-27,15.1,15.34,14.6,14.95,5684294.0,84687896.0
2013-02-28,14.92,15.54,14.69,15.49,7701667.0,116821248.0
2013-03-01,15.26,15.84,15.26,15.69,7666200.0,119273624.0
2013-03-04,15.79,16.23,15.11,15.4,8834862.0,138163888.0
2013-03-05,15.44,15.59,14.84,15.38,5040764.0,76484240.0
2013-03-06,15.51,15.59,15.12,15.38,6011578.0,91885680.0
2013-03-07,15.34,15.64,15.0,15.24,4566822.0,69862728.0
2013-03-08,15.2,15.39,14.78,14.89,3291094.0,49384564.0
2013-03-11,14.95,15.05,14.79,14.89,2094326.0,31129472.0
2013-03-12,14.9,14.95,13.94,14.12,4067177.0,58097740.0
2013-03-13,14.11,14.15,13.6,14.11,3353517.0,46632396.0
2013-03-14,14.11,14.32,14.02,14.14,2214614.0,31296032.0
2013-03-15,14.15,14.41,13.99,14.14,2607604.0,36974088.0
2013-03-18,14.32,14.77,14.32,14.52,5085699.0,73838048.0
2013-03-19,14.49,14.78,14.14,14.73,3673340.0,53091252.0
2013-03-20,15.03,15.39,14.84,15.15,9306069.0,140334048.0
2013-03-21,15.05,15.69,14.95,15.3,6981923.0,107054120.0
2013-03-22,15.3,15.38,15.06,15.18,3511679.0,53237496.0
2013-03-25,15.18,15.37,14.95,14.95,3584745.0,54146372.0
2013-03-26,14.92,14.92,14.54,14.6,2950150.0,43171408.0
2013-03-27,14.61,14.8,14.44,14.51,2216925.0,32244398.0
2013-03-28,14.37,14.71,14.2,14.35,2730897.0,39310452.0
2013-03-29,14.44,14.62,14.32,14.37,2415190.0,34800832.0
2013-04-01,14.33,14.71,14.32,14.57,1833728.0,26648122.0
2013-04-02,14.57,14.81,14.33,14.36,2356917.0,34311188.0
2013-04-03,14.33,14.36,13.74,13.96,2009587.0,27978436.0
2013-04-08,13.94,14.19,13.57,14.17,1458062.0,20231524.0
2013-04-09,14.18,14.36,14.18,14.23,1445193.0,20550670.0
2013-04-10,14.31,14.37,13.81,14.06,1575572.0,22014450.0
2013-04-11,14.06,14.18,13.94,14.01,1217923.0,17046968.0
2013-04-12,13.94,13.94,13.34,13.37,2329074.0,31496894.0
2013-04-15,13.33,13.33,13.02,13.11,1405312.0,18430682.0
2013-04-16,13.02,13.29,12.91,13.26,999990.0,13146552.0
2013-04-17,13.26,13.45,13.19,13.43,1210635.0,16066934.0
2013-04-18,13.33,13.53,13.25,13.49,1225225.0,16384565.0
2013-04-19,13.37,13.8,13.37,13.75,1749216.0,23808888.0
2013-04-22,13.63,13.84,13.55,13.81,1536974.0,20968124.0
2013-04-23,13.82,13.83,13.11,13.13,1730652.0,23109294.0
2013-04-24,13.13,13.47,13.11,13.45,1335838.0,17769958.0
2013-04-25,13.48,13.48,13.06,13.1,1490247.0,19672916.0
2013-04-26,13.19,13.19,12.77,12.98,1412643.0,18270092.0
2013-05-02,12.79,13.13,12.78,13.01,466299.0,6029051.0
2013-05-03,13.03,13.38,13.02,13.28,1037813.0,13717310.0
2013-05-06,13.28,13.61,13.28,13.51,1419250.0,19120248.0
2013-05-07,13.53,13.84,13.48,13.61,2006118.0,27442448.0
2013-05-08,13.63,13.87,13.6,13.79,1909796.0,26223976.0
2013-05-09,13.79,15.04,13.69,14.99,7168876.0,103517320.0
2013-05-10,14.8,15.22,14.51,14.7,4534502.0,66946008.0
2013-05-13,14.7,14.84,14.3,14.62,2909401.0,42224132.0
2013-05-14,14.6,14.62,14.19,14.24,2596579.0,37133368.0
2013-05-15,14.23,14.64,14.07,14.54,3960322.0,56825008.0
2013-05-16,14.54,14.73,14.11,14.15,4647084.0,66449508.0
2013-05-17,14.13,14.82,13.95,14.58,3661043.0,52587156.0
2013-05-20,14.68,14.97,14.49,14.83,4431866.0,65070652.0
2013-05-21,14.77,15.16,14.51,15.04,5276070.0,78057936.0
2013-05-22,15.0,15.0,14.35,14.49,3631180.0,53076032.0
2013-05-23,14.49,15.16,14.39,14.56,4868167.0,71950488.0
2013-05-24,14.69,15.19,14.69,15.13,5128232.0,76726328.0
2013-05-27,15.24,15.56,14.94,15.34,7795180.0,118615616.0
2013-05-28,15.33,15.33,14.57,14.66,4878605.0,72129920.0
2013-05-29,14.73,14.86,14.54,14.64,4052009.0,59363592.0
2013-05-30,14.63,14.9,14.54,14.83,3567988.0,52460728.0
2013-05-31,14.83,15.22,14.7,14.85,5650304.0,84437808.0
2013-06-03,14.87,15.0,14.2,14.3,4316950.0,62515764.0
2013-06-04,14.25,14.47,13.63,13.79,3635777.0,50903556.0
2013-06-05,13.84,13.92,13.55,13.78,2067278.0,28329098.0
2013-06-06,13.72,13.91,13.54,13.88,2433359.0,33388670.0
2013-06-07,14.02,14.02,13.44,13.56,2909745.0,39952700.0
2013-06-13,13.23,13.23,12.8,13.08,2838328.0,36793632.0
2013-06-14,13.08,13.93,13.03,13.76,4263833.0,57692168.0
2013-06-17,13.79,14.38,13.65,14.08,4629899.0,64892392.0
2013-06-18,14.22,14.22,13.65,13.99,3985502.0,55414144.0
2013-06-19,13.99,14.29,13.72,14.2,4086681.0,57093548.0
2013-06-20,14.02,14.17,13.25,13.29,3692459.0,50686432.0
2013-06-21,12.88,13.38,12.75,13.26,2240420.0,29189464.0
2013-06-24,13.26,13.34,12.33,12.62,2508110.0,32082212.0
2013-06-25,12.39,12.99,11.88,12.91,3905783.0,48700724.0
2013-06-26,12.8,13.38,12.8,13.3,2987596.0,39184820.0
2013-06-27,13.37,13.83,13.12,13.62,7316653.0,99085424.0
2013-06-28,13.44,13.77,13.31,13.6,2287538.0,30798798.0
2013-07-01,13.51,14.08,13.45,14.08,4581181.0,63145400.0
2013-07-02,14.07,14.2,13.79,14.12,4572900.0,63779196.0
2013-07-03,14.1,14.1,13.62,13.99,2767883.0,38257488.0
2013-07-04,13.92,13.99,13.64,13.79,2315359.0,31946246.0
2013-07-05,13.79,14.13,13.7,13.7,3279825.0,45601308.0
2013-07-08,13.04,13.16,12.69,13.16,3049209.0,39333528.0
2013-07-09,13.03,13.19,12.84,13.16,1167029.0,15158787.0
2013-07-10,13.13,13.56,13.01,13.54,1986712.0,26429408.0
2013-07-11,13.56,14.05,13.34,14.04,3530055.0,48246608.0
2013-07-12,14.0,14.42,13.84,13.88,3481056.0,48946284.0
2013-07-15,13.98,14.13,13.84,13.99,3198035.0,44645472.0
2013-07-16,14.06,14.39,14.01,14.18,4029033.0,57115272.0
2013-07-17,14.26,14.5,13.86,14.12,3293740.0,46396696.0
2013-07-18,14.04,14.88,13.94,14.8,7474639.0,108182552.0
2013-07-19,14.58,15.06,14.54,14.67,5011927.0,73363440.0
2013-07-22,14.52,15.46,14.42,15.3,6057428.0,90932904.0
2013-07-23,15.34,15.63,15.04,15.48,6288120.0,95408560.0
2013-07-24,15.54,16.11,15.35,15.92,8551483.0,133818824.0
2013-07-25,15.86,15.86,14.69,14.96,6773652.0,102119712.0
2013-07-26,14.79,15.11,14.39,15.0,5338421.0,78096520.0
2013-07-29,14.84,15.51,14.58,15.22,5691476.0,85409904.0
2013-07-30,15.18,15.29,14.4,14.8,3954534.0,58046860.0
2013-07-31,14.83,15.38,14.27,14.41,12367218.0,181437248.0
2013-08-01,14.44,15.07,14.15,14.97,7244609.0,105225424.0
2013-08-02,14.94,15.54,14.94,15.12,7535394.0,114155720.0
2013-08-05,15.12,15.92,15.05,15.63,7723386.0,119248704.0
2013-08-06,15.49,15.55,15.19,15.48,6021363.0,92013280.0
2013-08-07,15.63,16.98,15.12,16.24,12951173.0,204374944.0
2013-08-08,16.22,16.54,15.85,16.08,7044861.0,112984816.0
2013-08-09,16.02,16.58,15.38,15.77,6592965.0,104453152.0
2013-08-12,16.29,16.42,15.47,15.91,5798110.0,91828480.0
2013-08-13,15.96,16.52,15.76,16.41,5745298.0,92838520.0
2013-08-14,16.39,16.39,15.8,15.92,4832244.0,76953232.0
2013-08-15,15.76,15.96,15.48,15.55,3237566.0,50222368.0
2013-08-16,15.41,15.82,14.74,14.81,4883136.0,74208592.0
2013-08-19,14.62,15.3,14.62,15.23,2089116.0,31260726.0
2013-08-20,15.23,15.72,15.12,15.4,3179453.0,48701120.0
2013-08-21,15.34,15.76,15.21,15.59,3228325.0,49898584.0
2013-08-22,15.51,15.73,15.5,15.65,3049194.0,47291536.0
2013-08-23,15.65,15.96,14.92,15.36,4806004.0,73259208.0
2013-08-26,15.35,15.5,15.23,15.48,3264362.0,49774972.0
2013-08-27,15.49,15.49,15.06,15.31,2940726.0,44464160.0
2013-08-28,15.12,15.25,14.62,14.71,4119826.0,61204128.0
2013-08-29,14.7,14.99,14.68,14.87,2500737.0,36718396.0
2013-08-30,14.87,14.95,13.88,14.01,4105665.0,58756724.0
2013-09-02,14.08,14.43,13.93,14.43,1903235.0,26894956.0
2013-09-03,14.42,14.66,14.32,14.65,2059053.0,29587174.0
2013-09-04,14.62,14.65,14.35,14.38,1643413.0,23625840.0
2013-09-05,14.36,14.79,14.36,14.68,2436266.0,35402020.0
2013-09-06,14.64,14.84,14.47,14.83,2507059.0,36430584.0
2013-09-09,14.8,15.26,14.68,15.13,4509914.0,66951060.0
2013-09-10,15.26,15.63,15.13,15.48,6501755.0,99468656.0
2013-09-11,15.6,15.6,14.75,14.88,4225193.0,62885944.0
2013-09-12,14.83,15.15,14.75,14.84,2557983.0,37854240.0
2013-09-13,15.12,15.3,14.9,15.04,3291401.0,49297948.0
2013-09-16,15.09,15.18,14.89,14.97,2201209.0,32805024.0
2013-09-17,14.97,15.05,14.57,14.62,1914593.0,28258940.0
2013-09-18,14.66,14.94,14.59,14.9,1669376.0,24445562.0
2013-09-23,15.02,15.47,14.95,15.34,3457775.0,52353480.0
2013-09-24,15.25,15.55,15.14,15.37,3462423.0,52721196.0
2013-09-25,15.33,15.33,15.06,15.2,2683509.0,40377884.0
2013-09-26,15.22,15.54,15.14,15.54,4122436.0,62870920.0
2013-09-27,15.66,15.67,15.12,15.34,2849025.0,43558204.0
2013-09-30,15.53,15.69,15.24,15.6,3484742.0,53505408.0
2013-10-08,16.03,16.73,15.9,15.93,7469261.0,119575320.0
2013-10-09,15.88,16.5,15.74,16.34,6422301.0,103013768.0
2013-10-10,16.54,16.54,15.69,15.82,4945387.0,78744360.0
2013-10-11,15.91,16.3,15.63,16.21,3959901.0,62857752.0
2013-10-14,16.05,16.73,15.98,16.73,6114979.0,99476944.0
2013-10-15,16.72,16.72,16.14,16.3,5057479.0,82283320.0
2013-10-16,16.14,16.15,15.37,15.64,4288385.0,66962020.0
2013-10-17,15.75,17.06,15.66,16.3,8721991.0,142641008.0
2013-10-18,16.23,16.58,16.04,16.24,3980584.0,64367304.0
2013-10-21,16.84,17.87,16.76,17.87,7831741.0,135752864.0
2013-10-22,19.65,19.65,17.95,18.14,21052280.0,396463712.0
2013-10-23,17.85,19.95,17.4,19.24,24939784.0,463605120.0
2013-10-24,18.65,18.96,18.08,18.16,11309795.0,207852672.0
2013-10-25,18.45,19.95,18.4,19.25,17197588.0,328909248.0
2013-10-28,18.8,20.65,17.97,19.77,14868759.0,287220896.0
2013-10-29,19.52,19.96,17.95,18.8,12590814.0,235049376.0
2013-10-30,18.56,19.59,18.17,18.85,9067761.0,169040880.0
2013-10-31,18.53,18.71,17.07,17.14,8718013.0,153213840.0
2013-11-01,16.94,16.94,16.41,16.48,5763627.0,95081696.0
2013-11-04,16.75,17.52,16.64,17.02,5795883.0,98636256.0
2013-11-05,16.94,17.75,16.66,17.63,4395815.0,75360264.0
2013-11-06,17.55,18.21,17.06,17.1,7108511.0,124493304.0
2013-11-07,17.17,17.84,16.94,17.4,4675056.0,80926784.0
2013-11-08,17.35,17.96,17.17,17.96,5009704.0,87496776.0
2013-11-11,17.95,18.51,17.76,18.12,5708242.0,102912352.0
2013-11-12,18.07,18.36,17.24,18.2,5623357.0,99593136.0
2013-11-13,18.05,18.2,17.42,17.42,3897993.0,68736344.0
2013-11-14,17.33,17.67,16.84,17.46,4380813.0,75081768.0
2013-11-15,17.5,18.24,17.5,18.07,6248701.0,111506088.0
2013-11-18,18.49,18.71,18.15,18.55,6976303.0,127568040.0
2013-11-19,18.6,19.02,18.28,18.63,5395074.0,99862200.0
2013-11-20,18.66,18.84,18.37,18.82,3940704.0,72531872.0
2013-11-21,18.75,18.75,18.17,18.24,3881106.0,70787168.0
2013-11-22,18.24,18.55,17.95,18.05,3112724.0,56209536.0
2013-11-25,18.17,18.3,17.92,18.0,2610051.0,46797464.0
2013-11-26,17.93,18.13,17.39,17.48,4513090.0,78791616.0
2013-11-27,17.44,18.02,17.25,17.93,3811137.0,67120848.0
2013-11-28,17.92,18.05,17.68,17.92,3375335.0,59885476.0
2013-11-29,18.08,18.67,18.0,18.57,6140732.0,112550568.0
2013-12-02,17.44,17.55,16.72,16.72,6367585.0,107500832.0
2013-12-03,16.2,16.44,15.58,16.26,4890919.0,77781352.0
2013-12-04,16.26,16.68,16.19,16.32,3829495.0,62644548.0
2013-12-05,16.23,16.79,16.18,16.25,3065697.0,50030136.0
2013-12-06,16.39,16.53,16.23,16.32,2668725.0,43269440.0
2013-12-09,16.54,16.81,16.44,16.74,3213157.0,53063736.0
2013-12-10,16.65,16.83,16.25,16.62,2730268.0,44862608.0
2013-12-11,16.56,17.02,16.36,16.91,3183697.0,52873692.0
2013-12-12,16.78,17.19,16.68,16.98,2382876.0,40272968.0
2013-12-13,16.89,17.28,16.79,17.05,1865391.0,31576796.0
2013-12-16,17.3,17.42,16.6,16.71,3498346.0,58741972.0
2013-12-17,16.65,16.86,15.98,16.05,3065878.0,49247392.0
2013-12-18,16.1,16.17,15.76,15.84,2530523.0,39967388.0
2013-12-19,15.99,16.32,15.78,15.83,2239179.0,35693668.0
2013-12-20,15.83,16.02,15.63,15.72,2190063.0,34298096.0
2013-12-23,15.73,15.83,15.09,15.47,1354558.0,20776754.0
2013-12-24,15.66,16.0,15.58,15.82,1750833.0,27446088.0
2013-12-25,16.01,16.42,16.0,16.38,2943830.0,47450160.0
2013-12-26,16.57,16.79,16.06,16.06,2809187.0,45584424.0
2013-12-27,15.98,16.59,15.98,16.34,2360347.0,38375256.0
2013-12-30,16.39,16.78,16.34,16.62,2127233.0,34982128.0
2013-12-31,16.63,16.82,16.34,16.45,1704958.0,27976104.0
2014-01-02,16.38,16.74,16.34,16.7,2599795.0,42759268.0
2014-01-03,16.79,17.08,16.57,16.88,3519706.0,58694844.0
2014-01-06,16.95,17.29,16.77,16.89,6192456.0,104823080.0
2014-01-07,16.77,17.8,16.23,17.59,7053586.0,119594992.0
2014-01-08,17.63,18.33,17.5,17.64,5433252.0,96440784.0
2014-01-09,17.57,18.13,17.4,17.4,4049675.0,71135152.0
2014-01-10,17.35,17.35,16.67,16.76,2675071.0,45037664.0
2014-01-13,16.89,17.01,16.44,16.54,1878400.0,31192134.0
2014-01-14,16.55,17.35,16.45,17.34,2623945.0,44336808.0
2014-01-15,17.34,18.04,17.19,17.81,4717967.0,82737504.0
2014-01-16,17.93,18.05,17.43,17.5,2808574.0,49159152.0
2014-01-17,17.31,17.61,17.14,17.16,2232545.0,38418112.0
2014-01-20,17.21,18.34,17.18,17.59,5185164.0,91408112.0
2014-01-21,17.47,17.92,17.31,17.81,4517464.0,79383952.0
2014-01-22,17.79,18.37,17.65,18.16,4756719.0,85616344.0
2014-01-23,18.23,18.45,18.03,18.35,4012302.0,72626744.0
2014-01-24,18.34,18.55,18.2,18.44,3878415.0,70840632.0
2014-01-27,18.03,18.22,17.39,17.76,6551688.0,115649664.0
2014-01-28,17.77,17.98,17.35,17.98,3435087.0,60216132.0
2014-01-29,17.98,18.09,17.77,17.9,2551209.0,45254260.0
2014-01-30,17.81,19.04,17.81,18.66,5442329.0,99968712.0
2014-02-07,18.3,19.6,18.3,19.48,4807928.0,91463816.0
2014-02-10,19.48,20.08,19.16,19.73,7474155.0,145591616.0
2014-02-11,19.66,20.1,19.06,19.35,5695967.0,110621080.0
2014-02-12,19.66,20.4,19.66,20.02,4787368.0,95070104.0
2014-02-13,20.37,20.57,18.89,18.91,7157194.0,139786624.0
2014-02-14,18.91,19.39,18.83,19.32,3689716.0,70091120.0
2014-02-17,19.36,20.57,19.33,20.3,6733642.0,134039776.0
2014-02-18,20.31,20.36,19.72,20.13,5029104.0,99537712.0
2014-02-19,20.05,21.18,19.89,21.0,6619374.0,136668160.0
2014-02-20,21.01,21.01,19.88,20.33,4221200.0,85303608.0
2014-02-21,20.47,20.51,19.86,20.19,3337199.0,66609384.0
2014-02-24,20.42,21.07,19.93,20.67,4759759.0,96928992.0
2014-02-25,20.72,20.89,18.6,18.83,6508831.0,127737664.0
2014-02-26,18.54,18.86,17.8,18.58,3349374.0,60884024.0
2014-02-27,18.7,18.95,17.78,17.93,3980640.0,72394880.0
2014-02-28,17.86,18.28,17.57,18.25,2637450.0,46912704.0
2014-03-03,18.25,19.38,18.05,19.32,4897437.0,91489072.0
2014-03-04,19.16,19.18,18.64,18.89,2852193.0,53439024.0
2014-03-05,19.15,19.3,18.77,18.93,3159855.0,59512344.0
2014-03-06,18.79,18.92,18.13,18.55,2222068.0,40602224.0
2014-03-07,18.65,18.7,18.26,18.52,1455142.0,26723150.0
2014-03-10,18.5,18.91,17.97,17.97,2386744.0,43674744.0
2014-03-11,17.99,18.15,16.94,17.26,2966762.0,51645736.0
2014-03-12,17.31,17.31,16.49,16.86,2754688.0,46217192.0
2014-03-13,16.89,17.16,16.89,17.07,2354172.0,39714340.0
2014-03-14,16.94,17.06,16.7,16.89,1491669.0,24943118.0
2014-03-17,16.89,17.39,16.78,17.37,1971641.0,33720816.0
2014-03-18,17.44,17.85,17.35,17.59,2522145.0,43892404.0
2014-03-19,17.55,17.65,17.24,17.59,1599459.0,27635976.0
2014-03-20,17.59,17.63,16.38,16.45,2390174.0,40333908.0
2014-03-21,16.49,16.59,15.63,16.38,6737824.0,107156824.0
2014-03-24,16.23,16.29,15.94,16.16,2559765.0,40912272.0
2014-03-25,16.12,16.44,15.98,16.36,1910832.0,30875816.0
2014-03-26,16.34,16.7,16.29,16.62,1941723.0,31854024.0
2014-03-27,16.64,16.73,15.96,15.96,3222445.0,51820880.0
2014-03-28,15.85,16.08,15.34,15.47,2763036.0,42739072.0
2014-03-31,15.39,15.66,15.35,15.46,1756142.0,27033086.0
2014-04-01,15.41,15.66,15.41,15.58,1964169.0,30271532.0
2014-04-02,15.48,15.64,15.12,15.22,2268580.0,34529516.0
2014-04-03,15.27,15.7,15.1,15.61,2671259.0,41026116.0
2014-04-04,15.65,15.74,15.41,15.68,4638537.0,71470264.0
2014-04-08,15.49,15.9,15.35,15.75,2363398.0,36603532.0
2014-04-09,15.78,16.1,15.78,15.89,2743102.0,43463964.0
2014-04-10,16.02,16.02,15.66,15.68,3519525.0,55304420.0
2014-04-11,15.51,15.63,15.39,15.54,1919793.0,29528028.0
2014-04-14,15.67,15.96,15.65,15.86,3081247.0,48239536.0
2014-04-15,15.77,15.81,15.43,15.5,4001713.0,61812864.0
2014-04-16,15.34,15.34,14.68,14.91,11731831.0,172940032.0
2014-04-17,14.7,14.91,14.64,14.73,7582637.0,111129064.0
2014-04-18,14.82,14.82,14.54,14.62,7600512.0,110689952.0
2014-04-21,14.52,14.67,14.13,14.13,7744324.0,111161192.0
2014-04-22,14.09,14.69,14.08,14.68,12691791.0,180875088.0
2014-04-23,14.48,14.72,14.28,14.46,5811687.0,83676456.0
2014-04-24,14.49,14.49,13.88,14.1,6602303.0,92751656.0
2014-04-25,14.11,14.31,13.91,13.96,4958168.0,69453480.0
2014-04-28,13.91,14.0,13.59,13.59,3933286.0,53535128.0
2014-04-29,13.55,13.9,13.55,13.83,3975288.0,54325860.0
2014-04-30,13.82,14.0,13.61,13.81,5462779.0,74765216.0
2014-05-05,13.78,14.0,13.68,13.95,3709190.0,51095072.0
2014-05-06,14.07,14.17,13.88,13.98,5569990.0,77526872.0
2014-05-07,13.91,13.91,13.45,13.45,3898977.0,52969548.0
2014-05-08,13.37,13.71,13.31,13.54,3270687.0,43928672.0
2014-05-09,13.62,14.1,13.44,13.8,6033816.0,82631496.0
2014-05-12,13.95,14.26,13.84,14.18,5915803.0,82667104.0
2014-05-13,14.18,14.2,13.94,14.08,3261831.0,45394516.0
2014-05-14,13.89,14.19,13.89,14.04,3264600.0,45569960.0
2014-05-15,14.01,14.17,13.73,13.76,4023281.0,55738528.0
2014-05-16,13.73,14.02,13.61,13.98,2889567.0,39719860.0
2014-05-19,13.86,14.29,13.86,14.24,3794784.0,53269004.0
2014-05-20,14.32,14.55,14.17,14.24,4455131.0,63466740.0
2014-05-21,14.24,14.92,14.02,14.77,9250834.0,133630632.0
2014-05-22,14.85,15.18,14.48,14.52,11206819.0,164729856.0
2014-05-23,14.47,14.65,14.27,14.58,7609449.0,108838360.0
2014-05-26,14.55,14.9,14.52,14.81,4150693.0,60659328.0
2014-05-27,14.74,14.84,14.42,14.5,4207213.0,61018696.0
2014-05-28,14.51,15.23,14.5,15.07,16085980.0,237657632.0
2014-05-29,15.07,15.07,14.72,14.72,4356714.0,64251472.0
2014-05-30,14.73,14.96,14.12,14.74,8712053.0,127276248.0
2014-06-03,14.54,14.74,14.52,14.54,5311256.0,77069344.0
2014-06-04,14.62,15.21,14.38,15.1,12414266.0,183928368.0
2014-06-05,15.02,15.48,14.68,15.38,10870942.0,163292784.0
2014-06-06,15.34,15.66,15.11,15.37,7433705.0,113810592.0
2014-06-09,15.28,15.48,15.12,15.23,4295970.0,64948036.0
2014-06-10,15.14,15.4,14.87,15.3,6086162.0,91781944.0
2014-06-11,15.3,15.81,15.18,15.52,7617092.0,117886600.0
2014-06-12,15.43,15.67,15.3,15.45,3195990.0,49218960.0
2014-06-13,15.45,15.53,15.21,15.37,6884166.0,104798808.0
2014-06-16,15.34,15.93,15.31,15.82,8438732.0,131673552.0
2014-06-17,15.96,15.96,15.55,15.57,5305225.0,82695016.0
2014-06-18,15.58,15.8,15.51,15.56,3501727.0,54430848.0
2014-06-19,15.43,15.53,14.57,15.02,6302204.0,94232008.0
2014-06-20,15.01,15.23,14.83,14.97,3398417.0,50564748.0
2014-06-23,14.96,15.6,14.89,15.49,4118675.0,62570556.0
2014-06-24,15.49,15.96,15.39,15.89,6169153.0,96301920.0
2014-06-25,15.94,16.02,15.55,15.67,3951829.0,61533256.0
2014-06-26,15.78,16.02,15.71,15.86,5118732.0,80542816.0
2014-06-27,15.82,16.12,15.79,15.91,4517423.0,71204136.0
2014-06-30,15.99,16.22,15.64,16.08,7845001.0,124440376.0
2014-07-01,15.96,16.1,15.63,15.86,6968935.0,108706744.0
2014-07-02,15.87,16.43,15.63,16.19,10966805.0,174104416.0
2014-07-03,16.18,16.41,16.02,16.19,5838512.0,93349888.0
2014-07-04,16.33,16.4,15.97,16.02,6574182.0,104931912.0
2014-07-07,16.19,16.19,15.58,15.73,6144347.0,95915776.0
2014-07-08,15.67,15.94,15.17,15.9,8550665.0,131066720.0
2014-07-09,15.74,15.82,15.29,15.29,5718030.0,88196632.0
2014-07-10,15.25,15.49,15.2,15.31,2848651.0,43272884.0
2014-07-11,15.32,15.72,15.32,15.6,4288208.0,66053024.0
2014-07-14,15.57,15.79,15.33,15.66,4182176.0,64219372.0
2014-07-15,15.66,15.69,15.22,15.34,3768523.0,57692120.0
2014-07-16,15.33,15.45,15.23,15.31,2848561.0,43199772.0
2014-07-17,15.32,15.53,15.06,15.4,3726751.0,56480164.0
2014-07-18,15.4,15.75,15.4,15.62,5202506.0,80455272.0
2014-07-21,15.53,15.58,15.21,15.32,2470977.0,37499580.0
2014-07-22,15.32,15.6,15.25,15.46,3338557.0,51047448.0
2014-07-23,15.43,15.52,14.94,15.05,3956570.0,59329096.0
2014-07-24,15.05,15.05,14.34,14.41,6028286.0,86765840.0
2014-07-25,14.51,14.66,14.46,14.61,3273780.0,47144732.0
2014-07-28,14.61,15.01,14.61,14.97,3218403.0,47174228.0
2014-07-29,14.95,15.22,14.88,15.05,3465171.0,51567356.0
2014-07-30,15.12,15.4,15.06,15.17,6423176.0,96706472.0
2014-07-31,15.24,15.31,15.01,15.22,3173047.0,47502116.0
2014-08-01,15.16,15.22,14.79,14.88,4729801.0,70274648.0
2014-08-04,14.96,15.61,14.96,15.59,8464927.0,128924528.0
2014-08-05,15.54,15.79,15.35,15.67,7448816.0,115121840.0
2014-08-06,15.62,15.82,15.47,15.73,5772813.0,89560824.0
2014-08-07,15.77,16.02,15.57,15.61,6668453.0,104484848.0
2014-08-08,15.55,15.8,15.35,15.75,5389082.0,83287032.0
2014-08-11,15.75,16.12,15.61,16.06,6504976.0,102528112.0
2014-08-12,16.12,16.28,15.98,16.11,5225081.0,83480960.0
2014-08-13,16.11,16.81,16.11,16.65,11504293.0,188069632.0
2014-08-14,16.61,17.24,16.46,16.73,7225316.0,121402600.0
2014-08-15,16.81,16.97,16.48,16.86,4307035.0,71149368.0
2014-08-18,16.91,17.04,16.67,16.77,5662224.0,94161976.0
2014-08-19,16.7,16.93,16.58,16.81,4745508.0,78679752.0
2014-08-20,16.76,16.95,16.58,16.83,4965893.0,82547728.0
2014-08-21,16.84,17.45,16.82,17.28,6759860.0,114366304.0
2014-08-22,17.43,18.12,17.34,17.52,10012087.0,175763248.0
2014-08-25,17.49,17.49,16.87,16.91,5117708.0,86703000.0
2014-08-26,16.91,17.19,16.56,16.75,4648673.0,77316848.0
2014-08-27,16.78,17.48,16.75,17.12,4892922.0,82928016.0
2014-08-28,17.16,17.37,16.78,17.08,4670700.0,79122848.0
2014-08-29,16.93,17.27,16.93,17.19,3146918.0,53381300.0
2014-09-01,17.15,17.38,16.89,17.32,8710647.0,147200304.0
2014-09-02,17.32,17.65,17.26,17.52,5751939.0,99466832.0
2014-09-03,17.52,17.75,17.12,17.42,5140274.0,88708088.0
2014-09-04,17.39,17.59,16.93,17.34,7066529.0,120260280.0
2014-09-05,17.27,17.49,17.07,17.35,6963429.0,118702640.0
2014-09-09,17.35,18.18,17.28,18.1,11003097.0,193114848.0
2014-09-10,18.17,18.35,17.92,18.08,5789273.0,103832056.0
2014-09-11,17.74,17.95,17.09,17.22,12444194.0,216161520.0
2014-09-12,17.25,17.9,17.19,17.3,16040097.0,276455488.0
2014-09-15,17.34,17.95,17.27,17.95,14354326.0,248883792.0
2014-09-16,18.42,18.94,17.84,17.96,20476016.0,375051008.0
2014-09-17,17.92,19.15,17.49,19.07,13329866.0,243347040.0
2014-09-18,18.98,19.32,18.77,19.17,8814367.0,166396944.0
2014-09-19,19.32,19.45,18.73,18.92,4787294.0,89763992.0
2014-09-22,18.86,18.86,18.38,18.52,5800921.0,106639776.0
2014-09-23,18.58,18.88,18.41,18.8,4252279.0,78282112.0
2014-09-24,18.66,19.26,18.57,19.07,4254544.0,80073608.0
2014-09-25,19.11,19.24,18.34,18.45,7891673.0,146391216.0
2014-09-26,18.44,18.57,18.01,18.18,5378129.0,97118688.0
2014-09-29,18.24,18.54,18.2,18.52,6141920.0,111627664.0
2014-09-30,18.5,19.1,18.35,18.84,5859012.0,108284088.0
2014-10-08,18.84,19.33,18.81,19.26,5148859.0,97408368.0
2014-10-09,19.26,19.74,19.12,19.34,6700877.0,128740360.0
2014-10-10,19.4,19.89,19.33,19.7,7105396.0,137809344.0
2014-10-13,19.68,19.98,19.33,19.77,7124117.0,138360000.0
2014-10-14,19.62,20.43,19.59,19.6,6795586.0,134657296.0
2014-10-15,19.6,19.82,19.2,19.72,5952983.0,114389608.0
2014-10-16,19.59,19.59,19.17,19.17,8910193.0,170346000.0
2014-10-17,18.99,19.14,18.06,18.28,11108323.0,202505376.0
2014-10-20,18.28,19.13,18.28,18.99,7894818.0,147415856.0
2014-10-21,19.06,20.1,19.03,19.81,17522438.0,341815776.0
2014-10-22,19.82,20.66,19.62,20.13,16169338.0,324717952.0
2014-10-23,20.13,20.68,19.74,20.12,10175463.0,203536000.0
2014-10-24,19.92,21.23,19.92,20.96,10327018.0,213259440.0
2014-10-27,20.91,22.95,20.91,21.76,12160585.0,264065872.0
2014-10-28,21.75,22.18,21.23,22.1,7077098.0,152538496.0
2014-10-29,21.91,22.3,21.74,21.94,8055877.0,175226208.0
2014-10-30,21.98,22.41,21.78,22.02,5699891.0,124469688.0
2014-10-31,22.03,22.1,20.8,21.25,7827629.0,164811872.0
2014-11-03,21.16,22.39,21.14,22.33,6439365.0,137352592.0
2014-11-04,22.19,23.34,22.14,22.74,6878164.0,156174400.0
2014-11-05,22.71,23.05,22.39,22.91,3404950.0,76449400.0
2014-11-06,22.92,23.04,22.11,22.68,4922250.0,109806408.0
2014-11-07,22.75,22.9,21.36,21.37,7385410.0,160818128.0
2014-11-10,21.36,21.94,21.22,21.48,4825638.0,102675352.0
2014-11-11,21.36,21.48,20.11,20.24,8205886.0,166891200.0
2014-11-12,20.29,20.91,19.8,20.73,5099466.0,102219808.0
2014-11-13,20.5,20.7,20.04,20.4,3473619.0,69753464.0
2014-11-14,20.4,21.37,20.23,20.94,5513901.0,114036120.0
2014-11-17,20.9,21.42,20.43,20.82,3381172.0,70145752.0
2014-11-18,20.66,20.88,20.21,20.32,3546677.0,71704672.0
2014-11-19,20.32,20.57,20.12,20.22,4717805.0,94904600.0
2014-11-20,20.21,20.21,19.72,20.15,3654567.0,72061128.0
2014-11-21,20.1,20.55,20.03,20.27,3405096.0,68288408.0
2014-11-24,20.73,20.75,20.07,20.22,6240079.0,125265000.0
2014-11-25,20.25,20.75,20.24,20.42,7561418.0,153598768.0
2014-11-26,20.45,22.45,20.45,22.35,12574514.0,268736032.0
2014-11-27,22.55,22.65,21.74,22.01,7226078.0,157714048.0
2014-11-28,22.13,22.13,21.26,21.52,6468914.0,138327456.0
2014-12-01,21.57,21.57,20.18,20.38,7355648.0,149970720.0
2014-12-02,20.27,21.4,20.27,20.73,8103380.0,166813760.0
2014-12-03,20.42,20.61,19.26,20.52,13541955.0,266144096.0
2014-12-04,20.42,21.21,20.22,20.74,8702326.0,179475056.0
2014-12-05,20.73,20.74,19.61,19.68,9368628.0,185730240.0
2014-12-08,19.48,20.22,18.92,19.82,9727978.0,187459312.0
2014-12-09,19.59,20.11,18.5,19.21,7958995.0,153098560.0
2014-12-10,19.24,20.83,19.23,20.41,8054379.0,161126176.0
2014-12-11,20.72,21.39,20.43,20.82,7631098.0,158037376.0
2014-12-12,20.93,21.33,20.22,21.01,11354065.0,234688256.0
2014-12-15,21.01,21.74,20.82,21.28,6526684.0,137830800.0
2014-12-16,21.63,21.97,21.13,21.26,5786995.0,123361992.0
2014-12-17,21.06,21.35,20.44,20.66,4116001.0,84815896.0
2014-12-18,20.66,21.74,20.44,21.15,8554236.0,180500912.0
2014-12-19,21.01,21.39,19.92,20.32,7132647.0,143793136.0
2014-12-22,20.42,20.52,18.38,19.29,9399019.0,178864944.0
2014-12-23,19.21,19.79,18.33,18.5,4975106.0,93445800.0
2014-12-24,18.8,19.64,18.6,19.33,5057209.0,96517800.0
2014-12-25,20.22,20.22,19.22,19.48,4745551.0,91692080.0
2014-12-26,19.64,19.71,19.28,19.41,3374997.0,64940016.0
2014-12-29,19.45,19.66,18.68,18.87,4993177.0,93732288.0
2014-12-30,18.77,18.98,18.3,18.91,3397789.0,62559024.0
2014-12-31,18.91,19.54,18.6,19.39,5635010.0,106846704.0
2015-01-05,19.4,19.51,18.63,18.99,7713236.0,144888592.0
2015-01-06,18.92,20.01,18.79,19.91,7605920.0,145942016.0
2015-01-07,19.71,19.85,19.29,19.39,4392131.0,84853288.0
2015-01-08,19.41,19.82,19.13,19.64,6013762.0,116078472.0
2015-01-09,19.58,20.43,19.34,19.76,8167279.0,162021712.0
2015-01-12,19.8,20.22,19.68,20.15,3570958.0,70542000.0
2015-01-13,20.21,20.4,19.77,20.01,3588689.0,71270952.0
2015-01-14,20.02,20.2,19.15,19.44,4815542.0,92851656.0
2015-01-15,19.48,19.61,19.11,19.21,5256422.0,100551152.0
2015-01-16,19.21,19.55,19.01,19.47,5964183.0,114108448.0
2015-01-19,18.94,19.51,18.51,18.97,6274438.0,118827888.0
2015-01-20,19.07,20.21,18.89,20.12,9422225.0,183738976.0
2015-01-21,20.28,21.74,20.28,20.78,8588801.0,176980432.0
2015-01-22,21.11,21.32,20.47,21.05,6066037.0,125983784.0
2015-01-23,20.78,21.05,20.49,20.79,4807280.0,98510832.0
2015-01-26,20.73,21.36,20.64,21.23,5112037.0,106655512.0
2015-01-27,21.23,21.68,20.73,21.46,6124551.0,128731520.0
2015-01-28,21.23,21.52,20.91,21.19,4232375.0,89008424.0
2015-01-29,21.19,21.64,20.82,20.83,3757992.0,78503320.0
2015-01-30,20.84,21.62,20.84,21.36,6964015.0,147003040.0
2015-02-02,21.36,22.24,21.18,22.04,7103620.0,153042576.0
2015-02-03,21.84,22.49,21.82,22.05,6282177.0,137949104.0
2015-02-04,21.91,22.39,21.85,22.3,4535782.0,99634512.0
2015-02-05,22.33,22.95,22.09,22.5,5761673.0,128922584.0
2015-02-06,22.5,22.74,20.99,21.18,6741503.0,144281840.0
2015-02-09,20.93,21.52,20.1,20.22,5281935.0,107759288.0
2015-02-10,20.57,22.24,20.4,22.24,9374123.0,201700528.0
2015-02-11,22.94,22.94,22.07,22.47,14582556.0,322954304.0
2015-02-12,22.6,23.82,22.45,23.47,13995689.0,323248032.0
2015-02-13,23.53,23.74,23.04,23.71,11201675.0,259561472.0
2015-02-16,23.66,24.75,23.36,24.56,7724398.0,185549824.0
2015-02-17,24.09,25.45,24.09,24.51,8733358.0,213727808.0
2015-02-25,25.29,26.69,24.38,24.38,14366004.0,364030816.0
2015-02-26,24.86,25.84,24.3,24.87,11739556.0,291344928.0
2015-02-27,25.28,26.19,24.93,25.23,11798071.0,295818016.0
2015-03-02,27.75,27.75,27.75,27.75,3952328.0,108491400.0
2015-03-03,30.53,30.53,29.32,30.53,28883792.0,867204224.0
2015-03-04,30.53,31.55,29.3,30.03,26055874.0,779668992.0
2015-03-05,29.93,31.22,28.93,30.07,23606648.0,707761280.0
2015-03-06,29.7,30.05,27.8,28.33,14771597.0,420289312.0
2015-03-09,28.39,29.32,28.21,29.3,9834822.0,280201568.0
2015-03-10,29.12,29.32,28.61,28.76,7391855.0,211072992.0
2015-03-11,28.84,28.97,27.45,27.73,9149398.0,252795648.0
2015-03-12,27.91,28.1,26.29,26.77,9907323.0,265760832.0
2015-03-13,27.1,27.74,26.77,27.5,9040889.0,242594336.0
2015-03-16,28.45,28.61,27.98,28.44,12906133.0,361002464.0
2015-03-17,28.71,28.71,27.91,28.1,10357810.0,290136640.0
2015-03-18,28.14,30.06,27.91,29.56,15880257.0,458327552.0
2015-03-19,29.62,29.62,28.66,29.33,10266404.0,295516000.0
2015-03-20,29.14,29.5,28.73,28.96,7984980.0,229270192.0
2015-03-23,29.32,29.52,28.8,29.06,12206827.0,351245408.0
2015-03-24,29.32,29.38,27.31,28.66,14903010.0,419366592.0
2015-03-25,28.32,28.97,27.75,28.31,10564910.0,296551744.0
2015-03-26,28.11,28.11,27.26,27.36,9383831.0,256442880.0
2015-03-27,27.3,28.16,27.3,27.99,7253422.0,199692896.0
2015-03-30,28.28,28.28,27.37,27.66,7984961.0,218788352.0
2015-03-31,27.7,29.46,27.7,29.11,17263968.0,491586304.0
2015-04-01,29.13,30.21,28.67,30.02,16906800.0,493562528.0
2015-04-02,30.94,32.96,30.56,31.81,20545652.0,646414464.0
2015-04-03,31.88,34.78,31.88,33.34,14221816.0,468124928.0
2015-04-07,33.16,33.89,32.45,32.95,10149339.0,331180608.0
2015-04-08,33.38,33.63,30.13,31.26,12768572.0,402855872.0
2015-04-09,31.52,31.52,28.82,30.66,13418197.0,397606144.0
2015-04-10,29.51,32.27,29.42,31.95,21848292.0,670045312.0
2015-04-13,31.95,34.38,31.08,34.12,20390282.0,663310656.0
2015-04-14,33.87,37.0,33.67,34.76,18400456.0,644428288.0
2015-04-15,34.78,36.39,33.12,34.17,15032137.0,517482688.0
2015-04-16,33.85,37.4,33.42,35.79,14584066.0,516082048.0
2015-04-17,36.8,39.37,35.89,38.1,16985364.0,644286720.0
2015-08-12,34.3,34.3,34.3,34.3,618300.0,20948004.0
2015-08-13,30.87,30.87,30.87,30.87,1745500.0,53220296.0
2015-08-14,30.87,32.88,30.87,31.34,43629240.0,1361613440.0
2015-08-17,30.43,31.69,28.63,30.68,33916192.0,1009382464.0
2015-08-18,30.56,30.59,27.64,28.77,23869500.0,693693632.0
2015-08-19,28.25,30.27,27.79,30.06,17282418.0,494594688.0
2015-08-20,29.47,30.72,29.26,29.35,11581061.0,342045184.0
2015-08-21,28.85,29.68,26.41,26.41,17383006.0,472241184.0
2015-08-24,24.3,25.41,23.77,23.77,19320922.0,464553472.0
2015-08-25,22.73,24.89,22.5,22.82,19337000.0,451551968.0
2015-08-26,23.77,24.75,22.88,23.69,12628359.0,298029376.0
2015-08-27,23.84,25.7,23.84,25.51,12226351.0,297775776.0
2015-08-28,26.02,27.51,25.13,27.12,11646670.0,301299488.0
2015-08-31,26.42,28.48,25.31,25.93,13673066.0,360603392.0
2015-09-01,25.82,25.93,23.34,23.34,12609705.0,297634144.0
2015-09-02,21.02,23.73,21.01,21.86,11368683.0,247377664.0
2015-09-07,22.17,23.55,21.26,22.98,10916895.0,245261760.0
2015-09-08,22.92,24.86,22.18,24.3,5938200.0,136784976.0
2015-09-09,24.5,25.29,24.22,24.5,7130195.0,174835904.0
2015-09-10,24.39,24.69,23.79,23.87,4171888.0,99802616.0
2015-09-11,24.18,24.5,23.77,24.19,4539811.0,108765112.0
2015-09-14,24.42,24.84,21.82,22.09,8322021.0,188634896.0
2015-09-15,21.83,21.88,20.13,20.13,5477385.0,114466864.0
2015-09-16,20.37,22.07,18.63,21.48,11991717.0,240159824.0
2015-09-17,21.09,23.63,20.58,22.63,12246424.0,268789728.0
2015-09-18,22.27,23.25,21.98,22.86,5799535.0,128940664.0
2015-09-21,22.4,24.28,22.1,23.9,7866950.0,181708848.0
2015-09-22,23.97,24.43,23.47,23.86,4254656.0,100063280.0
2015-09-23,23.59,23.69,22.63,23.14,5788454.0,132367704.0
2015-09-24,23.18,23.49,22.72,23.22,4946064.0,112492976.0
2015-09-25,22.89,24.78,22.58,24.16,10856973.0,255287152.0
2015-09-28,23.85,25.39,22.92,25.11,8920284.0,215092048.0
2015-09-29,24.38,24.89,23.89,24.01,6273733.0,151156928.0
2015-09-30,24.38,24.59,23.4,24.35,5171011.0,123480648.0
2015-10-08,25.29,25.96,24.4,25.36,5217306.0,130948720.0
2015-10-09,25.13,25.7,24.76,25.18,8126210.0,201863232.0
2015-10-12,25.36,27.13,25.11,26.78,12067031.0,312926464.0
2015-10-13,26.32,27.28,26.12,26.73,6045397.0,159721600.0
2015-10-14,26.47,26.68,25.64,25.66,5954575.0,153119632.0
2015-10-15,25.47,27.28,25.47,27.28,6826898.0,180010304.0
2015-10-16,27.34,28.03,26.99,27.75,7007414.0,190998448.0
2015-10-19,28.31,30.52,28.25,28.77,11184202.0,320564000.0
2015-10-20,28.95,30.32,28.56,28.96,10431204.0,301941728.0
2015-10-21,29.13,29.82,26.07,26.87,11737448.0,325657952.0
2015-10-22,27.15,29.55,26.8,29.55,12094981.0,334769600.0
2015-10-23,30.35,31.89,29.4,31.45,13729746.0,413254464.0
2015-10-26,32.3,34.07,32.0,32.82,17614938.0,572919872.0
2015-10-27,32.09,32.55,30.59,31.69,11752573.0,366253568.0
2015-10-28,32.14,33.71,29.93,30.36,15158608.0,473972768.0
2015-10-29,30.88,31.85,29.51,31.08,12301712.0,371553408.0
2015-10-30,30.9,33.91,30.37,32.94,12306548.0,395792992.0
2015-11-02,32.07,35.44,31.75,33.0,14162061.0,473975712.0
2015-11-03,32.79,34.07,32.7,33.58,11195550.0,368958752.0
2015-11-04,33.59,35.49,33.0,35.31,11304882.0,385074592.0
2015-11-05,35.25,36.63,34.52,35.23,11512941.0,403896832.0
2015-11-06,35.08,36.28,34.44,35.23,8524898.0,299536352.0
2015-11-09,35.1,38.76,33.31,36.64,15705342.0,547245568.0
2015-11-10,36.22,37.95,35.18,36.56,10897001.0,392924960.0
2015-11-11,36.56,36.75,35.63,36.46,9291590.0,332170208.0
2015-11-12,36.42,36.68,34.82,35.89,11507694.0,404526336.0
2015-11-13,35.62,35.62,33.49,34.12,9284522.0,316023424.0
2015-11-16,33.46,35.59,33.29,35.52,8173990.0,279730048.0
2015-11-17,35.94,36.42,34.1,34.18,10450219.0,365630976.0
2015-11-18,34.42,34.7,32.4,32.8,8637041.0,285743616.0
2015-11-19,33.0,34.19,32.7,34.12,8145866.0,269636416.0
2015-11-20,34.32,35.91,34.03,35.06,10021939.0,347081120.0
2015-11-23,35.06,36.48,34.77,35.03,9612667.0,338174176.0
2015-11-24,35.3,37.34,34.02,37.34,12630932.0,441347296.0
2015-11-25,37.04,40.47,36.66,39.35,13890078.0,531740320.0
2015-11-26,39.47,39.47,37.92,38.21,8518019.0,324381728.0
2015-11-27,38.25,38.98,34.65,35.42,12777844.0,470157248.0
2015-11-30,36.03,36.55,34.02,36.14,11395658.0,399731968.0
2015-12-01,36.14,36.71,34.3,34.66,9601812.0,338898304.0
2015-12-02,34.67,34.98,31.2,33.26,13763088.0,445934720.0
2015-12-03,33.1,34.62,32.82,34.08,12311732.0,410454720.0
2015-12-04,33.81,36.09,33.66,35.53,14183259.0,494682400.0
2015-12-07,35.82,37.11,35.31,37.11,11819832.0,422500256.0
2015-12-08,37.8,38.48,36.75,37.56,15290985.0,569986624.0
2015-12-09,36.95,37.97,35.33,37.46,11955295.0,428558208.0
2015-12-10,36.85,37.2,35.94,36.38,9096121.0,327346144.0
2015-12-11,36.62,37.9,36.06,37.07,9932049.0,364411616.0
2015-12-14,36.65,36.75,33.37,35.7,19269456.0,657944640.0
2015-12-15,35.03,37.45,35.03,37.34,9659596.0,345010912.0
2015-12-16,37.46,38.07,36.65,37.46,13874929.0,512175968.0
2015-12-17,37.58,40.18,37.26,39.39,16405473.0,623596864.0
2015-12-18,38.97,39.68,36.95,38.5,17020580.0,645550144.0
2015-12-21,38.27,38.47,37.16,37.9,9137799.0,340243616.0
2015-12-22,38.46,38.46,37.32,37.81,7302077.0,272700832.0
2015-12-23,37.59,39.26,36.75,36.75,10881502.0,408890880.0
2015-12-24,36.5,36.74,35.28,36.35,8981152.0,318760352.0
2015-12-25,36.35,37.76,36.24,37.03,9084362.0,332766272.0
2015-12-28,37.46,37.71,34.43,34.5,13245412.0,469445376.0
2015-12-29,34.65,35.29,34.32,35.21,6734046.0,231061072.0
2015-12-30,35.21,36.19,34.91,35.18,10145259.0,356052064.0
2015-12-31,35.44,35.63,34.08,34.72,7142433.0,245449104.0
2016-01-04,34.62,34.81,31.27,31.34,6277821.0,203391520.0
2016-01-05,29.74,31.31,28.85,30.25,10132704.0,302682848.0
2016-01-06,30.35,31.22,29.71,30.68,6754633.0,203356816.0
2016-01-07,29.87,30.07,27.61,27.61,2534186.0,71018272.0
2016-01-08,28.38,29.76,26.86,29.16,12959780.0,364165632.0
2016-01-11,28.33,30.07,27.44,27.75,12560569.0,355543136.0
2016-01-12,27.99,29.31,27.75,28.86,8179486.0,231261808.0
2016-01-13,28.65,29.84,28.02,28.04,8474930.0,244037632.0
2016-01-14,27.23,29.87,26.37,29.66,11556675.0,321453856.0
2016-01-15,29.22,29.56,26.99,27.84,8403473.0,237425856.0
2016-01-18,26.98,28.93,26.93,28.09,10662033.0,297867104.0
2016-01-19,28.04,29.55,27.76,29.32,9465606.0,270467392.0
2016-01-20,29.06,29.55,28.73,28.75,5796459.0,166595568.0
2016-01-21,28.35,29.24,26.83,27.04,7295361.0,204056896.0
2016-01-22,27.65,27.99,27.05,27.91,6217244.0,169378032.0
2016-01-25,28.3,28.51,27.64,27.88,5850595.0,162264288.0
2016-01-26,27.44,27.84,25.2,25.47,7189533.0,187013232.0
2016-01-27,25.41,25.82,23.5,24.7,12943947.0,311121216.0
2016-01-28,24.47,25.56,24.11,24.57,7863735.0,194527376.0
2016-01-29,24.57,26.21,24.32,25.82,5467223.0,137008624.0
2016-02-01,25.77,26.62,25.51,26.03,6371195.0,165252784.0
2016-02-02,26.02,27.13,25.98,27.03,6139772.0,162689872.0
2016-02-03,26.43,27.45,26.43,27.34,4870856.0,129296840.0
2016-02-04,27.51,28.0,27.25,27.49,6488892.0,176705072.0
2016-02-05,27.44,28.45,27.25,27.72,5027827.0,138915840.0
2016-02-15,26.86,27.86,26.71,27.59,3323797.0,89904688.0
2016-02-16,27.75,29.35,27.75,29.24,7518356.0,214545136.0
2016-02-17,29.24,29.32,28.55,28.98,4853797.0,138639728.0
2016-02-18,29.16,29.34,28.04,28.45,9840397.0,276172288.0
2016-02-19,28.34,28.51,27.75,28.04,7825788.0,216900816.0
2016-02-22,28.34,28.48,27.62,28.18,13914932.0,385176512.0
2016-02-23,28.36,28.44,26.83,27.17,10784146.0,293900576.0
2016-02-24,27.06,27.32,25.86,26.52,13230136.0,346307968.0
2016-02-25,26.47,26.5,23.87,23.89,16881040.0,415088768.0
2016-02-26,24.09,24.46,23.7,24.14,15305666.0,363857792.0
2016-02-29,24.17,24.17,21.85,22.75,12467573.0,280649376.0
2016-03-01,22.78,23.69,22.35,23.37,7130987.0,162093104.0
2016-03-02,23.68,25.7,23.54,25.53,17958716.0,436427680.0
2016-03-03,25.46,25.78,25.02,25.26,13077429.0,328181696.0
2016-03-04,24.91,25.45,23.3,23.64,9276329.0,223286304.0
2016-03-07,24.5,25.07,23.64,23.82,8588321.0,206220752.0
2016-03-08,23.8,24.36,22.27,24.11,8623965.0,200637824.0
2016-03-09,23.63,24.57,23.29,24.05,6725367.0,160577728.0
2016-03-10,24.16,24.39,23.21,23.35,5205332.0,122658072.0
2016-03-11,22.89,23.84,22.89,23.6,4949576.0,114773904.0
2016-03-14,24.26,25.47,23.99,24.8,7824371.0,192211664.0
2016-03-15,25.06,25.3,24.6,24.62,4872252.0,120198776.0
2016-03-16,25.11,25.11,24.11,24.32,5092035.0,123712304.0
2016-03-17,24.6,25.97,24.29,25.88,10613529.0,264523808.0
2016-03-18,26.12,27.41,26.02,27.05,11377108.0,301578368.0
2016-03-21,27.64,27.8,26.74,27.15,13512668.0,364951040.0
2016-03-22,27.04,27.63,26.72,27.16,7497487.0,201703040.0
2016-03-23,27.06,27.52,26.54,27.28,5950448.0,158778768.0
2016-03-24,27.18,27.18,26.57,26.64,5897676.0,156533184.0
2016-03-25,26.52,26.81,26.21,26.69,6035329.0,158184544.0
2016-03-28,26.87,27.32,26.02,26.06,8461301.0,223894768.0
2016-03-29,26.31,26.31,25.01,25.13,8439262.0,212385024.0
2016-03-30,25.31,26.5,25.31,26.37,6958357.0,177564944.0
2016-03-31,26.47,26.62,26.1,26.52,6330704.0,164844992.0
2016-04-01,26.32,27.23,26.25,26.91,10207317.0,270144352.0
2016-04-05,26.91,28.35,26.65,28.04,9937114.0,271642400.0
2016-04-06,27.99,28.61,27.64,28.25,7433862.0,206781216.0
2016-04-07,28.26,28.45,27.51,27.64,5910010.0,163116064.0
2016-04-08,27.45,27.85,26.98,27.67,6627495.0,178703088.0
2016-04-11,28.34,29.32,28.02,28.46,7502714.0,212146000.0
2016-04-12,28.49,28.5,27.12,27.49,7089758.0,193467088.0
2016-04-13,27.71,28.41,27.69,27.78,8232178.0,228397616.0
2016-04-14,27.89,28.16,27.41,27.84,5810453.0,159109376.0
2016-04-15,27.84,27.91,27.19,27.46,4803964.0,130405432.0
2016-04-18,27.18,27.95,26.68,27.47,7212904.0,193822784.0
2016-04-19,27.7,28.03,27.48,27.95,6068060.0,166737040.0
2016-04-20,27.96,28.12,25.92,26.74,8461202.0,223831760.0
2016-04-21,26.66,26.75,25.92,26.07,5637582.0,146919456.0
2016-04-22,25.85,26.27,25.46,26.2,4046028.0,103622464.0
2016-04-25,26.3,26.37,25.5,26.26,5349131.0,137009184.0
2016-04-26,26.2,26.6,25.73,26.32,4412255.0,114041688.0
2016-04-27,26.38,26.42,25.99,26.07,3325559.0,85999216.0
2016-04-28,26.22,26.27,25.02,25.56,4397163.0,110837984.0
2016-04-29,25.37,25.66,25.11,25.42,2463796.0,61836440.0
2016-05-03,25.31,26.17,25.13,26.16,5835158.0,148703440.0
2016-05-04,25.94,26.16,25.66,25.92,5296910.0,135628080.0
2016-05-05,25.82,25.82,25.25,25.7,5789829.0,146155680.0
2016-05-06,25.7,25.92,24.09,24.16,6587643.0,162902320.0
2016-05-09,23.94,24.16,23.15,23.29,7132513.0,166665648.0
2016-05-10,23.29,23.49,22.69,23.34,6463296.0,148067072.0
2016-05-11,23.45,23.85,23.27,23.37,4083661.0,94948021.0
2016-05-12,23.08,23.66,22.78,23.35,5666291.0,130406064.0
2016-05-13,23.34,23.63,22.61,22.68,4966054.0,113149791.0
2016-05-16,22.59,23.98,22.59,23.94,8778925.0,203435677.0
2016-05-17,23.79,24.85,23.79,24.19,7984193.0,191184398.0
2016-05-18,24.17,24.25,23.19,23.54,5136807.0,119730368.0
2016-05-19,23.41,24.11,23.34,23.54,4064022.0,95074401.0
2016-05-20,23.39,23.59,23.14,23.56,4901748.0,112781121.0
2016-05-23,23.58,24.12,23.57,23.95,5400481.0,126661565.0
2016-05-24,23.79,23.89,23.34,23.8,3482717.0,80832895.0
2016-05-25,23.99,24.07,23.23,23.41,3298423.0,76997744.0
2016-05-26,23.42,23.64,22.84,23.52,4204316.0,95767700.0
2016-05-27,23.32,23.67,23.23,23.5,3148607.0,72644664.0
2016-05-30,23.49,23.59,23.06,23.29,3928180.0,90242903.0
2016-05-31,23.3,24.5,23.3,24.49,7797001.0,184101470.0
2016-06-01,24.73,25.32,24.5,24.63,8066602.0,197295751.0
2016-06-02,24.51,25.37,24.5,25.24,6297779.0,153936398.0
2016-06-03,25.29,26.01,25.28,25.66,7176293.0,180964657.0
2016-06-06,25.7,26.1,25.23,25.42,5691518.0,143648768.0
2016-06-07,25.44,25.67,25.16,25.49,4354724.0,108976379.0
2016-06-08,25.47,25.79,25.3,25.55,3999813.0,100478340.0
2016-06-13,25.21,25.72,24.72,24.78,5319964.0,132291074.0
2016-06-14,24.67,25.05,24.51,24.86,3524039.0,85717472.0
2016-06-15,24.51,25.98,24.51,25.64,7340586.0,183476197.0
2016-06-16,25.51,25.9,24.7,24.85,7309235.0,181216478.0
2016-06-17,24.91,25.56,24.78,24.99,5069280.0,125256556.0
2016-06-20,25.01,25.11,24.4,24.89,5412615.0,131973134.0
2016-06-21,25.08,25.2,24.66,24.81,6044033.0,148492887.0
2016-06-22,24.8,26.36,24.71,26.34,9102503.0,228942275.0
2016-06-23,26.93,27.83,26.55,27.15,15069123.0,404893753.0
2016-06-24,27.35,27.4,26.13,26.84,11890008.0,313978410.0
2016-06-27,26.64,27.4,26.44,27.05,7678419.0,203224399.0
2016-06-28,26.8,26.83,26.13,26.65,13070836.0,339822960.0
2016-06-29,26.74,26.79,26.39,26.74,7850982.0,205141067.0
2016-06-30,26.74,26.89,26.48,26.84,6923444.0,181812007.0
2016-07-01,26.86,27.22,26.62,26.94,8367541.0,221246856.0
2016-07-04,27.2,28.34,27.11,28.09,11701446.0,319859733.0
2016-07-05,28.46,28.64,27.39,27.8,11696027.0,321493001.0
2016-07-06,27.8,28.36,27.52,28.07,8718925.0,238770385.0
2016-07-07,27.96,27.96,26.93,27.13,10450834.0,280190770.0
2016-07-08,26.95,27.31,26.88,27.17,6054530.0,161246303.0
2016-07-11,27.07,27.26,26.6,26.63,6523685.0,172963178.0
2016-07-12,26.52,27.34,26.39,27.3,7408216.0,195696328.0
2016-07-13,27.36,27.93,27.16,27.35,9004525.0,244110624.0
2016-07-14,27.4,27.53,26.93,27.06,4553581.0,121542775.0
2016-07-15,26.84,27.05,26.74,26.93,4890820.0,129317170.0
2016-07-18,26.9,27.54,26.75,27.23,6265883.0,167457350.0
2016-07-19,27.32,27.61,27.14,27.54,8406306.0,226710120.0
2016-07-20,27.57,27.61,27.15,27.19,6334006.0,170379631.0
2016-07-21,27.23,27.55,26.85,26.91,5752432.0,153919083.0
2016-07-22,26.91,26.91,26.19,26.19,9769862.0,253940565.0
2016-07-25,26.26,26.59,26.22,26.46,7405809.0,192161956.0
2016-07-26,26.38,26.91,26.33,26.88,4678915.0,122720815.0
2016-07-27,26.9,27.03,25.31,25.36,7735269.0,198080176.0
2016-07-28,25.34,25.77,25.12,25.24,5341291.0,133306140.0
2016-07-29,25.35,25.72,25.22,25.36,3872878.0,97052540.0
2016-08-01,25.42,25.59,24.71,25.32,3769637.0,92943614.0
2016-08-02,25.44,25.79,25.35,25.57,2440654.0,61486376.0
2016-08-03,25.52,25.66,25.42,25.62,2233535.0,56118574.0
2016-08-04,25.55,26.11,25.42,25.9,3602898.0,91389197.0
2016-08-05,26.01,26.49,25.89,26.2,3692714.0,95403913.0
2016-08-08,26.14,26.67,25.83,26.6,4471819.0,116241611.0
2016-08-09,26.63,27.03,26.62,26.9,4773318.0,126061924.0
2016-08-10,26.91,27.12,26.44,26.52,4874201.0,128117536.0
2016-08-11,26.44,26.59,25.83,25.88,4571018.0,117553945.0
2016-08-12,26.02,26.48,25.86,26.36,2881378.0,74020930.0
2016-08-15,26.28,26.88,25.98,26.72,6322671.0,165179194.0
2016-08-16,26.86,27.11,26.74,26.77,5087887.0,134759412.0
2016-08-17,26.74,27.72,26.7,27.46,5876812.0,157401386.0
2016-08-18,27.27,27.68,27.1,27.15,3316762.0,88977488.0
2016-08-19,27.09,27.63,27.05,27.33,2965730.0,79580155.0
2016-08-22,27.32,27.98,27.31,27.44,4583562.0,124653072.0
2016-08-23,27.47,27.86,27.28,27.64,4555488.0,124050525.0
2016-08-24,27.61,28.98,27.59,28.52,9613292.0,268609814.0
2016-08-25,28.31,29.32,28.15,28.48,9578694.0,270367267.0
2016-08-26,28.34,28.77,27.98,28.38,8867593.0,247058164.0
2016-08-29,28.4,30.66,28.4,29.57,16636549.0,486611872.0
2016-08-30,31.01,32.53,31.01,32.53,13555352.0,429225566.0
2016-08-31,31.68,31.7,30.56,30.99,24368673.0,745910778.0
2016-09-01,30.83,31.42,30.59,30.99,13476227.0,411876511.0
2016-09-02,30.59,31.01,29.82,29.82,9028723.0,268958347.0
2016-09-05,30.09,31.16,29.84,30.64,9290032.0,279814211.0
2016-09-06,30.31,33.58,30.29,33.34,14687105.0,459852203.0
2016-09-07,32.88,34.43,32.33,32.53,15139782.0,497466567.0
2016-09-08,32.21,32.92,31.62,32.35,8145840.0,258126012.0
2016-09-09,32.28,32.87,31.46,31.82,7327490.0,230681200.0
2016-09-12,30.95,32.29,30.55,31.32,7204248.0,224636659.0
2016-09-13,32.33,32.33,30.42,31.11,8366453.0,258943070.0
2016-09-14,30.8,32.11,30.61,31.91,5884840.0,183718626.0
2016-09-19,32.22,32.82,31.68,32.45,5479856.0,174463723.0
2016-09-20,32.22,33.85,32.22,33.23,9248540.0,303257500.0
2016-09-21,33.25,33.76,32.57,32.7,4076094.0,132476433.0
2016-09-22,33.05,33.48,32.34,32.79,4727158.0,153378401.0
2016-09-23,33.12,33.53,32.41,33.25,6017592.0,195300223.0
2016-09-26,33.55,33.71,32.54,32.96,7627205.0,250575885.0
2016-09-27,32.56,32.96,31.94,32.63,7936383.0,252646168.0
2016-09-28,32.93,32.93,31.23,31.93,6701776.0,209391214.0
2016-09-29,32.84,33.72,32.33,33.55,8476902.0,277317703.0
2016-09-30,33.86,33.86,32.33,33.44,8050928.0,260636013.0
2016-10-10,34.06,34.06,32.86,33.65,7497260.0,246058329.0
2016-10-11,33.55,34.15,33.35,34.02,5352381.0,177903582.0
2016-10-12,33.86,33.86,32.74,32.81,5266277.0,171896653.0
2016-10-13,32.84,34.77,32.55,34.39,8835429.0,293365432.0
2016-10-14,34.27,34.3,33.42,33.86,5450763.0,181467513.0
2016-10-17,34.23,34.37,33.3,33.36,9924055.0,329272469.0
2016-10-18,33.02,34.72,33.02,34.3,10485772.0,351327506.0
2016-10-19,34.4,36.18,34.33,35.19,10473670.0,363501972.0
2016-10-20,35.14,35.48,34.41,35.19,7708233.0,265141442.0
2016-10-21,35.38,36.29,34.57,34.81,9237001.0,320935973.0
2016-10-24,35.33,35.33,34.36,34.67,6330342.0,215577568.0
2016-10-25,34.56,34.74,33.67,34.2,7927818.0,266399446.0
2016-10-26,34.23,34.24,33.4,33.53,7548503.0,250081354.0
2016-10-27,33.65,33.66,32.38,32.75,9010647.0,290435053.0
2016-10-28,32.75,33.4,32.54,32.9,6919666.0,224685911.0
2016-10-31,32.66,33.19,32.32,32.71,3612559.0,116553015.0
2016-11-01,32.94,33.48,32.66,33.39,3727259.0,121642162.0
2016-11-02,33.21,33.51,31.69,31.8,7063703.0,226972069.0
2016-11-03,31.86,32.45,31.38,32.21,6061120.0,190636918.0
2016-11-04,31.98,32.76,31.7,31.7,6058596.0,192851964.0
2016-11-07,31.93,32.89,31.82,32.74,6249327.0,199893288.0
2016-11-08,32.91,33.18,32.65,32.76,3964221.0,128557100.0
2016-11-09,32.64,32.84,31.33,31.94,5133382.0,161760224.0
2016-11-10,32.28,32.82,32.25,32.73,4453760.0,142558323.0
2016-11-11,32.73,32.85,31.75,32.12,4684173.0,148041757.0
2016-11-14,31.89,32.35,31.37,31.63,5593198.0,175321046.0
2016-11-15,31.64,32.0,31.25,31.91,3589569.0,111797878.0
2016-11-16,31.95,32.63,31.67,32.18,5274872.0,167631688.0
2016-11-17,32.52,32.54,31.42,31.64,4807633.0,150307701.0
2016-11-18,31.7,31.82,31.04,31.2,5064782.0,156799886.0
2016-11-21,31.01,31.32,30.92,31.27,4201935.0,128545480.0
2016-11-22,31.37,31.7,31.12,31.67,3981504.0,123173925.0
2016-11-23,31.93,32.13,30.62,30.88,9459221.0,290077082.0
2016-11-24,30.79,30.8,29.79,30.15,11512644.0,342464775.0
2016-11-25,30.3,30.61,30.0,30.49,5762255.0,172168559.0
2016-11-28,30.5,31.16,30.32,30.91,7163113.0,216919121.0
2016-11-29,30.8,31.18,30.72,30.73,3996536.0,121607034.0
2016-11-30,30.79,31.4,30.71,31.23,4999382.0,153333313.0
2016-12-01,31.27,31.31,30.92,31.09,2392023.0,73062240.0
2016-12-02,31.09,31.15,30.21,30.52,5189729.0,155413215.0
2016-12-05,30.39,31.1,30.36,30.98,4196111.0,127256689.0
2016-12-06,30.96,31.51,30.82,31.17,4934681.0,151377265.0
2016-12-07,31.23,31.67,31.04,31.57,3641300.0,112441122.0
2016-12-08,31.52,31.74,30.87,31.02,4134294.0,127610255.0
2016-12-09,30.97,31.09,30.45,30.54,2969823.0,89695170.0
2016-12-12,30.62,30.77,29.39,29.48,6306120.0,185695924.0
2016-12-13,29.82,29.82,29.28,29.52,4788872.0,139073486.0
2016-12-14,29.58,29.68,29.14,29.16,3419032.0,98800961.0
2016-12-15,29.15,29.66,28.84,29.16,5710971.0,163894405.0
2016-12-16,29.26,29.57,28.9,29.41,5553670.0,159658867.0
2016-12-19,29.49,29.56,29.02,29.25,3107655.0,89543444.0
2016-12-20,29.39,29.52,29.18,29.5,2594749.0,75030534.0
2016-12-21,29.59,30.25,29.59,30.12,5213604.0,153816359.0
2016-12-22,30.12,30.35,29.72,30.1,3150131.0,93108766.0
2016-12-23,30.1,30.23,29.53,29.54,2629902.0,77203884.0
2016-12-26,29.67,30.9,29.28,30.84,7640676.0,226538299.0
2016-12-27,30.85,31.41,30.61,30.86,8553998.0,261409943.0
2016-12-28,31.01,31.08,30.34,30.45,5617109.0,169060699.0
2016-12-29,30.5,30.73,30.3,30.46,2865574.0,86018062.0
2016-12-30,30.49,31.13,30.3,31.06,5246083.0,158612558.0
2017-01-03,31.39,31.39,30.82,30.99,4138680.0,126514922.0
2017-01-04,31.08,31.09,30.35,31.05,6058024.0,183149429.0
2017-01-05,30.94,31.12,30.35,30.43,5999779.0,180169146.0
2017-01-06,30.56,30.56,29.3,29.5,9746707.0,284951026.0
2017-01-09,29.41,29.63,29.06,29.27,8069649.0,232275097.0
2017-01-10,29.36,29.6,29.27,29.49,4114972.0,119126169.0
2017-01-11,29.39,29.59,29.03,29.36,4264947.0,122797484.0
2017-01-12,29.36,29.67,29.23,29.31,2909671.0,84243964.0
2017-01-13,29.3,29.95,29.24,29.58,4999347.0,145858818.0
2017-01-16,29.46,29.86,27.46,29.52,6640902.0,192137009.0
2017-01-17,29.74,29.79,28.95,29.68,4042653.0,117369726.0
2017-01-18,29.79,30.1,29.33,29.85,2927519.0,85658388.0
2017-01-19,29.79,29.93,29.28,29.89,2842386.0,82691444.0
2017-01-20,29.98,30.79,29.81,30.62,5539267.0,166523515.0
2017-01-23,30.58,31.11,30.4,30.66,4611795.0,139260974.0
2017-01-24,30.55,30.68,29.89,30.0,4310109.0,127995574.0
2017-01-25,30.06,30.1,29.62,29.65,3225700.0,94758315.0
2017-01-26,29.87,31.4,29.87,30.79,7734619.0,233627508.0
2017-02-03,30.71,31.13,30.53,30.68,4023883.0,122146106.0
2017-02-06,30.67,31.32,30.3,31.2,8316990.0,252836674.0
2017-02-07,31.32,32.12,31.06,31.44,7799381.0,242724394.0
2017-02-08,31.44,32.12,31.23,31.92,5410736.0,168972577.0
2017-02-09,32.23,32.49,31.68,31.82,5940533.0,186891611.0
2017-02-10,31.82,31.91,31.15,31.27,7259565.0,224304464.0
2017-02-13,31.32,31.76,30.97,31.74,7564314.0,233556018.0
2017-02-14,31.67,31.73,31.26,31.36,5035096.0,155963338.0
2017-02-15,31.39,31.82,31.17,31.21,4290168.0,132865162.0
2017-02-16,31.17,31.52,31.05,31.14,3457170.0,106320192.0
2017-02-17,31.21,31.27,29.97,30.02,8590033.0,257418680.0
2017-02-20,30.1,30.37,29.85,30.09,5853463.0,173095510.0
2017-02-21,30.0,30.58,29.95,30.3,5170443.0,154251451.0
2017-02-22,30.31,30.41,29.89,30.38,5158968.0,152823050.0
2017-02-23,30.49,30.52,29.96,30.4,3644233.0,108300560.0
2017-02-24,30.38,30.91,30.14,30.86,6069838.0,182619116.0
2017-02-27,30.83,31.7,30.72,31.4,8665491.0,266908890.0
2017-02-28,31.41,31.52,30.61,30.84,7583502.0,230485338.0
2017-03-01,30.9,31.12,30.61,30.84,4416873.0,133879566.0
2017-03-02,30.85,31.27,30.48,30.48,6105658.0,185112410.0
2017-03-03,30.48,30.5,29.86,30.5,5996079.0,177781022.0
2017-03-06,30.71,32.52,30.71,32.18,16359676.0,509000736.0
2017-03-07,32.13,32.13,31.52,31.93,8660056.0,271096658.0
2017-03-08,31.84,32.24,31.63,31.94,7342924.0,230446565.0
2017-03-09,32.0,32.0,31.21,31.42,5861352.0,181170996.0
2017-03-10,31.27,31.49,31.02,31.2,5438971.0,166808634.0
2017-03-13,31.07,31.75,30.99,31.6,6894153.0,212931995.0
2017-03-14,31.62,31.75,31.08,31.1,5497580.0,169413664.0
2017-03-15,31.1,31.19,30.62,31.11,6282465.0,190406767.0
2017-03-16,31.31,31.68,31.25,31.53,7187008.0,222776723.0
2017-03-17,31.52,31.92,30.66,30.79,9007016.0,277621997.0
2017-03-20,30.78,30.96,30.38,30.57,7238755.0,218317910.0
2017-03-21,30.61,30.86,30.48,30.7,4901274.0,147747509.0
2017-03-22,30.64,31.06,30.11,30.96,8971073.0,269833327.0
2017-03-23,31.02,31.16,30.31,30.59,5777037.0,174641917.0
2017-03-24,30.55,30.76,30.27,30.5,7153105.0,214663887.0
2017-03-27,30.5,30.71,30.3,30.5,4234455.0,126949885.0
2017-03-28,30.5,30.96,30.36,30.81,5050565.0,153037113.0
2017-03-29,30.64,30.88,30.4,30.4,3985880.0,119870579.0
2017-03-30,30.38,30.48,29.74,29.87,7765417.0,228947265.0
2017-03-31,29.88,30.19,29.79,30.11,2948200.0,86848022.0
2017-04-05,30.1,30.89,30.1,30.87,6218312.0,187082534.0
2017-04-06,30.87,30.96,30.64,30.66,3967239.0,119980087.0
2017-04-07,30.78,32.48,30.45,31.84,15982472.0,498347159.0
2017-04-10,31.76,33.2,31.53,32.69,21512214.0,691319817.0
2017-04-11,32.49,32.7,31.77,32.47,10910400.0,346075193.0
2017-04-12,32.54,32.54,31.23,31.43,7313232.0,228142447.0
2017-04-13,31.34,33.13,31.33,32.03,11581495.0,369649094.0
2017-04-14,32.16,32.19,31.38,31.43,6261747.0,194615735.0
2017-04-17,30.5,31.15,30.5,30.91,8647968.0,262041295.0
2017-04-18,30.9,31.36,30.4,30.5,4385283.0,133274060.0
2017-04-19,30.15,31.14,30.0,31.1,6714796.0,201271096.0
2017-04-20,30.94,31.09,30.25,30.51,4492540.0,135397757.0
2017-04-21,30.5,31.32,30.45,30.5,3699237.0,112630965.0
2017-04-24,30.55,30.69,29.81,30.3,4608301.0,137287892.0
2017-04-25,30.2,30.91,30.1,30.55,3644374.0,109619557.0
2017-04-26,30.5,30.8,29.41,29.78,9890129.0,290722676.0
2017-04-27,29.74,30.58,29.57,30.39,5445015.0,161377691.0
2017-04-28,30.34,31.11,29.97,30.1,3233370.0,96275586.0
2017-05-02,29.95,30.43,29.94,30.4,2196627.0,65374941.0
2017-05-03,30.15,30.39,29.89,30.04,2613573.0,77242849.0
2017-05-04,30.02,30.47,29.66,30.0,3445297.0,102080102.0
2017-05-05,30.02,30.13,29.73,29.76,2241881.0,65862880.0
2017-05-08,29.64,29.75,27.93,28.04,8963268.0,253709429.0
2017-05-09,27.66,28.98,27.64,28.72,5783658.0,160965268.0
2017-05-10,28.61,28.73,27.91,27.91,4129633.0,114955402.0
2017-05-11,27.68,28.25,27.1,28.12,8109870.0,219866585.0
2017-05-12,27.97,28.43,27.61,28.37,3891532.0,107457982.0
2017-05-15,28.23,28.37,27.99,28.14,2664977.0,73824396.0
2017-05-16,28.23,29.47,27.71,29.05,5040364.0,140915840.0
2017-05-17,28.67,29.54,28.55,29.43,5866389.0,168340076.0
2017-05-18,29.06,29.26,28.67,28.8,5662063.0,160971327.0
2017-05-19,28.94,28.98,28.57,28.77,2731441.0,77310864.0
2017-05-22,28.77,28.92,27.96,28.67,4479008.0,125176682.0
2017-05-23,28.65,28.79,28.12,28.62,3598019.0,100813758.0
2017-05-24,28.41,28.67,27.98,28.36,2497229.0,69588805.0
2017-05-25,28.38,28.56,27.86,28.34,2630040.0,73169318.0
2017-05-26,28.32,28.89,28.3,28.57,2159165.0,60655255.0
2017-05-31,28.77,28.99,27.98,28.57,4295481.0,120032047.0
2017-06-01,28.31,28.42,27.94,28.01,3030841.0,83841083.0
2017-06-02,27.93,28.41,27.89,28.25,2573519.0,71033858.0
2017-06-05,28.27,28.37,27.95,28.21,2593383.0,71767335.0
2017-06-06,28.18,28.32,28.03,28.16,1150953.0,31863016.0
2017-06-07,28.16,28.99,28.16,28.82,3968165.0,112290843.0
2017-06-08,28.87,29.21,28.69,28.86,2931429.0,83266169.0
2017-06-09,28.89,28.96,28.57,28.8,2196752.0,62034666.0
2017-06-12,28.64,28.72,28.07,28.28,3186808.0,88721905.0
2017-06-13,28.15,28.47,28.06,28.37,1645387.0,45836573.0
2017-06-14,28.41,28.41,27.92,28.31,3050055.0,84399404.0
2017-06-15,28.65,28.8,28.24,28.53,2946030.0,82680599.0
2017-06-16,28.57,28.86,28.37,28.39,2867743.0,80786995.0
2017-06-19,28.38,28.57,28.32,28.43,2278261.0,63687622.0
2017-06-20,28.47,28.92,28.47,28.7,3019939.0,85377581.0
2017-06-21,28.7,28.82,28.46,28.8,3655214.0,102958129.0
2017-06-22,28.75,28.82,28.45,28.52,2820465.0,79297368.0
2017-06-23,28.48,28.91,28.35,28.91,4038409.0,113601603.0
2017-06-26,28.97,29.28,28.82,29.16,3417682.0,97728129.0
2017-06-27,29.16,29.24,28.69,28.82,3368232.0,95744842.0
2017-06-28,28.79,28.91,28.56,28.82,2190161.0,61800316.0
2017-06-29,29.04,29.04,28.43,28.5,4516140.0,126871144.0
2017-06-30,28.47,28.69,28.4,28.59,2557847.0,71730547.0
2017-07-03,28.59,28.72,28.48,28.68,2010682.0,56590845.0
2017-07-04,28.62,28.93,28.57,28.87,3116957.0,88184955.0
2017-07-05,28.84,28.88,28.44,28.6,4626567.0,130074603.0
2017-07-06,28.8,30.39,28.8,29.79,12287594.0,357614502.0
2017-07-07,29.79,30.3,29.63,30.16,7861461.0,231898170.0
2017-07-10,30.16,30.59,29.78,29.89,4230516.0,125245805.0
2017-07-11,29.89,30.1,29.74,29.76,3240865.0,95206873.0
2017-07-12,29.59,29.87,29.29,29.56,3237032.0,93943386.0
2017-07-13,29.59,29.69,29.38,29.54,2818350.0,81757021.0
2017-07-14,29.47,29.47,28.53,28.77,5978060.0,170179166.0
2017-07-17,28.47,28.69,26.43,26.7,10440906.0,285671711.0
2017-07-18,26.61,27.62,26.61,27.28,4929767.0,130939087.0
2017-07-19,27.09,27.39,27.02,27.19,3121411.0,83039679.0
2017-07-20,27.33,27.63,27.11,27.3,2780414.0,74605306.0
2017-07-21,27.25,27.61,27.17,27.23,1872363.0,50120119.0
2017-07-24,27.2,27.35,26.85,27.05,2528084.0,66946583.0
2017-07-25,27.07,27.25,26.98,27.09,1206394.0,31996483.0
2017-07-26,27.18,27.35,27.07,27.33,1825704.0,48644989.0
2017-07-27,27.42,28.31,27.25,28.02,3949411.0,107737315.0
2017-07-28,28.13,28.41,27.61,27.78,3021032.0,82673228.0
2017-07-31,27.86,27.88,27.5,27.81,1683771.0,45613833.0
2017-08-01,27.81,28.07,27.69,27.99,1797141.0,48980424.0
2017-08-02,28.05,28.09,27.59,27.61,2758582.0,75049016.0
2017-08-03,27.57,28.12,27.57,27.73,1561016.0,42403903.0
2017-08-04,27.63,27.98,27.59,27.75,1511929.0,41052013.0
2017-08-07,27.71,28.52,27.69,28.41,2899635.0,80032580.0
2017-08-08,28.28,29.23,28.28,28.92,4261242.0,120569247.0
2017-08-09,29.04,29.17,28.71,29.04,2578911.0,72992757.0
2017-08-10,29.09,29.49,28.62,28.82,2500791.0,71055376.0
2017-08-11,29.09,29.8,28.86,29.41,4465281.0,128364120.0
2017-08-14,29.32,30.18,29.32,29.79,4638445.0,135975873.0
2017-08-15,29.79,30.11,29.36,29.65,2812059.0,81362862.0
2017-08-16,29.65,30.15,29.45,29.71,3119290.0,91000755.0
2017-08-17,29.58,30.18,29.47,29.79,2196894.0,63941123.0
2017-08-18,29.68,30.01,29.52,29.55,1876204.0,54594211.0
2017-08-21,29.8,30.55,29.8,30.4,4721648.0,139898616.0
2017-08-22,30.91,31.65,30.57,31.26,8304835.0,253637654.0
2017-08-23,31.23,31.54,30.65,30.88,5265696.0,159885923.0
2017-08-24,31.14,32.75,31.14,32.49,13026997.0,408796182.0
2017-08-25,32.2,32.59,31.91,32.2,5352911.0,168420150.0
2017-08-28,32.38,32.81,32.03,32.36,7550748.0,238786280.0
2017-08-29,32.36,32.85,32.16,32.55,8018946.0,255190151.0
2017-08-30,32.51,33.33,32.51,33.01,8138740.0,263040655.0
2017-08-31,33.02,33.2,32.69,33.0,4141767.0,133441651.0
2017-09-01,32.87,33.23,32.52,32.62,4636901.0,148723071.0
2017-09-04,32.72,33.39,32.11,32.82,6594471.0,210603027.0
2017-09-05,32.62,33.23,31.95,32.17,6128030.0,193565460.0
2017-09-06,32.21,33.74,32.01,33.44,8127870.0,263128747.0
2017-09-07,33.74,33.88,32.98,33.03,6163315.0,201269336.0
2017-09-08,33.13,33.18,32.51,32.72,3879859.0,124521917.0
2017-09-11,32.6,33.18,32.21,32.41,5224358.0,166112914.0
2017-09-12,32.62,33.46,32.12,32.97,9126660.0,292587309.0
2017-09-13,32.8,33.54,32.52,32.82,5363748.0,173314862.0
2017-09-14,33.13,34.34,32.87,34.04,6639274.0,217951079.0
2017-09-15,34.14,35.03,33.54,34.71,8628678.0,291051414.0
2017-09-18,34.64,35.61,34.06,35.33,5943938.0,203414986.0
2017-09-19,35.32,35.67,34.39,34.75,5182067.0,177463204.0
2017-09-20,34.67,34.94,34.21,34.45,3434148.0,115918625.0
2017-09-21,34.42,35.44,34.3,34.3,3307165.0,112718429.0
2017-09-22,34.25,34.74,34.08,34.26,2798360.0,94066278.0
2017-09-25,34.56,34.71,33.73,33.74,4294858.0,143841041.0
2017-09-26,33.57,34.11,33.57,33.76,2407781.0,79797901.0
2017-09-27,33.93,34.64,33.93,34.18,3333662.0,111874838.0
2017-09-28,34.36,34.36,33.9,34.11,2518192.0,84009171.0
2017-09-29,33.9,34.24,33.77,34.03,2990393.0,99359208.0
2017-10-09,34.78,36.55,34.52,36.32,9360250.0,325746676.0
2017-10-10,36.4,37.37,36.08,36.87,5092106.0,182677493.0
2017-10-11,37.01,37.35,36.36,37.08,4090752.0,147600586.0
2017-10-12,36.81,37.12,35.69,35.84,4878290.0,172827183.0
2017-10-13,35.58,37.18,34.56,36.58,14891349.0,519549120.0
2017-10-16,36.5,37.93,35.79,35.79,12130914.0,439106912.0
2017-10-17,35.54,36.91,35.54,36.09,4824830.0,171155238.0
2017-10-18,35.86,37.12,35.74,35.74,4831476.0,173191952.0
2017-10-19,35.67,36.25,35.37,35.58,3280000.0,114986096.0
2017-10-20,35.59,36.85,35.59,36.78,4024654.0,142586726.0
2017-10-23,36.78,37.12,36.32,36.77,6337968.0,227953635.0
2017-10-24,36.81,36.81,35.27,35.58,7386328.0,258175630.0
2017-10-25,35.69,36.75,34.87,35.54,5893899.0,205134807.0
2017-10-26,35.38,35.58,34.64,35.42,5966525.0,204962120.0
2017-10-27,35.33,35.64,34.77,35.06,5911863.0,203450034.0
2017-10-30,35.06,35.17,33.96,34.07,6644098.0,222892433.0
2017-10-31,33.97,34.55,33.77,34.44,3326602.0,111377814.0
2017-11-01,34.56,35.24,34.23,35.05,5507691.0,186630251.0
2017-11-02,35.14,35.61,34.66,34.86,6094846.0,209580648.0
2017-11-03,34.86,35.15,33.97,34.36,4714700.0,158985921.0
2017-11-06,34.25,35.18,33.67,35.08,5094997.0,171166079.0
2017-11-07,35.04,35.46,34.7,35.26,3358359.0,115230755.0
2017-11-08,35.44,35.63,34.81,35.08,3822837.0,131936003.0
2017-11-09,35.3,35.3,34.45,34.77,5770350.0,196136295.0
2017-11-10,34.74,35.06,33.95,34.37,7246967.0,244160219.0
2017-11-13,34.46,34.7,34.01,34.25,5807702.0,194988250.0
2017-11-14,34.23,35.38,33.95,34.54,8174276.0,277919814.0
2017-11-15,34.22,34.34,33.23,33.58,7517062.0,247483556.0
2017-11-16,33.49,33.84,33.21,33.28,3868732.0,126572623.0
2017-11-17,33.53,33.53,30.99,31.24,10976853.0,345492768.0
2017-11-20,30.68,32.47,30.68,32.0,5853754.0,182089959.0
2017-11-21,32.17,32.72,31.49,31.84,6069628.0,190408723.0
2017-11-22,32.06,32.62,31.74,31.83,4330080.0,136330021.0
2017-11-23,31.88,32.56,31.54,31.65,3693500.0,115987494.0
2017-11-24,31.68,32.3,31.39,31.59,2635233.0,81883151.0
2017-11-27,31.54,31.85,31.19,31.34,2452703.0,75442379.0
2017-11-28,31.39,32.41,31.33,32.21,3600110.0,112328206.0
2017-11-29,32.41,33.19,32.0,32.72,5477187.0,175617624.0
2017-11-30,32.82,33.04,32.25,32.82,3447705.0,110184787.0
2017-12-01,32.82,33.61,32.58,33.25,3239163.0,105373412.0
2017-12-04,33.26,33.44,32.83,32.84,2989384.0,96886645.0
2017-12-05,33.09,33.09,32.11,32.57,3158600.0,100398602.0
2017-12-06,32.56,32.76,31.86,32.52,4552324.0,144460143.0
2017-12-07,32.63,33.39,32.6,33.12,2808844.0,90870558.0
2017-12-08,33.19,33.95,33.19,33.82,4046066.0,133413435.0
2017-12-11,33.84,34.17,33.54,33.81,4664173.0,154025168.0
2017-12-12,33.95,33.95,33.13,33.23,2791842.0,91475023.0
2017-12-13,33.31,33.81,33.16,33.54,2529003.0,82713738.0
2017-12-14,33.54,33.6,32.72,33.52,2873474.0,93154355.0
2017-12-15,33.49,33.54,32.98,33.25,1824349.0,59467816.0
2017-12-18,33.27,33.95,33.25,33.51,2646681.0,86926179.0
2017-12-19,33.54,35.58,33.54,35.41,10995463.0,372445313.0
2017-12-20,35.17,35.58,35.07,35.17,4500879.0,155411896.0
2017-12-21,35.23,36.66,35.23,36.24,7562967.0,267089390.0
2017-12-22,36.07,36.47,35.8,36.2,3451609.0,121980665.0
2017-12-25,36.15,36.25,35.35,35.86,4329509.0,151336153.0
2017-12-26,35.74,36.37,35.18,36.2,4763647.0,166700356.0
2017-12-27,36.05,37.72,36.04,36.81,10105516.0,365934172.0
2017-12-28,36.91,37.12,36.35,36.37,4503916.0,161811360.0
2017-12-29,36.38,37.08,36.03,36.35,4337355.0,154690622.0
2018-01-02,36.6,38.1,36.6,38.06,7403027.0,272941314.0
2018-01-03,37.84,38.93,37.59,38.73,6926587.0,259087765.0
2018-01-04,38.73,38.85,38.22,38.71,4406323.0,166153139.0
2018-01-05,38.5,38.59,36.91,36.91,9693381.0,356549563.0
2018-01-08,36.82,37.12,35.98,36.66,6718926.0,240502418.0
2018-01-09,36.92,37.06,36.35,36.45,4926152.0,176401848.0
2018-01-10,36.45,36.7,35.97,36.22,4741991.0,168281901.0
2018-01-11,36.4,37.43,36.29,37.42,6810375.0,245453595.0
2018-01-12,36.25,36.62,33.68,33.68,19444912.0,649616447.0
2018-01-15,33.74,33.75,31.63,32.13,16931806.0,539126452.0
2018-01-16,32.01,32.62,31.49,31.79,7658405.0,240648035.0
2018-01-17,31.77,32.71,31.31,32.42,6795407.0,212854580.0
2018-01-18,32.25,33.21,32.22,32.98,4166662.0,133964585.0
2018-01-19,33.21,33.21,32.24,32.59,3696002.0,118155759.0
2018-01-22,32.62,33.63,32.39,33.59,4482890.0,145697195.0
2018-01-23,33.49,33.95,30.23,30.23,15728311.0,486916157.0
2018-01-24,30.06,30.06,27.24,28.03,35773158.0,982196899.0
2018-01-25,27.7,28.75,27.7,28.33,16176583.0,447352393.0
2018-01-26,28.17,28.49,27.56,27.83,12614053.0,343520518.0
2018-01-29,27.83,28.02,27.25,27.48,6572448.0,177296323.0
2018-01-30,27.33,27.91,27.32,27.67,5543033.0,150078787.0
2018-01-31,27.61,27.62,25.42,25.57,17727920.0,450666544.0
2018-02-01,25.65,25.91,24.96,25.21,10901353.0,270226266.0
2018-02-02,25.16,25.44,24.08,24.63,7691613.0,187168964.0
2018-02-05,24.4,25.97,24.32,25.74,9764925.0,243446634.0
2018-02-06,25.04,26.09,24.4,24.53,7671821.0,188711466.0
2018-02-07,25.0,25.35,23.84,25.0,7971322.0,193348827.0
2018-02-08,25.0,26.06,24.77,25.56,6835921.0,171005346.0
2018-02-09,24.81,25.42,24.13,24.34,7879843.0,190963756.0
2018-02-12,24.39,25.36,24.39,25.05,8064480.0,197303168.0
2018-02-13,25.2,25.31,23.53,24.13,18343386.0,430586827.0
2018-02-14,24.13,24.27,23.75,24.1,7940111.0,186584397.0
2018-02-22,24.43,25.11,24.27,25.06,8000372.0,194289213.0
2018-02-23,25.44,26.05,25.1,25.81,10882144.0,273655705.0
2018-02-26,26.02,27.28,25.56,26.76,11310980.0,294172662.0
2018-02-27,27.07,27.58,26.74,26.83,8543430.0,226500931.0
2018-02-28,26.8,27.6,26.28,27.57,8506845.0,225931807.0
2018-03-01,27.19,27.87,26.99,27.69,6638360.0,179013914.0
2018-03-02,27.39,28.43,27.23,28.03,8745002.0,239298714.0
2018-03-05,27.98,28.22,27.21,27.85,6004799.0,161725946.0
2018-03-06,27.87,28.03,27.39,27.54,5649586.0,152162531.0
2018-03-07,27.41,27.71,26.99,26.99,5609400.0,149506431.0
2018-03-08,26.98,27.45,26.89,27.26,4207578.0,111710363.0
2018-03-09,27.38,28.0,27.12,27.95,6662750.0,180314925.0
2018-03-12,28.12,28.86,28.06,28.64,8305304.0,232125128.0
2018-03-13,28.62,29.1,28.27,28.38,6333311.0,177227272.0
2018-03-14,28.47,28.74,27.77,27.81,4688382.0,129190399.0
2018-03-15,27.79,27.81,27.25,27.62,4137360.0,111098496.0
2018-03-16,27.61,27.71,27.41,27.42,4067293.0,109653850.0
2018-03-19,27.54,27.99,27.2,27.6,3186043.0,86239062.0
2018-03-20,27.28,27.5,26.49,27.26,3830685.0,101282864.0
2018-03-21,27.35,28.17,27.23,27.71,6543343.0,178491238.0
2018-03-22,27.61,28.07,27.1,27.25,3799719.0,102581873.0
2018-03-23,26.59,27.04,25.34,26.12,7419613.0,190646539.0
2018-03-26,25.77,26.67,25.66,26.51,5475586.0,140398113.0
2018-03-27,26.67,29.02,26.67,28.52,9038000.0,246913048.0
2018-03-28,28.78,30.04,28.45,29.59,14197314.0,404039803.0
2018-03-29,29.65,29.93,28.56,29.27,8530654.0,243517413.0
2018-03-30,28.94,29.97,28.94,29.58,7675645.0,222380141.0
2018-04-02,29.58,30.37,29.58,29.77,5752818.0,168597436.0
2018-04-03,29.35,30.46,29.1,30.37,6720118.0,196327801.0
2018-04-04,30.39,30.55,29.14,29.48,5552611.0,160842826.0
2018-04-09,29.14,29.45,28.73,28.94,4272270.0,121432397.0
2018-04-10,29.14,29.17,28.3,28.88,4575125.0,128056907.0
2018-04-11,29.0,29.85,28.81,29.52,5057569.0,145908372.0
2018-04-12,29.54,29.72,28.76,28.76,2820010.0,80705984.0
2018-04-13,29.13,29.52,28.83,29.09,3148144.0,89602971.0
2018-04-16,29.01,29.32,28.75,29.06,3071015.0,87138706.0
2018-04-17,29.23,29.23,27.88,28.11,3364193.0,93824440.0
2018-04-18,28.41,28.96,27.91,28.6,3796001.0,105879855.0
2018-04-19,28.58,29.23,27.91,28.13,5158064.0,143869988.0
2018-04-20,28.07,28.43,26.81,26.98,5963211.0,160558712.0
2018-04-23,26.74,27.79,26.34,27.22,5486500.0,145227585.0
2018-04-24,27.3,27.65,26.84,27.47,5375000.0,144027655.0
2018-04-25,27.41,27.71,27.08,27.59,4315912.0,115739340.0
2018-04-26,27.52,27.59,26.65,26.91,5738285.0,151716387.0
2018-04-27,27.2,28.83,26.95,28.48,10219304.0,281442214.0
2018-05-02,28.99,29.55,28.73,28.9,7724786.0,219139692.0
2018-05-03,28.91,29.18,28.03,28.88,5681008.0,158820700.0
2018-05-04,28.73,29.71,28.57,29.29,6509331.0,187141178.0
2018-05-07,29.35,29.94,29.11,29.37,8898089.0,255585733.0
2018-05-08,29.35,29.85,29.21,29.37,5725581.0,165174060.0
2018-05-09,29.51,29.74,29.23,29.35,3740589.0,107588686.0
2018-05-10,29.44,29.65,28.96,29.24,3876811.0,111147203.0
2018-05-11,29.25,29.86,29.15,29.3,5030188.0,145337058.0
2018-05-14,29.32,29.69,29.24,29.51,4711471.0,135815197.0
2018-05-15,29.46,29.81,28.83,29.69,5106722.0,147032980.0
2018-05-16,29.52,29.7,29.08,29.29,4159519.0,119651192.0
2018-05-17,29.23,29.47,27.81,28.01,7270562.0,201438338.0
2018-05-18,27.95,28.38,27.84,28.21,2424851.0,66710475.0
2018-05-21,28.72,28.92,27.91,28.1,7557664.0,209597940.0
2018-05-22,28.1,28.1,26.72,26.85,13110666.0,346637035.0
2018-05-23,26.93,26.95,26.37,26.59,6624748.0,172748041.0
2018-05-24,26.59,26.68,25.77,26.21,7278886.0,186512643.0
2018-05-25,26.21,26.35,25.44,25.78,8208312.0,206643234.0
2018-05-28,25.73,26.18,25.62,25.76,4527314.0,114662570.0
2018-05-29,25.9,26.0,25.46,25.57,3745962.0,94300900.0
2018-05-30,25.55,25.8,25.0,25.05,5295006.0,131732712.0
2018-05-31,25.27,25.64,25.27,25.42,3287765.0,81827000.0
2018-06-01,25.36,25.61,25.06,25.44,3034200.0,75310314.0
2018-06-04,25.47,25.76,25.06,25.16,3077440.0,76108425.0
2018-06-05,25.36,25.66,25.16,25.66,2548863.0,63590523.0
2018-06-06,25.66,26.26,25.61,25.92,4225551.0,107239906.0
2018-06-07,26.03,26.31,25.76,25.84,2525370.0,64196698.0
2018-06-08,25.78,25.79,25.11,25.51,4542486.0,112874245.0
2018-06-11,25.46,25.46,24.49,24.54,6022164.0,146721748.0
2018-06-12,24.61,24.96,24.54,24.87,3195836.0,77406713.0
2018-06-13,24.9,24.9,24.59,24.6,2182891.0,52700319.0
2018-06-14,24.56,24.82,24.53,24.59,1888390.0,45556469.0
2018-06-15,24.64,24.7,24.24,24.42,4426539.0,106088568.0
2018-06-19,24.03,24.79,23.88,23.98,7962732.0,188347861.0
2018-06-20,23.99,24.69,23.89,24.45,3851112.0,91261210.0
2018-06-21,24.45,24.53,23.96,24.03,3784412.0,89391107.0
2018-06-22,24.03,25.06,24.03,24.99,5877640.0,141305467.0
2018-06-25,26.06,26.18,25.43,25.5,9480509.0,238617959.0
2018-06-26,25.47,26.26,25.26,26.03,6522560.0,165199114.0
2018-06-27,25.97,26.49,25.44,25.73,4656094.0,118115622.0
2018-06-28,25.94,26.07,25.68,25.81,2896157.0,73384079.0
2018-06-29,25.47,26.43,25.47,26.18,4258953.0,108552996.0
2018-07-02,26.16,26.42,25.66,25.8,3151819.0,80396616.0
2018-07-03,25.97,26.55,25.7,26.55,5921293.0,152106109.0
2018-07-04,26.59,26.72,26.22,26.33,2986890.0,77079984.0
2018-07-05,26.41,26.59,26.19,26.22,2742332.0,70689659.0
2018-07-06,26.09,26.47,24.46,25.36,6581300.0,163774404.0
2018-07-09,25.1,26.12,25.1,26.04,2391896.0,60198790.0
2018-07-10,26.16,26.25,25.78,26.11,2677295.0,68134538.0
2018-07-11,25.81,26.07,25.48,25.82,1976059.0,49683988.0
2018-07-12,25.77,26.55,25.66,26.28,7392174.0,189439229.0
2018-07-13,26.19,26.5,26.07,26.25,3877712.0,99528294.0
2018-07-16,26.21,26.24,25.77,26.08,2698072.0,68469003.0
2018-07-17,26.12,26.67,25.97,26.43,6523708.0,168606403.0
2018-07-18,26.77,27.66,26.57,27.31,9458614.0,250658475.0
2018-07-19,27.31,27.69,27.08,27.3,5690214.0,151643877.0
2018-07-20,27.46,27.58,26.82,27.5,4475026.0,118550286.0
2018-07-23,27.5,28.77,27.33,28.33,6513374.0,179064761.0
2018-07-24,28.6,29.01,28.18,28.77,4886184.0,136424542.0
2018-07-25,28.84,28.98,28.46,28.81,4285325.0,119522393.0
2018-07-26,29.01,29.02,28.52,28.53,4569690.0,127466773.0
2018-07-27,28.69,28.93,28.28,28.28,5742066.0,159198990.0
2018-07-30,28.71,29.03,28.31,28.57,5053699.0,140843957.0
2018-07-31,28.52,28.7,26.61,27.38,9791436.0,260295449.0
2018-08-01,27.38,28.81,27.38,27.95,9395513.0,259107917.0
2018-08-02,28.0,28.48,27.19,27.41,5697627.0,153268366.0
2018-08-03,27.41,28.2,27.18,27.8,4577437.0,123460328.0
2018-08-06,27.55,28.0,26.49,27.0,4523100.0,120471960.0
2018-08-07,27.18,27.99,26.58,27.68,3715016.0,99220231.0
2018-08-08,27.88,27.88,26.89,27.62,2683344.0,71200542.0
2018-08-09,27.48,28.46,27.09,28.05,3378726.0,91917743.0
2018-08-10,28.21,28.48,27.41,27.91,3220972.0,87405143.0
2018-08-13,27.59,28.4,27.43,28.38,2275211.0,61762822.0
2018-08-14,28.39,28.57,28.05,28.46,1729099.0,47493367.0
2018-08-15,28.42,28.42,27.23,27.4,2763710.0,74412161.0
2018-08-16,26.96,27.61,26.58,27.21,2629469.0,69408502.0
2018-08-17,27.28,27.59,26.46,26.5,2005300.0,52567517.0
2018-08-20,26.65,27.07,25.79,26.49,2138104.0,54558074.0
2018-08-21,26.43,26.64,25.84,26.54,2525300.0,64623575.0
2018-08-22,26.36,26.69,26.18,26.52,1307400.0,33628750.0
2018-08-23,26.52,26.98,26.41,26.69,1602750.0,41564024.0
2018-08-24,26.66,26.73,26.33,26.48,954804.0,24615258.0
2018-08-27,26.66,27.18,26.16,27.06,2109900.0,54659785.0
2018-08-28,27.06,27.67,26.93,27.67,2376742.0,63326374.0
2018-08-29,27.65,27.78,27.4,27.46,1357763.0,36290576.0
2018-08-30,27.48,27.64,26.72,26.92,2183812.0,57525168.0
2018-08-31,26.87,27.06,25.99,26.13,1805794.0,46663432.0
2018-09-03,26.12,26.94,25.82,26.91,2695051.0,69038647.0
2018-09-04,26.75,26.85,26.25,26.77,2762246.0,71229703.0
2018-09-05,26.72,26.72,25.6,25.7,3433095.0,86823022.0
2018-09-06,25.61,25.93,24.75,24.8,4846299.0,118472054.0
2018-09-07,24.8,25.36,24.64,25.07,3245549.0,78852563.0
2018-09-10,25.23,25.29,24.45,24.48,3244347.0,77989793.0
2018-09-11,24.62,24.79,24.46,24.7,2158194.0,51615733.0
2018-09-12,24.7,24.89,24.46,24.49,2192732.0,52385759.0
2018-09-13,24.73,25.22,24.69,25.04,1732410.0,41922619.0
2018-09-14,25.12,25.33,24.82,25.11,1923900.0,47016820.0
2018-09-17,25.08,25.08,24.5,24.73,1751674.0,42099902.0
2018-09-18,24.73,25.04,24.46,24.97,1165300.0,28122997.0
2018-09-19,24.85,25.48,24.8,25.48,2380541.0,58268752.0
2018-09-20,25.46,25.46,24.89,24.89,1285390.0,31369949.0
2018-09-21,25.02,25.44,24.71,25.27,1567421.0,38311469.0
2018-09-25,25.27,25.77,25.14,25.36,1229116.0,30395082.0
2018-09-26,25.5,25.75,25.22,25.66,1653303.0,41094258.0
2018-09-27,25.6,25.7,24.84,25.11,2789901.0,68369760.0
2018-09-28,25.12,25.58,25.12,25.55,1676755.0,41366808.0
2018-10-08,25.1,25.43,24.53,24.57,2157940.0,52126526.0
2018-10-09,24.63,25.2,24.57,24.83,1451225.0,34922682.0
2018-10-10,24.89,25.14,24.69,24.84,1287000.0,31107404.0
2018-10-11,24.51,24.51,22.36,22.36,3902829.0,88570206.0
2018-10-12,22.13,22.33,20.34,21.52,5774365.0,119668870.0
2018-10-15,21.52,22.65,21.52,21.76,3770735.0,80864799.0
2018-10-16,22.07,22.15,20.82,21.22,3685644.0,76788853.0
2018-10-17,21.8,21.8,20.38,20.77,4109720.0,83258646.0
2018-10-18,20.64,20.76,19.92,19.96,5021111.0,99220062.0
2018-10-19,19.77,20.39,19.35,20.31,6490020.0,125945136.0
2018-10-22,20.45,22.34,20.19,22.34,7920798.0,165288865.0
2018-10-23,22.34,22.87,21.27,21.62,5511180.0,117859944.0
2018-10-24,21.65,22.18,21.46,21.71,3886003.0,82641991.0
2018-10-25,21.1,22.71,20.67,22.25,3730903.0,79032869.0
2018-10-26,22.34,22.63,21.83,22.05,2684186.0,57841591.0
2018-10-29,22.63,23.03,22.25,22.65,4703408.0,103456557.0
2018-10-30,22.67,24.01,22.43,23.57,4163222.0,93960531.0
2018-10-31,23.66,23.81,23.33,23.74,3640354.0,83572896.0
2018-11-01,23.78,24.88,23.64,24.16,6085232.0,142946595.0
2018-11-02,24.79,25.73,24.75,25.48,7612071.0,187105515.0
2018-11-05,25.2,25.89,24.45,24.7,5647718.0,136728513.0
2018-11-06,24.68,24.95,24.4,24.86,2423283.0,58084761.0
2018-11-07,24.78,25.58,24.57,24.87,4522429.0,110140230.0
2018-11-08,24.96,25.23,24.51,24.73,2793759.0,67244615.0
2018-11-09,24.42,25.05,24.3,24.38,3211521.0,76932749.0
2018-11-12,24.59,26.13,24.44,26.02,6253443.0,155489271.0
2018-11-13,25.66,26.41,25.54,25.89,5522439.0,139609601.0
