2011-08-19,73.0,78.86,72.18,77.4,25687224.0,1932258048.0
2011-08-22,78.72,82.35,78.66,80.7,10279626.0,821472576.0
2011-08-23,80.69,82.56,79.11,81.8,6821213.0,551132800.0
2011-08-24,81.96,83.2,79.35,79.35,4569114.0,371777216.0
2011-08-25,79.4,81.24,77.5,80.0,4412840.0,350306304.0
2011-08-26,79.55,83.88,79.02,83.11,4069110.0,331988576.0
2011-08-29,82.51,84.5,81.88,82.3,3132770.0,259929376.0
2011-08-30,82.36,83.0,78.0,78.51,2826976.0,228947776.0
2011-08-31,79.0,79.6,76.0,79.09,2804000.0,218816000.0
2011-09-01,78.79,79.45,76.21,76.8,1772883.0,137881504.0
2011-09-02,76.3,77.91,76.12,77.0,1771876.0,136513888.0
2011-09-05,76.0,76.85,74.0,75.76,2027178.0,152624720.0
2011-09-06,74.5,76.0,69.28,70.6,4090541.0,294100352.0
2011-09-07,72.0,73.5,70.72,72.45,1857478.0,133863160.0
2011-09-08,72.8,72.8,70.31,70.7,2189018.0,156445232.0
2011-09-09,71.01,72.77,70.6,71.75,1781973.0,128195392.0
2011-09-13,70.7,70.7,66.81,67.8,1979369.0,135068784.0
2011-09-14,68.79,70.0,67.78,69.43,1416798.0,97482672.0
2011-09-15,69.26,72.72,69.15,70.58,1565096.0,111739440.0
2011-09-16,71.3,71.3,69.11,70.44,794387.0,55724684.0
2011-09-19,70.0,70.0,67.82,68.5,667873.0,46005816.0
2011-09-20,69.4,71.68,68.62,71.2,1319749.0,93177640.0
2011-09-21,71.0,74.24,70.72,73.7,1934243.0,140772352.0
2011-09-22,73.1,74.5,71.6,71.81,843928.0,61471780.0
2011-09-23,71.49,74.18,70.0,72.1,1491865.0,107736864.0
2011-09-26,71.97,72.68,68.11,68.63,1726513.0,120580344.0
2011-09-27,69.89,70.77,67.3,69.0,1012192.0,70037048.0
2011-09-28,69.87,69.87,66.58,66.58,480108.0,32757142.0
2011-09-29,66.0,66.6,63.28,64.5,1652015.0,106805808.0
2011-09-30,64.52,65.4,63.59,63.91,342590.0,22025352.0
2011-10-10,64.87,65.42,62.55,63.0,835091.0,53576016.0
2011-10-11,64.11,64.82,59.01,60.01,1608812.0,99816480.0
2011-10-12,59.2,63.45,59.2,62.5,1340244.0,82320784.0
2011-10-13,62.1,65.25,62.1,64.0,1097731.0,70328280.0
2011-10-14,63.36,63.99,61.4,62.48,1223405.0,76226792.0
2011-10-17,62.5,64.95,62.15,64.85,1114452.0,71273072.0
2011-10-18,64.1,65.15,63.2,63.69,1220592.0,78024120.0
2011-10-19,64.0,64.18,61.21,61.35,678448.0,42490752.0
2011-10-20,61.0,61.65,57.28,58.7,961161.0,56406292.0
2011-10-21,58.6,59.12,57.3,58.29,587854.0,34232956.0
2011-10-24,56.3,59.97,55.87,59.94,1062766.0,61423656.0
2011-10-25,59.33,63.1,58.88,62.65,1138384.0,69957800.0
2011-10-26,62.35,63.5,61.02,62.7,861293.0,53895896.0
2011-10-27,62.66,63.38,61.33,61.51,595154.0,37132752.0
2011-10-28,62.5,64.48,61.52,64.09,691245.0,43695188.0
2011-10-31,64.6,65.36,63.1,65.28,729179.0,47245056.0
2011-11-01,64.21,65.88,63.88,64.87,672044.0,43628404.0
2011-11-02,63.6,68.0,63.11,67.7,623312.0,41073336.0
2011-11-03,67.33,70.0,66.28,67.17,1015809.0,69419560.0
2011-11-04,67.1,67.99,66.51,67.65,379472.0,25478146.0
2011-11-07,67.57,67.88,66.18,66.61,168158.0,11256742.0
2011-11-08,66.06,67.67,64.0,64.02,1043714.0,68327376.0
2011-11-09,64.46,64.96,63.2,64.2,966088.0,61589100.0
2011-11-10,63.6,66.7,63.5,66.1,915636.0,59648688.0
2011-11-11,65.3,66.43,65.0,65.1,807539.0,53165180.0
2011-11-14,66.0,68.88,66.0,67.6,910700.0,61688996.0
2011-11-15,67.31,69.79,67.31,69.25,738885.0,50955864.0
2011-11-16,69.27,69.89,67.3,67.84,518792.0,35498120.0
2011-11-17,67.5,71.1,67.5,69.7,1268549.0,88025440.0
2011-11-18,69.03,70.5,66.91,67.12,870671.0,59699948.0
2011-11-21,67.0,67.7,63.62,64.5,1197548.0,78047248.0
2011-11-22,64.0,66.24,63.98,66.0,1326985.0,86507248.0
2011-11-23,66.3,67.49,65.52,66.95,742295.0,49548156.0
2011-11-24,66.89,69.6,65.6,68.2,802381.0,54197500.0
2011-11-25,67.99,69.41,67.21,67.72,646269.0,44337976.0
2011-11-28,67.7,68.9,67.5,68.28,528903.0,36015836.0
2011-11-29,68.88,68.99,66.16,67.5,913382.0,61539740.0
2011-11-30,67.0,67.9,64.07,64.41,939139.0,61550504.0
2011-12-01,66.6,67.5,65.5,66.2,985602.0,65483724.0
2011-12-02,66.2,66.49,62.2,63.68,836050.0,53528436.0
2011-12-05,63.01,63.08,59.5,59.5,1195788.0,73142016.0
2011-12-06,59.5,61.19,59.02,60.8,797613.0,48309140.0
2011-12-07,60.79,62.19,60.31,61.52,539826.0,33146650.0
2011-12-08,61.38,63.86,60.63,62.8,557272.0,34806080.0
2011-12-09,62.31,63.29,61.63,62.5,422578.0,26376890.0
2011-12-12,62.05,62.95,61.51,62.5,400002.0,24948286.0
2011-12-13,62.0,62.0,59.6,60.0,1164706.0,70190360.0
2011-12-14,60.0,60.3,58.62,59.0,740094.0,44045792.0
2011-12-15,59.0,60.5,57.85,60.0,789665.0,46692656.0
2011-12-16,59.8,62.1,59.52,62.0,433289.0,26335112.0
2011-12-19,61.8,63.3,60.6,62.7,578687.0,36094024.0
2011-12-20,61.98,64.08,61.91,62.41,390596.0,24699442.0
2011-12-21,63.2,63.47,61.08,61.08,411821.0,25740674.0
2011-12-22,60.7,60.7,58.21,60.0,702436.0,41570088.0
2011-12-23,59.69,61.52,59.69,60.7,407799.0,24719790.0
2011-12-26,60.02,61.15,58.5,58.5,314621.0,18803868.0
2011-12-27,58.5,61.3,56.0,57.05,1095884.0,64693032.0
2011-12-28,56.8,57.99,53.98,56.58,462648.0,25829162.0
2011-12-29,56.09,59.4,55.2,59.3,708861.0,40920340.0
2011-12-30,59.31,60.8,59.0,60.0,588897.0,35440864.0
2012-01-04,60.01,60.5,54.0,54.0,1028640.0,58410488.0
2012-01-05,53.0,53.0,48.6,49.3,1817839.0,90756640.0
2012-01-06,49.3,50.0,47.0,49.16,623775.0,30289332.0
2012-01-09,49.5,51.0,48.12,50.81,730353.0,36391256.0
2012-01-10,50.7,53.14,50.18,52.99,836774.0,43443472.0
2012-01-11,52.96,53.58,51.73,52.2,958214.0,50518632.0
2012-01-12,52.2,52.68,48.43,48.43,1125620.0,56397040.0
2012-01-13,48.43,49.38,45.53,45.99,1446574.0,68103056.0
2012-01-16,44.61,46.15,44.11,44.69,813828.0,36696008.0
2012-01-17,45.18,47.4,44.15,47.09,646442.0,29800498.0
2012-01-18,46.82,47.68,44.56,44.91,760284.0,34950076.0
2012-01-19,44.94,46.36,44.6,46.11,481719.0,22006120.0
2012-01-20,46.88,48.2,46.21,47.91,548033.0,26148878.0
2012-01-30,48.1,49.28,47.91,48.5,541346.0,26335950.0
2012-01-31,48.32,48.6,46.76,47.85,320204.0,15199825.0
2012-02-01,47.09,50.08,47.09,48.6,604493.0,29689260.0
2012-02-02,48.57,49.5,48.3,49.5,377703.0,18425624.0
2012-02-03,49.38,50.94,49.0,50.47,594871.0,29869654.0
2012-02-06,50.38,51.65,49.55,51.38,814056.0,41137300.0
2012-02-07,51.12,51.12,49.69,49.79,372675.0,18657116.0
2012-02-08,49.66,50.5,49.32,50.47,461884.0,23113930.0
2012-02-09,50.49,51.4,50.01,50.55,536257.0,27179626.0
2012-02-10,50.5,52.15,50.11,51.5,869313.0,44594964.0
2012-02-13,50.8,53.85,50.5,53.63,1002520.0,53252408.0
2012-02-14,53.3,53.96,52.75,53.3,468581.0,24997450.0
2012-02-15,53.3,54.86,53.01,54.32,769547.0,41675472.0
2012-02-16,54.11,55.47,54.11,54.9,768010.0,42202112.0
2012-02-17,54.7,55.77,53.35,54.63,571410.0,31051992.0
2012-02-20,55.0,55.1,53.8,53.86,349088.0,19030212.0
2012-02-21,53.4,54.55,53.21,54.06,845661.0,45515536.0
2012-02-22,54.06,55.85,54.0,55.19,815423.0,44885480.0
2012-02-23,55.5,55.8,54.39,54.86,748653.0,41145956.0
2012-02-24,54.88,56.2,54.58,56.2,831241.0,45959976.0
2012-02-27,56.3,57.5,56.15,56.21,1310643.0,74487192.0
2012-02-28,56.0,56.0,53.8,54.45,1225935.0,67247720.0
2012-02-29,54.2,54.5,53.46,53.67,1255788.0,67508880.0
2012-03-01,53.51,54.94,53.51,54.53,733161.0,39767428.0
2012-03-02,54.5,57.29,54.5,57.15,1015983.0,57073704.0
2012-03-05,57.16,59.58,57.16,59.23,1140643.0,67187864.0
2012-03-06,59.15,59.65,58.3,59.1,1048969.0,61715884.0
2012-03-07,58.7,60.02,58.0,59.0,699419.0,41392504.0
2012-03-08,59.06,59.75,58.5,59.1,399225.0,23609112.0
2012-03-09,59.1,60.2,59.1,59.7,624630.0,37384212.0
2012-03-12,59.42,61.1,58.5,59.3,543541.0,32476454.0
2012-03-13,59.3,59.98,58.82,59.98,996071.0,59040396.0
2012-03-14,59.87,62.5,57.11,58.0,1182598.0,71260064.0
2012-03-15,58.02,59.18,57.2,58.07,625878.0,36337312.0
2012-03-16,58.5,59.55,57.7,58.75,572161.0,33450162.0
2012-03-19,58.97,60.88,58.3,60.42,481836.0,28867108.0
2012-03-20,60.42,61.39,59.16,59.6,625483.0,37456200.0
2012-03-21,60.4,60.4,56.4,58.91,928843.0,53994788.0
2012-03-22,58.58,59.62,57.81,59.04,653489.0,38312112.0
2012-03-23,58.89,58.9,56.86,57.77,846851.0,48812424.0
2012-03-26,57.07,57.99,56.15,57.49,607855.0,34580236.0
2012-03-27,57.57,59.0,57.49,58.1,800292.0,46568052.0
2012-03-28,58.5,59.18,56.21,56.9,673358.0,38884796.0
2012-03-29,56.1,58.38,54.8,55.0,712174.0,40185776.0
2012-03-30,54.3,55.88,54.3,55.8,428226.0,23603252.0
2012-04-05,58.0,58.07,56.0,58.01,830925.0,47268312.0
2012-04-06,57.99,57.99,56.51,57.47,502309.0,28802862.0
2012-04-09,57.49,57.5,56.5,57.3,271912.0,15518549.0
2012-04-10,57.32,57.32,54.56,56.59,660135.0,36704928.0
2012-04-11,56.03,56.33,55.01,55.84,280320.0,15648491.0
2012-04-12,55.97,57.44,55.89,57.28,287987.0,16337815.0
2012-04-13,57.45,58.7,57.4,58.18,451217.0,26233078.0
2012-04-16,57.6,59.6,57.55,59.4,488410.0,28682812.0
2012-04-17,59.48,59.98,58.28,58.9,391264.0,23150370.0
2012-04-18,58.72,60.6,58.72,60.43,619170.0,37024548.0
2012-04-19,60.03,60.97,59.8,60.17,329354.0,19891726.0
2012-04-20,59.52,60.65,59.51,60.2,242669.0,14588762.0
2012-04-23,59.02,59.97,56.52,57.21,845945.0,48681484.0
2012-04-24,57.21,59.23,56.1,59.19,568888.0,32780608.0
2012-04-25,59.2,59.69,58.74,59.0,361248.0,21364578.0
2012-04-26,59.2,59.2,57.3,57.81,247402.0,14416080.0
2012-04-27,57.51,58.58,57.21,58.27,175559.0,10129406.0
2012-05-02,58.81,59.26,58.11,58.47,368711.0,21606274.0
2012-05-03,58.59,59.84,58.2,59.77,336319.0,19777842.0
2012-05-04,59.81,60.93,59.69,60.69,505021.0,30483006.0
2012-05-07,60.4,65.0,60.03,63.98,993925.0,62759420.0
2012-05-08,63.97,67.0,63.0,63.15,1247577.0,81660984.0
2012-05-09,62.55,64.7,62.41,63.39,701521.0,44511580.0
2012-05-10,63.01,64.77,63.01,64.49,502032.0,32134574.0
2012-05-11,64.86,67.2,64.4,65.5,887609.0,58642864.0
2012-05-14,65.75,67.0,64.02,64.5,676623.0,44455976.0
2012-05-15,64.0,64.96,62.96,64.08,360093.0,22971444.0
2012-05-16,63.92,67.3,63.79,65.34,1115348.0,73485416.0
2012-05-17,65.47,65.49,63.66,64.98,565338.0,36237424.0
2012-05-18,64.5,64.5,60.8,62.5,1047330.0,65000368.0
2012-05-21,62.31,62.45,61.1,62.09,392862.0,24262908.0
2012-05-22,62.38,63.49,62.2,62.95,406885.0,25639946.0
2012-05-23,63.08,63.08,61.8,62.5,277897.0,17354546.0
2012-05-24,62.39,63.08,62.0,62.58,208430.0,13013700.0
2012-05-25,63.33,63.35,61.0,61.3,247726.0,15285231.0
2012-05-28,60.13,62.3,60.01,62.0,296088.0,18123284.0
2012-05-29,62.3,65.04,62.01,64.98,613983.0,39461772.0
2012-05-30,64.5,65.5,63.99,64.1,406637.0,26244034.0
2012-05-31,64.1,66.3,63.7,64.85,513485.0,33609272.0
2012-06-01,65.6,65.9,64.86,65.46,312144.0,20444538.0
2012-06-04,65.37,65.37,62.13,62.27,588531.0,37402280.0
2012-06-05,62.03,63.18,61.63,63.18,327925.0,20460762.0
2012-06-06,63.16,63.8,62.41,63.36,102676.0,6471925.0
2012-06-07,63.58,64.37,62.75,63.5,213655.0,13602170.0
2012-06-08,63.1,64.55,62.35,62.48,319105.0,20076630.0
2012-06-11,62.15,64.96,62.15,64.5,829368.0,53195876.0
2012-06-12,64.01,65.5,64.01,64.99,1096199.0,71062488.0
2012-06-13,65.88,66.28,63.29,65.36,863131.0,55777640.0
2012-06-14,64.9,65.8,64.51,64.8,364794.0,23702354.0
2012-06-15,65.18,65.18,63.91,64.45,272253.0,17558218.0
2012-06-18,65.0,66.26,63.9,64.09,904669.0,58924388.0
2012-06-19,63.14,63.14,59.95,62.94,1195690.0,36369500.0
2012-06-20,63.06,63.06,61.42,61.7,895485.0,27292954.0
2012-06-21,62.17,62.17,57.92,60.28,1031924.0,30136918.0
2012-06-25,59.24,60.16,57.86,58.81,394604.0,11410066.0
2012-06-26,57.92,58.73,56.9,58.73,374124.0,10641408.0
2012-06-27,58.63,59.89,58.12,59.12,353606.0,10310942.0
2012-06-28,59.91,59.91,56.9,57.47,439295.0,12661307.0
2012-06-29,57.51,58.47,55.44,57.92,584813.0,16500093.0
2012-07-02,57.92,60.95,57.92,60.26,1350520.0,39909992.0
2012-07-03,60.26,62.01,59.77,60.36,869212.0,26174996.0
2012-07-04,60.56,61.72,60.07,60.56,463054.0,13894494.0
2012-07-05,59.34,60.62,59.12,60.3,482230.0,14325355.0
2012-07-06,60.38,61.54,59.18,61.33,1466807.0,43880128.0
2012-07-09,60.99,62.68,60.99,61.33,871865.0,26632806.0
2012-07-10,61.33,61.86,60.46,60.6,423917.0,12713480.0
2012-07-11,60.05,61.17,60.05,60.99,596852.0,17817998.0
2012-07-12,60.36,60.36,58.43,60.16,1547368.0,45124148.0
2012-07-13,59.0,59.75,56.95,57.88,1711711.0,48656912.0
2012-07-16,56.92,57.86,54.67,56.86,1031974.0,28426074.0
2012-07-17,56.11,58.53,55.14,58.02,559682.0,15723809.0
2012-07-18,57.21,58.33,56.09,58.31,576562.0,16299389.0
2012-07-19,58.24,58.69,57.13,58.08,436201.0,12488049.0
2012-07-20,57.53,57.74,56.66,56.9,356160.0,10038274.0
2012-07-23,56.7,56.7,55.6,56.5,393819.0,10904652.0
2012-07-24,56.01,57.49,56.01,56.88,174590.0,4886685.0
2012-07-25,56.88,57.82,56.11,57.07,238699.0,6733444.0
2012-07-26,57.07,57.41,55.89,56.07,1802076.0,49926416.0
2012-07-27,56.09,56.9,52.84,54.04,872694.0,23523020.0
2012-07-30,53.86,55.44,52.86,54.67,279408.0,7495608.0
2012-07-31,54.2,55.85,53.86,54.16,395618.0,10615220.0
2012-08-01,53.86,55.99,53.61,54.57,514600.0,13905697.0
2012-08-02,55.83,55.83,54.16,54.57,156152.0,4185301.0
2012-08-03,54.2,55.38,53.86,54.81,430342.0,11505435.0
2012-08-06,54.87,56.66,54.16,56.48,539488.0,14825454.0
2012-08-07,56.11,57.72,55.89,56.4,534854.0,14909833.0
2012-08-08,56.4,56.86,55.28,56.7,602702.0,16624387.0
2012-08-09,56.9,59.65,56.31,58.73,993193.0,28256382.0
2012-08-10,58.67,60.12,58.06,60.12,1281396.0,37557028.0
2012-08-13,59.06,60.73,58.12,58.94,727543.0,21266922.0
2012-08-14,58.73,59.93,57.11,59.61,519493.0,15036995.0
2012-08-15,59.91,59.91,58.19,59.14,384393.0,11099710.0
2012-08-16,58.41,59.04,57.7,58.61,356838.0,10224849.0
2012-08-17,54.83,55.48,52.76,52.76,4072844.0,106370272.0
2012-08-20,52.76,52.76,50.52,50.81,3358394.0,84471880.0
2012-08-21,51.07,53.16,50.91,53.08,1764359.0,45219776.0
2012-08-22,52.84,53.51,52.43,52.8,1831241.0,47750868.0
2012-08-23,52.74,53.16,52.33,52.94,1330652.0,34565424.0
2012-08-24,52.96,53.55,51.84,52.29,718853.0,18660766.0
2012-08-27,51.82,52.23,50.4,51.17,1397226.0,35001352.0
2012-08-28,50.81,51.66,50.1,50.99,765074.0,19161430.0
2012-08-29,50.42,50.73,48.37,49.16,1429515.0,34732268.0
2012-08-30,48.96,50.3,48.65,49.45,709603.0,17313294.0
2012-08-31,48.8,50.18,48.8,49.55,292589.0,7142306.0
2012-09-03,49.22,51.17,49.2,51.13,849301.0,21129684.0
2012-09-04,51.21,51.48,50.65,50.95,654047.0,16439143.0
2012-09-05,50.83,51.3,49.02,49.51,1439338.0,35309396.0
2012-09-06,49.75,50.81,49.38,50.77,613408.0,15213524.0
2012-09-07,51.31,53.86,51.26,52.84,2214040.0,57324608.0
2012-09-10,53.04,53.86,52.64,53.02,2675183.0,70273216.0
2012-09-11,53.1,54.75,51.6,52.27,2816187.0,73768480.0
2012-09-12,51.95,53.35,51.95,52.33,2296884.0,59444956.0
2012-09-13,52.37,52.64,50.89,51.62,1868646.0,47461032.0
2012-09-14,51.82,51.92,50.56,51.01,1402289.0,35128048.0
2012-09-17,50.95,51.01,48.53,49.1,2737191.0,66519560.0
2012-09-18,48.47,50.1,48.39,49.81,1126948.0,27566904.0
2012-09-19,48.8,51.82,48.8,50.81,1421144.0,35586224.0
2012-09-20,50.62,50.62,48.57,48.8,2118227.0,51130052.0
2012-09-21,48.94,49.3,48.41,48.8,405079.0,9761066.0
2012-09-24,48.8,49.36,48.1,48.98,636333.0,15308715.0
2012-09-25,48.86,49.02,47.6,47.96,734014.0,17440726.0
2012-09-26,47.66,48.71,47.66,48.12,707079.0,16738217.0
2012-09-27,48.12,49.69,48.12,48.84,677653.0,16286197.0
2012-09-28,48.76,50.1,48.37,49.79,993535.0,24296726.0
2012-10-08,49.79,51.19,49.79,50.28,760727.0,18903914.0
2012-10-09,50.2,54.18,50.2,53.0,2694961.0,69622776.0
2012-10-10,52.72,54.49,52.66,53.16,4017375.0,106104776.0
2012-10-11,52.94,53.61,51.91,52.84,2137079.0,55458484.0
2012-10-12,52.8,52.84,50.81,51.62,2974579.0,75420112.0
2012-10-15,52.11,56.09,51.09,54.57,1802421.0,47865940.0
2012-10-16,54.49,54.57,53.88,54.08,866518.0,23063698.0
2012-10-17,53.75,54.57,52.98,53.75,597294.0,15725897.0
2012-10-18,53.86,55.42,53.35,55.08,3259899.0,87680688.0
2012-10-19,54.81,55.08,54.18,54.32,814285.0,21854072.0
2012-10-22,54.42,54.77,53.86,54.53,387420.0,10369435.0
2012-10-23,54.69,55.58,53.67,54.16,604749.0,16303559.0
2012-10-24,54.06,54.42,52.9,52.9,580189.0,15351104.0
2012-10-25,53.35,53.75,51.42,52.39,926255.0,23870030.0
2012-10-26,52.82,52.82,50.83,51.62,590522.0,14965034.0
2012-10-29,51.82,52.76,51.23,52.03,422292.0,10687896.0
2012-10-30,52.03,52.27,51.58,51.66,145723.0,3719731.0
2012-10-31,51.52,51.82,50.56,50.91,241221.0,6062246.0
2012-11-01,51.01,52.21,50.87,51.97,370499.0,9407916.0
2012-11-02,51.42,52.41,51.42,52.29,425380.0,10912571.0
2012-11-05,52.33,55.05,52.33,54.18,1406330.0,37437792.0
2012-11-06,55.24,56.82,55.08,55.58,3272233.0,90101120.0
2012-11-07,55.58,55.69,54.69,55.03,529660.0,14376965.0
2012-11-08,56.31,57.92,54.73,55.08,1377040.0,37664992.0
2012-11-09,54.16,55.2,53.96,54.71,832923.0,22402574.0
2012-11-12,54.71,57.19,53.96,56.42,733899.0,20165098.0
2012-11-13,56.9,57.41,55.14,56.09,1321409.0,36847596.0
2012-11-14,55.38,55.79,54.57,55.08,601650.0,16257885.0
2012-11-15,54.89,55.28,54.16,54.16,453641.0,12218898.0
2012-11-16,54.63,54.63,53.06,54.04,276374.0,7316381.0
2012-11-19,54.02,56.84,53.96,56.23,779309.0,21396226.0
2012-11-20,55.3,58.16,55.3,57.49,1397077.0,39487628.0
2012-11-21,57.88,58.53,56.97,57.76,1180636.0,33619128.0
2012-11-22,57.78,58.51,57.33,58.43,1278623.0,36620336.0
2012-11-23,58.45,58.69,57.62,58.69,672744.0,19218134.0
2012-11-26,58.69,58.69,56.09,57.84,727099.0,20594774.0
2012-11-27,57.07,57.47,55.32,56.7,1222464.0,33643472.0
2012-11-28,56.7,56.7,54.67,55.99,513148.0,13975010.0
2012-11-29,54.87,56.19,54.87,55.69,275796.0,7549054.0
2012-11-30,55.18,58.12,55.18,57.62,623129.0,17465800.0
2012-12-03,57.11,58.45,56.09,57.64,618683.0,17495454.0
2012-12-04,57.23,58.12,56.82,57.64,435927.0,12368361.0
2012-12-05,57.23,59.73,56.97,59.06,788827.0,22717434.0
2012-12-06,58.85,59.18,58.08,58.49,348229.0,10025410.0
2012-12-07,59.1,60.87,57.98,59.55,747404.0,22077396.0
2012-12-10,60.77,60.77,59.36,60.22,1178686.0,34830692.0
2012-12-11,59.45,60.32,59.14,59.75,614451.0,18044100.0
2012-12-12,59.51,60.16,58.51,60.09,850381.0,24808180.0
2012-12-13,59.18,60.08,59.06,59.06,425686.0,12456504.0
2012-12-14,59.26,61.27,58.92,61.17,2336603.0,69409648.0
2012-12-17,60.97,62.15,60.56,61.01,894262.0,27002438.0
2012-12-18,60.56,61.94,59.14,60.14,1014970.0,30129126.0
2012-12-19,59.77,59.77,58.53,58.94,753383.0,21850106.0
2012-12-20,58.37,59.73,58.04,58.53,667307.0,19265570.0
2012-12-21,58.53,59.51,57.92,58.59,1502065.0,43420012.0
2012-12-24,58.45,61.17,57.92,59.55,4579462.0,133586056.0
2012-12-25,59.67,63.57,59.55,61.98,3119316.0,94779416.0
2012-12-26,61.19,66.66,61.19,66.64,3701892.0,117573752.0
2012-12-27,66.46,68.65,65.24,66.66,1996048.0,65220888.0
2012-12-28,66.05,68.08,65.66,66.64,1304858.0,42803456.0
2012-12-31,66.42,70.11,66.17,70.11,3003429.0,101396048.0
2013-01-04,70.22,70.85,68.28,70.11,2698199.0,92178144.0
2013-01-07,70.03,72.29,69.1,71.9,2186439.0,76341032.0
2013-01-08,75.19,75.19,70.13,73.31,5636883.0,202547120.0
2013-01-09,72.21,74.79,72.15,73.47,2131133.0,76973216.0
2013-01-10,73.47,74.08,72.49,73.89,1690973.0,60721380.0
2013-01-11,72.61,74.95,72.35,72.86,1769754.0,64066232.0
2013-01-14,72.61,76.41,72.61,74.22,2182166.0,79433104.0
2013-01-15,74.38,76.98,73.63,76.17,2979636.0,110624088.0
2013-01-16,75.64,76.39,75.19,75.7,1107859.0,41367112.0
2013-01-17,75.7,77.17,74.61,76.52,1760560.0,66063188.0
2013-01-18,76.58,77.78,74.54,75.72,2043999.0,76346504.0
2013-01-21,76.54,76.54,73.43,75.19,1522802.0,56101936.0
2013-01-22,75.19,77.35,75.15,77.33,2040196.0,76631504.0
2013-01-23,76.82,78.16,76.01,77.23,791567.0,30028910.0
2013-01-24,77.23,78.24,73.97,74.26,2117626.0,79425784.0
2013-01-25,74.2,75.13,73.18,73.87,1063793.0,38776816.0
2013-01-28,73.57,74.97,72.55,74.79,802860.0,29259308.0
2013-01-29,74.48,76.37,73.97,75.32,917530.0,34004428.0
2013-01-30,75.3,78.22,75.22,77.02,1717290.0,65152616.0
2013-01-31,76.54,78.14,74.99,76.31,1586043.0,59404076.0
2013-02-01,75.19,76.58,73.97,75.4,2061199.0,76488808.0
2013-02-04,75.4,76.62,75.01,75.36,797061.0,29644734.0
2013-02-05,75.36,78.45,75.19,77.25,2190865.0,83277032.0
2013-02-06,77.29,78.04,76.6,77.84,976518.0,37224356.0
2013-02-07,78.24,78.36,77.02,77.82,2141150.0,81457208.0
2013-02-08,78.28,83.08,78.24,82.25,3347143.0,133378616.0
2013-02-18,81.29,84.91,81.29,83.32,1191772.0,48766896.0
2013-02-19,83.32,85.36,78.49,79.26,2987568.0,118172184.0
2013-02-20,79.77,81.39,78.63,81.07,996413.0,39359124.0
2013-02-21,81.05,81.05,77.45,78.16,1010601.0,39153560.0
2013-02-22,78.45,79.12,77.37,78.75,856419.0,32966592.0
2013-02-25,78.02,79.36,78.02,79.02,1001662.0,38675952.0
2013-02-26,78.55,80.8,78.24,78.97,514269.0,20118508.0
2013-02-27,79.0,80.56,78.49,79.87,933827.0,36660788.0
2013-02-28,79.87,82.84,79.5,81.29,692603.0,27729114.0
2013-03-01,81.29,81.9,79.1,80.38,1858778.0,73458744.0
2013-03-04,79.26,81.27,76.82,78.12,1716154.0,66798896.0
2013-03-05,78.04,82.31,77.45,82.04,1931486.0,75656400.0
2013-03-06,81.72,82.27,80.95,81.58,1155714.0,46355280.0
2013-03-07,81.19,82.45,77.63,77.84,1529010.0,59643160.0
2013-03-08,77.86,79.3,76.23,76.96,862281.0,32835586.0
2013-03-11,76.25,77.23,75.03,76.25,1255366.0,46714404.0
2013-03-12,76.31,77.23,72.76,75.19,1272962.0,46774984.0
2013-03-13,74.67,77.17,73.22,75.19,1101605.0,40939808.0
2013-03-14,75.26,76.9,74.28,75.19,709457.0,26265082.0
2013-03-15,75.11,78.75,75.11,76.82,1819415.0,69442672.0
2013-03-18,77.23,81.09,77.23,79.26,1549867.0,60644220.0
2013-03-19,79.16,79.95,78.06,79.26,954491.0,36970612.0
2013-03-20,79.26,81.54,79.26,81.23,1849089.0,73772472.0
2013-03-21,81.7,82.61,80.86,81.31,1506741.0,60673832.0
2013-03-22,81.31,82.0,80.54,81.88,724629.0,29059158.0
2013-03-25,82.08,82.51,81.29,81.66,674882.0,27230080.0
2013-03-26,80.32,82.11,80.32,81.86,599871.0,23986556.0
2013-03-27,81.9,83.63,80.7,83.32,1896700.0,76481200.0
2013-03-28,82.19,83.12,81.29,81.37,824378.0,33153356.0
2013-03-29,81.37,82.33,79.67,82.29,1022924.0,40917232.0
2013-04-01,82.51,86.17,81.74,85.17,1688630.0,70262736.0
2013-04-02,85.62,86.53,82.31,83.12,1961247.0,80737160.0
2013-04-03,83.32,85.36,81.9,83.73,1235944.0,50733644.0
2013-04-08,83.32,85.95,81.7,85.86,1281510.0,53465916.0
2013-04-09,86.07,87.69,85.4,86.68,1043008.0,44734356.0
2013-04-10,86.6,88.57,84.34,85.89,1149129.0,48800836.0
2013-04-11,86.53,87.88,85.56,87.69,1650558.0,70788336.0
2013-04-12,87.12,87.71,85.76,86.58,530112.0,22605812.0
2013-04-15,86.76,88.26,80.89,81.41,2133098.0,87168640.0
2013-04-16,80.58,81.41,79.77,81.41,2030780.0,80235472.0
2013-04-17,81.92,84.24,80.58,84.14,1011789.0,41086664.0
2013-04-18,82.92,85.76,82.92,84.22,583739.0,24258380.0
2013-04-19,85.05,87.06,83.77,85.93,921869.0,39040292.0
2013-04-22,85.95,87.59,85.15,87.39,1181523.0,50452148.0
2013-04-23,87.49,88.83,86.47,88.0,1585088.0,68644856.0
2013-04-24,88.0,88.59,86.78,88.41,2606504.0,112564920.0
2013-04-25,88.41,92.12,87.19,89.89,2082278.0,92347328.0
2013-04-26,89.38,91.39,87.61,88.0,1567521.0,68712040.0
2013-05-02,87.02,90.23,86.58,90.03,919487.0,40367404.0
2013-05-03,91.43,93.02,90.05,92.27,1476058.0,66806164.0
2013-05-06,92.49,92.8,91.07,92.43,975756.0,44105112.0
2013-05-07,92.45,93.28,91.07,91.96,888322.0,40198504.0
2013-05-08,91.45,92.29,90.44,91.29,827638.0,37162088.0
2013-05-09,91.68,92.61,91.05,92.23,1061248.0,47931780.0
2013-05-10,91.15,92.59,90.8,92.49,790749.0,35750132.0
2013-05-13,92.47,92.47,88.42,90.64,1143398.0,50800736.0
2013-05-14,90.19,90.99,89.03,90.48,534027.0,23620348.0
2013-05-15,90.84,93.18,90.23,91.98,845952.0,38340608.0
2013-05-16,92.67,97.55,92.67,95.52,1676673.0,78966048.0
2013-05-17,95.72,97.55,95.15,95.94,847497.0,40173860.0
2013-05-20,95.94,97.2,94.99,96.51,747514.0,35284472.0
2013-05-21,96.49,99.95,96.11,99.44,1160260.0,55940440.0
2013-05-22,99.18,99.99,95.31,96.49,1613356.0,77191616.0
2013-05-23,95.6,97.51,93.49,96.49,834025.0,39581184.0
2013-05-24,96.86,98.57,95.88,98.57,1194693.0,56999336.0
2013-05-27,99.83,103.65,98.59,103.4,1818272.0,90548176.0
2013-05-28,103.48,105.03,99.3,102.63,1360446.0,68193680.0
2013-05-29,104.07,110.54,102.88,108.93,2555553.0,134546080.0
2013-05-30,107.71,117.45,107.71,113.2,1904822.0,105042736.0
2013-05-31,113.0,117.81,111.78,114.42,1353756.0,76870352.0
2013-06-03,114.62,117.47,110.05,111.06,3175955.0,175484624.0
2013-06-04,110.33,112.69,106.49,109.52,1575727.0,84600704.0
2013-06-05,108.14,114.19,108.14,113.24,1253195.0,69378656.0
2013-06-06,113.24,114.83,109.85,111.98,975741.0,53881560.0
2013-06-07,112.6,116.57,110.17,111.49,2000661.0,72820288.0
2013-06-13,110.45,110.75,102.54,107.06,2629608.0,90901920.0
2013-06-14,107.06,110.2,105.28,109.83,2047833.0,72576272.0
2013-06-17,109.83,110.75,102.57,107.06,2076786.0,72825480.0
2013-06-18,107.65,107.65,100.6,101.92,4219134.0,140390128.0
2013-06-19,102.11,102.85,100.45,101.86,2428512.0,80055520.0
2013-06-20,101.59,102.29,98.32,99.06,1833556.0,59805424.0
2013-06-21,96.85,99.19,95.46,98.36,1750125.0,55338716.0
2013-06-24,98.75,99.0,88.51,94.42,3368780.0,101587672.0
2013-06-25,94.14,97.74,84.97,96.57,3907424.0,114963104.0
2013-06-26,95.83,100.14,95.4,99.68,2860120.0,91455944.0
2013-06-27,100.45,104.2,98.75,102.14,5078319.0,169248576.0
2013-06-28,102.14,102.48,98.45,101.99,1669518.0,54909020.0
2013-07-01,102.14,107.06,101.52,104.54,2051889.0,69864008.0
2013-07-02,104.6,108.57,104.6,107.8,1742472.0,60886000.0
2013-07-03,107.89,110.57,105.52,110.2,1876669.0,65819156.0
2013-07-04,110.2,111.83,108.66,109.55,1072900.0,38304952.0
2013-07-05,108.63,110.75,104.6,107.37,1084714.0,38199264.0
2013-07-08,105.19,106.2,102.32,104.63,1450360.0,49040020.0
2013-07-09,101.83,110.08,101.83,108.97,3597192.0,123761664.0
2013-07-10,108.97,115.37,108.91,114.38,3209206.0,116656928.0
2013-07-11,114.75,114.75,111.61,113.83,1553243.0,57231516.0
2013-07-12,112.78,116.84,112.78,116.14,1671541.0,62986224.0
2013-07-15,115.92,117.37,115.8,116.91,1765725.0,66811148.0
2013-07-16,117.21,119.89,113.4,113.77,1500296.0,56301184.0
2013-07-17,113.83,114.17,109.25,111.98,1692763.0,61472252.0
2013-07-18,111.03,113.8,109.4,113.18,1602532.0,58118468.0
2013-07-19,113.18,115.92,110.75,111.68,1646722.0,60339040.0
2013-07-22,111.68,115.37,110.38,111.68,1068197.0,38757616.0
2013-07-23,110.35,117.52,110.35,117.09,2292216.0,86019848.0
2013-07-24,117.09,119.46,116.78,118.81,1747453.0,67142344.0
2013-07-25,118.75,119.34,114.75,115.12,1516715.0,57346092.0
2013-07-26,114.44,126.63,114.44,122.57,3147653.0,124675272.0
2013-07-29,121.52,121.52,117.77,119.28,1886203.0,73531960.0
2013-07-30,118.57,120.97,116.14,119.34,732997.0,28307464.0
2013-07-31,119.67,122.69,118.47,119.0,856700.0,33569420.0
2013-08-01,119.15,124.26,119.15,121.86,1598440.0,63284000.0
2013-08-02,121.86,123.98,120.6,122.32,1035111.0,41009428.0
2013-08-05,123.49,123.52,120.91,123.03,877243.0,34875836.0
2013-08-06,123.06,125.77,121.98,124.26,1398784.0,56556372.0
2013-08-07,124.29,125.83,122.01,123.0,887834.0,35425044.0
2013-08-08,122.44,123.67,121.15,121.24,1002334.0,39836664.0
2013-08-09,121.28,124.72,118.6,120.6,1472484.0,57642540.0
2013-08-12,120.75,122.72,116.54,118.23,1741005.0,67060192.0
2013-08-13,118.44,118.69,115.61,116.29,2413685.0,91542240.0
2013-08-14,116.23,118.14,115.4,116.72,1293280.0,49105608.0
2013-08-15,116.91,117.95,113.83,115.64,1338534.0,49947188.0
2013-08-16,114.54,115.43,111.52,112.29,1852013.0,67962968.0
2013-08-19,112.29,118.38,112.05,118.35,1547498.0,57703292.0
2013-08-20,118.35,118.44,115.06,118.23,1342155.0,51030336.0
2013-08-21,118.08,118.08,111.77,116.23,3978760.0,147225616.0
2013-08-22,115.21,117.37,113.92,117.37,1216348.0,45750212.0
2013-08-23,117.83,118.44,113.92,114.51,1450766.0,54583080.0
2013-08-26,113.09,115.68,111.37,112.6,2960205.0,108293920.0
2013-08-27,111.86,114.63,110.75,114.32,1698219.0,61953340.0
2013-08-28,112.91,114.44,112.29,112.88,640976.0,23667824.0
2013-08-29,112.84,114.66,111.83,113.61,630188.0,23176306.0
2013-08-30,114.14,115.03,112.6,113.61,817506.0,30300080.0
2013-09-02,112.66,116.29,112.6,115.52,573521.0,21406576.0
2013-09-03,115.52,118.23,115.52,116.69,918538.0,35085444.0
2013-09-04,116.51,117.49,115.68,116.51,573197.0,21696774.0
2013-09-05,117.83,117.83,114.75,115.52,521100.0,19662618.0
2013-09-06,116.29,116.88,113.46,115.68,883566.0,32948314.0
2013-09-09,115.77,116.84,113.52,113.52,1273955.0,47436428.0
2013-09-10,115.06,115.98,113.4,113.52,1383402.0,51588620.0
2013-09-11,113.71,113.71,107.98,108.6,2871075.0,102253352.0
2013-09-12,109.22,110.42,105.52,106.54,1986222.0,69495280.0
2013-09-13,107.31,109.22,104.29,107.68,1760492.0,61140156.0
2013-09-16,107.37,111.98,107.37,111.18,1796183.0,64640956.0
2013-09-17,111.98,112.38,109.86,111.37,585028.0,21024498.0
2013-09-18,110.94,111.98,110.14,110.45,632319.0,22749638.0
2013-09-23,110.48,112.02,110.32,111.22,1313385.0,47508852.0
2013-09-24,111.22,112.2,107.68,111.31,1842077.0,65741248.0
2013-09-25,111.37,111.98,110.14,111.03,1829522.0,66028328.0
2013-09-26,110.97,111.61,107.98,109.46,1349525.0,48115056.0
2013-09-27,109.34,109.89,107.12,109.37,1433107.0,50426420.0
2013-09-30,109.46,110.72,106.85,109.37,1405661.0,49442060.0
2013-10-08,109.22,116.29,108.14,113.83,2754011.0,101017672.0
2013-10-09,113.83,119.98,113.83,119.46,3151470.0,121132072.0
2013-10-10,119.67,120.84,117.06,118.38,1902068.0,73812392.0
2013-10-11,118.38,120.14,115.68,116.17,1931412.0,73647544.0
2013-10-14,116.35,121.37,116.35,121.25,3017049.0,117623352.0
2013-10-15,122.41,122.41,118.94,119.31,2666647.0,104367976.0
2013-10-16,118.78,120.26,115.83,117.77,1638411.0,62567816.0
2013-10-17,118.66,119.98,117.06,117.55,1518387.0,58665052.0
2013-10-18,117.55,118.69,115.37,116.29,1766758.0,66868092.0
2013-10-21,116.84,118.97,115.37,118.75,2126490.0,81040672.0
2013-10-22,119.89,119.89,113.55,115.31,2030529.0,76610024.0
2013-10-23,111.09,115.21,103.8,110.29,5491407.0,193656496.0
2013-10-24,110.26,110.26,106.82,107.15,2003923.0,70323440.0
2013-10-25,107.06,108.45,105.52,106.35,1410370.0,48900076.0
2013-10-28,104.82,109.18,104.82,107.98,920759.0,32350844.0
2013-10-29,107.98,110.38,103.98,110.35,2088914.0,73026656.0
2013-10-30,110.02,112.23,108.32,110.32,635126.0,22748494.0
2013-10-31,109.25,110.08,105.52,105.52,1374901.0,47761408.0
2013-11-01,105.52,105.98,100.91,104.11,2652123.0,88126208.0
2013-11-04,104.29,105.68,103.28,104.05,818943.0,27865542.0
2013-11-05,102.45,105.55,101.92,104.94,1120683.0,38101540.0
2013-11-06,105.52,111.64,104.66,108.29,2335407.0,82438928.0
2013-11-07,108.45,109.4,107.37,108.48,965229.0,33916024.0
2013-11-08,107.37,110.29,106.91,108.14,788971.0,27813940.0
2013-11-11,108.45,109.77,107.68,109.77,751172.0,26531504.0
2013-11-12,110.6,111.83,109.55,109.77,1014695.0,36447124.0
2013-11-13,109.77,110.14,108.63,108.63,405210.0,14414073.0
2013-11-14,109.46,111.31,106.48,110.75,716612.0,25644192.0
2013-11-15,111.58,112.91,110.54,112.08,1148729.0,41699312.0
2013-11-18,112.26,117.8,112.23,117.09,4798077.0,180776352.0
2013-11-19,116.84,118.2,115.67,115.98,1656692.0,62954548.0
2013-11-20,116.01,116.35,114.63,115.37,1741883.0,65360476.0
2013-11-21,115.37,115.37,111.37,111.4,2404349.0,88126328.0
2013-11-22,110.78,112.23,107.06,107.37,4438271.0,157489536.0
2013-11-25,107.0,109.71,106.14,108.91,1515777.0,53432160.0
2013-11-26,108.91,110.11,108.6,109.25,897026.0,31891564.0
2013-11-27,109.22,112.17,108.2,111.43,1862922.0,67269952.0
2013-11-28,111.89,111.89,110.08,111.52,2258592.0,81513896.0
2013-11-29,111.95,113.18,110.35,113.18,2541413.0,91903688.0
2013-12-02,110.02,110.11,101.89,107.71,2641122.0,92599480.0
2013-12-03,107.65,112.78,106.78,111.68,1852739.0,66512292.0
2013-12-04,113.71,113.8,110.14,112.54,1953208.0,70965440.0
2013-12-05,113.43,113.43,109.52,110.72,1045105.0,37568104.0
2013-12-06,111.21,111.21,109.64,110.48,710401.0,25530470.0
2013-12-09,110.48,112.26,109.92,111.71,1673030.0,60552196.0
2013-12-10,111.71,113.74,110.78,113.18,2208112.0,81099704.0
2013-12-11,113.46,113.77,111.25,112.54,1261316.0,45985304.0
2013-12-12,112.54,113.52,111.61,112.63,1112058.0,40803128.0
2013-12-13,112.48,113.06,110.91,111.74,650156.0,23639532.0
2013-12-16,112.75,113.68,111.68,113.46,1407260.0,51642028.0
2013-12-17,113.52,121.21,112.94,118.97,5517417.0,211812448.0
2013-12-18,118.78,122.44,117.83,121.18,4345437.0,171205584.0
2013-12-19,121.21,121.67,119.67,120.14,1765230.0,69179880.0
2013-12-20,118.44,121.09,118.08,119.89,1435059.0,55558212.0
2013-12-23,120.54,120.66,116.6,116.91,1233550.0,47355504.0
2013-12-24,116.97,118.38,113.25,115.4,1762731.0,66030128.0
2013-12-25,115.4,121.15,114.14,121.12,1681153.0,64864896.0
2013-12-26,120.32,123.06,118.78,121.34,1482464.0,58365408.0
2013-12-27,122.57,122.69,119.37,120.29,1208398.0,47165900.0
2013-12-30,122.35,123.37,120.2,120.29,1534806.0,60671228.0
2013-12-31,120.35,121.18,118.14,118.47,1228843.0,47623220.0
2014-01-02,118.47,122.69,118.47,122.29,2150128.0,84281232.0
2014-01-03,122.14,125.21,121.55,124.14,1682552.0,67667944.0
2014-01-06,124.14,124.6,122.07,123.52,1216964.0,48748512.0
2014-01-07,123.95,126.14,122.32,125.7,1563941.0,63319632.0
2014-01-08,126.1,132.41,126.1,131.49,3524460.0,149598320.0
2014-01-09,131.67,132.16,129.21,129.34,1477405.0,63028552.0
2014-01-10,129.21,129.21,125.24,125.58,1411752.0,58404628.0
2014-01-13,126.07,128.9,121.52,123.67,1800493.0,73191024.0
2014-01-14,123.58,126.07,123.09,125.8,2357753.0,95378928.0
2014-01-15,125.77,127.03,124.6,126.5,1225327.0,50115224.0
2014-01-16,126.97,128.23,124.75,125.27,1074975.0,44071040.0
2014-01-17,124.63,126.14,122.23,123.67,1396002.0,56326748.0
2014-01-20,123.67,124.57,118.75,120.01,1480588.0,58029212.0
2014-01-21,120.01,122.84,120.01,122.44,1028887.0,40701692.0
2014-01-22,122.14,124.75,121.86,124.6,1160893.0,46791936.0
2014-01-23,124.9,125.83,121.52,125.55,1074692.0,43645208.0
2014-01-24,125.55,128.29,124.6,126.14,1295947.0,52847012.0
2014-01-27,125.37,127.46,124.6,124.81,1448547.0,59235388.0
2014-01-28,125.15,127.21,123.67,124.81,1076301.0,43789448.0
2014-01-29,123.67,129.21,123.67,129.21,1937097.0,79349280.0
2014-01-30,129.18,129.21,126.78,128.47,910541.0,37865288.0
2014-02-07,128.23,133.98,126.6,133.64,1565378.0,66526864.0
2014-02-10,132.59,135.0,132.01,133.67,2159148.0,93827712.0
2014-02-11,133.06,136.29,131.18,131.18,2044892.0,88549768.0
2014-02-12,131.18,133.83,130.44,131.7,1630329.0,70112240.0
2014-02-13,131.37,132.84,128.07,130.13,2130747.0,89822824.0
2014-02-14,130.63,130.63,127.98,130.13,1373427.0,57571044.0
2014-02-17,131.37,132.87,129.55,131.3,2178527.0,93024952.0
2014-02-18,130.23,132.56,129.86,131.27,1517225.0,64534620.0
2014-02-19,130.63,133.83,130.13,132.5,1670657.0,71500376.0
2014-02-20,132.29,133.43,126.14,126.14,3153714.0,131832160.0
2014-02-21,126.14,127.67,125.09,126.23,1415244.0,58085688.0
2014-02-24,126.14,126.6,122.78,124.69,1462015.0,58888932.0
2014-02-25,124.29,125.21,118.91,121.77,2417874.0,96570248.0
2014-02-26,120.35,122.44,118.54,121.52,1943742.0,75765488.0
2014-02-27,122.2,124.38,117.06,119.31,1105075.0,43510520.0
2014-02-28,119.31,124.6,118.63,123.98,1482408.0,58942716.0
2014-03-03,124.6,126.07,121.61,123.43,1950327.0,78468560.0
2014-03-04,123.06,125.77,120.23,123.61,1525326.0,60690032.0
2014-03-05,123.37,124.47,121.61,123.52,1192616.0,47569788.0
2014-03-06,123.83,124.07,121.89,123.98,820860.0,32754074.0
2014-03-07,123.64,130.75,123.64,127.37,1678377.0,69756768.0
2014-03-10,126.5,128.2,123.06,125.21,1347518.0,54731024.0
2014-03-11,123.95,125.21,120.41,122.17,1619411.0,64572784.0
2014-03-12,120.69,123.67,120.47,121.27,962078.0,38201768.0
2014-03-13,121.27,123.67,121.21,123.67,643820.0,25690488.0
2014-03-14,122.69,124.44,122.01,122.44,499924.0,19995848.0
2014-03-17,122.04,126.1,121.37,123.4,1873411.0,74973792.0
2014-03-18,123.4,124.26,122.78,123.0,697134.0,27920154.0
2014-03-19,120.97,123.33,120.47,122.94,973088.0,38541600.0
2014-03-20,122.44,122.84,118.44,118.6,1055755.0,41337280.0
2014-03-21,118.84,118.84,111.68,116.54,4694643.0,173653440.0
2014-03-24,116.17,116.17,109.77,110.35,3078066.0,111978904.0
2014-03-25,110.29,111.71,108.05,110.26,1705317.0,61189696.0
2014-03-26,110.17,111.55,109.52,110.01,1270094.0,45486080.0
2014-03-27,109.98,111.37,107.4,107.61,1909827.0,68324976.0
2014-03-28,108.69,108.69,103.74,106.2,2253753.0,77337056.0
2014-03-31,106.11,107.06,103.98,104.32,832268.0,28380454.0
2014-04-01,104.32,108.42,104.23,107.18,593535.0,20697470.0
2014-04-02,107.68,108.75,102.54,104.6,904248.0,30937428.0
2014-04-03,104.14,106.14,102.63,105.83,769305.0,26186624.0
2014-04-04,105.31,106.38,104.94,106.11,473135.0,16273463.0
2014-04-08,106.14,109.52,105.09,108.48,908004.0,31734734.0
2014-04-09,110.08,112.29,108.84,110.01,1371871.0,49375040.0
2014-04-10,111.0,111.92,109.83,110.14,793585.0,28605156.0
2014-04-11,109.25,110.32,107.83,109.55,643981.0,22825144.0
2014-04-14,109.22,110.54,109.22,109.71,507500.0,18115806.0
2014-04-15,110.38,110.41,108.14,108.26,526092.0,18658216.0
2014-04-16,108.26,108.57,101.06,104.23,2169379.0,73253240.0
2014-04-17,104.14,104.45,101.15,102.66,1680761.0,55996072.0
2014-04-18,102.66,104.97,102.6,104.26,935281.0,31617416.0
2014-04-21,103.98,105.0,102.78,104.42,617796.0,20901434.0
2014-04-22,104.17,105.12,102.6,105.12,880691.0,29690746.0
2014-04-23,104.29,105.15,103.09,105.15,653156.0,22085340.0
2014-04-24,105.15,106.94,103.77,105.43,826769.0,28358342.0
2014-04-25,105.43,105.43,102.14,102.14,754769.0,25301292.0
2014-04-28,102.14,102.14,93.86,98.14,2701917.0,85151584.0
2014-04-29,97.52,98.45,94.82,98.45,1887869.0,59299508.0
2014-04-30,98.05,99.68,96.69,98.45,1277559.0,40870488.0
2014-05-05,98.45,98.45,95.74,97.37,726475.0,22928116.0
2014-05-06,97.37,100.6,97.22,99.19,1075009.0,34702884.0
2014-05-07,99.65,99.65,96.91,97.0,512127.0,16345096.0
2014-05-08,96.6,97.83,95.77,96.29,632436.0,19890702.0
2014-05-09,96.29,96.29,91.06,93.83,2241326.0,67371064.0
2014-05-12,94.72,97.09,92.42,96.88,945124.0,29183470.0
2014-05-13,96.82,97.77,95.4,95.68,845261.0,26409242.0
2014-05-14,96.85,96.91,94.66,95.86,458386.0,14317810.0
2014-05-15,95.86,97.71,95.06,96.02,777753.0,24428496.0
2014-05-16,95.37,95.68,92.11,93.65,847510.0,25622944.0
2014-05-19,93.22,95.25,91.68,95.25,473004.0,14365370.0
2014-05-20,95.74,97.83,94.94,97.06,976615.0,30520006.0
2014-05-21,96.75,97.37,95.52,96.88,590222.0,18478090.0
2014-05-22,96.85,97.56,95.83,96.85,1242786.0,39117192.0
2014-05-23,97.4,98.45,95.99,98.14,859819.0,27198246.0
2014-05-26,98.14,100.14,98.02,99.12,906390.0,29241778.0
2014-05-27,99.86,99.98,97.86,97.86,574597.0,18422360.0
2014-05-28,98.6,99.31,95.37,97.34,921790.0,29102362.0
2014-05-29,98.6,98.6,96.91,97.65,833990.0,26565530.0
2014-05-30,97.83,97.99,96.97,97.22,464805.0,14733018.0
2014-06-03,97.68,98.88,96.97,97.19,940487.0,29945480.0
2014-06-04,96.91,97.71,93.43,94.91,1260960.0,38806568.0
2014-06-05,94.14,95.59,94.05,95.06,690989.0,21323158.0
2014-06-06,94.48,96.17,94.17,95.31,1139292.0,35252660.0
2014-06-09,94.72,96.94,94.72,96.45,1759044.0,54957104.0
2014-06-10,97.37,100.57,96.05,99.92,2244282.0,71947720.0
2014-06-11,99.95,101.37,98.54,99.98,1322681.0,42987080.0
2014-06-12,99.77,100.26,98.79,99.58,650976.0,21090696.0
2014-06-13,99.98,100.51,98.6,99.68,1251692.0,40506068.0
2014-06-16,101.16,103.31,100.45,102.29,1982426.0,65952720.0
2014-06-17,102.29,102.97,100.45,101.43,934858.0,31005234.0
2014-06-18,101.65,102.42,100.23,100.23,916952.0,30049202.0
2014-06-19,100.57,102.08,97.22,99.65,1304505.0,42091428.0
2014-06-20,98.17,99.83,98.17,99.0,441667.0,14201526.0
2014-06-23,99.09,99.99,98.45,98.79,759861.0,24457634.0
2014-06-24,98.45,99.8,98.45,99.16,447247.0,14392667.0
2014-06-25,100.05,100.05,96.29,97.95,455161.0,14488855.0
2014-06-26,98.45,100.08,97.95,99.56,1327515.0,42859116.0
2014-06-27,99.92,99.92,97.95,98.32,1095199.0,35104172.0
2014-06-30,98.48,99.28,95.68,97.49,1084013.0,34397576.0
2014-07-01,97.28,98.39,95.65,96.39,1508594.0,47254028.0
2014-07-02,96.54,97.34,95.37,96.48,1190273.0,37170184.0
2014-07-03,96.48,96.48,95.53,96.2,1128262.0,35180920.0
2014-07-04,96.11,98.57,96.11,98.51,1759841.0,55737980.0
2014-07-07,99.52,108.02,98.82,105.43,4466126.0,149833216.0
2014-07-08,106.05,107.92,104.69,106.97,3760771.0,130551048.0
2014-07-09,107.55,107.55,104.02,104.63,1995984.0,68367016.0
2014-07-10,105.77,105.77,103.06,103.83,1141402.0,38734432.0
2014-07-11,103.86,105.71,102.94,105.37,889047.0,30305010.0
2014-07-14,106.69,107.31,104.2,107.31,1127072.0,38842696.0
2014-07-15,106.86,107.3,104.75,105.4,1527015.0,51976400.0
2014-07-16,105.53,106.3,103.97,104.03,976809.0,32966676.0
2014-07-17,104.62,105.06,102.57,104.59,550195.0,18408542.0
2014-07-18,103.97,105.06,103.19,103.53,625708.0,20963786.0
2014-07-21,104.28,104.38,101.36,102.48,1362174.0,45030664.0
2014-07-22,103.35,104.38,101.95,103.5,2859921.0,94775760.0
2014-07-23,103.66,104.13,101.02,102.07,1474009.0,48401408.0
2014-07-24,102.07,102.35,100.08,101.23,1333847.0,43301536.0
2014-07-25,101.61,104.38,100.61,103.78,1062203.0,35350752.0
2014-07-28,103.97,108.17,103.19,108.17,1651848.0,56501628.0
2014-07-29,108.04,109.41,106.95,107.76,1463277.0,50905800.0
2014-07-30,108.17,108.79,107.27,107.67,610363.0,21170718.0
2014-07-31,108.23,109.88,107.61,109.72,1845166.0,64761996.0
2014-08-01,109.41,109.41,107.55,107.73,884946.0,30896256.0
2014-08-04,107.76,108.17,106.98,107.83,1128021.0,39062192.0
2014-08-05,107.83,110.84,106.83,110.19,1884456.0,66229864.0
2014-08-06,110.19,115.32,109.97,114.69,2738769.0,100068304.0
2014-08-07,114.6,116.22,113.42,113.45,2640184.0,97261224.0
2014-08-08,113.45,116.4,112.36,115.07,2353914.0,86155888.0
2014-08-11,115.0,116.56,113.82,115.75,1162741.0,43281404.0
2014-08-12,115.75,117.09,115.22,115.35,660687.0,24635852.0
2014-08-13,115.32,115.59,113.08,114.66,1683256.0,61826880.0
2014-08-14,114.57,114.88,111.83,112.8,1647354.0,59897208.0
2014-08-15,112.67,112.67,109.35,111.24,3772876.0,134133376.0
2014-08-18,111.24,113.05,110.37,112.36,2159275.0,77795144.0
2014-08-19,113.48,116.5,111.96,115.66,2168375.0,80016344.0
2014-08-20,115.66,116.96,114.72,115.91,1624909.0,60601824.0
2014-08-21,115.88,116.65,114.69,115.72,1104769.0,40952100.0
2014-08-22,115.63,115.94,111.9,113.45,3072267.0,111793440.0
2014-08-25,113.42,113.82,111.52,112.83,1626066.0,58988284.0
2014-08-26,111.9,113.51,111.9,112.14,1169543.0,42368420.0
2014-08-27,111.9,115.25,111.62,114.07,1086503.0,39863100.0
2014-08-28,114.07,115.19,112.58,112.67,867786.0,31691694.0
2014-08-29,113.08,114.69,112.67,114.66,1033565.0,37890660.0
2014-09-01,114.97,117.89,114.97,116.96,2113807.0,79766368.0
2014-09-02,119.64,121.0,117.34,120.88,3141162.0,121476456.0
2014-09-03,121.62,122.47,119.61,120.72,2985824.0,116247824.0
2014-09-04,121.66,124.36,121.53,124.2,3929180.0,155835600.0
2014-09-05,124.95,125.14,122.43,123.43,1473558.0,58561040.0
2014-09-09,123.43,123.71,121.1,123.09,1759451.0,69406616.0
2014-09-10,123.06,123.06,121.25,122.78,1082036.0,42465692.0
2014-09-11,122.74,123.68,121.62,123.4,1466858.0,58017544.0
2014-09-12,123.06,123.74,122.47,123.15,817801.0,32428478.0
2014-09-15,123.09,125.14,122.47,125.14,1656738.0,66081388.0
2014-09-16,125.42,125.57,118.55,118.98,2864178.0,111947640.0
2014-09-17,119.2,119.61,113.48,119.36,3233226.0,121503144.0
2014-09-18,118.17,118.73,115.94,116.25,1474597.0,55466764.0
2014-09-19,116.25,117.46,115.63,116.87,1464987.0,54828200.0
2014-09-22,115.38,116.44,113.08,113.51,1807846.0,66225460.0
2014-09-23,113.86,115.19,112.36,114.04,1154071.0,42337952.0
2014-09-24,113.98,115.88,113.02,115.63,2738187.0,100183520.0
2014-09-25,115.32,115.47,113.39,113.89,2397346.0,88197392.0
2014-09-26,113.54,115.28,113.23,114.07,1699607.0,62391240.0
2014-09-29,114.44,115.56,113.95,114.57,2260948.0,83528704.0
2014-09-30,114.57,115.78,114.29,114.51,2438596.0,90101296.0
2014-10-08,114.69,115.53,113.14,114.2,3833644.0,140413776.0
2014-10-09,114.23,114.63,108.79,110.62,7665874.0,274846176.0
2014-10-10,110.56,110.56,106.99,107.7,8462528.0,293780736.0
2014-10-13,107.55,109.07,106.05,108.63,3665251.0,126784480.0
2014-10-14,108.01,109.35,106.61,107.55,3222175.0,111910520.0
2014-10-15,107.27,108.32,105.37,107.27,2841468.0,97155248.0
2014-10-16,106.92,108.23,105.53,105.68,2948510.0,101315200.0
2014-10-17,105.65,106.3,103.81,105.37,1712650.0,57945792.0
2014-10-20,105.53,106.67,105.21,105.99,2195761.0,74821304.0
2014-10-21,105.99,106.61,103.97,104.03,2160954.0,73147824.0
2014-10-22,104.47,105.03,103.5,104.22,2336520.0,78382440.0
2014-10-23,104.28,104.9,103.19,104.81,2230624.0,74760688.0
2014-10-24,105.68,106.27,104.53,106.27,2061567.0,70000272.0
2014-10-27,106.3,109.63,105.21,109.16,5210970.0,181269168.0
2014-10-28,109.88,110.5,108.97,109.6,3350237.0,118408392.0
2014-10-29,109.63,110.34,107.7,109.41,2690340.0,94220808.0
2014-10-30,108.79,109.69,106.77,106.77,2470445.0,85711040.0
2014-10-31,106.64,107.39,105.25,106.02,1819638.0,62209264.0
2014-11-03,105.99,107.83,105.99,106.27,1555943.0,53507860.0
2014-11-04,106.27,107.17,104.78,105.06,1541278.0,52484500.0
2014-11-05,105.68,105.9,104.13,104.41,1500646.0,50518396.0
2014-11-06,104.93,106.77,104.44,106.74,2023354.0,68907176.0
2014-11-07,106.92,108.45,106.61,106.92,3384536.0,117023240.0
2014-11-10,107.02,107.86,104.44,105.65,2385615.0,80957752.0
2014-11-11,105.18,105.18,101.67,102.26,3250407.0,107851320.0
2014-11-12,102.29,103.69,101.14,101.61,1574361.0,51557780.0
2014-11-13,101.61,102.14,99.09,100.21,2200587.0,70819040.0
2014-11-14,99.22,100.95,99.09,100.55,1383240.0,44438124.0
2014-11-17,100.55,102.26,99.84,100.96,1760530.0,57240424.0
2014-11-18,100.74,101.95,98.53,99.46,2427083.0,77599392.0
2014-11-19,100.08,104.09,99.15,103.94,4285900.0,139192448.0
2014-11-20,102.88,103.5,102.08,103.13,2020136.0,66625604.0
2014-11-21,102.88,104.34,102.88,103.88,1770153.0,59014456.0
2014-11-24,104.75,106.99,104.13,106.43,4127337.0,140877360.0
2014-11-25,106.49,112.98,105.84,112.83,6672338.0,236412144.0
2014-11-26,113.14,117.18,113.14,114.01,4782682.0,177142592.0
2014-11-27,112.61,118.11,112.46,116.12,4165757.0,155966352.0
2014-11-28,115.63,115.94,113.76,115.16,3116182.0,115113528.0
2014-12-01,113.26,114.66,108.76,110.03,3931662.0,139677040.0
2014-12-02,110.03,112.46,109.13,110.87,3201192.0,113763856.0
2014-12-03,110.31,116.75,108.11,116.71,4344030.0,157719680.0
2014-12-04,116.31,120.72,116.31,118.73,5244172.0,200097248.0
2014-12-05,117.46,118.49,110.65,114.94,3104995.0,114862032.0
2014-12-08,112.83,115.13,111.28,111.93,2531681.0,92113112.0
2014-12-09,111.93,112.86,107.23,107.86,3010997.0,106857904.0
2014-12-10,107.86,117.4,107.83,117.18,4526229.0,167160448.0
2014-12-11,117.49,120.41,114.38,116.87,4508008.0,169118848.0
2014-12-12,117.12,128.56,117.12,128.06,12933328.0,516327744.0
2014-12-15,130.17,130.17,123.33,125.85,5107101.0,206482240.0
2014-12-16,124.95,127.19,122.81,125.26,2845814.0,113797504.0
2014-12-17,125.48,125.57,122.19,124.33,2867799.0,114147568.0
2014-12-18,122.81,124.95,122.81,123.12,2626400.0,104584952.0
2014-12-19,123.12,123.12,117.18,119.67,3782902.0,144814240.0
2014-12-22,118.17,118.98,110.81,112.02,3414822.0,125219736.0
2014-12-23,112.21,116.03,111.9,115.44,2698979.0,99412336.0
2014-12-24,115.32,118.05,114.44,115.88,1591147.0,59385108.0
2014-12-25,117.15,117.15,112.83,113.2,1969156.0,72077960.0
2014-12-26,113.23,116.5,112.92,113.82,1778187.0,65369916.0
2014-12-29,112.98,113.45,111.59,112.49,1422832.0,51447468.0
2014-12-30,112.55,113.39,106.83,108.17,1876757.0,65855264.0
2014-12-31,107.23,109.66,105.93,109.41,1560473.0,54118192.0
2015-01-05,108.35,110.44,107.23,108.45,2234255.0,78112928.0
2015-01-06,108.94,112.3,107.7,111.8,2957435.0,104980888.0
2015-01-07,111.8,113.86,107.79,108.48,2695494.0,94676656.0
2015-01-08,108.48,110.19,107.79,108.48,2551630.0,89425456.0
2015-01-09,108.51,110.44,107.55,108.01,3418995.0,120083512.0
2015-01-12,107.11,109.35,104.69,108.45,2194485.0,75680008.0
2015-01-13,108.48,108.79,106.8,108.45,1379341.0,47908816.0
2015-01-14,108.45,111.9,107.27,111.86,4106264.0,145686928.0
2015-01-15,111.9,113.45,110.81,111.59,2419727.0,87482576.0
2015-01-16,111.24,116.62,111.24,114.51,3151408.0,115685208.0
2015-01-19,113.45,116.25,107.33,111.31,3834374.0,138705776.0
2015-01-20,109.94,113.45,109.94,112.92,3724553.0,134195096.0
2015-01-21,114.35,115.94,112.92,115.88,5031405.0,185893200.0
2015-01-22,116.25,116.25,114.01,114.66,4427688.0,163158944.0
2015-01-23,114.69,115.81,111.52,111.9,2832303.0,103343328.0
2015-01-26,111.9,116.56,111.9,115.22,7245383.0,268405728.0
2015-01-27,115.22,118.58,115.04,118.14,6284361.0,235609984.0
2015-01-28,118.11,120.47,117.24,117.96,3357583.0,128116904.0
2015-01-29,117.49,119.85,115.53,119.29,3789400.0,143903760.0
2015-01-30,119.29,124.95,119.29,123.33,6807351.0,268932032.0
2015-02-02,121.22,124.24,119.05,121.13,2948118.0,115193824.0
2015-02-03,121.28,123.24,119.33,123.24,4158740.0,161927888.0
2015-02-04,122.74,123.68,120.19,121.47,2214088.0,86649400.0
2015-02-05,121.47,121.94,119.36,119.57,1982343.0,76907984.0
2015-02-06,119.57,119.7,116.25,117.89,2306106.0,87144976.0
2015-02-09,116.16,118.11,115.81,116.53,1570918.0,59242248.0
2015-02-10,116.25,116.56,114.38,116.12,2013733.0,74703792.0
2015-02-11,115.94,119.36,115.81,119.29,2399387.0,91029752.0
2015-02-12,119.64,120.23,117.27,120.23,1969837.0,75098056.0
2015-02-13,120.23,121.38,118.67,121.38,2963753.0,114381384.0
2015-02-16,121.25,122.78,120.29,122.25,3038938.0,118818336.0
2015-02-17,122.31,124.17,121.25,123.96,2543678.0,100737232.0
2015-02-25,124.08,124.8,122.47,124.77,2256801.0,89921704.0
2015-02-26,125.57,135.3,124.33,131.26,6257858.0,261115328.0
2015-02-27,130.79,136.61,129.15,136.42,6611533.0,285957824.0
2015-03-02,137.04,145.65,134.62,144.53,8382600.0,380204864.0
2015-03-03,144.56,148.17,143.07,144.47,6303537.0,294986080.0
2015-03-04,144.25,147.58,144.16,144.94,3035278.0,141983120.0
2015-03-05,144.94,147.21,141.43,145.44,3467791.0,161579232.0
2015-03-06,145.44,148.54,140.06,141.43,3046413.0,140431056.0
2015-03-09,139.41,148.05,135.24,145.44,5910402.0,270577984.0
2015-03-10,145.93,150.28,145.44,147.98,3446324.0,164412048.0
2015-03-11,150.22,155.35,147.3,153.73,3133007.0,152574272.0
2015-03-12,154.98,156.75,148.26,148.64,2960073.0,143777648.0
2015-03-13,148.64,150.59,145.71,146.12,3717970.0,175502720.0
2015-03-16,146.27,152.3,145.28,149.29,4254367.0,204670128.0
2015-03-17,149.54,152.3,146.9,151.25,3791330.0,182618400.0
2015-03-18,151.93,151.93,147.74,150.13,3400263.0,163226704.0
2015-03-19,150.13,150.13,145.68,146.37,4279944.0,202323792.0
2015-03-20,146.09,148.57,145.5,146.4,3880916.0,183006848.0
2015-03-23,146.71,152.93,146.49,152.93,4936622.0,237995360.0
2015-03-24,153.24,155.04,146.77,149.23,4421778.0,213761552.0
2015-03-25,149.26,164.15,149.23,162.53,7305864.0,369850976.0
2015-03-26,159.76,171.23,157.87,168.06,6445525.0,346869600.0
2015-03-27,166.94,176.36,164.36,172.66,5133503.0,280456032.0
2015-03-30,172.82,180.9,167.22,171.48,6260685.0,352069984.0
2015-03-31,172.54,172.57,161.63,166.6,10157863.0,539168192.0
2015-04-01,167.84,175.59,164.83,175.52,7698792.0,416375168.0
2015-04-02,176.86,178.1,168.78,171.02,5854387.0,324720928.0
2015-04-03,170.8,172.79,166.29,168.65,3981314.0,216110272.0
2015-04-07,168.78,169.59,164.3,165.58,6555759.0,349496768.0
2015-04-08,165.79,165.95,156.97,157.68,8556655.0,440309824.0
2015-04-09,157.68,165.67,146.09,164.12,8542605.0,426615776.0
2015-04-10,156.81,165.51,155.44,162.25,5510199.0,287512608.0
2015-04-13,164.74,165.05,159.17,160.7,4578245.0,237147104.0
2015-04-14,160.38,162.31,154.79,158.83,5106994.0,261221776.0
2015-04-15,158.8,158.83,153.49,155.41,4067089.0,203842240.0
2015-04-16,154.79,163.59,152.46,161.1,5346692.0,275563808.0
2015-04-17,162.44,164.58,158.52,162.56,3837528.0,200245248.0
2015-04-20,160.63,160.63,154.82,157.37,4805046.0,243313984.0
2015-04-21,157.37,171.89,156.53,169.34,5947171.0,318279104.0
2015-04-22,174.37,178.57,168.81,173.13,10342420.0,577992000.0
2015-04-23,172.51,182.33,168.22,180.28,9189427.0,514713088.0
2015-04-24,178.1,191.16,176.55,186.5,7761653.0,461269376.0
2015-06-02,205.02,205.02,205.02,205.02,149722.0,4900401.0
2015-06-03,225.5,225.5,225.5,225.5,30936.0,1113696.0
2015-06-04,248.05,248.05,207.84,248.05,37526152.0,1391286656.0
2015-06-05,254.75,262.46,231.83,235.59,22874230.0,891739776.0
2015-06-08,232.89,233.02,212.03,212.03,25701876.0,889570112.0
2015-06-09,212.66,224.25,211.16,221.12,19892144.0,688561792.0
2015-06-10,219.68,228.82,211.72,219.68,16701059.0,595319680.0
2015-06-11,217.99,220.87,210.53,213.29,15646258.0,536773088.0
2015-06-12,214.73,219.74,211.1,212.97,16011171.0,546665856.0
2015-06-15,213.6,215.17,199.07,207.34,15779959.0,519721632.0
2015-06-16,205.46,223.0,200.45,216.36,19521294.0,667919872.0
2015-06-17,215.61,218.49,204.08,214.23,10827871.0,365768512.0
2015-06-18,212.97,222.31,208.53,208.53,9344469.0,321684384.0
2015-06-19,200.01,209.72,187.67,187.67,14695320.0,455554080.0
2015-06-23,186.67,190.99,169.75,187.92,13768675.0,399362560.0
2015-06-24,190.42,192.93,175.39,183.53,12791812.0,374972288.0
2015-06-25,184.66,187.61,175.39,175.77,9505750.0,274235104.0
2015-06-26,169.13,169.13,158.16,158.16,11651453.0,300046944.0
2015-06-29,158.16,161.49,142.38,142.38,22173472.0,518701632.0
2015-06-30,137.81,156.6,128.16,151.59,22222188.0,502772544.0
2015-07-01,148.02,166.62,142.82,147.52,21498458.0,540747328.0
2015-07-02,148.64,150.9,132.8,132.92,17820324.0,396642912.0
2015-07-03,125.34,143.76,120.77,126.53,18078362.0,373418592.0
2015-07-13,139.19,139.19,139.19,139.19,920129.0,20445266.0
2015-07-14,153.09,153.09,153.09,153.09,788208.0,19263804.0
2015-07-15,158.16,158.16,137.81,138.06,27706982.0,631881216.0
2015-07-16,138.06,151.84,125.47,151.84,21702124.0,495464800.0
2015-07-17,152.21,161.49,151.9,158.48,16614371.0,417177504.0
2015-07-20,156.6,166.0,155.28,162.86,14160079.0,363754912.0
2015-07-21,158.48,167.81,155.66,163.49,14222809.0,370802048.0
2015-07-22,163.55,170.25,160.86,169.0,12645984.0,332680512.0
2015-07-23,166.0,178.96,166.0,177.65,10389948.0,287709440.0
2015-07-24,177.4,183.53,171.63,172.7,11281922.0,321710400.0
2015-07-27,169.19,175.39,155.41,155.41,16603165.0,438413568.0
2015-07-28,151.59,157.85,140.81,155.35,22681528.0,543758208.0
2015-07-29,157.22,161.61,144.07,159.86,10089966.0,247690752.0
2015-07-30,159.86,173.76,154.91,166.0,23361632.0,620226304.0
2015-07-31,162.99,170.32,162.24,164.3,9099955.0,242365104.0
2015-08-03,162.49,171.51,148.64,162.86,12526439.0,327876480.0
2015-08-04,164.12,176.64,162.86,176.58,15403127.0,419810080.0
2015-08-05,177.9,182.78,173.51,175.95,12872816.0,367109120.0
2015-08-06,172.26,179.02,170.38,176.14,5195045.0,146091424.0
2015-08-07,178.21,181.78,176.71,179.15,5785330.0,165786384.0
2015-08-10,181.66,187.92,179.15,186.29,14342618.0,423717152.0
2015-08-11,187.17,190.24,181.78,183.53,11512428.0,343430272.0
2015-08-12,181.65,182.84,174.76,178.96,7070810.0,203696800.0
2015-08-13,177.58,181.03,172.38,179.71,6858874.0,193880800.0
2015-08-14,181.4,187.17,177.9,180.65,13988424.0,409431200.0
2015-08-17,181.53,184.91,181.03,181.78,9143734.0,266360096.0
2015-08-18,184.72,184.72,163.61,169.0,12975875.0,360039104.0
2015-08-19,162.86,175.7,160.36,174.58,8105732.0,220809200.0
2015-08-20,169.25,177.21,169.25,174.14,5916975.0,165210592.0
2015-08-21,171.63,175.01,161.61,161.61,10045504.0,267846320.0
2015-08-24,154.41,155.97,145.45,145.45,3153864.0,74097336.0
2015-08-25,130.92,130.92,130.92,130.92,7102000.0,148431808.0
2015-08-26,117.95,125.15,117.83,117.83,35678120.0,678089088.0
2015-08-27,113.75,119.95,106.05,117.76,33578404.0,604814272.0
2015-08-28,116.2,129.48,116.2,128.72,18322474.0,359377856.0
2015-08-31,127.78,130.79,119.95,120.27,8730211.0,172121248.0
2015-09-01,120.27,120.27,108.24,108.24,13296778.0,233259232.0
2015-09-02,97.4,107.74,97.4,97.4,15554340.0,245261248.0
2015-09-07,99.6,104.3,95.21,99.35,16220327.0,258213168.0
2015-09-08,98.03,105.23,96.72,104.3,8061378.0,129186688.0
2015-09-09,106.49,111.5,104.98,108.3,11957517.0,206909984.0
2015-09-10,107.18,112.63,105.73,109.31,7944491.0,139514608.0
2015-09-11,109.62,111.0,105.55,108.24,8068820.0,139351696.0
2015-09-14,108.37,108.99,97.4,97.4,7731548.0,125283352.0
2015-09-15,92.71,93.71,87.69,87.69,19078742.0,273791136.0
2015-09-16,87.63,96.28,83.69,94.71,14185717.0,201270272.0
2015-09-17,94.59,95.84,89.57,89.76,12098687.0,179308432.0
2015-09-18,90.33,92.02,85.88,89.7,6168322.0,87361992.0
2015-09-21,83.5,98.66,83.5,98.66,10293049.0,154478640.0
2015-09-22,100.22,105.73,99.91,101.85,13081979.0,214530112.0
2015-09-23,99.72,103.36,97.09,100.1,7805576.0,125340136.0
2015-09-24,101.35,104.17,98.34,102.54,8443300.0,138333312.0
2015-09-25,101.85,103.17,94.9,96.84,6557409.0,103652520.0
2015-09-28,97.28,100.54,96.47,99.91,4273160.0,67355456.0
2015-09-29,98.47,103.23,96.53,101.16,7206324.0,116176504.0
2015-09-30,101.98,102.73,97.72,98.97,5346525.0,85178880.0
2015-10-08,101.98,106.99,101.16,104.23,8089248.0,134571856.0
2015-10-09,104.48,110.12,103.36,109.37,7526063.0,128225120.0
2015-10-12,109.37,120.33,109.37,118.08,12057551.0,224964912.0
2015-10-13,116.82,120.64,116.01,118.7,6605590.0,125494816.0
2015-10-14,118.77,120.14,113.19,114.13,8164539.0,150947008.0
2015-10-15,112.69,115.63,109.24,115.01,19486072.0,348824480.0
2015-10-16,115.13,115.88,112.12,113.69,14189922.0,257832352.0
2015-10-19,114.07,121.21,113.69,118.64,16130215.0,302326336.0
2015-10-20,121.27,122.96,118.58,119.08,13456145.0,259243568.0
2015-10-21,120.14,120.14,107.18,109.62,16257674.0,293654368.0
2015-10-22,109.62,114.32,108.49,113.63,11968916.0,211437488.0
2015-10-23,114.5,116.51,111.94,115.26,15303337.0,279384576.0
2015-10-26,118.14,119.95,114.94,116.51,16501907.0,309008832.0
2015-10-27,115.26,116.76,109.75,115.32,14310060.0,259157632.0
2015-10-28,116.2,120.08,115.44,117.58,16844916.0,315481600.0
2015-10-29,117.89,120.89,113.5,118.08,12521596.0,235090960.0
2015-10-30,118.26,121.33,115.26,119.58,11851852.0,224087520.0
2015-11-02,116.07,124.34,114.19,121.65,14049771.0,272188672.0
2015-11-03,121.4,123.15,117.58,120.71,9123806.0,174989072.0
2015-11-04,120.33,128.97,120.27,128.1,16517953.0,330453568.0
2015-11-05,127.41,129.04,125.28,128.22,14298845.0,290546176.0
2015-11-06,129.04,141.06,128.97,141.06,16541734.0,359251968.0
2015-11-09,142.32,153.47,140.94,148.58,19299576.0,456010304.0
2015-11-10,148.71,153.34,145.95,149.4,12822204.0,306339552.0
2015-11-11,149.4,162.86,149.4,160.86,18681028.0,472946624.0
2015-11-12,160.98,163.3,155.35,160.67,13576557.0,345475840.0
2015-11-13,159.1,175.27,156.47,171.13,13932054.0,368313600.0
2015-11-16,167.25,173.7,164.93,172.26,8408001.0,228854000.0
2015-11-17,172.26,178.59,156.66,158.67,17177706.0,455152032.0
2015-11-18,160.86,162.8,150.34,150.96,11482906.0,287567296.0
2015-11-19,155.97,158.48,151.59,158.48,10780270.0,266926224.0
2015-11-20,159.73,170.0,156.6,167.69,12267394.0,321821440.0
2015-11-23,165.37,168.94,158.67,160.36,10467252.0,273284704.0
2015-11-24,160.98,162.11,155.16,160.55,6649782.0,168338832.0
2015-11-25,160.55,164.74,156.66,164.05,12004580.0,308692672.0
2015-11-26,164.05,166.31,156.6,157.66,12502694.0,323070272.0
2015-11-27,158.35,159.61,144.2,149.65,12601217.0,306902368.0
2015-11-30,149.71,154.09,137.68,150.15,9034751.0,213093456.0
2015-12-01,150.34,153.78,148.46,151.03,6831778.0,164773936.0
2015-12-02,151.03,153.34,142.94,145.64,9179194.0,215151344.0
2015-12-03,146.89,151.4,145.51,150.02,10134495.0,239925792.0
2015-12-04,150.84,159.67,149.27,155.79,14619882.0,363261920.0
2015-12-07,157.16,160.17,154.16,156.35,8489849.0,212781680.0
2015-12-08,156.29,157.54,152.59,155.66,5939159.0,147319088.0
2015-12-09,155.35,160.36,154.85,158.6,8078649.0,202978720.0
2015-12-10,159.73,174.45,159.29,170.38,22042708.0,596117504.0
2015-12-11,169.13,181.53,167.44,176.14,17557792.0,495491392.0
2015-12-14,175.46,180.09,167.81,179.78,12504251.0,346085280.0
2015-12-15,179.59,185.66,178.52,182.16,11753154.0,342083520.0
2015-12-16,185.41,194.18,184.04,190.3,13520636.0,411601440.0
2015-12-17,194.18,199.82,184.79,190.99,15608845.0,472023520.0
2015-12-18,187.92,200.51,187.92,194.37,10623697.0,331417280.0
2015-12-21,194.18,198.88,192.18,194.31,12115478.0,378545120.0
2015-12-22,194.18,194.18,181.22,185.91,16871722.0,497743808.0
2015-12-23,185.35,185.85,180.4,181.97,9372798.0,273152800.0
2015-12-24,182.03,185.1,178.02,184.47,6076923.0,177084304.0
2015-12-25,186.48,187.17,181.28,184.1,5186101.0,152210016.0
2015-12-28,185.91,185.98,181.03,181.53,6145145.0,179410112.0
2015-12-29,181.03,183.91,177.27,181.84,5150450.0,148057872.0
2015-12-30,183.53,200.01,181.91,200.01,16248806.0,503046400.0
2015-12-31,197.94,200.01,192.74,193.24,9142126.0,285469600.0
2016-01-04,194.18,197.32,173.95,173.95,8480586.0,252398624.0
2016-01-05,158.98,172.07,156.54,161.11,14915677.0,391308928.0
2016-01-06,164.31,168.38,160.48,166.0,12143851.0,318504448.0
2016-01-07,164.68,171.63,149.4,149.65,3054200.0,76725912.0
2016-01-08,156.22,156.22,134.99,151.59,10782541.0,256639744.0
2016-01-11,150.02,150.02,136.43,136.43,7399773.0,167453040.0
2016-01-12,136.12,140.63,125.28,129.41,10287877.0,215960592.0
2016-01-13,131.48,133.99,116.45,116.45,13396439.0,265263648.0
2016-01-14,108.37,120.46,104.8,119.39,12867135.0,229825408.0
2016-01-15,117.83,119.64,111.19,113.19,10011417.0,184380768.0
2016-01-18,104.36,118.33,104.36,114.94,10457514.0,191150320.0
2016-01-19,114.0,120.77,112.63,120.14,9733891.0,182835664.0
2016-01-20,119.14,124.65,116.7,118.45,9921132.0,190825168.0
2016-01-21,116.2,120.27,111.37,112.31,7614856.0,142381024.0
2016-01-22,112.75,115.76,106.61,113.13,9134428.0,163541392.0
2016-01-25,114.38,115.63,109.68,110.37,10629096.0,191433120.0
2016-01-26,109.31,117.01,103.36,104.48,13429024.0,237793184.0
2016-01-27,105.23,105.8,94.02,98.34,16225734.0,252632560.0
2016-01-28,97.09,100.16,91.77,93.77,11371262.0,174127744.0
2016-01-29,92.27,100.85,92.27,98.34,9526813.0,148471920.0
2016-02-01,97.72,98.97,94.4,95.46,7239841.0,112179232.0
2016-02-02,96.34,103.36,96.03,100.35,8148786.0,130061712.0
2016-02-03,98.53,102.86,98.53,100.79,7524580.0,121035560.0
2016-02-04,102.04,104.55,101.79,103.98,8578090.0,141519216.0
2016-02-05,104.55,106.42,102.17,103.8,6345416.0,105409584.0
2016-02-15,99.6,105.86,99.53,105.36,7377817.0,121747456.0
2016-02-16,106.49,110.18,106.49,110.06,8095182.0,140656528.0
2016-02-17,108.99,111.37,107.11,110.12,7602740.0,132591232.0
2016-02-18,112.13,112.63,106.49,106.68,9426357.0,163862192.0
2016-02-19,106.74,108.62,106.42,106.68,7779190.0,133200736.0
2016-02-22,108.68,109.18,106.86,108.56,11073686.0,190740704.0
2016-02-23,108.68,109.62,104.05,105.92,11926263.0,202993024.0
2016-02-24,104.48,106.42,102.42,105.3,9580061.0,159434320.0
2016-02-25,105.55,105.55,94.77,94.77,11903291.0,188672448.0
2016-02-26,94.71,95.65,88.32,92.39,14489352.0,213459392.0
2016-02-29,91.45,91.95,83.69,84.5,12638832.0,174653168.0
2016-03-01,84.88,86.51,80.74,86.51,17112754.0,228082752.0
2016-03-02,85.63,91.27,85.19,90.83,13677968.0,192708896.0
2016-03-03,90.83,93.71,89.33,89.33,15158180.0,221348880.0
2016-03-04,89.32,89.83,82.69,83.44,10459579.0,143446784.0
2016-03-07,84.69,88.32,84.12,85.0,9086521.0,124767232.0
2016-03-08,84.94,87.07,80.24,86.94,15797722.0,209813760.0
2016-03-09,85.19,91.39,83.94,88.51,19538964.0,276526912.0
2016-03-10,88.7,90.52,86.51,87.19,11860354.0,167746720.0
2016-03-11,86.44,91.08,85.19,90.39,13354807.0,189988288.0
2016-03-14,91.77,96.09,90.83,94.59,17233250.0,257990864.0
2016-03-15,94.52,94.52,89.95,90.01,13970611.0,205008208.0
2016-03-16,91.39,91.77,86.51,87.38,12617610.0,178715536.0
2016-03-17,88.07,93.21,86.76,92.96,14765949.0,214356160.0
2016-03-18,93.33,101.73,92.71,100.1,24468620.0,382269728.0
2016-03-21,102.6,105.8,100.85,103.42,21643584.0,357706560.0
2016-03-22,102.73,104.3,100.85,101.16,14947827.0,243600528.0
2016-03-23,101.92,104.55,101.29,103.73,12027013.0,197784272.0
2016-03-24,103.11,107.74,102.79,103.92,19183874.0,323028288.0
2016-03-25,104.05,112.06,104.05,111.5,28313652.0,491172928.0
2016-04-12,112.75,117.7,106.74,107.61,32168272.0,574022016.0
2016-04-13,109.62,109.62,105.23,107.93,22390940.0,382948960.0
2016-04-14,107.49,108.12,104.92,106.55,14982725.0,254565536.0
2016-04-15,107.11,109.87,106.36,107.3,14145954.0,243974992.0
2016-04-18,106.17,106.49,99.91,101.41,16789190.0,273671168.0
2016-04-19,101.85,102.17,99.53,100.97,13299248.0,213571888.0
2016-04-20,101.23,101.73,90.89,90.89,23516420.0,355489824.0
2016-04-21,91.02,94.27,90.64,91.02,15589594.0,229661664.0
2016-04-22,91.02,93.02,88.95,91.58,8029905.0,117698208.0
2016-04-25,93.33,94.27,91.45,93.02,12643962.0,188129856.0
2016-04-26,92.27,94.15,91.89,94.02,7526674.0,111707128.0
2016-04-27,94.59,94.59,92.21,92.52,6768453.0,100810032.0
2016-04-28,92.27,93.21,88.51,91.27,10205400.0,147643680.0
2016-04-29,91.27,92.96,90.2,92.21,7086899.0,103339984.0
2016-05-03,92.33,95.96,91.89,95.65,12793313.0,192438192.0
2016-05-04,95.09,97.41,94.9,95.53,11774750.0,181334624.0
2016-05-05,95.53,96.47,94.21,95.9,6716787.0,102197328.0
2016-05-06,95.84,97.41,91.77,92.21,12712743.0,191199808.0
2016-05-09,91.02,91.02,87.13,88.13,10214164.0,144628288.0
2016-05-10,87.82,89.51,87.7,88.13,5351459.0,75366760.0
2016-05-11,88.51,89.07,87.19,87.7,5311856.0,74837340.0
2016-05-12,87.26,87.26,84.06,85.94,6384043.0,87334287.0
2016-05-13,86.5,87.01,83.81,84.25,7663872.0,104203076.0
2016-05-16,84.06,85.44,83.19,85.19,7412587.0,99917479.0
2016-05-17,85.5,86.82,83.62,86.25,8836993.0,120356700.0
2016-05-18,85.25,85.31,82.18,83.0,8114338.0,108414752.0
2016-05-19,83.5,85.69,83.0,84.19,7245552.0,98043888.0
2016-05-20,83.81,86.94,83.31,86.94,6888865.0,94295058.0
2016-05-23,86.94,88.95,86.44,87.63,8619887.0,120879362.0
2016-05-24,87.01,88.01,86.82,87.63,5344113.0,74611598.0
2016-05-25,88.07,90.14,87.76,88.32,8242681.0,117185624.0
2016-06-13,95.21,97.15,91.83,97.15,33624249.0,518041482.0
2016-06-14,93.96,95.4,90.83,92.33,26026401.0,387130547.0
2016-06-15,90.64,98.97,90.2,98.41,25555702.0,389530200.0
2016-06-16,98.28,98.34,95.4,96.65,18694429.0,288995613.0
2016-06-17,96.4,99.28,94.46,95.53,14807084.0,229446515.0
2016-06-20,95.53,96.47,93.08,95.96,11012442.0,166850911.0
2016-06-21,96.65,102.1,96.03,99.91,26031415.0,410440264.0
2016-06-22,99.41,103.67,99.28,101.48,22471830.0,365459210.0
2016-06-23,100.85,102.48,98.59,98.78,14077387.0,224957220.0
2016-06-24,99.16,100.47,90.2,97.91,15671973.0,243820586.0
2016-06-27,97.15,100.85,96.34,100.16,11200908.0,176504676.0
2016-06-28,99.78,100.79,98.16,99.6,9430468.0,149432951.0
2016-06-29,99.91,101.92,99.28,100.29,10168585.0,163086048.0
2016-06-30,100.22,103.98,100.22,103.48,15808244.0,258263322.0
2016-07-01,102.85,103.23,100.85,100.85,12172070.0,197891742.0
2016-07-04,100.54,102.98,100.22,101.92,9621808.0,156836759.0
2016-07-05,101.79,104.42,100.22,101.92,16015213.0,261073097.0
2016-07-06,101.41,101.92,100.22,100.6,9491710.0,152830174.0
2016-07-07,100.29,103.04,100.22,102.17,11703588.0,189875514.0
2016-07-08,102.42,106.3,102.1,105.55,17478595.0,292123564.0
2016-07-11,105.61,106.55,103.36,103.54,12409819.0,207562070.0
2016-07-12,103.67,104.3,100.35,103.17,9666030.0,157613000.0
2016-07-13,103.98,105.17,103.23,103.79,6862702.0,113900241.0
2016-07-14,103.36,104.48,101.79,102.98,6884023.0,113157177.0
2016-07-15,102.67,104.61,101.98,103.92,10020359.0,165688066.0
2016-07-18,103.36,107.05,103.36,105.61,11984509.0,201636891.0
2016-07-19,105.55,106.86,103.67,105.3,6785027.0,113667790.0
2016-07-20,105.17,105.99,103.67,103.92,5312926.0,88621932.0
2016-07-21,103.67,105.11,103.04,103.54,5405293.0,89903167.0
2016-07-22,103.36,106.24,103.36,105.11,8413808.0,141137421.0
2016-07-25,105.55,108.74,105.23,107.87,14900144.0,254866238.0
2016-07-26,108.05,109.31,107.11,108.3,9388640.0,161966627.0
2016-07-27,108.68,109.75,101.79,103.73,15573125.0,261989792.0
2016-07-28,102.73,104.48,101.16,102.54,9898867.0,162185652.0
2016-07-29,102.98,103.67,101.35,101.35,5551963.0,90794354.0
2016-08-01,101.29,101.79,97.47,99.28,6403014.0,101273509.0
2016-08-02,98.47,101.6,98.34,101.16,3775194.0,60382895.0
2016-08-03,100.6,101.23,98.66,99.6,3351944.0,53401628.0
2016-08-04,99.91,100.54,99.16,100.35,2986184.0,47666757.0
2016-08-05,100.22,101.04,98.97,98.97,2835229.0,45230830.0
2016-08-08,98.84,106.11,97.72,102.98,9689152.0,157660863.0
2016-08-09,102.1,102.73,101.48,102.17,5086602.0,82755734.0
2016-08-10,102.48,102.67,100.85,100.85,4432244.0,71913525.0
2016-08-11,100.85,100.91,99.03,99.28,4283001.0,68385001.0
2016-08-12,98.97,100.16,98.91,99.85,2580266.0,41017046.0
2016-08-15,100.29,102.92,99.22,101.79,7225663.0,116987583.0
2016-08-16,101.73,103.54,100.79,103.04,6498748.0,105961826.0
2016-08-17,103.67,103.98,102.04,102.48,4925604.0,80765014.0
2016-08-18,102.17,102.85,101.48,102.48,3816508.0,62221566.0
2016-08-19,102.42,104.36,101.54,103.92,7634235.0,126151311.0
2016-08-22,104.36,105.05,102.35,102.6,5388088.0,89298958.0
2016-08-23,103.04,103.29,101.92,102.1,2830450.0,46316227.0
2016-08-24,102.73,102.73,101.66,102.29,3444407.0,56193272.0
2016-08-25,101.79,101.79,99.6,100.6,5137131.0,82390773.0
2016-08-26,100.79,101.79,100.29,100.91,2679751.0,43236179.0
2016-08-29,100.85,101.16,99.85,100.1,2749260.0,44023842.0
2016-08-30,100.79,101.16,99.66,99.97,1995516.0,31959658.0
2016-08-31,100.54,100.66,99.91,100.16,1760048.0,28167492.0
2016-09-01,100.72,101.73,100.16,100.66,2798084.0,45139332.0
2016-09-02,100.22,101.1,99.16,99.85,2443584.0,39038481.0
2016-09-05,99.91,100.6,99.35,99.66,1720357.0,27471700.0
2016-09-06,99.66,101.35,98.84,100.54,5344507.0,85044522.0
2016-09-07,100.79,101.1,99.6,99.66,4025994.0,64463444.0
2016-09-08,99.72,100.22,98.22,98.72,5150373.0,81468518.0
2016-09-09,99.41,99.41,98.22,98.59,2797622.0,44116553.0
2016-09-12,97.59,97.59,88.76,95.53,6462540.0,98433802.0
2016-09-13,95.84,96.47,94.58,95.4,3021619.0,46002779.0
2016-09-14,95.4,96.15,93.58,93.96,3120161.0,47245595.0
2016-09-19,93.96,95.28,93.96,94.59,2320825.0,35106614.0
2016-09-20,95.15,96.15,94.4,95.9,3459184.0,52632622.0
2016-09-21,96.09,96.09,94.84,95.09,1788958.0,27191847.0
2016-09-22,96.03,96.03,94.58,94.77,1933046.0,29360244.0
2016-09-23,95.21,95.21,94.15,94.65,1945114.0,29327005.0
2016-09-26,94.02,94.9,92.14,92.77,3413398.0,51049546.0
2016-09-27,92.71,94.21,92.58,93.58,3233572.0,48253871.0
2016-09-28,93.96,94.15,92.52,93.08,1501488.0,22320766.0
2016-09-29,93.46,93.77,92.77,92.96,1915403.0,28515990.0
2016-09-30,93.14,95.15,92.96,93.27,1403520.0,21009133.0
2016-10-10,93.46,96.97,93.46,96.59,4093453.0,62400493.0
2016-10-11,96.72,97.4,95.27,96.4,3700115.0,57026457.0
2016-10-12,96.4,96.4,95.21,96.03,1862596.0,28499175.0
2016-10-13,96.15,96.34,95.34,95.78,1897127.0,28981624.0
2016-10-14,95.78,95.96,94.71,95.21,2724465.0,41353912.0
2016-10-17,96.15,96.15,94.96,95.09,2494204.0,38017932.0
2016-10-18,95.71,99.28,95.02,97.78,5140837.0,79974631.0
2016-10-19,97.78,97.78,96.65,96.84,3303169.0,51162110.0
2016-10-20,97.09,97.09,96.34,96.47,2445746.0,37753344.0
2016-10-21,95.84,97.03,95.53,96.84,3328842.0,51216726.0
2016-10-24,96.72,97.84,96.21,97.66,3789938.0,58850425.0
2016-10-25,97.28,98.53,97.09,98.22,2923088.0,45746555.0
2016-10-26,98.28,99.47,97.78,98.28,4079059.0,64312075.0
2016-10-27,98.22,99.22,97.09,97.66,2284647.0,35800441.0
2016-10-28,98.03,105.23,97.4,102.6,13400107.0,218686280.0
2016-10-31,101.48,103.92,99.91,100.47,7891335.0,128438834.0
2016-11-01,100.47,103.11,100.47,102.54,5516122.0,89992942.0
2016-11-02,102.54,102.6,100.72,101.29,4175748.0,67553673.0
2016-11-03,100.91,103.04,100.22,101.66,5822807.0,94499930.0
2016-11-04,101.79,105.86,101.79,103.61,6270299.0,104297379.0
2016-11-07,104.55,104.55,102.17,102.79,3831853.0,62841385.0
2016-11-08,102.92,104.17,102.48,103.67,3943091.0,65014496.0
2016-11-09,103.86,104.42,101.35,103.36,6945045.0,114263534.0
2016-11-10,104.42,105.74,103.67,103.92,4740920.0,79188531.0
2016-11-11,104.86,105.61,103.17,105.17,4946162.0,82564146.0
2016-11-14,105.42,108.68,104.61,107.74,9481236.0,162425960.0
2016-11-15,107.61,108.99,107.49,108.3,4865254.0,83982891.0
2016-11-16,108.37,110.43,107.74,107.86,5845891.0,101867561.0
2016-11-17,107.93,110.12,107.74,108.37,4523835.0,78615660.0
2016-11-18,108.43,108.93,106.55,106.55,4110322.0,70636276.0
2016-11-21,107.11,107.55,104.92,106.17,7354212.0,124133588.0
2016-11-22,106.05,106.99,104.92,105.8,4978426.0,83999170.0
2016-11-23,105.8,106.17,104.3,105.17,5156156.0,86562037.0
2016-11-24,105.17,108.93,104.86,106.74,6296364.0,107247491.0
2016-11-25,106.74,107.74,103.48,105.17,7208824.0,120731392.0
2016-11-28,105.55,105.55,103.67,104.36,3489568.0,58270944.0
2016-11-29,104.36,105.11,103.36,103.36,3403860.0,56678101.0
2016-11-30,103.54,104.48,103.04,103.67,3329191.0,55063157.0
2016-12-01,103.67,104.8,103.11,104.48,3290813.0,54600402.0
2016-12-02,104.73,104.92,101.48,101.79,4559387.0,75118364.0
2016-12-05,101.6,102.48,100.6,100.97,3355114.0,54326887.0
2016-12-06,100.97,102.92,100.72,102.17,2573649.0,41992314.0
2016-12-07,102.42,103.98,101.79,103.86,2794000.0,46003205.0
2016-12-08,104.48,106.05,103.73,105.3,6024400.0,100946547.0
2016-12-09,105.61,106.05,104.42,104.67,2946307.0,49520251.0
2016-12-12,104.3,105.74,101.04,101.79,4549918.0,75106243.0
2016-12-13,101.92,102.35,100.41,101.35,2563201.0,41419371.0
2016-12-14,101.41,102.6,100.79,101.79,2296940.0,37225721.0
2016-12-15,101.73,102.67,100.85,102.1,2914058.0,47377977.0
2016-12-16,102.1,102.42,100.79,101.16,4183380.0,67702534.0
2016-12-19,101.41,101.41,97.72,98.03,6437993.0,102078231.0
2016-12-20,98.03,98.34,97.72,98.16,2949328.0,46115777.0
2016-12-21,98.59,99.16,97.97,98.97,1889850.0,29776251.0
2016-12-22,98.47,99.22,98.34,98.91,2205888.0,34770088.0
2016-12-23,98.91,99.16,98.34,98.41,2077157.0,32754901.0
2016-12-26,98.41,101.23,98.34,101.23,5555673.0,88833919.0
2016-12-27,101.23,103.48,100.72,102.29,4499305.0,73665990.0
2016-12-28,102.29,103.98,101.79,102.1,4085876.0,67102517.0
2016-12-29,102.29,106.49,102.29,106.05,9582270.0,160597418.0
2016-12-30,105.23,108.05,105.23,107.49,10470812.0,179385352.0
2017-01-03,106.55,107.24,105.11,105.8,4310095.0,72740540.0
2017-01-04,105.74,105.74,103.42,105.11,5806109.0,96597993.0
2017-01-05,104.8,107.49,104.17,106.55,4814140.0,81596851.0
2017-01-06,105.92,107.61,105.48,105.55,3569128.0,60576137.0
2017-01-09,105.48,108.05,105.48,107.93,4315392.0,73748978.0
2017-01-10,107.93,110.75,107.11,109.06,7396117.0,129396485.0
2017-01-11,108.74,110.37,107.93,109.12,4119488.0,71559083.0
2017-01-12,109.62,109.68,107.8,107.8,3071900.0,53336173.0
2017-01-13,107.8,109.62,105.23,105.74,4126030.0,70965896.0
2017-01-16,104.48,106.8,100.85,104.48,4373740.0,72881358.0
2017-01-17,104.61,107.11,104.3,106.67,4321916.0,72970193.0
2017-01-18,106.61,107.68,105.61,106.99,2513041.0,42792350.0
2017-01-19,106.99,107.18,104.92,105.48,2764181.0,46604351.0
2017-01-20,105.11,107.61,104.73,107.43,3476640.0,59298892.0
2017-01-23,107.61,118.2,107.3,118.2,9205854.0,167736146.0
2017-01-24,119.02,124.21,117.51,120.96,15891858.0,307289107.0
2017-01-25,120.2,120.71,117.83,118.7,7552368.0,143795780.0
2017-01-26,118.26,127.47,117.14,122.59,10347370.0,202432961.0
2017-02-03,122.71,129.41,120.89,125.28,8896864.0,177248271.0
2017-02-06,125.28,127.72,122.96,124.15,5829788.0,115852967.0
2017-02-07,125.28,135.18,124.47,132.73,12833000.0,268994359.0
2017-02-08,131.23,134.49,129.48,132.8,6368844.0,134034992.0
2017-02-09,131.54,133.42,130.04,130.92,5712182.0,119647105.0
2017-02-10,130.79,134.86,129.1,129.41,7101529.0,149131753.0
2017-02-13,129.79,131.92,128.29,130.6,4770771.0,98967763.0
2017-02-14,129.66,131.48,128.41,129.91,3473801.0,72016350.0
2017-02-15,131.17,134.68,130.42,130.79,7713023.0,163520456.0
2017-02-16,131.48,133.11,129.73,130.48,4210295.0,88310807.0
2017-02-17,130.29,132.67,125.28,127.22,6385443.0,130501949.0
2017-02-20,129.04,130.16,127.22,129.91,4434442.0,91156114.0
2017-02-21,130.98,132.17,129.66,130.1,3813468.0,79632134.0
2017-02-22,130.23,131.42,127.91,128.66,3747823.0,77133069.0
2017-02-23,130.1,130.92,125.97,126.47,4838237.0,98173178.0
2017-02-24,128.1,128.22,125.91,126.97,3438882.0,69672083.0
2017-02-27,127.72,133.3,126.91,131.35,6712621.0,140074180.0
2017-02-28,131.48,132.67,130.35,131.42,3591386.0,75221788.0
2017-03-01,131.48,134.93,130.54,133.36,6118238.0,130014802.0
2017-03-02,133.42,135.11,132.04,132.04,4926003.0,105006375.0
2017-03-03,131.92,131.92,127.03,127.72,7857584.0,161346978.0
2017-03-06,128.41,129.35,126.34,128.54,2958840.0,60429282.0
2017-03-07,128.54,130.1,127.22,127.22,2488471.0,51168087.0
2017-03-08,127.66,128.41,126.28,127.22,3374501.0,68549830.0
2017-03-09,126.53,127.47,126.28,126.78,1786001.0,36169299.0
2017-03-10,126.72,127.35,123.46,124.09,4017039.0,80152172.0
2017-03-13,123.9,126.09,123.28,125.4,3240264.0,64513961.0
2017-03-14,125.34,126.97,124.53,125.47,1902464.0,38124318.0
2017-03-15,124.15,126.22,124.15,125.28,1588569.0,31756052.0
2017-03-16,124.78,129.54,124.65,128.91,3640579.0,74254048.0
2017-03-17,129.66,129.66,126.53,126.53,2452327.0,50264660.0
2017-03-20,126.47,127.66,125.66,126.97,1678100.0,33900383.0
2017-03-21,127.78,130.29,126.41,129.66,4697173.0,96875224.0
2017-03-22,129.22,129.98,126.47,127.78,2345016.0,47955106.0
2017-03-23,128.1,130.98,127.47,129.66,3933646.0,81324717.0
2017-03-24,129.41,134.61,129.1,133.42,7911111.0,167511100.0
2017-03-27,133.99,140.81,133.99,137.81,9632199.0,212002721.0
2017-03-28,137.81,139.37,135.8,138.12,4955339.0,108679543.0
2017-03-29,138.31,140.88,136.55,136.87,5897694.0,130667563.0
2017-03-30,136.49,137.49,134.8,135.3,6331595.0,137430172.0
2017-03-31,136.55,138.75,135.24,137.12,3367663.0,73465074.0
2017-04-05,142.19,148.83,138.75,143.44,12775651.0,292590340.0
2017-04-06,145.32,148.89,143.13,144.76,8563778.0,198474989.0
2017-04-07,144.01,144.01,138.62,141.57,9624948.0,216147405.0
2017-04-10,141.57,142.13,135.3,135.99,7867056.0,172527731.0
2017-04-11,136.68,137.31,134.43,136.3,4925703.0,106771163.0
2017-04-12,136.3,138.56,134.8,136.18,4012308.0,87670850.0
2017-04-13,136.18,139.19,135.93,138.62,3307013.0,72863713.0
2017-04-14,138.62,139.87,136.05,137.93,3522577.0,77436316.0
2017-04-17,138.0,141.31,136.55,137.31,3612327.0,79698569.0
2017-04-18,137.49,139.94,132.86,133.67,4258279.0,92527693.0
2017-04-19,133.61,134.11,130.73,133.92,4623548.0,97600957.0
2017-04-20,133.42,134.86,131.35,132.23,2365795.0,50091287.0
2017-04-21,132.29,134.05,130.98,131.23,2046400.0,43359609.0
2017-04-24,130.85,132.42,125.28,129.04,2942028.0,60665623.0
2017-04-25,133.99,133.99,129.6,131.17,2109052.0,44240845.0
2017-04-26,131.04,132.61,127.16,128.91,3810180.0,78337715.0
2017-04-27,130.29,134.61,129.1,133.61,7249220.0,153094027.0
2017-04-28,131.73,134.55,131.73,133.42,3622147.0,76935288.0
2017-05-02,132.48,134.05,131.86,133.36,2585621.0,54843899.0
2017-05-03,133.55,133.55,127.16,128.41,3506383.0,73145261.0
2017-05-04,127.16,130.29,126.97,129.48,2362720.0,48690446.0
2017-05-05,129.1,130.1,127.16,127.78,1979840.0,40707351.0
2017-05-08,127.78,129.66,124.03,124.59,3167671.0,63723309.0
2017-05-09,124.34,125.91,121.27,124.59,3516132.0,69473509.0
2017-05-10,125.72,125.91,120.96,122.15,3176946.0,62272143.0
2017-05-11,121.21,121.96,111.56,120.64,7575832.0,140748974.0
2017-05-12,120.64,120.89,117.83,119.02,2137010.0,40636185.0
2017-05-15,119.95,121.46,119.14,120.58,1819961.0,35030035.0
2017-05-16,119.77,124.03,119.14,123.78,2790339.0,54173548.0
2017-05-17,123.09,125.15,122.65,124.15,2184130.0,43422515.0
2017-05-18,124.34,124.97,123.28,123.34,1593350.0,31558835.0
2017-05-19,123.65,124.84,122.9,124.28,1536538.0,30378000.0
2017-05-22,124.28,124.28,119.52,121.21,2376562.0,46117292.0
2017-05-23,120.33,120.83,115.32,116.51,3066792.0,58050006.0
2017-05-24,116.67,120.08,115.09,119.95,1568475.0,29309071.0
2017-05-25,119.51,119.95,115.41,118.82,3241343.0,60309597.0
2017-05-26,118.69,120.59,117.93,119.07,1965604.0,37247221.0
2017-05-31,120.59,122.42,116.17,116.23,2856870.0,53242576.0
2017-06-01,116.1,117.24,111.5,112.13,3903500.0,70389260.0
2017-06-02,112.13,113.52,110.04,112.88,2366559.0,41946712.0
2017-06-05,113.07,116.04,113.07,115.85,2035702.0,37167433.0
2017-06-06,114.02,117.56,114.02,117.11,1320682.0,24410197.0
2017-06-07,117.11,120.27,117.11,119.95,2085822.0,39339996.0
2017-06-08,119.95,121.6,118.5,118.69,2065279.0,39121480.0
2017-06-09,118.69,120.08,118.12,118.75,1620419.0,30451434.0
2017-06-12,120.97,120.97,115.41,119.58,1553309.0,29436155.0
2017-06-13,119.13,120.52,118.69,119.83,2052110.0,38902591.0
2017-06-14,119.95,121.66,118.75,121.22,3018149.0,57664819.0
2017-06-15,120.59,125.32,120.52,123.05,2717213.0,52848967.0
2017-06-16,122.54,123.43,121.09,121.28,1820190.0,35206626.0
2017-06-19,122.1,122.67,120.08,120.46,2087776.0,40127057.0
2017-06-20,120.65,127.59,120.65,123.74,3109647.0,61210650.0
2017-06-21,123.74,125.95,123.74,125.01,2470435.0,48970829.0
2017-06-22,125.26,126.08,122.29,122.42,2166940.0,42487006.0
2017-06-23,123.05,123.62,118.12,121.41,2739055.0,52356954.0
2017-06-26,121.22,124.88,120.59,124.12,3451745.0,67668135.0
2017-06-27,124.37,125.51,123.74,124.25,1670400.0,33011740.0
2017-06-28,123.11,125.26,123.11,124.56,1483035.0,29213176.0
2017-06-29,123.93,125.64,123.93,125.26,1583126.0,31346719.0
2017-06-30,125.64,133.72,124.56,133.09,7148799.0,147583023.0
2017-07-03,133.02,134.16,130.56,131.07,6738653.0,140730645.0
2017-07-04,131.82,132.08,129.87,130.44,2658522.0,54979718.0
2017-07-05,130.44,131.19,128.48,130.62,3130495.0,64344798.0
2017-07-06,131.32,135.68,129.93,133.47,4864977.0,102310030.0
2017-07-07,133.47,134.48,132.33,132.52,1680255.0,35427404.0
2017-07-10,131.63,134.48,129.93,130.56,2256907.0,47065167.0
2017-07-11,130.31,131.44,129.43,129.49,1621755.0,33467755.0
2017-07-12,129.43,131.26,128.86,130.25,1895866.0,38996743.0
2017-07-13,130.25,131.19,128.79,129.43,1482803.0,30459734.0
2017-07-14,128.04,129.24,125.51,127.41,5611254.0,112823801.0
2017-07-17,126.02,127.03,117.62,121.97,4119484.0,80883484.0
2017-07-18,119.95,122.8,119.95,122.17,2090120.0,40218816.0
2017-07-19,122.23,127.22,121.03,125.64,3631900.0,71820757.0
2017-07-20,124.5,127.09,124.5,125.07,1564582.0,31180971.0
2017-07-21,124.5,126.27,123.11,123.24,1564540.0,30783304.0
2017-07-24,123.24,124.82,121.22,124.82,2705330.0,52483309.0
2017-07-25,125.64,125.95,121.41,121.41,1740570.0,33814764.0
2017-07-26,121.34,122.92,121.03,121.34,1112401.0,21476345.0
2017-07-27,121.91,126.2,121.28,126.14,3724687.0,73465585.0
2017-07-28,127.41,127.41,124.75,125.51,1798140.0,35787222.0
2017-07-31,124.88,126.84,122.8,124.12,1743100.0,34577363.0
2017-08-01,123.49,125.7,122.35,125.26,1919903.0,37739810.0
2017-08-02,125.51,125.51,122.8,122.86,1232500.0,24173985.0
2017-08-03,122.35,124.88,122.35,122.8,1103032.0,21591094.0
2017-08-04,123.11,124.88,122.92,122.98,1308101.0,25648213.0
2017-08-07,122.35,124.69,122.35,123.93,883100.0,17322934.0
2017-08-08,124.82,126.9,123.11,125.64,2308500.0,45543247.0
2017-08-09,124.75,126.96,124.44,125.45,1565600.0,31190972.0
2017-08-10,124.25,125.95,122.98,123.11,1491100.0,29332358.0
2017-08-11,121.91,123.74,120.14,123.68,1165600.0,22668773.0
2017-08-14,121.47,126.52,121.47,125.95,2035046.0,40498837.0
2017-08-15,125.89,126.77,124.69,125.32,1241100.0,24666601.0
2017-08-16,124.75,125.95,124.37,125.95,1348701.0,26732748.0
2017-08-17,125.95,128.86,125.57,128.29,2921061.0,58749865.0
2017-08-18,127.59,129.43,124.88,125.26,2150200.0,43066459.0
2017-08-21,124.44,125.95,124.44,125.76,1355100.0,26859643.0
2017-08-22,126.27,127.4,124.5,124.75,1101422.0,21817838.0
2017-08-23,124.75,125.45,123.74,124.69,1394595.0,27496082.0
2017-08-24,124.75,125.0,121.09,122.48,2366600.0,45967614.0
2017-08-25,122.23,124.31,121.85,124.25,1320895.0,25827446.0
2017-08-28,124.25,126.02,123.87,124.82,2440600.0,48437130.0
2017-08-29,125.0,125.57,124.06,124.69,1259600.0,24865986.0
2017-08-30,123.17,125.0,123.11,123.43,1693210.0,33234117.0
2017-08-31,123.43,124.06,121.09,121.22,3081224.0,59479483.0
2017-09-01,121.28,122.92,120.97,121.41,1565901.0,30128314.0
2017-09-04,121.6,122.73,121.22,121.72,2012000.0,38796900.0
2017-09-05,121.72,122.48,121.28,122.16,1594000.0,30748399.0
2017-09-06,122.16,122.67,121.22,122.67,1680174.0,32462455.0
2017-09-07,123.11,131.95,122.35,127.91,7248522.0,146313663.0
2017-09-08,127.91,129.24,125.19,125.89,3546004.0,70858164.0
2017-09-11,125.89,126.39,124.88,126.14,2043602.0,40758905.0
2017-09-12,126.84,129.99,126.14,127.72,3751260.0,76195868.0
2017-09-13,127.72,128.16,126.14,126.77,1973667.0,39683308.0
2017-09-14,126.77,127.59,125.64,127.15,2972105.0,59573222.0
2017-09-15,129.24,129.24,124.63,125.07,2987043.0,59668937.0
2017-09-18,124.31,127.91,124.18,125.32,2255100.0,44954507.0
2017-09-19,127.34,127.34,124.75,125.07,2036799.0,40389409.0
2017-09-20,123.81,126.14,123.81,125.07,1997226.0,39621031.0
2017-09-21,125.51,125.83,121.85,122.1,2839885.0,55627536.0
2017-09-22,121.72,123.62,121.22,122.67,2022708.0,39098206.0
2017-09-25,124.69,124.69,120.59,121.09,1449833.0,28135144.0
2017-09-26,120.78,121.85,120.71,120.84,1322300.0,25373907.0
2017-09-27,121.47,121.6,120.59,120.9,1261511.0,24175136.0
2017-09-28,121.34,121.47,119.07,119.07,3045779.0,57950193.0
2017-09-29,119.13,120.71,118.56,120.27,1701465.0,32253438.0
2017-10-09,122.48,122.48,117.24,117.37,4096299.0,77216837.0
2017-10-10,117.37,118.63,116.23,117.43,2848700.0,52863544.0
2017-10-11,117.43,118.56,113.89,114.53,4452487.0,81370052.0
2017-10-12,114.53,115.22,112.38,113.01,3570656.0,64244600.0
2017-10-13,112.38,113.58,110.48,111.12,6362656.0,112241794.0
2017-10-16,111.56,111.68,104.17,105.06,8721257.0,149472457.0
2017-10-17,105.31,110.17,105.31,109.22,8493323.0,145132567.0
2017-10-18,109.66,110.36,107.33,107.39,3346475.0,57553196.0
2017-10-19,107.39,108.4,106.13,107.96,2775075.0,47369795.0
2017-10-20,107.45,109.54,107.33,108.15,2346600.0,40396420.0
2017-10-23,108.59,109.16,106.51,106.7,3128661.0,53400701.0
2017-10-24,106.06,111.81,106.0,111.81,6413055.0,112095616.0
2017-10-25,113.07,117.24,111.94,114.65,8659549.0,157366257.0
2017-10-26,113.01,114.65,113.01,113.96,2737600.0,49364088.0
2017-10-27,113.96,115.41,112.38,113.14,2509656.0,45352389.0
2017-10-30,113.07,114.21,110.17,110.17,2733607.0,48122814.0
2017-10-31,109.66,111.87,109.28,110.3,1751487.0,30562980.0
2017-11-01,111.05,111.94,107.96,108.34,2103996.0,36587603.0
2017-11-02,108.91,110.11,108.34,109.6,2099700.0,36392258.0
2017-11-03,108.65,110.36,107.9,108.4,1585094.0,27279418.0
2017-11-06,109.28,110.23,107.58,109.16,1790676.0,30868490.0
2017-11-07,109.16,110.8,108.84,110.17,1845254.0,32125970.0
2017-11-08,110.67,112.69,108.46,111.43,2554200.0,45186583.0
2017-11-09,111.18,112.69,110.86,112.38,1773607.0,31512940.0
2017-11-10,112.38,113.33,111.43,112.63,2110471.0,37592963.0
2017-11-13,112.88,113.45,110.61,111.24,1314200.0,23238908.0
2017-11-14,110.74,112.69,107.96,109.22,3276353.0,56834165.0
2017-11-15,108.91,109.98,107.83,109.41,2622114.0,45185683.0
2017-11-16,109.41,109.85,107.33,107.45,1923303.0,33003037.0
2017-11-17,109.54,109.54,104.11,104.49,2682204.0,45091856.0
2017-11-20,104.55,105.31,99.12,101.77,3950240.0,63449781.0
2017-11-21,101.96,102.15,100.26,101.33,2636318.0,42176678.0
2017-11-22,101.64,102.21,99.75,100.76,2121700.0,33943737.0
2017-11-23,99.75,100.7,95.96,96.28,2773478.0,43246542.0
2017-11-24,97.42,97.54,92.17,93.44,3675476.0,55100384.0
2017-11-27,93.44,102.02,93.44,99.75,4324217.0,67540569.0
2017-11-28,101.01,101.52,98.43,98.8,1943737.0,30604290.0
2017-11-29,98.24,100.07,97.1,98.99,1559752.0,24305487.0
2017-11-30,100.32,103.86,97.54,98.49,3568379.0,57230505.0
2017-12-01,98.3,100.45,98.05,98.93,2017485.0,31610777.0
2017-12-04,99.37,99.37,95.39,97.79,2752131.0,42156372.0
2017-12-05,96.66,98.43,94.76,95.14,2038476.0,30949016.0
2017-12-06,94.26,96.34,94.26,95.9,1888332.0,28503208.0
2017-12-07,95.21,96.97,94.89,95.39,845076.0,12814058.0
2017-12-08,96.28,96.91,94.64,94.64,1543600.0,23421230.0
2017-12-11,94.76,95.77,93.44,93.88,2939302.0,43975894.0
2017-12-12,94.57,103.29,93.82,98.36,9627670.0,151092297.0
2017-12-13,97.73,98.3,95.65,96.66,3561924.0,54395956.0
2017-12-14,95.77,96.85,94.57,95.21,3164483.0,47791276.0
2017-12-15,94.83,95.46,94.26,95.14,1850696.0,27767862.0
2017-12-18,94.7,95.46,93.94,94.2,1509933.0,22613334.0
2017-12-19,94.26,94.89,93.94,93.94,1387861.0,20716101.0
2017-12-20,94.57,95.02,93.88,94.2,1277900.0,19105096.0
2017-12-21,93.69,94.51,92.17,92.43,2840546.0,41725390.0
2017-12-22,92.55,93.06,90.28,91.54,3321094.0,48137699.0
2017-12-25,91.99,91.99,87.76,88.58,3643300.0,51299623.0
2017-12-26,88.58,89.52,85.74,89.46,2114921.0,29637292.0
2017-12-27,90.16,90.16,87.38,87.5,1388900.0,19497661.0
2017-12-28,88.2,88.77,87.31,88.07,1398651.0,19537180.0
2017-12-29,88.07,89.27,87.44,88.39,1382406.0,19267385.0
2018-01-02,89.02,90.66,88.45,90.22,1937579.0,27564396.0
2018-01-03,90.03,90.53,89.21,90.22,1411151.0,20119970.0
2018-01-04,89.71,90.28,89.71,89.9,1244194.0,17731011.0
2018-01-05,89.9,90.41,87.69,88.01,2171275.0,30413919.0
2018-01-08,87.82,88.83,87.31,88.83,1629279.0,22737397.0
2018-01-09,89.84,93.0,88.89,89.08,3640384.0,52656438.0
2018-01-10,89.27,90.22,87.88,88.83,2297007.0,32178088.0
2018-01-11,87.94,89.65,87.76,88.95,1470200.0,20684340.0
2018-01-12,89.27,89.52,88.26,88.26,1215700.0,17079631.0
2018-01-15,88.26,90.34,87.76,88.83,2445481.0,34592603.0
2018-01-16,88.32,92.55,88.26,91.8,3559477.0,51386598.0
2018-01-17,91.29,93.75,91.17,93.12,3200897.0,46836185.0
2018-01-18,93.12,93.63,91.29,92.68,2244861.0,32881834.0
2018-01-19,93.06,96.34,92.17,95.77,4264603.0,64248264.0
2018-01-22,95.96,102.91,95.96,101.01,6643100.0,104939271.0
2018-01-23,100.95,102.21,99.88,101.14,2656500.0,42337990.0
2018-01-24,100.89,102.15,99.62,101.46,2368624.0,37862763.0
2018-01-25,101.83,104.17,99.81,99.81,3333786.0,53699224.0
2018-01-26,100.26,103.98,100.07,102.97,3584362.0,58123362.0
2018-01-29,103.54,106.0,102.59,104.42,3814546.0,63232406.0
2018-01-30,103.48,106.0,103.22,105.24,2145341.0,35634164.0
2018-01-31,105.24,105.75,100.57,101.01,2605850.0,42221892.0
2018-02-01,101.58,102.15,98.55,100.7,2693481.0,42839658.0
2018-02-02,99.75,101.46,96.97,96.97,2153100.0,34001642.0
2018-02-05,97.54,106.06,96.03,104.99,4248056.0,68138748.0
2018-02-06,102.91,104.68,99.12,99.69,4232941.0,67840841.0
2018-02-07,101.39,102.47,97.79,100.0,2531847.0,40111614.0
2018-02-08,99.75,104.11,99.75,100.07,2345708.0,37868362.0
2018-02-09,96.59,99.25,90.09,90.16,7506937.0,110030263.0
2018-02-12,90.03,92.62,90.03,92.11,2359834.0,34222762.0
2018-02-13,92.11,94.26,91.23,93.5,1911183.0,28190655.0
2018-02-14,94.07,95.71,92.36,94.95,1758998.0,26365031.0
2018-02-22,94.95,98.24,94.95,97.61,1534700.0,23652546.0
2018-02-23,98.11,100.0,97.04,99.69,1998046.0,31397842.0
2018-02-26,100.13,102.28,99.06,100.26,2194310.0,34813474.0
2018-02-27,100.38,105.75,99.18,104.11,4589736.0,74789791.0
2018-02-28,102.66,106.44,102.53,104.68,3239337.0,53895051.0
2018-03-01,104.17,105.56,103.86,104.61,2305411.0,38207644.0
2018-03-02,104.61,105.75,103.54,103.79,1970000.0,32548058.0
2018-03-05,105.37,105.37,103.1,103.98,1907600.0,31410037.0
2018-03-06,103.54,109.85,103.54,108.53,5762125.0,98002070.0
2018-03-07,107.2,108.59,105.75,106.06,3278072.0,55394130.0
2018-03-08,105.88,107.08,105.62,106.38,1603331.0,26959092.0
2018-03-09,106.63,107.26,104.67,106.7,2377054.0,40003968.0
2018-03-12,107.33,108.53,106.38,106.7,2483200.0,42233831.0
2018-03-13,106.7,107.52,101.64,101.96,5183987.0,85121578.0
2018-03-14,102.4,105.62,102.15,104.17,4429279.0,72626765.0
2018-03-15,103.54,104.93,101.71,103.29,2807751.0,45815334.0
2018-03-16,104.04,104.11,101.77,101.83,1755319.0,28656259.0
2018-03-19,101.08,103.86,101.08,102.53,1523300.0,24803595.0
2018-03-20,103.86,103.86,101.46,101.77,1596290.0,25853910.0
2018-03-21,102.59,102.59,100.13,100.19,2574569.0,41363050.0
2018-03-22,100.26,100.76,98.93,99.18,2074924.0,32769082.0
2018-03-23,97.54,98.93,95.33,96.91,3229100.0,49589651.0
2018-03-26,95.02,99.5,94.83,98.61,1976136.0,30387164.0
2018-03-27,100.32,100.64,98.87,100.07,1833200.0,28959041.0
2018-03-28,99.56,100.07,98.55,99.06,1447200.0,22790461.0
2018-03-29,99.06,102.02,98.93,98.99,1623088.0,25700479.0
2018-03-30,98.55,100.7,98.55,100.57,2040403.0,32347622.0
2018-04-02,100.64,105.18,100.64,104.55,3484733.0,57147311.0
2018-04-03,104.8,104.8,101.52,102.21,2521027.0,41109516.0
2018-04-04,102.21,104.55,101.83,103.54,2156020.0,35335733.0
2018-04-09,103.86,104.68,101.14,103.1,1605765.0,26176763.0
2018-04-10,102.28,103.79,102.15,102.91,1807286.0,29477231.0
2018-04-11,103.1,104.99,103.1,104.86,2126834.0,35068281.0
2018-04-12,104.86,105.24,102.78,102.84,1712080.0,28194030.0
2018-04-13,104.17,104.17,102.21,102.97,1128567.0,18421023.0
2018-04-16,102.09,104.11,102.02,102.78,1915902.0,31234061.0
2018-04-17,102.59,103.67,101.64,101.71,1983797.0,32196177.0
2018-04-18,101.77,108.27,101.77,108.08,5795562.0,97125200.0
2018-04-19,106.57,108.78,106.06,107.45,3890042.0,66103832.0
2018-04-20,107.33,107.33,105.18,105.69,2356334.0,39642916.0
2018-04-23,105.12,107.01,103.03,104.68,2069946.0,34448739.0
2018-04-24,104.68,107.2,104.23,107.2,2154249.0,36233666.0
2018-04-25,107.33,107.77,105.88,106.32,1859169.0,31399531.0
2018-04-26,107.14,110.99,105.56,108.91,5076081.0,88015039.0
2018-04-27,108.91,110.48,108.27,109.09,2298502.0,39883548.0
2018-05-02,109.35,111.11,106.7,107.39,3011900.0,51897848.0
2018-05-03,107.96,109.16,105.75,109.03,3021270.0,51454994.0
2018-05-04,109.03,110.04,107.96,108.46,1873340.0,32259613.0
2018-05-07,109.09,111.81,108.53,111.31,3250890.0,57069018.0
2018-05-08,111.43,113.64,110.61,113.64,2814100.0,50153964.0
2018-05-09,113.64,118.0,113.01,116.73,5332220.0,98398492.0
2018-05-10,116.61,121.03,116.1,120.27,5379763.0,101781688.0
2018-05-11,119.83,120.96,118.25,119.2,2939963.0,55417570.0
2018-05-14,118.19,120.9,117.68,117.87,2647468.0,49766179.0
2018-05-15,119.64,119.7,116.17,117.81,2455521.0,45809008.0
2018-05-16,118.63,121.03,117.3,120.14,3032878.0,57410371.0
2018-05-17,119.83,119.95,116.92,117.93,2597169.0,48589927.0
2018-05-18,117.56,119.39,117.56,118.82,1835800.0,34518109.0
2018-05-21,119.77,122.1,118.94,119.2,3063100.0,58387480.0
2018-05-22,118.94,120.33,118.94,119.95,1702915.0,32280458.0
2018-05-23,120.27,120.27,117.81,119.58,2384574.0,44917273.0
2018-05-24,120.46,120.46,117.87,118.25,1348498.0,25356747.0
2018-05-25,118.38,118.82,113.96,114.65,3635200.0,66723542.0
2018-05-28,114.9,120.78,114.53,120.08,4610846.0,86403344.0
2018-05-29,120.59,121.78,118.63,119.07,2955203.0,56059931.0
2018-05-30,117.37,118.12,113.64,113.83,3157100.0,57923262.0
2018-05-31,115.22,116.42,112.5,115.53,2230800.0,40542378.0
2018-06-01,115.53,116.67,113.64,114.9,1721200.0,31420834.0
2018-06-04,115.66,117.43,114.27,114.9,1499231.0,27429166.0
2018-06-05,114.97,118.56,114.59,118.0,2408664.0,44592025.0
2018-06-06,119.26,123.74,119.07,121.66,5002785.0,96553472.0
2018-06-07,122.16,123.49,121.72,122.42,2845652.0,55170073.0
2018-06-08,120.96,122.42,119.32,120.59,2586601.0,49441636.0
2018-06-11,120.27,120.33,117.11,117.24,2106089.0,39572322.0
2018-06-12,116.99,119.13,116.86,118.25,1563729.0,29279658.0
2018-06-13,117.62,119.13,115.53,115.79,1895608.0,35175630.0
2018-06-14,115.82,117.09,109.34,110.48,3932581.0,69969207.0
2018-06-15,111.44,113.66,110.99,112.07,3095616.0,54634185.0
2018-06-19,108.64,111.69,101.78,104.45,3869900.0,65316012.0
2018-06-20,105.09,105.09,100.83,103.5,2977253.0,48393312.0
2018-06-21,102.42,106.23,100.64,101.59,2736600.0,44656331.0
2018-06-22,100.33,103.18,100.33,101.47,1643998.0,26372679.0
2018-06-25,102.74,103.25,94.55,95.31,4111301.0,63861256.0
2018-06-26,94.99,101.4,94.36,100.96,3282912.0,51010247.0
2018-06-27,102.67,102.67,96.52,97.47,3086100.0,47918608.0
2018-06-28,96.83,100.01,96.01,96.07,2776454.0,43014119.0
2018-06-29,96.26,98.1,95.44,97.09,6157441.0,93808953.0
2018-07-02,97.72,97.72,90.8,91.44,4810715.0,71418842.0
2018-07-03,92.26,99.06,92.26,98.23,5561033.0,82975161.0
2018-07-04,97.78,97.78,91.44,93.34,4810500.0,71105133.0
2018-07-05,93.34,94.17,88.2,89.09,3215702.0,46102484.0
2018-07-06,89.15,92.7,87.62,90.93,3374499.0,48257632.0
2018-07-09,91.05,92.77,90.99,92.2,2407600.0,34892152.0
2018-07-10,93.09,93.09,89.53,90.67,3281530.0,46980073.0
2018-07-11,89.59,91.25,87.88,89.78,2871900.0,40732484.0
2018-07-12,89.85,94.8,89.85,93.4,2997890.0,43804830.0
2018-07-13,95.12,95.18,92.26,93.02,2650836.0,38956528.0
2018-07-16,93.02,93.21,90.42,91.75,2594787.0,37428655.0
2018-07-17,92.7,93.66,90.93,93.28,1718238.0,24978486.0
2018-07-18,94.23,94.23,91.75,91.75,2327792.0,33938330.0
2018-07-19,91.75,93.02,91.44,92.26,1857562.0,27002829.0
2018-07-20,91.75,94.29,91.44,93.97,2063111.0,30230634.0
2018-07-23,93.97,96.26,92.83,95.56,3002418.0,44809295.0
2018-07-24,95.12,99.06,95.12,97.21,2835736.0,43673642.0
2018-07-25,97.78,97.78,96.01,96.83,1738654.0,26483797.0
2018-07-26,97.28,97.28,94.99,95.12,1317770.0,19881679.0
2018-07-27,95.88,96.13,94.55,95.37,1217000.0,18286548.0
2018-07-30,96.01,96.13,93.47,94.48,1522997.0,22766600.0
2018-07-31,93.53,95.05,93.53,94.1,847908.0,12565642.0
2018-08-01,93.85,96.2,93.66,93.66,1420953.0,21160034.0
2018-08-02,93.4,93.4,88.26,89.28,2539800.0,36022196.0
2018-08-03,87.94,90.36,87.94,89.34,1495046.0,21100881.0
2018-08-06,88.89,89.34,82.23,83.05,4246721.0,56684364.0
2018-08-07,83.12,85.09,81.91,85.09,2437401.0,32151926.0
2018-08-08,85.53,86.04,84.13,84.77,1646571.0,22081865.0
2018-08-09,83.94,88.58,83.75,87.63,2368271.0,32327521.0
2018-08-10,87.44,87.82,85.66,86.99,1405777.0,19170059.0
2018-08-13,85.72,86.74,82.29,85.97,2766196.0,36878691.0
2018-08-14,85.02,87.56,85.02,86.93,2247672.0,30716286.0
2018-08-15,86.36,87.5,82.93,82.93,2667400.0,35646085.0
2018-08-16,82.55,86.93,82.55,86.61,3601382.0,48654920.0
2018-08-17,87.5,87.75,81.02,82.42,4501672.0,59154116.0
2018-08-20,81.91,81.91,74.16,74.16,9031601.0,107977419.0
2018-08-21,74.29,77.02,73.97,74.42,5170182.0,60865946.0
2018-08-22,74.8,76.07,73.66,75.43,2796397.0,33087326.0
2018-08-23,75.24,76.2,73.97,75.69,2703241.0,32203581.0
2018-08-24,76.32,76.96,75.62,76.01,2254560.0,27141359.0
2018-08-27,75.24,78.48,74.29,78.1,2638500.0,32343578.0
2018-08-28,78.8,78.8,75.94,76.77,2223271.0,26913510.0
2018-08-29,76.58,78.36,76.39,77.21,1935400.0,23597915.0
2018-08-30,77.47,77.85,75.05,75.69,2412300.0,28916381.0
2018-08-31,74.8,78.04,74.16,75.43,2666774.0,32080908.0
2018-09-03,75.43,76.51,73.02,74.93,2715100.0,31906288.0
2018-09-04,73.78,78.36,70.48,77.59,3715197.0,44767990.0
2018-09-05,76.89,77.21,74.04,74.86,3679271.0,43590286.0
2018-09-06,74.29,75.18,72.32,73.59,2860397.0,33271038.0
2018-09-07,73.59,76.58,72.7,73.97,3120465.0,36909221.0
2018-09-10,73.47,74.48,70.61,70.61,3369204.0,38266013.0
2018-09-11,71.43,72.32,70.1,70.99,4432601.0,49693247.0
2018-09-12,71.37,72.64,70.8,72.07,3064601.0,34777299.0
2018-09-13,73.72,73.72,70.86,72.32,2672680.0,30229389.0
2018-09-14,72.2,72.83,69.85,69.85,2245306.0,25128030.0
2018-09-17,69.53,70.73,68.26,69.15,3010112.0,32995653.0
2018-09-18,68.39,70.48,68.26,70.42,3194049.0,34960172.0
2018-09-19,70.61,72.2,69.85,71.24,2694398.0,30256521.0
2018-09-20,71.37,72.26,70.61,71.05,1817161.0,20374929.0
2018-09-21,71.37,71.75,69.34,71.62,2982300.0,33263477.0
2018-09-25,70.99,70.99,69.47,69.97,2603600.0,28737101.0
2018-09-26,70.55,72.77,69.85,72.51,5677100.0,64289043.0
2018-09-27,72.83,72.83,69.28,69.91,4874624.0,54022494.0
2018-09-28,69.85,70.23,69.15,69.4,2630200.0,28836160.0
2018-10-08,66.48,67.31,62.54,63.37,4603600.0,47705173.0
2018-10-09,63.69,69.72,63.69,69.72,13714532.0,147864513.0
2018-10-10,70.48,70.48,65.66,66.42,8150288.0,87477399.0
2018-10-11,65.4,69.21,62.29,63.37,8468379.0,87513941.0
2018-10-12,62.29,64.0,57.78,58.35,12139130.0,114139692.0
2018-10-15,58.67,60.26,54.67,54.86,11644715.0,104436503.0
2018-10-16,56.64,59.5,55.62,58.1,10169915.0,92373303.0
2018-10-17,58.61,58.86,55.37,57.34,7262404.0,65079106.0
2018-10-18,57.08,57.53,54.61,55.62,5155543.0,45389741.0
2018-10-19,54.61,57.66,53.4,56.89,6281500.0,54840469.0
2018-10-22,57.15,59.75,57.15,58.8,7947908.0,73320024.0
2018-10-23,58.8,59.05,55.5,56.58,5079936.0,45568885.0
2018-10-24,56.51,59.18,55.5,58.42,5922077.0,54013123.0
2018-10-25,56.96,57.59,55.5,57.46,5671624.0,50522396.0
2018-10-26,58.1,58.54,56.07,56.2,3852947.0,34669770.0
2018-10-29,56.32,57.4,55.88,56.83,2768600.0,24695525.0
2018-10-30,56.45,57.15,54.92,57.08,4147605.0,36698442.0
2018-10-31,56.89,58.1,56.13,57.46,5539419.0,49877096.0
2018-11-01,58.42,59.24,57.4,58.35,5986066.0,55272099.0
2018-11-02,59.56,62.04,59.05,61.72,7450145.0,71338392.0
2018-11-05,61.21,62.61,60.32,61.27,3934499.0,37959386.0
2018-11-06,60.96,62.48,60.07,62.48,3318259.0,32139422.0
2018-11-07,62.67,63.05,61.02,61.34,3390300.0,33227569.0
2018-11-08,62.29,64.07,61.02,63.24,4316745.0,42693073.0
2018-11-09,63.31,63.31,61.08,61.66,3549639.0,34654506.0
2018-11-12,61.47,64.7,61.15,64.19,4316080.0,42906605.0
2018-11-13,63.88,65.85,62.92,65.02,3937542.0,40006457.0
