2011-05-11,31.58,34.92,31.21,33.8,11666498.0,381584192.0
2011-05-12,34.99,36.06,34.5,35.45,6279901.0,221115440.0
2011-05-13,35.9,36.3,34.76,35.58,3353102.0,118862656.0
2011-05-16,34.31,34.64,33.6,34.0,3093839.0,105342824.0
2011-05-17,34.17,37.4,33.95,37.4,3326720.0,119224496.0
2011-05-18,36.69,36.78,34.51,34.96,2673256.0,94883832.0
2011-05-19,34.7,35.29,33.66,35.11,1561266.0,54109644.0
2011-05-20,35.11,35.33,33.1,33.2,1746271.0,59368412.0
2011-05-23,32.08,33.58,32.08,33.2,1646629.0,54049728.0
2011-05-24,32.98,34.28,32.18,33.67,1721616.0,57678280.0
2011-05-25,33.13,33.63,32.7,32.8,923675.0,30496696.0
2011-05-26,33.13,33.3,31.58,32.42,1066995.0,34529216.0
2011-05-27,32.66,32.66,31.3,31.8,452227.0,14421066.0
2011-05-30,32.0,32.27,31.21,31.7,504419.0,15976519.0
2011-05-31,31.62,33.05,31.55,32.3,560052.0,17970960.0
2011-06-01,32.29,32.88,31.78,32.65,696347.0,22693444.0
2011-06-02,32.18,32.48,30.56,30.99,1393235.0,43622192.0
2011-06-03,30.8,32.85,30.61,31.97,1016554.0,32527366.0
2011-06-07,32.25,32.47,31.6,31.99,586954.0,18784312.0
2011-06-08,31.59,32.1,31.31,32.0,287063.0,9107540.0
2011-06-09,31.97,32.03,31.21,31.62,286655.0,9056606.0
2011-06-10,31.31,32.59,31.1,32.45,883113.0,28271736.0
2011-06-13,32.0,32.38,31.62,32.19,339102.0,10885849.0
2011-06-14,32.12,32.76,32.1,32.35,398852.0,12963248.0
2011-06-15,32.26,32.91,31.85,32.15,286389.0,9287047.0
2011-06-16,31.5,32.1,30.5,30.8,371750.0,11542956.0
2011-06-17,30.06,31.6,30.06,30.7,187699.0,5742632.0
2011-06-20,30.1,30.76,30.1,30.3,143176.0,4338701.0
2011-06-21,30.12,30.8,30.0,30.38,185820.0,5636936.0
2011-06-22,30.36,31.2,30.2,30.57,96685.0,2953039.0
2011-06-23,30.3,32.18,30.3,31.91,560029.0,17656984.0
2011-06-24,31.6,32.38,31.23,32.11,842178.0,26791246.0
2011-06-28,32.6,33.19,32.18,32.74,943239.0,30772626.0
2011-06-29,32.98,33.98,32.98,33.24,813759.0,27239118.0
2011-06-30,33.33,33.96,32.76,32.9,443735.0,14678215.0
2011-07-01,33.0,34.1,32.81,33.3,451915.0,15178918.0
2011-07-04,33.45,34.79,33.37,34.47,545801.0,18717370.0
2011-07-05,34.5,34.51,34.04,34.29,379812.0,13018375.0
2011-07-06,34.29,35.7,33.95,35.26,485409.0,16810922.0
2011-07-07,35.25,36.9,35.0,36.19,747789.0,27012912.0
2011-07-08,36.18,36.5,35.38,35.72,1553817.0,55355344.0
2011-07-11,35.36,36.3,35.05,35.8,385790.0,13775842.0
2011-07-12,35.52,36.0,34.95,35.0,441303.0,15630792.0
2011-07-13,35.49,35.77,35.02,35.66,380584.0,13500800.0
2011-07-14,35.66,35.96,34.8,35.38,805185.0,28308424.0
2011-07-15,35.27,37.28,35.15,35.88,752333.0,27223538.0
2011-07-18,35.65,37.25,35.6,36.84,755234.0,27660602.0
2011-07-19,36.8,36.99,35.8,36.03,283737.0,10252235.0
2011-07-20,36.05,36.48,35.3,35.75,220636.0,7896680.0
2011-07-21,35.54,36.59,35.54,36.29,681835.0,24748688.0
2011-07-22,36.29,36.6,35.76,36.41,363460.0,13167270.0
2011-07-25,35.91,36.4,35.02,35.2,417049.0,14809845.0
2011-07-26,35.16,35.74,34.11,35.33,463410.0,16077222.0
2011-07-27,35.17,38.46,34.51,37.6,916988.0,33992616.0
2011-07-28,37.06,38.85,36.8,37.82,858631.0,32693948.0
2011-07-29,37.39,37.4,35.86,35.96,1566873.0,57126264.0
2011-08-01,36.0,38.36,35.82,38.32,931489.0,34628656.0
2011-08-02,38.0,38.26,37.22,38.0,628012.0,23634430.0
2011-08-03,37.68,39.88,37.44,38.78,760367.0,29746122.0
2011-08-04,39.04,39.34,38.25,39.04,478098.0,18545162.0
2011-08-05,37.5,41.17,37.3,40.16,885242.0,35207484.0
2011-08-08,39.78,40.98,38.05,39.09,1062389.0,41741004.0
2011-08-09,38.0,40.44,37.51,40.2,562897.0,21991976.0
2011-08-10,40.7,41.55,39.57,39.57,1128824.0,45590628.0
2011-08-11,39.03,40.15,38.76,39.36,1531227.0,60087756.0
2011-08-12,39.2,40.56,39.0,39.15,1191800.0,47507764.0
2011-08-15,38.98,40.49,38.98,40.44,1654957.0,66070324.0
2011-08-16,40.48,41.38,40.2,40.88,891303.0,36459800.0
2011-08-17,40.85,41.6,40.24,41.18,659824.0,27088610.0
2011-08-18,41.18,42.18,40.71,40.99,775879.0,32151944.0
2011-08-19,40.02,41.15,40.02,40.58,443530.0,18021908.0
2011-08-22,40.98,42.0,40.4,41.0,373999.0,15453685.0
2011-08-23,41.76,41.8,40.21,41.32,420561.0,17203044.0
2011-08-24,41.63,44.48,41.3,41.76,1296097.0,55287592.0
2011-08-25,41.99,42.97,40.5,41.87,967778.0,39962704.0
2011-08-26,41.38,43.75,41.38,43.47,745569.0,31944784.0
2011-08-29,43.89,44.2,43.03,43.93,579199.0,25236474.0
2011-08-30,44.0,44.4,42.33,42.95,402805.0,17382718.0
2011-08-31,42.96,43.14,42.03,42.7,648351.0,27542792.0
2011-09-01,42.63,42.9,41.5,41.8,325199.0,13732811.0
2011-09-02,41.7,41.7,40.35,41.19,391199.0,15985332.0
2011-09-05,40.69,41.13,40.21,40.84,138449.0,5639549.0
2011-09-06,40.3,40.8,39.41,40.7,316636.0,12759653.0
2011-09-07,40.8,41.8,40.4,41.7,197179.0,8117888.0
2011-09-08,41.97,42.0,40.68,40.9,227922.0,9417437.0
2011-09-09,40.9,41.0,39.7,39.7,333480.0,13420735.0
2011-09-13,39.25,40.0,38.68,39.84,160508.0,6335584.0
2011-09-14,40.43,41.0,39.44,40.0,153600.0,6128143.0
2011-09-15,40.1,41.0,39.72,39.9,108101.0,4356845.0
2011-09-16,39.93,40.3,39.11,39.29,107210.0,4232779.0
2011-09-19,39.01,39.4,38.55,39.1,70000.0,2736324.0
2011-09-20,38.91,39.49,38.61,39.45,241499.0,9472855.0
2011-09-21,39.88,40.91,39.5,40.64,257236.0,10313476.0
2011-09-22,40.46,40.48,39.72,39.72,90699.0,3629668.0
2011-09-23,39.01,39.34,38.03,39.34,148296.0,5771053.0
2011-09-26,39.5,39.5,38.38,38.78,180158.0,7019418.0
2011-09-27,39.18,39.2,38.21,38.89,149850.0,5771614.0
2011-09-28,38.36,39.3,38.1,38.8,85105.0,3295083.0
2011-09-29,38.21,38.58,37.63,38.29,97538.0,3711365.0
2011-09-30,38.28,38.55,37.8,38.3,78057.0,2984230.0
2011-10-10,38.3,38.7,37.7,38.25,116386.0,4440917.0
2011-10-11,38.55,39.8,37.61,38.0,102332.0,3929271.0
2011-10-12,37.51,39.0,37.02,38.8,354352.0,13622196.0
2011-10-13,38.66,39.8,38.55,39.46,337771.0,13304683.0
2011-10-14,39.46,39.46,38.0,38.4,261761.0,10083334.0
2011-10-17,38.49,38.82,38.2,38.45,175500.0,6749142.0
2011-10-18,38.42,38.42,37.29,37.38,197300.0,7423590.0
2011-10-19,37.22,37.22,35.68,35.95,414929.0,15088282.0
2011-10-20,35.6,35.6,33.51,34.75,692609.0,23642460.0
2011-10-21,34.38,34.46,33.6,33.72,223870.0,7597143.0
2011-10-24,33.4,34.59,32.93,34.48,147771.0,4990150.0
2011-10-25,34.52,35.9,34.1,35.48,179923.0,6270644.0
2011-10-26,35.0,35.75,34.12,35.0,379090.0,13260485.0
2011-10-27,34.61,35.62,34.61,35.04,174507.0,6138868.0
2011-10-28,35.76,36.0,35.2,35.95,211491.0,7518003.0
2011-10-31,36.3,36.95,35.88,36.82,154503.0,5656994.0
2011-11-01,36.31,36.98,36.3,36.8,189985.0,6976413.0
2011-11-02,36.5,37.67,36.31,37.58,215667.0,7994019.0
2011-11-03,37.66,39.0,37.66,38.25,266121.0,10237384.0
2011-11-04,37.79,38.85,37.79,38.2,119720.0,4563537.0
2011-11-08,37.7,38.8,37.7,38.5,198705.0,7637483.0
2011-11-09,38.4,38.97,38.32,38.89,171889.0,6641958.0
2011-11-10,38.9,39.2,38.56,38.88,202218.0,7869867.0
2011-11-11,39.0,39.0,37.98,38.5,157978.0,6071578.0
2011-11-14,38.57,39.49,38.48,39.27,266871.0,10422381.0
2011-11-15,39.39,39.4,39.07,39.27,121270.0,4761446.0
2011-11-16,39.05,39.39,38.28,38.7,115265.0,4492492.0
2011-11-17,38.86,40.98,38.38,39.28,232687.0,9207817.0
2011-11-18,39.38,40.2,38.41,38.85,159788.0,6237731.0
2011-11-21,38.9,39.08,37.72,38.47,131700.0,5026605.0
2011-11-22,37.98,38.59,37.6,38.59,125746.0,4804157.0
2011-11-23,38.21,39.22,38.0,38.46,109025.0,4200374.0
2011-11-24,38.43,38.78,38.0,38.45,104298.0,4001132.0
2011-11-25,38.2,38.7,38.02,38.6,102291.0,3921220.0
2011-11-28,38.8,39.0,38.1,38.5,81403.0,3130372.0
2011-11-29,38.28,38.95,38.05,38.89,81721.0,3139100.0
2011-11-30,38.6,39.99,38.48,38.77,369915.0,14545529.0
2011-12-01,39.33,40.8,39.0,40.34,572009.0,22853686.0
2011-12-02,40.38,40.77,39.4,39.7,203012.0,8095841.0
2011-12-05,39.88,39.9,36.71,38.0,345196.0,13111233.0
2011-12-06,37.05,38.4,37.05,37.94,148914.0,5605972.0
2011-12-07,37.25,38.45,37.25,37.97,47100.0,1782105.0
2011-12-08,37.55,38.75,37.41,38.43,106857.0,4082370.0
2011-12-09,38.4,38.65,37.68,38.19,65651.0,2513122.0
2011-12-12,37.8,38.15,35.01,36.49,142099.0,5192387.0
2011-12-13,36.36,36.9,35.61,35.71,177569.0,6371889.0
2011-12-14,35.71,36.15,35.2,35.9,212700.0,7627884.0
2011-12-15,35.82,35.9,34.82,35.3,69616.0,2458038.0
2011-12-16,35.6,35.9,34.23,35.88,91597.0,3215598.0
2011-12-19,35.2,36.03,35.13,35.8,63869.0,2285466.0
2011-12-20,35.51,36.49,35.51,36.1,78540.0,2826506.0
2011-12-21,36.1,36.15,35.24,35.24,116057.0,4113013.0
2011-12-22,34.52,35.59,33.61,35.44,95721.0,3325378.0
2011-12-23,35.45,35.85,34.88,35.65,39816.0,1417160.0
2011-12-26,34.85,35.68,34.5,35.68,140941.0,4938803.0
2011-12-27,35.58,36.39,35.02,35.39,73095.0,2607559.0
2011-12-28,35.2,35.88,33.31,35.87,173756.0,5990340.0
2011-12-29,35.0,36.9,34.92,36.88,357587.0,12709810.0
2011-12-30,36.22,37.18,35.92,35.99,231368.0,8392046.0
2012-01-04,36.9,37.77,34.58,34.58,156999.0,5646652.0
2012-01-06,33.5,33.5,31.12,31.49,978343.0,30914944.0
2012-01-09,31.39,33.28,30.51,31.55,1236142.0,38721424.0
2012-01-10,31.33,32.3,31.15,32.09,692738.0,22045642.0
2012-01-11,32.26,33.1,31.87,32.51,425716.0,13905404.0
2012-01-12,32.4,32.81,31.51,31.58,334441.0,10708429.0
2012-01-13,31.48,31.48,28.42,28.42,1207586.0,35179160.0
2012-01-16,27.18,27.87,25.98,25.98,410227.0,11010679.0
2012-01-17,25.87,27.2,25.3,26.82,406611.0,10694660.0
2012-01-18,26.82,27.0,24.14,24.14,890900.0,22403220.0
2012-01-19,23.73,24.89,23.7,24.5,721103.0,17605492.0
2012-01-20,24.51,25.0,24.15,24.84,736571.0,18111306.0
2012-01-30,24.87,26.14,24.35,25.65,506475.0,12899825.0
2012-01-31,25.65,26.12,25.2,25.88,427564.0,10937681.0
2012-02-01,25.66,26.56,25.65,26.21,448971.0,11799451.0
2012-02-02,26.24,26.55,25.86,26.43,275778.0,7223110.0
2012-02-03,26.43,26.85,26.27,26.84,508162.0,13533301.0
2012-02-06,26.93,27.35,26.53,26.99,490633.0,13213899.0
2012-02-07,26.7,27.23,26.42,26.6,438018.0,11665971.0
2012-02-08,26.31,26.96,26.31,26.9,397201.0,10603865.0
2012-02-09,26.92,27.59,26.76,27.3,403936.0,10990878.0
2012-02-10,27.28,27.34,26.8,26.99,507968.0,13736143.0
2012-02-13,26.88,28.39,26.55,28.38,893203.0,24845928.0
2012-02-14,28.2,29.18,28.0,28.93,529323.0,15207465.0
2012-02-15,28.8,29.04,28.52,28.95,478866.0,13820400.0
2012-02-16,28.71,29.15,28.5,28.82,342780.0,9888736.0
2012-02-17,28.98,29.34,28.31,28.7,316308.0,9075408.0
2012-02-20,29.27,29.27,28.63,28.8,369951.0,10677152.0
2012-02-21,28.8,28.8,28.05,28.64,980778.0,27820370.0
2012-02-22,28.64,29.9,28.62,29.85,1087296.0,31871810.0
2012-02-23,30.15,30.68,29.3,29.6,1213151.0,36141816.0
2012-02-24,29.78,30.48,29.61,30.29,1075613.0,32470698.0
2012-02-27,30.0,30.27,29.7,29.8,1443792.0,43248604.0
2012-02-28,31.0,31.19,30.0,30.14,4215978.0,129279272.0
2012-02-29,30.0,30.0,28.04,28.18,2600409.0,74382160.0
2012-03-01,28.0,28.54,27.83,28.38,1006390.0,28487160.0
2012-03-02,28.4,28.98,28.3,28.88,1100650.0,31504136.0
2012-03-05,29.0,29.11,28.65,28.73,1044016.0,30073428.0
2012-03-06,28.76,28.93,28.2,28.41,682152.0,19418220.0
2012-03-07,28.39,28.79,28.01,28.54,772243.0,22022024.0
2012-03-08,28.62,29.19,28.62,29.19,947650.0,27404350.0
2012-03-09,29.57,30.48,29.32,29.75,2569572.0,76737840.0
2012-03-12,30.04,30.04,29.55,29.9,1396516.0,41604564.0
2012-03-13,29.9,29.98,29.6,29.81,1272327.0,37824552.0
2012-03-14,29.89,30.7,28.3,28.9,2247428.0,67406328.0
2012-03-15,28.7,29.24,27.72,28.3,954212.0,27062564.0
2012-03-16,28.2,29.3,28.2,29.0,1050899.0,30421046.0
2012-03-19,28.8,29.9,28.72,29.68,1194206.0,35301220.0
2012-03-20,29.6,29.6,28.38,28.45,808761.0,23312802.0
2012-03-21,28.68,28.83,27.3,27.9,754150.0,21210880.0
2012-03-22,27.89,28.3,27.7,27.91,567413.0,15934283.0
2012-03-23,27.91,27.91,27.18,27.24,450054.0,12382289.0
2012-03-26,27.24,27.38,26.65,26.78,407858.0,10987439.0
2012-03-27,26.83,27.39,26.83,27.16,404007.0,10964911.0
2012-03-28,27.23,27.23,25.3,25.32,613880.0,15959400.0
2012-03-29,25.12,25.4,24.94,25.1,385848.0,9698204.0
2012-04-05,25.1,25.78,25.1,25.7,396757.0,10137646.0
2012-04-06,25.71,25.8,25.45,25.72,297921.0,7636293.0
2012-04-09,25.72,25.89,25.45,25.45,245200.0,6291770.0
2012-04-10,25.2,25.41,23.73,24.8,640494.0,15637247.0
2012-04-11,24.55,24.97,24.03,24.87,279569.0,6878620.0
2012-04-12,24.88,25.35,24.85,25.34,434875.0,10935734.0
2012-04-13,25.48,25.57,25.21,25.49,430174.0,10926633.0
2012-04-16,25.45,25.45,24.96,24.98,617191.0,15497273.0
2012-04-17,25.1,25.1,24.71,24.72,292265.0,7266998.0
2012-04-18,24.85,25.37,24.75,25.32,796534.0,19916206.0
2012-04-19,25.38,25.38,24.98,25.38,622011.0,15649988.0
2012-04-20,25.29,25.94,25.18,25.84,872885.0,22374986.0
2012-04-23,25.84,25.85,24.0,24.11,1048581.0,25850468.0
2012-04-24,23.86,24.17,22.8,23.37,662248.0,15523360.0
2012-04-25,23.2,23.22,22.81,23.09,551451.0,12669066.0
2012-04-26,23.17,23.18,22.71,22.75,480750.0,11002777.0
2012-04-27,22.68,23.22,22.6,23.2,456010.0,10498484.0
2012-05-02,23.48,23.58,23.02,23.38,509578.0,11852423.0
2012-05-03,23.35,23.4,23.1,23.38,336767.0,7823677.0
2012-05-04,23.37,24.51,23.37,24.28,739097.0,17674614.0
2012-05-07,24.25,25.4,23.9,25.11,950619.0,23575558.0
2012-05-08,25.19,25.78,25.13,25.38,1177815.0,30013582.0
2012-05-09,25.2,25.2,24.55,24.6,724452.0,17870012.0
2012-05-10,24.5,25.47,24.5,24.82,482639.0,12082720.0
2012-05-11,25.1,26.02,24.6,25.8,1025430.0,26148568.0
2012-05-14,25.99,27.3,25.99,26.38,1616080.0,43354832.0
2012-05-15,26.35,26.35,25.53,26.02,657261.0,17015264.0
2012-05-16,25.8,27.1,25.71,26.0,747178.0,19666998.0
2012-05-17,25.89,26.44,24.9,25.04,966666.0,24442026.0
2012-05-18,24.71,25.03,23.98,24.2,1289137.0,15455715.0
2012-05-21,23.39,24.71,23.23,23.43,902425.0,10469274.0
2012-05-22,23.47,24.22,23.47,23.84,463650.0,5455677.0
2012-05-23,23.8,23.9,22.9,23.39,641925.0,7412107.0
2012-05-24,23.39,23.53,23.05,23.19,311550.0,3584994.0
2012-05-25,23.09,23.39,22.84,22.92,277034.0,3162450.0
2012-05-28,22.42,23.27,21.87,22.98,680960.0,7529577.0
2012-05-29,22.76,23.65,22.74,23.47,707675.0,8159463.0
2012-05-30,23.35,23.67,23.25,23.47,469819.0,5448270.0
2012-05-31,23.39,23.82,23.11,23.43,1406347.0,16363576.0
2012-06-01,23.43,23.71,23.07,23.23,669283.0,7736608.0
2012-06-04,22.88,22.88,22.16,22.24,712620.0,7870590.0
2012-06-05,22.44,22.46,21.93,22.07,615607.0,6723364.0
2012-06-06,22.13,22.21,21.22,21.87,1333674.0,14211580.0
2012-06-07,21.83,21.97,21.41,21.49,691623.0,7405928.0
2012-06-08,21.69,21.77,21.16,21.16,549226.0,5796230.0
2012-06-11,21.28,21.75,21.06,21.61,710781.0,7521771.0
2012-06-12,21.59,22.24,21.39,21.75,1369540.0,14754726.0
2012-06-13,21.75,22.46,21.75,22.46,1557994.0,16986292.0
2012-06-14,22.28,22.62,21.89,21.95,1232155.0,13550161.0
2012-06-15,21.91,23.41,21.91,22.42,2501470.0,27997412.0
2012-06-18,22.48,24.06,22.34,23.49,3068384.0,35317540.0
2012-06-19,23.61,25.84,23.29,25.84,9253188.0,116194472.0
2012-06-20,26.0,28.15,25.52,25.7,17003392.0,223905248.0
2012-06-21,24.83,24.95,24.02,24.04,7597885.0,91723736.0
2012-06-25,23.53,25.41,23.33,24.65,6490721.0,78117368.0
2012-06-26,24.0,24.83,23.17,24.08,3765401.0,44345844.0
2012-06-27,24.1,24.91,23.49,24.38,4074866.0,48751612.0
2012-06-28,23.92,24.44,23.29,23.35,4698190.0,55202564.0
2012-06-29,23.07,23.07,21.32,22.7,3151068.0,34986744.0
2012-07-02,22.78,23.96,22.5,23.49,3052844.0,35225576.0
2012-07-03,23.29,24.0,23.21,23.49,2356621.0,27341044.0
2012-07-04,23.45,23.88,23.23,23.39,2068200.0,23970978.0
2012-07-05,23.59,25.25,23.47,24.32,5667628.0,67526208.0
2012-07-06,24.42,24.42,23.11,24.18,4018848.0,47194084.0
2012-07-09,24.28,24.85,23.77,24.26,3798500.0,45721884.0
2012-07-10,24.14,24.14,22.3,22.54,2983568.0,33948692.0
2012-07-11,22.36,22.96,22.14,22.72,1253363.0,14028194.0
2012-07-12,22.68,22.98,21.91,22.86,2074093.0,23038610.0
2012-07-13,22.5,23.13,22.26,22.26,1412123.0,15793137.0
2012-07-16,22.26,22.42,20.03,20.25,3646491.0,37721444.0
2012-07-17,19.97,20.31,19.56,19.97,1259969.0,12366383.0
2012-07-18,19.93,20.01,19.36,19.91,1140268.0,11074162.0
2012-07-19,19.87,20.96,19.66,20.47,1806064.0,18136406.0
2012-07-20,20.25,20.94,20.23,20.66,1559308.0,15891442.0
2012-07-23,20.23,20.9,20.05,20.57,1047840.0,10618973.0
2012-07-24,20.54,21.04,20.54,20.84,1178069.0,12085978.0
2012-07-25,20.86,21.24,20.51,20.86,771467.0,7971761.0
2012-07-26,20.7,20.84,20.27,20.27,843257.0,8586220.0
2012-07-27,20.43,20.84,20.25,20.45,673828.0,6818278.0
2012-07-30,20.35,20.64,19.14,19.36,869499.0,8482095.0
2012-07-31,19.44,19.62,18.45,19.0,1021539.0,9493135.0
2012-08-01,18.67,19.36,18.63,19.18,1257031.0,11814949.0
2012-08-02,19.04,19.2,18.43,18.57,859669.0,7978355.0
2012-08-03,18.59,19.22,18.57,19.18,1098916.0,10271100.0
2012-08-06,18.98,19.95,18.98,19.87,1237708.0,11969212.0
2012-08-07,19.73,20.11,19.66,19.93,940376.0,9256384.0
2012-08-08,19.95,20.13,19.66,20.05,1225087.0,12070886.0
2012-08-09,19.85,20.57,19.77,20.43,1347208.0,13471033.0
2012-08-10,20.43,20.47,20.13,20.21,738395.0,7387380.0
2012-08-13,20.15,20.19,19.56,19.56,706292.0,6941796.0
2012-08-14,19.56,19.77,18.98,19.66,1120668.0,10694673.0
2012-08-15,19.56,19.7,19.24,19.3,599380.0,5740383.0
2012-08-16,19.24,19.52,19.2,19.34,574268.0,5491815.0
2012-08-17,19.42,19.68,19.24,19.5,716638.0,6881295.0
2012-08-20,19.26,20.78,19.26,20.68,2622928.0,26144698.0
2012-08-21,20.72,21.04,20.51,20.94,2172614.0,22292132.0
2012-08-22,21.06,21.26,20.51,21.12,2118115.0,21916616.0
2012-08-23,20.92,23.23,20.9,23.23,6725221.0,76113744.0
2012-08-24,23.35,24.87,22.92,22.98,9503441.0,111875208.0
2012-08-27,22.3,23.45,21.06,22.78,4848632.0,53229592.0
2012-08-28,22.34,24.0,22.28,23.84,4466650.0,51278752.0
2012-08-29,23.9,25.33,23.35,24.12,6827457.0,82487464.0
2012-08-30,23.86,24.62,22.64,23.27,4309343.0,50235184.0
2012-08-31,22.88,24.0,22.7,23.45,3196725.0,37051756.0
2012-09-03,23.35,24.18,23.09,24.16,3053902.0,36017080.0
2012-09-04,24.22,24.4,23.19,23.29,3102355.0,36429112.0
2012-09-05,23.31,23.57,22.7,23.09,2357479.0,26883160.0
2012-09-06,23.07,23.71,22.98,23.71,2683778.0,31000592.0
2012-09-07,23.94,24.71,23.49,24.4,5683643.0,67894080.0
2012-09-10,24.61,25.29,24.08,25.29,5341922.0,64781776.0
2012-09-11,25.03,25.76,24.77,25.19,3812878.0,47727256.0
2012-09-12,25.21,25.41,24.32,24.62,4616506.0,56392708.0
2012-09-13,24.91,24.91,23.9,23.9,2382359.0,28664368.0
2012-09-14,23.9,24.26,23.39,23.73,2253422.0,26457944.0
2012-09-17,23.73,24.02,22.36,22.4,2474773.0,28031858.0
2012-09-18,22.24,22.84,21.97,22.64,1501280.0,16743314.0
2012-09-19,22.74,23.15,22.68,22.86,1799531.0,20377602.0
2012-09-20,23.39,24.5,23.09,23.25,4656144.0,54479212.0
2012-09-21,22.84,23.49,22.44,22.7,1726267.0,19501112.0
2012-09-24,22.88,23.39,22.4,22.94,2091159.0,23758512.0
2012-09-25,22.74,23.07,22.38,22.38,1889483.0,21092590.0
2012-09-26,22.38,23.09,21.87,21.93,1338798.0,14769495.0
2012-09-27,22.07,22.6,21.87,22.3,1369692.0,15065003.0
2012-09-28,22.28,22.88,22.13,22.76,1048594.0,11659808.0
2012-10-08,22.68,23.37,22.48,23.25,1152350.0,13074797.0
2012-10-09,23.25,24.4,23.23,24.18,2227864.0,26478214.0
2012-10-10,24.71,26.33,24.71,24.97,6614491.0,82816152.0
2012-10-11,24.71,25.25,24.32,24.65,3376186.0,41210144.0
2012-10-12,24.71,25.41,24.62,24.85,2907557.0,36028024.0
2012-10-15,24.61,24.97,23.88,24.79,2793665.0,33555152.0
2012-10-16,24.81,25.7,24.61,25.07,3523850.0,43949376.0
2012-10-17,25.11,26.23,25.11,25.78,3835331.0,48838440.0
2012-10-18,25.64,25.92,25.48,25.56,3770284.0,47817048.0
2012-10-19,25.29,25.68,24.95,24.99,2861146.0,35527784.0
2012-10-22,24.61,25.72,24.61,25.66,2789759.0,34911428.0
2012-10-23,25.6,25.86,24.81,25.11,2036579.0,25441180.0
2012-10-24,24.73,25.07,24.4,24.73,2013531.0,24528016.0
2012-10-25,24.73,24.81,23.94,24.1,1277998.0,15357243.0
2012-10-26,24.16,24.28,23.49,23.69,1039371.0,12265169.0
2012-10-29,23.55,23.9,23.29,23.69,1274541.0,14892943.0
2012-10-30,23.9,23.9,23.45,23.65,1072062.0,12525405.0
2012-10-31,23.65,23.98,23.05,23.94,1292402.0,14941025.0
2012-11-01,23.98,24.87,23.82,24.77,2130376.0,25873476.0
2012-11-02,25.09,25.27,24.61,24.75,1842762.0,22709062.0
2012-11-05,24.69,25.38,24.4,25.01,2015615.0,24949870.0
2012-11-06,24.83,25.07,24.04,24.26,1819844.0,21941544.0
2012-11-07,24.06,24.44,24.02,24.2,1146565.0,13718628.0
2012-11-08,23.9,24.02,23.39,23.41,983919.0,11507843.0
2012-11-09,23.39,23.77,23.27,23.37,663280.0,7689655.0
2012-11-12,23.57,23.84,23.43,23.84,669915.0,7810531.0
2012-11-13,23.86,24.02,22.11,22.16,1403798.0,15824427.0
2012-11-14,21.91,22.44,21.22,21.95,869953.0,9359391.0
2012-11-15,21.67,21.83,21.1,21.1,1103979.0,11694139.0
2012-11-16,21.1,21.1,19.99,20.55,2330560.0,23503774.0
2012-11-19,20.31,20.82,20.15,20.82,428757.0,4329826.0
2012-11-20,20.98,21.0,20.53,20.74,513102.0,5265048.0
2012-11-21,20.74,21.16,20.53,21.16,943118.0,9728658.0
2012-11-22,21.55,21.87,20.8,21.3,1107827.0,11680127.0
2012-11-23,21.26,21.43,20.86,21.02,856674.0,8891766.0
2012-11-26,20.72,20.96,20.25,20.27,691952.0,7002221.0
2012-11-27,20.27,20.27,18.55,18.83,1711750.0,16288306.0
2012-11-28,18.85,18.95,18.21,18.65,1097971.0,10033878.0
2012-11-29,18.65,18.79,17.94,18.23,881700.0,7955348.0
2012-11-30,18.12,18.49,17.98,18.43,1246313.0,11217158.0
2012-12-03,18.51,18.63,17.76,17.82,535318.0,4821615.0
2012-12-04,17.82,18.47,17.62,18.31,662421.0,5863747.0
2012-12-05,18.33,20.13,18.29,20.03,3425869.0,33319638.0
2012-12-06,19.89,21.26,19.75,20.86,2762028.0,28163458.0
2012-12-07,20.82,21.04,20.45,20.76,1061949.0,10869117.0
2012-12-10,20.74,21.16,20.66,20.98,1024227.0,10573681.0
2012-12-11,20.84,20.84,20.41,20.47,1279312.0,12969967.0
2012-12-12,20.51,20.55,19.8,20.15,1867313.0,18493588.0
2012-12-13,20.01,20.09,19.64,19.68,1246790.0,12225870.0
2012-12-14,19.64,20.8,19.64,20.64,1606307.0,16171245.0
2012-12-17,20.66,20.9,20.31,20.64,1632474.0,16573936.0
2012-12-18,20.45,20.96,20.41,20.66,1525481.0,15563774.0
2012-12-19,20.78,22.01,20.61,20.82,1460065.0,15138265.0
2012-12-20,20.66,20.96,20.43,20.86,1369742.0,13971270.0
2012-12-21,20.82,21.71,20.82,21.49,2899183.0,30437132.0
2012-12-24,21.39,21.87,21.18,21.69,2027382.0,21645404.0
2012-12-25,22.24,22.62,21.89,22.11,2904091.0,31828052.0
2012-12-26,21.85,22.72,21.85,22.54,3119107.0,34403804.0
2012-12-27,22.94,23.23,22.01,22.54,3994239.0,44590056.0
2012-12-28,22.48,22.48,21.79,22.38,2952827.0,32277782.0
2012-12-31,22.34,22.5,21.91,22.38,2193439.0,24088484.0
2013-01-04,22.52,22.52,21.59,21.89,1685099.0,18280380.0
2013-01-07,21.81,22.52,21.73,22.5,1940245.0,21286906.0
2013-01-08,22.52,23.25,22.44,22.94,3251618.0,36747016.0
2013-01-09,23.05,23.05,22.46,22.74,1987174.0,22373666.0
2013-01-10,22.62,23.49,22.6,23.35,2494666.0,28614046.0
2013-01-11,23.41,23.41,22.48,22.52,1829896.0,20673712.0
2013-01-14,22.52,23.84,22.48,23.61,4351476.0,50004828.0
2013-01-15,23.49,24.89,23.43,24.57,3892877.0,46180368.0
2013-01-16,24.3,24.91,23.75,24.57,2158407.0,25852510.0
2013-01-17,24.54,25.68,24.24,25.64,4549380.0,56725612.0
2013-01-18,25.68,25.72,25.21,25.64,2238670.0,28151902.0
2013-01-21,25.64,26.08,25.23,25.7,2330994.0,29674784.0
2013-01-22,25.6,25.76,24.69,24.77,2437611.0,30228094.0
2013-01-23,24.4,25.37,24.4,25.27,2496822.0,30631484.0
2013-01-24,26.65,27.32,25.78,26.57,6634663.0,86691176.0
2013-01-25,26.51,28.29,26.06,28.15,4352913.0,58266644.0
2013-01-28,28.05,30.09,27.95,29.36,5387507.0,77041568.0
2013-01-29,29.16,29.77,28.7,29.36,2979396.0,42958480.0
2013-01-30,29.18,29.55,28.49,28.94,1826932.0,26060684.0
2013-01-31,28.78,28.92,27.95,28.31,1977784.0,27629642.0
2013-02-01,28.15,29.32,28.09,28.94,1837174.0,26240296.0
2013-02-04,29.06,29.16,27.97,28.19,1823892.0,25730058.0
2013-02-05,27.78,29.12,27.72,28.82,1198110.0,16849254.0
2013-02-06,28.76,29.06,28.25,28.45,1076148.0,15150605.0
2013-02-07,28.17,29.04,28.15,28.92,1122697.0,15968056.0
2013-02-08,28.72,30.21,28.64,30.17,1414609.0,20577004.0
2013-02-18,30.13,30.56,29.48,30.42,1376510.0,20423658.0
2013-02-19,30.07,30.38,29.34,29.46,1270627.0,18663428.0
2013-02-20,29.28,30.34,29.28,30.21,1388869.0,20583592.0
2013-02-21,30.07,31.07,29.36,29.59,2281466.0,33951748.0
2013-02-22,29.57,29.97,28.55,28.84,1689116.0,24480408.0
2013-02-25,28.88,29.61,28.59,29.43,1210746.0,17463006.0
2013-02-26,29.57,31.07,28.96,29.28,2787380.0,41604464.0
2013-02-27,29.32,29.93,28.37,28.66,1844306.0,26270220.0
2013-02-28,28.72,29.75,28.64,29.75,1444292.0,20922624.0
2013-03-01,30.07,31.47,30.07,31.47,3604516.0,54999912.0
2013-03-04,31.21,32.24,30.74,30.98,3894204.0,60714496.0
2013-03-05,31.11,32.91,31.05,32.83,4136487.0,65771924.0
2013-03-06,32.83,33.25,32.0,32.6,4394095.0,70854920.0
2013-03-07,32.5,32.7,30.38,30.9,4733123.0,73035488.0
2013-03-08,31.19,31.37,29.87,30.11,2443424.0,36786708.0
2013-03-11,30.09,31.21,30.01,30.38,1485343.0,22420928.0
2013-03-12,30.27,30.82,28.55,28.78,3022298.0,44155512.0
2013-03-13,28.78,29.02,28.13,28.35,2044052.0,28638090.0
2013-03-14,28.33,28.72,28.01,28.25,1314863.0,18404858.0
2013-03-15,28.35,29.53,28.11,28.57,1719695.0,24506630.0
2013-03-18,28.57,29.02,28.27,28.35,1419728.0,20082554.0
2013-03-19,28.47,28.9,27.04,27.84,1833782.0,25208798.0
2013-03-20,27.97,29.24,27.74,29.16,2197214.0,31235842.0
2013-03-21,29.34,29.67,29.06,29.4,1691285.0,24535334.0
2013-03-22,29.36,30.3,29.22,29.97,1542797.0,22768306.0
2013-03-25,29.97,30.07,29.28,29.49,1497259.0,21855018.0
2013-03-26,29.24,29.45,28.31,29.0,1500799.0,21331436.0
2013-03-27,29.0,30.07,29.0,29.69,1439753.0,21074750.0
2013-03-28,29.46,29.67,28.41,28.98,1358228.0,19540774.0
2013-03-29,29.02,29.3,27.82,28.01,2590868.0,36284380.0
2013-04-01,27.84,28.25,26.67,26.73,3924304.0,53057148.0
2013-04-02,26.33,27.14,25.58,25.58,5855342.0,76080384.0
2013-04-03,25.88,26.0,25.31,25.72,2041180.0,25851532.0
2013-04-08,25.45,26.51,25.11,26.23,2330957.0,29915410.0
2013-04-09,26.47,26.85,26.27,26.57,2181831.0,28612058.0
2013-04-10,26.57,26.65,25.8,26.41,1280563.0,16576316.0
2013-04-11,26.41,26.57,25.31,25.68,1492353.0,19190614.0
2013-04-12,25.72,26.41,25.58,25.7,1898868.0,24315090.0
2013-04-15,26.0,26.0,25.37,25.82,1063657.0,13476853.0
2013-04-16,25.46,26.0,25.09,26.0,1780224.0,22435772.0
2013-04-17,25.92,26.67,25.78,26.67,2332583.0,30262074.0
2013-04-18,26.43,26.89,26.35,26.71,1724357.0,22701272.0
2013-04-19,26.67,27.62,26.49,27.38,2925170.0,39232072.0
2013-04-22,27.54,27.86,27.24,27.8,2949358.0,40084312.0
2013-04-23,27.95,27.95,26.49,26.49,3073030.0,40902248.0
2013-04-24,26.73,27.72,26.53,27.36,3642369.0,48829124.0
2013-04-25,27.38,28.15,27.14,27.64,3086859.0,42152420.0
2013-04-26,27.74,27.89,26.69,26.71,1907493.0,25590210.0
2013-05-02,26.61,27.24,26.29,27.24,1304596.0,17334252.0
2013-05-03,27.14,28.07,27.14,27.86,2601288.0,35737608.0
2013-05-06,28.13,29.02,28.09,28.53,3057569.0,43268140.0
2013-05-07,28.86,29.34,28.72,28.92,2970633.0,42583700.0
2013-05-08,29.12,29.45,28.72,29.1,2884190.0,41366820.0
2013-05-09,28.98,29.38,28.64,29.32,2898511.0,41528532.0
2013-05-10,29.16,29.43,28.96,29.12,1867687.0,26906626.0
2013-05-13,29.2,30.25,29.2,29.95,3789535.0,55957704.0
2013-05-14,29.85,30.05,28.8,28.92,2275386.0,32963620.0
2013-05-15,28.94,29.65,28.92,29.59,1958734.0,28259312.0
2013-05-16,29.63,30.5,28.86,30.48,5659382.0,83121432.0
2013-05-17,30.48,31.15,30.15,30.88,4113827.0,62657868.0
2013-05-20,30.94,31.33,30.38,30.94,3496366.0,53324488.0
2013-05-21,30.74,31.53,30.74,31.37,4153461.0,48962848.0
2013-05-22,31.35,31.4,30.23,30.47,4946184.0,57491508.0
2013-05-23,30.15,31.43,30.07,30.63,2525142.0,29363300.0
2013-05-24,30.58,31.4,30.39,31.35,3561160.0,41506980.0
2013-05-27,31.53,32.88,31.37,32.72,4314277.0,52450248.0
2013-05-28,32.62,32.62,31.48,31.5,5139611.0,61677932.0
2013-05-29,31.27,32.3,31.27,31.72,2765248.0,33179850.0
2013-05-30,31.8,33.28,31.48,32.65,4830431.0,59350408.0
2013-05-31,32.49,33.04,32.27,32.27,3814022.0,47086312.0
2013-06-03,31.8,32.46,30.6,30.76,5057074.0,60058236.0
2013-06-04,30.63,30.66,29.52,29.57,3665146.0,41344548.0
2013-06-05,29.68,30.15,29.6,30.02,2065826.0,23267586.0
2013-06-06,29.94,30.74,29.73,29.84,2260017.0,25811090.0
2013-06-07,29.68,30.1,28.88,29.84,2224406.0,24660042.0
2013-06-13,29.41,29.46,28.3,29.28,1426060.0,15585013.0
2013-06-14,29.28,30.29,29.28,30.15,1777690.0,20105948.0
2013-06-17,29.97,31.13,29.84,30.47,2632400.0,30187378.0
2013-06-18,30.45,30.74,29.78,30.15,1694575.0,19303940.0
2013-06-19,29.94,29.94,29.2,29.52,1584365.0,17620152.0
2013-06-20,29.41,29.6,28.41,29.54,1932104.0,21220810.0
2013-06-21,28.83,29.15,28.35,28.96,1261683.0,13739120.0
2013-06-24,28.35,28.93,26.55,26.79,2744855.0,28218374.0
2013-06-25,26.6,27.11,24.11,25.84,4401561.0,42114756.0
2013-06-26,25.75,26.76,25.3,26.66,2831959.0,28058460.0
2013-06-27,26.74,27.43,25.6,26.29,2935390.0,29398716.0
2013-06-28,25.97,26.36,24.91,25.57,2747717.0,26556238.0
2013-07-01,25.57,26.31,25.2,26.26,2013967.0,19622798.0
2013-07-02,26.34,27.11,26.15,26.89,2980322.0,30034930.0
2013-07-03,26.58,28.27,26.5,27.95,3360779.0,34493768.0
2013-07-04,27.56,28.01,27.29,27.37,1815777.0,18918000.0
2013-07-05,27.56,27.8,26.71,26.84,1851971.0,19030488.0
2013-07-08,26.31,26.31,25.23,25.89,2456359.0,23787096.0
2013-07-09,25.54,26.02,25.54,25.84,816650.0,7952154.0
2013-07-10,25.84,26.89,25.65,26.87,2591625.0,25710034.0
2013-07-11,26.87,27.8,26.68,27.5,2021680.0,20883710.0
2013-07-12,26.5,27.4,26.1,26.95,5946882.0,60112348.0
2013-07-15,26.5,27.98,26.36,27.8,5200336.0,53451996.0
2013-07-16,27.82,28.3,27.45,28.14,3997190.0,41965236.0
2013-07-17,28.25,29.15,27.74,27.77,5787146.0,62174848.0
2013-07-18,27.48,28.72,27.29,28.51,4043176.0,43001112.0
2013-07-19,28.56,29.41,27.66,27.69,4720564.0,51197392.0
2013-07-22,27.34,28.96,27.08,28.88,3503641.0,37212932.0
2013-07-23,28.96,30.21,28.62,30.0,5932158.0,65743488.0
2013-07-24,29.68,30.58,29.57,30.13,4704462.0,53439672.0
2013-07-25,30.31,30.31,28.11,28.11,7928369.0,86511032.0
2013-07-26,28.22,28.54,27.53,28.14,3172068.0,33525582.0
2013-07-29,28.03,28.56,27.32,27.45,2597837.0,27442046.0
2013-07-30,27.5,27.95,26.52,27.27,2269113.0,23273222.0
2013-07-31,27.03,27.56,26.89,27.13,1726455.0,17739020.0
2013-08-01,27.11,28.64,27.11,28.56,3631267.0,38232976.0
2013-08-02,28.56,28.91,28.25,28.25,4005541.0,43275412.0
2013-08-05,28.35,29.01,27.95,29.01,5956276.0,64144812.0
2013-08-06,28.88,30.23,28.67,29.57,6900617.0,76723016.0
2013-08-07,29.25,29.57,28.56,29.12,4577533.0,50081056.0
2013-08-08,29.94,30.45,29.07,29.28,4108170.0,45886528.0
2013-08-09,29.81,31.19,28.48,30.76,10297275.0,116603968.0
2013-08-12,30.6,30.68,29.68,29.97,5886511.0,66846712.0
2013-08-13,29.86,30.58,29.68,29.89,4484960.0,50912308.0
2013-08-14,30.02,30.07,29.39,29.62,3990878.0,44733552.0
2013-08-15,29.49,29.78,28.88,28.93,2950127.0,32591484.0
2013-08-16,28.62,29.94,27.58,27.58,3895158.0,42038948.0
2013-08-19,27.8,28.48,27.48,28.41,2557570.0,27047424.0
2013-08-20,28.35,31.24,28.35,30.07,21218716.0,244730976.0
2013-08-21,30.74,30.76,29.12,29.76,15487555.0,173928112.0
2013-08-22,29.54,29.76,28.91,29.44,8131858.0,89980720.0
2013-08-23,29.65,29.81,28.48,29.31,6665787.0,73743760.0
2013-08-26,29.57,29.73,29.23,29.7,5270234.0,58823660.0
2013-08-27,29.68,29.68,29.07,29.36,4186485.0,46313996.0
2013-08-28,29.15,29.23,28.41,28.41,3972765.0,43182444.0
2013-08-29,28.43,28.96,28.25,28.83,2620553.0,28333446.0
2013-08-30,28.7,28.8,26.79,27.0,5975062.0,62431524.0
2013-09-02,27.11,27.69,26.79,27.61,2362550.0,24298958.0
2013-09-03,27.58,27.77,27.32,27.66,2273403.0,23694638.0
2013-09-04,27.74,28.3,27.58,27.85,3259747.0,34373000.0
2013-09-05,27.72,28.27,27.53,27.88,3216785.0,34003736.0
2013-09-06,28.11,28.59,27.72,28.11,3314894.0,35363684.0
2013-09-09,28.22,28.3,27.85,28.09,3098389.0,32765682.0
2013-09-10,28.17,28.33,27.64,27.93,3061047.0,32213070.0
2013-09-11,27.93,27.98,26.87,27.0,3654116.0,37425992.0
2013-09-12,27.03,27.29,26.82,26.89,2040715.0,20803384.0
2013-09-13,26.89,27.24,26.68,27.03,1654944.0,16867834.0
2013-09-16,27.08,27.66,27.03,27.29,1958187.0,20247998.0
2013-09-17,27.4,27.43,26.63,26.66,1762233.0,17944316.0
2013-09-18,26.76,27.43,26.76,27.34,1740204.0,17868654.0
2013-09-23,27.37,28.03,27.37,27.82,3297442.0,34633716.0
2013-09-24,27.82,28.06,27.24,27.77,2827760.0,29453258.0
2013-09-25,27.56,27.95,27.32,27.37,2222088.0,23167038.0
2013-09-26,27.32,28.27,27.32,27.66,4100362.0,43128652.0
2013-09-27,27.88,29.01,27.66,28.67,5912939.0,63809748.0
2013-09-30,28.7,29.6,28.35,28.96,5343995.0,58532452.0
2013-10-08,29.17,29.17,28.56,28.99,4022738.0,43828068.0
2013-10-09,28.75,29.78,28.72,29.54,5209659.0,57566096.0
2013-10-10,29.57,30.13,28.72,28.91,4503876.0,49866884.0
2013-10-11,28.91,29.2,28.56,28.93,3919321.0,42686516.0
2013-10-14,29.01,29.76,28.72,29.65,4815035.0,53419656.0
2013-10-15,30.07,30.66,29.2,29.46,7164184.0,80990528.0
2013-10-16,29.15,29.31,26.79,28.17,5706613.0,61044044.0
2013-10-17,28.11,28.46,27.82,28.06,3132323.0,33294414.0
2013-10-18,28.09,28.22,27.56,28.22,2534567.0,26715432.0
2013-10-21,28.25,29.28,28.22,29.07,3994328.0,43558600.0
2013-10-22,29.2,29.76,28.41,28.67,5342834.0,58528100.0
2013-10-23,28.51,28.75,27.29,27.56,3392807.0,35852968.0
2013-10-24,27.58,27.9,27.48,27.5,2031275.0,21207352.0
2013-10-25,27.72,27.74,27.0,27.29,2240701.0,23122778.0
2013-10-28,27.29,27.5,27.05,27.4,1323117.0,13647270.0
2013-10-29,27.43,27.5,25.17,26.05,3341545.0,33253246.0
2013-10-30,25.91,26.63,25.75,26.58,2156200.0,21357216.0
2013-10-31,26.5,26.5,25.99,26.05,1518928.0,15000437.0
2013-11-01,26.05,26.21,25.44,25.91,1121590.0,10924883.0
2013-11-04,25.89,26.31,25.86,26.21,925407.0,9133648.0
2013-11-05,26.13,26.63,26.13,26.58,1209541.0,12043412.0
2013-11-06,26.58,26.87,26.18,26.23,1431567.0,14384882.0
2013-11-07,26.18,26.31,25.46,25.46,1344789.0,13119992.0
2013-11-08,25.46,25.62,24.77,24.77,1444688.0,13675935.0
2013-11-11,24.8,25.57,24.77,25.49,1063372.0,10148565.0
2013-11-12,25.46,26.34,25.44,26.21,1628612.0,15968423.0
2013-11-13,26.21,26.21,25.41,25.41,1573536.0,15294183.0
2013-11-14,25.44,26.42,25.44,26.21,1635699.0,16091908.0
2013-11-15,26.26,26.92,26.26,26.58,1932336.0,19451980.0
2013-11-18,26.84,27.19,26.68,26.97,1907172.0,19442926.0
2013-11-19,27.08,27.4,26.55,26.89,2749369.0,27980070.0
2013-11-20,26.84,27.56,26.82,27.34,2136841.0,21927592.0
2013-11-21,27.29,27.32,26.89,27.16,1809504.0,18509372.0
2013-11-22,27.08,27.19,26.71,26.82,1350194.0,13713096.0
2013-11-25,26.79,27.48,26.76,27.29,2310814.0,23794430.0
2013-11-26,27.29,27.95,27.19,27.8,3055587.0,31946178.0
2013-11-27,27.5,28.41,27.5,28.03,3155847.0,33411872.0
2013-11-28,28.06,28.54,28.03,28.06,3040718.0,32430688.0
2013-11-29,28.03,29.41,28.03,29.12,5390084.0,58935276.0
2013-12-02,28.11,28.11,26.21,26.5,6230755.0,63921308.0
2013-12-03,26.21,27.43,25.99,27.16,2282819.0,23229102.0
2013-12-04,27.32,28.51,27.16,27.93,3651955.0,38691272.0
2013-12-05,27.82,28.25,27.66,27.93,2282441.0,24108486.0
2013-12-06,27.82,28.54,27.82,28.27,2310269.0,24583998.0
2013-12-09,28.27,29.41,28.17,28.88,3435034.0,37514872.0
2013-12-10,28.86,29.09,28.33,28.75,1758297.0,18985086.0
2013-12-11,28.59,29.68,28.59,28.8,2728127.0,29967102.0
2013-12-12,28.67,29.07,28.41,28.75,1904091.0,20686298.0
2013-12-13,28.62,29.81,28.43,29.31,4013026.0,44442824.0
2013-12-16,29.15,29.25,28.62,28.75,2853105.0,31117510.0
2013-12-17,28.75,29.68,28.56,29.31,4858473.0,53690064.0
2013-12-18,29.33,31.13,28.93,30.84,9898237.0,112962944.0
2013-12-19,30.82,31.61,29.86,30.02,6998787.0,81018264.0
2013-12-20,30.18,31.45,30.0,30.68,7839044.0,91047712.0
2013-12-23,30.98,33.07,30.37,32.38,11473585.0,138578768.0
2013-12-24,32.17,33.07,31.53,32.91,8488637.0,103423576.0
2013-12-25,32.67,33.12,32.14,32.8,8257090.0,101549592.0
2013-12-26,32.86,32.86,31.0,31.16,7959160.0,95806056.0
2013-12-27,31.13,32.19,31.0,31.82,5076223.0,60821136.0
2013-12-30,32.12,32.7,31.53,31.66,4882814.0,59216140.0
2014-04-04,33.15,34.84,32.38,34.84,18009566.0,231562896.0
2014-04-08,36.04,38.05,35.56,37.07,19747492.0,273254464.0
2014-04-09,36.73,40.78,36.38,40.06,20976396.0,308062784.0
2014-04-10,40.06,42.26,39.16,40.06,19488154.0,298287712.0
2014-04-11,39.51,41.79,39.45,40.86,13831799.0,211580352.0
2014-04-14,40.49,44.94,40.28,44.94,16455160.0,266860368.0
2014-04-15,45.58,48.76,43.72,47.7,17689944.0,309195008.0
2014-04-16,48.09,52.47,47.16,50.58,23469816.0,448003712.0
2014-04-17,49.02,51.06,46.16,46.69,24558800.0,449280128.0
2014-04-18,46.93,47.83,45.81,46.61,12975925.0,229892512.0
2014-04-21,45.92,47.93,45.79,47.11,11236786.0,198431984.0
2014-04-22,47.03,47.96,44.49,46.61,11293705.0,197873264.0
2014-04-23,46.63,47.16,44.2,44.78,10157947.0,175020400.0
2014-04-24,44.3,44.78,42.82,43.22,11474788.0,189672768.0
2014-04-25,43.38,44.49,42.08,42.13,11336704.0,184972896.0
2014-04-28,41.73,43.16,41.28,42.77,10530782.0,168206496.0
2014-04-29,42.16,43.45,41.07,42.93,11377986.0,181243104.0
2014-04-30,42.79,43.41,42.18,42.71,8489678.0,136363280.0
2014-05-05,42.63,43.7,41.38,43.46,9498787.0,151819744.0
2014-05-06,43.19,47.7,42.87,47.46,17747438.0,300355616.0
2014-05-07,46.69,48.45,45.62,45.78,12368766.0,217950240.0
2014-05-08,44.53,45.22,42.42,42.66,12634271.0,207154768.0
2014-05-09,41.99,42.63,39.67,40.47,10236871.0,157477264.0
2014-05-12,41.01,44.26,40.42,43.38,9890797.0,157299008.0
2014-05-13,42.93,47.73,42.93,47.73,11232975.0,193630416.0
2014-05-14,48.53,51.91,47.73,49.33,17502886.0,324130144.0
2014-05-15,48.34,51.86,47.99,51.33,17285062.0,324480224.0
2014-05-16,50.69,51.7,47.01,49.33,17935652.0,330842016.0
2014-05-19,48.79,50.66,47.38,49.09,13025382.0,240718240.0
2014-05-20,49.33,53.99,48.77,53.3,25778618.0,506976736.0
2014-05-21,52.79,53.91,51.46,52.66,13435779.0,264848416.0
2014-05-22,52.92,53.99,51.01,52.52,13691788.0,270520992.0
2014-05-23,53.06,57.78,51.73,57.78,14086327.0,292192416.0
2014-05-26,60.79,63.56,59.19,59.99,26121420.0,605017664.0
2014-05-27,58.68,63.32,58.66,59.99,26111680.0,595625600.0
2014-05-28,60.79,61.56,58.37,60.76,15251357.0,345070432.0
2014-05-29,60.79,63.14,57.33,57.33,15863169.0,357148320.0
2014-05-30,56.95,58.26,55.48,57.88,10406841.0,222187232.0
2014-06-03,57.8,59.11,56.42,58.31,9871013.0,214495600.0
2014-06-04,58.5,60.47,55.99,57.51,12374932.0,270963040.0
2014-06-05,56.05,57.7,55.09,57.54,8697428.0,183777968.0
2014-06-06,58.07,63.3,57.59,61.62,18814072.0,433192192.0
2014-06-09,60.47,62.87,59.43,62.47,12714026.0,289477504.0
2014-06-10,62.12,62.63,60.26,61.48,10016805.0,231412048.0
2014-06-11,61.11,67.64,60.74,67.64,17269416.0,426928032.0
2014-06-12,67.99,71.91,66.28,69.86,20147144.0,520924640.0
2014-06-13,67.48,70.26,66.9,68.23,14534838.0,372583904.0
2014-06-16,66.84,69.27,65.59,67.62,10519854.0,266056432.0
2014-06-17,67.46,70.63,66.9,67.86,11236037.0,289721920.0
2014-06-18,67.72,67.72,64.58,64.6,9552231.0,236148384.0
2014-06-19,64.31,66.5,58.82,60.68,10533466.0,249492704.0
2014-06-20,61.32,62.26,60.26,61.59,5885493.0,135473952.0
2014-06-23,61.54,67.06,61.24,66.02,10606805.0,256336384.0
2014-06-24,65.86,67.59,64.74,66.26,6917128.0,171324624.0
2014-06-25,70.66,72.71,67.99,68.87,12048008.0,316915264.0
2014-06-26,67.62,70.1,66.95,69.86,10256807.0,264222720.0
2014-06-27,68.82,69.72,66.66,66.66,10558174.0,269214144.0
2014-06-30,66.02,68.5,65.62,66.74,7519685.0,189189632.0
2014-07-01,67.43,71.4,66.74,70.1,13754627.0,358196448.0
2014-07-02,69.46,70.6,68.39,69.24,7797913.0,202396480.0
2014-07-03,69.8,75.99,69.64,70.66,19790956.0,542556544.0
2014-07-04,70.66,71.7,66.39,67.19,17682220.0,451555712.0
2014-07-07,67.27,68.98,66.42,67.86,7741869.0,196618544.0
2014-07-08,67.19,69.0,66.12,67.91,7249027.0,183874304.0
2014-07-09,67.72,68.63,66.34,66.47,5855890.0,147578288.0
2014-07-10,66.47,68.18,65.54,66.71,7778355.0,196008704.0
2014-07-11,66.66,67.48,63.24,63.43,7642321.0,187163040.0
2014-07-14,59.72,60.12,57.09,57.09,16140476.0,352809376.0
2014-07-15,57.59,58.98,56.58,58.45,9192930.0,199471408.0
2014-07-16,58.37,58.37,55.33,55.46,7852557.0,166024320.0
2014-07-17,55.99,56.79,54.95,55.97,3982664.0,83405224.0
2014-07-18,56.52,56.77,54.39,54.45,4339508.0,90682776.0
2014-07-21,54.52,55.33,51.94,53.86,6895906.0,137411776.0
2014-07-22,54.18,54.92,53.38,54.47,5429974.0,110556688.0
2014-07-23,55.16,56.74,53.24,54.23,7389432.0,153641424.0
2014-07-24,55.19,55.19,52.74,53.27,5424795.0,108755176.0
2014-07-25,54.12,55.06,53.06,53.99,4489922.0,91542168.0
2014-07-28,54.74,55.19,53.11,54.98,6393058.0,130098528.0
2014-07-29,54.92,56.63,54.47,56.26,8078932.0,169063728.0
2014-07-30,56.39,57.46,55.67,57.03,6543188.0,138599968.0
2014-07-31,57.56,57.59,55.91,56.47,4979476.0,105303376.0
2014-08-01,56.5,57.46,55.24,56.15,7754015.0,164662544.0
2014-08-04,56.42,56.77,55.75,56.26,3771339.0,79599048.0
2014-08-05,56.28,58.12,54.98,57.99,9326338.0,198861440.0
2014-08-06,57.91,58.39,56.63,56.77,6998435.0,150375104.0
2014-08-07,57.06,57.19,54.92,55.67,4698863.0,99023592.0
2014-08-08,55.62,55.67,54.05,55.14,4269474.0,87789504.0
2014-08-11,55.41,60.2,54.52,60.02,10740026.0,231161984.0
2014-08-12,59.72,63.96,59.11,62.66,12630526.0,293828928.0
2014-08-13,62.79,62.79,60.44,61.67,5369620.0,123476888.0
2014-08-14,61.32,63.67,60.47,61.08,6437740.0,149828160.0
2014-08-15,61.38,62.82,60.79,61.8,3663226.0,84788072.0
2014-09-01,67.99,67.99,67.99,67.99,1132044.0,28867122.0
2014-09-02,73.27,73.27,69.86,72.71,14315040.0,385977568.0
2014-09-03,71.99,79.99,71.72,78.09,11729756.0,333429344.0
2014-09-04,78.2,83.59,76.52,79.32,9887241.0,299539968.0
2014-09-05,78.5,87.27,77.32,87.27,10152151.0,318140992.0
2014-09-09,87.99,91.45,86.92,89.53,8303083.0,277932512.0
2014-09-10,89.05,89.05,85.27,86.36,6335523.0,206122960.0
2014-09-11,85.37,89.29,83.11,84.23,7732732.0,248899920.0
2014-09-12,85.05,87.03,83.05,85.24,5549355.0,176814048.0
2014-09-15,84.73,87.67,83.53,85.8,4379433.0,141048448.0
2014-09-16,84.79,87.27,81.05,82.36,6041122.0,190470976.0
2014-09-17,83.64,83.72,80.68,82.36,3624188.0,112226800.0
2014-09-18,82.39,83.05,78.52,80.52,5935621.0,178442128.0
2014-09-19,81.27,82.12,79.99,81.24,3375236.0,102402920.0
2014-09-22,81.45,83.99,80.87,82.55,6046468.0,186785872.0
2014-09-23,82.47,82.95,77.53,79.67,8206707.0,244701680.0
2014-09-24,79.32,81.53,78.73,81.19,5415635.0,163170224.0
2014-09-25,82.07,85.19,81.19,82.65,6631259.0,208330208.0
2014-09-26,81.75,89.77,81.75,89.77,9334628.0,305505312.0
2014-09-29,89.32,90.63,88.01,89.8,5121040.0,171822592.0
2014-09-30,89.61,97.32,89.08,93.45,8530265.0,300895328.0
2014-10-08,93.32,93.32,87.67,90.12,8311193.0,280752512.0
2014-10-09,90.65,90.65,87.48,88.89,4905336.0,163549600.0
2014-10-10,89.27,91.45,88.12,89.32,4289503.0,144285280.0
2014-10-13,88.47,90.12,87.27,87.99,3689049.0,121951616.0
2014-10-14,88.33,88.55,86.01,87.05,3769491.0,123206976.0
2014-10-15,88.55,90.65,87.45,88.52,8322204.0,277653248.0
2014-10-16,87.93,89.29,86.65,87.05,4463313.0,147147312.0
2014-10-17,88.25,92.79,87.48,89.72,6307284.0,212264608.0
2014-10-20,89.8,91.43,88.12,89.59,3357864.0,113159176.0
2014-10-21,89.72,89.8,85.85,87.11,4913863.0,161095680.0
2014-10-22,87.72,87.96,84.25,85.03,2495954.0,80757272.0
2014-10-23,86.84,93.53,85.64,93.53,9898321.0,337893472.0
2014-10-24,95.98,96.81,92.41,93.64,7994238.0,282696096.0
2014-10-27,97.53,103.0,95.58,98.6,12835463.0,483462752.0
2014-10-28,97.32,98.49,95.58,97.61,8411713.0,306104512.0
2014-10-29,97.58,102.65,97.19,97.27,10207433.0,383357728.0
2014-10-30,97.45,101.29,94.39,99.75,7560641.0,281001536.0
2014-10-31,100.14,101.82,96.76,97.8,5659735.0,208963088.0
2014-11-03,97.19,98.6,94.92,96.36,5441353.0,196281472.0
2014-11-04,97.0,97.53,93.05,93.32,4356599.0,155633248.0
2014-11-05,92.71,95.91,92.25,95.11,3258916.0,115774872.0
2014-11-06,94.65,97.96,93.93,97.21,3993667.0,144362576.0
2014-11-07,98.12,98.12,95.72,96.73,3719994.0,134906864.0
2014-11-10,97.05,97.19,92.65,93.72,4385327.0,154527136.0
2014-11-11,94.44,95.45,91.21,95.19,5010737.0,174652864.0
2014-11-12,94.62,98.12,92.15,97.16,4963440.0,178478144.0
2014-11-13,97.58,103.98,97.58,99.19,7111090.0,268474752.0
2014-11-14,98.92,99.96,94.97,98.57,3774364.0,138504496.0
2014-11-17,99.19,99.4,97.32,97.85,3478277.0,128134496.0
2014-11-18,97.72,98.09,95.83,97.42,2251431.0,81794672.0
2014-11-19,97.77,100.41,96.86,98.36,3627488.0,134242752.0
2014-11-20,98.39,98.39,95.75,96.78,3031390.0,110354992.0
2014-11-21,97.48,97.48,94.84,96.01,3332691.0,119725312.0
2014-11-24,96.25,97.29,94.55,95.98,2924528.0,105261896.0
2014-11-25,96.14,96.78,94.86,96.36,3949349.0,141733504.0
2014-11-26,96.78,96.78,94.33,95.72,3408095.0,121724544.0
2014-11-27,95.53,96.73,94.68,96.12,3487526.0,125570040.0
2014-11-28,96.22,101.93,95.4,100.7,6607416.0,246804288.0
2014-12-01,100.78,101.29,97.61,98.65,3652965.0,135455168.0
2015-02-03,108.52,108.52,102.92,108.52,3618877.0,145788832.0
2015-02-04,116.22,119.21,110.92,111.93,9157441.0,393764960.0
2015-02-05,111.85,116.73,109.72,110.86,5133634.0,218458560.0
2015-02-06,109.82,121.95,109.74,121.95,9566292.0,420577568.0
2015-02-09,125.31,131.66,122.11,127.79,8471888.0,401968736.0
2015-02-10,127.85,128.91,123.95,125.63,4612765.0,217629088.0
2015-02-11,125.05,132.59,124.54,128.81,5257255.0,253540608.0
2015-02-12,127.45,130.65,122.75,124.01,5357700.0,254988912.0
2015-02-13,125.31,130.65,124.19,126.51,4952945.0,237226272.0
2015-02-16,127.66,129.45,124.41,128.51,4034851.0,193250816.0
2015-02-17,129.31,138.32,128.25,133.45,5397711.0,272242080.0
2015-02-25,133.31,146.8,132.14,146.8,7706003.0,417503456.0
2015-02-26,146.64,150.64,139.98,143.71,5926904.0,323161152.0
2015-02-27,143.66,150.48,141.87,145.98,3875593.0,213291136.0
2015-03-02,146.32,160.59,146.19,160.59,8595502.0,507249088.0
2015-03-03,159.44,176.64,158.11,161.84,12498427.0,784459008.0
2015-03-04,164.38,178.03,162.46,178.03,10092399.0,649180736.0
2015-03-05,180.77,191.97,178.03,183.44,9490868.0,657665216.0
2015-03-06,182.64,190.9,175.44,186.85,7899258.0,542982144.0
2015-03-09,186.82,205.54,186.64,205.54,7302797.0,550497856.0
2015-03-10,212.77,226.1,206.0,226.1,8188347.0,658199872.0
2015-03-11,237.3,237.3,205.51,211.57,14874182.0,1232120320.0
2015-03-12,211.97,216.23,199.04,207.44,10358393.0,797023424.0
2015-03-13,205.49,213.27,202.64,211.11,6618546.0,517757056.0
2015-03-16,212.95,223.78,208.16,210.61,10186877.0,817778752.0
2015-03-17,202.64,206.0,196.77,200.72,12821740.0,963699008.0
2015-03-18,197.3,203.57,196.0,201.04,7357760.0,553070528.0
2015-03-19,202.32,204.77,198.88,200.77,6225990.0,469380160.0
2015-03-20,199.97,203.2,197.49,199.57,7627087.0,573013056.0
2015-03-23,200.0,213.01,199.97,212.5,12145489.0,939664448.0
2015-03-24,210.71,213.75,199.97,209.44,10259816.0,799995456.0
2015-03-25,209.83,230.39,203.03,230.39,15157515.0,1268349312.0
2015-03-26,222.66,230.1,207.35,207.97,12079127.0,974704256.0
2015-03-27,209.35,226.07,205.57,216.45,8528762.0,692371328.0
2015-03-30,213.3,217.17,203.97,205.86,5914584.0,462689440.0
2015-03-31,210.37,218.63,205.01,212.77,8011100.0,635878208.0
2015-04-01,213.3,219.65,210.71,214.66,5768461.0,466173312.0
2015-04-02,218.63,223.83,214.85,219.43,6340207.0,519684384.0
2015-04-03,223.65,229.03,218.9,221.3,6590524.0,548994368.0
2015-04-07,218.63,223.38,212.13,218.9,6191459.0,506123808.0
2015-04-08,223.14,226.6,210.63,215.09,5792634.0,474252864.0
2015-04-09,215.65,215.94,193.57,201.28,11201318.0,834149760.0
2015-04-10,202.63,211.49,197.09,207.17,9112500.0,698738304.0
2015-04-13,214.61,218.63,206.63,213.57,6860385.0,548804736.0
2015-04-14,216.45,234.92,212.26,234.92,14336619.0,1238260736.0
2015-04-15,226.63,229.59,211.43,211.43,9955037.0,804803904.0
2015-04-16,210.63,218.61,193.57,204.13,7697652.0,602880128.0
2015-04-17,213.3,213.3,205.3,206.9,4490292.0,353124480.0
2015-04-20,210.58,210.58,200.56,201.84,3517057.0,270645312.0
2015-04-21,204.77,213.03,201.84,210.63,4079177.0,318940960.0
2015-04-22,219.11,231.64,217.3,227.7,7467616.0,636668160.0
2015-04-23,229.27,250.47,227.54,250.47,7167437.0,656317248.0
2015-04-24,263.96,275.5,258.55,275.5,9478320.0,964883712.0
2015-04-27,279.96,290.62,266.57,279.96,8233629.0,854595136.0
2015-04-28,286.64,286.64,254.08,265.4,15785150.0,792952832.0
2015-04-29,266.89,281.79,256.32,258.89,13456187.0,677828672.0
2015-04-30,261.29,272.93,248.21,260.27,12810556.0,633338112.0
2015-05-04,260.38,260.49,246.13,256.54,7828376.0,373392736.0
2015-05-05,260.17,271.91,256.81,262.25,8474787.0,419142944.0
2015-05-06,267.05,270.26,258.03,265.29,8879991.0,441651776.0
2015-05-07,265.93,291.82,263.69,280.77,13942744.0,741494656.0
2015-05-08,280.77,308.85,274.63,308.85,16109526.0,884565952.0
2015-05-11,314.94,339.76,306.93,326.68,19663564.0,1200414592.0
2015-05-12,326.78,340.5,321.34,326.73,14780921.0,914572544.0
2015-05-13,322.94,325.24,304.26,315.89,12827914.0,751983296.0
2015-05-14,318.08,333.19,313.33,321.77,7703851.0,467332928.0
2015-05-15,322.67,324.01,305.22,319.15,7517930.0,442897984.0
2015-05-18,328.28,351.07,320.27,351.07,11906656.0,771349440.0
2015-05-19,357.69,361.59,331.0,345.2,9562379.0,615982592.0
2015-05-20,346.96,362.98,341.62,348.51,8405007.0,556113152.0
2015-05-21,354.43,374.72,345.84,371.51,9140595.0,623983232.0
2015-05-22,378.88,395.0,365.64,382.67,10193208.0,720877056.0
2015-05-25,373.6,384.22,357.96,372.69,7694792.0,537178688.0
2015-05-26,378.99,392.76,373.65,383.69,6628438.0,477966016.0
2015-05-27,389.66,400.5,380.75,391.32,7856500.0,579124800.0
2015-05-28,395.96,400.5,366.18,377.39,10120933.0,730494208.0
2015-05-29,381.66,385.93,352.3,376.64,7607776.0,537020864.0
2015-06-01,384.06,391.75,376.85,391.16,7914996.0,571057792.0
2015-06-02,395.0,407.71,389.66,396.02,6672862.0,497296064.0
2015-06-03,395.0,397.67,361.37,381.6,10300240.0,733648000.0
2015-06-04,386.3,386.3,343.44,369.38,7202789.0,498083520.0
2015-06-05,373.65,380.59,351.29,351.76,9569612.0,652638912.0
2015-06-08,355.82,356.52,316.59,316.8,13141499.0,805254528.0
2015-06-09,321.02,328.28,313.55,321.87,7928734.0,478024960.0
2015-06-10,324.54,335.7,321.23,329.77,7939785.0,490277408.0
2015-06-11,334.68,338.74,325.61,329.77,6483415.0,402108416.0
2015-06-12,330.95,338.05,329.35,330.41,7774461.0,483285792.0
2015-06-15,333.56,335.49,304.26,305.43,9081568.0,536558592.0
2015-06-16,303.19,303.19,280.24,290.91,8271816.0,451195776.0
2015-06-17,293.8,304.15,290.91,303.56,7900666.0,442258816.0
2015-06-18,306.77,311.89,273.19,273.19,10570255.0,565726272.0
2015-06-19,268.44,268.44,245.86,245.86,10465242.0,494980576.0
2015-06-23,237.53,247.62,221.25,244.21,13816899.0,607472192.0
2015-06-24,248.42,250.67,232.62,241.27,10136152.0,461788160.0
2015-06-25,242.87,265.4,229.58,263.16,18202732.0,859427776.0
2015-06-26,248.21,263.16,236.84,236.84,12220043.0,573173312.0
2015-06-29,245.54,258.89,213.51,236.89,16999896.0,770477376.0
2015-06-30,242.82,260.59,225.26,260.59,13237184.0,611207552.0
2015-07-01,271.7,286.64,266.95,272.76,23905376.0,1251615744.0
2015-07-02,270.63,277.41,245.49,245.49,16329696.0,793833088.0
2015-07-03,224.14,257.29,220.93,228.83,17810432.0,771795968.0
2015-07-06,245.54,247.68,205.94,205.94,16555106.0,687687296.0
2015-07-07,185.33,187.09,185.33,185.33,2480100.0,86130368.0
2015-07-08,166.81,181.43,166.81,175.83,50129608.0,1575561984.0
2015-07-14,193.39,193.39,193.39,193.39,44836.0,1624408.0
2015-07-15,212.71,212.71,203.43,212.71,20124828.0,799269888.0
2015-07-16,197.5,223.55,191.47,210.04,16098164.0,627544640.0
2015-07-17,215.33,231.02,209.24,224.99,16541911.0,680653120.0
2015-07-20,221.09,240.1,218.53,236.89,15409188.0,670850368.0
2015-07-21,232.2,252.91,227.98,250.67,12804731.0,587967872.0
2015-07-22,253.66,264.65,245.54,251.47,14338885.0,683388480.0
2015-07-23,246.88,276.61,246.88,276.61,13697157.0,678184256.0
2015-07-24,285.84,287.98,264.22,270.1,16645216.0,862268416.0
2015-07-27,261.77,274.79,243.09,243.09,13021333.0,633741696.0
2015-07-28,218.8,243.41,218.8,218.8,14895165.0,625608448.0
2015-07-29,223.12,231.13,202.73,229.9,14591712.0,596210688.0
2015-07-30,229.47,238.07,218.1,218.1,11471389.0,497487040.0
2015-07-31,210.04,217.78,198.57,203.91,9026829.0,353631552.0
2015-08-03,197.39,208.18,183.51,186.4,10668128.0,387407232.0
2015-08-04,188.85,205.03,187.36,205.03,10771365.0,399509344.0
2015-08-05,208.18,223.66,207.59,212.98,13094443.0,526070432.0
2015-08-06,202.84,221.52,200.22,218.8,9881159.0,399455712.0
2015-08-07,226.97,240.68,226.97,239.62,18782944.0,842114752.0
2015-08-10,234.87,258.89,227.66,248.48,23435212.0,1051094144.0
2015-08-11,243.94,248.16,233.64,239.24,20408340.0,920688896.0
2015-08-12,239.24,245.97,230.06,231.66,10346721.0,463123296.0
2015-08-13,228.51,254.83,227.13,254.83,18277180.0,831576768.0
2015-10-14,261.39,280.29,250.88,270.04,25460288.0,1282803456.0
2015-10-15,261.45,273.67,259.95,269.51,18246304.0,908236224.0
2015-10-16,269.56,294.22,266.95,275.97,14026969.0,736356480.0
2015-10-19,277.57,287.71,266.89,280.02,12802073.0,669767680.0
2015-10-20,282.8,285.57,275.33,281.52,10035814.0,526869632.0
2015-10-21,282.91,298.92,261.77,265.45,16986020.0,898842560.0
2015-10-22,273.19,284.51,267.0,281.52,15215033.0,787785728.0
2015-10-23,293.05,295.61,281.84,282.75,17937840.0,968305024.0
2015-10-26,282.91,283.97,264.22,269.03,13900747.0,705798656.0
2015-10-27,262.84,274.58,253.55,268.49,9834783.0,486583968.0
2015-10-28,264.28,277.41,260.97,262.62,7984396.0,402243392.0
2015-10-29,263.32,266.52,251.31,256.48,8076559.0,391591328.0
2015-10-30,256.22,261.45,250.08,254.08,6260800.0,300329792.0
2015-11-02,248.21,260.59,245.54,252.48,5501423.0,261077120.0
2015-11-03,251.41,256.22,248.1,249.81,4629737.0,217472656.0
2015-11-04,251.68,264.12,251.68,263.1,8431015.0,410241408.0
2015-11-05,261.5,265.82,254.19,255.84,9406815.0,456011392.0
2015-11-06,256.22,262.62,256.22,261.56,7893055.0,383993056.0
2015-11-09,259.42,266.25,258.89,262.89,12314216.0,607809152.0
2015-11-10,262.94,278.1,261.56,269.99,11555014.0,586671168.0
2015-11-11,269.99,291.87,264.76,291.13,16388568.0,854077568.0
2015-11-12,291.45,293.0,274.9,278.37,16874980.0,889958080.0
2015-11-13,273.83,276.39,258.99,260.22,11186224.0,557300736.0
2015-11-16,254.08,262.89,252.48,260.22,8400736.0,404465824.0
2015-11-17,263.42,264.6,244.47,246.56,19300060.0,914042752.0
2015-11-18,248.21,250.08,240.2,240.74,7895145.0,360401984.0
2015-11-19,242.34,249.71,242.34,249.49,6812360.0,314453824.0
2015-11-20,249.54,255.95,245.59,252.05,10163184.0,479703648.0
2015-11-23,252.21,252.21,240.52,241.16,9585993.0,441442720.0
2015-11-24,240.36,245.27,240.36,243.94,5470825.0,249008544.0
2015-11-25,251.68,267.32,251.68,264.17,17640664.0,855769024.0
2015-11-26,261.56,264.22,255.15,256.27,13499940.0,655567168.0
2015-11-27,251.95,253.5,230.65,230.7,13744053.0,621766400.0
2015-11-30,232.09,236.89,214.47,232.2,8245620.0,352756672.0
2015-12-01,235.4,243.41,226.65,230.97,8022805.0,354714784.0
2015-12-02,228.99,228.99,218.05,224.19,5485939.0,229190832.0
2015-12-03,225.52,233.64,224.24,230.65,6027104.0,258664864.0
2015-12-04,231.4,236.41,226.38,226.86,7044498.0,305549888.0
2015-12-07,228.99,229.42,224.19,228.73,6166325.0,261760016.0
2015-12-08,227.39,227.82,219.44,221.2,5510534.0,230854544.0
2015-12-09,222.69,222.69,217.68,218.85,4317851.0,177465840.0
2015-12-10,217.68,223.12,217.68,220.61,5512851.0,228468608.0
2015-12-11,220.61,221.95,213.46,214.31,5657674.0,229469936.0
2015-12-14,208.18,220.72,208.18,219.87,4019972.0,161369728.0
2015-12-15,220.99,228.51,220.99,223.82,4952826.0,208878960.0
2015-12-16,225.79,226.59,222.06,223.71,3730827.0,156851648.0
2015-12-17,225.79,230.06,225.79,229.26,6028639.0,257861152.0
2015-12-18,229.31,241.54,227.82,235.93,10329285.0,455178208.0
2015-12-21,241.22,253.87,235.93,242.87,10588019.0,487053728.0
2015-12-22,239.67,243.14,237.96,240.26,6560284.0,295486144.0
2015-12-23,238.23,240.2,228.99,228.99,7087443.0,310335008.0
2015-12-24,228.89,233.69,226.91,232.46,4158254.0,180317968.0
2015-12-25,230.44,237.75,230.06,234.17,4434130.0,194568560.0
2015-12-28,236.36,242.45,231.5,232.04,7186451.0,319538624.0
2015-12-29,231.5,243.19,227.29,239.3,6097899.0,269237888.0
2015-12-30,240.58,247.25,238.07,243.03,8104832.0,370182592.0
2015-12-31,241.86,245.28,235.29,235.29,4389585.0,196342960.0
2016-01-04,237.43,237.43,211.75,211.75,5294926.0,219588480.0
2016-01-05,196.43,210.9,190.56,197.5,8316260.0,313495360.0
2016-01-06,203.91,207.38,198.03,204.97,5047516.0,191762864.0
2016-01-07,199.64,200.65,184.48,184.48,1707600.0,61304812.0
2016-01-08,189.81,190.03,166.12,180.69,8446142.0,288380032.0
2016-01-11,170.81,176.42,162.65,162.65,8334828.0,262172304.0
2016-01-12,154.8,162.59,150.42,158.27,10529424.0,308770272.0
2016-01-13,159.07,160.4,142.47,142.47,14584661.0,406129760.0
2016-01-14,136.17,156.72,135.96,156.72,17277098.0,476600288.0
2016-01-15,161.74,167.88,155.12,158.43,19655534.0,596349696.0
2016-01-18,155.38,166.75,155.38,163.39,15255372.0,467381056.0
2016-01-19,160.19,168.09,158.16,166.97,14385551.0,439274816.0
2016-01-20,165.47,169.0,152.13,161.36,15360656.0,468716096.0
2016-01-21,156.93,160.03,145.3,145.3,14751356.0,425735232.0
2016-01-22,148.39,150.63,141.83,147.86,10317053.0,282669024.0
2016-01-25,149.46,151.49,146.79,149.73,6950227.0,194664640.0
2016-01-26,147.38,147.43,134.78,134.78,9756982.0,256085184.0
2016-01-27,134.03,135.79,122.24,130.56,10822721.0,258833296.0
2016-01-28,128.38,130.56,122.77,124.05,7147119.0,171044720.0
2016-01-29,122.72,135.85,122.72,133.29,9588458.0,233050656.0
2016-02-01,130.78,132.38,123.62,127.68,7138449.0,172536528.0
2016-02-02,129.18,138.78,128.11,135.26,9534520.0,240514288.0
2016-02-03,132.97,136.97,130.78,135.53,7809041.0,195441376.0
2016-02-04,135.58,139.21,135.53,138.09,8944181.0,230807552.0
2016-02-05,138.14,139.16,134.03,134.03,6394434.0,163745264.0
2016-02-15,128.16,134.51,127.58,132.97,6444467.0,158669040.0
2016-02-16,133.77,141.19,133.45,140.65,9452921.0,245645616.0
2016-02-17,141.67,141.99,137.72,141.99,9517225.0,249821680.0
2016-02-18,146.26,152.13,142.63,143.32,14819837.0,407105472.0
2016-02-19,141.45,147.32,140.71,147.32,9934471.0,266956336.0
2016-02-22,160.14,160.14,152.56,154.26,17885918.0,519690112.0
2016-02-23,152.4,153.94,147.75,152.66,13073380.0,369830432.0
2016-02-24,151.01,154.59,146.84,150.42,10380632.0,291894848.0
2016-02-25,150.85,151.54,135.37,135.37,10224799.0,271058848.0
2016-02-26,136.38,139.32,127.04,128.75,9059461.0,223801760.0
2016-02-29,128.75,128.75,115.89,115.89,10054535.0,223459568.0
2016-03-01,116.69,119.83,110.23,118.07,9079270.0,196495824.0
2016-03-02,117.91,124.75,116.37,124.21,10454317.0,235789696.0
2016-03-03,123.94,129.66,122.93,124.91,11260578.0,267475168.0
2016-03-04,123.04,125.01,113.06,114.76,9523275.0,212110864.0
2016-03-07,116.63,123.84,116.63,119.73,8416204.0,189221600.0
2016-03-08,120.32,123.84,111.83,123.84,9528413.0,212809408.0
2016-03-09,119.67,136.22,119.09,136.22,29686856.0,745951488.0
2016-03-10,133.55,136.44,128.11,128.75,19256812.0,476171168.0
2016-03-11,126.83,127.47,122.24,125.17,11608626.0,272261856.0
2016-03-14,128.38,137.72,127.15,137.72,13186012.0,329000992.0
2016-03-15,140.92,145.08,136.65,141.99,26223300.0,695049728.0
2016-03-16,140.49,141.45,133.61,135.85,19431666.0,499826624.0
2016-03-17,136.6,148.66,134.35,144.44,21209984.0,563827392.0
2016-03-18,144.12,152.13,143.48,148.93,23659330.0,653668480.0
2016-03-21,148.82,160.46,146.9,157.95,24767478.0,703014784.0
2016-03-22,154.26,163.44,152.18,159.07,21306588.0,627570880.0
2016-03-23,160.14,160.14,154.8,158.27,14861530.0,438819776.0
2016-03-24,155.12,157.68,152.18,153.41,14495273.0,419192224.0
2016-03-25,153.41,162.11,153.2,160.83,19985732.0,595858176.0
2016-03-28,160.14,171.61,159.07,162.0,19601076.0,601326592.0
2016-03-29,158.32,160.14,149.99,150.85,14746162.0,425751968.0
2016-03-30,153.57,156.93,150.53,156.51,11597846.0,334721920.0
2016-03-31,157.84,162.7,155.49,156.35,11922177.0,355230848.0
2016-04-01,154.8,155.6,150.58,152.24,8515223.0,242995680.0
2016-04-05,154.16,160.99,153.2,158.38,11601952.0,342579552.0
2016-04-06,158.0,164.3,156.99,161.47,12585023.0,380274432.0
2016-04-07,164.14,170.17,159.18,159.18,17201572.0,530473152.0
2016-04-08,157.47,159.18,154.21,156.88,9219296.0,270122400.0
2016-04-11,161.74,172.57,160.14,172.57,17946956.0,566197184.0
2016-04-12,176.68,186.03,176.04,179.78,35296204.0,1189213440.0
2016-04-13,179.78,197.45,176.36,189.49,32725504.0,1127904512.0
2016-04-14,186.93,192.11,184.21,186.82,21112340.0,741854784.0
2016-04-15,185.86,193.76,183.52,188.69,17669748.0,622628288.0
2016-04-18,189.44,189.44,179.25,180.79,13890424.0,472555936.0
2016-04-19,182.56,184.96,179.67,181.49,12036226.0,409990208.0
2016-04-20,182.56,184.1,163.34,163.34,19294048.0,620214080.0
2016-04-21,160.14,169.74,160.14,165.47,14490465.0,450453056.0
2016-04-22,162.81,180.9,161.74,173.48,16563311.0,540182272.0
2016-04-25,171.34,176.04,167.24,172.41,11981728.0,387359424.0
2016-04-26,172.31,176.04,169.9,176.04,9667619.0,314123328.0
2016-04-27,176.68,177.59,171.24,172.36,9053143.0,296115712.0
2016-04-28,172.04,172.41,160.19,168.84,12321550.0,383773536.0
2016-04-29,168.25,173.59,165.9,169.1,8683146.0,278319488.0
2016-05-03,163.28,174.28,163.07,174.12,12511337.0,396037088.0
2016-05-04,173.05,179.25,172.47,173.91,11197208.0,369022144.0
2016-05-05,170.81,177.38,169.69,175.88,11243836.0,364905568.0
2016-05-06,175.62,177.11,163.39,163.39,11286377.0,360643648.0
2016-05-09,162.81,162.81,152.98,155.06,9109036.0,267295952.0
2016-05-10,154.05,156.93,152.24,154.91,6080586.0,176451760.0
2016-05-11,157.31,157.31,152.13,153.57,6170335.0,178786053.0
2016-05-12,148.93,150.9,144.12,148.71,6824438.0,188444044.0
2016-05-13,148.93,152.13,145.62,146.74,5269410.0,146909932.0
2016-05-16,146.79,149.73,145.72,149.46,5184993.0,144006792.0
2016-05-17,149.35,160.14,145.72,154.16,10897471.0,311822828.0
2016-05-18,150.53,151.54,144.98,147.22,6853621.0,190030018.0
2016-05-19,147.75,153.25,147.22,147.86,6846339.0,192836067.0
2016-05-20,145.99,150.26,144.6,148.39,5897217.0,162755454.0
2016-05-23,149.57,152.66,148.5,151.33,7008234.0,197730829.0
2016-05-24,150.58,151.91,146.95,148.29,5282612.0,148004997.0
2016-05-25,150.79,152.82,148.13,148.87,6123307.0,172711497.0
2016-05-26,147.49,151.17,141.51,150.96,6752118.0,186496036.0
2016-05-27,149.83,151.22,147.75,148.07,4916208.0,137677604.0
2016-05-30,146.9,150.53,144.23,147.54,4418471.0,122650744.0
2016-05-31,148.93,159.5,147.75,157.89,11376354.0,329334108.0
2016-06-01,160.94,166.86,160.19,161.63,12799364.0,391297162.0
2016-06-02,160.67,164.78,159.18,163.77,7881951.0,240060113.0
2016-06-03,163.07,171.34,161.74,169.26,13586444.0,426272131.0
2016-06-06,172.05,172.05,165.05,165.53,9284442.0,290800082.0
2016-06-07,165.63,168.31,162.96,168.04,7743790.0,239154023.0
2016-06-08,167.24,172.04,164.03,170.34,8988121.0,284954730.0
2016-06-13,166.65,169.91,154.95,156.02,9428761.0,290161499.0
2016-06-14,153.34,158.1,149.71,153.56,7517092.0,216325156.0
2016-06-15,149.98,164.56,149.87,164.56,8716926.0,260001338.0
2016-06-16,162.48,165.1,161.47,163.34,7711222.0,235594198.0
2016-06-17,164.56,177.92,164.56,174.08,16101020.0,521523332.0
2016-06-20,170.98,172.79,166.7,170.55,9510300.0,301065526.0
2016-06-21,172.53,176.16,165.79,166.76,9983068.0,320754003.0
2016-06-22,166.28,173.65,166.22,172.1,8915094.0,282375204.0
2016-06-23,171.94,171.99,167.29,169.0,7135253.0,226687637.0
2016-06-24,167.5,171.46,156.23,166.86,8886933.0,277751738.0
2016-06-27,164.51,171.24,163.55,170.82,8907285.0,281878005.0
2016-06-28,169.43,175.73,169.32,171.94,12877935.0,416110274.0
2016-06-29,173.01,173.92,168.89,169.0,8296818.0,264822723.0
2016-06-30,168.36,170.44,167.77,169.0,6190617.0,195804464.0
2016-07-01,166.17,168.68,164.56,164.67,8367522.0,260049188.0
2016-07-04,163.76,168.73,163.02,168.15,6860933.0,214700483.0
2016-07-05,167.77,171.51,166.76,168.31,5425542.0,171340286.0
2016-07-06,167.66,171.67,166.6,170.92,8149234.0,259108880.0
2016-07-07,170.87,175.68,170.18,174.77,13984522.0,453876451.0
2016-07-08,174.72,177.23,172.1,172.95,8312311.0,270401390.0
2016-07-11,172.58,174.18,169.75,170.34,7423177.0,238652087.0
2016-07-12,169.53,173.65,167.13,173.65,7948343.0,253911792.0
2016-07-13,173.65,176.8,171.67,176.48,11841726.0,387522244.0
2016-07-14,176.64,176.64,172.05,173.38,9685534.0,314932840.0
2016-07-15,173.44,176.05,158.47,160.99,22161478.0,690916399.0
2016-07-18,159.06,159.65,156.02,158.63,8245056.0,243291708.0
2016-07-19,159.44,160.24,157.09,160.13,4412852.0,131086493.0
2016-07-20,159.76,162.69,159.49,160.29,5484007.0,165652554.0
2016-07-21,160.29,161.89,156.18,156.82,5919365.0,176576801.0
2016-07-22,156.55,159.92,156.44,157.57,4808920.0,142698812.0
2016-07-25,157.57,159.17,156.5,157.94,5273011.0,155565580.0
2016-07-26,158.53,159.76,157.57,158.63,4198431.0,124648350.0
2016-07-27,158.79,159.49,146.93,149.55,9402026.0,268516758.0
2016-07-28,149.28,150.51,144.1,147.68,6142130.0,168807911.0
2016-07-29,147.74,149.23,142.55,143.89,6512022.0,176962076.0
2016-08-01,143.03,144.26,138.01,141.91,4954085.0,130236332.0
2016-08-02,141.59,143.84,140.25,142.18,4426955.0,117178701.0
2016-08-03,141.59,142.5,140.52,141.64,2725635.0,72199981.0
2016-08-04,142.02,143.73,140.04,142.87,3024566.0,80540899.0
2016-08-05,142.93,145.71,142.02,142.77,4005170.0,107752488.0
2016-08-08,140.95,145.33,140.95,145.17,2923968.0,78472169.0
2016-08-09,146.56,151.47,145.22,151.37,7533169.0,210738704.0
2016-08-10,150.14,152.6,149.34,149.87,4771136.0,134689178.0
2016-08-11,148.86,151.16,146.4,146.4,2954254.0,82161698.0
2016-08-12,144.74,147.36,144.32,146.83,3972484.0,108329003.0
2016-08-15,146.99,156.34,146.99,155.75,9711266.0,277101568.0
2016-08-16,157.09,157.09,153.34,153.67,6516186.0,188499716.0
2016-08-17,152.81,155.38,151.74,153.67,5581356.0,160258110.0
2016-08-18,153.4,154.04,150.46,152.81,5729136.0,163307727.0
2016-08-19,152.65,152.76,147.95,149.6,6362696.0,178523671.0
2016-08-22,149.66,149.66,146.4,146.4,4707733.0,130317056.0
2016-08-23,146.67,149.34,146.4,148.38,3726695.0,103491067.0
2016-08-24,148.54,150.14,147.79,148.54,3044589.0,84752375.0
2016-08-25,148.43,148.96,144.53,148.11,3446823.0,94304109.0
2016-08-26,148.06,152.81,147.63,150.83,6377395.0,179905305.0
2016-08-29,149.82,150.67,148.32,148.91,4724356.0,131951001.0
2016-08-30,148.91,152.17,148.91,150.25,5097090.0,144052263.0
2016-08-31,149.6,150.19,147.47,149.34,3264032.0,90833569.0
2016-09-01,149.5,149.98,148.0,148.27,2941826.0,82000874.0
2016-09-02,147.09,149.55,147.09,149.34,2796112.0,77774538.0
2016-09-05,149.5,151.47,149.34,149.66,3340184.0,93986556.0
2016-09-06,150.25,154.31,148.43,153.03,6476171.0,184096520.0
2016-09-07,153.4,156.71,153.34,154.95,8355883.0,242533983.0
2016-09-08,154.84,155.11,153.08,154.74,3251254.0,93736144.0
2016-09-09,154.79,157.62,154.41,155.16,5927823.0,173086233.0
2016-09-12,152.22,154.04,148.54,151.69,5637881.0,160319092.0
2016-09-13,150.67,152.28,148.54,152.28,3655000.0,103004563.0
2016-09-14,150.67,156.02,150.14,155.38,5496992.0,157588647.0
2016-09-19,155.27,158.15,155.0,157.78,5903768.0,173264448.0
2016-09-20,158.31,158.42,155.91,157.19,3302935.0,96973235.0
2016-09-21,157.19,158.63,156.34,156.87,4452040.0,131217512.0
2016-09-22,158.47,158.96,156.39,157.35,3383812.0,99558169.0
2016-09-23,158.79,158.96,156.55,157.09,3156765.0,92887646.0
2016-09-26,157.09,158.1,151.8,152.92,4555377.0,131929701.0
2016-09-27,152.22,157.62,149.39,156.5,3951643.0,112547156.0
2016-09-28,156.6,158.63,155.16,157.62,6230941.0,183338222.0
2016-09-29,156.76,158.58,156.23,157.62,4290172.0,126409986.0
2016-09-30,157.73,160.29,157.03,160.13,4443067.0,131734189.0
2016-10-10,161.89,162.32,159.28,161.73,5935581.0,178632144.0
2016-10-11,161.36,164.51,160.02,164.03,6337799.0,192231401.0
2016-10-12,163.5,165.42,161.95,163.6,3805497.0,116585388.0
2016-10-13,162.22,164.73,162.22,163.6,3427666.0,104812173.0
2016-10-14,163.66,167.56,162.48,166.06,5721304.0,176975289.0
2016-10-17,164.3,169.27,164.03,165.9,5701031.0,177726980.0
2016-10-18,165.37,166.86,163.87,166.81,3721753.0,115159162.0
2016-10-19,166.81,168.25,164.19,165.05,3560107.0,110347287.0
2016-10-20,165.05,166.12,161.79,161.79,3687364.0,112586642.0
2016-10-21,161.73,169.75,161.15,168.41,8964587.0,277817059.0
2016-10-24,167.77,170.92,166.97,169.59,6008361.0,190083713.0
2016-10-25,169.59,171.62,166.86,169.59,5018977.0,158630768.0
2016-10-26,169.16,171.03,167.66,168.89,4742678.0,150322251.0
2016-10-27,169.37,171.94,168.73,169.8,6002802.0,191378120.0
2016-10-28,169.37,171.3,167.72,168.68,4389742.0,139098275.0
2016-10-31,167.66,168.79,151.8,167.24,12891665.0,392681524.0
2016-11-01,163.39,169.37,162.64,168.2,5938441.0,183847590.0
2016-11-02,167.77,172.85,167.66,170.34,5681539.0,181692389.0
2016-11-03,170.34,176.8,169.37,175.04,7179229.0,232315709.0
2016-11-04,175.89,177.71,174.24,174.56,5732019.0,188578265.0
2016-11-07,174.99,177.82,172.9,174.72,3556174.0,117015212.0
2016-11-08,176.21,177.18,174.18,174.82,3209453.0,105329703.0
2016-11-09,174.34,176.27,168.84,171.94,4545664.0,147282662.0
2016-11-10,173.12,174.99,170.76,174.02,5615041.0,181625770.0
2016-11-11,175.84,180.7,174.18,174.99,9017946.0,298621325.0
2016-11-14,174.18,176.05,170.34,175.25,5510401.0,179044352.0
2016-11-15,174.82,176.05,172.31,174.77,4625322.0,150552258.0
2016-11-16,175.31,176.96,174.24,174.93,4401039.0,144233474.0
2016-11-17,174.82,178.08,173.12,177.34,5392561.0,177874408.0
2016-11-18,177.28,184.34,176.8,181.4,6330143.0,213986857.0
2016-11-21,181.02,184.12,180.33,182.14,4197701.0,143504651.0
2016-11-22,181.66,186.85,181.66,184.34,5762420.0,199224600.0
2016-11-23,185.46,185.94,180.65,181.56,4767560.0,163152364.0
2016-11-24,181.61,183.21,178.46,180.59,3851152.0,130243132.0
2016-11-25,180.59,197.05,177.92,191.6,10438384.0,365644890.0
2016-11-28,191.6,203.57,191.55,199.3,9671559.0,356886281.0
2016-11-29,200.2,201.81,195.82,197.96,7830357.0,291325430.0
2016-11-30,196.62,203.57,193.95,202.29,8627682.0,321289376.0
2016-12-01,200.36,210.94,200.36,207.68,10959348.0,423667808.0
2016-12-02,206.24,208.81,199.99,206.83,7380213.0,283418366.0
2016-12-05,204.69,207.79,200.36,200.36,5043241.0,191848336.0
2016-12-06,201.33,203.3,195.61,197.64,4964848.0,184505454.0
2016-12-07,198.49,201.97,198.23,201.97,4256964.0,159374071.0
2016-12-08,202.02,208.97,202.02,207.68,7719928.0,298612751.0
2016-12-21,199.83,202.5,190.27,192.88,8586520.0,316453218.0
2016-12-22,193.85,206.24,192.51,205.81,6462372.0,242257700.0
2016-12-23,205.81,210.94,197.85,199.19,6439418.0,247995551.0
2016-12-26,198.28,199.4,187.06,196.36,5446073.0,196594751.0
2016-12-27,197.05,197.05,190.75,191.92,3090907.0,111820458.0
2016-12-28,192.19,195.4,178.99,181.72,6594572.0,229938645.0
2016-12-29,182.36,183.8,178.99,179.53,3105687.0,105453487.0
2016-12-30,180.33,182.2,177.18,181.29,2767063.0,93317728.0
2017-01-03,182.04,187.81,181.18,187.27,2706954.0,94230743.0
2017-01-04,188.4,190.85,185.99,190.75,3520424.0,124265452.0
2017-01-05,190.69,192.24,185.94,186.37,2387399.0,84711251.0
2017-01-06,186.9,188.5,179.47,184.5,3938416.0,135604496.0
2017-01-09,184.6,185.88,183.21,183.8,2341206.0,80860049.0
2017-01-10,183.8,184.5,178.99,178.99,2938477.0,99588690.0
2017-01-11,180.06,181.77,175.31,178.94,3424362.0,114690385.0
2017-01-12,179.26,181.5,176.69,180.7,2325821.0,78407696.0
2017-01-13,180.7,181.61,177.92,178.99,2391035.0,80675081.0
2017-01-16,178.99,178.99,161.09,161.09,6431155.0,202405579.0
2017-01-17,161.68,165.05,154.95,162.0,3631417.0,109421060.0
2017-01-18,166.44,166.44,160.83,161.04,1577437.0,48150578.0
2017-01-19,161.89,162.22,159.65,161.04,1304202.0,39261942.0
2017-01-20,162.11,166.44,160.34,163.71,2623692.0,80455632.0
2017-01-23,163.5,166.76,163.5,164.46,1803455.0,55676184.0
2017-01-24,164.46,165.63,159.22,159.22,1747042.0,52992384.0
2017-01-25,158.21,158.96,153.88,157.3,2230155.0,65485084.0
2017-01-26,159.22,159.81,157.3,158.9,1311315.0,38914743.0
2017-02-03,159.44,162.96,159.38,160.72,1421536.0,43024684.0
2017-02-06,160.29,163.92,160.29,163.92,1485995.0,45262215.0
2017-02-07,164.35,164.99,162.43,163.55,1417552.0,43394861.0
2017-02-08,163.23,165.53,162.48,165.05,1747099.0,53695033.0
2017-02-09,163.71,165.42,163.5,164.51,1247246.0,38379713.0
2017-02-10,165.1,165.26,161.89,162.48,1176768.0,35915789.0
2017-02-13,163.5,165.37,161.89,164.03,1807200.0,55428456.0
2017-02-14,164.35,164.35,161.89,162.69,1281255.0,39012305.0
2017-02-15,162.69,163.82,161.31,162.0,1588411.0,48358936.0
2017-02-16,161.41,162.48,156.76,159.86,3087587.0,91858865.0
2017-02-17,159.76,160.66,154.41,154.68,3666638.0,107254848.0
2017-02-20,154.84,159.12,154.73,158.42,2223016.0,65635285.0
2017-02-21,159.06,160.56,158.21,159.28,2060517.0,61520899.0
2017-02-22,159.86,160.13,158.15,159.97,1642833.0,48949646.0
2017-02-23,159.97,161.09,157.73,158.85,1720709.0,51119478.0
2017-02-24,159.44,159.49,157.35,158.96,1403710.0,41589868.0
2017-02-27,159.81,159.81,156.28,156.55,1765405.0,52126463.0
2017-02-28,156.55,158.47,156.39,158.1,1938100.0,57206254.0
2017-03-01,158.1,160.02,157.14,157.62,2585648.0,76752646.0
2017-03-02,157.78,158.15,155.0,156.07,1816591.0,53163831.0
2017-03-03,156.55,158.53,155.16,157.99,2096830.0,61866682.0
2017-03-06,157.99,160.08,156.98,159.49,2551639.0,76100369.0
2017-03-07,160.24,173.65,160.24,170.98,7052143.0,222691554.0
2017-03-08,170.98,170.98,166.6,167.66,3702643.0,116966353.0
2017-03-09,169.27,169.27,166.7,168.36,2435096.0,76592190.0
2017-03-10,167.77,168.36,164.03,166.49,2386585.0,74165594.0
2017-03-13,166.38,169.8,164.83,167.4,2909939.0,91432909.0
2017-03-14,166.44,167.61,164.09,165.31,2293382.0,71065351.0
2017-03-15,167.5,170.98,166.7,168.2,4683660.0,148479880.0
2017-03-16,165.05,171.94,165.05,169.91,4142680.0,131220033.0
2017-03-17,168.79,170.23,167.18,167.24,2758421.0,87037157.0
2017-03-20,167.18,170.44,166.81,169.91,2729797.0,86422376.0
2017-03-21,170.34,170.44,168.47,169.85,2035754.0,64494826.0
2017-03-22,170.34,173.65,169.16,171.67,5339901.0,171916033.0
2017-03-23,170.98,172.58,166.6,169.16,3604066.0,114155713.0
2017-03-24,169.11,170.18,167.82,169.21,1961293.0,62106942.0
2017-03-27,170.18,170.18,166.01,166.12,2077439.0,65155784.0
2017-03-28,166.12,166.76,160.18,160.99,2562724.0,78433643.0
2017-03-29,161.15,161.84,156.98,158.69,2751181.0,81823869.0
2017-03-30,158.69,161.09,157.62,160.13,2624043.0,78090927.0
2017-03-31,159.76,160.93,158.15,159.17,1527311.0,45462751.0
2017-04-05,159.76,161.09,158.63,160.72,1846334.0,55249897.0
2017-04-06,160.88,161.31,159.76,160.56,1229571.0,36913241.0
2017-04-07,160.77,160.77,159.33,159.76,1054367.0,31579065.0
2017-04-10,159.65,159.65,143.78,143.78,7050118.0,198099255.0
2017-04-11,143.94,146.24,130.91,130.91,13168513.0,335874828.0
2017-04-12,131.33,136.09,125.56,134.43,7560386.0,188150222.0
2017-04-13,134.11,136.14,133.04,134.75,3053476.0,77172784.0
2017-04-14,133.9,134.38,131.44,132.61,2337591.0,58044128.0
2017-04-17,136.3,142.12,131.97,131.97,5966282.0,153362338.0
2017-04-18,132.45,135.55,131.17,132.61,3523008.0,88162757.0
2017-04-19,132.24,136.78,128.87,136.78,4391898.0,108948351.0
2017-04-20,136.68,142.71,136.14,138.65,4726065.0,123622447.0
2017-04-21,138.17,140.31,137.21,137.8,1945653.0,50487755.0
2017-04-24,137.8,137.8,130.96,134.54,2229623.0,55970221.0
2017-04-25,134.59,136.62,132.77,133.15,2034461.0,51284622.0
2017-04-26,133.15,135.5,130.96,131.65,2171715.0,53978759.0
2017-04-27,132.51,132.51,122.19,128.77,4465232.0,106383821.0
2017-04-28,133.58,137.85,132.4,134.75,5033128.0,127421305.0
2017-05-02,133.52,135.5,132.56,134.11,2353979.0,59160109.0
2017-05-03,134.06,135.02,131.54,133.09,1710785.0,42603117.0
2017-05-04,132.77,134.27,131.01,131.87,2238048.0,55547298.0
2017-05-05,131.06,133.15,126.95,126.95,2340128.0,57108326.0
2017-05-08,126.9,130.1,124.6,127.48,2839392.0,67783154.0
2017-05-09,127.16,132.51,125.72,132.4,3622864.0,87160184.0
2017-05-10,130.9,133.9,129.84,133.58,3929565.0,97717842.0
2017-05-11,133.58,134.91,130.9,134.91,2760501.0,68753881.0
2017-05-12,134.91,136.03,133.09,135.18,2303382.0,58057048.0
2017-05-15,135.07,135.39,131.54,134.06,2921086.0,73124146.0
2017-05-16,133.84,135.29,131.17,135.23,2858307.0,71319106.0
2017-05-17,135.45,145.87,134.22,140.47,6111925.0,159081211.0
2017-05-18,137.85,140.41,137.21,137.58,4010782.0,104028877.0
2017-05-19,138.65,142.61,137.32,140.9,3811672.0,100247645.0
2017-05-22,146.4,151.58,141.91,143.14,6821545.0,186384587.0
2017-05-23,141.7,143.14,135.55,136.46,4321492.0,112062587.0
2017-05-24,136.51,137.9,131.01,137.32,2778909.0,70257857.0
2017-05-25,137.64,144.0,137.64,142.39,6866656.0,180710526.0
2017-05-26,144.8,146.13,139.99,140.36,6406664.0,170762438.0
2017-05-31,139.56,141.16,136.25,137.0,4691020.0,120977694.0
2017-06-01,137.0,138.17,133.15,135.98,2810524.0,71401882.0
2017-06-02,135.71,138.44,131.65,137.58,3057085.0,77398684.0
2017-06-05,138.76,139.93,137.64,139.03,2978088.0,77457964.0
2017-06-06,139.03,140.36,138.01,139.19,1699794.0,44185352.0
2017-06-07,139.24,141.59,138.54,140.41,5640940.0,147993718.0
2017-06-08,140.41,140.52,133.84,134.06,7819531.0,200178488.0
2017-06-09,133.52,135.87,133.04,135.12,3034042.0,76347116.0
2017-06-12,134.32,135.55,129.3,129.68,3578061.0,88161720.0
2017-06-13,129.84,132.13,129.84,131.33,2522198.0,61863742.0
2017-06-14,131.06,131.81,130.53,131.38,1873500.0,46017041.0
2017-06-15,131.38,134.0,130.96,133.52,3597873.0,89552932.0
2017-06-16,133.36,133.36,131.81,132.88,1957533.0,48540451.0
2017-06-19,132.51,132.83,130.85,131.97,1874483.0,46261492.0
2017-06-20,132.08,135.93,131.97,132.94,3995793.0,100018289.0
2017-06-21,133.2,133.2,130.96,132.19,2924620.0,72157220.0
2017-06-22,132.29,132.45,127.06,127.27,2677600.0,65353370.0
2017-06-23,127.81,129.57,125.03,129.19,2411655.0,57691181.0
2017-06-26,133.41,134.64,129.89,131.22,5713928.0,141314199.0
2017-06-27,130.21,137.05,130.1,134.38,7762910.0,194865803.0
2017-06-28,132.51,133.25,130.9,131.54,3188896.0,78654677.0
2017-06-29,131.54,132.67,130.96,131.97,2860294.0,70599978.0
2017-06-30,131.6,131.71,129.68,130.64,2014092.0,49223098.0
2017-07-03,130.58,132.67,130.58,132.19,1971401.0,48721178.0
2017-07-04,132.24,133.47,131.71,133.2,2669140.0,66338612.0
2017-07-05,133.41,133.95,130.96,133.31,3562019.0,88393744.0
2017-07-06,133.85,133.85,130.58,131.12,3189011.0,78513846.0
2017-07-07,130.15,131.6,130.15,131.17,1720499.0,42058894.0
2017-07-10,131.22,132.83,130.37,131.17,2499300.0,61345035.0
2017-07-11,131.22,132.24,129.89,130.69,2193795.0,53783241.0
2017-07-12,130.37,131.06,126.67,128.17,3026004.0,72261184.0
2017-07-13,127.9,134.97,127.9,134.49,6509437.0,159811753.0
2017-07-14,134.92,135.35,129.35,129.4,4671531.0,114468923.0
2017-07-17,128.44,128.44,116.44,116.44,7973051.0,177047348.0
2017-07-18,115.1,117.03,106.8,115.96,6833517.0,143181338.0
2017-07-19,113.55,114.89,111.41,113.44,3380575.0,71424877.0
2017-07-20,113.44,115.53,113.33,114.14,4322597.0,92249943.0
2017-07-21,114.35,115.05,109.75,112.16,5594778.0,116585661.0
2017-07-24,110.39,111.83,109.27,110.82,3590540.0,74039705.0
2017-07-25,111.19,114.41,111.14,112.37,3773258.0,79418419.0
2017-07-26,111.94,113.33,108.73,109.32,3509895.0,72160406.0
2017-07-27,109.75,114.08,107.82,113.23,6890698.0,143448390.0
2017-07-28,112.42,114.41,110.44,110.44,4946070.0,103610755.0
2017-07-31,110.5,111.83,109.42,110.55,2951478.0,60916019.0
2017-08-01,110.55,111.35,109.53,110.87,3414143.0,70379700.0
2017-08-02,111.19,111.25,107.77,108.3,4013801.0,81927343.0
2017-08-03,108.89,111.51,108.19,109.21,3452699.0,70926213.0
2017-08-04,110.5,111.3,109.69,109.8,3221261.0,66322806.0
2017-08-07,109.75,112.32,109.75,111.78,4431326.0,92174261.0
2017-08-08,111.03,111.84,109.32,111.19,3539689.0,73068009.0
2017-08-09,111.84,112.8,110.07,110.44,5003124.0,104130387.0
2017-08-10,110.55,110.82,107.02,107.66,5199429.0,105384759.0
2017-08-11,106.8,108.52,106.11,107.02,3174240.0,63581419.0
2017-08-14,107.02,109.42,107.02,109.32,3255727.0,66147596.0
2017-08-15,108.94,110.34,108.73,109.37,2662790.0,54386112.0
2017-08-16,109.05,113.33,109.05,112.69,7512810.0,156730178.0
2017-08-17,113.01,114.08,111.73,113.28,5949179.0,125490316.0
2017-08-18,111.19,113.71,111.19,112.21,3674846.0,76983257.0
2017-08-21,112.0,114.35,111.73,113.07,3643714.0,76951752.0
2017-08-22,113.17,113.6,111.14,111.62,3622679.0,75784078.0
2017-08-23,111.89,112.26,109.8,110.17,3213652.0,66484513.0
2017-08-24,110.6,115.16,108.89,111.51,6490304.0,135592573.0
2017-08-25,110.66,112.8,110.39,112.75,4663813.0,97570188.0
2017-08-28,112.53,115.1,112.53,114.67,6056154.0,129272395.0
2017-08-29,115.64,115.64,113.01,113.23,4676076.0,99371573.0
2017-08-30,113.55,115.42,112.8,113.82,4554929.0,97187804.0
2017-08-31,113.82,115.32,113.82,115.16,5407711.0,115920865.0
2017-09-01,115.91,116.12,113.55,114.89,5138336.0,109906655.0
2017-09-04,114.89,116.23,113.92,116.23,6012941.0,129073623.0
2017-09-05,116.28,119.28,116.28,117.08,7758752.0,170502108.0
2017-09-06,116.33,118.91,115.96,118.58,6290111.0,138075102.0
2017-09-07,118.53,119.28,116.98,117.08,6495888.0,143402018.0
2017-09-08,116.33,123.19,116.33,119.44,10630553.0,238343594.0
2017-09-11,120.25,120.25,117.46,118.48,6414779.0,141821144.0
2017-09-12,119.44,119.87,116.5,116.66,6984132.0,153882464.0
2017-09-13,116.76,117.57,115.26,116.92,3895137.0,84736954.0
2017-09-14,116.07,119.33,116.01,119.33,6216879.0,136310115.0
2017-09-15,118.96,122.81,118.32,121.96,12507816.0,283843519.0
2017-09-18,120.62,123.73,120.03,123.03,6656457.0,151409691.0
2017-09-19,123.03,132.72,121.74,129.46,18246673.0,438195535.0
2017-09-20,129.4,131.12,127.05,130.69,8892214.0,214214853.0
2017-09-21,129.62,130.58,126.4,126.67,7357716.0,176111314.0
2017-09-22,126.99,127.47,123.24,124.74,4665800.0,108551078.0
2017-09-25,124.74,129.99,123.08,127.47,6964860.0,165851176.0
2017-09-26,126.3,127.1,123.62,124.37,4023579.0,94018890.0
2017-09-27,124.37,125.81,121.48,123.08,4920218.0,113197323.0
2017-09-28,122.71,124.48,121.8,122.23,3960920.0,91003355.0
2017-09-29,123.4,123.62,122.01,122.81,3107332.0,71265755.0
2017-10-09,126.89,127.47,122.71,125.28,7131477.0,165745658.0
2017-10-10,126.19,135.4,124.69,135.19,17250595.0,425384249.0
2017-10-11,135.03,138.83,128.33,129.83,16443944.0,409138192.0
2017-10-12,129.56,133.47,129.19,133.21,8890014.0,217744659.0
2017-10-13,132.19,135.94,130.8,132.72,10986211.0,273656360.0
2017-10-16,130.42,131.76,125.49,125.49,8957098.0,213874497.0
2017-10-17,125.23,127.47,125.23,125.87,4543639.0,107248244.0
2017-10-18,125.49,127.31,123.35,123.46,5341489.0,124809973.0
2017-10-19,123.19,125.33,119.07,119.66,5547659.0,126745480.0
2017-10-20,119.44,121.48,118.75,121.48,3224119.0,72376373.0
2017-10-23,122.6,122.71,120.41,121.37,2639071.0,59868291.0
2017-10-24,121.53,122.6,118.85,119.98,3866895.0,87043186.0
2017-10-25,120.73,121.26,119.82,121.16,2745539.0,61851216.0
2017-10-26,121.21,124.05,121.05,122.44,4568023.0,104654338.0
2017-10-27,122.17,123.56,120.51,121.37,2805933.0,63904295.0
2017-10-30,121.53,122.17,114.35,114.78,4870465.0,106157081.0
2017-10-31,114.78,115.85,113.66,115.21,2820393.0,60434199.0
2017-11-01,115.21,115.96,113.92,114.25,2714053.0,58186972.0
2017-11-02,114.25,115.37,111.19,114.73,2777533.0,58647542.0
2017-11-03,114.73,115.1,109.37,110.66,3845509.0,80318440.0
2017-11-06,110.98,112.1,108.89,112.1,2986548.0,61517398.0
2017-11-07,111.94,111.94,109.8,111.25,3271465.0,67586527.0
2017-11-08,111.14,113.87,110.87,113.28,4004281.0,84347221.0
2017-11-09,112.91,114.25,112.21,113.66,2648855.0,56156943.0
2017-11-10,113.17,113.5,110.98,111.62,2848832.0,59512317.0
2017-11-13,111.62,116.39,110.44,115.91,5029493.0,106590348.0
2017-11-14,115.37,117.46,114.08,115.53,3968696.0,85906371.0
2017-11-15,115.69,115.75,112.8,114.78,2548928.0,54287708.0
2017-11-16,114.35,115.96,110.92,111.35,3158846.0,67017139.0
2017-11-17,111.41,111.94,102.25,103.0,6287009.0,125558576.0
2017-11-20,103.0,103.0,98.02,100.59,5501038.0,102292819.0
2017-11-21,100.75,101.55,99.41,99.89,3715298.0,69606506.0
2017-11-22,99.09,101.02,97.96,99.25,4152862.0,77059675.0
2017-11-23,99.25,99.25,93.73,94.0,6979561.0,124727697.0
2017-11-24,94.32,94.75,92.93,93.2,2515100.0,44023936.0
2017-11-27,93.2,94.21,91.96,92.23,2309644.0,40064116.0
2017-11-28,92.02,93.68,92.02,93.57,1885890.0,32777429.0
2017-11-29,94.27,94.27,91.05,92.23,2918408.0,50199901.0
2017-11-30,92.66,93.3,91.59,92.02,2156660.0,37210387.0
2017-12-01,92.02,94.0,91.59,93.3,2710806.0,47211360.0
2017-12-04,92.61,93.46,90.52,90.57,2780801.0,47689224.0
2017-12-05,90.84,91.75,84.47,85.7,4247692.0,69518858.0
2017-12-06,85.91,86.98,85.38,86.82,4042537.0,65065492.0
2017-12-07,87.04,87.73,86.39,86.77,2698531.0,43894629.0
2017-12-08,86.93,88.8,85.8,87.95,3884499.0,63664839.0
2017-12-11,87.41,89.88,87.41,89.02,3317699.0,55112806.0
2017-12-12,88.54,89.5,86.34,86.61,3095100.0,50583019.0
2017-12-13,86.98,88.54,86.66,88.11,2284960.0,37437003.0
2017-12-14,88.16,89.5,87.47,88.22,2286645.0,37691884.0
2017-12-15,87.79,91.48,87.73,90.04,5750891.0,96272307.0
2017-12-18,89.77,89.77,86.77,87.14,4496171.0,73451179.0
2017-12-19,86.77,87.84,86.55,87.36,2653981.0,43304695.0
2017-12-20,87.25,87.41,84.52,84.68,3811031.0,60806855.0
2017-12-21,85.0,85.43,82.06,84.31,3167247.0,49593036.0
2017-12-22,84.79,88.27,84.31,85.43,3726599.0,60116972.0
2018-01-18,76.91,76.91,76.91,76.91,448000.0,6433280.0
2018-01-19,69.2,69.2,69.2,69.2,327100.0,4226132.0
2018-01-22,62.29,62.29,62.29,62.29,501000.0,5826630.0
2018-01-23,56.08,56.08,56.08,56.08,1077700.0,11283519.0
2018-01-24,50.45,50.45,50.45,50.45,1691500.0,15933930.0
2018-01-25,47.88,55.49,47.88,55.49,68867191.0,656613574.0
2018-01-26,57.1,61.06,54.42,61.06,62602600.0,684366001.0
2018-01-29,59.61,61.43,54.95,55.7,64997732.0,690420079.0
2018-01-30,52.38,53.35,50.13,50.13,45472573.0,434895695.0
2018-01-31,47.13,51.2,45.1,50.51,61884233.0,536094643.0
2018-02-01,47.88,49.22,45.47,45.47,37430372.0,329952394.0
2018-02-02,42.8,45.15,41.99,42.26,33721751.0,273040877.0
2018-02-05,41.24,46.49,40.44,46.49,34982554.0,293145797.0
2018-02-06,47.13,47.88,41.88,43.17,46580094.0,391317889.0
2018-02-07,43.12,47.51,42.58,47.51,37127432.0,312455479.0
2018-02-08,51.2,52.27,49.65,52.27,38659377.0,372729345.0
2018-02-09,49.54,55.01,47.94,53.24,76756546.0,740183079.0
2018-02-12,53.02,54.69,51.47,53.61,55242970.0,545562862.0
2018-02-13,52.06,52.44,48.26,48.26,43805669.0,407699510.0
2018-02-14,46.49,47.88,44.56,44.78,33661700.0,288324655.0
2018-02-22,45.74,48.79,44.88,47.67,33521835.0,291611367.0
2018-02-23,47.13,48.58,46.22,47.72,32276250.0,286935809.0
2018-02-26,48.53,52.49,47.78,52.49,45880792.0,430827981.0
2018-02-27,53.51,56.45,53.02,54.04,65496698.0,666363438.0
2018-02-28,48.69,58.92,48.69,57.31,65538583.0,651826903.0
2018-03-01,55.97,59.34,55.17,57.15,59514224.0,638908920.0
2018-03-02,55.7,58.06,55.17,55.17,40584333.0,426303623.0
2018-03-05,54.15,57.2,52.6,55.76,37693759.0,387837666.0
2018-03-06,55.65,59.94,55.17,57.15,48240758.0,520159717.0
2018-03-07,57.26,62.88,56.67,62.88,69211362.0,783615752.0
2018-03-08,61.54,69.15,59.34,69.15,78028870.0,938906424.0
2018-03-09,68.5,76.06,68.08,76.06,50520439.0,692519404.0
2018-03-12,79.81,81.41,73.27,76.7,88837607.0,1269469295.0
2018-03-13,74.13,75.9,72.04,74.45,54673787.0,755232723.0
2018-03-14,73.7,73.7,68.61,70.06,51814788.0,686999533.0
2018-03-15,64.81,67.11,63.04,64.54,52765548.0,639259119.0
2018-03-16,63.47,66.15,62.56,62.77,42234105.0,505994918.0
2018-03-19,64.06,67.81,64.0,65.34,51471944.0,630398243.0
2018-03-20,64.38,71.88,64.33,71.88,67482036.0,875604918.0
2018-03-21,73.0,73.27,67.75,67.75,69217799.0,919557500.0
2018-03-22,65.08,73.11,65.08,70.75,57861708.0,761638029.0
2018-03-23,68.29,70.11,63.68,65.08,47503392.0,588145539.0
2018-03-26,64.27,68.61,64.22,68.56,37835341.0,471807887.0
2018-03-27,68.02,71.5,67.49,70.7,47888738.0,626663554.0
2018-03-28,69.25,75.63,68.99,72.84,59700626.0,815548547.0
2018-03-29,72.84,74.77,69.9,71.18,38479764.0,515660858.0
2018-03-30,72.47,73.11,70.17,72.31,36503513.0,488179348.0
2018-04-02,70.49,71.4,65.08,66.15,51229113.0,644558764.0
2018-04-03,63.2,63.2,59.56,59.61,52009370.0,587781110.0
2018-04-04,59.61,63.09,59.34,60.42,34751358.0,397037178.0
2018-04-09,58.92,60.15,55.97,58.81,27036828.0,293492330.0
2018-04-10,58.54,60.31,57.31,59.83,26349089.0,291233615.0
2018-04-11,59.88,62.72,58.65,61.01,30451537.0,343908129.0
2018-04-12,60.09,61.97,59.67,59.77,23274496.0,263443454.0
2018-04-13,61.86,61.97,58.27,58.27,19636477.0,219777681.0
2018-04-16,57.26,59.99,57.15,59.77,19787302.0,218084123.0
2018-04-17,60.68,60.84,58.49,59.24,25139653.0,280688164.0
2018-04-18,58.92,59.56,53.67,55.92,23713423.0,247756170.0
2018-04-19,56.67,57.2,54.95,56.02,16250156.0,170671874.0
2018-04-20,56.29,56.99,52.76,53.02,21440057.0,219174024.0
2018-04-23,50.88,54.52,50.4,53.67,20433439.0,202169879.0
2018-04-24,48.47,50.29,48.31,49.12,59025162.0,536892289.0
2018-04-25,47.24,47.78,44.46,44.78,48551903.0,414691591.0
2018-04-26,45.37,49.28,44.99,49.28,69467865.0,626926473.0
2018-04-27,49.81,49.81,44.35,46.06,58259332.0,504369227.0
2018-05-03,41.46,43.65,41.46,42.9,47809460.0,377746683.0
2018-05-04,42.37,46.6,40.97,44.35,48338452.0,396065338.0
2018-05-07,43.44,45.2,42.47,44.62,32694698.0,269578589.0
2018-05-08,44.51,45.47,43.65,44.35,27965977.0,231829487.0
2018-05-09,43.38,44.13,42.96,43.49,23675981.0,192103300.0
2018-05-10,43.65,47.83,43.55,47.83,52676321.0,452310380.0
2018-05-11,47.83,52.38,46.65,50.08,69756659.0,645941617.0
2018-05-14,49.01,49.54,46.81,47.72,36746317.0,328310604.0
2018-05-15,47.4,49.12,47.13,48.31,27600245.0,249111180.0
2018-05-16,47.08,47.08,45.58,45.8,31949161.0,275492623.0
2018-05-17,44.94,47.56,44.19,45.95,28226320.0,244135944.0
2018-05-18,45.1,46.44,43.38,45.15,25447243.0,213410702.0
2018-05-21,45.69,49.65,45.47,49.65,33749835.0,299450378.0
2018-05-22,50.83,53.45,49.7,50.72,66961741.0,642026003.0
2018-05-23,49.28,50.72,48.63,49.17,35791961.0,331618104.0
2018-05-24,47.83,50.51,47.83,49.38,31233791.0,288895151.0
2018-05-25,48.9,50.03,47.35,47.62,26623813.0,240842589.0
2018-05-28,46.12,47.45,45.31,46.81,22082138.0,191979744.0
2018-05-29,46.6,51.47,46.06,51.47,50282628.0,474831864.0
2018-05-30,46.38,50.35,46.33,47.88,60571255.0,540493033.0
2018-05-31,47.56,51.95,45.85,50.4,54723567.0,497569240.0
2018-06-01,49.28,51.58,48.79,49.54,38167873.0,355394365.0
2018-06-04,49.33,53.24,49.33,51.85,51774077.0,499697605.0
2018-06-05,51.42,55.33,49.92,53.94,52654432.0,516144564.0
2018-06-06,52.22,54.31,51.95,52.76,44543981.0,440749926.0
2018-06-07,52.22,52.6,50.03,50.13,35303374.0,337375025.0
2018-06-08,49.81,50.08,48.31,49.76,24288115.0,222941836.0
2018-06-11,44.78,46.44,44.78,44.78,25212053.0,212620849.0
2018-06-12,40.28,40.28,40.28,40.28,7713200.0,58003264.0
2018-06-13,36.26,36.26,36.26,36.26,4003000.0,27100310.0
2018-06-14,32.62,32.62,32.62,32.62,1415600.0,8621004.0
2018-06-15,29.35,35.62,29.35,32.99,57918256.0,350941641.0
2018-06-19,30.74,31.82,29.67,29.67,28151480.0,159456051.0
2018-06-20,28.66,29.73,26.89,28.49,35828784.0,187809405.0
2018-06-21,28.49,30.48,28.17,28.49,31634609.0,172597116.0
2018-06-22,26.83,28.87,26.51,28.44,21203162.0,110887474.0
2018-06-25,28.87,30.16,28.12,28.76,24969904.0,135702649.0
2018-06-26,27.85,30.26,27.74,29.83,26258767.0,143802213.0
2018-06-27,29.99,29.99,28.92,29.24,20297359.0,111370861.0
2018-06-28,28.98,29.57,27.05,27.64,26183004.0,138072904.0
2018-06-29,27.37,28.82,27.37,28.44,20967796.0,110931102.0
2018-07-02,28.66,30.42,28.6,29.14,28550027.0,156186515.0
2018-07-03,29.03,29.94,28.12,29.67,24735949.0,134412780.0
2018-07-04,29.19,29.46,28.12,28.6,17380646.0,93550087.0
2018-07-05,28.66,28.82,27.0,27.0,15597021.0,81081963.0
2018-07-06,26.25,26.62,24.32,24.69,39445982.0,184302048.0
2018-07-09,24.37,25.76,24.37,25.5,22771825.0,106544293.0
2018-07-10,25.44,25.87,24.53,24.96,20553855.0,96419495.0
2018-07-11,25.01,26.83,24.16,25.55,31593410.0,151111797.0
2018-07-12,25.01,26.25,24.8,25.98,26472827.0,126998441.0
2018-07-13,25.87,27.85,25.82,26.57,31659582.0,158445155.0
2018-07-16,25.92,26.19,24.96,25.6,20930500.0,99604068.0
2018-07-17,25.44,26.51,25.28,25.98,17126203.0,82571728.0
2018-07-18,25.87,27.0,25.71,26.08,20801383.0,102108305.0
2018-07-19,25.87,26.19,24.58,24.8,19732825.0,92546595.0
2018-07-20,24.48,25.23,24.48,24.91,12278336.0,57301570.0
2018-07-23,24.75,24.91,22.76,23.73,24412502.0,107954132.0
2018-07-24,23.67,26.08,23.67,26.08,27486015.0,129129022.0
2018-07-25,26.62,27.05,25.5,25.71,33979080.0,165702606.0
2018-07-26,25.39,28.28,25.39,28.28,53389010.0,273784771.0
2018-07-27,27.21,27.8,26.51,26.78,35283604.0,179038133.0
2018-07-30,25.44,26.25,24.37,25.44,28657192.0,135181910.0
2018-07-31,25.82,26.19,24.75,25.01,17394852.0,82864482.0
2018-08-01,25.28,25.44,24.1,24.16,15602170.0,71663195.0
2018-08-02,23.89,23.89,21.85,23.35,20642824.0,88327138.0
2018-08-03,22.92,23.41,22.55,22.66,10451525.0,44877593.0
2018-08-06,22.07,22.5,21.69,21.75,11966504.0,49167819.0
2018-08-07,21.48,22.39,21.48,22.39,12485046.0,51503788.0
2018-08-08,22.23,22.82,21.91,22.01,12186162.0,50821323.0
2018-08-09,22.12,22.92,21.96,22.55,14531210.0,61142301.0
2018-08-10,22.44,23.46,22.28,22.92,14885978.0,63723495.0
2018-08-13,22.39,23.09,22.07,22.76,11993285.0,50303141.0
2018-08-14,22.71,23.41,22.6,23.03,11857702.0,50831985.0
2018-08-15,22.87,24.91,22.71,23.46,32040157.0,142874616.0
2018-08-16,22.28,22.87,21.96,22.34,18158710.0,76034875.0
2018-08-17,22.39,22.71,21.69,21.8,11369971.0,47025650.0
2018-08-20,21.8,22.28,21.59,22.17,8542271.0,35080867.0
2018-08-21,22.12,23.51,22.01,22.92,17517961.0,74672188.0
2018-08-22,22.71,23.19,22.23,22.28,12522131.0,52927662.0
2018-08-23,22.34,22.76,22.17,22.71,10392232.0,43654587.0
2018-08-24,22.5,23.14,22.44,22.71,11567200.0,49304865.0
2018-08-27,22.34,23.35,22.28,23.25,13125452.0,56082783.0
2018-08-28,23.41,24.37,22.82,22.92,20022120.0,87913041.0
2018-08-29,23.03,23.25,22.23,22.28,14456200.0,61220096.0
2018-08-30,20.03,20.84,20.03,20.03,32069628.0,121296981.0
2018-08-31,19.07,19.5,18.53,18.69,23238772.0,81991092.0
2018-09-03,18.75,19.76,18.69,19.5,20470102.0,73373152.0
2018-09-04,19.23,21.21,19.18,20.35,26859460.0,101577660.0
2018-09-05,20.41,22.39,20.19,22.39,32509526.0,133560207.0
2018-09-06,22.23,23.78,21.64,22.28,55059604.0,235143146.0
2018-09-07,22.76,24.1,21.69,23.09,48154640.0,206452145.0
2018-09-10,23.03,23.03,21.26,21.32,33896552.0,139472885.0
2018-09-11,22.07,23.46,22.07,23.46,25634661.0,111197370.0
2018-09-12,24.1,25.33,23.46,23.46,65758929.0,299356682.0
2018-09-13,23.67,23.73,21.59,22.6,42048656.0,177382651.0
2018-09-14,22.76,22.98,21.75,21.8,30251755.0,125291975.0
2018-09-17,21.59,21.69,20.62,20.94,21501093.0,84138184.0
2018-09-18,20.78,22.28,20.51,22.01,24606324.0,99179857.0
2018-09-19,21.8,22.39,21.59,21.91,20099653.0,82296658.0
2018-09-20,21.75,24.1,21.69,22.76,40095676.0,174091350.0
2018-09-21,23.19,23.25,22.23,22.5,22560482.0,94907027.0
2018-09-25,22.6,23.78,22.5,22.66,22406049.0,96266012.0
2018-09-26,22.98,23.46,22.5,22.98,25483619.0,109434244.0
2018-09-27,22.82,24.05,22.44,23.09,36254384.0,156755448.0
2018-09-28,22.55,22.82,20.78,21.69,33231741.0,133877010.0
2018-10-09,23.89,23.89,23.89,23.89,6482454.0,28911745.0
2018-10-10,26.3,26.3,26.3,26.3,2044200.0,10037022.0
2018-10-11,28.92,28.92,27.85,28.92,56519620.0,304728325.0
2018-10-12,29.14,29.14,26.51,26.94,77312314.0,398408508.0
2018-10-15,25.98,28.55,25.12,26.25,66615064.0,330021997.0
2018-10-16,26.25,28.87,25.5,28.87,72709376.0,369277175.0
2018-10-17,30.26,31.76,29.3,29.89,106811119.0,613318788.0
2018-10-18,27.96,28.23,26.89,26.89,46519860.0,238311506.0
2018-10-19,24.21,25.12,24.21,24.21,69513121.0,318040875.0
2018-10-22,24.58,25.66,23.89,25.23,56110886.0,262445456.0
2018-10-23,24.8,27.75,24.58,26.57,71519984.0,356249113.0
2018-10-24,25.92,27.8,25.33,27.64,59474990.0,294936934.0
2018-10-25,26.46,27.58,26.03,26.3,39562397.0,197004039.0
2018-10-26,25.82,27.0,24.91,24.96,36312194.0,175674687.0
2018-10-29,25.71,26.83,24.96,25.28,28789066.0,139088422.0
2018-10-30,23.57,24.91,22.98,24.58,30244787.0,136308897.0
2018-10-31,24.8,25.55,23.84,24.91,32428732.0,149535495.0
2018-11-01,24.91,25.92,24.42,25.5,35629365.0,168073522.0
2018-11-02,24.96,26.03,24.96,25.55,32455002.0,154636598.0
2018-11-05,25.33,26.67,25.23,26.3,37858723.0,184610769.0
2018-11-06,25.82,26.08,24.96,25.5,25097833.0,119402973.0
2018-11-07,25.39,26.57,25.39,25.55,30810335.0,149579266.0
2018-11-08,25.76,26.57,25.39,25.92,30947736.0,150232984.0
2018-11-09,25.33,25.6,24.1,24.37,36740263.0,169828582.0
2018-11-12,24.0,26.83,23.94,26.83,45306664.0,214987612.0
2018-11-13,27.26,29.03,26.25,27.53,69140739.0,356745805.0
