2012-02-01,16.61,16.77,15.46,15.65,12481274.0,198773984.0
2012-02-02,16.0,16.27,15.65,16.0,8026537.0,128176392.0
2012-02-03,15.92,16.2,15.63,16.19,7519042.0,119635440.0
2012-02-06,16.1,16.44,15.87,16.06,6702371.0,107946768.0
2012-02-07,16.33,16.58,15.61,15.7,6389012.0,103013616.0
2012-02-08,15.3,15.65,14.75,15.6,6664360.0,101146104.0
2012-02-09,15.3,15.8,15.26,15.61,4513969.0,70145176.0
2012-02-10,15.52,15.66,15.38,15.5,3133895.0,48591868.0
2012-02-13,15.62,15.87,15.46,15.77,4426311.0,69655400.0
2012-02-14,15.65,16.13,15.65,15.79,3593970.0,57087308.0
2012-02-15,15.71,15.97,15.58,15.94,3562757.0,56308444.0
2012-02-16,15.88,16.25,15.65,15.77,3246016.0,51618160.0
2012-02-17,15.72,16.1,15.72,15.8,2364720.0,37536320.0
2012-02-20,15.92,17.0,15.82,16.51,6283740.0,103582168.0
2012-02-21,16.36,16.6,16.07,16.6,3777483.0,61803096.0
2012-02-22,16.51,16.98,16.45,16.9,4674510.0,78340552.0
2012-02-23,17.13,17.37,16.58,16.69,3910212.0,66121692.0
2012-02-24,16.7,16.88,16.5,16.83,3341488.0,55678940.0
2012-02-27,16.83,17.25,16.58,16.73,3567864.0,60210412.0
2012-02-28,16.73,17.18,16.54,17.04,3275045.0,55317344.0
2012-02-29,17.2,17.38,16.32,16.37,3373481.0,56688776.0
2012-03-01,16.3,16.72,16.21,16.5,2359820.0,38806592.0
2012-03-02,16.65,17.3,16.52,17.03,2937347.0,49710712.0
2012-03-05,17.1,17.5,16.87,17.13,3491261.0,59882228.0
2012-03-06,17.15,17.15,16.56,16.68,2552828.0,42797388.0
2012-03-08,16.91,17.83,16.82,17.34,4029088.0,69632904.0
2012-03-09,17.26,17.66,17.21,17.58,3267112.0,56967236.0
2012-03-12,17.6,17.75,17.2,17.54,2575754.0,44966724.0
2012-03-13,17.47,17.9,17.41,17.68,2415561.0,42687892.0
2012-03-14,17.8,17.93,16.28,16.48,3697444.0,63885352.0
2012-03-15,16.5,16.94,16.39,16.67,2148829.0,35762932.0
2012-03-16,16.7,17.05,16.55,16.99,1766906.0,29699584.0
2012-03-19,16.87,17.19,16.81,17.11,1180227.0,20139298.0
2012-03-20,17.08,17.37,16.66,16.66,1598486.0,27270168.0
2012-03-21,16.8,16.8,15.51,15.83,2310549.0,37218420.0
2012-03-22,15.52,15.75,15.31,15.49,2134710.0,33097226.0
2012-03-23,15.4,15.57,15.11,15.18,1484551.0,22802028.0
2012-03-26,15.2,15.37,15.1,15.3,982234.0,14981875.0
2012-03-27,15.41,15.49,15.13,15.15,1002731.0,15338941.0
2012-03-28,15.01,15.1,14.1,14.1,1815978.0,26477026.0
2012-03-29,14.08,14.44,14.02,14.11,1579046.0,22493116.0
2012-03-30,14.22,14.3,13.99,14.09,959402.0,13525955.0
2012-04-05,14.18,14.54,14.03,14.46,1177342.0,16842048.0
2012-04-06,14.38,14.7,14.33,14.57,1089716.0,15851182.0
2012-04-09,14.48,14.55,14.18,14.2,662867.0,9548249.0
2012-04-10,14.19,14.65,13.71,14.61,1320263.0,18728482.0
2012-04-11,14.39,14.62,14.25,14.49,870943.0,12586306.0
2012-04-12,14.57,14.74,14.35,14.71,1215463.0,17732740.0
2012-04-13,14.68,14.89,14.61,14.78,1358484.0,20045616.0
2012-04-16,14.74,14.74,14.52,14.69,849908.0,12428666.0
2012-04-17,14.61,14.67,14.41,14.47,660813.0,9597126.0
2012-04-19,14.65,14.81,14.6,14.69,1258951.0,18523414.0
2012-04-20,14.6,14.81,14.52,14.76,1060786.0,15618060.0
2012-04-23,14.67,14.67,13.75,13.76,1674017.0,23580710.0
2012-04-24,13.62,13.92,13.22,13.52,995020.0,13476013.0
2012-04-25,13.3,13.55,13.28,13.49,697591.0,9327767.0
2012-04-26,13.48,13.49,13.28,13.36,508950.0,6808570.0
2012-04-27,13.36,13.95,13.36,13.62,572655.0,7792856.0
2012-05-02,13.93,13.94,13.56,13.66,1004272.0,13757261.0
2012-05-03,13.64,13.74,13.48,13.74,1160792.0,15812907.0
2012-05-04,13.8,13.96,13.73,13.96,1544099.0,21377270.0
2012-05-07,13.88,14.09,13.82,14.08,1303974.0,18221336.0
2012-05-08,14.06,14.08,13.91,13.99,1016437.0,14216189.0
2012-05-09,13.93,13.93,13.52,13.55,966470.0,13270164.0
2012-05-10,13.58,13.88,13.56,13.74,569993.0,7832295.0
2012-05-11,13.82,13.82,13.55,13.55,477751.0,6516390.0
2012-05-14,13.73,13.75,13.44,13.45,612040.0,8323041.0
2012-05-15,13.31,13.55,13.3,13.54,583315.0,7852777.0
2012-05-16,13.5,13.73,13.48,13.48,523924.0,7119043.0
2012-05-17,13.5,13.85,13.48,13.77,799601.0,10945655.0
2012-05-18,13.7,14.47,13.65,13.95,2462837.0,34762164.0
2012-05-21,13.89,14.07,13.74,13.91,1049925.0,14590463.0
2012-05-22,13.93,14.02,13.81,13.92,683056.0,9511724.0
2012-05-23,13.88,13.93,13.4,13.5,977023.0,13304701.0
2012-05-24,13.48,13.62,13.42,13.5,447733.0,6056682.0
2012-05-25,13.48,13.58,13.18,13.2,579101.0,7736259.0
2012-05-28,13.23,13.23,12.86,13.19,630482.0,8211351.0
2012-05-29,13.17,13.39,13.08,13.3,640578.0,8518003.0
2012-05-30,13.33,13.45,13.22,13.36,380076.0,5066831.0
2012-05-31,13.31,13.65,13.16,13.49,660211.0,8893761.0
2012-06-01,13.49,13.64,13.32,13.43,488609.0,6589963.0
2012-06-04,13.23,13.3,13.05,13.06,575489.0,7554483.0
2012-06-05,13.15,13.16,12.96,13.0,230463.0,3004511.0
2012-06-06,13.1,13.14,12.92,12.96,325611.0,4241972.0
2012-06-07,13.07,13.11,12.93,12.98,258600.0,3370702.0
2012-06-08,13.11,13.18,12.99,13.18,406029.0,5313719.0
2012-06-11,13.2,13.55,13.14,13.46,883399.0,11846083.0
2012-06-12,13.35,13.5,13.3,13.42,403080.0,5400347.0
2012-06-13,13.41,13.66,13.41,13.6,517881.0,6968119.0
2012-06-14,13.62,14.05,13.62,13.71,1665098.0,22951250.0
2012-06-15,13.76,14.31,13.76,14.18,1854263.0,25808618.0
2012-06-18,14.21,14.92,14.21,14.91,3313123.0,48143712.0
2012-06-19,15.12,15.27,14.97,15.14,2265528.0,34003456.0
2012-06-20,15.12,15.47,15.03,15.27,1303121.0,19778772.0
2012-06-21,15.17,15.48,14.98,15.27,1229459.0,18546168.0
2012-06-25,15.24,15.45,14.94,14.96,1211139.0,18158218.0
2012-06-26,14.94,15.02,14.57,14.88,1149039.0,16781904.0
2012-06-27,14.87,16.12,14.87,15.87,1351109.0,20950290.0
2012-06-28,15.93,16.21,15.58,15.73,873263.0,13836461.0
2012-06-29,15.59,16.18,15.59,16.03,1378489.0,21960166.0
2012-07-02,16.18,16.7,16.08,16.7,712488.0,11616897.0
2012-07-03,16.64,17.38,16.64,17.08,1244311.0,21224160.0
2012-07-04,17.07,17.33,16.8,17.13,828558.0,14035790.0
2012-07-05,17.01,17.22,16.53,16.66,422506.0,7049010.0
2012-07-06,16.6,17.11,16.54,17.03,447691.0,7487624.0
2012-07-09,17.06,17.39,16.53,16.53,438598.0,7315264.0
2012-07-10,16.39,16.79,16.32,16.45,326090.0,5342230.0
2012-07-11,16.28,16.53,15.83,16.03,577716.0,9228066.0
2012-07-12,16.09,16.63,15.99,16.52,362492.0,5879394.0
2012-07-13,16.23,17.17,16.23,16.73,667151.0,11164687.0
2012-07-16,16.54,16.68,15.74,16.28,446407.0,7133036.0
2012-07-17,16.23,16.33,15.89,16.03,258000.0,4122317.0
2012-07-18,15.73,16.23,15.63,16.22,182504.0,2893617.0
2012-07-19,16.3,17.47,16.18,17.42,608264.0,10292168.0
2012-07-20,17.62,18.4,17.15,17.3,949160.0,16784588.0
2012-07-23,16.94,17.91,16.94,17.42,543357.0,9348819.0
2012-07-24,17.23,17.59,17.23,17.49,375915.0,6494991.0
2012-07-25,17.49,18.23,17.22,17.74,567276.0,10082048.0
2012-07-26,17.76,18.15,17.29,17.47,438997.0,7657588.0
2012-07-27,17.44,18.05,17.14,17.27,310371.0,5396604.0
2012-07-30,17.39,17.52,17.06,17.28,286801.0,4917401.0
2012-07-31,17.28,17.28,16.45,16.94,327857.0,5487363.0
2012-08-01,16.84,17.64,16.84,17.38,215701.0,3714930.0
2012-08-02,17.6,17.62,17.31,17.54,218724.0,3780058.0
2012-08-03,17.7,18.34,17.44,18.34,678201.0,12131129.0
2012-08-06,18.07,18.95,18.03,18.75,502590.0,9236086.0
2012-08-07,18.73,19.16,18.55,19.11,405078.0,7613781.0
2012-08-08,18.85,19.16,18.75,18.86,386361.0,7250702.0
2012-08-09,18.85,19.12,18.71,19.12,209807.0,3940040.0
2012-08-10,19.1,19.61,18.9,19.06,239147.0,4514794.0
2012-08-13,19.34,19.6,18.78,19.05,349974.0,6607907.0
2012-08-14,18.56,19.25,18.41,19.16,312434.0,5842327.0
2012-08-15,18.9,19.2,18.28,18.85,506143.0,9483262.0
2012-08-16,18.67,19.51,18.65,18.96,383517.0,7252562.0
2012-08-17,18.73,19.45,18.73,19.05,284503.0,5348174.0
2012-08-20,18.86,19.31,18.8,19.31,175800.0,3328009.0
2012-08-21,19.2,21.24,19.03,21.24,1315930.0,27442938.0
2012-08-22,22.12,23.17,21.88,23.17,1944741.0,43438696.0
2012-08-23,22.82,23.16,22.03,22.59,1494652.0,33355172.0
2012-08-24,22.34,22.43,20.85,21.09,1310419.0,28276192.0
2012-08-27,20.94,21.56,20.87,20.88,798298.0,16886098.0
2012-08-28,20.88,21.84,20.75,21.71,611046.0,12968150.0
2012-08-29,21.57,21.73,20.77,21.0,1076523.0,22684960.0
2012-08-30,20.65,21.02,19.14,19.66,928863.0,18504392.0
2012-08-31,19.76,20.04,19.47,19.95,412470.0,8099033.0
2012-09-03,19.59,20.45,19.59,20.22,514853.0,10329818.0
2012-09-04,20.22,21.4,20.22,20.67,1000480.0,20817612.0
2012-09-05,20.39,20.75,19.87,19.91,735304.0,14836449.0
2012-09-06,19.31,19.81,18.45,19.53,2285212.0,43606164.0
2012-09-07,19.26,20.14,18.8,20.01,2866760.0,54998544.0
2012-09-10,19.65,20.26,19.53,19.81,1441948.0,28422062.0
2012-09-11,19.77,21.13,19.64,20.69,2035586.0,41592732.0
2012-09-12,20.73,20.85,19.84,20.08,996058.0,19984558.0
2012-09-13,20.04,20.27,19.44,19.44,683735.0,13512206.0
2012-09-14,19.45,20.14,18.87,20.0,594212.0,11562315.0
2012-09-17,19.96,19.96,19.25,19.25,396651.0,7688560.0
2012-09-18,18.83,19.76,18.66,19.34,713226.0,13571378.0
2012-09-19,19.56,19.56,18.7,19.11,465682.0,8794228.0
2012-09-20,19.05,19.16,18.62,18.64,609691.0,11347446.0
2012-09-21,18.26,18.87,17.69,17.69,235490.0,4294138.0
2012-09-24,17.25,18.03,17.25,17.46,380652.0,6626565.0
2012-09-25,17.25,17.51,16.46,16.84,384850.0,6538109.0
2012-09-26,16.76,16.9,16.2,16.32,608658.0,9959824.0
2012-09-27,16.8,16.91,16.32,16.84,983491.0,16170905.0
2012-09-28,16.85,17.54,16.61,17.49,453617.0,7694690.0
2012-10-08,17.49,17.49,16.43,16.73,1892208.0,31265290.0
2012-10-09,16.83,17.63,16.7,17.38,791453.0,13460041.0
2012-10-10,17.48,18.4,17.16,18.4,1253396.0,22175386.0
2012-10-11,18.4,18.4,17.54,17.82,747545.0,13253613.0
2012-10-12,18.08,18.15,17.34,17.65,394384.0,6891965.0
2012-10-15,17.78,17.93,16.53,16.89,995726.0,16532109.0
2012-10-16,16.62,17.34,16.62,16.87,292590.0,4942990.0
2012-10-17,16.71,17.07,16.71,16.94,308348.0,5165252.0
2012-10-18,17.03,17.44,17.02,17.25,401986.0,6863979.0
2012-10-19,17.18,17.43,17.13,17.17,233090.0,3995876.0
2012-10-22,17.83,18.88,17.67,17.93,1453548.0,25946690.0
2012-10-23,17.79,17.91,17.53,17.89,634379.0,11188288.0
2012-10-24,17.65,18.07,17.65,17.81,393608.0,6939337.0
2012-10-25,17.72,17.74,17.22,17.42,419206.0,7275756.0
2012-10-26,17.25,17.7,17.16,17.6,504083.0,8711093.0
2012-10-29,17.45,18.19,17.38,17.95,396067.0,7018853.0
2012-10-30,17.91,18.14,17.79,17.96,257057.0,4584054.0
2012-10-31,17.8,17.91,17.52,17.84,224054.0,3942340.0
2012-11-01,17.95,18.4,17.69,18.35,750739.0,13535616.0
2012-11-02,18.35,18.53,18.06,18.24,527206.0,9546698.0
2012-11-05,18.2,18.45,17.95,18.05,442925.0,8004489.0
2012-11-06,18.23,18.48,17.98,18.1,413042.0,7437462.0
2012-11-07,18.14,19.14,17.95,18.78,883439.0,16364995.0
2012-11-08,18.57,18.87,17.84,17.93,395132.0,7200062.0
2012-11-09,17.76,18.0,17.04,17.09,437619.0,7536158.0
2012-11-12,17.14,17.32,17.04,17.18,210711.0,3586165.0
2012-11-13,17.19,17.2,16.18,16.2,1580165.0,25624128.0
2012-11-14,16.23,16.23,15.55,16.14,569916.0,8981155.0
2012-11-15,16.11,16.17,15.53,15.63,402414.0,6317617.0
2012-11-16,15.49,16.42,15.49,16.25,171669.0,2718964.0
2012-11-19,16.23,16.23,15.85,16.02,378412.0,5998165.0
2012-11-20,15.88,16.23,15.86,16.09,187090.0,2997750.0
2012-11-21,16.02,16.32,15.83,16.3,164343.0,2617849.0
2012-11-22,16.36,16.84,16.18,16.3,262635.0,4295858.0
2012-11-23,16.33,16.33,15.96,15.99,259400.0,4141048.0
2012-11-26,15.99,16.13,15.65,15.73,110210.0,1743673.0
2012-11-27,15.55,15.83,15.33,15.58,187419.0,2921450.0
2012-11-28,15.3,15.6,15.3,15.43,67700.0,1043090.0
2012-11-29,15.44,15.46,15.02,15.11,50699.0,768354.0
2012-11-30,14.72,15.78,14.72,15.38,66700.0,1013662.0
2012-12-03,15.12,15.47,14.55,14.55,65100.0,966347.0
2012-12-04,14.42,15.54,14.16,15.52,233024.0,3457002.0
2012-12-05,15.36,15.9,15.22,15.8,390646.0,6089062.0
2012-12-06,15.91,15.91,15.33,15.58,149799.0,2305667.0
2012-12-07,15.44,15.85,15.44,15.77,198044.0,3091364.0
2012-12-10,15.84,16.13,15.69,16.09,379391.0,6003407.0
2012-12-11,15.88,16.12,15.78,15.99,232553.0,3679293.0
2012-12-12,15.93,16.07,15.53,16.02,190249.0,2979727.0
2012-12-13,16.01,16.66,15.68,16.03,209506.0,3355026.0
2012-12-14,15.83,16.87,15.83,16.53,549148.0,8956217.0
2012-12-17,16.52,16.61,15.68,16.29,362251.0,5823836.0
2012-12-18,16.01,16.27,15.63,16.12,229022.0,3630588.0
2012-12-19,15.73,16.29,15.73,15.99,330965.0,5252307.0
2012-12-20,15.78,17.32,15.78,17.16,746163.0,12365891.0
2012-12-21,17.1,17.54,16.8,17.54,1088162.0,18537694.0
2012-12-24,17.54,17.98,17.29,17.64,573621.0,10010273.0
2012-12-25,17.45,18.14,17.45,17.78,553357.0,9794365.0
2012-12-26,17.78,18.51,17.64,18.43,971136.0,17492250.0
2012-12-27,18.35,18.63,17.26,17.29,1294254.0,22874420.0
2012-12-28,17.27,18.08,16.94,17.72,1351351.0,23524394.0
2012-12-31,17.73,18.91,17.73,18.03,2067100.0,37851508.0
2013-01-04,18.03,18.32,17.14,17.44,1305766.0,22663752.0
2013-01-07,17.44,18.0,17.36,17.58,1482574.0,25936926.0
2013-01-08,17.61,18.35,17.6,18.3,1669048.0,29777550.0
2013-01-09,18.1,18.1,17.64,17.89,2792954.0,49243284.0
2013-01-10,17.91,18.0,17.51,17.75,1153733.0,20366310.0
2013-01-11,17.81,18.62,17.81,18.28,2591036.0,46993696.0
2013-01-14,18.39,19.71,18.29,19.32,2251609.0,42490236.0
2013-01-15,19.16,19.91,19.16,19.67,1648079.0,31999202.0
2013-01-16,19.61,20.11,19.05,19.73,1279237.0,25036962.0
2013-01-17,19.66,19.72,18.9,19.51,1429219.0,27286002.0
2013-01-18,19.24,19.56,18.85,19.51,1106170.0,21093414.0
2013-01-21,19.51,19.51,18.95,19.3,679822.0,12937795.0
2013-01-22,19.31,19.31,18.78,19.11,431216.0,8121170.0
2013-01-23,18.76,19.35,18.76,19.14,506946.0,9520583.0
2013-01-24,19.01,19.24,18.15,18.83,963414.0,17739656.0
2013-01-25,18.92,18.92,18.17,18.65,353985.0,6489746.0
2013-01-28,18.65,18.86,18.41,18.65,1964639.0,36383372.0
2013-01-29,18.83,19.36,18.49,19.3,1811744.0,33881776.0
2013-01-30,19.14,20.11,18.96,19.53,2109036.0,40984072.0
2013-01-31,19.5,19.5,18.97,19.14,1069056.0,20311964.0
2013-02-01,19.11,19.11,18.68,18.87,705471.0,13191677.0
2013-02-04,18.92,19.26,18.44,18.55,664464.0,12339748.0
2013-02-05,18.25,19.26,18.25,19.25,675416.0,12678192.0
2013-02-06,19.24,19.24,18.81,19.03,1274959.0,24023932.0
2013-02-07,18.95,19.07,18.65,18.93,793712.0,14834488.0
2013-02-08,19.08,19.56,18.93,19.36,1816171.0,34620092.0
2013-02-18,19.46,21.05,19.32,20.67,3381392.0,67835616.0
2013-02-19,20.66,21.83,20.57,21.74,3240269.0,68485416.0
2013-02-20,21.74,22.86,21.2,22.69,2036679.0,44583972.0
2013-02-21,22.38,23.07,21.88,22.84,2283356.0,50514244.0
2013-02-22,21.96,23.16,21.94,22.58,1431600.0,32551844.0
2013-02-25,22.38,23.68,22.38,23.15,1265796.0,29136910.0
2013-02-26,23.19,23.74,22.68,23.19,1744368.0,40359728.0
2013-02-27,23.08,23.59,22.38,23.04,908193.0,20697128.0
2013-02-28,22.99,23.24,22.6,23.17,674702.0,15358960.0
2013-03-01,23.18,24.75,22.86,24.39,997866.0,23858114.0
2013-03-04,24.38,25.16,23.69,24.09,1201523.0,29067808.0
2013-03-05,23.98,25.62,23.94,25.6,1529302.0,37839228.0
2013-03-06,25.69,26.43,25.11,25.61,955924.0,24204736.0
2013-03-07,25.2,26.14,24.85,24.98,1137039.0,28591098.0
2013-03-08,24.43,25.48,24.43,24.45,701402.0,17284994.0
2013-03-11,24.2,24.7,23.79,24.01,522600.0,12523217.0
2013-03-12,24.19,24.36,23.01,23.45,678943.0,15748514.0
2013-03-13,23.46,23.69,22.76,23.47,440717.0,10171763.0
2013-03-14,23.69,24.07,23.17,23.99,599498.0,14163838.0
2013-03-15,23.64,25.39,23.64,25.18,992742.0,24528784.0
2013-03-18,24.82,26.05,24.0,24.57,736200.0,18168842.0
2013-03-19,24.23,24.51,23.0,23.68,734889.0,17125664.0
2013-03-20,23.68,24.55,23.49,24.5,558467.0,13390829.0
2013-03-21,24.45,25.56,24.45,25.19,556887.0,13910592.0
2013-03-22,25.01,25.71,25.01,25.45,596369.0,15036390.0
2013-03-25,25.45,25.88,25.08,25.61,716418.0,18034378.0
2013-03-26,25.2,27.32,25.2,26.47,1013398.0,26654346.0
2013-03-27,26.09,27.66,26.02,27.03,726337.0,19519542.0
2013-03-28,26.57,27.46,25.73,26.21,706340.0,18535942.0
2013-03-29,26.19,26.8,25.81,26.38,223550.0,5839111.0
2013-04-01,26.41,27.21,26.31,27.21,440201.0,11762969.0
2013-04-02,27.22,27.38,25.58,25.58,946650.0,24798700.0
2013-04-03,25.58,25.88,24.7,25.05,554484.0,13776950.0
2013-04-08,24.49,25.66,24.2,25.41,608201.0,15010267.0
2013-04-09,25.46,25.63,24.31,24.86,674700.0,16518048.0
2013-04-10,24.5,25.07,24.5,24.99,803330.0,19840392.0
2013-04-11,25.1,25.84,24.92,25.84,622112.0,15762116.0
2013-04-12,25.84,26.76,25.41,25.59,389786.0,9988212.0
2013-04-15,24.75,25.9,24.6,25.81,335302.0,8542066.0
2013-04-16,25.8,26.19,25.32,25.96,528934.0,13489862.0
2013-04-17,26.11,27.04,25.73,27.04,738228.0,19390006.0
2013-04-18,26.72,27.62,26.52,27.05,570254.0,15345298.0
2013-04-19,27.1,27.79,26.78,27.68,1033926.0,28136018.0
2013-04-22,27.77,28.03,27.12,28.03,1154657.0,31609072.0
2013-04-23,27.95,27.99,26.96,27.3,625785.0,16962056.0
2013-04-24,25.87,29.21,25.87,28.27,814537.0,22757496.0
2013-04-25,28.23,28.53,25.8,26.11,1475507.0,40215820.0
2013-04-26,26.21,26.39,24.85,26.11,1589373.0,40344796.0
2013-05-02,25.56,27.02,25.56,26.95,517155.0,13633094.0
2013-05-03,26.93,27.56,26.77,27.14,698325.0,18857914.0
2013-05-06,27.2,28.48,27.0,28.01,1334030.0,37168824.0
2013-05-07,28.25,28.43,27.62,28.23,1280398.0,35575404.0
2013-05-08,28.22,29.62,28.22,28.63,1526196.0,43729664.0
2013-05-09,28.29,28.93,27.77,28.53,942647.0,26369516.0
2013-05-10,28.54,29.16,28.38,28.38,774575.0,22095602.0
2013-05-13,28.23,30.23,28.08,30.18,1471026.0,42990600.0
2013-05-14,30.01,30.12,29.34,29.94,892755.0,26233438.0
2013-05-15,29.94,31.71,29.94,30.75,1013083.0,31119354.0
2013-05-16,30.45,32.77,29.44,30.0,1795923.0,54922348.0
2013-05-17,29.6,31.24,28.95,31.2,1394442.0,42084400.0
2013-05-20,31.21,33.87,31.2,33.77,1493906.0,49136940.0
2013-05-21,33.77,34.62,32.89,33.98,1194910.0,39882480.0
2013-05-22,33.97,33.97,31.96,33.57,1518649.0,49677708.0
2013-05-23,33.29,35.99,33.29,35.26,1355527.0,46601100.0
2013-05-27,36.6,38.78,36.6,37.18,3507288.0,131634008.0
2013-05-28,36.41,37.76,35.99,36.65,1569138.0,57165728.0
2013-05-29,36.29,36.41,35.29,36.2,1106963.0,39444512.0
2013-05-30,36.26,36.93,36.22,36.79,677890.0,24641552.0
2013-05-31,36.09,37.3,36.09,36.58,1074680.0,38982484.0
2013-06-03,36.29,36.29,33.27,33.47,876307.0,30024786.0
2013-06-04,33.46,35.23,32.36,34.19,808260.0,27262906.0
2013-06-05,34.16,35.19,34.12,34.43,900365.0,31018288.0
2013-06-06,33.78,34.78,33.78,34.02,540115.0,18414996.0
2013-06-07,34.05,34.56,32.51,33.8,613033.0,20289134.0
2013-06-13,32.51,33.86,31.26,33.67,665655.0,21731494.0
2013-06-14,33.54,35.79,33.27,35.29,1484927.0,51249608.0
2013-06-17,35.41,37.59,34.58,35.68,1827602.0,66185288.0
2013-06-18,35.3,36.58,34.59,36.29,861804.0,30355524.0
2013-06-19,35.99,36.87,35.4,36.15,628067.0,22551876.0
2013-06-20,35.99,37.66,34.94,34.97,1176833.0,42965484.0
2013-06-21,33.47,35.77,31.55,35.35,953912.0,31806410.0
2013-06-24,34.78,35.19,33.15,33.47,1026937.0,34555700.0
2013-06-25,32.45,33.51,30.13,32.78,1885746.0,39068776.0
2013-06-26,32.06,35.82,32.06,35.82,2582435.0,58448340.0
2013-06-27,36.05,38.33,34.59,34.91,1920954.0,45292256.0
2013-06-28,34.56,35.44,33.89,34.41,952252.0,21788912.0
2013-07-01,34.41,37.75,34.41,37.73,2383300.0,57293176.0
2013-07-02,37.73,39.8,36.43,39.42,3908686.0,100998888.0
2013-07-03,39.3,40.45,37.95,39.86,2134194.0,55657704.0
2013-07-04,39.46,40.53,38.86,39.84,1700838.0,44449904.0
2013-07-05,40.65,41.41,38.37,38.51,1784426.0,46785512.0
2013-07-08,37.49,37.49,35.82,36.26,1606269.0,38910920.0
2013-07-09,36.43,38.86,36.14,37.95,1479074.0,36635980.0
2013-07-10,37.34,39.92,37.34,38.54,1808043.0,46167300.0
2013-07-11,38.92,38.92,37.31,37.95,1786530.0,44546636.0
2013-07-12,37.64,41.74,37.64,40.98,3207516.0,84757480.0
2013-07-15,41.03,44.31,41.0,43.9,2847476.0,81444840.0
2013-07-16,43.79,43.79,42.3,43.33,2848304.0,80773432.0
2013-07-17,43.33,46.52,42.5,43.79,2703000.0,79391536.0
2013-07-18,43.64,44.7,42.04,42.76,2649962.0,76266792.0
2013-07-19,43.11,45.31,42.32,44.31,2722672.0,79446512.0
2013-07-22,43.97,47.34,43.42,47.04,2255788.0,68223096.0
2013-07-23,47.43,49.18,46.45,48.39,2049481.0,64489360.0
2013-07-24,47.67,50.07,47.67,48.63,1988645.0,64313088.0
2013-07-25,48.25,49.86,43.77,46.31,3511204.0,107198680.0
2013-07-26,45.81,50.39,45.53,49.47,2281998.0,71641008.0
2013-07-29,48.86,49.88,46.75,48.12,1357691.0,43486816.0
2013-07-30,48.48,49.01,44.93,47.05,1508962.0,46081940.0
2013-07-31,46.87,48.57,45.69,48.31,808635.0,25312826.0
2013-08-01,48.27,52.37,47.78,52.2,2060097.0,68933304.0
2013-08-02,52.2,55.19,51.3,54.34,1686548.0,59736484.0
2013-08-05,54.64,55.6,53.12,54.73,1039371.0,37279396.0
2013-08-06,55.81,55.81,54.37,54.79,940217.0,34020704.0
2013-08-07,54.49,54.64,51.61,51.83,1507320.0,52367984.0
2013-08-08,51.61,52.37,49.78,51.09,1747130.0,58560116.0
2013-08-09,51.12,51.56,48.57,49.89,1020692.0,33671956.0
2013-08-12,49.89,50.01,47.13,48.42,1361904.0,43373676.0
2013-08-13,48.66,49.33,47.57,48.81,910942.0,29098608.0
2013-08-14,49.39,50.85,48.27,50.2,1024487.0,33419962.0
2013-08-15,50.13,51.26,48.95,50.07,1006353.0,33400056.0
2013-08-16,49.62,49.62,47.36,47.66,1107207.0,35274320.0
2013-08-19,47.05,49.03,46.41,47.67,1522299.0,48018000.0
2013-08-20,47.74,48.1,45.84,47.1,1220098.0,37866992.0
2013-08-21,46.77,47.05,45.82,46.17,986323.0,29975628.0
2013-08-22,46.19,49.63,46.19,48.57,1262073.0,40028396.0
2013-08-23,48.54,52.34,48.33,50.82,2542055.0,84759280.0
2013-08-26,50.83,51.56,49.91,50.5,1105897.0,36924944.0
2013-08-27,50.5,50.7,48.57,50.54,969733.0,31656238.0
2013-08-28,50.09,50.74,48.88,49.16,1090532.0,35639168.0
2013-08-29,48.88,49.69,47.36,48.27,598470.0,18947924.0
2013-08-30,48.4,48.4,45.72,45.84,710253.0,22022178.0
2013-09-02,45.87,48.25,45.53,47.25,1376860.0,42935040.0
2013-09-03,47.05,48.83,46.75,48.09,915094.0,29044964.0
2013-09-04,48.57,48.71,47.84,47.93,611941.0,19402696.0
2013-09-05,47.63,48.65,47.07,48.27,1152974.0,36444616.0
2013-09-06,48.52,48.81,47.31,48.57,714056.0,22625394.0
2013-09-09,48.86,48.86,46.78,46.87,911206.0,28349334.0
2013-09-10,47.05,47.34,45.08,45.81,917995.0,27727350.0
2013-09-11,45.23,47.05,43.26,46.83,1589536.0,46419768.0
2013-09-12,46.29,47.8,45.11,46.55,918099.0,27873094.0
2013-09-13,46.38,46.89,45.57,46.37,644637.0,19647174.0
2013-09-16,46.29,47.84,46.14,47.65,1153724.0,35933636.0
2013-09-17,47.65,49.45,47.07,47.66,1590270.0,50697040.0
2013-09-18,47.36,48.19,46.29,47.65,728676.0,22727414.0
2013-09-23,47.62,50.85,47.05,49.91,1703114.0,55222336.0
2013-09-24,50.01,51.61,49.03,50.01,1684395.0,55764736.0
2013-09-25,49.45,51.0,48.77,49.33,1132475.0,36885008.0
2013-09-26,49.33,49.66,48.72,48.81,703580.0,22796900.0
2013-09-27,48.57,49.13,47.05,47.11,536848.0,16890940.0
2013-09-30,45.84,48.21,45.84,47.3,721450.0,22521830.0
2013-10-08,46.45,49.6,45.53,49.04,1612837.0,50510468.0
2013-10-09,48.59,51.74,48.59,51.53,1796784.0,60505088.0
2013-10-10,50.88,51.7,50.51,50.91,670638.0,22617262.0
2013-10-11,52.61,52.61,49.98,50.85,594251.0,19853724.0
2013-10-14,50.83,52.32,49.6,50.85,974569.0,32779056.0
2013-10-15,50.57,50.57,48.6,49.18,881285.0,28481540.0
2013-10-16,48.72,49.33,44.26,44.26,1304676.0,39519624.0
2013-10-17,43.41,44.76,42.04,42.73,1054229.0,29894886.0
2013-10-18,42.45,43.24,40.98,43.11,852982.0,23594634.0
2013-10-21,42.86,44.62,42.36,43.71,767443.0,22241284.0
2013-10-22,43.74,44.58,39.34,39.34,1711723.0,45744704.0
2013-10-23,39.46,40.34,36.44,39.01,1889804.0,47249516.0
2013-10-24,38.55,40.97,37.95,40.56,1959683.0,52107232.0
2013-10-25,40.39,41.21,36.96,38.25,1596560.0,40863120.0
2013-10-28,38.1,38.96,37.46,38.14,679690.0,17071250.0
2013-10-29,38.45,38.49,35.46,36.52,826765.0,19772328.0
2013-10-30,36.58,37.95,36.02,37.7,624794.0,15329364.0
2013-10-31,37.31,38.52,36.69,37.76,500340.0,12508810.0
2013-11-01,37.54,38.95,37.05,38.05,721990.0,18089470.0
2013-11-04,38.05,38.19,37.45,37.76,385474.0,9599899.0
2013-11-05,38.69,40.75,37.55,40.19,1069255.0,28029338.0
2013-11-06,40.19,41.94,39.62,40.16,611040.0,16520399.0
2013-11-07,40.98,40.98,39.46,39.46,228900.0,5993696.0
2013-11-08,39.33,40.06,37.51,38.11,528638.0,13337379.0
2013-11-11,38.11,39.31,36.73,39.07,531669.0,13420963.0
2013-11-12,39.08,40.09,38.69,39.02,289441.0,7509420.0
2013-11-13,39.05,39.77,38.6,38.86,380978.0,9845650.0
2013-11-14,38.48,40.5,38.28,40.07,306549.0,8012504.0
2013-11-15,40.07,41.89,40.07,41.23,727528.0,19841642.0
2013-11-18,41.71,43.26,39.77,42.97,986417.0,27369144.0
2013-11-19,43.24,43.33,42.04,43.05,514429.0,14393412.0
2013-11-20,43.02,43.2,41.56,41.94,518311.0,14277046.0
2013-11-21,41.74,41.91,40.09,40.41,909784.0,24342266.0
2013-11-22,40.22,40.81,40.07,40.42,223352.0,5946645.0
2013-11-25,40.47,42.88,40.42,41.8,410461.0,11274980.0
2013-11-26,41.89,42.8,41.51,41.95,387375.0,10699090.0
2013-11-27,41.77,42.8,40.86,42.71,546534.0,15239832.0
2013-11-28,42.79,43.53,42.65,43.03,436660.0,12373506.0
2013-11-29,43.11,47.34,43.11,47.34,2157247.0,66431536.0
2013-12-02,43.84,47.05,42.61,42.61,2670468.0,77409808.0
2013-12-03,40.69,43.23,38.86,42.47,1690948.0,45753072.0
2013-12-04,41.76,45.16,41.76,43.87,1089205.0,31218460.0
2013-12-05,43.49,44.02,39.93,39.93,985563.0,27305780.0
2013-12-06,39.16,40.59,37.96,39.99,1987008.0,50998224.0
2013-12-09,39.74,40.65,38.87,39.62,781284.0,20410874.0
2013-12-10,39.46,40.6,39.3,40.6,1436511.0,37627504.0
2013-12-11,40.22,40.39,39.31,39.92,1267148.0,33336702.0
2013-12-12,40.07,43.11,39.51,43.09,1661467.0,45961104.0
2013-12-13,42.77,43.17,42.2,42.68,393720.0,11050172.0
2013-12-16,42.68,43.79,41.44,42.95,724472.0,20567804.0
2013-12-17,42.52,43.24,41.03,41.89,519876.0,14462069.0
2013-12-18,41.89,43.14,41.32,42.61,355749.0,9958149.0
2013-12-19,43.0,43.0,42.29,42.35,239697.0,6737325.0
2013-12-20,41.27,42.39,40.39,41.28,329840.0,8995992.0
2013-12-23,41.44,41.65,39.93,40.98,398544.0,10646774.0
2013-12-24,40.98,42.35,40.04,42.26,548321.0,15037034.0
2013-12-25,41.89,44.85,41.89,44.46,707073.0,20408706.0
2013-12-26,45.23,48.59,44.02,46.42,1408992.0,43475220.0
2013-12-27,46.42,47.36,45.6,47.13,1426343.0,44103316.0
2013-12-30,47.77,50.09,47.63,48.57,942798.0,30320848.0
2013-12-31,49.38,49.45,47.36,49.15,1249215.0,39998300.0
2014-01-02,49.15,51.9,49.15,51.88,1472179.0,49300264.0
2014-01-03,51.88,57.07,51.61,56.31,2656682.0,96571672.0
2014-01-06,56.16,59.95,55.98,56.28,3667391.0,140384576.0
2014-01-07,54.63,59.86,54.63,59.8,1046001.0,39707020.0
2014-01-08,59.94,63.29,57.01,60.11,1619024.0,62878500.0
2014-01-09,58.13,61.62,57.45,61.47,1146133.0,45302600.0
2014-01-10,60.11,61.93,56.92,59.12,869158.0,34205992.0
2014-01-13,59.01,59.01,53.9,55.25,1812026.0,66671180.0
2014-01-14,55.25,55.98,52.99,55.86,1579810.0,56569936.0
2014-01-15,55.54,58.97,54.64,57.98,1744322.0,65402856.0
2014-01-16,57.83,58.13,54.34,54.75,2909468.0,105980616.0
2014-01-17,54.75,57.5,53.76,56.99,2341668.0,85480312.0
2014-01-20,56.99,59.44,56.98,57.59,1297360.0,49704948.0
2014-01-21,56.89,60.08,56.89,59.65,621570.0,24139058.0
2014-01-22,59.2,63.9,58.89,62.23,694509.0,28647234.0
2014-01-23,61.49,68.45,61.49,68.45,732619.0,32459660.0
2014-01-24,71.11,73.65,68.77,71.25,1079925.0,50284896.0
2014-01-27,71.14,71.14,67.59,69.82,1678149.0,76634448.0
2014-01-28,69.82,74.45,62.84,71.34,1050689.0,49234796.0
2014-01-29,73.2,76.8,71.34,75.86,837998.0,40992556.0
2014-01-30,76.07,76.33,75.21,75.83,515037.0,25713768.0
2014-02-07,75.98,83.25,74.37,79.52,960702.0,50589392.0
2014-02-10,78.78,87.26,78.78,85.91,1171644.0,64329684.0
2014-02-11,85.0,88.0,80.46,86.36,886561.0,49546508.0
2014-02-12,86.36,90.74,81.96,89.55,1404320.0,80878296.0
2014-02-13,87.28,92.82,83.03,86.02,1138950.0,66538272.0
2014-02-14,83.78,86.96,80.44,85.45,694669.0,38254912.0
2014-02-17,83.56,90.31,83.56,89.69,523031.0,30362452.0
2014-02-18,88.79,90.9,86.21,86.82,554974.0,31750082.0
2014-02-19,86.5,90.31,82.08,89.78,1353785.0,77138144.0
2014-02-20,89.1,98.77,85.17,98.77,1451368.0,90500496.0
2014-02-21,98.66,106.05,96.38,102.92,1337661.0,88658880.0
2014-02-24,100.03,113.22,99.43,113.22,1698603.0,122895008.0
2014-02-27,110.8,119.61,101.89,101.89,2031520.0,147298880.0
2014-02-28,103.24,112.08,101.5,109.25,1709278.0,120633592.0
2014-03-03,108.21,115.36,104.55,113.52,737684.0,54272024.0
2014-03-04,111.03,124.87,111.03,124.87,929449.0,73481208.0
2014-03-05,127.95,135.09,119.91,131.99,809608.0,68567232.0
2014-03-06,132.05,132.05,118.79,118.79,1229347.0,98535024.0
2014-03-07,115.2,118.09,109.28,110.36,1567729.0,116938696.0
2014-03-10,110.36,110.36,100.19,101.09,1441144.0,98836288.0
2014-03-11,101.06,103.79,97.93,101.85,1650310.0,109866280.0
2014-03-12,101.71,102.44,92.18,94.33,1425715.0,89868392.0
2014-03-13,95.17,103.67,93.39,103.2,2467435.0,158345824.0
2014-03-14,101.69,103.21,98.02,100.94,1224159.0,80887832.0
2014-03-17,99.57,107.9,98.83,106.36,1075316.0,73566272.0
2014-03-18,104.76,111.41,104.76,108.07,756604.0,53812532.0
2014-03-19,108.06,110.8,105.05,108.07,608437.0,43085936.0
2014-03-20,107.1,110.59,97.26,97.26,759930.0,51122280.0
2014-03-21,96.38,96.38,88.03,95.11,1142175.0,68785792.0
2014-03-24,92.8,93.62,86.53,87.73,1020763.0,59524764.0
2014-03-25,86.97,89.52,85.0,88.02,1277966.0,73062872.0
2014-03-26,87.4,89.8,85.88,88.57,1234342.0,71905016.0
2014-03-27,88.03,88.03,82.34,85.0,989961.0,55370284.0
2014-03-28,83.69,85.35,80.96,84.24,987980.0,54178372.0
2014-03-31,83.69,88.94,83.69,88.03,989721.0,56862752.0
2014-04-01,87.41,95.4,87.41,95.4,781652.0,47528604.0
2014-04-02,95.32,96.84,85.86,85.86,773041.0,45654308.0
2014-04-03,85.18,89.55,83.98,87.81,950825.0,54513080.0
2014-04-04,85.01,88.96,85.01,88.57,513883.0,29400110.0
2014-04-08,87.72,90.28,83.81,87.69,639549.0,37041188.0
2014-04-09,87.73,93.35,87.06,93.2,526330.0,31716470.0
2014-04-10,93.19,95.32,90.16,90.51,549855.0,33439350.0
2014-04-11,89.25,89.25,83.54,84.85,777241.0,43593204.0
2014-04-14,84.33,85.76,81.99,84.39,541002.0,30089968.0
2014-04-15,83.94,85.38,83.0,84.42,299949.0,16598270.0
2014-04-16,84.24,84.24,81.96,83.33,389994.0,21406842.0
2014-04-17,83.33,84.45,81.96,83.01,244326.0,13416004.0
2014-04-18,83.48,84.24,82.28,83.66,213934.0,11790210.0
2014-04-21,82.21,85.45,81.52,81.95,298587.0,16419114.0
2014-04-22,80.92,82.87,74.45,82.72,793351.0,40969492.0
2014-04-23,81.9,82.08,77.76,78.31,400696.0,21000866.0
2014-04-24,77.74,81.36,75.1,76.35,533491.0,27723664.0
2014-04-25,76.35,76.41,72.86,73.01,579331.0,28419982.0
2014-04-28,73.16,73.16,70.69,71.34,748136.0,35248068.0
2014-04-29,71.34,71.98,68.61,71.37,1153309.0,53212964.0
2014-04-30,71.29,71.89,69.32,71.17,1024875.0,47767960.0
2014-05-05,71.03,76.03,70.09,75.63,996717.0,48471204.0
2014-05-06,75.59,76.94,73.74,74.3,933925.0,46436776.0
2014-05-07,74.19,74.19,69.23,69.44,1134138.0,53269588.0
2014-05-08,69.49,70.28,67.57,68.27,1185472.0,53952076.0
2014-05-09,68.17,68.17,64.28,64.54,1532487.0,66478972.0
2014-05-12,65.18,65.86,63.41,65.69,2043618.0,87108400.0
2014-05-13,65.83,66.39,64.27,64.54,1645242.0,70769912.0
2014-05-14,64.52,65.07,62.93,63.16,1307921.0,54853720.0
2014-05-15,63.11,63.35,60.03,60.85,2488398.0,100522024.0
2014-05-16,60.84,61.7,58.76,61.58,1932895.0,76521656.0
2014-05-19,61.38,64.13,60.79,63.57,2579839.0,106665400.0
2014-05-20,65.72,69.67,65.72,68.12,5243390.0,232859680.0
2014-05-21,66.78,69.64,66.63,67.95,2386055.0,107412472.0
2014-05-22,68.76,73.74,68.15,70.73,2353376.0,110724816.0
2014-05-23,70.5,75.44,69.88,75.09,2431643.0,116533792.0
2014-05-26,74.6,75.62,72.86,75.13,2180588.0,106167160.0
2014-05-27,74.37,74.37,71.05,71.75,2010878.0,95750504.0
2014-05-28,71.43,76.92,71.34,75.77,2727950.0,133022528.0
2014-05-29,75.13,77.35,74.07,75.88,2077645.0,102819696.0
2014-05-30,75.31,79.67,74.68,78.78,1539471.0,78031872.0
2014-06-03,78.76,80.29,75.44,75.74,1488951.0,76612480.0
2014-06-04,75.75,77.33,74.13,76.42,1218660.0,60287228.0
2014-06-05,75.66,79.91,75.22,78.7,1393105.0,71579648.0
2014-06-06,81.2,81.2,76.92,77.79,1065457.0,55336212.0
2014-06-09,78.53,78.58,72.75,72.86,1313296.0,64492216.0
2014-06-10,73.52,75.88,71.73,74.68,1254375.0,61032328.0
2014-06-11,74.33,77.65,72.86,77.03,1166295.0,58065620.0
2014-06-12,76.65,78.87,76.12,77.56,1332019.0,68283576.0
2014-06-13,76.83,85.31,76.83,85.31,4076768.0,110980712.0
2014-06-16,86.16,87.14,83.39,84.79,4662108.0,130610472.0
2014-06-17,83.85,84.79,80.53,80.72,3365750.0,90768864.0
2014-06-18,80.96,82.33,80.6,81.69,2071569.0,55630584.0
2014-06-19,80.57,81.36,73.63,74.48,2285974.0,58420668.0
2014-06-20,74.09,76.58,74.09,75.58,987153.0,24511502.0
2014-06-23,76.34,79.08,76.34,79.08,1196626.0,30704462.0
2014-06-24,79.53,79.87,78.01,78.77,1077284.0,27874604.0
2014-06-25,78.47,78.47,75.85,76.7,1350321.0,34044476.0
2014-06-26,76.7,79.38,76.25,78.95,2461620.0,63338784.0
2014-06-27,78.92,81.93,77.86,80.23,2505338.0,65835512.0
2014-06-30,80.35,84.52,79.14,84.49,2859993.0,77348840.0
2014-07-01,83.58,91.7,83.09,90.51,4768743.0,139442304.0
2014-07-02,90.88,94.31,86.8,89.33,4091415.0,121673104.0
2014-07-03,89.78,90.88,86.98,87.8,2378440.0,68899096.0
2014-07-04,86.22,87.59,84.79,86.19,2436128.0,68767424.0
2014-07-07,86.68,86.68,83.15,84.09,2798372.0,77317496.0
2014-07-08,84.34,87.83,82.42,87.65,3641243.0,101888520.0
2014-07-09,86.68,90.27,84.28,84.55,3079391.0,88892488.0
2014-07-10,84.61,85.16,81.72,81.87,2013000.0,54969864.0
2014-07-11,81.48,82.36,73.69,76.98,4491766.0,114290584.0
2014-07-14,75.67,77.01,71.47,73.51,5142397.0,125479728.0
2014-07-15,73.91,75.88,73.02,74.06,3919468.0,96112616.0
2014-07-16,74.24,74.48,70.22,71.53,3162309.0,74603512.0
2014-07-17,71.2,73.63,70.92,73.45,2323621.0,55648064.0
2014-07-18,73.3,76.89,72.81,75.21,2891279.0,71720864.0
2014-07-21,75.58,75.91,73.05,75.12,1463745.0,35827048.0
2014-07-22,75.12,75.73,73.6,75.43,1937669.0,47632160.0
2014-07-23,75.52,75.67,69.43,69.83,3894937.0,92053944.0
2014-07-24,70.01,74.24,67.82,72.72,3287598.0,76740704.0
2014-09-25,79.99,79.99,79.99,79.99,61772.0,1624604.0
2014-09-26,87.99,87.99,87.99,87.99,44060.0,1274656.0
2014-09-29,96.78,96.78,86.92,88.05,18194268.0,550348608.0
2014-09-30,88.05,96.69,84.76,96.69,16071334.0,470973440.0
2014-10-08,95.35,100.76,92.79,98.94,10736080.0,341954336.0
2014-10-09,98.17,100.76,94.89,98.02,7861292.0,252878768.0
2014-10-10,96.11,97.26,93.64,94.89,7556913.0,235702720.0
2014-10-13,93.64,97.2,92.7,95.92,4741157.0,149260208.0
2014-10-14,95.98,100.46,94.77,97.35,6175855.0,199488832.0
2014-10-15,97.6,105.47,97.48,103.41,8549327.0,284054400.0
2014-10-16,101.58,106.69,100.82,102.8,5556582.0,190651632.0
2014-10-17,103.5,103.59,92.52,93.31,10012376.0,315381280.0
2014-10-20,93.07,95.19,88.29,94.37,8054644.0,241596528.0
2014-10-21,93.73,98.27,93.28,94.4,6118471.0,192739520.0
2014-10-22,94.4,94.89,91.15,92.43,3905279.0,118619296.0
2014-10-23,91.18,92.76,87.89,89.87,3301545.0,97582424.0
2014-10-24,89.99,92.58,88.93,90.54,2929758.0,87935200.0
2014-10-27,90.6,95.19,89.11,94.56,4016793.0,122738960.0
2014-10-28,95.07,100.76,95.07,97.99,5596754.0,181391904.0
2014-10-29,98.48,100.36,96.69,97.84,3725764.0,120085672.0
2014-10-30,97.11,97.63,94.77,95.65,4082664.0,128715864.0
2014-10-31,95.95,95.95,90.91,92.21,3355641.0,102226416.0
2014-11-03,92.18,93.46,90.18,90.75,4652557.0,139304000.0
2014-11-04,91.24,91.79,89.14,89.42,2643149.0,78422488.0
2014-11-05,89.72,89.96,86.68,86.77,4400390.0,126732400.0
2014-11-06,86.77,88.96,86.53,88.96,4456752.0,128307080.0
2014-11-07,88.99,89.39,85.16,86.19,5749523.0,165088320.0
2014-11-10,86.28,87.8,82.66,83.76,4462651.0,123234768.0
2014-11-11,84.06,87.56,78.65,79.08,6010268.0,159836656.0
2014-11-12,79.93,80.53,78.47,79.62,4209680.0,109941752.0
2014-11-13,79.62,80.2,77.01,77.37,4881092.0,125299096.0
2014-11-14,76.95,77.34,75.15,75.36,4268941.0,106596344.0
2014-11-17,75.73,82.0,75.73,80.69,7873771.0,207130880.0
2014-11-18,79.08,82.79,79.08,82.48,6044707.0,161275776.0
2014-11-19,82.12,84.98,81.23,82.45,3630821.0,98892272.0
2014-12-03,89.63,89.63,79.11,80.81,15664652.0,427705216.0
2014-12-04,81.3,88.9,80.9,88.9,14228140.0,404560832.0
2014-12-05,88.44,92.15,82.06,87.5,12669306.0,366692544.0
2014-12-08,85.16,88.05,83.39,85.95,8744260.0,246633584.0
2014-12-09,85.64,85.64,77.34,77.86,9804759.0,261086752.0
2014-12-10,77.68,81.42,73.02,79.65,4811015.0,125090432.0
2014-12-11,79.08,81.97,77.77,78.86,4190487.0,109868232.0
2014-12-12,79.01,80.57,78.5,80.17,4820463.0,126242160.0
2014-12-15,80.6,88.2,80.6,88.2,4945163.0,139311040.0
2014-12-16,92.67,93.49,88.5,89.87,12418489.0,371427488.0
2014-12-17,89.2,89.48,86.19,87.29,6698771.0,193115504.0
2014-12-18,87.44,92.34,87.44,89.75,6947032.0,206817216.0
2014-12-19,89.75,89.75,80.84,83.76,6496712.0,180188304.0
2014-12-22,83.94,84.15,75.39,75.39,5537995.0,141516000.0
2014-12-23,74.67,78.98,72.08,72.38,6168667.0,152329280.0
2014-12-24,73.27,76.46,73.27,75.58,3102437.0,76312448.0
2014-12-25,75.88,76.76,73.91,75.94,3653234.0,90185616.0
2014-12-26,75.94,78.16,75.06,77.1,2721779.0,68961792.0
2014-12-29,77.13,78.04,70.86,73.45,4063168.0,98897712.0
2014-12-30,73.48,75.67,72.99,74.09,3352582.0,81778264.0
2014-12-31,73.84,75.36,73.02,74.18,3839945.0,93894536.0
2015-01-05,73.91,74.82,70.86,72.78,3414266.0,81332584.0
2015-01-06,72.26,76.79,70.92,76.49,5158137.0,126928296.0
2015-01-07,76.34,76.34,74.85,75.82,2946174.0,73212000.0
2015-01-08,76.03,83.33,75.73,80.96,6848804.0,179362928.0
2015-01-09,80.5,86.68,80.5,85.16,8878369.0,246934272.0
2015-01-12,85.43,93.67,85.28,93.67,10977043.0,332746656.0
2015-01-13,96.26,102.98,96.11,100.06,14275642.0,468457504.0
2015-01-14,98.27,101.25,95.98,99.21,7826549.0,253749680.0
2015-01-15,97.32,107.97,97.32,102.1,6993599.0,238141904.0
2015-01-16,100.46,109.49,100.46,107.39,8128801.0,282721664.0
2015-01-19,104.02,117.09,102.8,109.76,8945253.0,327275104.0
2015-01-20,110.1,114.36,107.97,111.25,8417182.0,306621216.0
2015-01-21,109.49,111.77,105.81,107.85,9039527.0,319995616.0
2015-01-22,106.45,109.49,105.53,107.24,5786341.0,204824336.0
2015-01-23,106.63,107.76,101.92,103.71,6000304.0,206376192.0
2015-01-26,104.14,108.88,104.14,108.58,4440667.0,156403760.0
2015-01-27,108.58,110.71,104.32,110.4,6057929.0,215042832.0
2015-01-28,108.88,111.56,103.95,105.23,4656271.0,165482352.0
2015-01-29,103.86,107.6,101.61,102.04,5415429.0,186083456.0
2015-01-30,102.58,103.65,98.11,99.45,4950028.0,163265552.0
2015-02-02,99.76,103.71,97.32,102.43,5560349.0,184607888.0
2015-02-03,101.83,109.19,101.83,107.21,7395069.0,259414336.0
2015-02-04,107.21,107.3,101.34,104.02,5553295.0,191188208.0
2015-02-05,104.62,107.97,100.36,105.81,6706094.0,233722064.0
2015-02-06,106.14,115.57,105.84,113.14,9069575.0,334472640.0
2015-02-09,113.75,124.45,112.53,115.42,12985203.0,510500192.0
2015-02-10,113.5,118.25,110.43,112.65,7004241.0,260905664.0
2015-02-11,113.72,123.91,112.77,123.91,11558396.0,460580640.0
2015-02-12,127.74,136.22,122.26,131.54,16191760.0,685394752.0
2015-02-13,133.82,140.02,132.42,137.77,8678158.0,391429824.0
2015-02-16,139.6,142.94,131.39,138.87,8712455.0,389177952.0
2015-02-17,138.38,138.62,132.33,134.73,5303529.0,234859600.0
2015-02-25,136.86,137.47,127.13,129.32,4614456.0,200094832.0
2015-02-26,129.41,139.29,118.0,139.29,11839323.0,491362432.0
2015-02-27,133.82,150.55,132.54,147.05,10432155.0,494694720.0
2015-03-02,146.87,158.18,141.73,152.07,7452917.0,365976992.0
2015-03-03,151.92,154.75,142.94,143.55,5682781.0,276185504.0
2015-03-04,142.94,157.91,141.45,157.91,6040683.0,297250048.0
2015-03-05,159.67,166.21,152.07,156.39,5852905.0,304140256.0
2015-03-06,156.57,157.51,141.42,142.91,6114398.0,295830432.0
2015-03-09,142.64,147.75,135.89,142.25,4872716.0,228305984.0
2015-03-10,142.61,149.91,142.61,145.96,4678827.0,225338512.0
2015-03-11,144.92,144.95,138.93,140.15,5475114.0,254092112.0
2015-03-12,140.15,143.19,131.93,133.21,6143173.0,275291744.0
2015-03-13,135.34,144.4,133.85,142.94,5235404.0,240157088.0
2015-03-16,145.99,156.66,145.96,152.52,7104598.0,354901824.0
2015-03-17,153.77,153.89,146.29,151.0,6134263.0,302769600.0
2015-03-18,149.03,156.93,146.84,153.89,5553215.0,276004640.0
2015-03-19,153.22,153.22,147.41,149.94,4361358.0,214652192.0
2015-03-20,146.84,161.5,146.84,153.56,8200651.0,416775488.0
2015-03-23,153.68,162.71,150.64,160.43,10101504.0,518881472.0
2015-03-24,159.94,176.49,155.11,176.49,15227300.0,840148544.0
2015-03-25,177.31,180.05,170.32,170.68,9801441.0,561711808.0
2015-03-26,166.97,167.0,153.62,156.75,10234702.0,535158976.0
2015-03-27,152.22,163.05,152.22,160.98,5749380.0,301460992.0
2015-03-30,161.19,166.97,149.03,150.55,8172809.0,416442816.0
2015-03-31,150.88,157.79,150.88,156.78,7084010.0,359687072.0
2015-04-01,156.78,160.43,154.5,158.15,5791413.0,300667776.0
2015-04-02,159.67,172.08,159.67,171.69,11695397.0,635550016.0
2015-04-03,168.79,173.36,165.18,172.11,7451707.0,418234784.0
2015-04-07,171.9,179.44,169.16,172.6,7443579.0,424688320.0
2015-04-08,172.69,172.81,158.3,166.06,7075034.0,384104192.0
2015-04-09,166.97,166.97,149.6,163.93,7040154.0,366739520.0
2015-04-10,161.19,171.84,160.07,168.19,8003196.0,435970848.0
2015-04-13,168.79,176.4,164.84,175.43,9742552.0,546753984.0
2015-04-14,173.66,177.71,165.75,169.25,6004254.0,339208736.0
2015-04-15,165.81,170.16,155.87,160.28,5013277.0,267059888.0
2015-04-16,160.28,163.72,144.25,149.09,6997632.0,358426304.0
2015-04-17,149.42,153.8,141.91,147.14,9537798.0,464951008.0
2015-04-20,145.99,155.11,143.95,147.41,5464821.0,266830896.0
2015-04-21,147.75,157.82,147.75,157.18,5978823.0,302707744.0
2015-04-22,158.15,170.41,155.11,166.33,7941386.0,422483456.0
2015-04-23,165.75,174.3,164.23,172.41,8584598.0,482410560.0
2015-04-24,167.28,174.57,161.19,169.37,7958881.0,439501568.0
2015-04-27,170.47,179.38,169.53,176.37,7491698.0,431481376.0
2015-04-28,177.4,177.55,164.23,166.82,5766989.0,320697856.0
2015-04-29,163.32,183.52,161.95,183.39,9216629.0,537518976.0
2015-04-30,185.98,201.73,185.98,201.25,12671849.0,820509440.0
2015-05-04,200.73,208.76,195.29,200.91,7079025.0,467661088.0
2015-05-05,203.77,203.77,190.3,198.27,7581458.0,486969376.0
2015-05-06,197.81,218.1,197.69,212.9,8076992.0,565974976.0
2015-05-07,209.85,225.06,207.12,214.42,6322615.0,453327936.0
2015-05-08,213.09,235.86,213.09,235.86,14643911.0,556401024.0
2015-05-11,237.26,253.63,225.26,253.21,20855654.0,834870144.0
2015-05-12,251.32,251.32,239.88,245.42,17432118.0,700804160.0
2015-05-13,238.66,256.56,225.87,248.4,19203316.0,760388736.0
2015-05-14,243.53,255.58,234.03,234.4,17513280.0,699645376.0
2015-05-15,228.92,255.64,224.05,245.35,21596116.0,849843136.0
2015-05-18,252.97,269.89,248.89,269.89,16121095.0,697148672.0
2015-05-19,280.06,281.64,257.53,264.11,16072838.0,698232000.0
2015-05-20,264.84,287.91,264.84,270.99,12196339.0,552540480.0
2015-05-21,269.1,284.32,267.88,278.84,13398457.0,609640064.0
2015-05-22,279.14,281.52,258.44,267.27,14885666.0,656884480.0
2015-05-25,255.71,268.31,249.62,253.88,15329346.0,648287808.0
2015-05-26,256.31,279.27,256.31,279.27,10430824.0,465097248.0
2015-05-27,296.5,307.21,285.42,307.21,20668800.0,1021075008.0
2015-05-28,314.76,334.85,295.28,300.15,20255504.0,1041042112.0
2015-05-29,295.28,329.86,284.93,329.86,17564010.0,900416256.0
2015-06-01,346.48,346.48,325.72,330.35,19418616.0,1069710336.0
2015-09-18,297.29,297.29,297.29,297.29,47800.0,2334074.0
2015-09-21,267.58,267.58,267.58,267.58,137500.0,6043125.0
2015-09-22,240.85,240.85,240.85,240.85,88600.0,3505016.0
2015-09-23,216.74,216.74,216.74,216.74,1202400.0,21402720.0
2015-09-24,195.07,210.04,195.07,197.38,142797568.0,2319507968.0
2015-09-25,187.27,190.8,177.65,177.65,70605200.0,1057435520.0
2015-09-28,173.03,191.05,172.91,186.66,49130548.0,741438400.0
2015-09-29,182.04,192.75,180.33,183.62,33310576.0,510215584.0
2015-09-30,185.08,189.1,174.61,177.04,23001252.0,339924160.0
2015-10-08,182.89,194.46,180.21,189.59,36720208.0,567205376.0
2015-10-09,189.71,193.0,184.72,187.52,28946842.0,446575712.0
2015-10-12,188.73,205.42,188.73,201.88,42779548.0,702484672.0
2015-10-13,199.69,212.97,196.16,208.58,41450324.0,697865984.0
2015-10-14,207.24,210.41,197.26,198.35,35186280.0,582038528.0
2015-10-15,195.92,214.18,195.92,207.49,58794100.0,999391424.0
2015-10-16,209.07,214.31,199.69,209.07,50326620.0,858827264.0
2015-10-19,209.56,229.53,209.56,227.7,58432432.0,1058170432.0
2015-10-20,226.48,236.1,219.18,230.5,45150888.0,843991232.0
2015-10-21,230.5,231.35,207.49,207.49,42369880.0,752180288.0
2015-10-22,202.74,213.45,194.82,209.43,44780712.0,758321088.0
2015-10-23,209.68,213.94,200.91,211.75,43079856.0,734043136.0
2015-10-26,214.31,216.74,203.59,208.34,30428350.0,519189664.0
2015-10-27,208.22,211.26,194.82,207.49,28386884.0,474990496.0
2015-10-28,207.97,226.24,207.97,216.74,46515664.0,835431232.0
2015-10-29,217.96,219.18,211.87,215.64,25241212.0,447048544.0
2015-10-30,213.45,220.51,205.78,213.21,26698600.0,468730624.0
2015-11-02,204.2,212.36,199.94,202.86,22676852.0,384752480.0
2015-11-03,201.64,208.34,200.42,201.52,12540813.0,209746832.0
2015-11-04,203.35,214.18,203.35,214.18,26812864.0,462327520.0
2015-11-05,214.31,221.61,208.09,209.43,32432478.0,568777792.0
2015-11-06,210.16,218.32,210.16,215.52,31475028.0,556288768.0
2015-11-09,215.52,236.34,213.09,235.74,48172980.0,892763072.0
2015-11-10,236.22,239.88,228.31,232.57,35436220.0,680587456.0
2015-11-11,231.35,245.35,229.04,244.26,34214472.0,674969920.0
2015-11-12,245.96,258.14,242.92,244.75,35137112.0,720614272.0
2015-11-13,242.31,253.88,238.66,244.75,38582824.0,784668928.0
2015-11-23,269.22,269.22,243.77,248.28,46262368.0,978079744.0
2015-11-24,243.77,248.16,234.76,241.09,25279852.0,495064192.0
2015-11-25,243.53,247.3,241.09,242.43,27300680.0,546015808.0
2015-11-26,249.62,265.32,243.53,248.28,36499756.0,760528192.0
2015-11-27,242.19,263.38,227.7,231.35,38167488.0,775836864.0
2015-11-30,233.79,243.28,213.09,238.54,30729892.0,590456448.0
2015-12-01,241.21,241.58,226.24,229.53,17187858.0,328010208.0
2015-12-02,229.77,233.79,206.63,212.72,27216664.0,480988096.0
2015-12-03,214.43,219.78,211.99,219.18,16391962.0,290774496.0
2015-12-04,218.08,219.18,210.65,212.36,17808756.0,314264416.0
2015-12-07,215.28,216.62,207.36,215.77,15994319.0,280655616.0
2015-12-08,216.74,221.73,213.09,215.52,21839512.0,389427136.0
2015-12-09,216.37,217.35,205.05,207.24,19270356.0,331734272.0
2015-12-10,207.61,215.4,206.39,212.11,18098004.0,315996672.0
2015-12-11,213.09,215.52,208.82,210.04,11489674.0,199626480.0
2015-12-14,207.24,214.31,203.1,214.18,14411895.0,246292576.0
2015-12-15,214.18,227.46,212.6,225.51,22385374.0,404339040.0
2015-12-16,224.17,227.46,220.39,221.25,16829470.0,307789920.0
2015-12-17,224.17,232.33,222.83,231.96,28004248.0,527403776.0
2015-12-18,233.54,247.06,232.57,235.13,32353692.0,633603264.0
2015-12-21,237.2,237.44,226.48,233.66,28292180.0,535666528.0
2015-12-22,237.32,237.44,228.31,230.62,20424076.0,386695072.0
2015-12-23,230.13,233.79,226.48,226.72,19507156.0,368938944.0
2015-12-24,227.33,228.55,215.4,224.05,15899179.0,289466624.0
2015-12-25,225.02,229.16,222.34,228.19,11453424.0,212345344.0
2015-12-28,229.77,231.35,218.93,219.18,17431664.0,322537920.0
2015-12-29,217.47,219.18,210.53,216.62,15861404.0,278850592.0
2015-12-30,217.59,222.46,213.94,220.64,12980972.0,233745792.0
2015-12-31,220.64,225.63,212.6,220.39,15751302.0,285447488.0
2016-01-04,216.37,218.69,198.35,198.35,14490428.0,246036032.0
2016-01-05,179.12,211.26,179.12,201.64,27183676.0,444069312.0
2016-01-06,202.98,204.56,196.65,203.22,14583029.0,240838656.0
2016-01-07,200.91,200.91,182.89,183.01,3814763.0,59501988.0
2016-01-08,189.34,189.95,165.6,177.9,20858936.0,307987936.0
2016-01-11,170.47,178.38,160.24,160.36,21447622.0,299604512.0
2016-01-12,163.28,168.03,154.64,164.26,17683462.0,235251920.0
2016-01-13,167.91,170.47,158.29,158.66,12470423.0,168413024.0
2016-01-14,152.08,168.64,147.09,167.91,18397036.0,240775136.0
2016-01-15,164.26,170.47,160.49,162.19,21810500.0,298377824.0
2016-01-18,157.81,167.18,154.64,165.84,24627412.0,327883328.0
2016-01-19,163.77,173.76,159.63,172.42,23736228.0,323722368.0
2016-01-20,169.86,182.65,168.64,177.17,25749384.0,371133248.0
2016-01-21,174.12,184.47,164.38,168.4,23354744.0,338353312.0
2016-01-22,171.69,176.68,168.03,176.31,16212158.0,230510064.0
2016-01-25,179.24,180.7,168.89,173.51,11918237.0,171431200.0
2016-01-26,170.47,172.17,156.22,156.22,13348002.0,179794976.0
2016-01-27,155.37,160.49,140.64,147.94,24808044.0,298890528.0
2016-01-28,145.51,147.33,138.2,142.71,15126167.0,177848352.0
2016-01-29,138.81,152.57,138.81,149.28,15627341.0,188649920.0
2016-02-01,148.8,156.47,146.36,150.5,13859278.0,173441440.0
2016-02-02,150.99,165.6,150.74,165.6,18785748.0,249867072.0
2016-02-03,164.38,169.01,162.68,165.6,18138148.0,247872784.0
2016-02-04,165.72,178.99,165.72,175.71,18772568.0,262998352.0
2016-02-05,174.12,177.53,166.21,166.57,11648023.0,163871200.0
2016-02-15,157.81,175.34,157.81,174.0,16270957.0,225855520.0
2016-02-16,172.78,182.65,171.69,179.36,13425121.0,196141312.0
2016-02-17,178.99,179.12,170.84,176.44,14979845.0,215264944.0
2016-02-18,178.26,178.99,170.1,170.35,17537972.0,249925056.0
2016-02-19,169.37,173.51,167.79,171.32,15918716.0,223753584.0
2016-02-22,172.91,176.44,170.47,174.24,16024567.0,227846240.0
2016-02-23,173.51,174.24,163.77,168.16,18663444.0,258343360.0
2016-02-24,167.18,169.5,159.88,166.33,14694510.0,198630560.0
2016-02-25,165.6,165.6,149.65,149.65,19039566.0,244043568.0
2016-02-26,149.53,151.96,138.32,148.55,17365126.0,210199024.0
2016-02-29,147.94,147.94,133.7,133.7,17053900.0,190606368.0
2016-03-01,133.57,135.77,121.76,131.99,27214048.0,288006560.0
2016-03-02,132.24,144.41,129.19,142.34,25225212.0,279898816.0
2016-03-03,141.98,148.43,138.93,139.3,24904248.0,292238144.0
2016-03-04,139.42,139.78,129.07,130.17,15568487.0,171586624.0
2016-03-07,133.21,141.85,132.97,136.98,18034590.0,203061536.0
2016-03-08,134.31,141.85,129.07,140.52,18842680.0,211818752.0
2016-03-09,135.65,144.9,134.79,138.81,17532212.0,202807744.0
2016-03-10,143.32,143.32,135.65,135.89,12621410.0,143769872.0
2016-03-11,133.45,137.47,131.5,136.25,9138198.0,101690344.0
2016-03-14,140.03,147.58,138.69,144.17,21268408.0,251565408.0
2016-03-15,143.56,145.51,139.78,140.51,13158792.0,154096240.0
2016-03-16,143.32,144.66,137.72,138.93,13378936.0,154512016.0
2016-03-17,139.66,152.21,139.66,150.38,31278944.0,377337088.0
2016-03-18,153.67,161.95,153.42,158.66,32535616.0,421100544.0
2016-03-21,163.16,164.14,158.29,162.56,25635522.0,338975168.0
2016-03-22,158.29,167.91,157.44,161.58,23215988.0,311153216.0
2016-03-23,160.61,164.75,157.32,164.26,23792956.0,315551968.0
2016-03-24,160.73,165.23,159.88,161.34,20268616.0,270745952.0
2016-03-25,160.24,164.38,159.51,162.8,13870086.0,184649040.0
2016-03-28,165.72,170.1,161.46,163.16,22926894.0,312098112.0
2016-04-06,170.47,178.75,166.57,168.4,31438600.0,442878304.0
2016-04-07,167.06,169.86,158.29,159.75,26241554.0,351149888.0
2016-04-08,158.05,165.35,153.18,164.75,25853660.0,338984480.0
2016-04-11,168.89,172.78,168.4,168.89,24081052.0,336794560.0
2016-04-12,168.64,168.64,160.85,163.89,19862660.0,267551232.0
2016-04-13,164.99,169.86,163.65,165.23,21610124.0,296959264.0
2016-04-14,167.43,167.91,164.38,167.79,14463675.0,197769408.0
2016-04-15,168.03,169.25,165.84,167.79,14554664.0,200151808.0
2016-04-18,167.18,175.83,164.38,172.54,28066232.0,394607648.0
2016-04-19,171.69,173.76,168.4,172.54,17091644.0,240391344.0
2016-04-20,175.22,177.41,155.25,158.41,40079152.0,544421376.0
2016-04-21,158.17,159.51,152.33,159.51,17953164.0,231745376.0
2016-04-22,156.59,160.12,155.86,158.05,11080978.0,143678336.0
2016-04-25,157.81,157.81,150.74,152.81,12436924.0,156715040.0
2016-04-26,154.03,161.58,153.42,157.44,20786420.0,268438496.0
2016-04-27,158.29,158.29,153.42,154.52,12184688.0,156085120.0
2016-04-28,155.25,157.81,152.45,156.71,11664569.0,148756816.0
2016-04-29,154.4,156.71,150.74,150.87,16108515.0,202178784.0
2016-05-03,151.6,156.71,146.85,156.47,16198128.0,204045408.0
2016-05-04,155.25,159.39,154.64,156.59,13269960.0,171247056.0
2016-05-05,155.25,158.66,154.64,158.05,11664083.0,150568736.0
2016-05-06,158.05,160.24,148.43,148.92,16259560.0,206178016.0
2016-05-09,146.12,146.12,136.38,137.59,18191274.0,210000496.0
2016-05-10,135.16,139.54,134.91,137.23,7020282.0,79460512.0
2016-05-11,138.32,139.42,135.77,135.89,6382136.0,72035063.0
2016-05-12,134.91,135.4,130.29,134.18,8806440.0,96299686.0
2016-05-13,134.43,136.98,131.63,132.72,6963048.0,76883014.0
2016-05-16,132.72,139.54,131.75,139.18,7877015.0,87546828.0
2016-05-17,139.05,141.85,136.13,138.2,10805308.0,123214677.0
2016-05-18,136.86,137.11,129.8,131.63,9128367.0,100124271.0
2016-05-19,132.48,139.91,132.48,134.31,12397965.0,139203212.0
2016-05-20,132.72,138.2,129.8,137.23,8507185.0,95078849.0
2016-05-23,138.81,141.98,137.23,141.0,12003798.0,138299464.0
2016-05-24,141.12,142.46,138.08,141.25,10742444.0,123882708.0
2016-05-25,142.46,144.17,137.59,138.2,9797860.0,113351933.0
2016-05-26,137.59,139.3,133.94,139.06,8044715.0,90344170.0
2016-05-27,138.32,139.3,136.5,137.47,6068925.0,68802780.0
2016-05-30,136.98,138.81,134.18,136.13,5721755.0,64073326.0
2016-05-31,136.98,147.46,135.4,146.73,20916848.0,246036397.0
2016-06-01,146.73,149.77,145.51,146.36,13821989.0,167521154.0
2016-06-02,146.45,149.5,145.11,149.01,10904479.0,131114302.0
2016-06-03,147.92,152.55,145.47,150.48,18030609.0,219618363.0
2016-06-06,150.84,157.44,150.6,152.8,18862094.0,237193802.0
2016-06-07,150.72,152.31,146.45,147.79,18045923.0,219309384.0
2016-06-08,148.89,148.89,145.11,147.43,12455061.0,150039309.0
2016-06-13,144.74,147.06,135.47,136.69,14477456.0,169083541.0
2016-06-14,134.49,137.79,133.27,134.86,13450860.0,148683782.0
2016-06-15,132.91,142.79,131.93,139.5,14350745.0,162944245.0
2016-06-16,138.03,139.74,134.37,135.35,16111017.0,180342298.0
2016-06-17,135.71,139.98,135.1,136.44,14903091.0,167771629.0
2016-06-20,137.66,137.66,132.91,134.37,17043649.0,187545018.0
2016-06-21,135.47,137.66,133.64,134.61,12114348.0,134711657.0
2016-06-22,134.61,148.04,134.25,148.04,29387799.0,343068762.0
2016-06-23,151.94,160.12,149.5,153.77,54635575.0,693556100.0
2016-06-24,153.65,163.42,145.84,161.1,48253704.0,616662397.0
2016-06-27,157.68,166.1,155.0,161.95,45740990.0,599414668.0
2016-06-28,159.14,160.85,155.48,159.88,31390447.0,408497893.0
2016-06-29,159.88,159.88,154.87,155.97,30596849.0,392005617.0
2016-06-30,155.48,163.54,155.12,163.54,45800135.0,598104178.0
2016-07-01,161.22,168.18,159.51,164.27,39854143.0,536393962.0
2016-07-04,162.07,167.32,159.88,165.25,30890889.0,415961368.0
2016-07-05,165.98,172.32,163.78,167.08,28899830.0,398645255.0
2016-07-06,165.86,167.69,163.54,164.76,19369115.0,262266106.0
2016-07-07,164.15,166.47,158.41,159.27,22118025.0,292285409.0
2016-07-08,160.49,164.03,158.41,161.71,21065317.0,278539909.0
2016-07-11,161.71,166.22,160.49,160.85,17825760.0,238495951.0
2016-07-12,161.1,162.68,154.87,161.95,21273419.0,277101093.0
2016-07-13,161.71,164.39,159.88,162.44,19098297.0,254594130.0
2016-07-14,165.98,171.96,163.29,167.69,37609563.0,515997305.0
2016-07-15,166.22,170.62,165.37,165.37,19984146.0,274069590.0
2016-07-18,165.37,165.86,160.49,161.46,17196906.0,228465157.0
2016-07-19,161.46,167.69,160.37,167.08,18757387.0,251527552.0
2016-07-20,167.2,176.6,166.1,172.57,43694855.0,614518003.0
2016-07-21,170.86,176.35,168.05,168.42,36216643.0,509891034.0
2016-07-22,168.42,170.25,166.34,167.69,17373315.0,238976515.0
2016-07-25,168.42,168.42,162.44,163.54,17573830.0,237826498.0
2016-07-26,164.76,168.66,164.27,167.44,14035273.0,191796956.0
2016-07-27,167.2,168.05,150.72,153.04,32686462.0,422712222.0
2016-07-28,153.53,153.9,145.84,149.14,24356477.0,297891386.0
2016-07-29,148.65,150.24,143.89,146.57,15984505.0,191337451.0
2016-08-01,146.82,147.43,142.18,146.45,13458932.0,159092916.0
2016-08-02,146.7,149.26,145.23,148.65,11630284.0,140205327.0
2016-08-03,148.53,148.89,146.45,147.79,8932031.0,107980724.0
2016-08-04,146.7,150.36,146.7,149.01,12021272.0,146454728.0
2016-08-05,149.5,149.62,146.7,147.67,9675634.0,117409730.0
2016-08-08,147.06,147.92,143.65,147.92,11011346.0,131647505.0
2016-08-09,147.79,149.87,146.94,149.5,10851231.0,131848457.0
2016-08-10,148.89,150.72,146.94,147.43,13240097.0,160963633.0
2016-08-11,147.06,147.43,141.69,141.69,13036344.0,154429074.0
2016-08-12,142.43,144.5,141.69,143.77,6743529.0,79003829.0
2016-08-15,143.28,154.51,142.79,153.41,24711370.0,303112791.0
2016-08-16,152.55,154.26,150.72,151.46,13270530.0,165655411.0
2016-08-17,151.46,153.78,150.24,152.19,11579305.0,144502689.0
2016-08-18,151.94,153.16,150.11,151.58,13205101.0,163794696.0
2016-08-19,151.58,152.43,149.38,151.7,11698809.0,144904263.0
2016-08-22,150.6,151.58,149.01,149.62,11227175.0,138161914.0
2016-08-23,149.75,150.72,147.79,149.75,8981578.0,110020080.0
2016-08-24,149.75,152.92,149.01,150.85,10509291.0,130065124.0
2016-08-25,149.01,149.75,146.09,149.01,11392953.0,137917609.0
2016-08-26,149.99,157.68,149.99,153.29,24937850.0,316426964.0
2016-08-29,152.31,158.05,150.72,156.34,18532143.0,234301496.0
2016-08-30,158.05,162.2,155.97,156.09,22349166.0,291489490.0
2016-08-31,156.34,160.37,154.75,156.34,16864320.0,217626254.0
2016-09-01,156.34,158.53,156.09,156.46,11007036.0,141804443.0
2016-09-02,155.48,156.95,152.68,153.9,9758821.0,123598972.0
2016-09-05,155.24,158.41,154.63,155.6,10459994.0,134296693.0
2016-09-06,155.24,159.51,152.68,159.02,13923309.0,178914805.0
2016-09-07,158.66,165.74,157.68,161.59,27107294.0,359579188.0
2016-09-08,161.22,164.76,159.27,160.73,17057489.0,225944932.0
2016-09-09,160.37,161.1,156.83,157.07,13883183.0,180456300.0
2016-09-12,152.55,154.51,148.77,148.77,17693375.0,219532305.0
2016-09-13,150.11,152.07,147.55,149.99,15905589.0,195201804.0
2016-09-14,148.28,150.6,147.79,148.65,7083358.0,86548086.0
2016-09-19,149.26,151.21,149.01,149.75,8910657.0,109487017.0
2016-09-20,150.24,150.97,147.92,149.75,6335317.0,77859292.0
2016-09-21,149.75,151.09,148.89,150.24,6738319.0,82925243.0
2016-09-22,151.33,151.94,149.26,149.87,6256602.0,77174581.0
2016-09-23,149.99,150.97,147.92,148.65,6771484.0,82711216.0
2016-09-26,148.28,149.5,146.21,146.33,8068578.0,97461044.0
2016-09-27,146.45,147.92,144.62,147.92,8638897.0,103567341.0
2016-09-28,147.92,150.6,146.7,148.41,8433782.0,102780095.0
2016-09-29,150.36,150.36,148.04,148.16,5428178.0,66291886.0
2016-09-30,148.28,151.09,147.79,150.85,7862162.0,96543226.0
2016-10-10,150.85,158.29,150.72,156.7,14388159.0,182644918.0
2016-10-11,156.22,157.44,154.63,156.09,9559510.0,122305144.0
2016-10-12,155.24,157.19,154.38,155.36,8093114.0,103211334.0
2016-10-13,156.22,156.34,154.14,155.48,6156314.0,78297320.0
2016-10-14,158.41,159.63,156.22,157.19,13292574.0,171782910.0
2016-10-17,156.58,158.66,152.55,154.87,9959037.0,126888835.0
2016-10-18,154.87,159.88,153.16,159.88,15243765.0,196370609.0
2016-10-19,160.0,160.0,157.07,158.41,17830902.0,231315705.0
2016-10-20,167.2,174.28,167.2,174.28,22847243.0,323721961.0
2016-10-21,191.73,191.73,180.26,184.77,125084589.0,1910453809.0
2016-10-24,194.05,202.59,181.84,186.73,107348993.0,1655708226.0
2016-10-25,183.31,201.13,182.33,189.53,107401846.0,1678331942.0
2016-10-26,183.43,185.87,175.87,178.18,80181222.0,1189409326.0
2016-10-27,178.18,180.99,175.5,180.5,50341622.0,737229936.0
2016-10-28,179.4,179.4,171.47,172.08,56516265.0,814150004.0
2016-10-31,171.59,173.06,167.69,169.03,35337015.0,490854771.0
2016-11-01,169.88,173.55,169.03,172.45,31857607.0,447625797.0
2016-11-02,170.98,172.33,168.42,169.28,28103219.0,391795002.0
2016-11-03,168.05,171.59,164.88,171.47,38639501.0,533163190.0
2016-11-04,170.01,174.03,168.54,169.15,28493405.0,399404919.0
2016-11-07,167.32,169.64,165.49,169.64,19332816.0,265233091.0
2016-11-08,169.64,172.08,169.03,169.76,20029466.0,279797309.0
2016-11-09,169.15,173.91,166.35,168.42,30450781.0,426135380.0
2016-11-10,171.35,173.67,169.03,170.74,25336186.0,355763594.0
2016-11-11,169.03,170.74,167.08,170.01,22679515.0,313684997.0
2016-11-14,169.64,173.55,169.03,171.23,22650332.0,319050422.0
2016-11-15,170.37,172.45,167.08,170.98,26870219.0,374672479.0
2016-11-16,171.96,176.6,170.74,174.89,41201254.0,586030307.0
2016-11-17,173.3,173.67,168.79,168.79,25705688.0,358920786.0
2016-11-18,168.66,169.4,162.68,163.29,31068374.0,421611548.0
2016-11-21,163.29,165.49,161.59,165.37,18773573.0,251810025.0
2016-11-22,164.27,166.71,162.81,166.71,18574821.0,250316050.0
2016-11-23,165.98,166.47,163.42,163.42,13237065.0,178939659.0
2016-11-24,163.54,165.74,162.32,162.44,10223434.0,137255211.0
2016-11-25,162.68,166.47,160.61,165.74,17991299.0,242215064.0
2016-11-28,167.08,167.93,164.51,165.61,11725864.0,159274152.0
2016-11-29,165.0,166.96,163.17,164.51,14035553.0,189908649.0
2016-11-30,164.76,167.93,163.66,165.25,16075951.0,219039589.0
2016-12-01,164.76,166.1,162.68,163.17,12909436.0,173362893.0
2016-12-02,163.42,164.03,156.83,156.83,19526753.0,255561449.0
2016-12-05,156.58,158.29,153.78,156.7,8837775.0,113603699.0
2016-12-06,157.44,158.29,155.73,156.09,7087975.0,91169447.0
2016-12-07,156.7,158.17,155.48,157.8,7986325.0,102519241.0
2016-12-08,157.8,157.8,154.75,155.0,7660839.0,98084402.0
2016-12-09,155.61,155.61,150.85,151.58,15737024.0,197184030.0
2016-12-12,152.19,152.19,142.91,144.62,20475750.0,246813137.0
2016-12-13,144.62,147.55,142.79,144.99,11229052.0,133761373.0
2016-12-14,144.99,145.96,141.21,141.69,9781898.0,114743770.0
2016-12-15,141.33,145.35,141.33,142.91,10724761.0,126113704.0
2016-12-16,143.16,146.94,142.55,145.84,10871998.0,129595529.0
2016-12-19,145.6,146.33,144.26,145.11,7189190.0,85410863.0
2016-12-20,145.35,148.41,144.5,146.82,10061986.0,121195197.0
2016-12-21,147.55,150.72,147.55,147.92,10432890.0,127369137.0
2016-12-22,147.79,148.28,145.23,146.45,7931739.0,95011059.0
2016-12-23,147.43,147.67,142.91,144.13,8734378.0,103516010.0
2016-12-26,145.11,147.31,142.3,147.19,10174818.0,121256486.0
2016-12-27,147.67,148.53,146.57,147.06,7690178.0,92898424.0
2016-12-28,147.43,148.04,146.09,146.45,6441250.0,77609033.0
2016-12-29,145.96,147.92,145.72,146.33,8328480.0,100432825.0
2016-12-30,147.43,147.43,144.01,145.23,8833231.0,104980250.0
2017-01-03,145.23,147.43,144.13,147.43,8512450.0,101894094.0
2017-01-04,146.82,150.85,146.21,149.5,12401165.0,151414717.0
2017-01-05,147.92,151.7,147.92,148.65,10746939.0,132447633.0
2017-01-06,148.77,149.5,145.97,147.19,7982751.0,96556309.0
2017-01-09,145.84,148.77,144.26,145.11,12953601.0,154497158.0
2017-01-10,144.87,145.48,140.11,140.35,17312920.0,202471425.0
2017-01-11,139.13,142.18,136.32,137.67,15073258.0,171433571.0
2017-01-12,137.79,138.76,136.57,137.06,7719182.0,86873871.0
2017-01-13,137.18,137.91,134.0,134.25,8852852.0,98472679.0
2017-01-16,135.1,135.1,123.02,127.66,13910868.0,147856111.0
2017-01-17,127.54,132.05,125.58,131.81,11230976.0,118724732.0
2017-01-18,130.47,131.2,128.63,128.76,5396653.0,57462329.0
2017-01-19,128.76,129.61,125.7,127.9,5293299.0,55364247.0
2017-01-20,127.41,134.86,126.93,132.17,12472697.0,135278186.0
2017-01-23,132.78,135.71,132.05,135.47,8769635.0,96578863.0
2017-01-24,135.96,135.96,133.39,134.0,5866067.0,64541833.0
2017-01-25,133.76,135.84,133.15,134.25,5680019.0,62635707.0
2017-01-26,128.15,131.81,127.66,129.0,30214754.0,319416952.0
2017-02-03,128.39,129.85,128.27,129.37,8741998.0,92527002.0
2017-02-06,129.37,131.2,128.63,130.47,12745017.0,135709019.0
2017-02-07,129.98,130.34,128.39,129.12,10479216.0,110951447.0
2017-02-08,128.76,133.03,128.76,132.66,12675734.0,135958654.0
2017-02-09,132.91,133.64,131.93,132.91,14114864.0,153346755.0
2017-02-10,133.03,134.86,131.56,134.0,13347816.0,145488072.0
2017-02-13,133.52,134.49,131.44,134.0,16447572.0,179140518.0
2017-02-14,133.76,133.88,132.42,132.78,9195710.0,100231055.0
2017-02-15,132.54,133.39,131.2,131.2,9894307.0,107333201.0
2017-02-16,134.0,134.49,131.44,132.66,9490383.0,103272619.0
2017-02-17,132.54,133.15,129.37,129.73,12167272.0,130486108.0
2017-02-20,129.25,130.34,127.9,130.34,11705126.0,124051002.0
2017-02-21,129.98,133.88,129.61,132.78,15197463.0,164694526.0
2017-02-22,133.27,134.0,131.81,133.15,12520979.0,136278949.0
2017-02-23,133.52,135.59,131.56,135.35,17940371.0,196342278.0
2017-02-24,135.71,139.01,134.86,136.44,22914176.0,257043185.0
2017-02-27,137.06,140.11,135.71,136.08,18080259.0,204088687.0
2017-02-28,136.81,137.67,133.39,136.08,13635746.0,151005062.0
2017-03-01,136.08,136.44,134.62,134.74,12639425.0,140215944.0
2017-03-02,135.1,135.71,133.03,133.27,12220848.0,134361107.0
2017-03-03,132.66,133.88,131.81,133.88,11971939.0,130217852.0
2017-03-06,133.52,136.81,133.39,136.81,15920602.0,177255843.0
2017-03-07,136.69,137.3,135.22,136.32,13441510.0,149797113.0
2017-03-08,136.32,136.32,133.64,134.86,11816920.0,130944478.0
2017-03-09,135.1,135.96,133.39,135.47,12843252.0,141917981.0
2017-03-10,135.22,135.71,133.76,133.76,8904174.0,98214280.0
2017-03-13,133.15,134.0,130.95,133.88,13160351.0,142949488.0
2017-03-14,133.64,134.0,131.2,131.81,12507731.0,135695143.0
2017-03-15,130.59,132.66,130.34,131.56,9605604.0,103526826.0
2017-03-16,131.2,133.15,131.07,132.42,11608266.0,125778141.0
2017-03-17,132.54,133.76,130.95,131.32,13141728.0,142715653.0
2017-03-20,131.56,131.81,130.22,130.95,10001314.0,107147310.0
2017-03-21,130.95,132.05,130.59,131.07,8273406.0,88959410.0
2017-03-22,130.1,130.34,128.27,128.63,12212775.0,129163448.0
2017-03-23,128.51,129.98,127.29,128.15,10516235.0,110895593.0
2017-03-24,128.27,131.2,128.02,130.83,12349654.0,131750482.0
2017-03-27,130.22,131.2,129.85,130.22,7583053.0,81005713.0
2017-03-28,130.59,133.03,130.47,130.83,11456746.0,123678477.0
2017-03-29,131.69,131.69,128.27,128.51,9279751.0,98344969.0
2017-03-30,128.15,128.51,124.85,124.85,11253752.0,116554941.0
2017-03-31,125.34,126.68,124.61,125.46,6552724.0,67451806.0
2017-04-05,134.25,134.62,130.1,131.2,23132149.0,250111632.0
2017-04-06,133.03,144.38,130.47,137.67,42554933.0,480232590.0
2017-04-07,134.37,142.79,134.37,140.35,50379708.0,574155875.0
2017-04-10,138.89,144.01,137.06,141.69,45912537.0,531110543.0
2017-04-11,141.69,146.45,140.47,142.79,44482518.0,522695895.0
2017-04-12,140.35,140.96,133.76,134.13,37737403.0,422977997.0
2017-04-13,134.13,138.52,134.0,135.96,18517509.0,207023698.0
2017-04-14,137.67,140.35,135.47,136.69,22758631.0,256803574.0
2017-04-17,134.49,136.44,127.54,129.37,26420261.0,283238912.0
2017-04-18,130.22,131.44,124.85,125.34,25411424.0,265520338.0
2017-04-19,125.46,125.58,120.58,122.9,22774656.0,228289330.0
2017-04-20,123.02,123.88,121.19,121.68,16203025.0,162530895.0
2017-04-21,121.8,123.02,121.19,122.04,7975028.0,79821406.0
2017-04-24,120.95,121.68,116.92,117.04,13991144.0,135687441.0
2017-04-25,118.02,120.21,117.65,118.75,10963683.0,106997692.0
2017-04-26,118.99,119.97,118.26,118.99,8570633.0,83697983.0
2017-04-27,115.94,117.65,112.04,117.04,21560265.0,202720971.0
2017-04-28,116.43,118.38,115.21,117.04,12077916.0,115614667.0
2017-05-02,117.16,117.65,115.33,115.58,9793428.0,93488392.0
2017-05-03,115.94,117.04,114.48,116.92,11591312.0,110357516.0
2017-05-04,118.75,128.63,118.75,122.17,34843577.0,353735352.0
2017-05-05,120.21,121.68,115.45,115.82,24098356.0,234828055.0
2017-05-08,115.94,120.82,114.6,117.16,19503634.0,189025031.0
2017-05-09,115.33,116.92,113.26,115.7,13562644.0,128125552.0
2017-05-10,115.94,116.55,108.13,108.86,27581287.0,255001473.0
2017-05-11,108.13,112.16,106.42,110.69,19995579.0,178862713.0
2017-05-12,109.96,110.21,107.28,108.62,13249450.0,118183004.0
2017-05-15,109.84,112.04,109.72,109.96,13494196.0,122293331.0
2017-05-16,109.84,113.5,107.77,113.26,16100923.0,147444444.0
2017-05-17,112.89,114.23,112.16,113.38,21958000.0,203778709.0
2017-05-18,112.28,115.21,111.67,113.01,14562818.0,135297177.0
2017-05-19,112.89,113.75,110.33,111.55,12135613.0,111210098.0
2017-05-22,110.33,111.79,107.4,108.13,10604192.0,95218801.0
2017-05-23,108.38,110.82,107.4,108.5,16092578.0,144133601.0
2017-05-24,107.4,110.45,104.96,109.84,13574136.0,121148454.0
2017-05-25,109.35,112.16,108.86,111.43,11029079.0,99975353.0
2017-05-26,110.82,113.14,110.82,111.18,10853065.0,99565271.0
2017-05-31,113.62,114.48,108.74,108.74,13333505.0,122398257.0
2017-06-01,108.5,110.08,107.89,108.25,9464983.0,84631970.0
2017-06-02,107.77,110.94,107.03,110.45,9477362.0,84693662.0
2017-06-05,110.82,120.58,110.45,117.04,31019145.0,296290502.0
2017-06-06,113.87,116.55,113.38,115.82,21177991.0,199531200.0
2017-06-07,115.33,117.89,114.84,117.04,19450679.0,186140759.0
2017-06-08,117.41,119.48,115.7,116.67,19093196.0,183626651.0
2017-06-09,116.06,118.02,113.87,117.16,15604732.0,148514221.0
2017-06-12,116.19,116.43,113.87,114.48,11970417.0,112775472.0
2017-06-13,114.11,116.92,113.99,115.45,9224128.0,87377134.0
2017-06-14,115.58,116.43,114.11,114.48,8173663.0,76918858.0
2017-06-15,114.48,117.65,114.11,117.04,16029408.0,153167104.0
2017-06-16,117.41,117.89,115.45,115.45,9811453.0,93590287.0
2017-06-19,114.97,116.8,114.72,116.55,8892519.0,84593984.0
2017-06-20,116.43,118.63,116.31,116.43,13401393.0,129100811.0
2017-06-21,117.04,117.04,114.48,115.21,9928350.0,93795462.0
2017-06-22,115.09,118.63,114.84,115.33,21350850.0,204297514.0
2017-06-23,114.84,115.21,110.82,113.38,14770702.0,136576439.0
2017-06-26,113.38,114.97,112.53,114.72,8815966.0,82284147.0
2017-06-27,114.48,115.58,113.62,113.87,7347360.0,68881014.0
2017-06-28,114.11,114.11,110.69,110.94,11172823.0,102352599.0
2017-06-29,111.67,112.77,110.57,112.04,7123804.0,65313548.0
2017-06-30,111.18,112.65,110.21,112.04,8199056.0,74929810.0
2017-07-03,112.28,113.5,112.04,113.5,8193708.0,75885754.0
2017-07-04,113.38,113.38,111.92,112.16,6943390.0,64008122.0
2017-07-05,112.28,113.26,111.43,112.89,9283500.0,85394988.0
2017-07-06,112.89,113.87,111.67,112.16,8921464.0,82324615.0
2017-07-07,112.16,112.4,110.69,111.18,10921820.0,99557261.0
2017-07-10,111.55,111.55,108.86,109.11,14093543.0,126761882.0
2017-07-11,109.47,109.6,108.38,108.62,6305316.0,56348869.0
2017-07-12,108.13,109.23,105.2,107.77,13375087.0,116870589.0
2017-07-13,107.77,107.77,105.45,106.18,10554854.0,92067550.0
2017-07-14,104.35,106.42,103.98,105.32,8133429.0,70295836.0
2017-07-17,105.2,105.2,95.81,98.12,22391203.0,182338130.0
2017-07-18,97.39,99.59,95.81,98.61,12095981.0,96697936.0
2017-07-19,98.25,98.61,96.17,98.49,10668134.0,85279962.0
2017-07-20,98.25,99.47,97.88,99.22,14265991.0,115327563.0
2017-07-21,98.98,101.05,98.25,101.05,12338770.0,100276545.0
2017-07-24,100.64,105.55,99.16,105.3,18544980.0,155166125.0
2017-07-25,104.56,104.81,101.25,101.25,12680100.0,106067047.0
2017-07-26,101.25,102.35,100.27,100.64,6778283.0,55853978.0
2017-07-27,101.13,106.16,100.14,104.32,23454681.0,198036296.0
2017-07-28,104.32,104.32,102.11,102.23,13098710.0,110063494.0
2017-07-31,102.48,103.21,101.37,102.23,8004206.0,66702208.0
2017-08-01,102.6,102.6,101.0,102.48,10455047.0,86667523.0
2017-08-02,102.23,102.35,99.65,99.78,12143556.0,99758958.0
2017-08-03,99.41,102.11,99.29,100.02,11098338.0,91155792.0
2017-08-04,100.02,100.88,99.29,99.53,7998199.0,65211060.0
2017-08-07,99.65,101.0,99.65,100.02,6641697.0,54174595.0
2017-08-08,100.27,100.76,99.41,100.27,16977100.0,138432839.0
2017-08-09,100.14,101.37,99.65,100.51,14784451.0,121179779.0
2017-08-10,100.27,102.35,99.41,100.02,15068860.0,123802296.0
2017-08-11,99.16,99.78,98.06,98.06,13466987.0,108595876.0
2017-08-14,98.43,104.32,98.18,101.86,19831896.0,164109757.0
2017-08-15,101.62,104.44,101.25,104.44,25046726.0,210168872.0
2017-08-16,104.07,107.75,103.34,105.67,29922714.0,256923834.0
2017-08-17,105.55,110.94,104.56,109.23,42514740.0,373093941.0
2017-08-18,107.14,110.45,106.4,107.02,26114831.0,229109457.0
2017-08-21,106.65,108.49,106.16,107.14,15495705.0,135154579.0
2017-08-22,107.14,109.96,106.16,107.75,26984127.0,237980114.0
2017-08-23,106.77,107.63,105.05,105.79,17844546.0,154366888.0
2017-08-24,105.55,107.63,105.3,107.26,17400722.0,151079245.0
2017-08-25,107.26,107.88,105.3,107.51,19813389.0,172406952.0
2017-08-28,107.75,109.84,106.89,108.37,25174922.0,222945869.0
2017-08-29,108.37,108.61,105.42,105.67,18953814.0,164795766.0
2017-08-30,105.3,107.26,105.05,105.91,13983880.0,121011332.0
2017-08-31,105.55,106.77,105.42,106.04,11702980.0,101035922.0
2017-09-01,108.0,115.24,107.26,112.79,55130484.0,500193666.0
2017-09-04,111.19,117.2,110.7,115.12,51719573.0,479439515.0
2017-09-05,114.38,116.1,112.91,114.14,23350733.0,217185826.0
2017-09-06,113.77,115.98,113.03,115.49,23808976.0,222358731.0
2017-09-07,116.96,117.69,112.05,112.42,30086832.0,280676594.0
2017-09-08,112.79,114.75,111.56,114.75,18913107.0,173667666.0
2017-09-11,114.63,115.0,113.28,114.5,17580562.0,163478659.0
2017-09-12,114.01,115.49,113.28,115.24,22743730.0,211967115.0
2017-09-13,114.5,115.49,112.42,113.28,20724415.0,191488082.0
2017-09-14,113.4,117.33,112.17,116.59,40384844.0,378751945.0
2017-09-15,116.1,118.19,114.63,115.61,24862263.0,235539220.0
2017-09-18,115.61,115.61,113.52,114.26,15797304.0,147130698.0
2017-09-19,114.75,114.75,109.59,110.09,24364160.0,222775098.0
2017-09-20,110.82,112.66,110.09,111.68,15897229.0,144309898.0
2017-09-21,111.44,112.66,110.33,110.7,12621122.0,114649436.0
2017-09-22,109.59,110.33,108.12,109.1,11157320.0,99398862.0
2017-09-25,109.84,111.44,108.74,109.35,10743845.0,96412049.0
2017-09-26,110.21,111.07,107.75,109.1,10939190.0,97455650.0
2017-09-27,108.86,109.72,108.25,109.23,11949525.0,105986501.0
2017-09-28,109.23,110.82,108.25,110.7,12006360.0,107376383.0
2017-09-29,110.58,115.0,110.58,115.0,26119744.0,240648121.0
2017-10-09,118.8,120.52,114.75,115.61,28943833.0,274493685.0
2017-10-10,115.98,118.31,114.75,116.84,22928120.0,217833655.0
2017-10-11,116.96,116.96,114.14,114.63,18414078.0,173026739.0
2017-10-12,114.14,118.19,113.15,117.69,30854534.0,291991368.0
2017-10-13,117.2,117.82,114.87,115.61,25104581.0,237855342.0
2017-10-16,117.2,119.54,113.03,113.89,38038892.0,361219191.0
2017-10-17,111.68,112.54,109.23,109.59,24976094.0,224603391.0
2017-10-18,109.96,110.58,105.91,106.04,19146623.0,169177193.0
2017-10-19,106.04,106.89,103.58,104.56,14973638.0,127894691.0
2017-10-20,104.56,105.91,103.7,105.79,8454200.0,72389026.0
2017-10-23,105.55,107.26,105.18,105.79,12395700.0,107178537.0
2017-10-24,105.42,106.16,105.05,106.16,8281855.0,71180264.0
2017-10-25,106.16,107.02,105.05,106.4,9164627.0,79197665.0
2017-10-26,107.75,109.47,107.63,108.61,20733319.0,183267491.0
2017-10-27,107.39,108.49,105.42,106.16,14256719.0,124004439.0
2017-10-30,105.55,106.65,101.25,101.74,16957648.0,141646579.0
2017-10-31,101.86,103.09,101.74,102.35,10268856.0,85683341.0
2017-11-01,102.84,106.04,102.6,104.32,18242140.0,154931837.0
2017-11-02,103.7,103.95,101.37,101.5,13933599.0,116133865.0
2017-11-03,101.74,103.09,100.76,101.74,6638551.0,55220987.0
2017-11-06,101.37,102.6,99.53,102.35,10355270.0,85284414.0
2017-11-07,102.6,102.6,100.76,102.48,9926465.0,82169306.0
2017-11-08,102.35,105.67,101.5,103.58,19551499.0,164144318.0
2017-11-09,103.34,104.19,102.6,103.7,10992454.0,92592551.0
2017-11-10,103.95,104.07,101.74,102.11,15178912.0,126657895.0
2017-11-13,102.11,102.35,100.51,101.13,14715824.0,121107940.0
2017-11-14,101.0,101.25,99.78,101.0,11875100.0,97253445.0
2017-11-15,101.0,101.0,99.29,99.29,12098300.0,98442969.0
2017-11-16,99.29,101.13,98.92,99.65,8893200.0,72603438.0
2017-11-17,100.02,100.39,93.39,94.13,17163413.0,135625876.0
2017-11-20,94.25,95.73,94.01,95.6,9432071.0,73008478.0
2017-11-21,95.36,96.34,94.25,94.75,9372964.0,72645716.0
2017-11-22,96.22,99.16,94.99,97.69,17973463.0,142916325.0
2017-11-23,97.2,98.55,95.85,96.09,10402676.0,82594321.0
2017-11-24,95.97,97.32,95.24,96.59,12802724.0,100411449.0
2017-11-27,96.71,97.2,94.38,94.75,7150879.0,55892741.0
2017-11-28,94.99,96.95,94.99,96.83,6465030.0,50710247.0
2017-11-29,96.95,97.08,94.87,96.09,7235597.0,56510770.0
2017-11-30,96.09,96.71,95.11,95.24,5382993.0,41979847.0
2017-12-01,95.24,97.57,94.99,96.71,9433594.0,74362829.0
2017-12-04,97.57,98.67,94.87,95.36,10056089.0,79508912.0
2017-12-05,95.11,96.09,93.15,93.89,9195310.0,70563260.0
2017-12-06,93.89,96.34,93.27,95.85,9410213.0,72683200.0
2017-12-07,95.6,96.59,95.24,95.48,7512134.0,58735615.0
2017-12-08,95.24,97.32,94.87,96.34,10658845.0,83788523.0
2017-12-11,100.14,102.48,98.55,99.9,34384146.0,281836480.0
2017-12-12,101.25,101.25,97.44,97.57,17443126.0,140523408.0
2017-12-13,97.57,99.04,97.08,98.55,9710092.0,77705311.0
2017-12-14,98.3,99.41,97.57,98.8,12075211.0,97050845.0
2017-12-15,98.3,98.67,95.97,96.59,12377893.0,97813617.0
2017-12-18,96.34,96.46,94.01,94.5,10196917.0,79018668.0
2017-12-19,94.87,96.09,94.5,95.48,7230582.0,56276799.0
2017-12-20,95.36,95.36,93.76,94.5,7105136.0,54692299.0
2017-12-21,94.13,95.48,93.52,94.38,7107080.0,54764169.0
2017-12-22,94.38,95.24,94.01,94.38,5512502.0,42548494.0
2017-12-25,94.62,95.11,88.36,90.82,16908649.0,125628528.0
2017-12-26,90.82,91.92,90.45,91.43,6104130.0,45456693.0
2017-12-27,91.43,91.68,89.34,89.47,9122732.0,67219807.0
2017-12-28,91.8,92.41,90.08,90.08,10871936.0,80794369.0
2017-12-29,89.71,91.19,89.22,90.94,7684772.0,56573456.0
2018-01-02,91.55,91.68,90.33,91.43,9758856.0,72460152.0
2018-01-03,91.43,93.89,90.69,93.27,16457284.0,123787664.0
2018-01-04,92.78,92.9,91.43,91.68,12121512.0,90836574.0
2018-01-05,91.55,94.38,91.55,92.78,23148233.0,176100589.0
2018-01-08,93.15,93.15,91.06,92.66,9772828.0,73190537.0
2018-01-09,92.29,92.54,91.31,91.8,6407137.0,47891845.0
2018-01-10,92.17,92.9,90.45,91.31,9816154.0,73151568.0
2018-01-11,91.19,94.62,90.33,93.15,24109158.0,182307215.0
2018-01-12,92.66,94.5,92.41,92.41,14625132.0,111148654.0
2018-01-15,91.8,92.05,88.61,88.61,18609889.0,136329868.0
2018-01-16,87.26,88.98,86.28,87.38,13888700.0,99017049.0
2018-01-17,87.01,88.73,85.54,88.36,15906744.0,113112275.0
2018-01-18,88.24,91.8,88.12,91.31,20482829.0,151288225.0
2018-01-19,90.57,92.66,90.45,91.55,13654112.0,102440921.0
2018-01-22,90.82,94.62,89.96,92.9,16612166.0,125791808.0
2018-01-23,92.9,94.25,92.05,92.66,10024165.0,75831441.0
2018-01-24,92.41,96.59,92.05,95.48,28118504.0,216923234.0
2018-01-25,94.87,103.83,94.87,97.44,50558659.0,411373818.0
2018-01-26,97.44,102.6,97.44,100.51,38356938.0,313977074.0
2018-01-29,99.78,101.5,97.44,99.41,29879215.0,241104895.0
2018-01-30,98.43,99.65,96.46,97.08,17566626.0,139814219.0
2018-01-31,96.83,97.81,92.17,92.9,24294032.0,186958005.0
2018-02-01,93.15,94.25,90.2,90.45,18292000.0,137803912.0
2018-02-02,89.84,99.53,89.34,95.85,32546374.0,253210324.0
2018-02-05,94.62,95.11,89.96,93.27,19920458.0,151134706.0
2018-02-06,91.55,100.76,91.19,96.95,53140918.0,419330940.0
2018-02-07,98.55,103.58,95.11,102.48,71820413.0,584643557.0
2018-02-08,100.76,103.34,100.02,102.6,41906072.0,346958766.0
2018-02-09,99.9,102.48,94.62,99.41,47782141.0,384339049.0
2018-02-12,99.04,107.02,97.94,105.18,53293406.0,448922133.0
2018-02-13,104.19,108.37,103.58,104.81,37546474.0,323656886.0
2018-02-14,104.07,104.56,101.0,101.74,18994460.0,158619079.0
2018-02-22,103.21,106.4,100.88,105.91,28409003.0,241264932.0
2018-02-23,104.81,105.3,101.86,101.99,26347281.0,221173965.0
2018-02-26,103.58,107.26,101.5,107.14,45478998.0,389784945.0
2018-02-27,106.89,111.44,106.04,108.37,49984948.0,442148196.0
2018-02-28,106.77,111.93,106.16,108.0,38897943.0,346865429.0
2018-03-01,108.49,114.14,107.75,114.01,53406718.0,483848453.0
2018-03-02,112.42,115.0,110.82,112.54,35278718.0,323605750.0
2018-03-05,112.66,114.63,111.19,113.77,32401448.0,298481122.0
2018-03-06,113.15,117.2,112.3,114.01,43188601.0,404094478.0
2018-03-07,113.03,113.89,110.45,111.07,25456639.0,231345609.0
2018-03-08,110.7,112.05,108.49,109.72,30101881.0,269755993.0
2018-03-09,109.84,119.78,109.47,117.57,60521746.0,567968831.0
2018-03-12,119.04,124.32,118.55,122.97,51799950.0,515645156.0
2018-03-13,122.97,123.46,118.92,119.66,53311547.0,527492970.0
2018-03-14,120.52,120.89,115.36,115.98,36306910.0,348873994.0
2018-03-15,115.24,117.82,114.01,117.82,36984249.0,349666237.0
2018-03-16,117.2,118.55,112.78,112.91,33464711.0,313546779.0
2018-03-19,112.78,123.95,111.93,121.38,60206865.0,584828846.0
2018-03-20,119.66,120.76,117.2,120.15,24118970.0,233780302.0
2018-03-21,120.27,120.76,114.14,116.22,31304884.0,299609594.0
2018-03-22,116.59,117.57,114.01,115.12,25339927.0,238667008.0
2018-03-23,110.33,112.91,103.58,103.58,41997988.0,370481648.0
2018-03-26,101.5,108.49,100.88,108.0,33842501.0,290509910.0
2018-03-27,109.35,113.77,108.49,112.3,47367729.0,430352053.0
2018-03-28,110.21,113.15,109.23,111.68,31014283.0,281405797.0
2018-03-29,112.05,115.85,110.58,112.91,34267649.0,316577310.0
2018-03-30,114.38,118.31,113.28,117.57,30525681.0,289016581.0
2018-04-02,119.66,120.76,116.47,117.82,36034866.0,347766251.0
2018-04-03,115.61,117.2,111.93,114.87,29558652.0,275227404.0
2018-04-04,115.61,116.22,110.21,110.58,27378855.0,250621193.0
2018-04-09,110.45,114.26,110.45,111.93,21690337.0,198638365.0
2018-04-10,113.89,116.34,112.05,114.38,26678181.0,248098373.0
2018-04-11,114.14,118.8,113.89,117.2,31546931.0,300715460.0
2018-04-12,116.34,119.53,114.75,115.49,25128743.0,240203804.0
2018-04-13,117.57,120.89,115.73,120.27,40457061.0,391855308.0
2018-04-16,119.66,123.58,117.94,121.75,47189497.0,463857642.0
2018-04-17,121.25,122.23,112.42,112.66,45656504.0,431840816.0
2018-04-18,113.52,118.68,111.56,117.94,40019154.0,375083190.0
2018-04-19,117.08,118.43,113.64,113.77,37025816.0,349959228.0
2018-04-20,113.4,116.22,112.17,112.66,32806967.0,305067967.0
2018-04-23,112.91,113.52,104.69,107.51,37422007.0,330922070.0
2018-04-24,105.91,113.89,105.91,113.15,30126178.0,269283578.0
2018-04-25,112.29,115.98,112.05,113.15,29576136.0,274716536.0
2018-04-26,114.14,117.08,112.91,114.26,33857018.0,318475588.0
2018-04-27,115.12,116.83,112.42,116.59,27786149.0,261052625.0
2018-05-02,117.2,118.06,111.44,112.78,24935045.0,232145532.0
2018-05-03,112.91,121.74,111.07,120.64,41089649.0,391120539.0
2018-05-04,119.9,121.13,118.06,118.55,33059905.0,321023707.0
2018-05-07,118.92,124.57,118.31,123.09,49542878.0,494022988.0
2018-05-08,124.44,124.44,119.78,121.62,33133974.0,327882077.0
2018-05-09,121.87,123.22,119.66,121.5,21959604.0,217014422.0
2018-05-10,121.99,125.55,117.94,120.27,40744796.0,403193089.0
2018-05-11,120.03,120.64,115.73,115.98,27830270.0,266726259.0
2018-05-14,115.73,118.06,114.5,116.34,16702833.0,158128931.0
2018-05-15,116.34,119.29,113.89,119.17,22803654.0,217358155.0
2018-05-16,118.43,118.92,114.87,115.12,18252978.0,173925835.0
2018-05-17,114.87,115.85,112.91,114.26,17595839.0,164135682.0
2018-05-18,114.14,115.61,112.91,115.12,16048608.0,149719731.0
2018-05-21,115.98,118.55,115.85,116.71,21178493.0,202563065.0
2018-05-22,117.2,117.45,114.14,116.22,17017994.0,160340988.0
2018-05-23,115.48,115.73,112.17,112.66,21817187.0,202159676.0
2018-05-24,112.66,113.4,110.58,110.94,16137776.0,146958154.0
2018-05-25,110.94,112.05,108.73,109.23,15835201.0,142514939.0
2018-05-28,109.47,109.84,104.32,105.67,25251813.0,219444691.0
2018-05-29,105.3,106.65,101.62,102.6,27946276.0,235992377.0
2018-05-30,101.0,102.11,96.34,96.58,27768115.0,224637072.0
2018-05-31,98.18,98.79,96.34,98.18,21362198.0,170193642.0
2018-06-01,96.95,99.53,93.39,98.3,22662329.0,179909056.0
2018-06-04,98.67,99.28,95.97,96.46,17750718.0,141599166.0
2018-06-05,96.83,100.27,96.71,100.02,18330543.0,147499142.0
2018-06-06,99.78,100.76,98.8,100.64,16230007.0,131914198.0
2018-06-07,99.78,100.14,96.34,96.58,20638710.0,164057598.0
2018-06-08,96.09,96.58,90.82,91.43,27355382.0,207758506.0
2018-06-11,92.17,95.11,91.19,94.38,24797073.0,189452217.0
2018-06-12,94.99,95.73,92.9,94.99,15689332.0,121216964.0
2018-06-13,95.23,96.09,93.15,94.38,12162021.0,94413046.0
2018-06-14,94.13,94.75,92.29,93.03,14134000.0,107807549.0
2018-06-15,92.41,93.89,87.14,88.73,26677493.0,196378253.0
2018-06-19,87.38,89.34,79.89,81.49,27472236.0,189022019.0
2018-06-20,82.23,85.3,81.49,83.94,18462989.0,125309207.0
2018-06-21,83.94,84.93,80.75,81.86,17768749.0,119899763.0
2018-06-22,81.61,84.44,80.39,83.58,18306300.0,124347080.0
2018-06-25,85.17,85.66,81.74,82.47,17807798.0,121726606.0
2018-06-26,80.75,85.79,80.26,85.17,20676781.0,142009642.0
2018-06-27,85.05,85.66,83.33,83.94,16557323.0,113677608.0
2018-06-28,83.94,87.5,83.7,84.56,22852950.0,159214053.0
2018-06-29,84.8,88.98,84.07,88.24,27074497.0,192215919.0
2018-07-02,88.36,88.61,85.42,86.4,18121145.0,128533410.0
2018-07-03,86.77,89.34,85.54,88.0,24307675.0,173142352.0
2018-07-04,87.5,88.24,84.31,84.68,25905388.0,180766921.0
2018-07-05,84.31,86.03,82.72,82.72,16923122.0,116565751.0
2018-07-06,82.72,85.66,82.35,83.58,23170600.0,159169112.0
2018-07-09,83.82,85.91,83.82,85.54,16912199.0,117136731.0
2018-07-10,85.66,85.91,84.44,85.42,12818356.0,89038411.0
2018-07-11,84.07,84.07,78.05,80.51,31770863.0,209747191.0
2018-07-12,80.81,84.16,80.44,83.78,27546827.0,184569102.0
2018-07-13,84.03,85.52,83.17,84.78,17315048.0,117986656.0
2018-07-16,84.65,86.63,84.16,85.15,17868790.0,123326943.0
2018-07-17,85.15,85.77,82.92,84.78,18264162.0,124249158.0
2018-07-18,85.39,85.77,84.16,84.16,16247726.0,111486386.0
2018-07-19,84.28,84.4,81.31,81.68,19383302.0,128732137.0
2018-07-20,81.43,83.78,80.69,83.54,17296595.0,115516499.0
2018-07-23,83.66,85.27,82.8,84.9,23027907.0,156947221.0
2018-07-24,84.9,86.76,83.91,86.51,46969789.0,325910554.0
2018-07-25,87.0,88.12,82.67,83.41,73911414.0,508563355.0
2018-07-26,83.29,83.78,81.93,83.04,34565303.0,231342841.0
2018-07-27,82.67,82.92,80.44,80.44,39344549.0,259866525.0
2018-07-30,80.69,80.81,77.47,78.59,29470233.0,188287745.0
2018-07-31,78.22,79.08,76.61,76.98,24500803.0,153756520.0
2018-08-01,77.35,78.46,75.62,75.62,22075701.0,137624633.0
2018-08-02,75.0,75.0,68.19,71.41,41706145.0,240290821.0
2018-08-03,70.54,71.41,70.17,70.79,18775018.0,107430079.0
2018-08-06,70.67,71.53,69.43,70.05,17626893.0,100715358.0
2018-08-07,70.05,72.28,69.43,72.15,19440259.0,111732380.0
2018-08-08,71.78,72.77,71.16,71.9,18009997.0,104836361.0
2018-08-09,71.16,74.87,70.54,73.88,28073703.0,166812895.0
2018-08-10,73.76,74.13,72.65,73.76,16578947.0,98388413.0
2018-08-13,72.52,74.87,71.41,74.26,23778517.0,140042280.0
2018-08-14,74.5,74.5,72.4,73.02,16826978.0,99547075.0
2018-08-15,73.02,73.27,70.42,70.91,15524437.0,90076837.0
2018-08-16,70.42,71.9,69.31,70.67,14571629.0,83422315.0
2018-08-17,71.41,72.52,69.43,69.68,13680177.0,78637980.0
2018-08-20,69.31,71.66,68.93,71.28,16168553.0,91936924.0
2018-08-21,70.67,74.75,70.67,73.14,26209087.0,155003086.0
2018-08-22,72.15,72.89,71.04,71.53,17774578.0,103207237.0
2018-08-23,71.53,73.14,71.16,72.15,18519264.0,108108107.0
2018-08-24,71.9,72.28,70.91,71.04,14533015.0,83935596.0
2018-08-27,71.66,73.51,70.67,73.14,22472314.0,131933463.0
2018-08-28,73.14,74.13,72.52,73.02,17436453.0,103154833.0
2018-08-29,73.14,73.39,72.28,73.02,13272847.0,78058930.0
2018-08-30,73.02,73.14,70.67,70.67,21179617.0,122322220.0
2018-08-31,70.3,70.79,69.43,69.92,13749564.0,77872324.0
2018-09-03,69.92,70.67,68.31,70.54,16006587.0,89573716.0
2018-09-04,70.67,73.02,70.17,72.4,24140608.0,139924024.0
2018-09-05,71.9,72.89,71.41,71.41,16119812.0,94141788.0
2018-09-06,71.16,73.64,71.04,72.4,22732866.0,133491985.0
2018-09-07,72.15,75.12,72.15,73.39,33133530.0,197254399.0
2018-09-10,73.02,73.14,69.68,69.92,24202612.0,139369943.0
2018-09-11,69.92,71.53,69.68,70.54,12676526.0,72165883.0
2018-09-12,70.54,71.9,70.17,70.79,14131635.0,81227910.0
2018-09-13,71.78,72.77,70.91,72.65,19017285.0,110437947.0
2018-09-14,72.65,74.38,72.15,72.65,28103572.0,166478455.0
2018-09-17,71.9,73.27,70.79,72.89,18254272.0,106505489.0
2018-09-18,72.65,73.64,70.91,73.27,24793569.0,144987077.0
2018-09-19,72.77,73.89,71.53,73.14,30584134.0,179823002.0
2018-09-20,72.77,73.14,72.03,72.28,15577279.0,91155322.0
2018-09-21,72.77,73.64,71.9,73.39,20804262.0,122641509.0
2018-09-25,72.89,73.64,72.15,72.4,16755919.0,98530701.0
2018-09-26,72.4,72.65,69.68,70.17,49198525.0,280556082.0
2018-09-27,69.92,69.92,66.95,67.2,31929963.0,177340573.0
2018-09-28,67.45,67.57,65.1,66.46,30584218.0,163879250.0
2018-10-08,65.34,65.59,63.74,63.86,18736693.0,98215766.0
2018-10-09,64.11,64.73,63.74,64.48,10783189.0,56021806.0
2018-10-10,64.73,64.97,63.86,64.73,13730751.0,71550857.0
2018-10-11,61.76,62.25,58.29,58.29,25986023.0,125638485.0
2018-10-12,56.93,58.04,54.83,56.68,22034424.0,100816746.0
2018-10-15,56.93,58.29,51.11,51.85,42109140.0,183838310.0
2018-10-16,52.23,52.72,50.25,51.11,27550071.0,114963639.0
2018-10-17,51.98,52.23,49.26,51.48,39209615.0,162324263.0
2018-10-18,51.24,51.73,50.0,50.25,27236727.0,111765669.0
2018-10-19,48.88,52.97,48.64,52.6,33886347.0,141254372.0
2018-10-22,52.6,56.31,52.35,54.83,41296439.0,181758500.0
2018-10-23,55.32,55.57,52.72,53.22,30175648.0,131741530.0
2018-10-24,52.85,53.96,52.1,52.47,30334645.0,129793085.0
2018-10-25,50.49,52.35,50.0,52.35,32868164.0,135825638.0
2018-10-26,51.98,56.31,51.98,52.85,48195788.0,208447846.0
2018-10-29,52.47,53.09,50.0,50.49,40208019.0,167105750.0
2018-10-30,50.49,52.6,49.88,51.86,33830880.0,139870753.0
2018-10-31,52.6,52.85,51.48,52.35,36626899.0,154634508.0
2018-11-01,53.22,54.21,52.47,52.6,51235516.0,220561590.0
2018-11-02,53.84,55.94,53.34,55.69,66996355.0,296153481.0
2018-11-05,55.2,56.44,54.21,55.57,52001070.0,232536322.0
2018-11-06,54.83,55.07,53.47,54.83,34608860.0,151828997.0
2018-11-07,54.83,56.06,54.83,55.2,40856410.0,182848664.0
2018-11-08,55.69,56.19,54.45,54.7,27570579.0,122700132.0
2018-11-09,54.33,56.06,54.08,55.2,42276853.0,188079098.0
2018-11-12,55.45,57.8,54.95,57.67,44209281.0,202321259.0
2018-11-13,56.81,61.76,56.44,59.65,76658892.0,364897857.0
