2014-08-01,11.81,14.17,11.81,14.17,52408.0,739653.0
2014-08-04,15.59,15.59,15.59,15.59,14900.0,232291.0
2014-08-05,17.15,17.15,17.15,17.15,14200.0,243530.0
2014-08-06,18.87,18.87,18.87,18.87,38550.0,727439.0
2014-08-07,20.76,20.76,20.76,20.76,85750.0,1780170.0
2014-08-08,22.84,22.84,22.84,22.84,106511.0,2432711.0
2014-08-11,25.12,25.12,25.12,25.12,124013.0,3115207.0
2014-08-12,27.63,27.63,27.63,27.63,2587321.0,71487680.0
2014-08-13,25.8,27.4,24.91,26.0,10522660.0,272239520.0
2014-08-14,26.01,27.3,25.72,26.31,7351384.0,194186448.0
2014-08-15,26.51,26.82,25.51,26.02,4279875.0,111963912.0
2014-08-18,25.93,26.43,25.8,26.19,3797341.0,99209488.0
2014-08-19,26.13,27.16,26.03,26.46,5407386.0,144372560.0
2014-08-20,26.33,29.11,26.02,28.64,9316019.0,260500832.0
2014-08-21,28.03,28.13,26.63,27.09,6378236.0,174522352.0
2014-08-22,26.89,27.29,26.45,26.9,3536659.0,95137200.0
2014-08-25,26.9,27.57,26.81,27.18,3017357.0,82202992.0
2014-08-26,27.01,27.5,26.06,26.2,2980802.0,78831352.0
2014-08-27,26.27,26.45,25.9,26.35,1621094.0,42508308.0
2014-08-28,26.28,27.14,26.19,26.58,2848165.0,76171720.0
2014-08-29,26.34,27.67,26.34,27.23,3379055.0,91612072.0
2014-09-01,27.37,29.79,27.01,29.08,5793205.0,166278752.0
2014-09-02,28.8,29.34,28.61,29.13,4695732.0,136045152.0
2014-09-03,29.06,29.08,28.22,28.75,3394682.0,97083136.0
2014-09-04,28.8,30.45,28.69,29.64,4599339.0,136439648.0
2014-09-05,29.4,29.71,29.28,29.54,2101826.0,61970560.0
2014-09-09,29.6,29.76,28.78,29.16,1846618.0,53769236.0
2014-09-10,29.15,30.59,28.81,30.33,3572840.0,106774704.0
2014-09-11,30.31,31.58,29.72,31.34,4950625.0,152319344.0
2014-09-12,30.98,31.31,30.5,31.0,2229821.0,68902368.0
2014-09-15,30.92,31.3,30.25,30.53,1961811.0,60024692.0
2014-09-16,30.55,30.96,29.02,29.2,2484721.0,74546664.0
2014-09-17,29.21,29.57,28.9,29.47,1293684.0,37903428.0
2014-09-18,29.49,29.65,29.21,29.51,875334.0,25807208.0
2014-09-19,29.6,29.6,28.95,29.34,1236046.0,36233028.0
2014-09-22,29.12,29.22,28.33,28.42,1482678.0,42477872.0
2014-09-23,28.41,29.65,28.41,29.45,1609257.0,46789316.0
2014-09-24,29.18,30.01,29.18,29.95,1897236.0,56272304.0
2014-09-25,29.9,30.34,29.7,30.11,1346788.0,40320328.0
2014-09-26,29.96,30.87,29.86,30.7,1812725.0,55348504.0
2014-09-29,30.9,31.47,30.63,31.44,2266856.0,70548912.0
2014-09-30,31.39,32.39,31.03,32.1,2176913.0,68821776.0
2014-10-08,32.38,32.51,31.51,32.08,1493797.0,47958916.0
2014-10-09,32.36,32.36,31.21,31.62,1589884.0,50488848.0
2014-10-10,31.4,31.85,31.24,31.25,1103068.0,34782400.0
2014-10-13,31.26,31.35,30.52,31.28,1019100.0,31496408.0
2014-10-14,31.0,31.32,30.8,31.0,1013498.0,31477510.0
2014-10-15,31.0,32.19,30.62,31.98,1748998.0,55067436.0
2014-10-16,31.88,32.6,31.25,31.3,1611231.0,51404420.0
2014-10-17,31.18,32.58,30.52,32.38,2349746.0,74385040.0
2014-10-20,32.12,33.33,31.96,32.9,1828926.0,59929100.0
2014-10-21,32.77,35.43,32.62,34.84,3175027.0,108937184.0
2014-10-22,34.42,35.42,34.12,34.57,2557411.0,88948680.0
2014-10-23,34.57,37.59,34.57,35.65,3773993.0,136974064.0
2014-10-24,35.1,37.65,35.0,35.6,3448813.0,126002424.0
2014-10-27,35.51,35.51,32.04,33.05,2396147.0,80264800.0
2014-10-28,33.25,36.36,33.25,36.36,2569642.0,90647616.0
2014-10-29,37.4,37.55,36.33,37.36,3276728.0,120915280.0
2014-10-30,37.0,37.36,36.4,36.6,1975575.0,72761112.0
2014-10-31,36.6,37.99,36.4,37.53,2585670.0,96325416.0
2014-11-03,37.56,39.84,37.25,38.6,2716654.0,104111120.0
2014-11-04,38.79,38.8,37.25,37.26,2005176.0,76161968.0
2014-11-05,37.01,38.02,36.47,37.1,1641058.0,61062948.0
2014-11-06,37.13,39.6,37.11,38.9,1997181.0,76698272.0
2014-11-07,39.01,40.59,38.35,38.64,2366449.0,93602328.0
2014-11-10,38.61,39.6,38.01,39.3,1623294.0,63250632.0
2014-11-11,39.28,43.23,39.06,43.23,5253542.0,220934560.0
2014-11-12,44.8,47.49,44.49,45.3,5581429.0,254642576.0
2014-11-13,43.0,44.5,42.22,42.84,3593492.0,155904000.0
2014-11-14,42.01,42.6,38.56,38.56,3293532.0,130516264.0
2014-11-17,37.52,40.42,37.5,38.78,1845238.0,72356072.0
2014-11-18,38.91,40.63,38.6,39.84,1495539.0,59371244.0
2014-11-19,39.85,40.98,39.48,40.38,1484902.0,59707896.0
2014-11-20,39.51,40.25,39.5,40.11,876982.0,34992896.0
2014-11-21,39.68,41.16,39.68,40.43,1255810.0,51008932.0
2014-11-24,40.5,43.28,40.02,41.41,1732416.0,72038520.0
2014-11-25,41.5,42.66,39.81,40.5,1855507.0,76124032.0
2014-11-26,40.7,41.42,40.21,41.0,1254742.0,51177668.0
2014-11-27,41.4,42.5,41.14,41.92,1600287.0,67162544.0
2014-11-28,41.79,42.49,41.01,41.32,1641700.0,68197016.0
2014-12-01,41.6,43.58,39.88,43.25,2598242.0,108196040.0
2014-12-02,42.8,47.0,42.6,44.79,2858645.0,128265472.0
2014-12-03,44.3,48.5,43.14,47.75,2993608.0,137181424.0
2014-12-04,47.3,47.95,46.5,46.7,1938083.0,91134840.0
2014-12-05,46.23,46.23,42.5,43.53,1996434.0,88049048.0
2014-12-08,42.51,43.53,41.0,41.25,1861093.0,78181832.0
2014-12-09,40.99,41.38,38.01,38.06,1796875.0,70022728.0
2014-12-10,38.11,40.0,38.11,39.55,1158423.0,45474904.0
2014-12-11,39.01,39.84,38.0,39.41,1009013.0,39541792.0
2014-12-12,39.34,39.78,38.83,39.72,751469.0,29614772.0
2014-12-15,40.15,41.4,40.15,40.94,960323.0,39271092.0
2014-12-16,40.94,40.94,39.51,39.7,1058715.0,42275292.0
2014-12-17,39.53,39.53,38.0,38.28,941971.0,36305068.0
2014-12-18,38.28,38.79,37.3,37.48,903954.0,34342668.0
2014-12-19,37.2,37.6,34.53,35.09,1021289.0,36339280.0
2014-12-22,34.6,34.6,31.58,31.76,879647.0,28351376.0
2014-12-23,31.69,33.58,31.68,32.38,673739.0,21941672.0
2014-12-24,32.5,34.58,32.5,34.58,1032302.0,34820184.0
2014-12-25,34.6,34.98,33.66,34.46,803307.0,27455784.0
2014-12-26,34.01,34.6,33.8,33.82,437511.0,14895789.0
2014-12-29,33.6,33.6,31.04,31.86,632951.0,20136236.0
2014-12-30,32.1,32.86,31.6,31.97,579500.0,18619838.0
2014-12-31,32.05,33.38,31.13,32.82,1029476.0,33161714.0
2015-01-05,32.3,32.3,30.38,30.98,771711.0,23961214.0
2015-01-06,30.92,32.49,30.41,32.42,1200073.0,37907504.0
2015-01-07,32.15,32.15,31.37,31.56,707847.0,22419332.0
2015-01-08,31.0,32.25,31.0,31.86,588709.0,18778196.0
2015-01-09,31.8,32.93,31.2,32.18,850848.0,27520124.0
2015-01-12,31.93,32.19,30.6,31.15,582183.0,18238308.0
2015-01-13,31.25,32.0,30.63,31.96,664618.0,20949250.0
2015-01-14,32.0,32.0,30.89,31.25,510287.0,16033814.0
2015-01-15,31.39,31.92,31.25,31.35,510201.0,16089357.0
2015-01-16,31.43,32.32,31.25,32.19,784301.0,25024856.0
2015-01-19,31.93,34.5,31.5,33.0,1503352.0,50012716.0
2015-01-20,33.29,36.3,32.73,36.3,2091177.0,72595936.0
2015-01-21,36.9,37.08,34.9,35.39,1984629.0,70903176.0
2015-01-22,35.47,36.18,35.26,35.55,1172839.0,41880228.0
2015-01-23,35.7,36.06,34.59,34.69,1003567.0,35077004.0
2015-01-26,34.33,35.06,34.33,34.94,642995.0,22368020.0
2015-01-27,35.0,35.15,34.44,34.95,633910.0,22091456.0
2015-01-28,34.77,35.38,34.65,35.04,813272.0,28604206.0
2015-01-29,34.76,34.99,34.3,34.54,479993.0,16585409.0
2015-01-30,34.49,34.53,33.35,33.4,733784.0,24839624.0
2015-02-02,32.8,34.1,32.15,33.66,424064.0,14186012.0
2015-02-03,33.69,34.47,33.63,34.14,493900.0,16860348.0
2015-02-04,34.1,34.49,33.8,33.82,430400.0,14680168.0
2015-02-05,33.94,34.35,33.02,33.75,549810.0,18648294.0
2015-02-06,33.65,33.65,31.89,32.19,529692.0,17267886.0
2015-02-09,32.28,33.0,31.6,32.42,316691.0,10213582.0
2015-02-10,32.4,32.49,32.0,32.45,321930.0,10392281.0
2015-02-11,32.21,32.83,32.1,32.7,332827.0,10805347.0
2015-02-12,33.3,33.3,32.48,33.26,410454.0,13564038.0
2015-02-13,33.38,33.99,33.33,33.7,450837.0,15240701.0
2015-02-16,33.94,34.36,33.52,34.26,413286.0,14046641.0
2015-02-17,34.55,34.66,33.84,34.25,346532.0,11821514.0
2015-02-25,34.3,34.5,33.8,34.07,238992.0,8171531.0
2015-02-26,33.85,34.35,33.72,34.08,271209.0,9254515.0
2015-02-27,34.35,34.35,34.0,34.27,411452.0,14063233.0
2015-03-02,34.28,34.88,34.08,34.87,680065.0,23549504.0
2015-03-03,34.8,34.8,34.18,34.29,588253.0,20290466.0
2015-03-04,34.15,35.86,34.05,35.73,1210437.0,42587244.0
2015-03-05,36.1,36.7,35.02,35.88,1099216.0,39535196.0
2015-03-06,36.0,36.2,34.69,35.02,738857.0,25947802.0
2015-03-09,35.02,35.39,34.03,35.3,405594.0,14077373.0
2015-03-10,35.27,35.43,34.8,35.32,533689.0,18764986.0
2015-03-11,35.32,35.39,34.64,34.9,431330.0,15033937.0
2015-03-12,34.96,34.99,34.0,34.27,457447.0,15763739.0
2015-03-13,34.66,35.41,34.42,35.25,556130.0,19451476.0
2015-03-16,35.29,36.28,35.09,36.25,1081452.0,38720664.0
2015-03-17,36.25,37.38,35.92,37.04,1448250.0,53177076.0
2015-03-18,37.05,37.34,36.54,37.24,1064729.0,39497444.0
2015-03-19,37.3,38.98,37.3,37.96,1348370.0,51316912.0
2015-03-20,38.35,38.65,37.7,38.1,946713.0,36054936.0
2015-03-23,38.11,38.32,37.85,38.32,1017819.0,38814908.0
2015-03-24,38.33,39.99,37.9,39.35,1703801.0,66343072.0
2015-03-25,41.11,43.29,41.11,43.29,2856075.0,121729816.0
2015-03-26,43.05,43.05,40.03,40.3,1954526.0,80733696.0
2015-03-27,40.01,40.01,38.5,39.22,1463571.0,57286248.0
2015-03-30,38.8,39.68,38.8,39.09,837001.0,32725664.0
2015-03-31,39.09,39.55,38.6,39.29,740208.0,28992454.0
2015-04-01,39.4,40.69,39.1,40.18,981340.0,39402188.0
2015-04-02,40.2,41.62,40.2,41.43,1236917.0,50779376.0
2015-04-03,41.16,42.18,40.8,42.0,1273883.0,52966544.0
2015-04-07,42.3,44.03,41.7,43.37,1433458.0,61396476.0
2015-04-08,43.8,43.8,41.13,41.9,1452311.0,61468448.0
2015-04-09,41.4,42.21,38.0,41.0,1050299.0,42501560.0
2015-04-10,40.9,43.12,40.0,42.4,1171566.0,49139984.0
2015-04-13,42.42,44.29,41.55,43.6,1143755.0,49100976.0
2015-04-14,43.58,44.88,42.7,43.52,1200707.0,52249988.0
2015-04-15,42.91,47.87,42.91,46.1,3030227.0,136868432.0
2015-04-16,45.7,50.57,45.0,48.79,2402018.0,116493520.0
2015-04-17,53.0,53.28,47.01,47.5,3447595.0,171457088.0
2015-04-20,47.01,47.01,44.58,44.6,2029105.0,93102408.0
2015-04-21,44.59,47.2,44.5,46.75,1347090.0,62347480.0
2015-04-22,46.76,47.59,46.52,47.4,1258259.0,59318608.0
2015-04-23,47.49,48.5,46.86,47.91,1369944.0,65262520.0
2015-04-24,47.5,47.84,45.8,47.01,994781.0,46716980.0
2015-04-27,47.15,47.98,46.76,47.33,1008830.0,47786224.0
2015-04-28,47.35,47.82,44.74,45.37,942144.0,43363272.0
2015-04-29,45.39,46.95,44.82,46.62,788479.0,36420120.0
2015-04-30,46.43,49.28,46.43,47.82,1555016.0,75014784.0
2015-05-04,48.08,49.48,46.56,49.27,1143022.0,55550080.0
2015-05-05,48.91,51.38,48.91,49.75,1517767.0,76038488.0
2015-05-06,50.66,51.29,49.5,49.6,1012189.0,51019360.0
2015-05-07,49.12,49.12,46.33,46.8,814609.0,39070020.0
2015-05-08,47.81,50.58,47.0,50.31,1113281.0,55136736.0
2015-05-11,50.5,54.73,49.97,53.96,1537477.0,80195128.0
2015-05-12,54.9,54.9,51.0,53.25,1763202.0,93110408.0
2015-05-13,51.79,57.93,51.12,56.0,1898754.0,103922336.0
2015-05-14,57.5,61.6,57.5,61.6,1428706.0,86348376.0
2015-05-15,67.76,67.76,60.88,62.5,3767550.0,243028288.0
2015-05-18,62.23,68.75,61.71,68.75,2255577.0,150242480.0
2015-05-19,71.0,71.97,65.88,69.99,3057723.0,210301504.0
2015-05-20,70.77,76.99,69.0,76.99,3294431.0,244310928.0
2015-05-21,77.32,84.66,75.87,84.66,9610809.0,310294592.0
2015-05-22,89.94,93.02,77.62,87.94,12516305.0,430582816.0
2015-05-25,82.63,88.49,80.12,84.15,7283334.0,244556128.0
2015-05-26,84.45,90.46,84.45,90.04,7508918.0,263597920.0
2015-05-27,91.34,99.05,85.18,99.05,7934119.0,294753184.0
2015-05-28,101.03,108.97,101.03,101.61,10856295.0,460812736.0
2015-05-29,101.33,104.58,91.44,97.75,7318125.0,287261024.0
2015-06-01,95.15,100.4,94.57,96.07,5392024.0,208379360.0
2015-06-02,96.12,97.65,91.72,95.52,5190899.0,195276784.0
2015-06-03,95.55,97.3,93.64,96.07,4176918.0,159464112.0
2015-06-04,96.07,96.9,86.46,88.14,4731887.0,170303904.0
2015-06-05,88.76,91.39,86.51,90.09,3870535.0,138524240.0
2015-06-08,90.89,90.89,82.65,83.03,3579808.0,121497016.0
2015-06-09,82.55,85.03,80.2,83.28,2945593.0,97388552.0
2015-06-10,84.1,87.26,81.95,86.76,3025808.0,102905968.0
2015-06-11,86.48,88.44,86.41,87.28,2783382.0,97306776.0
2015-06-12,87.73,88.14,80.37,85.18,2503152.0,86118648.0
2015-06-15,85.28,86.31,81.38,81.72,2720037.0,90490832.0
2015-06-16,80.12,80.2,75.11,75.79,2608053.0,80506384.0
2015-06-17,75.79,79.57,72.61,79.37,2560873.0,78439688.0
2015-06-18,78.59,80.45,73.86,74.16,2146170.0,66932588.0
2015-06-19,73.61,74.11,66.75,66.75,2244989.0,62257896.0
2015-06-23,66.1,68.86,62.12,68.73,2380442.0,63365600.0
2015-06-24,68.45,70.81,67.85,69.58,2067559.0,57471820.0
2015-06-25,69.73,70.36,62.85,64.62,2012227.0,54416308.0
2015-06-26,62.09,62.3,58.16,58.16,2268793.0,54269904.0
2015-06-29,58.87,60.09,52.35,52.35,2905196.0,63102288.0
2015-06-30,50.33,56.21,47.12,55.28,2854436.0,57626772.0
2015-07-01,56.31,57.59,49.8,50.7,2827879.0,62395464.0
2015-07-02,49.8,51.93,45.65,46.2,2394655.0,46362500.0
2015-07-03,45.34,48.75,41.59,41.89,2675498.0,46711060.0
2015-07-06,46.07,46.07,37.83,39.23,2764932.0,46762548.0
2015-07-07,37.28,37.53,35.3,35.3,1521950.0,21741182.0
2015-07-08,31.77,38.28,31.77,36.78,6304484.0,84084128.0
2015-07-09,34.13,40.46,34.03,40.46,3336572.0,51779284.0
2015-07-10,42.56,44.52,41.31,44.52,751468.0,13058956.0
2015-07-13,48.98,48.98,47.57,48.98,3511409.0,68350032.0
2015-07-14,50.1,53.71,49.6,50.35,6074466.0,125198080.0
2015-07-15,48.32,48.32,45.32,45.32,2763170.0,51195980.0
2015-07-16,45.32,49.28,40.86,47.65,3708271.0,68658000.0
2015-07-17,47.72,51.45,47.7,50.35,2617157.0,51895168.0
2015-07-20,49.98,52.48,49.12,51.08,2907845.0,59275284.0
2015-07-21,49.58,52.91,49.55,52.05,2393232.0,49010164.0
2015-07-22,51.93,52.83,50.08,51.95,2181974.0,45070124.0
2015-07-23,51.35,56.31,50.95,55.34,3193469.0,68596848.0
2015-07-24,55.11,57.84,52.86,53.53,3699932.0,82847472.0
2015-07-27,52.05,55.06,48.17,48.17,2476784.0,51451316.0
2015-07-28,43.57,47.82,43.37,43.62,2241282.0,40175532.0
2015-07-29,45.4,47.97,43.64,47.97,2404938.0,44041972.0
2015-07-30,49.2,52.78,43.17,51.33,4022957.0,81407040.0
2015-07-31,49.95,54.96,48.45,53.08,4248924.0,88232456.0
2015-08-03,53.21,53.21,47.77,48.55,3091827.0,61634200.0
2015-08-04,47.57,53.41,47.57,53.38,2641881.0,53711940.0
2015-08-05,53.36,56.29,52.26,54.88,3380686.0,73187400.0
2015-08-06,52.08,53.81,50.75,51.85,2263130.0,47338400.0
2015-08-07,51.85,53.81,51.85,53.61,2264179.0,48084208.0
2015-08-10,53.73,56.54,52.71,56.06,2723821.0,59767992.0
2015-08-11,55.84,59.64,54.98,58.52,4321590.0,98552696.0
2015-08-12,58.49,62.35,55.89,56.61,4525437.0,107269856.0
2015-08-13,57.56,59.79,54.33,59.59,3984917.0,90504176.0
2015-08-14,60.54,61.32,57.59,59.52,4323540.0,102131240.0
2015-08-17,59.59,60.82,58.44,59.59,3636201.0,86517240.0
2015-08-18,60.34,62.55,53.63,53.63,3965471.0,92611488.0
2015-08-19,52.08,58.99,48.27,55.79,4167660.0,88703776.0
2015-08-20,56.54,56.54,51.7,52.56,2688140.0,58944676.0
2015-08-21,50.4,52.03,47.47,47.7,1840953.0,36238472.0
2015-08-24,45.07,45.07,42.94,42.94,922850.0,15906524.0
2015-08-25,38.66,39.99,38.66,38.66,1314000.0,20362822.0
2015-08-26,38.43,40.01,34.8,35.3,2614393.0,38765748.0
2015-08-27,36.21,37.28,32.55,36.51,1899839.0,27017926.0
2015-08-28,37.51,40.16,36.56,40.16,2847689.0,43473772.0
2015-08-31,40.01,43.52,38.11,40.89,3476959.0,56011456.0
2015-09-01,40.06,41.26,36.81,36.81,2101289.0,32942972.0
2015-09-02,33.88,38.81,33.88,34.18,1392769.0,19824446.0
2015-09-07,35.8,37.06,34.73,35.45,1194589.0,16976394.0
2015-09-08,34.55,38.96,34.43,38.31,1404480.0,20565514.0
2015-09-09,38.36,40.31,38.33,39.64,2607355.0,40987844.0
2015-09-10,39.31,39.64,37.58,37.93,2138455.0,33074940.0
2015-09-11,37.68,39.49,37.56,39.21,1675769.0,25720784.0
2015-09-14,40.46,40.46,35.28,35.28,1722199.0,25799302.0
2015-09-15,33.78,34.93,31.75,31.75,1712621.0,22593230.0
2015-09-16,32.5,34.93,31.5,34.8,1643527.0,21889160.0
2015-09-17,34.8,36.53,33.8,34.5,2179003.0,30587410.0
2015-09-18,34.28,35.3,32.93,34.55,1435741.0,19594004.0
2015-09-21,34.75,36.43,34.1,36.26,1923890.0,27284460.0
2015-09-22,36.43,37.38,35.8,36.68,2042975.0,29800078.0
2015-09-23,35.83,36.81,35.23,36.18,1794642.0,25846070.0
2015-09-24,36.21,37.78,36.21,37.76,2370329.0,35226688.0
2015-09-25,37.66,37.66,34.5,34.93,1562052.0,22498590.0
2015-09-28,34.93,37.06,34.25,36.63,1084329.0,15534531.0
2015-09-29,35.93,36.28,34.8,35.53,954939.0,13577374.0
2015-09-30,35.55,39.09,35.55,37.23,2344457.0,35048044.0
2015-10-08,38.26,40.06,37.28,39.46,2656678.0,41182212.0
2015-10-09,38.96,40.01,38.46,39.69,2068158.0,32394120.0
2015-10-12,39.81,42.09,39.81,41.79,2165962.0,35597900.0
2015-10-13,42.14,42.47,41.06,41.91,1833723.0,30454480.0
2015-10-14,41.49,42.89,40.81,41.19,1730661.0,29024468.0
2015-10-15,40.86,42.82,40.31,42.79,2341659.0,39422108.0
2015-10-16,42.84,43.87,41.26,43.27,2507642.0,42862176.0
2015-10-19,43.82,44.69,42.19,43.07,2574217.0,44565432.0
2015-10-20,43.04,44.87,42.56,44.79,2835215.0,49715048.0
2015-10-21,44.79,45.27,40.31,40.31,3930301.0,66829528.0
2015-10-22,39.94,44.32,39.06,43.32,3353693.0,56543724.0
2015-10-23,43.47,45.47,43.47,44.97,2856814.0,50812188.0
2015-10-26,45.82,49.48,43.57,49.23,5633947.0,104438952.0
2015-10-27,48.52,52.28,45.07,51.15,6886362.0,135927200.0
2015-10-28,50.83,52.41,47.57,48.47,4333009.0,85652408.0
2015-10-29,49.45,51.13,47.7,48.58,3084450.0,60703892.0
2015-10-30,48.7,49.45,46.45,47.45,2656889.0,50818712.0
2015-11-02,47.32,48.8,45.7,46.75,2461506.0,46739120.0
2015-11-03,47.07,47.65,46.0,46.47,2150860.0,40123692.0
2015-11-04,46.77,50.23,46.77,50.13,4146600.0,81319376.0
2015-11-05,50.35,51.3,48.77,49.53,3673994.0,73159840.0
2015-11-06,49.45,51.98,49.25,51.15,3969625.0,81042032.0
2015-11-09,50.28,53.53,49.83,53.38,4977820.0,103723800.0
2015-11-10,56.24,56.24,51.58,52.58,4576908.0,97988320.0
2015-11-11,51.95,55.91,51.95,55.89,4409035.0,94937656.0
2015-11-12,55.66,59.54,54.28,58.34,6173961.0,139953056.0
2015-11-13,56.84,57.59,52.83,53.38,4569240.0,101369760.0
2015-11-16,50.83,54.86,50.83,54.68,3101692.0,65319468.0
2015-11-17,54.91,56.34,51.33,52.03,4978455.0,107830864.0
2015-11-18,52.03,52.48,50.03,50.08,2590641.0,52940308.0
2015-11-19,49.83,52.56,49.83,52.23,2561191.0,52357656.0
2015-11-20,52.26,53.48,51.73,52.83,2782530.0,58516240.0
2015-11-23,52.58,55.53,52.38,53.08,4060964.0,87606576.0
2015-11-24,53.26,55.63,52.43,55.38,3675253.0,79649296.0
2015-11-25,55.34,56.84,54.63,56.66,4578488.0,102562576.0
2015-11-26,56.66,57.59,54.88,55.23,4248784.0,95359384.0
2015-11-27,55.06,56.79,49.78,50.45,4578560.0,99084128.0
2015-11-30,50.83,52.3,45.87,51.38,4055215.0,80998152.0
2015-12-01,51.33,52.2,49.63,51.78,2549283.0,52054860.0
2015-12-02,51.8,51.8,47.62,49.85,1912564.0,38024188.0
2015-12-03,49.7,51.91,49.7,51.91,2140785.0,43646704.0
2015-12-04,52.01,55.13,51.1,53.58,4137020.0,87943968.0
2015-12-07,53.83,55.28,53.38,55.13,3716307.0,80885424.0
2015-12-08,55.03,56.16,52.96,53.48,4319217.0,94394976.0
2015-12-09,53.08,54.53,52.83,54.33,2945135.0,63275648.0
2015-12-10,54.11,55.08,53.63,54.18,3317389.0,72307904.0
2015-12-11,53.38,54.03,51.33,51.38,2962129.0,61647452.0
2015-12-14,50.3,53.58,50.08,53.46,1819971.0,37512924.0
2015-12-15,53.58,54.91,53.58,54.41,1924583.0,41741400.0
2015-12-16,54.58,57.49,54.36,56.04,5953509.0,133765176.0
2015-12-17,56.76,58.04,56.14,57.21,5906994.0,134484336.0
2015-12-18,57.21,58.99,56.66,57.56,4804926.0,110639120.0
2015-12-21,57.11,58.52,56.71,58.06,3360590.0,77411176.0
2015-12-22,58.59,60.57,58.26,59.74,4602569.0,109539112.0
2015-12-23,59.79,60.09,57.84,59.22,4331934.0,102007952.0
2015-12-24,59.84,62.27,59.47,60.72,7937146.0,193774960.0
2015-12-25,59.84,60.42,58.47,58.89,4467575.0,105710096.0
2015-12-28,58.14,59.82,55.96,56.09,3641252.0,84584560.0
2015-12-29,55.16,56.21,53.83,56.09,3035452.0,66712096.0
2015-12-30,56.26,57.54,55.86,57.54,2265120.0,51468216.0
2015-12-31,57.54,58.74,55.48,55.59,2084966.0,47220944.0
2016-01-04,55.08,55.81,50.03,50.03,2022600.0,42950808.0
2016-01-05,45.07,49.02,45.02,46.57,3857442.0,71878608.0
2016-01-06,46.35,48.3,46.32,48.05,2775120.0,52469996.0
2016-01-07,47.55,47.57,43.24,43.24,452600.0,8131539.0
2016-01-08,44.12,46.15,40.36,43.49,2736519.0,47398864.0
2016-01-11,42.79,42.94,39.13,39.13,2403304.0,39488720.0
2016-01-12,39.59,41.29,38.13,40.36,1958912.0,31227726.0
2016-01-13,40.21,41.26,39.36,39.74,1669598.0,27046102.0
2016-01-14,38.08,42.31,37.28,41.94,1775332.0,28739042.0
2016-01-15,41.46,43.12,39.84,40.36,2227718.0,37132668.0
2016-01-18,38.83,42.77,38.73,41.56,1899637.0,31177402.0
2016-01-19,40.84,43.52,40.56,43.32,2378444.0,40047676.0
2016-01-20,42.72,44.02,42.09,43.39,2292410.0,39564596.0
2016-01-21,43.07,44.02,39.64,40.79,2013477.0,34410840.0
2016-01-22,41.56,42.22,39.61,41.94,1191131.0,19612298.0
2016-01-25,41.99,42.97,41.61,42.39,1032103.0,17508138.0
2016-01-26,41.76,42.89,38.16,38.18,1902649.0,31041008.0
2016-01-27,38.36,39.21,35.05,37.28,2015472.0,29760016.0
2016-01-28,36.68,37.06,34.9,35.05,1580312.0,22831948.0
2016-01-29,35.55,36.98,33.83,36.46,1380144.0,19879718.0
2016-02-01,36.46,37.18,35.4,36.63,1168114.0,16809954.0
2016-02-02,36.38,38.43,36.13,37.96,1585769.0,23864478.0
2016-02-03,37.33,38.63,36.81,38.16,1322927.0,19820958.0
2016-02-04,38.53,39.74,37.96,39.48,1635286.0,25644010.0
2016-02-05,39.59,40.04,38.56,38.56,1163073.0,18227424.0
2016-02-15,37.31,39.56,36.31,39.36,1678285.0,25522702.0
2016-02-16,39.38,41.19,39.38,41.09,1818030.0,29484684.0
2016-02-17,41.09,42.14,40.54,41.89,1898670.0,31284524.0
2016-02-18,41.76,42.54,41.14,41.46,1546100.0,25870612.0
2016-02-19,40.74,42.31,40.74,41.81,1307900.0,21739928.0
2016-02-22,42.19,43.27,42.11,42.64,1533136.0,26031510.0
2016-02-23,43.37,43.37,41.51,42.16,1721852.0,29166428.0
2016-02-24,42.14,42.66,40.79,42.09,1731882.0,28947794.0
2016-02-25,42.11,42.29,37.88,37.93,2352180.0,37174408.0
2016-02-26,37.88,38.68,36.31,37.41,1478433.0,22270746.0
2016-02-29,37.31,37.31,33.68,34.3,1717556.0,23873938.0
2016-03-01,34.33,36.51,33.73,35.95,1472932.0,20703472.0
2016-03-02,35.63,38.01,35.63,37.86,1262988.0,18630184.0
2016-03-03,37.81,39.91,37.66,39.91,2363517.0,36551600.0
2016-03-04,40.19,40.19,36.56,37.98,2020303.0,31060770.0
2016-03-07,37.66,39.81,37.66,39.19,2064594.0,32263778.0
2016-03-08,39.16,39.96,36.31,39.81,1581250.0,24263438.0
2016-03-09,39.26,39.66,37.96,38.43,823256.0,12763855.0
2016-03-10,38.06,39.21,37.93,38.28,906172.0,13935301.0
2016-03-11,37.93,38.43,37.31,38.26,716081.0,10805223.0
2016-03-14,38.86,40.71,38.46,39.76,2261138.0,36058972.0
2016-03-15,39.76,43.34,39.28,42.97,3780090.0,61833236.0
2016-03-16,41.74,43.19,40.84,41.01,3346301.0,55981052.0
2016-03-17,41.11,42.77,40.51,42.31,3221988.0,53785360.0
2016-03-18,42.27,44.27,41.96,43.67,3120405.0,53846664.0
2016-03-21,43.94,45.49,43.59,44.32,2807539.0,49810368.0
2016-03-22,43.72,48.75,42.81,48.12,6812410.0,125534584.0
2016-03-23,46.35,47.27,45.82,47.02,4792162.0,89117272.0
2016-03-24,46.77,46.77,44.57,44.59,3348082.0,61133668.0
2016-07-18,49.05,49.05,49.05,49.05,138750.0,2715338.0
2016-07-19,53.96,53.96,53.96,53.96,141009.0,3035924.0
2016-07-20,59.35,59.35,57.9,59.35,7000846.0,165720811.0
2016-07-21,60.15,61.91,58.22,60.5,16641188.0,397839478.0
2016-07-22,60.45,60.6,55.64,56.29,10743438.0,248404398.0
2016-07-25,56.37,56.37,52.88,53.39,6607643.0,143238610.0
2016-07-26,53.39,55.37,53.16,54.64,4521339.0,98512416.0
2016-07-27,54.66,55.14,49.63,51.41,5702394.0,118635376.0
2016-07-28,51.03,53.21,50.35,53.21,3724276.0,77091024.0
2016-07-29,52.88,54.24,52.06,52.36,2640578.0,56131753.0
2016-08-01,51.38,52.13,49.9,50.5,1986212.0,40157885.0
2016-08-02,50.33,52.01,50.33,52.01,2004364.0,41012253.0
2016-08-03,52.01,52.84,51.13,51.61,2095113.0,43169829.0
2016-08-04,51.58,54.49,51.43,53.76,3036541.0,64198632.0
2016-08-05,52.94,53.64,51.73,51.76,2406108.0,50352527.0
2016-08-08,51.96,51.96,49.0,50.23,2080982.0,41525623.0
2016-08-09,50.25,50.88,50.03,50.75,1315838.0,26510423.0
2016-08-10,50.53,51.31,50.13,50.5,1448688.0,29383713.0
2016-08-11,50.75,50.75,49.02,49.1,1768826.0,35164940.0
2016-08-12,49.1,49.93,48.82,49.65,1153878.0,22738641.0
2016-08-15,49.08,52.11,49.08,51.05,2320130.0,46842131.0
2016-08-16,51.16,51.96,50.75,50.78,1706682.0,35030999.0
2016-08-17,50.68,51.91,50.68,51.31,1615622.0,33126074.0
2016-08-18,51.61,51.76,51.03,51.38,1633059.0,33449753.0
2016-08-19,51.26,51.63,50.63,50.98,1454736.0,29549541.0
2016-08-22,51.08,51.51,49.95,50.03,1499987.0,30415213.0
2016-08-23,50.33,50.75,49.38,50.33,1044642.0,20975398.0
2016-08-24,50.18,51.33,50.18,50.8,980014.0,19820267.0
2016-08-25,50.65,50.7,49.02,50.4,1101164.0,21886911.0
2016-08-26,50.33,51.98,50.08,51.63,2448214.0,50073886.0
2016-08-29,51.76,56.24,51.43,55.64,5303960.0,114672654.0
2016-08-30,55.14,55.14,53.39,54.09,2958552.0,63944873.0
2016-08-31,53.16,54.72,52.88,52.96,2036400.0,43501398.0
2016-09-01,53.01,53.76,52.33,52.56,1662000.0,35169475.0
2016-09-02,52.33,54.97,52.01,52.88,1339500.0,28421819.0
2016-09-05,52.76,53.11,51.48,51.63,1779417.0,36968985.0
2016-09-06,51.38,52.01,50.05,51.93,2081150.0,42276008.0
2016-09-07,51.98,53.06,51.71,52.06,1942856.0,40633666.0
2016-09-08,57.27,57.27,56.64,57.27,4580546.0,104635687.0
2016-09-09,58.85,61.36,57.67,58.77,13521988.0,320792819.0
2016-09-12,56.29,56.34,53.79,54.01,6932715.0,152385321.0
2016-09-13,54.64,55.02,53.09,53.66,4260481.0,91775141.0
2016-09-14,52.84,53.41,52.06,53.19,2747577.0,57822905.0
2016-09-19,52.63,54.09,52.63,53.56,1976712.0,42241474.0
2016-09-20,53.59,54.01,52.88,52.94,2332526.0,49742932.0
2016-09-21,52.36,53.24,52.26,52.38,2439485.0,51269138.0
2016-09-22,52.63,53.46,52.38,52.63,2179548.0,45954171.0
2016-09-23,52.86,57.9,52.86,57.9,8614067.0,193989856.0
2016-09-26,59.15,59.53,55.14,55.14,9917517.0,226086487.0
2016-09-27,54.06,55.09,52.33,55.02,5891073.0,126200461.0
2016-09-28,54.64,60.53,54.39,60.53,9030381.0,212111642.0
2016-09-29,62.28,66.59,61.73,64.67,21853742.0,559873097.0
2016-09-30,63.59,71.13,63.44,71.13,23273345.0,631896419.0
2016-10-10,71.86,71.88,64.61,68.98,19737797.0,536960598.0
2016-10-11,67.72,71.13,66.87,69.2,18805565.0,519490408.0
2016-10-12,67.07,68.5,65.42,67.42,12136568.0,322432819.0
2016-10-13,66.67,69.08,66.04,68.75,11455665.0,308220714.0
2016-10-14,67.85,68.02,65.12,65.77,8787504.0,232985351.0
2016-10-17,65.97,68.8,63.91,68.37,11204507.0,297921181.0
2016-10-18,67.57,75.22,67.17,75.22,21130736.0,609624373.0
2016-10-19,74.34,76.12,71.98,72.28,15475322.0,453832652.0
2016-10-20,71.43,73.41,69.78,70.91,10258809.0,292603705.0
2016-10-21,70.91,71.06,67.8,68.88,7971368.0,220286839.0
2016-10-24,68.88,71.93,68.22,70.35,10214481.0,287632967.0
2016-10-25,69.78,70.33,67.67,68.88,8176350.0,224860624.0
2016-10-26,68.67,71.11,68.3,68.9,6518221.0,180677775.0
2016-10-27,68.67,69.08,67.17,69.05,5222417.0,141595649.0
2016-10-28,68.93,72.44,68.45,69.48,11045975.0,312032349.0
2016-10-31,66.92,67.07,62.53,62.53,10127412.0,255852438.0
2016-11-01,61.86,64.59,61.48,64.11,7246244.0,183949557.0
2016-11-02,64.31,64.31,61.91,62.33,5312827.0,133223561.0
2016-11-03,62.28,65.02,61.28,63.11,7195497.0,182443368.0
2016-11-04,62.48,64.79,62.46,63.49,4336064.0,109926994.0
2016-11-07,63.16,65.57,62.71,65.07,6455388.0,166144948.0
2016-11-08,65.54,67.47,64.61,65.07,6455261.0,169977835.0
2016-11-09,64.52,65.07,61.78,64.06,5174900.0,131587189.0
2016-11-10,64.39,65.99,63.84,65.37,4658695.0,120703950.0
2016-11-11,65.14,65.37,64.16,64.84,3165259.0,81645951.0
2016-11-14,64.79,66.09,64.24,65.79,3798775.0,99386723.0
2016-11-15,66.17,66.42,64.89,65.59,3128098.0,81591525.0
2016-11-16,65.59,66.84,65.27,66.09,4436284.0,116937358.0
2016-11-17,66.09,66.09,64.29,64.54,2618114.0,67847023.0
2016-11-18,64.56,65.62,63.91,64.01,2052000.0,52981649.0
2016-11-21,63.91,65.12,63.69,64.84,2204619.0,56889166.0
2016-11-22,65.17,68.65,64.92,68.3,6324036.0,168738652.0
2016-11-23,67.17,69.6,66.92,67.65,5767485.0,157119524.0
2016-11-24,67.2,69.55,67.2,69.15,5611879.0,153623967.0
2016-12-05,63.91,66.82,62.23,62.23,4415457.0,111716483.0
2016-12-06,60.78,62.23,58.9,59.78,3747629.0,89962493.0
2016-12-07,60.13,60.38,59.13,60.23,2046645.0,48996341.0
2016-12-08,60.63,60.63,58.8,58.85,2464965.0,58832874.0
2016-12-09,58.85,60.8,58.75,60.4,2304926.0,54978364.0
2016-12-12,60.45,60.78,54.36,54.36,4054205.0,90790548.0
2016-12-13,53.64,53.99,50.88,53.26,2679564.0,56291718.0
2016-12-14,53.26,54.39,51.66,52.84,2671886.0,56371894.0
2016-12-15,52.38,54.56,51.88,53.01,2055944.0,43699231.0
2016-12-16,53.26,54.39,52.43,54.11,2104477.0,45070559.0
2016-12-19,53.89,55.06,53.64,54.34,1898615.0,41187794.0
2016-12-20,54.49,55.34,54.14,54.69,1807691.0,39496456.0
2016-12-21,54.39,56.39,54.34,56.12,1887719.0,41816874.0
2016-12-22,55.72,57.02,55.47,55.54,1680324.0,37679971.0
2016-12-23,55.54,55.79,52.63,52.71,2275569.0,48831745.0
2016-12-26,52.68,55.09,51.63,54.66,1927995.0,40984886.0
2016-12-27,54.97,56.39,54.61,54.74,1836768.0,40650646.0
2016-12-28,54.74,56.95,54.74,55.27,2538200.0,56718163.0
2016-12-29,55.29,56.27,54.39,54.69,1797745.0,39849306.0
2016-12-30,54.61,55.62,53.96,54.69,1314508.0,28790859.0
2017-01-03,54.94,57.62,54.94,56.77,3179471.0,71766446.0
2017-01-04,57.45,62.46,56.8,61.41,6842537.0,165616696.0
2017-01-05,60.83,61.28,58.9,59.38,3395522.0,81046192.0
2017-01-06,59.35,61.38,58.83,59.45,2627706.0,62942458.0
2017-01-09,59.85,60.08,57.97,59.75,1691375.0,39905104.0
2017-01-10,59.33,60.33,58.92,59.35,1336065.0,31790141.0
2017-01-11,59.63,59.63,57.82,57.82,1232571.0,28778800.0
2017-01-12,58.0,58.0,54.72,55.47,1841079.0,41381538.0
2017-01-13,55.47,56.7,54.64,55.19,1664799.0,37077561.0
2017-01-16,55.19,55.22,49.68,49.68,5025818.0,101059413.0
2017-01-17,46.57,48.88,44.81,48.1,4792910.0,89787844.0
2017-01-18,47.52,47.52,45.74,45.99,2785751.0,51666029.0
2017-01-19,45.62,46.69,44.89,46.17,1916021.0,35196144.0
2017-01-20,46.17,47.42,45.16,46.87,2130258.0,39799442.0
2017-01-23,47.5,48.6,46.99,48.17,1697125.0,32561839.0
2017-01-24,48.27,48.75,46.44,46.77,1626396.0,30808363.0
2017-01-25,46.74,47.85,46.67,47.62,1469187.0,27861480.0
2017-01-26,47.67,48.12,46.02,48.0,1555477.0,29480902.0
2017-02-03,48.02,48.5,47.52,47.77,1159682.0,22195482.0
2017-02-06,47.6,48.62,47.52,48.6,1649638.0,31667266.0
2017-02-07,48.4,48.7,48.05,48.27,1456241.0,28085727.0
2017-02-08,48.88,51.53,47.65,49.8,2643939.0,52040908.0
2017-02-09,49.38,51.08,49.15,50.6,2587735.0,51873805.0
2017-02-10,50.88,51.86,50.08,50.13,2593756.0,52596077.0
2017-02-13,50.03,51.03,49.28,50.93,1749409.0,35192302.0
2017-02-14,50.98,51.28,50.35,50.8,1316742.0,26647279.0
2017-02-15,50.63,51.68,49.8,50.0,1899742.0,38564514.0
2017-02-16,50.08,50.58,49.4,50.0,980240.0,19548156.0
2017-02-17,49.78,50.5,48.3,48.52,1820696.0,35712761.0
2017-02-20,48.83,49.75,47.7,49.45,1808161.0,35132019.0
2017-02-21,49.58,51.38,49.58,50.78,2141305.0,43386374.0
2017-02-22,50.78,53.39,50.73,51.28,2791369.0,57846769.0
2017-02-23,51.46,52.76,51.08,51.51,2738680.0,56631846.0
2017-02-24,52.26,52.71,51.16,51.73,1649903.0,34201992.0
2017-02-27,52.38,52.56,51.41,51.53,1582985.0,32822401.0
2017-02-28,51.86,52.16,50.78,51.41,1250231.0,25599945.0
2017-03-01,51.66,52.06,51.21,51.56,1578992.0,32464020.0
2017-03-02,51.81,53.09,51.46,51.78,2318404.0,48354464.0
2017-03-03,52.01,53.26,51.38,52.84,2441434.0,51162629.0
2017-03-06,52.53,55.14,52.46,55.14,3278304.0,71190607.0
2017-03-07,55.57,56.34,54.11,54.69,2222459.0,48792148.0
2017-03-08,54.51,56.07,54.39,54.94,2402002.0,52909369.0
2017-03-09,54.94,56.02,53.41,55.52,2287269.0,50501269.0
2017-03-10,55.87,55.99,54.44,54.59,1940217.0,42781215.0
2017-03-13,54.59,55.09,54.14,54.74,1435846.0,31257023.0
2017-03-14,55.02,55.02,53.66,54.14,1649055.0,35716332.0
2017-03-15,54.21,54.44,53.74,54.19,1242171.0,26837014.0
2017-03-16,54.84,56.44,54.46,56.34,2403269.0,53471608.0
2017-03-17,56.44,56.97,55.74,55.99,2306441.0,51952243.0
2017-03-20,55.82,57.27,55.54,56.19,2129959.0,47799157.0
2017-03-21,56.19,58.2,55.94,57.75,2754366.0,63185736.0
2017-03-22,57.75,57.95,56.17,56.74,2388591.0,54305581.0
2017-03-23,56.77,57.32,55.59,56.9,1837843.0,41395034.0
2017-03-24,57.17,57.4,56.29,56.65,1571701.0,35665842.0
2017-03-27,57.17,57.17,55.59,55.64,1994952.0,44740940.0
2017-03-28,56.29,56.29,54.91,55.29,1283320.0,28408582.0
2017-03-29,55.09,56.02,54.56,54.91,1682770.0,37104660.0
2017-03-30,55.09,55.54,53.79,54.44,2517512.0,54956246.0
2017-03-31,55.04,56.04,53.66,55.22,1440225.0,31510945.0
2017-04-05,55.29,57.37,55.29,56.92,2332671.0,52599581.0
2017-04-06,57.55,57.67,56.19,57.0,2067926.0,46816598.0
2017-04-07,57.02,57.02,55.99,56.17,1318004.0,29604824.0
2017-04-10,56.09,56.65,51.48,51.76,2280540.0,49186520.0
2017-04-11,51.91,52.36,49.65,50.8,2074129.0,41950203.0
2017-04-12,51.2,52.23,50.48,50.9,1249174.0,25639579.0
2017-04-13,51.55,51.7,50.73,51.13,788782.0,16141499.0
2017-04-14,51.15,51.4,50.3,50.78,839325.0,16982223.0
2017-04-17,50.4,50.4,46.59,47.47,1365322.0,26142462.0
2017-04-18,47.49,48.87,47.17,47.59,704382.0,13406241.0
2017-04-19,47.47,47.47,45.39,47.29,1147372.0,21130202.0
2017-04-20,46.59,47.77,46.59,47.49,1105876.0,20898587.0
2017-04-21,47.57,48.14,47.37,47.52,888375.0,16940033.0
2017-04-24,47.49,47.49,44.86,45.61,891267.0,16313735.0
2017-04-25,46.39,46.39,45.13,45.69,788790.0,14339201.0
2017-04-26,45.19,45.99,45.16,45.69,647500.0,11781367.0
2017-04-27,45.76,46.39,44.13,46.06,937351.0,16938171.0
2017-04-28,46.06,49.17,45.66,48.02,1524701.0,29153869.0
2017-05-02,47.67,48.9,47.67,48.49,826083.0,15879602.0
2017-05-03,48.22,49.05,47.77,48.19,797300.0,15324596.0
2017-05-04,48.19,48.77,47.84,48.17,841458.0,16209108.0
2017-05-05,47.92,48.14,46.09,46.09,1005400.0,18874698.0
2017-05-08,46.87,46.87,44.41,44.51,725482.0,13172472.0
2017-05-09,44.51,45.39,43.66,44.94,881922.0,15743746.0
2017-05-10,44.94,45.56,43.66,43.66,767300.0,13665696.0
2017-05-11,43.73,43.73,41.4,42.88,1191032.0,20132937.0
2017-05-12,43.13,43.63,42.35,43.05,783250.0,13442701.0
2017-05-15,43.05,43.61,42.8,42.83,502758.0,8637710.0
2017-05-16,42.98,45.61,41.52,45.31,1384329.0,24282934.0
2017-05-17,44.88,46.62,44.13,46.09,1627573.0,29665683.0
2017-05-18,45.89,46.51,45.16,46.04,959400.0,17509277.0
2017-05-19,46.04,46.46,44.88,45.51,816900.0,14874489.0
2017-05-22,44.91,45.39,43.13,43.71,767600.0,13554661.0
2017-05-23,43.15,43.15,39.34,40.7,2528550.0,41104776.0
2017-05-24,40.32,40.37,38.49,39.64,1974535.0,30920926.0
2017-05-25,39.54,39.69,37.19,38.94,1291947.0,19981241.0
2017-05-26,38.94,42.63,38.72,40.65,1719985.0,27490072.0
2017-05-31,40.2,41.8,39.97,39.97,1282603.0,20861631.0
2017-06-01,39.62,40.07,36.76,37.04,1145600.0,17491289.0
2017-06-02,36.94,39.24,36.76,38.44,1002700.0,15079713.0
2017-06-05,39.07,39.49,38.47,38.64,714703.0,11080881.0
2017-06-06,38.82,39.17,38.14,38.79,598700.0,9207726.0
2017-06-07,38.59,40.52,38.59,40.32,1207476.0,19277798.0
2017-06-08,40.37,41.0,39.62,39.69,932118.0,14961906.0
2017-06-09,39.79,39.87,37.91,39.47,897350.0,14003748.0
2017-06-12,38.99,40.3,37.76,38.41,1051006.0,16443028.0
2017-06-13,38.52,39.74,37.94,39.74,1025800.0,16056169.0
2017-06-14,39.74,40.3,39.44,39.82,848103.0,13485905.0
2017-06-15,39.82,41.3,39.82,41.0,1787159.0,28984589.0
2017-06-16,41.02,41.25,40.2,40.6,1011123.0,16356721.0
2017-06-19,40.8,40.85,39.74,40.75,1029838.0,16664274.0
2017-06-20,40.8,41.35,40.5,40.52,1097228.0,17887479.0
2017-06-21,41.02,41.05,40.07,40.3,770330.0,12407224.0
2017-06-22,39.9,40.6,38.24,38.59,1372910.0,21728697.0
2017-06-23,39.37,39.54,37.51,38.67,1228700.0,18824973.0
2017-06-26,38.64,39.19,38.22,39.17,713800.0,11030718.0
2017-06-27,39.24,39.92,38.87,39.24,816500.0,12867297.0
2017-06-28,38.94,39.34,38.14,38.49,665600.0,10218455.0
2017-06-29,38.41,39.02,38.22,38.54,965409.0,14851206.0
2017-06-30,38.49,39.87,38.24,39.47,1318709.0,20527093.0
2017-07-03,39.84,40.47,39.74,40.32,1267206.0,20284586.0
2017-07-04,40.62,40.77,39.87,39.97,1001759.0,16018057.0
2017-07-05,39.52,40.87,39.52,40.32,695150.0,11156496.0
2017-07-06,40.5,40.62,39.87,40.2,867405.0,13907795.0
2017-07-07,40.27,40.72,39.99,40.5,953756.0,15358799.0
2017-07-10,40.37,40.37,38.89,39.32,1451775.0,22924507.0
2017-07-11,39.32,39.84,38.49,38.87,836400.0,13081539.0
2017-07-12,38.84,38.99,37.11,38.69,1164277.0,17694724.0
2017-07-13,38.27,38.44,37.64,38.37,613600.0,9324099.0
2017-07-14,38.39,38.39,37.39,38.09,689984.0,10423868.0
2017-07-17,40.9,41.9,37.61,39.64,6225087.0,99146045.0
2017-07-18,39.77,43.61,37.74,43.61,6774267.0,110857869.0
2017-07-19,43.63,45.39,42.55,43.93,6962631.0,122026206.0
2017-07-20,42.9,44.31,42.9,43.13,4197643.0,72979992.0
2017-07-21,42.9,43.86,42.78,42.88,3032753.0,52217236.0
2017-07-24,42.4,45.59,41.62,44.86,4512660.0,78373889.0
2017-07-25,44.36,44.36,43.13,43.15,2693400.0,46953850.0
2017-07-26,43.98,43.98,42.38,42.7,1791500.0,30679797.0
2017-07-27,42.9,45.74,42.65,44.38,4885323.0,86795145.0
2017-07-28,44.13,44.88,43.05,43.81,5092087.0,89033373.0
2017-07-31,43.33,43.48,41.93,43.08,3778467.0,64355448.0
2017-08-01,42.68,43.23,42.25,43.03,2271517.0,38733501.0
2017-08-02,43.05,44.21,42.63,43.71,3801750.0,66127243.0
2017-08-03,43.71,45.26,43.15,44.23,4151908.0,73560300.0
2017-08-04,44.13,44.61,42.75,43.08,2252108.0,39111312.0
2017-08-07,43.13,44.01,42.88,43.66,1150489.0,20007671.0
2017-08-08,43.45,44.86,42.83,44.58,2489441.0,43603387.0
2017-08-09,44.56,46.16,43.88,45.74,4205021.0,75568670.0
2017-08-10,45.69,45.71,44.11,44.18,3121916.0,55714853.0
2017-08-11,44.13,44.86,43.35,44.33,1873593.0,33014498.0
2017-08-14,44.33,45.56,44.16,45.51,2885000.0,51901994.0
2017-08-15,45.61,45.81,44.33,44.78,2334582.0,41808415.0
2017-08-16,44.78,46.59,44.63,46.01,4096636.0,74912333.0
2017-08-17,45.79,47.57,45.39,47.39,4179217.0,77952490.0
2017-08-18,46.92,47.39,46.44,47.14,2459823.0,45965489.0
2017-08-21,46.81,47.39,46.09,46.81,1728850.0,32135021.0
2017-08-22,46.39,46.77,45.16,45.19,1724164.0,31549717.0
2017-08-23,45.74,45.74,44.38,44.48,1435606.0,25811697.0
2017-08-24,44.48,44.84,42.58,42.73,2244990.0,38788126.0
2017-08-25,42.68,43.88,42.68,43.26,1340227.0,23116009.0
2017-08-28,45.13,47.52,43.28,46.14,2797586.0,51101815.0
2017-08-29,45.49,46.39,45.13,45.13,2130923.0,38836648.0
2017-08-30,45.74,46.29,44.91,45.39,1505614.0,27376356.0
2017-08-31,45.56,45.94,45.41,45.74,1282612.0,23364261.0
2017-09-01,45.84,46.04,45.16,45.44,1379627.0,25019500.0
2017-09-04,45.44,45.94,45.34,45.94,1276550.0,23205156.0
2017-09-05,46.16,47.14,45.96,46.24,1733900.0,32151183.0
2017-09-06,45.79,46.16,44.43,45.54,1281500.0,23131575.0
2017-09-07,45.51,45.96,44.84,44.84,1555661.0,28272794.0
2017-09-08,45.01,45.76,45.01,45.39,1249500.0,22638672.0
2017-09-11,45.14,46.64,45.14,46.29,1316481.0,24237757.0
2017-09-12,47.04,47.04,45.66,45.66,1624100.0,29942047.0
2017-09-13,45.64,46.09,44.61,44.81,1364900.0,24609675.0
2017-09-14,44.63,45.61,44.63,45.01,1172638.0,21078106.0
2017-09-15,45.03,45.31,44.68,44.96,723800.0,12993528.0
2017-09-18,45.14,45.29,43.88,44.63,997400.0,17652469.0
2017-09-19,44.94,44.94,43.76,43.96,1206500.0,21252584.0
2017-09-20,44.16,44.53,43.73,44.43,852600.0,15059495.0
2017-09-21,44.38,44.51,43.73,43.73,717500.0,12644943.0
2017-09-22,43.73,44.23,43.46,43.68,904231.0,15804094.0
2017-09-25,43.08,43.73,42.75,42.85,761500.0,13131725.0
2017-09-26,43.35,43.35,42.7,42.93,642700.0,11004645.0
2017-09-27,43.18,43.93,42.93,43.83,726431.0,12606873.0
2017-09-28,43.76,44.01,43.35,43.48,688901.0,11984270.0
2017-09-29,43.61,44.01,43.18,43.53,886400.0,15382603.0
2017-10-09,43.63,45.21,43.63,45.03,1379934.0,24548090.0
2017-10-10,45.03,45.31,44.71,45.31,1215363.0,21853720.0
2017-10-11,45.56,46.39,44.78,44.86,1269631.0,23079333.0
2017-10-12,44.86,45.71,44.41,45.64,1170519.0,21094919.0
2017-10-13,45.56,47.09,45.14,46.62,3082950.0,56970590.0
2017-10-16,46.52,46.64,44.63,44.76,1896400.0,34322927.0
2017-10-17,45.14,45.36,44.36,44.63,696000.0,12421746.0
2017-10-18,44.63,45.26,42.88,43.05,1145950.0,20180271.0
2017-10-19,43.88,43.88,41.75,42.5,1306531.0,22107433.0
2017-10-20,42.23,43.38,42.03,43.13,686424.0,11757586.0
2017-10-23,43.13,43.73,42.7,42.88,755010.0,12986231.0
2017-10-24,43.13,43.68,42.88,43.23,783961.0,13541379.0
2017-10-25,43.23,43.78,43.23,43.53,619150.0,10745479.0
2017-10-26,43.46,45.34,43.26,44.63,1528511.0,27283580.0
2017-10-27,44.56,45.01,43.73,44.08,1093908.0,19286563.0
2017-10-30,43.76,44.43,40.15,42.0,1088600.0,18481661.0
2017-10-31,42.13,42.68,41.58,42.3,700900.0,11758278.0
2017-11-01,42.85,42.85,41.85,42.08,659563.0,11087417.0
2017-11-02,42.35,42.35,40.62,41.0,759850.0,12513623.0
2017-11-03,41.0,41.47,39.69,40.35,746634.0,12051819.0
2017-11-06,40.35,40.62,39.95,40.62,494000.0,7958317.0
2017-11-07,40.62,40.92,40.17,40.9,674636.0,10902390.0
2017-11-08,41.32,41.83,40.87,41.37,798531.0,13194151.0
2017-11-09,41.07,41.85,41.07,41.55,588800.0,9763561.0
2017-11-10,41.55,42.0,41.25,41.67,608616.0,10085297.0
2017-11-13,41.67,41.95,41.37,41.73,650704.0,10832546.0
2017-11-14,41.65,41.88,40.37,40.72,734601.0,12010654.0
2017-11-15,40.8,41.2,40.37,40.57,521800.0,8476307.0
2017-11-16,40.5,40.77,39.87,39.92,637403.0,10232614.0
2017-11-17,39.64,40.07,36.11,36.36,1409395.0,21234570.0
2017-11-20,36.36,37.11,35.38,36.99,698100.0,10164348.0
2017-11-21,36.89,37.99,35.63,35.86,797950.0,11562060.0
2017-11-22,36.38,37.56,35.93,36.56,1001934.0,14732385.0
2017-11-23,36.06,37.01,35.61,36.11,841400.0,12207547.0
2017-11-24,36.16,36.16,35.58,35.81,451919.0,6472573.0
2017-11-27,35.61,36.36,35.1,35.1,514303.0,7322314.0
2017-11-28,35.1,36.13,35.1,36.08,556800.0,7962342.0
2017-11-29,35.86,37.44,35.86,36.56,1423416.0,20795785.0
2017-11-30,36.56,37.06,35.98,36.48,700594.0,10214076.0
2017-12-01,36.86,36.99,36.23,36.91,612257.0,8966055.0
2017-12-04,36.96,36.99,35.61,35.83,899869.0,12994664.0
2017-12-05,35.48,35.81,32.27,33.05,1216694.0,16710190.0
2017-12-06,33.33,34.73,33.23,34.63,1321250.0,17903980.0
2017-12-07,34.6,34.91,34.05,34.2,613390.0,8427623.0
2017-12-08,34.35,35.1,34.25,34.91,763977.0,10623015.0
2017-12-11,34.83,35.81,34.6,35.48,766675.0,10813979.0
2017-12-12,35.28,35.31,34.15,34.28,769300.0,10602400.0
2017-12-13,33.75,34.25,33.63,34.25,575775.0,7811431.0
2017-12-14,33.27,34.4,33.27,34.18,733603.0,9925867.0
2017-12-15,34.23,34.48,33.93,34.38,713848.0,9766205.0
2017-12-18,34.73,34.73,33.53,33.63,510300.0,6915739.0
2017-12-19,33.95,34.25,33.3,33.65,697481.0,9382227.0
2017-12-20,33.75,33.8,32.92,33.05,542850.0,7200361.0
2017-12-21,33.1,33.27,31.9,32.8,710762.0,9236960.0
2017-12-22,32.9,33.05,32.42,32.92,656412.0,8595960.0
2018-01-02,33.23,36.21,33.23,34.4,2073131.0,28748168.0
2018-01-03,33.93,35.21,33.93,34.68,1465189.0,20283556.0
2018-01-04,34.25,34.78,34.13,34.13,965135.0,13246038.0
2018-01-05,34.28,35.1,34.25,34.95,1172418.0,16260237.0
2018-01-08,34.95,35.33,34.38,35.21,988683.0,13805797.0
2018-01-09,35.23,35.43,34.6,34.75,596650.0,8283454.0
2018-01-10,34.65,34.93,34.28,34.4,582168.0,7992203.0
2018-01-11,34.4,35.08,34.18,34.95,757900.0,10485769.0
2018-01-12,35.05,35.1,34.3,34.63,422700.0,5838593.0
2018-01-15,34.63,36.18,33.42,35.76,2075110.0,29240055.0
2018-01-16,35.48,36.56,35.36,36.38,1625936.0,23396646.0
2018-01-17,36.31,36.76,35.73,36.36,1499211.0,21651576.0
2018-01-18,36.26,37.44,35.98,37.06,1606543.0,23512186.0
2018-01-19,36.99,39.99,36.73,38.47,3500415.0,53856002.0
2018-01-22,38.47,38.47,37.14,37.71,1908031.0,28724023.0
2018-01-23,37.59,37.81,36.96,37.04,1285156.0,19083238.0
2018-01-24,36.91,38.24,36.61,38.14,1429653.0,21538994.0
2018-01-25,38.04,38.62,37.66,38.27,1307184.0,19901398.0
2018-01-26,38.31,39.09,38.01,38.99,1683260.0,25995360.0
2018-01-29,38.99,40.47,38.41,40.3,2351719.0,37240874.0
2018-01-30,40.25,41.02,38.99,40.12,2367262.0,37710685.0
2018-01-31,38.87,38.87,36.11,36.11,2916521.0,42957969.0
2018-02-01,35.86,36.81,33.1,33.58,2372300.0,33055753.0
2018-02-02,32.82,34.6,32.82,33.4,1175763.0,15770050.0
2018-02-05,33.3,33.3,32.0,32.12,1067563.0,13802656.0
2018-02-06,30.34,31.59,28.91,28.91,1687263.0,20028089.0
2018-02-07,29.64,29.79,27.88,29.11,1101731.0,12830567.0
2018-02-08,30.54,30.54,29.11,29.79,897666.0,10667324.0
2018-02-09,28.34,29.39,27.21,27.91,1261025.0,14264364.0
2018-02-12,28.39,29.06,28.16,28.86,716485.0,8192066.0
2018-02-13,29.29,30.04,28.76,28.79,968600.0,11326069.0
2018-02-14,28.41,29.06,28.18,28.71,504145.0,5744491.0
2018-02-22,29.04,29.39,28.86,29.31,622444.0,7254735.0
2018-02-23,29.31,29.79,29.14,29.26,517700.0,6055570.0
2018-02-26,29.14,30.57,29.14,30.39,869503.0,10424286.0
2018-02-27,30.17,31.09,30.17,31.02,1145280.0,14059589.0
2018-02-28,30.52,31.02,30.52,30.87,906425.0,11144889.0
2018-03-01,31.47,33.95,31.47,33.95,2026726.0,27249186.0
2018-03-02,34.38,36.26,33.15,33.33,4739307.0,65451748.0
2018-03-05,34.1,34.1,32.9,33.42,2301763.0,30645068.0
2018-03-06,33.45,33.55,32.92,33.05,2092513.0,27655801.0
2018-03-07,33.25,33.33,32.42,32.6,1257644.0,16452216.0
2018-03-08,32.72,34.05,32.62,33.98,2340666.0,31250361.0
2018-03-09,34.0,34.83,33.88,34.48,1996466.0,27329122.0
2018-03-12,34.88,34.88,34.15,34.6,1849663.0,25461241.0
2018-03-13,34.6,34.8,33.88,34.18,1386166.0,18913142.0
2018-03-14,33.8,34.13,33.2,33.25,978000.0,13151230.0
2018-03-15,32.65,33.88,32.62,33.1,962500.0,12713994.0
2018-03-16,33.1,34.73,33.05,33.85,1420183.0,19142789.0
2018-03-19,33.6,34.2,33.27,34.2,1050313.0,14202712.0
2018-03-20,34.08,34.73,33.53,34.33,1321413.0,18051273.0
2018-03-21,34.33,34.6,33.3,33.3,1234350.0,16735503.0
2018-03-22,33.42,33.53,32.75,33.17,774963.0,10250380.0
2018-03-23,31.34,32.82,29.86,29.86,2050400.0,25419262.0
2018-03-26,29.84,30.59,28.34,30.47,1071931.0,12685318.0
2018-03-27,30.94,31.87,30.67,31.44,913120.0,11423366.0
2018-03-28,30.89,31.95,30.89,31.29,1098600.0,13835278.0
2018-03-29,31.75,32.97,31.34,31.85,1239781.0,15880981.0
2018-03-30,32.25,32.77,31.9,32.67,1307773.0,16949554.0
2018-04-02,32.7,33.5,32.6,33.07,1504050.0,19814623.0
2018-04-03,32.07,33.35,32.07,33.15,1320413.0,17209624.0
2018-04-04,33.05,33.7,32.9,33.48,1255750.0,16707788.0
2018-04-09,33.48,33.7,32.12,33.3,1057400.0,13908431.0
2018-04-10,33.35,33.7,32.37,32.72,1618498.0,21185097.0
2018-04-11,32.75,34.91,32.75,33.75,2428152.0,32687329.0
2018-04-12,33.4,34.08,33.23,33.42,1590956.0,21326684.0
2018-04-13,33.4,34.75,33.4,33.95,1663750.0,22684119.0
2018-04-16,33.93,34.33,32.9,33.02,1310917.0,17490813.0
2018-04-17,33.15,33.27,30.64,31.27,1597713.0,20313667.0
2018-04-18,31.17,32.22,30.14,32.17,1296338.0,16198176.0
2018-04-19,32.55,32.55,31.87,32.05,940636.0,12090277.0
2018-04-20,31.82,32.4,30.62,31.02,1067966.0,13416937.0
2018-04-23,30.34,31.44,30.32,30.79,892903.0,10992333.0
2018-04-24,30.77,31.55,30.37,31.42,925817.0,11508140.0
2018-04-25,31.37,31.7,30.99,31.34,1000936.0,12529854.0
2018-04-26,31.34,31.5,30.09,30.39,1107349.0,13557030.0
2018-04-27,30.59,30.84,30.14,30.42,837200.0,10198586.0
2018-05-02,30.49,30.99,29.59,29.96,1075720.0,12959342.0
2018-05-03,30.32,30.32,28.99,30.12,1053768.0,12440060.0
2018-05-04,30.09,30.64,29.64,30.27,907363.0,10971395.0
2018-05-07,30.27,31.09,30.27,30.99,1063500.0,13105233.0
2018-05-08,31.29,31.57,31.04,31.47,968469.0,12098179.0
2018-05-09,31.62,34.63,31.34,32.65,3288884.0,43140229.0
2018-05-10,32.92,33.3,32.32,32.87,2014242.0,26324852.0
2018-05-11,32.8,33.02,32.02,32.22,1514984.0,19565580.0
2018-05-14,32.3,32.4,31.59,31.8,1315700.0,16753588.0
2018-05-15,31.62,32.35,31.62,32.25,876472.0,11200451.0
2018-05-16,31.77,32.3,31.7,31.95,915347.0,11646781.0
2018-05-17,31.87,32.07,31.22,31.29,1237762.0,15558723.0
2018-05-18,31.42,32.7,31.42,32.1,2076097.0,26594823.0
2018-05-21,32.27,32.32,31.72,32.02,1767678.0,22592432.0
2018-05-22,31.9,33.23,31.42,32.62,2026859.0,25985124.0
2018-05-23,32.25,33.1,32.0,32.05,1966340.0,25541496.0
2018-05-24,32.1,32.72,32.05,32.52,1060497.0,13689927.0
2018-05-25,31.85,32.72,31.75,31.87,1769826.0,22634980.0
2018-05-28,32.0,32.0,30.27,30.29,1631715.0,20033985.0
2018-05-29,29.66,30.54,29.66,29.99,947162.0,11364900.0
2018-05-30,29.59,29.59,28.34,28.43,1304500.0,15035843.0
2018-05-31,28.59,29.31,28.59,29.04,931051.0,10712303.0
2018-06-01,29.01,29.34,28.46,29.21,987700.0,11459692.0
2018-06-04,29.14,29.79,29.14,29.66,818400.0,9646069.0
2018-06-05,29.86,29.94,29.41,29.84,614650.0,7283140.0
2018-06-06,29.84,29.91,29.24,29.34,776396.0,9105550.0
2018-06-07,29.39,29.56,28.66,28.69,715200.0,8262301.0
2018-06-08,28.69,28.81,28.34,28.54,585150.0,6667606.0
2018-06-11,28.46,28.76,28.36,28.46,486350.0,5538269.0
2018-06-12,28.46,28.81,28.16,28.69,466504.0,5315252.0
2018-06-13,28.79,28.79,27.93,27.98,470400.0,5311421.0
2018-06-14,27.83,28.36,27.71,27.76,545300.0,6081088.0
2018-06-15,27.96,28.06,25.75,26.33,979344.0,10425633.0
2018-06-19,26.08,26.08,23.7,23.7,1099487.0,10693619.0
2018-06-20,22.59,24.22,22.57,23.39,1165344.0,10874595.0
2018-06-21,23.45,23.57,21.97,22.09,1234950.0,11245245.0
2018-06-22,22.37,22.82,21.77,22.77,863897.0,7773192.0
2018-06-25,25.05,25.05,25.05,25.05,1894650.0,18927554.0
2018-06-26,25.83,26.53,24.98,26.45,6361420.0,65075713.0
2018-06-27,25.75,26.28,25.58,25.63,3114162.0,32099085.0
2018-06-28,25.53,25.9,24.7,24.7,2035943.0,20494652.0
2018-06-29,24.95,26.18,24.6,25.83,2848101.0,28887894.0
2018-07-02,25.73,25.83,24.2,24.8,2332168.0,23374054.0
2018-07-03,24.75,25.53,24.5,25.38,1947205.0,19580085.0
2018-07-04,25.28,25.5,23.6,23.87,2286068.0,22274323.0
2018-07-05,24.2,24.62,23.82,23.9,1876147.0,18074888.0
2018-07-06,23.47,24.47,22.84,23.85,1918335.0,18317608.0
2018-07-09,23.82,25.53,23.8,24.8,1918900.0,18885838.0
2018-07-10,24.82,25.23,24.62,24.93,1571399.0,15585272.0
2018-07-11,24.72,24.72,23.57,23.95,1582000.0,15109939.0
2018-07-12,24.1,25.05,23.44,24.82,1571500.0,15441032.0
2018-07-13,24.72,26.21,24.72,25.63,2825737.0,28715973.0
2018-07-16,25.38,25.73,25.05,25.45,1845937.0,18631568.0
2018-07-17,25.28,25.73,24.95,25.7,1421500.0,14334202.0
2018-07-18,25.73,25.8,25.35,25.38,1642100.0,16715498.0
2018-07-19,25.38,25.5,24.77,25.02,1347537.0,13450973.0
2018-07-20,25.02,25.6,24.77,25.6,1284200.0,12953042.0
2018-07-23,25.58,27.09,25.0,26.26,2954370.0,30680494.0
2018-07-24,26.13,26.33,25.68,26.23,1987875.0,20644580.0
2018-07-25,26.28,26.43,25.91,26.0,1388100.0,14438050.0
2018-07-26,26.26,26.26,25.78,25.95,918200.0,9501972.0
2018-07-27,26.05,26.05,25.53,25.65,880000.0,9012935.0
2018-07-30,25.88,26.11,25.38,25.45,1012800.0,10363310.0
2018-07-31,25.15,25.73,25.15,25.58,882600.0,8958683.0
2018-08-01,25.43,25.88,24.77,24.82,1096400.0,11094125.0
2018-08-02,25.1,25.1,22.86,23.42,1472203.0,13899013.0
2018-08-03,23.32,23.79,23.02,23.07,708301.0,6606750.0
2018-08-06,22.89,23.34,22.74,22.91,756251.0,6928332.0
2018-08-07,22.91,23.84,22.91,23.69,860201.0,8049462.0
2018-08-08,23.57,23.74,23.32,23.37,562099.0,5268404.0
2018-08-09,23.07,24.25,23.07,23.82,817850.0,7787346.0
2018-08-10,23.62,24.32,23.62,24.22,981100.0,9418103.0
2018-08-13,23.97,24.5,23.67,24.37,813628.0,7823378.0
2018-08-14,24.32,24.55,24.22,24.45,704800.0,6833971.0
2018-08-15,24.3,24.55,23.62,23.77,781000.0,7488890.0
2018-08-16,23.64,24.37,23.27,23.84,851500.0,8112771.0
2018-08-17,24.07,24.2,23.34,23.54,802928.0,7616743.0
2018-08-20,23.87,24.35,23.57,24.2,1191378.0,11363098.0
2018-08-21,24.07,25.43,23.97,24.85,2010678.0,19801446.0
2018-08-22,24.82,24.82,23.62,23.82,1542200.0,14836251.0
2018-08-23,23.87,24.27,23.82,23.95,838000.0,8020185.0
2018-08-24,23.92,24.2,23.77,23.95,639014.0,6108899.0
2018-08-27,24.2,24.52,23.92,24.47,1258312.0,12182009.0
2018-08-28,24.52,25.5,24.25,24.9,2639500.0,26145623.0
2018-08-29,24.42,26.38,24.25,25.53,4337112.0,43715638.0
2018-08-30,25.15,25.5,24.7,24.75,2213350.0,22049884.0
2018-08-31,24.62,25.25,24.42,24.45,1697150.0,16746349.0
2018-09-03,24.45,25.28,24.27,25.2,2194701.0,21641702.0
2018-09-04,25.0,25.38,24.67,25.2,2076189.0,20668764.0
2018-09-05,24.95,25.63,24.93,24.93,1976900.0,19847022.0
2018-09-06,24.75,25.18,24.5,25.02,1334912.0,13227643.0
2018-09-07,25.1,25.55,24.77,24.95,1352300.0,13520193.0
2018-09-10,25.02,25.02,23.62,23.67,1541650.0,14835603.0
2018-09-11,23.69,24.02,23.62,23.82,773100.0,7318896.0
2018-09-12,23.82,24.05,23.64,23.95,661150.0,6281919.0
2018-09-13,24.02,24.32,23.77,24.12,858101.0,8187658.0
2018-09-14,24.35,24.37,23.62,23.77,793800.0,7612760.0
2018-09-17,23.69,23.92,23.39,23.47,862462.0,8108242.0
2018-09-18,23.49,24.32,23.44,24.27,1206691.0,11537422.0
2018-09-19,24.05,24.57,24.02,24.35,1406641.0,13647887.0
2018-09-20,24.25,24.45,24.15,24.37,1043000.0,10091364.0
2018-09-21,24.37,24.7,24.32,24.62,1227587.0,11980059.0
2018-09-25,24.37,24.52,24.32,24.37,590200.0,5737947.0
2018-09-26,24.55,24.82,24.32,24.67,1217100.0,11911845.0
2018-09-27,24.67,24.67,23.74,23.77,1144800.0,11037386.0
2018-09-28,24.07,24.25,23.64,24.22,847100.0,8106327.0
2018-10-08,23.87,23.87,22.91,22.91,902800.0,8388961.0
2018-10-09,23.12,23.29,22.96,23.09,653738.0,6019779.0
2018-10-10,23.34,23.57,23.07,23.52,777300.0,7226440.0
2018-10-11,23.07,23.07,21.16,21.31,1389812.0,12134537.0
2018-10-12,21.18,23.42,21.18,22.34,2175711.0,19284747.0
2018-10-15,21.81,22.96,21.81,22.31,1357100.0,12119108.0
2018-10-16,22.14,22.74,20.93,21.36,1274675.0,11100416.0
2018-10-17,21.76,22.56,21.43,22.06,1155100.0,10092590.0
2018-10-18,21.96,22.01,20.98,21.51,1244062.0,10649854.0
2018-10-19,20.93,22.06,20.18,21.98,1081200.0,9315507.0
2018-10-22,21.98,23.14,21.96,22.89,1704937.0,15423386.0
2018-10-23,22.76,22.96,22.44,22.69,904350.0,8152561.0
2018-10-24,22.44,22.99,22.36,22.61,762650.0,6899065.0
2018-10-25,22.11,22.61,21.78,22.49,1170700.0,10277843.0
2018-10-26,22.51,23.04,22.51,22.99,1069937.0,9714178.0
2018-10-29,22.89,23.07,22.69,22.86,917403.0,8356409.0
2018-10-30,22.86,23.24,22.19,23.12,1439734.0,13093879.0
2018-10-31,23.12,23.47,23.12,23.19,1304197.0,12086414.0
2018-11-01,23.24,23.62,23.17,23.17,1294028.0,12047337.0
2018-11-02,23.47,24.12,23.37,24.0,2141986.0,20334727.0
2018-11-05,23.95,24.82,23.89,24.12,2190568.0,21190410.0
2018-11-06,24.12,24.12,23.32,23.87,1736825.0,16311335.0
2018-11-07,23.87,24.0,23.44,23.47,1448735.0,13708108.0
2018-11-08,23.84,23.84,23.37,23.37,993400.0,9315033.0
2018-11-09,23.24,23.62,23.17,23.19,624400.0,5812914.0
2018-11-12,23.19,24.32,23.19,24.27,1605900.0,15348653.0
2018-11-13,24.0,24.87,23.89,24.8,2303588.0,22527215.0
