2015-11-02,71.98,75.0,55.31,55.31,18159364.0,1181059712.0
2015-11-03,58.84,60.84,55.66,60.84,36170424.0,2142831744.0
2015-11-04,58.46,61.56,55.71,59.4,31741476.0,1841589760.0
2015-11-05,59.59,61.6,57.65,58.34,20614754.0,1228109184.0
2015-11-06,56.95,57.99,55.69,56.1,26993076.0,1519092864.0
2015-11-09,54.4,55.3,51.61,53.5,26401994.0,1403500544.0
2015-11-10,52.45,55.44,52.01,54.58,19293464.0,1046395136.0
2015-11-11,54.49,54.49,52.65,53.19,16978768.0,901541248.0
2015-11-12,53.18,58.37,53.0,57.28,28548134.0,1600005888.0
2015-11-13,55.4,57.18,53.6,54.09,17933748.0,988697920.0
2015-11-16,52.22,53.6,52.0,53.51,10196846.0,540534592.0
2015-11-17,53.65,56.68,53.65,53.99,14687168.0,805175680.0
2015-11-18,54.0,54.0,52.02,52.28,9628059.0,509946528.0
2015-11-19,52.29,54.62,52.28,53.63,10230724.0,548431232.0
2015-11-20,53.9,53.9,52.5,53.04,10813266.0,573675008.0
2015-11-23,53.05,53.99,52.62,52.79,9616099.0,511090400.0
2015-11-24,52.57,56.5,52.4,55.7,22594350.0,1240461312.0
2015-11-25,55.01,56.2,54.11,55.48,15661200.0,866831360.0
2015-11-26,55.6,55.78,54.0,54.03,10063336.0,549173376.0
2015-11-27,54.08,54.08,49.7,50.41,12565306.0,653520384.0
2015-11-30,50.44,51.15,46.48,48.84,14733006.0,719830592.0
2015-12-01,48.85,48.99,47.3,48.0,10431095.0,499571168.0
2015-12-02,48.0,48.0,45.0,47.63,13263094.0,618985088.0
2015-12-03,47.35,49.95,47.21,49.77,11789214.0,574515904.0
2015-12-04,49.23,51.26,49.0,49.82,10788009.0,543023040.0
2015-12-07,49.82,50.5,48.8,49.13,7114414.0,351234048.0
2015-12-08,48.98,48.98,46.79,47.33,9071446.0,429644160.0
2015-12-09,46.6,47.21,46.02,46.55,6735610.0,313571936.0
2015-12-10,47.0,48.66,47.0,47.58,8465381.0,405467200.0
2015-12-11,47.05,47.06,46.05,46.78,5492661.0,254888400.0
2015-12-14,46.0,47.29,45.7,47.12,5164559.0,240102832.0
2015-12-15,47.05,47.86,46.65,46.97,5300421.0,250210192.0
2015-12-16,47.2,48.86,47.01,47.81,7656913.0,367388896.0
2015-12-17,48.2,48.57,47.8,48.39,9937121.0,478340128.0
2015-12-18,48.4,48.4,47.5,47.64,6128658.0,293215616.0
2015-12-21,47.45,48.59,47.28,48.26,6893030.0,332260480.0
2015-12-22,48.4,49.21,48.11,48.98,8515341.0,415610752.0
2015-12-23,49.1,49.3,47.8,47.82,7657272.0,371185600.0
2015-12-24,47.75,47.75,46.27,47.01,5488292.0,256806640.0
2015-12-25,46.99,47.29,46.5,47.25,5589034.0,261323536.0
2015-12-28,47.47,47.58,45.6,45.8,7913554.0,369445856.0
2015-12-29,45.9,46.29,45.12,46.28,5845919.0,266533936.0
2015-12-30,46.45,46.45,45.69,46.04,3968807.0,182557488.0
2015-12-31,46.05,46.17,45.6,45.74,3431655.0,157411584.0
2016-01-04,45.74,47.0,43.51,43.98,7097473.0,326077440.0
2016-01-05,42.8,45.36,42.5,45.01,8615792.0,382234400.0
2016-01-06,45.01,49.51,45.01,48.87,18451984.0,883427136.0
2016-01-07,47.59,47.61,43.98,44.08,4307678.0,197150704.0
2016-01-08,46.2,48.49,43.12,48.49,19090612.0,899930880.0
2016-01-11,48.14,51.87,47.2,49.26,26486336.0,1333449344.0
2016-01-12,49.26,50.59,45.8,48.05,16384433.0,793178624.0
2016-01-13,47.4,48.8,44.0,45.75,12992816.0,606845312.0
2016-01-14,44.04,47.5,44.0,47.5,12774426.0,584227136.0
2016-01-15,47.6,47.87,44.0,44.43,12980606.0,591609664.0
2016-01-18,42.7,44.25,42.59,43.32,6425979.0,277538720.0
2016-02-03,43.4,43.41,39.2,41.36,9198795.0,379423456.0
2016-02-04,41.4,42.1,40.98,42.06,8031747.0,332472320.0
2016-02-05,42.0,42.29,41.41,41.52,6079032.0,253913984.0
2016-02-15,39.51,40.55,39.45,40.12,6532876.0,261559696.0
2016-02-16,40.36,41.98,40.36,41.74,7193649.0,299070080.0
2016-02-17,42.9,45.7,42.9,44.24,9896914.0,440355968.0
2016-02-18,44.21,44.74,43.58,43.82,7269334.0,320771648.0
2016-02-19,43.84,44.5,43.83,44.15,4968342.0,219569808.0
2016-02-22,45.05,45.38,44.03,44.34,6534325.0,291466816.0
2016-02-23,44.89,44.9,43.16,43.45,5673541.0,248762320.0
2016-02-24,43.45,47.22,43.4,46.73,17546282.0,799930304.0
2016-02-25,45.8,47.8,43.1,43.9,14848770.0,683499008.0
2016-02-26,44.4,46.25,44.09,45.67,11776708.0,534105760.0
2016-02-29,45.6,48.0,43.45,47.71,17516500.0,811038784.0
2016-03-01,48.2,51.21,47.11,49.35,17432092.0,863140032.0
2016-03-02,48.75,50.1,47.5,49.85,14556198.0,711886080.0
2016-03-03,49.11,50.93,48.05,48.17,12020125.0,594079232.0
2016-03-04,47.6,51.2,47.6,49.82,15373202.0,769506688.0
2016-03-07,50.5,51.82,49.81,51.1,10360121.0,527037824.0
2016-03-08,50.27,50.59,47.5,49.33,9016359.0,441456800.0
2016-03-09,47.97,49.01,46.01,46.93,6726069.0,319426496.0
2016-03-10,47.19,49.28,47.0,47.87,6782270.0,327767328.0
2016-03-11,47.45,49.2,47.03,48.25,4594520.0,223096848.0
2016-03-14,48.5,50.5,48.5,49.77,6860180.0,340837504.0
2016-03-15,49.8,50.76,48.49,48.5,5383296.0,265720160.0
2016-03-16,48.5,48.99,46.51,47.11,5752697.0,273123296.0
2016-03-17,47.12,48.82,46.7,48.49,6337811.0,305350816.0
2016-03-18,48.6,49.98,48.6,49.55,8572952.0,423127296.0
2016-03-21,50.02,51.52,49.58,50.33,10946950.0,554320192.0
2016-03-22,50.0,54.17,49.28,51.96,13311259.0,697715072.0
2016-03-23,51.55,53.96,51.52,52.9,11570559.0,614394560.0
2016-03-24,52.7,54.54,51.55,52.0,10936183.0,582716224.0
2016-03-25,51.22,51.91,50.4,51.27,8529085.0,435566176.0
2016-03-28,52.38,52.7,50.39,50.75,6390235.0,329914592.0
2016-03-29,50.36,51.48,50.01,50.87,5155384.0,260784864.0
2016-03-30,51.68,52.28,50.8,52.17,6962985.0,358827872.0
2016-03-31,52.19,52.65,51.36,51.45,5267032.0,273396192.0
2016-04-01,51.16,51.5,50.1,50.99,4204878.0,212760832.0
2016-04-05,51.3,51.97,50.58,51.93,7456570.0,382128800.0
2016-04-06,51.75,53.82,51.5,52.87,10537408.0,556709312.0
2016-04-07,53.0,53.4,51.4,51.4,6674779.0,347313440.0
2016-04-08,51.0,53.3,49.7,51.7,12139647.0,622199232.0
2016-04-11,52.0,52.45,50.86,51.18,10576706.0,543370624.0
2016-04-12,51.09,51.09,48.34,48.95,10719973.0,529782912.0
2016-04-13,49.0,49.64,48.96,48.99,8203034.0,404696416.0
2016-04-14,49.2,49.6,48.41,49.45,8944203.0,437054112.0
2016-04-15,49.5,49.59,48.71,49.09,6238331.0,306123552.0
2016-04-18,49.32,50.0,49.19,49.76,7522168.0,373042272.0
2016-04-19,50.43,50.43,49.21,49.55,5437490.0,269782624.0
2016-04-20,49.9,50.0,46.49,47.39,9183235.0,439542048.0
2016-04-21,47.68,47.68,46.83,46.99,4924026.0,231914176.0
2016-04-22,46.52,47.8,46.36,47.32,4444624.0,209842624.0
2016-04-25,47.05,47.29,46.5,46.84,3431784.0,160490400.0
2016-04-26,46.9,47.43,46.85,47.3,3168139.0,149492704.0
2016-04-27,47.4,47.55,46.81,46.9,2920084.0,137752000.0
2016-04-28,46.91,47.04,45.88,46.45,3764386.0,174517376.0
2016-04-29,46.2,47.0,45.98,46.6,2870839.0,133801008.0
2016-05-03,46.84,48.29,46.61,48.27,6038763.0,289391680.0
2016-05-04,48.29,48.81,47.95,48.0,4975782.0,240441200.0
2016-05-05,48.0,48.55,47.73,48.3,3915388.0,188496096.0
2016-05-06,48.29,49.19,47.1,47.2,7699126.0,371619392.0
2016-05-09,47.21,47.23,45.0,45.12,5648272.0,258496064.0
2016-05-10,45.1,45.69,44.8,44.89,4263072.0,192560944.0
2016-05-11,45.68,47.99,45.15,46.4,9960239.0,465591261.0
2016-05-12,45.88,45.88,42.68,44.91,6434559.0,287708474.0
2016-05-13,44.95,46.68,44.94,45.35,4470727.0,204473345.0
2016-05-16,45.38,46.9,45.31,46.8,6710844.0,310184018.0
2016-05-17,46.79,46.88,45.63,45.85,5590236.0,257321904.0
2016-05-18,45.29,45.29,44.03,44.33,4717196.0,209350443.0
2016-05-19,44.69,45.05,44.05,44.2,3613423.0,161101156.0
2016-05-20,43.9,44.47,43.51,44.39,2686222.0,118351390.0
2016-05-23,44.39,44.93,44.19,44.78,2734235.0,121948549.0
2016-05-24,44.66,44.84,43.86,44.07,3028939.0,133481288.0
2016-05-25,44.3,44.49,43.8,44.09,2414869.0,106425323.0
2016-05-26,44.2,44.38,43.19,43.76,3433123.0,149625994.0
2016-05-27,43.87,45.18,43.71,44.6,4882586.0,217153759.0
2016-05-30,44.6,44.66,44.18,44.3,2956947.0,131168898.0
2016-05-31,44.44,46.04,44.32,45.98,7161415.0,324681372.0
2016-06-01,46.12,46.23,45.51,45.73,6453096.0,243680433.0
2016-06-02,45.61,46.1,45.4,45.84,4578548.0,172429584.0
2016-06-03,45.92,46.55,45.59,46.55,9107570.0,346640414.0
2016-06-06,46.6,46.61,45.83,46.02,5490295.0,208435005.0
2016-06-07,46.03,46.1,45.45,45.78,4394887.0,165395658.0
2016-06-08,45.74,45.74,44.47,44.88,7131285.0,263921559.0
2016-06-13,44.21,44.61,43.56,43.56,5491778.0,199471288.0
2016-06-14,43.19,43.92,43.19,43.68,2934500.0,105453314.0
2016-06-15,42.89,44.64,42.89,44.32,5019064.0,182652954.0
2016-06-16,44.32,44.87,43.69,43.76,4703735.0,171733071.0
2016-06-17,43.92,44.38,43.65,43.9,4059099.0,147135075.0
2016-06-20,43.98,44.2,43.47,43.91,4000332.0,144479442.0
2016-06-21,44.25,44.28,43.86,43.98,4428801.0,160760426.0
2016-06-22,43.92,44.66,43.88,44.56,4673160.0,170667305.0
2016-06-23,44.56,44.76,43.94,44.13,3589967.0,130800770.0
2016-06-24,44.15,44.28,42.89,43.69,5359880.0,192843205.0
2016-06-27,43.2,44.37,43.2,44.31,4993101.0,181372076.0
2016-06-28,44.04,44.48,43.79,44.26,5099267.0,185269980.0
2016-06-29,44.61,44.61,43.93,44.1,4341340.0,158273190.0
2016-06-30,44.16,44.5,43.8,43.94,5143492.0,186891655.0
2016-07-01,44.07,44.83,43.93,44.47,7058897.0,258507340.0
2016-07-04,44.44,45.21,44.11,45.12,8169932.0,301590907.0
2016-07-05,45.19,45.31,44.6,44.87,6688492.0,247124358.0
2016-07-06,44.98,46.71,44.74,46.59,11423082.0,430929787.0
2016-07-07,46.56,47.57,46.24,46.72,11727946.0,452768928.0
2016-07-08,46.81,47.07,45.93,46.12,6088473.0,232145851.0
2016-07-11,46.21,46.8,45.7,45.79,6078129.0,230954178.0
2016-07-12,45.87,46.65,45.56,46.58,6984377.0,265772586.0
2016-07-13,46.65,47.92,46.25,47.21,10002263.0,388304335.0
2016-07-14,47.29,48.45,47.08,48.32,12943740.0,511472587.0
2016-07-15,48.32,50.22,48.17,49.23,12364619.0,504101516.0
2016-07-18,49.38,50.16,48.49,49.23,11015584.0,448749108.0
2016-07-19,49.02,49.02,48.12,48.42,7066533.0,282635058.0
2016-07-20,48.4,48.68,47.98,48.23,3779750.0,150500030.0
2016-07-21,48.31,48.65,47.84,47.92,5231795.0,208256028.0
2016-07-22,47.92,48.28,46.89,46.95,4935053.0,192611792.0
2016-07-25,47.06,47.72,46.61,47.44,4937746.0,191991243.0
2016-07-26,47.08,47.67,47.05,47.55,4574363.0,178458590.0
2016-07-27,47.68,47.68,44.53,45.13,8490116.0,321391271.0
2016-07-28,45.13,45.7,44.84,45.44,4029906.0,150596748.0
2016-07-29,45.45,45.84,44.77,45.62,3952154.0,147632272.0
2016-08-01,45.76,45.76,44.83,44.96,3088283.0,114765906.0
2016-08-02,45.01,45.26,44.89,45.12,2194743.0,81476892.0
2016-08-03,45.11,45.19,44.89,45.12,2147559.0,79738668.0
2016-08-04,45.12,45.12,44.54,45.0,2546906.0,94247772.0
2016-08-05,45.01,46.32,44.88,45.78,4781559.0,179904121.0
2016-08-08,45.44,46.02,45.38,45.86,3406211.0,128312462.0
2016-08-09,45.8,46.03,45.57,45.92,3663519.0,138225054.0
2016-08-10,45.84,45.96,45.44,45.46,3595623.0,135237385.0
2016-08-11,45.62,45.69,44.81,44.85,3519119.0,131047369.0
2016-08-12,45.07,45.29,44.62,45.22,3228268.0,119552861.0
2016-08-15,45.24,46.23,44.93,45.89,6723423.0,253779674.0
2016-08-16,45.87,46.33,45.8,46.18,5349593.0,203004195.0
2016-08-17,46.1,46.14,45.84,45.99,3857293.0,146145607.0
2016-08-18,45.97,46.18,45.76,45.86,3297031.0,124671266.0
2016-08-19,45.86,46.09,45.74,45.91,2938371.0,111238111.0
2016-08-22,45.93,46.09,45.42,45.44,3041765.0,114599375.0
2016-08-23,45.31,45.87,45.27,45.61,2537017.0,95404856.0
2016-08-24,45.64,46.32,45.64,46.21,4729091.0,179861403.0
2016-08-25,46.12,46.29,45.47,46.29,4483591.0,169533808.0
2016-08-26,46.87,46.95,46.02,46.08,5818618.0,222694131.0
2016-08-29,45.95,46.23,45.86,45.99,2960015.0,112453112.0
2016-08-30,46.35,46.89,46.27,46.31,4565550.0,175168295.0
2016-08-31,46.58,46.59,45.96,46.31,4134383.0,157412363.0
2016-09-01,46.58,46.8,46.41,46.41,5238979.0,201150829.0
2016-09-02,46.32,46.46,45.8,46.08,3228035.0,122669579.0
2016-09-05,46.19,46.32,45.91,45.98,2377541.0,90414730.0
2016-09-06,45.86,46.24,45.38,46.2,3636422.0,137319582.0
2016-09-07,46.2,46.27,45.92,45.97,3064810.0,116460671.0
2016-09-08,45.97,46.2,45.74,46.2,2450922.0,92907121.0
2016-09-09,46.1,46.21,45.96,46.03,2078254.0,78892628.0
2016-09-12,45.5,45.67,44.77,44.77,4437724.0,165228346.0
2016-09-13,44.93,45.09,44.47,44.68,1999657.0,73745750.0
2016-09-14,44.53,44.79,44.32,44.53,1761142.0,64664179.0
2016-09-19,44.55,45.12,44.55,44.82,1660593.0,61450942.0
2016-09-20,44.83,44.98,44.7,44.79,1197089.0,44205952.0
2016-09-21,44.82,44.88,44.54,44.74,1276432.0,47140478.0
2016-09-22,44.95,45.04,44.77,44.78,2036832.0,75317957.0
2016-09-23,44.99,44.99,44.53,44.54,1739142.0,64009692.0
2016-09-26,44.53,44.65,43.66,43.68,2675779.0,96986966.0
2016-09-27,43.68,43.84,43.19,43.69,1798960.0,64563001.0
2016-09-28,43.86,43.86,43.33,43.33,1248111.0,44743281.0
2016-09-29,43.51,43.6,43.35,43.41,1589875.0,56970062.0
2016-09-30,43.46,43.58,43.3,43.52,1603098.0,57389353.0
2016-10-10,43.54,44.04,43.39,44.04,4271426.0,153914953.0
2016-10-11,44.13,44.43,43.93,44.43,4708253.0,171660589.0
2016-10-12,44.17,44.83,44.16,44.77,4000716.0,147029358.0
2016-10-13,44.66,44.81,44.31,44.62,2440141.0,89572243.0
2016-10-14,44.62,44.64,44.1,44.41,2772150.0,101425747.0
2016-10-17,44.42,44.58,43.73,43.8,2550541.0,92842840.0
2016-10-18,43.81,44.47,43.7,44.47,3453778.0,125258830.0
2016-10-19,44.59,44.59,43.96,44.28,3434445.0,125051847.0
2016-10-20,44.27,44.34,44.04,44.16,2477585.0,90290568.0
2016-10-21,44.17,44.27,43.77,43.94,3202811.0,116143281.0
2016-10-24,43.84,44.21,43.74,44.02,3982719.0,144343273.0
2016-10-25,44.04,44.04,43.85,43.9,3583563.0,129767792.0
2016-10-26,43.91,44.87,43.8,44.62,9009699.0,329714077.0
2016-10-27,44.5,44.64,44.1,44.27,4060498.0,148329669.0
2016-10-28,44.25,44.28,43.75,43.8,5139692.0,186082354.0
2016-10-31,43.69,43.69,43.07,43.13,5391842.0,192244339.0
2016-11-01,42.95,43.17,42.87,43.17,8658188.0,306855332.0
2016-11-02,40.67,42.34,40.66,41.32,20820071.0,709761308.0
2016-11-03,40.83,40.95,40.09,40.45,22043170.0,734849349.0
2016-11-04,40.52,41.06,40.17,40.95,14609325.0,486886118.0
2016-11-07,40.63,41.24,40.53,41.03,12016784.0,405421782.0
2016-11-08,41.13,41.24,40.77,41.14,8846515.0,299257781.0
2016-11-09,41.14,41.7,40.97,41.47,13077133.0,446068495.0
2016-11-10,41.71,41.85,41.36,41.54,9925779.0,334949888.0
2016-11-11,41.44,42.13,41.32,41.81,9790782.0,331130865.0
2016-11-14,41.85,42.29,41.68,41.94,9125237.0,311827683.0
2016-11-15,41.98,42.13,41.62,41.84,6127770.0,207759504.0
2016-11-16,41.85,42.07,41.68,41.85,6705553.0,228097122.0
2016-11-17,41.86,41.86,41.46,41.57,5120532.0,172991034.0
2016-11-18,41.47,41.47,40.85,40.88,11749160.0,391809815.0
2016-11-21,40.63,40.63,40.25,40.3,15168521.0,497709948.0
2016-11-22,40.42,41.07,40.31,40.96,8880542.0,293506008.0
2016-11-23,41.0,41.22,40.89,40.89,8058509.0,268542284.0
2016-11-24,40.98,41.36,40.88,40.96,8332494.0,278159861.0
2016-11-25,40.96,41.0,40.31,40.99,7053754.0,233225592.0
2016-11-28,40.99,43.7,40.99,42.58,23239004.0,799317610.0
2016-11-29,42.17,42.79,42.13,42.16,18440995.0,635463500.0
2016-11-30,42.38,43.46,42.16,43.07,21041000.0,735864185.0
2016-12-01,43.09,44.3,43.09,43.97,21252829.0,758117915.0
2016-12-02,44.2,44.2,42.6,42.85,14153172.0,496517216.0
2016-12-05,42.49,44.08,42.49,43.11,13784929.0,487119935.0
2016-12-06,43.11,43.46,42.45,42.54,8515336.0,295666956.0
2016-12-07,42.58,43.09,42.56,42.72,6902144.0,240062761.0
2016-12-08,42.91,42.91,42.18,42.38,7481928.0,258676765.0
2016-12-09,42.17,42.55,42.11,42.34,6605947.0,227227201.0
2016-12-12,42.43,43.57,42.18,42.37,22238277.0,775262221.0
2016-12-13,42.35,42.66,41.25,42.1,11789182.0,400605611.0
2016-12-14,42.07,42.21,41.39,41.53,9384450.0,318344174.0
2016-12-15,41.38,41.86,41.31,41.53,9227115.0,311210982.0
2016-12-16,41.51,42.26,41.34,41.97,7701802.0,261573377.0
2016-12-19,42.0,42.43,41.75,41.9,6215634.0,212312530.0
2016-12-20,41.8,41.9,41.49,41.62,5222223.0,176540658.0
2016-12-21,41.74,42.2,41.7,42.03,5899923.0,200847547.0
2016-12-22,42.1,42.1,41.62,41.7,4844777.0,164266210.0
2016-12-23,41.63,42.17,41.62,41.69,5973446.0,202851144.0
2016-12-26,41.65,41.68,41.07,41.48,5421863.0,181818652.0
2016-12-27,41.36,41.65,41.28,41.37,4365547.0,147133605.0
2016-12-28,41.42,41.47,41.31,41.36,3581119.0,120370891.0
2016-12-29,41.37,42.29,41.34,42.28,11778404.0,400748057.0
2016-12-30,42.23,43.68,42.13,43.36,25691566.0,899801981.0
2017-01-03,43.62,44.55,43.44,43.65,17551208.0,625566800.0
2017-01-04,43.78,44.47,43.31,44.23,18245844.0,654237341.0
2017-01-05,44.14,44.71,43.66,44.13,12202739.0,438419166.0
2017-01-06,44.04,44.94,43.91,44.78,16222553.0,588575679.0
2017-01-09,44.69,44.73,43.73,44.12,12035739.0,432201974.0
2017-01-10,44.12,44.57,43.72,43.76,8934805.0,320155906.0
2017-01-11,43.6,44.07,43.54,43.68,7082485.0,251686634.0
2017-01-12,43.63,44.45,43.63,44.2,9870787.0,354851193.0
2017-01-13,44.07,44.44,42.95,42.95,12601821.0,445731831.0
2017-01-16,42.86,43.38,41.98,43.07,9905400.0,344662945.0
2017-01-17,43.04,43.46,42.71,43.22,7904310.0,276647594.0
2017-01-18,43.29,43.34,42.8,42.97,4112929.0,143805617.0
2017-01-19,42.97,43.11,42.74,42.86,3576110.0,124572248.0
2017-01-20,42.82,43.67,42.75,43.36,6550519.0,230654819.0
2017-01-23,43.35,43.91,43.3,43.46,5127208.0,181639392.0
2017-01-24,43.48,43.62,42.86,42.99,4073436.0,142590566.0
2017-01-25,42.99,43.62,42.97,43.45,4600004.0,162338492.0
2017-01-26,43.46,43.83,43.39,43.73,5827565.0,206690999.0
2017-02-03,43.46,43.7,43.09,43.28,3905980.0,137571528.0
2017-02-06,43.35,43.65,43.16,43.46,6981771.0,246085534.0
2017-02-07,43.46,43.46,42.92,43.04,6201365.0,217101313.0
2017-02-08,43.04,43.12,42.72,43.07,4548432.0,158558496.0
2017-02-09,43.06,43.31,42.98,43.11,5366971.0,187909240.0
2017-02-10,43.09,43.31,42.99,43.22,5636509.0,197587032.0
2017-02-13,43.23,43.45,42.92,43.3,7535580.0,264290719.0
2017-02-14,43.3,43.3,42.58,42.6,14244742.0,494910656.0
2017-02-15,42.6,42.62,41.98,42.02,11841598.0,406383600.0
2017-02-16,41.98,42.23,41.83,42.13,4888235.0,167069546.0
2017-02-17,42.1,42.22,41.68,41.7,8104116.0,275582243.0
2017-02-20,42.17,42.34,41.69,42.06,11548924.0,393701747.0
2017-02-21,42.21,42.81,42.1,42.66,12460140.0,430113587.0
2017-02-22,42.59,42.64,41.85,42.15,14554169.0,497806089.0
2017-02-23,42.11,42.16,41.84,42.16,7100636.0,242108302.0
2017-02-24,42.16,42.48,41.96,42.33,9385847.0,322338602.0
2017-02-27,42.11,42.29,41.78,41.96,9067178.0,309065653.0
2017-02-28,41.96,42.13,41.87,42.03,4492435.0,153314547.0
2017-03-01,42.07,42.29,41.9,42.15,5508855.0,188531570.0
2017-03-02,42.42,42.42,41.97,41.98,4991065.0,170892212.0
2017-03-03,41.87,42.16,41.87,42.02,5309780.0,181199352.0
2017-03-06,41.98,42.12,41.92,42.06,7840629.0,267611805.0
2017-03-07,42.11,42.23,41.86,42.23,8818291.0,301071407.0
2017-03-08,42.17,42.17,41.98,42.05,4216708.0,144009393.0
2017-03-09,42.05,42.05,40.85,41.02,18809932.0,631358550.0
2017-03-10,41.01,41.17,40.72,41.11,6766961.0,225230199.0
2017-03-13,41.0,41.54,40.85,41.33,6625508.0,222084191.0
2017-03-14,41.32,41.33,41.0,41.11,5559028.0,185691304.0
2017-03-15,41.04,41.31,40.78,41.17,5731087.0,191222090.0
2017-03-16,41.26,41.52,41.2,41.22,5516768.0,185130178.0
2017-03-17,41.22,41.26,40.88,40.91,6640559.0,221515368.0
2017-03-20,40.9,41.06,40.87,41.0,5098643.0,169536610.0
2017-03-21,41.07,41.23,40.9,41.16,4940872.0,164868264.0
2017-03-22,41.09,41.14,40.78,40.85,5458199.0,181388700.0
2017-03-23,40.85,40.99,40.63,40.72,6681064.0,221553129.0
2017-03-24,40.74,41.3,40.64,41.25,7533056.0,250788565.0
2017-03-27,41.25,41.38,40.96,41.01,5948019.0,198529651.0
2017-03-28,40.95,41.27,40.95,41.07,4346771.0,145080864.0
2017-03-29,41.07,41.22,40.72,40.73,5122215.0,170400064.0
2017-03-30,40.74,40.84,40.27,40.3,7732456.0,253743270.0
2017-03-31,40.3,40.52,40.29,40.46,4188501.0,137496796.0
2017-04-05,40.26,40.95,40.21,40.84,6003681.0,198667760.0
2017-04-06,40.88,41.47,40.75,41.32,9034103.0,302274472.0
2017-04-07,41.43,41.43,40.78,40.87,9911476.0,329782734.0
2017-04-10,40.9,41.01,40.31,40.38,6767160.0,222509077.0
2017-04-11,40.41,40.84,40.4,40.82,7093459.0,234144462.0
2017-04-12,40.88,40.88,40.43,40.45,4601760.0,151598232.0
2017-04-13,40.48,40.75,40.32,40.35,4861502.0,159694012.0
2017-04-14,40.32,40.56,40.22,40.38,4165869.0,136629211.0
2017-04-17,40.32,40.34,39.4,39.49,8431096.0,271987893.0
2017-04-18,39.49,39.63,39.03,39.07,5402303.0,172744068.0
2017-04-19,39.01,39.01,37.56,38.8,10956037.0,340860281.0
2017-04-20,38.72,38.9,38.32,38.88,5432422.0,170471743.0
2017-04-21,38.78,39.08,38.62,38.91,3378760.0,106585576.0
2017-04-24,38.72,38.88,38.17,38.76,5581321.0,174394055.0
2017-04-25,38.65,38.77,38.45,38.77,4370687.0,137119410.0
2017-04-26,38.66,39.1,38.56,39.07,4757505.0,150330217.0
2017-04-27,39.05,39.56,38.78,39.3,5789471.0,184249248.0
2017-04-28,39.3,39.39,39.14,39.29,2176838.0,69409198.0
2017-05-02,39.36,39.55,39.03,39.28,3886129.0,124253913.0
2017-05-03,39.01,39.29,38.45,38.55,4886218.0,154095705.0
2017-05-04,38.52,38.52,37.65,37.66,7976942.0,246429042.0
2017-05-05,37.68,38.02,37.53,37.53,4895115.0,149709191.0
2017-05-08,37.53,37.7,35.73,35.74,9977491.0,295615814.0
2017-05-09,35.71,35.71,34.35,35.0,7387236.0,209351033.0
2017-05-10,34.98,35.25,33.81,33.81,7922078.0,222436557.0
2017-05-11,33.58,34.28,32.6,34.22,12964012.0,350798552.0
2017-05-12,33.96,34.87,33.44,34.86,7860143.0,218347933.0
2017-05-15,34.72,35.13,34.49,35.1,7253174.0,205237830.0
2017-05-16,34.84,35.2,34.6,35.03,4122960.0,116900633.0
2017-05-17,34.97,35.25,34.82,35.03,4427002.0,126070296.0
2017-05-18,34.73,35.13,34.71,34.83,3987199.0,113179292.0
2017-05-19,34.83,35.0,34.48,34.49,3274386.0,91989304.0
2017-05-22,34.55,35.37,34.55,34.94,5592701.0,159375646.0
2017-05-23,34.94,35.35,34.84,35.31,6381108.0,182455624.0
2017-05-24,35.31,36.15,35.05,36.12,7126114.0,207282499.0
2017-05-25,36.19,36.51,35.46,36.17,8035944.0,235171290.0
2017-05-26,35.99,36.4,34.43,36.23,11433027.0,267339397.0
2017-05-31,36.28,36.91,35.68,36.86,14462040.0,343877250.0
2017-06-01,36.88,37.0,36.4,36.72,7182453.0,172051402.0
2017-06-02,36.63,36.81,36.25,36.33,5545874.0,132267109.0
2017-06-05,36.35,36.54,35.87,35.87,5235324.0,123438013.0
2017-06-06,35.79,36.11,35.58,36.06,4820293.0,113245399.0
2017-06-07,36.0,36.39,35.76,36.29,6000092.0,141982472.0
2017-06-08,36.29,36.35,36.06,36.09,4095468.0,96962714.0
2017-06-09,36.05,36.19,35.87,35.88,5891690.0,138742978.0
2017-06-12,35.64,36.98,35.36,36.55,11231203.0,266501120.0
2017-06-13,36.51,36.74,36.37,36.49,6818442.0,163041485.0
2017-06-14,36.48,36.59,36.09,36.13,3870940.0,91722719.0
2017-06-15,36.17,36.39,36.0,36.23,6321725.0,149828917.0
2017-06-16,36.23,36.33,35.84,35.85,3959939.0,93225927.0
2017-06-19,35.88,36.14,35.8,35.87,3269196.0,76879587.0
2017-06-20,35.87,36.14,35.79,35.79,3700851.0,86851606.0
2017-06-21,35.93,36.31,35.47,36.19,7941520.0,186389721.0
2017-06-22,36.09,36.17,35.79,35.91,4308067.0,101276990.0
2017-06-23,35.87,36.25,35.62,36.19,8971184.0,211346998.0
2017-06-26,36.11,36.35,35.94,36.29,4470767.0,105823405.0
2017-06-27,36.37,36.48,36.11,36.19,3993505.0,94751705.0
2017-06-28,35.97,36.2,35.94,35.96,3872942.0,91193373.0
2017-06-29,35.96,36.05,35.64,35.67,4642039.0,108537574.0
2017-06-30,35.62,35.9,35.48,35.85,5506436.0,128529680.0
2017-07-03,35.88,36.0,35.5,35.96,5972382.0,139700109.0
2017-07-04,35.93,36.25,35.68,36.11,7449009.0,175304575.0
2017-07-05,36.09,36.09,35.87,35.99,3143572.0,73981691.0
2017-07-06,35.97,36.43,35.64,36.42,10216612.0,240805132.0
2017-07-07,36.23,36.59,36.14,36.54,6775734.0,161180688.0
2017-07-10,36.51,36.55,36.17,36.17,5150977.0,122396329.0
2017-07-11,36.19,36.37,35.97,35.99,5495223.0,130028007.0
2017-07-12,35.94,36.14,35.76,35.82,3359021.0,78761581.0
2017-07-13,35.87,35.99,35.71,35.77,3919505.0,91845763.0
2017-07-14,35.16,35.16,33.08,33.27,19514170.0,433479309.0
2017-07-17,32.88,32.99,30.53,30.56,20125742.0,409011526.0
2017-07-18,30.25,30.89,29.67,30.41,12699338.0,250932572.0
2017-07-19,30.34,30.51,29.99,30.44,7599908.0,150311222.0
2017-07-20,30.42,30.8,30.27,30.38,6610050.0,132060716.0
2017-07-21,30.34,30.48,30.09,30.15,5049152.0,99706663.0
2017-07-24,30.15,30.5,30.15,30.31,5363361.0,106318326.0
2017-07-25,30.28,30.56,30.21,30.45,4492768.0,89234102.0
2017-07-26,30.51,30.56,30.36,30.47,4305356.0,85752719.0
2017-07-27,30.42,32.03,30.34,31.66,13692188.0,279890947.0
2017-07-28,31.58,31.58,31.03,31.09,7021767.0,143242874.0
2017-07-31,31.09,31.22,30.86,30.93,5966425.0,120875396.0
2017-08-01,31.05,31.11,30.73,30.88,6144765.0,124030661.0
2017-08-02,30.88,30.96,30.27,30.31,9883989.0,197798764.0
2017-08-03,30.44,30.86,30.3,30.59,5720018.0,114581730.0
2017-08-04,30.59,30.8,30.47,30.73,6122896.0,122907231.0
2017-08-07,30.82,31.28,30.74,31.09,7269686.0,147535319.0
2017-08-08,31.09,34.2,31.06,34.2,37287487.0,806177895.0
2017-08-09,34.41,34.46,33.08,33.22,24467685.0,537863095.0
2017-08-10,33.23,33.98,33.04,33.13,13826003.0,302053755.0
2017-08-11,32.9,33.05,32.29,32.55,11334878.0,241614649.0
2017-08-14,32.56,33.45,32.41,33.14,9911378.0,214258435.0
2017-08-15,32.9,33.01,32.59,32.79,9019544.0,193072164.0
2017-08-16,32.64,33.1,32.55,32.96,9327861.0,200710030.0
2017-08-17,32.94,32.96,32.62,32.91,9981518.0,214081916.0
2017-08-18,32.79,33.1,32.59,32.84,7774397.0,166779482.0
2017-08-21,32.82,33.33,32.79,32.91,7250522.0,156562485.0
2017-08-22,33.11,34.4,33.11,33.57,20881223.0,461425176.0
2017-08-23,33.48,33.6,33.08,33.28,7308133.0,159002788.0
2017-08-24,33.36,33.77,33.05,33.51,8536950.0,186957989.0
2017-08-25,33.36,33.8,33.34,33.59,7095800.0,155894636.0
2017-08-28,33.49,34.67,33.37,34.21,15623365.0,350170040.0
2017-08-29,34.23,34.66,34.03,34.18,7847150.0,175764397.0
2017-08-30,34.18,34.89,34.11,34.84,10883517.0,246981713.0
2017-08-31,34.81,35.58,34.64,35.48,13359764.0,308681494.0
2017-09-01,35.48,35.56,34.96,35.01,11415766.0,262383185.0
2017-09-04,34.99,35.01,34.49,34.6,11631224.0,263653000.0
2017-09-05,34.69,35.48,34.69,34.93,7891209.0,181154004.0
2017-09-06,35.02,35.15,34.7,34.77,5968613.0,135860306.0
2017-09-07,34.8,35.05,34.67,34.67,6423167.0,146103660.0
2017-09-08,34.69,35.16,34.67,34.99,6308112.0,143914738.0
2017-09-11,34.87,35.22,34.72,34.95,6229579.0,142481758.0
2017-09-12,35.05,35.16,34.57,34.6,7681448.0,174443790.0
2017-09-13,34.6,34.77,34.26,34.38,5811441.0,130704908.0
2017-09-14,34.38,34.69,34.29,34.46,4599548.0,103771113.0
2017-09-15,34.44,34.8,34.35,34.57,4581498.0,103763756.0
2017-09-18,34.6,34.83,34.49,34.7,4002397.0,90579641.0
2017-09-19,34.73,34.8,34.38,34.53,4708595.0,106319087.0
2017-09-20,34.64,34.67,34.41,34.66,3512762.0,79388277.0
2017-09-21,34.69,34.99,34.49,34.66,4963111.0,112827778.0
2017-09-22,34.57,34.57,33.69,33.76,7966961.0,176673770.0
2017-09-25,33.85,33.85,33.04,33.04,5522218.0,120356562.0
2017-09-26,33.11,33.36,33.01,33.05,2296764.0,49755533.0
2017-09-27,33.22,33.28,32.93,33.04,2350019.0,50757579.0
2017-09-28,33.11,33.19,32.52,32.62,4060857.0,86760514.0
2017-09-29,32.69,33.02,32.67,32.9,3559946.0,76525277.0
2017-10-09,33.65,33.8,33.22,33.42,6645411.0,145906949.0
2017-10-10,33.25,34.61,33.25,34.4,12438058.0,278148620.0
2017-10-11,34.4,35.7,34.21,35.15,15227341.0,350727846.0
2017-10-12,35.13,35.38,34.81,34.93,6590117.0,151026219.0
2017-10-13,34.93,35.33,34.61,35.15,6697106.0,153639370.0
2017-10-16,35.1,35.8,35.04,35.58,13150965.0,306020947.0
2017-10-17,35.56,35.56,34.92,35.33,6377091.0,146879829.0
2017-10-18,35.41,35.73,34.92,34.95,4748024.0,109125841.0
2017-10-19,34.96,35.28,34.84,35.18,5982356.0,137202687.0
2017-10-20,35.18,35.22,34.66,34.99,4591401.0,104555802.0
2017-10-23,35.18,35.87,34.99,35.62,10980663.0,254785732.0
2017-10-24,35.48,35.7,35.36,35.58,5354140.0,124350898.0
2017-10-25,35.58,36.16,35.5,36.14,9211591.0,216543248.0
2017-10-26,36.13,37.55,35.85,37.1,16098017.0,389626954.0
2017-10-27,37.1,37.4,36.65,37.17,8323857.0,201730161.0
2017-10-30,37.18,38.99,37.18,38.37,30243755.0,757666668.0
2017-10-31,38.62,39.46,37.99,38.7,20398727.0,519462358.0
2017-11-01,38.5,40.5,38.41,40.33,26120009.0,681025441.0
2017-11-02,40.38,41.52,39.46,40.13,18340505.0,483829036.0
2017-11-03,39.64,40.45,39.61,39.83,11960578.0,312357830.0
2017-11-06,39.58,39.58,38.08,38.89,18962450.0,478908459.0
2017-11-07,38.85,39.75,38.63,39.02,13378741.0,342411963.0
2017-11-08,39.34,39.34,38.13,38.17,11515108.0,290753044.0
2017-11-09,38.27,38.89,37.75,38.7,10786870.0,270370049.0
2017-11-10,38.88,39.89,38.88,39.41,12223244.0,315564729.0
2017-11-13,39.31,39.46,38.44,38.5,10171811.0,257698682.0
2017-11-14,38.91,39.73,38.41,39.49,12016750.0,307762442.0
2017-11-15,39.43,39.43,38.51,38.62,8658195.0,219459802.0
2017-11-16,38.62,40.84,38.33,40.5,31722081.0,830905675.0
2017-11-17,40.93,42.06,40.84,40.84,30301886.0,820513585.0
2017-11-20,39.86,42.14,39.86,42.14,26052305.0,707630608.0
2017-11-21,42.14,42.58,41.37,42.11,19726192.0,541345900.0
2017-11-22,42.11,42.78,41.62,42.44,13616660.0,374774479.0
2017-11-23,42.35,42.35,40.23,40.53,20844974.0,558517944.0
2017-11-24,40.23,40.82,38.54,38.6,15371681.0,395069710.0
2017-11-27,38.6,38.95,37.0,37.33,15271990.0,378866194.0
2017-11-28,37.55,38.04,36.55,37.7,15557530.0,378584562.0
2017-11-29,37.62,38.05,37.21,37.93,8814672.0,217150388.0
2017-11-30,37.76,37.99,36.59,36.8,8697978.0,211041489.0
2017-12-01,36.88,38.15,36.86,37.78,10891782.0,268948811.0
2017-12-04,37.79,38.85,37.47,38.63,10442577.0,261419184.0
2017-12-05,38.62,38.62,37.75,38.19,7736229.0,193256771.0
2017-12-06,38.24,39.0,38.22,38.8,10894211.0,275539761.0
2017-12-07,38.62,39.28,38.48,38.56,6111065.0,154766180.0
2017-12-08,38.57,39.08,38.17,38.34,9076799.0,229112711.0
2017-12-11,38.08,38.34,37.47,38.01,10742677.0,265924244.0
2017-12-12,38.24,38.36,37.15,37.18,11217491.0,276283453.0
2017-12-13,37.29,37.5,36.94,37.4,7118678.0,173151921.0
2017-12-14,37.43,37.59,36.29,36.62,10436833.0,252079835.0
2017-12-15,36.78,36.78,35.71,35.88,10001781.0,235715655.0
2017-12-18,35.99,36.51,35.65,36.37,6885203.0,162971858.0
2017-12-19,36.33,36.65,36.25,36.33,7280259.0,173534378.0
2017-12-20,36.71,37.3,36.34,37.13,11376434.0,275317126.0
2017-12-21,36.88,37.35,36.57,37.09,8883246.0,215147515.0
2017-12-22,37.09,37.3,36.71,37.09,6249246.0,151057018.0
2017-12-25,37.21,37.64,36.62,36.68,14000226.0,338305157.0
2017-12-26,36.65,36.92,36.06,36.8,8732632.0,208367686.0
2017-12-27,36.72,37.07,36.37,36.63,6434213.0,154465552.0
2017-12-28,36.34,37.01,36.34,36.71,6418950.0,154289763.0
2017-12-29,36.74,36.94,36.17,36.55,7222316.0,172177476.0
2018-01-02,36.8,37.32,36.26,37.3,9529318.0,230218232.0
2018-01-03,37.26,37.73,37.01,37.32,9386502.0,229498990.0
2018-01-04,37.24,37.75,36.97,37.66,8441771.0,206080841.0
2018-01-05,37.62,39.05,37.47,38.86,18768715.0,472599773.0
2018-01-08,39.45,41.75,39.45,41.22,40478534.0,1086069103.0
2018-01-09,40.56,41.37,40.53,40.81,18684272.0,500885613.0
2018-01-10,40.84,40.84,39.9,40.27,14918151.0,394049117.0
2018-01-11,40.19,40.81,39.95,40.47,11864342.0,313530732.0
2018-01-12,40.21,41.39,40.21,41.13,18242681.0,490250808.0
2018-01-15,41.11,41.34,39.0,39.61,18159414.0,478135840.0
2018-01-16,39.84,41.74,39.84,41.25,25373703.0,682636065.0
2018-01-17,41.14,41.72,40.84,41.19,22926126.0,619832738.0
2018-01-18,40.99,41.6,40.65,41.03,13142501.0,353665927.0
2018-01-19,40.76,40.97,39.57,39.7,16964969.0,445047630.0
2018-01-22,39.81,41.27,39.73,41.05,15938535.0,423057697.0
2018-01-23,41.14,42.06,40.74,41.72,27555568.0,749182655.0
2018-01-24,41.69,42.05,41.02,41.75,20159200.0,549062683.0
2018-01-25,41.75,42.03,41.3,41.63,18713378.0,510616275.0
2018-01-26,41.75,41.83,40.56,41.13,17191148.0,461426152.0
2018-01-29,41.19,41.4,40.55,40.71,11852313.0,316936080.0
2018-01-30,40.96,41.11,39.12,39.31,16918735.0,440886252.0
2018-01-31,39.29,39.6,37.84,38.01,18032801.0,454824324.0
2018-02-01,38.28,38.68,37.01,37.49,16129780.0,397323395.0
2018-02-02,37.49,38.08,37.06,37.44,12169505.0,298874804.0
2018-02-05,37.09,38.05,36.89,37.62,10922553.0,268447893.0
2018-02-06,36.75,37.4,34.41,34.58,22935736.0,538794310.0
2018-02-07,35.21,35.45,33.98,34.46,16367621.0,372640029.0
2018-02-08,34.57,35.59,33.88,34.78,10919563.0,249189977.0
2018-02-09,33.95,35.18,33.57,33.57,13059115.0,290634249.0
2018-02-12,33.95,34.24,33.66,34.02,8556530.0,190125164.0
2018-02-13,34.17,34.87,34.17,34.35,7639877.0,172125309.0
2018-02-14,34.49,35.33,34.12,35.28,5926882.0,134624518.0
2018-02-22,35.35,35.48,34.64,34.99,11543830.0,263395783.0
2018-02-23,34.89,35.15,34.61,34.84,5968660.0,135840423.0
2018-02-26,34.9,35.09,34.32,34.92,13245436.0,300670182.0
2018-02-27,34.98,35.12,33.74,33.8,17803245.0,399083033.0
2018-02-28,33.74,34.49,33.28,34.03,12836217.0,284156229.0
2018-03-01,33.91,34.32,33.73,34.14,8105640.0,180700353.0
2018-03-02,34.09,34.55,33.83,33.92,10012130.0,223223423.0
2018-03-05,34.03,34.18,33.27,33.51,10049786.0,220616730.0
2018-03-06,33.42,33.69,33.22,33.63,10078877.0,220411275.0
2018-03-07,33.69,33.71,33.3,33.31,7410565.0,161995348.0
2018-03-08,33.27,33.54,33.23,33.28,7118733.0,155170124.0
2018-03-09,33.34,34.53,33.27,34.46,16840729.0,373646929.0
2018-03-12,34.43,34.67,34.06,34.2,15623316.0,350260435.0
2018-03-13,34.2,34.84,34.12,34.55,16206077.0,366063333.0
2018-03-14,34.41,34.58,33.86,34.06,10841899.0,242068022.0
2018-03-15,33.92,34.11,33.05,33.23,14539960.0,317559698.0
2018-03-16,33.23,33.43,33.07,33.07,6071660.0,132014086.0
2018-03-19,33.01,33.01,31.48,32.0,14268241.0,301066150.0
2018-03-20,31.89,32.62,31.37,32.49,12004349.0,250930364.0
2018-03-21,32.32,32.62,31.97,32.03,7916983.0,167514727.0
2018-03-22,31.77,32.21,31.74,31.78,5745429.0,120024316.0
2018-03-23,31.68,34.21,31.39,32.95,39945988.0,866035635.0
2018-03-26,32.87,32.87,30.01,31.68,22897171.0,469960029.0
2018-03-27,31.48,32.5,31.03,32.29,18228328.0,377041376.0
2018-03-28,31.89,32.65,31.71,32.0,13603900.0,286113880.0
2018-03-29,32.04,32.55,31.68,32.32,10881286.0,229692272.0
2018-03-30,32.33,32.42,31.66,31.91,16127469.0,335865809.0
2018-04-02,33.02,33.19,32.32,33.02,23038351.0,493745263.0
2018-04-03,33.02,34.55,32.87,33.48,35777140.0,792919158.0
2018-04-04,33.68,33.98,32.96,33.8,20225238.0,444248265.0
2018-04-09,33.65,33.68,32.75,32.95,15522978.0,335909651.0
2018-04-10,32.95,32.99,32.27,32.79,11296771.0,241012886.0
2018-04-11,32.81,33.3,32.52,33.07,13652890.0,293903535.0
2018-04-12,33.01,33.3,32.35,32.42,10181050.0,218888080.0
2018-04-13,32.49,32.79,32.12,32.18,8004711.0,169541761.0
2018-04-16,32.12,32.12,31.09,31.57,11795248.0,243431824.0
2018-04-17,31.52,32.42,31.39,31.81,9926237.0,206903159.0
2018-04-18,31.95,32.39,31.35,32.13,10892968.0,228033772.0
2018-04-19,32.04,32.5,31.84,32.36,9578399.0,201938153.0
2018-04-20,32.36,32.91,32.26,32.73,13263966.0,283613155.0
2018-04-23,32.76,32.88,32.23,32.5,9685369.0,206179624.0
2018-04-24,32.5,32.65,32.2,32.49,8224070.0,174511317.0
2018-04-25,32.47,33.27,31.98,32.01,8387427.0,177550116.0
2018-04-26,32.03,32.26,31.23,31.61,9043038.0,187028847.0
2018-04-27,31.66,31.84,31.45,31.71,5376566.0,111335506.0
2018-05-02,31.71,31.87,31.48,31.52,5177939.0,107095989.0
2018-05-03,31.52,32.56,31.49,32.5,14676565.0,310458770.0
2018-05-04,32.56,32.98,32.32,32.7,10352595.0,220306842.0
2018-05-07,32.72,32.9,32.36,32.88,9810009.0,210022289.0
2018-05-08,32.78,33.11,32.65,32.72,7156896.0,153726448.0
2018-05-09,32.78,33.11,32.76,32.9,8653697.0,186445414.0
2018-05-10,32.99,33.08,32.73,32.96,8433187.0,181742425.0
2018-05-11,33.04,33.97,32.9,33.65,16086270.0,351691133.0
2018-05-14,33.8,35.25,33.51,34.96,31108594.0,707240663.0
2018-05-15,34.81,36.03,34.8,35.48,23986085.0,557020770.0
2018-05-16,35.5,36.29,35.38,35.76,16156841.0,380033733.0
2018-05-17,35.61,36.95,35.55,36.69,20771415.0,495232377.0
2018-05-18,36.69,36.69,35.97,36.46,13849557.0,329349621.0
2018-05-21,35.36,36.63,35.21,36.35,19743687.0,467594225.0
2018-05-22,36.23,37.44,36.19,37.35,17638198.0,426327557.0
2018-05-23,37.35,37.93,36.26,36.29,18435949.0,448148945.0
2018-05-24,36.55,37.24,36.09,36.51,12555708.0,300877981.0
2018-05-25,36.55,37.55,36.54,37.21,21207051.0,516278418.0
2018-05-28,37.47,37.9,36.98,37.29,15950129.0,391584740.0
2018-05-29,37.17,37.78,36.39,36.63,12337994.0,299188943.0
2018-05-30,36.72,37.24,35.68,36.37,15459177.0,369598333.0
2018-05-31,36.86,38.24,35.94,37.31,18885253.0,452624138.0
2018-06-01,37.26,37.85,36.61,37.26,10315424.0,246217740.0
2018-06-04,37.0,37.51,36.56,36.62,9582524.0,227604995.0
2018-06-05,36.7,37.74,36.64,37.68,12659731.0,304615629.0
2018-06-06,37.67,38.24,37.31,38.12,13015146.0,316917691.0
2018-06-07,37.99,38.44,37.62,37.85,10706899.0,262174543.0
2018-06-08,37.54,37.82,35.69,36.36,13110387.0,308040133.0
2018-06-11,36.27,36.27,35.07,35.54,10483889.0,239286167.0
2018-06-12,35.44,36.41,35.44,36.11,7612442.0,176892806.0
2018-06-13,36.27,36.8,36.08,36.16,6509095.0,152492362.0
2018-06-14,36.17,36.66,35.47,35.54,6522578.0,150696880.0
2018-06-15,35.54,36.03,35.16,35.52,6273474.0,143605417.0
2018-06-19,35.78,36.59,35.13,35.26,24370061.0,557121215.0
2018-06-20,35.18,35.21,33.13,33.89,17580635.0,385780175.0
2018-06-21,33.73,34.35,33.28,33.34,8506604.0,184402080.0
2018-06-22,33.13,34.2,33.05,33.7,8259195.0,179399373.0
2018-06-25,34.01,34.11,32.89,32.99,6724750.0,144796932.0
2018-06-26,32.8,33.72,32.33,32.82,10294673.0,218540719.0
2018-06-27,33.02,33.66,32.74,33.05,10757132.0,230159758.0
2018-06-28,33.08,33.44,33.0,33.27,6872276.0,147042220.0
2018-06-29,33.53,34.54,33.28,34.23,9355866.0,204038473.0
2018-07-02,34.29,35.13,33.48,33.87,7341185.0,161414146.0
2018-07-03,34.2,34.65,33.67,34.0,8734980.0,191852811.0
2018-07-04,33.98,34.29,33.23,33.45,5703756.0,122896659.0
2018-07-05,33.56,34.01,32.72,33.42,6825071.0,145199332.0
2018-07-06,33.27,34.57,33.08,34.28,9681766.0,211361291.0
2018-07-09,34.51,36.11,34.28,35.72,15569946.0,356953331.0
2018-07-10,35.65,36.19,35.3,35.94,7912038.0,182488461.0
2018-07-11,35.15,36.06,34.85,35.74,10574898.0,241963414.0
2018-07-12,35.75,36.28,35.46,35.83,11051822.0,254624068.0
2018-07-13,35.83,36.11,35.13,35.46,7184710.0,163901014.0
2018-07-16,35.61,35.68,34.84,35.24,6135866.0,138575643.0
2018-07-17,35.24,35.51,34.54,35.46,9065191.0,204852099.0
2018-07-18,35.51,35.57,34.79,34.84,6817031.0,154229342.0
2018-07-19,34.82,35.02,34.35,34.66,6327545.0,140823069.0
2018-07-20,34.49,35.43,34.49,35.24,8111492.0,183266932.0
2018-07-23,35.44,36.56,35.41,36.53,16860335.0,392521148.0
2018-07-24,36.38,36.72,36.06,36.27,8846837.0,206771513.0
2018-07-25,36.27,36.38,35.85,36.16,6050252.0,140286112.0
2018-07-26,36.11,36.58,35.99,36.19,11527800.0,269711193.0
2018-07-27,36.08,36.45,35.78,35.8,7393029.0,171745566.0
2018-07-30,35.8,36.06,35.44,35.57,6821374.0,156474654.0
2018-07-31,35.61,36.69,35.46,36.56,14218939.0,331934282.0
2018-08-01,36.66,36.8,35.83,35.86,9084351.0,211467033.0
2018-08-02,35.69,36.33,34.98,35.12,16582797.0,379301966.0
2018-08-03,35.68,37.09,35.44,35.51,25775555.0,602399521.0
2018-08-06,34.4,35.12,33.23,33.38,24652290.0,539102837.0
2018-08-07,33.36,34.15,32.95,33.72,10597275.0,229734149.0
2018-08-08,33.67,34.12,33.52,33.73,9403692.0,204932981.0
2018-08-09,33.87,34.49,33.8,34.14,13797191.0,303731775.0
2018-08-10,34.35,35.38,34.35,34.91,13315110.0,299631407.0
2018-08-13,34.98,35.44,34.71,35.07,9234990.0,208250892.0
2018-08-14,35.13,35.33,34.84,35.1,6033523.0,136304707.0
2018-08-15,35.07,35.66,34.77,35.13,11532258.0,261218502.0
2018-08-16,34.74,35.13,32.64,32.92,18479276.0,402376274.0
2018-08-17,33.03,33.2,32.3,32.86,14530745.0,305387649.0
2018-08-20,31.71,32.33,30.97,31.09,24927738.0,502314526.0
2018-08-21,31.18,32.01,31.18,31.56,10991925.0,223747753.0
2018-08-22,31.66,32.37,31.35,32.01,9290881.0,191154776.0
2018-08-23,31.99,32.52,31.11,31.45,15456616.0,315171050.0
2018-08-24,31.35,32.13,31.03,31.93,10543701.0,213515477.0
2018-08-27,31.88,32.68,31.63,32.47,11482189.0,238719953.0
2018-08-28,32.57,32.8,32.04,32.37,7854241.0,163078019.0
2018-08-29,32.4,32.8,32.18,32.3,6079150.0,126986353.0
2018-08-30,32.4,32.65,32.1,32.52,6630435.0,138193115.0
2018-08-31,32.15,32.46,31.87,32.04,6309544.0,130205224.0
2018-09-03,32.02,32.43,31.87,32.15,5710614.0,118357367.0
2018-09-04,32.27,32.43,32.04,32.27,6743252.0,139977333.0
2018-09-05,32.41,32.65,32.12,32.18,4789924.0,99742848.0
2018-09-06,32.1,32.88,32.02,32.61,10461185.0,219173469.0
2018-09-07,32.55,33.7,32.47,33.56,14214570.0,305057341.0
2018-09-10,33.73,34.51,33.73,34.09,16793960.0,368958993.0
2018-09-11,33.92,34.79,33.86,34.37,12196151.0,270043049.0
2018-09-12,34.2,35.05,33.92,34.04,10502819.0,232753153.0
2018-09-13,34.45,34.6,33.97,34.29,8865259.0,196002886.0
2018-09-14,34.6,34.85,33.58,33.87,8588889.0,189141547.0
2018-09-17,33.95,34.62,33.8,34.15,12443193.0,274665323.0
2018-09-18,34.2,34.95,34.14,34.68,11273366.0,251237153.0
2018-09-19,34.9,34.9,34.28,34.62,9900243.0,220038865.0
2018-09-20,34.62,34.67,34.22,34.53,4886901.0,108384186.0
2018-09-21,34.56,35.13,34.43,34.87,8665224.0,194162092.0
2018-09-25,34.88,36.3,34.88,35.88,16264726.0,374664069.0
2018-09-26,35.77,37.37,35.77,36.97,26607815.0,629668500.0
2018-09-27,36.87,36.95,36.28,36.67,11231953.0,264074996.0
2018-09-28,36.8,36.83,35.96,36.1,10233069.0,238737212.0
2018-10-08,35.54,36.56,35.47,35.89,13691360.0,319189316.0
2018-10-09,36.28,36.69,35.99,36.25,14109233.0,330489392.0
2018-10-10,36.22,37.68,36.22,37.45,21771285.0,522413509.0
2018-10-11,36.55,37.91,36.34,37.11,21715783.0,518044822.0
2018-10-12,36.69,37.7,36.69,37.51,20514112.0,495068061.0
2018-10-15,37.49,37.93,37.31,37.77,13329256.0,324222281.0
2018-10-16,37.62,37.63,35.61,36.41,20673301.0,485448826.0
2018-10-17,36.2,37.85,35.85,37.4,16483102.0,393109386.0
2018-10-18,37.23,37.77,36.69,36.69,9899888.0,236157778.0
2018-10-19,36.56,37.43,36.16,37.29,15253741.0,365406637.0
2018-10-22,38.09,38.38,37.31,37.62,26008075.0,635764144.0
2018-10-23,37.6,38.4,37.34,37.95,16762331.0,409985364.0
2018-10-24,37.77,39.08,37.57,38.99,26190957.0,652831278.0
2018-10-25,38.4,39.13,37.9,38.88,15755350.0,394534110.0
2018-10-26,38.83,40.03,38.71,39.27,23281837.0,591211407.0
2018-10-29,39.17,39.45,38.24,39.19,18554607.0,467642877.0
2018-10-30,38.86,39.1,36.27,37.31,23867956.0,582205750.0
2018-10-31,37.77,38.94,37.37,38.38,18497984.0,457149272.0
2018-11-01,38.1,38.85,37.79,37.99,14017651.0,344365851.0
2018-11-02,39.17,39.17,37.74,38.71,17756895.0,441284273.0
2018-11-05,38.92,39.33,38.4,38.94,12533451.0,313632957.0
2018-11-06,38.88,39.14,38.01,39.13,12735007.0,317384939.0
2018-11-07,39.17,39.17,38.4,38.82,10118735.0,252526640.0
2018-11-08,38.83,38.97,38.43,38.61,6720023.0,167536678.0
2018-11-09,38.54,38.86,36.92,37.04,14634403.0,353172222.0
2018-11-12,36.83,37.99,36.39,37.51,13700850.0,327243514.0
2018-11-13,37.7,38.88,37.34,38.85,19197417.0,474796223.0
