2015-03-18,27.59,33.11,27.59,33.11,56200.0,1847168.0
2015-03-19,36.42,36.42,36.42,36.42,13100.0,477102.0
2015-03-20,40.06,40.06,40.06,40.06,10800.0,432648.0
2015-03-23,44.07,44.07,44.07,44.07,18900.0,832923.0
2015-03-24,48.48,48.48,48.48,48.48,29400.0,1425312.0
2015-03-25,53.33,53.33,53.33,53.33,44500.0,2373185.0
2015-03-26,58.66,58.66,58.66,58.66,127056.0,7453105.0
2015-03-27,64.53,64.53,64.53,64.53,269800.0,17410194.0
2015-03-30,70.98,70.98,70.98,70.98,462900.0,32856642.0
2015-03-31,78.08,78.08,78.08,78.08,488199.0,38118576.0
2015-04-01,85.89,85.89,85.89,85.89,1085271.0,93213928.0
2015-04-02,94.48,94.48,94.48,94.48,1107247.0,104612696.0
2015-04-03,103.93,103.93,99.99,103.93,26992044.0,2783676160.0
2015-04-07,103.99,108.88,100.0,106.49,26596660.0,2799209984.0
2015-04-08,102.8,105.45,100.12,103.52,14873259.0,1527880320.0
2015-04-09,103.0,113.87,99.0,113.87,22852744.0,2462877184.0
2015-04-10,112.0,118.79,110.11,112.29,14431584.0,1647862528.0
2015-04-13,109.1,110.99,106.0,106.9,12014306.0,1293283840.0
2015-04-14,107.0,111.88,103.8,105.98,11305017.0,1226913792.0
2015-04-15,103.0,103.86,97.9,97.9,10856182.0,1087017344.0
2015-04-16,95.8,99.88,95.01,96.71,6554444.0,638877248.0
2015-04-17,98.22,99.74,97.5,97.83,5759567.0,568472128.0
2015-04-20,97.0,97.0,94.41,94.5,7738943.0,739357184.0
2015-04-21,94.49,101.88,94.45,100.22,7787108.0,767840768.0
2015-04-22,100.27,102.77,99.35,101.03,7632746.0,769602176.0
2015-04-23,101.9,103.48,100.0,100.75,6000725.0,609020032.0
2015-04-24,98.0,110.65,97.01,109.12,13251043.0,1392050944.0
2015-04-27,109.99,110.0,103.6,104.32,10327093.0,1094712832.0
2015-04-28,103.5,104.3,97.09,99.38,7996735.0,800466496.0
2015-04-29,98.48,102.8,98.48,101.37,4796865.0,485525920.0
2015-04-30,100.35,105.23,100.0,101.8,7115793.0,733103744.0
2015-05-04,101.01,101.49,98.42,99.99,4356454.0,434424960.0
2015-05-05,99.99,105.5,99.38,101.4,7641047.0,788046528.0
2015-05-06,103.8,105.8,101.1,102.13,8113510.0,842784384.0
2015-05-07,100.0,106.21,98.12,104.25,8050159.0,835824640.0
2015-05-08,105.6,114.68,103.0,114.68,13662708.0,1490943616.0
2015-05-11,118.0,126.15,116.66,126.15,7090144.0,859593984.0
2015-05-12,137.93,138.77,128.5,132.5,16652989.0,2230848768.0
2015-05-13,124.99,143.2,123.0,138.25,13881418.0,1830003968.0
2015-05-14,136.8,142.36,130.6,132.0,9641301.0,1310746368.0
2015-05-15,129.0,129.47,124.0,125.98,7892456.0,1001969088.0
2015-05-18,128.75,138.58,128.0,137.99,10990461.0,1492438272.0
2015-05-19,139.9,141.98,128.5,131.96,10000088.0,1331165568.0
2015-05-20,131.71,138.3,130.3,133.01,7346426.0,987810816.0
2015-05-21,132.0,145.78,130.5,143.59,11069209.0,1533615744.0
2015-05-22,145.51,147.45,135.1,137.81,10411216.0,1452188032.0
2015-06-02,151.59,151.59,139.6,140.0,12423797.0,1806491264.0
2015-06-03,133.49,136.8,126.1,127.0,10752419.0,1396685440.0
2015-06-04,125.1,132.0,116.0,122.74,7148139.0,885979264.0
2015-06-05,125.0,128.77,120.0,123.49,6526744.0,813466240.0
2015-06-08,123.7,124.85,117.3,118.59,5986382.0,715492736.0
2015-06-09,119.0,122.96,118.51,121.05,4093647.0,493981632.0
2015-06-10,121.0,126.28,119.17,125.13,5723049.0,712719040.0
2015-06-11,123.89,125.2,122.38,123.0,4241425.0,523606112.0
2015-06-12,123.0,124.71,118.5,119.8,4832253.0,582719616.0
2015-06-15,117.55,118.77,107.86,107.89,7168788.0,804536768.0
2015-06-16,105.0,107.0,99.8,104.12,5598097.0,576047296.0
2015-06-17,103.51,112.87,103.51,111.4,5034677.0,544869568.0
2015-06-18,110.5,110.98,101.0,101.0,4495289.0,474167488.0
2015-06-19,98.01,99.35,94.5,94.83,4041749.0,392391520.0
2015-06-23,95.82,98.5,93.01,98.49,4024002.0,389486752.0
2015-06-24,99.6,104.3,99.6,102.95,4762311.0,485718208.0
2015-06-25,102.6,103.95,96.0,97.24,3718899.0,373167712.0
2015-06-26,94.89,95.6,87.52,88.1,6239829.0,568593216.0
2015-06-29,91.59,92.0,79.29,80.55,5859102.0,495127040.0
2015-06-30,80.91,88.55,74.13,88.41,6647102.0,548600512.0
2015-07-01,86.19,94.2,85.0,86.06,6553239.0,589505600.0
2015-07-02,87.5,90.33,82.1,85.17,5128884.0,445891648.0
2015-07-03,82.31,90.41,77.65,83.99,5474070.0,459523616.0
2015-07-06,92.39,92.39,79.0,82.6,6164191.0,523452896.0
2015-07-07,80.02,81.38,74.34,74.34,3892808.0,296843104.0
2015-07-08,66.91,80.0,66.91,80.0,10884848.0,770578432.0
2015-07-09,79.88,88.0,75.0,88.0,7598789.0,641715968.0
2015-07-10,89.01,96.8,89.01,96.8,9263787.0,885001920.0
2015-07-20,102.48,102.55,92.01,94.55,7363261.0,715036224.0
2015-07-21,93.0,96.5,91.08,94.85,3531290.0,331987136.0
2015-07-22,94.0,95.84,91.2,92.89,4068452.0,378712544.0
2015-07-23,92.21,99.0,91.36,97.11,5166537.0,495242304.0
2015-07-24,97.11,98.76,92.75,93.31,5273292.0,507783808.0
2015-07-27,91.0,92.5,83.98,83.98,4821933.0,428182400.0
2015-07-28,78.0,83.7,75.8,78.5,4156320.0,327610528.0
2015-07-29,80.21,83.98,77.0,83.67,3075132.0,245636016.0
2015-07-30,83.0,83.59,78.2,78.77,3215565.0,263246352.0
2015-07-31,78.33,80.8,77.6,78.57,2387907.0,188917312.0
2015-08-03,77.56,77.7,72.4,73.0,2661177.0,198775712.0
2015-08-04,74.02,78.6,74.0,78.45,2803142.0,214022240.0
2015-08-05,78.57,79.87,77.1,77.94,2630405.0,206511168.0
2015-08-06,75.86,78.0,75.01,76.53,1571580.0,120596592.0
2015-08-07,77.2,79.99,77.2,79.33,2653712.0,209734368.0
2015-08-10,80.29,85.18,80.29,84.88,3677603.0,306389920.0
2015-08-11,84.89,86.89,84.0,84.88,3884162.0,332398944.0
2015-08-12,84.0,85.55,82.12,82.2,2627223.0,219966816.0
2015-08-13,81.5,83.25,81.08,83.2,2167198.0,178625296.0
2015-08-14,83.35,84.53,82.92,83.1,2275167.0,190148320.0
2015-08-17,82.7,82.7,80.0,80.96,2189842.0,177568160.0
2015-08-18,81.3,81.88,73.1,73.8,2793428.0,217958352.0
2015-08-19,73.0,77.5,72.49,76.98,2544153.0,190855360.0
2015-08-20,75.01,77.45,75.0,75.17,1600433.0,121392096.0
2015-08-21,74.8,74.9,71.44,71.8,2374148.0,173206880.0
2015-08-24,69.02,69.12,64.62,64.62,2821535.0,184883360.0
2015-08-25,59.86,61.0,58.16,58.16,2674191.0,158566448.0
2015-08-26,58.79,61.0,53.73,55.7,3923177.0,225578192.0
2015-08-27,57.77,58.69,55.72,58.0,2788059.0,159934368.0
2015-08-28,60.18,62.98,58.59,62.89,3634248.0,220412560.0
2015-08-31,62.6,62.6,59.2,59.2,2368375.0,144038688.0
2015-09-01,58.3,59.0,56.5,56.5,2015084.0,116152208.0
2015-09-02,55.01,59.38,54.03,55.75,2479900.0,141077328.0
2015-09-07,57.0,59.27,57.0,57.9,2352459.0,137065552.0
2015-09-08,56.9,63.68,56.33,63.68,3797534.0,230304240.0
2015-09-09,64.9,66.97,64.28,66.3,5114995.0,334783072.0
2015-09-10,64.92,64.92,62.41,62.58,3951185.0,251444736.0
2015-09-11,62.07,63.42,61.51,62.38,2075107.0,129565840.0
2015-09-14,62.95,63.2,56.14,56.15,3100921.0,182172944.0
2015-09-15,55.38,56.99,54.2,54.34,1801989.0,99839288.0
2015-09-16,55.49,59.77,54.9,59.75,2514027.0,143705088.0
2015-09-17,59.75,60.48,57.49,57.5,3141075.0,185397296.0
2015-09-18,57.65,58.37,56.15,57.34,1689464.0,96559624.0
2015-09-21,56.11,60.62,56.11,60.62,2894207.0,171550112.0
2015-09-22,60.91,62.47,60.1,60.94,2855775.0,175153520.0
2015-09-23,59.96,61.97,59.62,60.71,2214651.0,134897712.0
2015-09-24,61.01,62.4,60.5,61.14,2386089.0,146634096.0
2015-09-25,61.0,61.0,58.1,58.39,2046602.0,121469072.0
2015-09-28,58.51,60.94,57.5,60.66,1846564.0,110046176.0
2015-09-29,59.53,60.49,58.68,59.1,1374452.0,81686368.0
2015-09-30,59.4,60.48,59.4,59.8,1684101.0,100984200.0
2015-10-08,61.99,63.4,60.88,62.5,3005866.0,187317536.0
2015-10-09,62.41,62.99,62.0,62.83,2219921.0,138847024.0
2015-10-12,65.71,69.11,65.71,69.11,2271522.0,153699808.0
2015-10-13,70.9,71.38,69.2,69.74,5334041.0,374868096.0
2015-10-14,69.45,71.1,68.81,68.81,3566051.0,249380656.0
2015-10-15,68.15,71.49,68.0,71.31,3945737.0,277325216.0
2015-10-16,71.8,71.95,70.13,71.43,3972542.0,281639040.0
2015-10-19,71.9,75.9,71.51,73.71,4437546.0,327324768.0
2015-10-20,74.07,74.97,73.22,74.38,3440824.0,254882752.0
2015-10-21,74.08,74.3,67.04,67.51,4479073.0,317179296.0
2015-10-22,67.61,70.43,67.61,70.34,3162889.0,218566672.0
2015-10-23,71.4,73.96,71.0,73.72,3516902.0,256107520.0
2015-10-26,77.51,80.99,76.1,79.65,6606229.0,523386016.0
2015-10-27,78.11,79.28,74.13,78.83,4728236.0,363968608.0
2015-10-28,77.68,79.47,76.11,76.4,2929182.0,227849104.0
2015-10-29,77.66,78.69,77.07,77.66,2612489.0,203397712.0
2015-10-30,77.05,77.99,75.0,77.32,2632276.0,202422944.0
2015-11-02,75.8,82.0,75.25,78.0,4626024.0,365879008.0
2015-11-03,78.0,79.98,76.28,78.36,3251331.0,254846640.0
2015-11-04,78.5,82.8,78.36,82.49,4654621.0,380558656.0
2015-11-05,82.3,84.5,81.4,81.81,4469932.0,368739776.0
2015-11-06,81.83,84.47,81.7,84.0,3778291.0,315737088.0
2015-11-09,83.37,86.49,81.88,85.93,7116982.0,601232960.0
2015-11-10,85.0,86.19,83.48,84.83,4593342.0,389659104.0
2015-11-11,84.5,93.31,83.32,93.31,8516183.0,768969920.0
2015-11-12,96.06,98.58,92.05,96.65,9865467.0,935937536.0
2015-11-13,94.0,95.6,89.0,89.01,7715707.0,705022720.0
2015-11-16,85.4,90.46,85.4,90.17,3401499.0,302380320.0
2015-11-17,90.66,92.89,86.46,86.91,5276808.0,473457696.0
2015-11-18,86.72,87.98,83.5,83.7,3314582.0,284728800.0
2015-11-19,84.36,87.58,84.12,87.46,3486146.0,301160608.0
2015-11-20,88.1,88.49,86.46,86.98,3922380.0,343267776.0
2015-11-23,87.95,91.0,87.1,88.46,4216145.0,378422080.0
2015-11-24,88.0,92.63,87.2,92.55,5897463.0,535281024.0
2015-11-25,92.5,92.98,90.5,91.95,4539449.0,415870784.0
2015-11-26,92.6,93.88,89.9,90.0,4632343.0,425838272.0
2015-11-27,88.01,89.85,83.03,84.4,5277276.0,458208608.0
2015-11-30,84.39,85.39,79.1,84.85,4648383.0,385106496.0
2015-12-01,84.8,87.13,83.47,85.08,3671873.0,314381984.0
2015-12-02,84.03,84.95,79.95,81.3,3460370.0,282556192.0
2015-12-03,81.9,83.63,81.38,83.22,2784190.0,230730912.0
2015-12-04,83.2,85.27,82.9,83.35,3179621.0,267325920.0
2015-12-07,83.54,84.17,81.88,83.45,2145667.0,178228240.0
2015-12-08,83.98,85.28,83.5,83.6,3170377.0,268171568.0
2015-12-09,82.32,83.97,80.55,80.94,2591648.0,211684000.0
2015-12-10,80.98,82.3,80.98,81.29,1804702.0,147098928.0
2015-12-11,80.95,82.29,79.77,80.0,1956122.0,157568832.0
2015-12-14,78.97,81.3,78.51,81.03,1768741.0,141021232.0
2015-12-15,81.11,83.49,81.11,81.88,1830067.0,151200224.0
2015-12-16,82.3,88.98,82.3,86.43,5008086.0,430258752.0
2015-12-17,87.51,88.0,86.51,88.0,3788826.0,331040832.0
2015-12-18,88.05,89.89,86.78,87.27,3621733.0,318667520.0
2015-12-21,86.95,89.3,86.21,88.2,2609703.0,229927360.0
2015-12-22,88.25,89.0,85.67,86.83,2709141.0,235620016.0
2015-12-23,86.98,87.46,85.9,85.96,2188938.0,189556976.0
2015-12-24,86.02,87.89,85.9,87.79,2314577.0,201131728.0
2015-12-25,88.5,91.33,87.75,89.55,3902971.0,351052512.0
2015-12-28,90.2,90.5,84.88,84.98,4050917.0,353808032.0
2015-12-29,84.81,85.48,84.07,85.01,1926434.0,163280224.0
2015-12-30,85.22,85.7,84.6,85.38,1526975.0,130032944.0
2015-12-31,85.12,85.47,83.33,83.38,1867860.0,157171664.0
2016-01-04,83.0,83.49,75.17,75.2,1977878.0,157117072.0
2016-01-05,71.88,76.02,71.5,75.19,2922753.0,216707072.0
2016-01-06,75.19,77.75,74.71,77.75,2785803.0,211544368.0
2016-01-07,76.5,76.5,70.0,70.07,669736.0,48533924.0
2016-01-08,71.58,73.4,65.04,71.1,2942342.0,208950720.0
2016-01-11,68.53,69.96,64.5,64.51,2662043.0,179290496.0
2016-01-12,63.78,66.5,63.7,65.9,1736608.0,113397176.0
2016-01-13,66.3,66.35,62.41,62.59,1746618.0,113346712.0
2016-01-14,61.05,65.8,60.5,65.0,1975283.0,125751736.0
2016-01-15,64.75,65.6,62.0,62.56,1583809.0,101237080.0
2016-01-18,60.69,65.25,60.69,64.48,1612753.0,103128304.0
2016-01-19,64.46,66.25,63.77,66.21,2078650.0,135689280.0
2016-01-20,66.36,67.21,65.7,66.25,1867303.0,124089072.0
2016-01-21,65.48,66.77,63.8,63.8,1893280.0,123811664.0
2016-01-22,64.3,64.8,62.0,64.38,1447692.0,92349112.0
2016-01-25,64.5,65.4,64.03,64.58,1149699.0,74604696.0
2016-01-26,63.99,63.99,58.75,58.78,1995644.0,122716928.0
2016-01-27,59.12,60.11,57.2,59.72,1685239.0,99195288.0
2016-01-28,59.0,59.72,57.1,57.4,1078594.0,62978384.0
2016-01-29,57.57,60.41,57.57,59.85,1446867.0,85762368.0
2016-02-01,60.88,65.84,60.0,65.2,4295259.0,278865248.0
2016-02-02,64.96,66.92,64.51,66.46,3590702.0,236273632.0
2016-02-03,65.02,66.06,64.63,65.66,2075086.0,135442240.0
2016-02-04,65.99,67.98,65.8,66.9,2529988.0,169616928.0
2016-02-05,66.75,67.35,65.1,65.5,1559067.0,102829296.0
2016-02-15,63.11,66.49,62.8,65.47,1621531.0,104673832.0
2016-02-16,65.98,68.24,65.98,67.95,2153452.0,145484080.0
2016-02-17,69.0,72.44,69.0,70.41,3317912.0,235134064.0
2016-02-18,70.2,71.99,69.41,70.75,2353541.0,166316592.0
2016-02-19,70.41,71.3,69.49,70.1,1766082.0,124172448.0
2016-02-22,70.8,71.56,70.23,71.15,1799303.0,127669536.0
2016-02-23,70.99,71.39,68.9,69.67,1970957.0,137816960.0
2016-02-24,69.78,69.98,66.66,68.6,2223618.0,151658448.0
2016-02-25,67.99,68.37,61.9,62.3,2553552.0,166088544.0
2016-02-26,63.5,63.93,60.8,62.23,1764245.0,109970912.0
2016-02-29,63.0,63.0,59.49,61.21,2052744.0,125431016.0
2016-03-01,61.12,63.62,61.02,63.61,1874190.0,116896848.0
2016-03-02,63.83,66.6,63.03,66.37,2290019.0,148895200.0
2016-03-03,66.3,67.56,65.0,65.0,2283636.0,151234336.0
2016-03-04,64.96,64.96,61.82,62.45,2031200.0,128449536.0
2016-03-07,63.0,65.0,62.92,63.76,1464032.0,94017928.0
2016-03-08,63.47,63.97,60.26,63.93,1724954.0,107422576.0
2016-03-09,62.63,63.95,62.01,62.54,1119776.0,70520160.0
2016-03-10,62.54,63.49,61.94,61.94,979992.0,61426240.0
2016-03-11,61.94,63.55,61.58,63.55,1305648.0,82259792.0
2016-03-14,63.9,66.88,63.9,66.24,2525522.0,167353584.0
2016-03-15,65.6,66.29,64.63,64.81,1457925.0,95354392.0
2016-03-16,65.6,66.5,63.82,64.01,1120306.0,72563816.0
2016-03-17,64.28,67.6,64.28,67.39,3127132.0,207991472.0
2016-04-08,74.13,74.13,70.6,74.13,9520342.0,698893696.0
2016-04-11,67.9,74.0,67.9,71.6,7858144.0,560566848.0
2016-04-12,70.8,71.88,69.5,70.15,3051785.0,214729904.0
2016-04-13,70.26,71.34,70.08,70.12,3074526.0,217620496.0
2016-04-14,70.45,70.79,69.1,70.17,2387183.0,166348512.0
2016-04-15,70.39,72.6,69.81,71.37,3160958.0,226454736.0
2016-04-18,70.65,70.65,69.0,69.9,2046755.0,142468528.0
2016-04-19,69.89,70.26,68.03,68.74,2495619.0,172392832.0
2016-04-20,68.8,69.47,63.58,65.05,2685378.0,178827136.0
2016-04-21,65.0,65.99,64.56,65.33,1522564.0,99440640.0
2016-04-22,64.35,66.66,64.28,66.66,2070050.0,134964688.0
2016-04-25,72.66,73.33,71.0,73.33,6829804.0,493751840.0
2016-04-26,72.6,73.97,71.87,72.5,3563423.0,259156528.0
2016-04-27,72.26,72.6,70.23,70.48,2885239.0,204751840.0
2016-04-28,70.01,72.83,69.72,72.81,2887173.0,205729968.0
2016-04-29,72.0,73.49,71.05,71.06,2895849.0,209568672.0
2016-05-03,70.7,72.3,69.8,72.02,2540438.0,181704112.0
2016-05-04,72.15,73.9,71.9,72.47,3044686.0,221926528.0
2016-05-05,72.47,73.8,71.62,73.45,3061033.0,223013952.0
2016-05-06,73.88,78.67,73.68,75.81,6375505.0,487278496.0
2016-05-09,74.79,79.05,73.2,77.28,6206665.0,478024672.0
2016-05-10,76.01,76.88,71.68,72.14,4229317.0,314257856.0
2016-05-11,72.81,75.85,72.8,74.96,4461820.0,333467792.0
2016-05-12,71.62,72.48,68.33,70.89,4143926.0,291651977.0
2016-05-13,72.0,72.4,70.33,70.58,2535693.0,180553240.0
2016-05-16,70.01,72.85,69.78,72.37,2584011.0,185495695.0
2016-05-17,72.5,73.86,71.0,72.54,2845339.0,206501355.0
2016-05-18,71.0,71.0,66.83,67.7,3343638.0,230008229.0
2016-05-19,68.01,70.0,67.9,68.21,2527778.0,174608878.0
2016-05-20,67.01,71.8,67.0,71.8,3608274.0,252862071.0
2016-05-23,73.0,75.88,72.0,74.8,5652167.0,423288545.0
2016-05-24,73.11,78.68,73.11,76.01,5071247.0,383173373.0
2016-05-25,75.8,76.91,74.0,74.6,2697227.0,203162438.0
2016-05-26,73.57,77.39,73.57,77.33,3957138.0,300187761.0
2016-05-27,79.5,85.06,78.42,82.2,9761776.0,810000272.0
2016-05-30,80.8,84.58,80.75,82.2,5693839.0,471494235.0
2016-05-31,81.85,86.17,81.77,84.77,5864051.0,495387238.0
2016-06-01,84.48,93.25,84.4,93.24,11170511.0,1015292972.0
2016-06-02,93.0,95.23,91.45,94.2,8178398.0,762356404.0
2016-06-03,94.0,94.0,91.8,92.36,5508356.0,510380854.0
2016-06-06,93.11,95.93,92.0,93.12,5641098.0,527563062.0
2016-06-07,92.9,95.6,91.2,95.3,6255691.0,585006368.0
2016-06-08,94.3,97.63,92.7,93.0,5881803.0,558127785.0
2016-06-13,90.0,90.88,83.7,83.7,7718424.0,669664046.0
2016-06-14,81.7,83.4,80.03,82.58,3961546.0,324310103.0
2016-06-15,81.97,90.8,81.7,90.75,5808198.0,516325770.0
2016-06-16,90.8,92.71,90.0,90.14,4769353.0,434843451.0
2016-06-17,91.19,93.88,89.37,90.97,5347736.0,490969547.0
2016-06-20,92.7,93.68,89.9,92.2,5703323.0,523617449.0
2016-06-21,91.93,92.78,84.38,86.44,22015198.0,641442808.0
2016-06-22,84.62,88.84,83.8,88.29,15727116.0,447873707.0
2016-06-23,88.32,92.33,88.02,88.59,14712833.0,435797746.0
2016-06-24,88.08,89.14,82.01,86.05,14822871.0,420618780.0
2016-06-27,84.59,88.47,84.47,87.75,9482707.0,271984974.0
2016-06-28,87.11,88.47,85.68,87.72,10746384.0,308612236.0
2016-06-29,87.75,88.56,85.98,86.47,9706524.0,277984261.0
2016-06-30,87.11,87.32,84.47,85.35,9585215.0,269487605.0
2016-07-01,85.17,87.05,84.68,86.74,10048730.0,283617491.0
2016-07-04,85.53,87.38,84.07,86.99,12118892.0,342717323.0
2016-07-05,87.02,87.11,85.07,85.38,10094760.0,285738066.0
2016-07-06,85.53,86.47,84.62,85.04,8106222.0,228077558.0
2016-07-07,85.04,85.53,83.07,84.16,7987082.0,222114152.0
2016-07-08,84.07,87.65,83.77,86.11,12302925.0,349111708.0
2016-07-11,86.11,86.26,83.86,84.16,9047475.0,253204163.0
2016-07-12,83.77,84.86,81.28,83.47,9992310.0,272397203.0
2016-07-13,83.47,84.07,82.28,83.1,9334377.0,256008311.0
2016-07-14,83.13,83.65,82.31,83.62,7565399.0,206580436.0
2016-07-15,82.71,83.34,81.43,81.46,10414511.0,281709122.0
2016-07-18,81.1,81.1,77.39,77.39,12383090.0,319969640.0
2016-07-19,77.09,78.46,77.03,78.18,5972346.0,153492391.0
2016-07-20,78.46,78.85,78.15,78.31,4637188.0,119934982.0
2016-07-21,78.31,78.73,77.58,77.67,5488552.0,141273033.0
2016-07-22,77.67,78.37,77.12,77.55,4790643.0,122420294.0
2016-07-25,78.88,80.98,78.7,79.91,9273945.0,244456732.0
2016-07-26,79.91,79.91,78.88,79.52,5797654.0,151496581.0
2016-07-27,79.52,80.13,72.14,75.27,10386497.0,261033353.0
2016-07-28,75.27,75.27,73.18,73.84,5094970.0,124481281.0
2016-07-29,73.87,74.3,72.24,72.63,4259427.0,102262537.0
2016-08-01,72.24,72.24,69.81,71.84,5147618.0,119840629.0
2016-08-02,71.63,72.66,71.36,72.63,2861776.0,67949514.0
2016-08-03,72.17,72.48,71.48,71.75,2863281.0,67778648.0
2016-08-04,71.6,72.75,71.51,72.24,3545131.0,84261877.0
2016-08-05,72.78,72.78,71.33,71.36,3274532.0,77509864.0
2016-08-08,70.81,71.69,69.87,71.33,2925019.0,68306776.0
2016-08-09,71.75,72.48,71.36,72.05,3170308.0,75210285.0
2016-08-10,72.48,77.85,72.48,75.76,12004933.0,299089916.0
2016-08-11,75.15,75.33,73.36,73.78,6058006.0,148465277.0
2016-08-12,73.39,75.21,73.15,74.27,3559510.0,87235358.0
2016-08-15,74.3,75.85,72.84,75.36,6656284.0,164802049.0
2016-08-16,76.18,76.36,74.97,75.27,5321806.0,132310136.0
2016-08-17,75.69,75.82,75.0,75.18,4496744.0,111722018.0
2016-08-18,75.27,75.57,74.39,74.48,4038890.0,99451559.0
2016-08-19,73.97,74.81,73.97,74.27,2664136.0,65179859.0
2016-08-22,74.06,74.33,72.87,72.87,3886682.0,94173649.0
2016-08-23,73.18,77.18,72.9,76.21,12512312.0,312558457.0
2016-08-24,76.21,77.49,75.21,76.42,10623778.0,268531627.0
2016-08-25,76.06,76.06,74.0,75.64,5162817.0,128127502.0
2016-08-26,75.82,77.91,75.64,76.45,6970915.0,177250866.0
2016-08-29,76.48,78.15,76.27,78.0,5993999.0,152461792.0
2016-08-30,78.31,80.1,76.94,77.36,8142833.0,211467623.0
2016-08-31,77.43,77.7,75.76,76.64,4362425.0,109826288.0
2016-09-01,76.58,76.97,75.73,75.82,3637496.0,91270431.0
2016-09-02,75.57,75.79,74.0,75.06,4359640.0,107711516.0
2016-09-05,75.27,76.48,74.39,75.03,3833284.0,95615245.0
2016-09-06,74.51,76.33,73.48,76.33,4492435.0,111088611.0
2016-09-07,76.42,76.79,75.42,75.48,3990314.0,99651861.0
2016-09-08,75.79,76.09,73.91,74.57,4014358.0,98846261.0
2016-09-09,74.66,75.09,74.09,74.12,2810217.0,69060589.0
2016-09-12,72.84,72.84,70.66,70.75,4639782.0,109541395.0
2016-09-13,71.39,71.66,70.78,71.3,2437836.0,57224794.0
2016-09-14,71.23,78.22,70.87,75.27,11042847.0,275885012.0
2016-09-19,77.42,78.12,75.6,76.24,7352215.0,186008667.0
2016-09-20,75.88,75.91,74.39,74.66,3548400.0,87545360.0
2016-09-21,75.51,75.51,74.51,75.12,2583755.0,63866020.0
2016-09-22,75.69,75.69,74.42,74.6,2734001.0,67515116.0
2016-09-23,74.51,74.97,73.84,74.0,2089171.0,51208025.0
2016-09-26,74.85,75.45,72.6,72.63,4253156.0,104075493.0
2016-09-27,72.69,73.36,71.36,73.36,3432535.0,81621526.0
2016-09-28,73.3,73.66,72.54,73.57,2133408.0,51362360.0
2016-09-29,75.15,75.15,73.15,73.27,2797996.0,68188445.0
2016-09-30,72.93,73.75,72.69,73.33,1552234.0,37442139.0
2016-10-10,73.75,74.97,73.75,74.75,2698978.0,66186703.0
2016-10-11,75.0,75.27,74.39,74.54,2758803.0,67907486.0
2016-10-12,74.51,74.78,74.06,74.78,2234700.0,54723888.0
2016-10-13,74.91,75.15,74.0,74.06,2379599.0,58284859.0
2016-10-14,73.84,77.58,73.54,77.0,11855060.0,298818803.0
2016-10-17,77.36,78.34,75.48,75.67,6414773.0,162161826.0
2016-10-18,76.18,77.21,74.81,76.79,4183335.0,105451392.0
2016-10-19,76.79,77.52,75.97,76.21,3646676.0,92002510.0
2016-10-20,76.21,78.34,76.0,78.15,9216228.0,236168328.0
2016-10-21,77.67,79.64,77.3,78.49,8064078.0,208673719.0
2016-10-24,78.06,80.34,78.06,79.28,7350433.0,192963010.0
2016-10-25,79.4,80.07,78.25,78.82,4988227.0,129359563.0
2016-10-26,79.28,79.28,76.79,77.24,4343485.0,111077578.0
2016-10-27,77.61,78.67,77.09,77.97,2913156.0,74635348.0
2016-10-28,77.94,78.58,77.42,77.73,4771399.0,123010289.0
2016-10-31,77.52,77.73,76.18,77.15,2397348.0,60688302.0
2016-11-01,77.12,77.67,76.61,77.39,2488654.0,63244449.0
2016-11-02,77.27,78.28,76.79,77.49,2952897.0,75501152.0
2016-11-03,76.82,78.18,76.58,77.55,3783465.0,96879332.0
2016-11-04,77.42,79.82,76.79,79.34,6902426.0,179207313.0
2016-11-07,79.73,84.38,79.28,83.4,14795204.0,403560049.0
2016-11-08,84.07,84.34,81.95,82.71,6418562.0,175726768.0
2016-11-09,83.47,85.41,81.95,83.65,10346647.0,286760702.0
2016-11-10,84.98,86.77,83.34,83.56,11934209.0,335431737.0
2016-11-11,83.1,83.98,81.95,83.34,6514548.0,177813203.0
2016-11-14,83.28,84.98,82.55,83.01,4827277.0,133099320.0
2016-11-15,82.49,83.65,82.25,82.86,3388106.0,92481638.0
2016-11-16,82.71,84.89,82.71,83.92,5107429.0,141768837.0
2016-11-17,84.16,87.84,83.53,87.47,12485764.0,354625660.0
2016-11-18,87.14,89.17,85.32,85.8,8356096.0,239170731.0
2016-11-21,85.38,86.17,84.44,85.13,4257362.0,119277771.0
2016-11-22,85.13,87.35,85.04,85.8,4092917.0,115914402.0
2016-11-23,85.92,86.35,84.22,84.22,3722842.0,104289179.0
2016-11-24,84.25,84.68,82.61,82.83,4331797.0,118782038.0
2016-11-25,81.77,83.62,81.49,83.34,3754022.0,102162947.0
2016-11-28,83.37,84.22,82.8,83.13,3889086.0,106808037.0
2016-11-29,83.44,84.59,82.1,82.28,5195392.0,142543840.0
2016-11-30,82.56,83.1,81.55,81.7,3010582.0,81505065.0
2016-12-01,81.95,82.22,80.19,80.67,2806797.0,74966387.0
2016-12-02,80.49,81.28,79.09,79.55,2662189.0,70103060.0
2016-12-05,79.06,80.55,78.76,80.28,2355933.0,61843243.0
2016-12-06,80.03,82.04,80.03,81.25,3068032.0,82172462.0
2016-12-07,81.25,83.01,81.25,82.34,2990705.0,81165715.0
2016-12-08,82.28,83.01,81.7,81.7,3262700.0,88632036.0
2016-12-09,81.37,82.28,80.28,80.73,2068365.0,55173060.0
2016-12-12,79.85,81.25,75.91,76.36,5060421.0,129555342.0
2016-12-13,76.67,77.85,75.42,77.06,2843686.0,71876123.0
2016-12-14,76.45,77.03,75.57,76.36,2031167.0,51054976.0
2016-12-15,76.33,77.39,76.18,76.79,1637123.0,41461399.0
2016-12-16,76.48,77.24,76.21,76.85,1696639.0,42967945.0
2016-12-19,76.85,78.34,76.48,77.85,2439013.0,62313908.0
2016-12-20,77.55,80.4,76.94,78.91,3841473.0,99321312.0
2016-12-21,80.13,81.19,78.91,80.03,2526313.0,66825834.0
2016-12-22,80.13,80.28,78.76,79.4,2299277.0,60025312.0
2016-12-23,79.94,79.94,78.31,78.61,1521424.0,39548215.0
2016-12-26,78.64,82.25,77.39,82.13,5087861.0,135460444.0
2016-12-27,82.07,83.89,81.34,82.4,3869462.0,105570774.0
2016-12-28,81.1,83.22,81.1,82.25,2107688.0,57251823.0
2016-12-29,82.16,83.62,81.8,83.16,4212569.0,115721354.0
2016-12-30,83.16,84.56,83.16,83.8,3839441.0,106450276.0
2017-01-03,84.04,84.83,80.89,82.89,4689924.0,127788234.0
2017-01-04,82.34,83.68,81.98,82.86,2312289.0,63093207.0
2017-01-05,82.46,83.43,81.34,81.83,2535790.0,68530719.0
2017-01-06,81.43,81.83,80.43,80.49,2063086.0,55104063.0
2017-01-09,80.58,81.34,75.36,76.24,8619593.0,218189189.0
2017-01-10,76.3,77.67,75.72,76.36,3601573.0,90664246.0
2017-01-11,76.88,77.03,73.45,74.63,4702453.0,116237356.0
2017-01-12,74.21,75.36,74.21,74.42,2270424.0,55842271.0
2017-01-13,74.57,74.91,73.45,73.6,1679494.0,40894152.0
2017-01-16,73.66,74.21,66.92,70.29,3181654.0,74738468.0
2017-01-17,70.08,73.24,69.23,72.78,3537720.0,83049827.0
2017-01-18,72.6,73.33,71.17,71.42,2215200.0,52871418.0
2017-01-19,71.39,72.63,70.99,72.11,2527500.0,59850650.0
2017-01-20,71.93,75.51,71.93,74.36,3408471.0,83427054.0
2017-01-23,75.21,78.85,75.21,78.06,5379231.0,136910469.0
2017-01-24,78.06,78.91,76.21,76.64,3846810.0,98142977.0
2017-01-25,76.79,77.7,76.06,77.42,2515003.0,63713565.0
2017-01-26,77.39,78.15,76.67,77.94,1712742.0,43870038.0
2017-02-03,78.03,78.61,76.48,76.85,900857.0,22906153.0
2017-02-06,78.97,80.22,78.61,80.0,3873713.0,101602091.0
2017-02-07,79.4,80.43,78.61,79.55,2222540.0,58365536.0
2017-02-08,79.55,80.86,78.91,80.52,2946376.0,77934165.0
2017-02-09,79.85,80.95,79.55,80.19,2622410.0,69174675.0
2017-02-10,80.64,80.64,78.94,79.64,2121987.0,55552202.0
2017-02-13,79.25,80.1,78.0,78.37,2232773.0,58024530.0
2017-02-14,78.4,81.28,78.4,81.28,4703813.0,123849285.0
2017-02-15,81.34,89.41,81.25,88.29,15719141.0,450285441.0
2017-02-16,87.87,90.69,86.95,89.6,11111769.0,324361184.0
2017-02-17,88.62,90.26,84.98,85.41,7531685.0,215654156.0
2017-02-20,85.95,86.95,85.44,85.77,3876351.0,110198002.0
2017-02-21,85.83,89.44,85.71,87.14,5925876.0,172227023.0
2017-02-22,86.8,87.05,85.89,86.56,2887825.0,82160755.0
2017-02-23,86.8,88.93,85.92,87.47,3922771.0,112917060.0
2017-02-24,87.81,88.62,86.68,88.17,3322533.0,95945421.0
2017-02-27,88.32,89.17,86.5,86.86,3274838.0,94788822.0
2017-02-28,86.47,86.74,84.22,84.92,4359228.0,122039532.0
2017-03-01,84.98,88.02,84.47,85.89,3839879.0,109472052.0
2017-03-02,85.98,87.35,85.38,86.53,2648401.0,75485684.0
2017-03-03,86.2,89.5,85.62,89.35,7899157.0,230015702.0
2017-03-06,89.53,95.7,89.17,95.33,13678253.0,420390461.0
2017-03-07,95.15,96.97,93.33,95.58,8377255.0,263213215.0
2017-03-08,94.66,95.24,93.57,94.69,3721127.0,115950690.0
2017-03-09,95.0,95.12,92.63,94.24,3953244.0,122029738.0
2017-03-10,94.33,94.66,91.75,92.42,4101134.0,125392031.0
2017-03-13,92.42,95.51,92.27,95.51,5690500.0,176931839.0
2017-03-14,95.27,95.91,93.66,94.36,4332155.0,135050537.0
2017-03-15,93.63,94.57,92.81,93.03,2883639.0,88638787.0
2017-03-16,94.06,96.45,92.57,92.63,5818514.0,180732953.0
2017-03-17,92.14,93.45,89.56,89.87,6463287.0,194561594.0
2017-03-20,89.9,90.45,88.05,89.9,4824053.0,141566140.0
2017-03-21,89.72,91.23,89.05,91.23,3661347.0,109223118.0
2017-03-22,90.69,96.64,90.14,95.0,7572859.0,232849960.0
2017-03-23,95.15,95.76,92.87,95.21,6067306.0,188458349.0
2017-03-24,94.57,98.85,94.57,98.55,9625990.0,309937762.0
2017-03-27,98.19,98.34,95.88,97.43,5921554.0,188725487.0
2017-03-28,96.67,97.79,95.48,95.7,3409540.0,108054080.0
2017-03-29,95.45,97.55,94.09,94.09,5596196.0,176745517.0
2017-03-30,93.88,95.48,91.14,92.02,5352193.0,164321669.0
2017-03-31,92.08,93.78,90.6,93.24,3753009.0,113884186.0
2017-04-05,92.57,95.7,92.14,95.3,4355306.0,135917136.0
2017-04-06,95.3,96.27,93.69,94.39,3645967.0,114185899.0
2017-04-07,94.39,98.61,93.72,97.37,6374091.0,202459112.0
2017-04-10,96.61,98.94,95.64,98.82,8702767.0,280425478.0
2017-04-11,100.1,101.68,98.03,101.64,9647488.0,318145286.0
2017-04-12,101.13,101.86,99.64,100.77,5247915.0,174451327.0
2017-04-13,100.98,102.89,96.45,97.12,5530018.0,180422564.0
2017-04-14,97.55,98.16,92.42,94.06,4868037.0,152061911.0
2017-04-17,94.39,96.3,93.63,94.39,3691571.0,115685258.0
2017-04-18,94.3,101.49,94.12,100.31,8368240.0,273516945.0
2017-04-19,100.25,101.64,98.64,100.58,5752855.0,190142637.0
2017-04-20,101.01,104.68,100.98,103.77,7930536.0,269624162.0
2017-04-21,103.74,103.74,99.25,99.52,4367030.0,145988343.0
2017-04-24,100.1,105.77,98.03,105.47,10496401.0,358053501.0
2017-04-25,105.62,107.17,104.25,106.32,6517672.0,227349467.0
2017-04-26,107.14,114.06,105.47,112.48,11457765.0,417869275.0
2017-04-27,112.0,115.58,109.87,111.87,7443997.0,277672832.0
2017-04-28,111.69,115.3,110.78,111.54,4860116.0,180322097.0
2017-05-02,111.72,114.42,110.39,111.63,5529478.0,204087428.0
2017-05-03,111.08,111.08,107.75,109.51,5970250.0,213660434.0
2017-05-04,109.87,118.37,109.26,117.4,14341942.0,543448212.0
2017-05-05,117.94,119.13,114.51,115.12,6053134.0,232422726.0
2017-05-08,114.42,114.42,105.62,105.92,8010252.0,289213339.0
2017-05-09,104.89,110.69,104.71,108.35,5965750.0,212963366.0
2017-05-10,108.35,109.08,104.41,104.86,7098228.0,249327839.0
2017-05-11,103.95,107.72,98.34,102.65,11995700.0,405356186.0
2017-05-12,102.19,104.35,100.46,101.52,8376861.0,283171782.0
2017-05-15,101.89,103.19,99.03,101.37,13639572.0,454244513.0
2017-05-16,101.98,111.05,100.77,109.05,17075228.0,598489242.0
2017-05-17,109.05,111.54,106.5,106.9,12493068.0,446233160.0
2017-05-18,105.89,109.2,102.59,103.01,11329401.0,394390417.0
2017-05-19,103.44,104.38,99.82,101.92,6978309.0,233493267.0
2017-05-22,101.68,105.77,101.1,103.92,7309233.0,250037119.0
2017-05-23,104.19,104.98,100.37,100.73,8231864.0,277719983.0
2017-05-24,100.73,104.1,95.61,102.98,8636936.0,288440589.0
2017-05-25,102.53,103.77,99.86,102.37,8633839.0,290274897.0
2017-05-26,102.5,103.07,97.49,99.67,9929026.0,325632148.0
2017-05-31,101.68,106.59,98.64,106.53,16254487.0,554012959.0
2017-06-01,106.23,108.81,105.47,108.05,9617362.0,340032756.0
2017-06-02,108.35,108.35,104.74,107.23,6279609.0,220347880.0
2017-06-05,104.46,110.67,104.46,108.88,9970711.0,297628253.0
2017-06-06,108.77,109.42,105.08,107.01,9812100.0,287121942.0
2017-06-07,106.65,110.23,105.92,108.88,9432623.0,278505066.0
2017-06-08,108.88,112.93,107.82,110.19,11397626.0,345883295.0
2017-06-09,110.63,112.71,108.66,112.31,8586783.0,260668168.0
2017-06-12,110.85,111.03,108.03,109.02,7923231.0,237359513.0
2017-06-13,108.11,112.31,107.78,112.13,5914925.0,179343201.0
2017-06-14,112.49,112.89,109.75,110.77,4213833.0,128080078.0
2017-06-15,110.34,111.69,109.2,110.74,4121902.0,124482027.0
2017-06-16,110.01,111.25,109.2,109.72,3391818.0,102072661.0
2017-06-19,110.3,110.52,107.38,109.02,6123681.0,181642409.0
2017-06-20,109.02,110.3,105.66,106.03,9336254.0,275778740.0
2017-06-21,106.46,108.73,106.46,108.29,5254519.0,155257578.0
2017-06-22,108.44,112.75,108.11,109.17,8530505.0,257562897.0
2017-06-23,108.84,110.19,105.48,107.67,6319923.0,185706360.0
2017-06-26,107.92,111.03,107.67,108.95,7559243.0,225737226.0
2017-06-27,108.88,110.81,107.38,107.92,5017259.0,149215036.0
2017-06-28,107.27,107.38,104.49,105.41,8426535.0,243386953.0
2017-06-29,105.22,105.88,103.43,105.19,6335131.0,181322731.0
2017-06-30,105.19,106.61,104.45,106.25,4519208.0,130789444.0
2017-07-03,105.55,106.46,104.93,105.59,2704225.0,78239062.0
2017-07-04,105.41,105.41,103.32,103.91,5487813.0,156470760.0
2017-07-05,103.94,104.53,103.32,104.35,4548524.0,129429250.0
2017-07-06,104.31,107.08,103.8,106.83,7182885.0,208285645.0
2017-07-07,106.87,109.93,106.28,109.28,8586365.0,255733876.0
2017-07-10,109.31,109.35,105.92,106.06,6378718.0,186948804.0
2017-07-11,105.73,106.57,103.36,103.72,5914685.0,169136984.0
2017-07-12,103.76,103.76,98.61,102.05,6900720.0,191670457.0
2017-07-13,101.94,102.74,101.17,102.01,2801497.0,78299119.0
2017-07-14,99.89,101.61,98.06,101.35,7102026.0,193476756.0
2017-07-17,101.17,104.97,97.52,101.9,7807934.0,218633262.0
2017-07-18,100.62,107.01,100.62,105.95,8302161.0,237441858.0
2017-07-19,105.22,116.54,105.22,116.54,22036371.0,676562332.0
2017-07-20,116.84,120.45,115.05,116.95,12721026.0,410642839.0
2017-07-21,115.41,122.72,115.12,119.06,11285473.0,368693087.0
2017-07-24,118.48,119.76,115.89,118.88,7983749.0,258297811.0
2017-07-25,117.97,122.1,116.91,119.47,13781176.0,453865409.0
2017-07-26,119.47,120.16,110.66,112.45,17357801.0,538272264.0
2017-07-27,112.67,114.57,109.2,114.02,13649970.0,419031422.0
2017-07-28,113.11,113.37,109.57,110.19,11883282.0,362520628.0
2017-07-31,111.5,112.75,108.8,110.63,14104039.0,427236155.0
2017-08-01,110.63,111.5,109.2,110.66,8177029.0,246393458.0
2017-08-02,112.31,115.96,109.31,110.23,18112659.0,561206411.0
2017-08-03,109.2,111.1,106.17,111.07,9938323.0,296271008.0
2017-08-04,109.82,111.94,108.95,111.32,6920331.0,209033602.0
2017-08-07,110.56,111.76,109.2,110.12,5102580.0,153719572.0
2017-08-08,110.01,111.18,108.22,108.84,6807560.0,204510033.0
2017-08-09,108.91,110.92,108.25,110.66,5861280.0,176268000.0
2017-08-10,109.93,115.05,109.93,114.72,13955247.0,432817103.0
2017-08-11,114.68,116.07,110.08,111.21,11227471.0,349628645.0
2017-08-14,111.43,120.82,111.43,118.33,17140683.0,553704148.0
2017-08-15,119.8,122.9,118.11,119.06,19985919.0,658138011.0
2017-08-16,119.8,122.17,117.79,120.96,12721499.0,418261048.0
2017-08-17,120.38,120.38,116.58,116.65,13220422.0,426638433.0
2017-08-18,115.48,117.39,113.11,113.7,10477252.0,329001040.0
2017-08-21,114.64,116.76,113.88,116.22,8154709.0,257728158.0
2017-08-22,116.07,116.11,113.22,114.46,7066991.0,221261580.0
2017-08-23,114.5,115.48,112.42,112.89,4699956.0,145908038.0
2017-08-24,112.93,115.05,112.53,114.68,4558041.0,142151726.0
2017-08-25,114.5,115.78,113.92,114.75,5763945.0,181260392.0
2017-08-28,114.97,119.14,113.95,117.02,14955209.0,476722509.0
2017-08-29,117.9,118.08,115.05,115.81,7293621.0,232245516.0
2017-08-30,115.89,118.99,115.89,118.48,11968701.0,386326522.0
2017-08-31,119.06,119.06,116.69,118.0,7895206.0,254219821.0
2017-09-01,118.63,118.63,113.7,115.05,14684412.0,463862685.0
2017-09-04,115.27,115.3,111.98,114.17,12116978.0,376126850.0
2017-09-05,114.54,114.61,112.12,113.59,7655109.0,236711553.0
2017-09-06,113.22,115.05,112.31,114.97,6746094.0,209975832.0
2017-09-07,114.68,117.9,113.92,114.28,13051271.0,415268277.0
2017-09-08,113.44,113.92,112.42,113.62,7023925.0,217463116.0
2017-09-11,113.59,114.54,111.54,113.44,7927927.0,244221446.0
2017-09-12,113.44,113.84,111.83,112.75,7413906.0,228465526.0
2017-09-13,113.95,114.54,107.49,108.58,14798737.0,443112851.0
2017-09-14,107.74,109.93,105.95,107.38,8635271.0,254833524.0
2017-09-15,106.79,108.69,106.36,106.79,7696822.0,225627243.0
2017-09-18,107.67,110.23,107.67,109.42,8255809.0,246838472.0
2017-09-19,109.57,110.01,107.52,107.56,5910845.0,175782639.0
2017-09-20,108.0,109.82,107.01,107.74,5280652.0,156775098.0
2017-09-21,107.74,109.02,107.3,107.49,4442521.0,131557607.0
2017-09-22,107.52,107.74,106.28,106.79,4446916.0,129900913.0
2017-09-25,107.3,107.3,100.36,100.44,12968608.0,364600021.0
2017-09-26,99.27,100.99,98.72,99.42,7438772.0,202735040.0
2017-09-27,100.07,105.73,100.07,104.56,10720833.0,301842025.0
2017-09-28,104.64,105.55,103.72,105.11,6015420.0,172706907.0
2017-09-29,104.42,105.92,103.29,105.15,4118885.0,118129972.0
2017-10-09,107.74,107.74,102.52,104.02,7932050.0,225304885.0
2017-10-10,103.69,104.45,102.99,103.69,4081917.0,116064385.0
2017-10-11,103.25,104.05,101.35,102.08,5004385.0,140614104.0
2017-10-12,102.12,104.38,102.12,104.13,5584421.0,158402638.0
2017-10-13,104.24,109.57,104.24,108.18,12085696.0,357766095.0
2017-10-16,108.11,111.69,108.07,108.77,14003068.0,422930678.0
2017-10-17,107.89,113.15,107.89,112.56,16012316.0,492063652.0
2017-10-18,111.94,120.01,111.8,116.03,16205239.0,517142668.0
2017-10-19,115.78,117.02,113.62,114.28,7900680.0,248791253.0
2017-10-20,113.66,113.66,110.85,111.39,11460159.0,350548873.0
2017-10-23,111.58,114.39,110.96,112.23,9697630.0,298796710.0
2017-10-24,112.49,115.96,110.85,111.39,13496298.0,415329551.0
2017-10-25,111.76,115.85,111.5,115.08,9398997.0,294131835.0
2017-10-26,115.08,117.38,113.95,116.14,7691500.0,244456814.0
2017-10-27,116.36,121.18,116.36,119.87,11901816.0,389693389.0
2017-10-30,122.75,125.16,119.72,120.49,26859117.0,906465564.0
2017-10-31,121.26,124.54,118.3,121.47,12201793.0,407247452.0
2017-11-01,120.71,122.68,119.87,120.53,8368824.0,277592402.0
2017-11-02,119.8,121.22,115.41,118.48,10708674.0,345748661.0
2017-11-03,118.66,123.85,118.55,121.11,9821478.0,327703858.0
2017-11-06,121.11,122.86,118.84,122.31,11098139.0,367829146.0
2017-11-07,123.45,125.02,121.33,121.8,10843434.0,364578235.0
2017-11-08,121.55,124.47,120.89,120.89,11166673.0,376134967.0
2017-11-09,122.97,132.32,122.35,131.85,29817016.0,1036886717.0
2017-11-10,131.48,140.18,130.09,139.19,28721630.0,1067629331.0
2017-11-13,138.42,140.25,134.11,139.44,14291410.0,534095828.0
2017-11-14,138.35,138.35,134.4,135.13,11808168.0,439416070.0
2017-11-15,134.4,134.4,124.47,127.57,17121673.0,604407301.0
2017-11-16,126.66,140.18,126.66,138.79,21787623.0,794964606.0
2017-11-17,140.65,148.94,135.17,142.37,33705834.0,1319819613.0
2017-11-20,143.53,149.71,138.09,149.31,19974927.0,784718790.0
2017-11-21,147.19,148.61,142.66,145.91,19023581.0,757605980.0
2017-11-22,144.63,146.06,138.9,142.37,19599706.0,763569129.0
2017-11-23,142.0,142.0,131.74,134.11,19015329.0,701782854.0
2017-11-24,133.67,134.0,120.89,123.59,21667437.0,754322111.0
2017-11-27,122.61,126.92,119.14,122.72,12118323.0,409002731.0
2017-11-28,122.5,125.78,122.02,124.14,6423125.0,218136603.0
2017-11-29,124.07,126.19,118.74,121.51,8693649.0,292633373.0
2017-11-30,121.26,129.03,120.2,125.27,13625200.0,470362011.0
2017-12-01,125.64,129.15,124.54,126.44,9303875.0,323890765.0
2017-12-04,127.43,131.04,125.35,130.39,9017850.0,319739651.0
2017-12-05,129.29,132.14,124.25,128.19,8023299.0,282344613.0
2017-12-06,128.49,129.4,120.78,127.25,8553293.0,293209724.0
2017-12-07,125.64,128.41,123.74,124.51,4797610.0,165108466.0
2017-12-08,124.51,128.74,122.72,127.14,6850424.0,236643751.0
2017-12-11,124.83,129.29,122.75,129.03,7633403.0,263632181.0
2017-12-12,128.16,130.9,126.0,128.93,7328894.0,258478250.0
2017-12-13,127.1,128.31,117.17,123.41,18508941.0,609821299.0
2017-12-14,121.26,121.58,114.32,116.14,15100652.0,485037275.0
2017-12-15,116.18,116.51,111.65,112.31,12672864.0,394740648.0
2017-12-18,112.31,112.42,108.03,109.86,9529860.0,286529590.0
2017-12-19,111.28,115.01,111.03,113.55,10152680.0,316331214.0
2017-12-20,113.55,115.12,111.07,112.27,5788316.0,178770706.0
2017-12-21,111.43,115.59,111.43,114.83,7997887.0,249243611.0
2017-12-22,113.92,116.44,113.29,113.4,6745559.0,212273727.0
2017-12-25,113.04,113.04,103.47,103.83,14175499.0,410712805.0
2017-12-26,103.8,109.09,102.99,106.68,10513889.0,307872115.0
2017-12-27,107.81,109.42,104.86,105.88,12709983.0,373764015.0
2017-12-28,105.88,109.5,105.19,107.81,9705407.0,286240602.0
2017-12-29,107.96,111.28,107.74,109.02,7759972.0,232769394.0
2018-01-02,110.96,111.1,104.89,105.55,14167768.0,411738417.0
2018-01-03,106.28,114.24,105.51,113.22,14130639.0,426678996.0
2018-01-04,112.53,115.7,111.03,113.77,9838851.0,306571234.0
2018-01-05,113.22,114.32,111.69,111.91,7001086.0,216899596.0
2018-01-08,111.76,111.87,106.79,108.87,8548516.0,252591250.0
2018-01-09,112.86,115.05,110.37,111.47,13251365.0,407656919.0
2018-01-10,115.08,116.25,109.31,113.22,13609205.0,419394608.0
2018-01-11,110.81,111.98,108.03,110.59,11114810.0,333464049.0
2018-01-12,110.04,110.04,107.23,107.78,7909300.0,233825418.0
2018-01-15,107.78,108.69,104.35,105.51,6737869.0,197258649.0
2018-01-16,104.31,105.48,96.42,97.84,25422000.0,695996153.0
2018-01-17,98.54,101.24,92.62,98.47,21001280.0,560008882.0
2018-01-18,97.44,99.85,96.71,97.48,8657548.0,232404235.0
2018-01-19,97.62,98.87,97.26,97.81,8733471.0,234804880.0
2018-01-22,98.54,98.98,94.23,97.08,11716987.0,311045302.0
2018-01-23,97.26,98.14,95.18,95.65,7295901.0,192428126.0
2018-01-24,96.46,101.06,95.51,99.12,17769408.0,480023066.0
2018-01-25,99.12,100.8,98.98,99.16,10092440.0,275194379.0
2018-01-26,99.42,104.64,99.42,101.53,16971436.0,476211626.0
2018-01-29,101.28,101.94,97.08,98.25,13702800.0,373868355.0
2018-01-30,96.97,99.63,96.78,98.98,6769245.0,183028321.0
2018-01-31,98.87,98.87,96.78,97.88,5331069.0,142615100.0
2018-02-01,97.88,98.65,90.21,90.69,11705187.0,299328250.0
2018-02-02,89.41,95.07,89.41,92.99,11399438.0,291568166.0
2018-02-05,91.02,93.75,90.14,90.36,5524090.0,137837614.0
2018-02-06,88.5,88.57,81.67,84.37,12007002.0,278043588.0
2018-02-07,86.05,87.29,82.65,85.28,10431845.0,241010213.0
2018-02-08,85.35,87.36,84.59,86.19,11438375.0,270133285.0
2018-02-09,83.45,85.94,82.54,84.37,7962195.0,183754676.0
2018-02-12,84.55,87.29,84.22,86.67,8892369.0,209270290.0
2018-02-13,87.95,91.75,87.73,89.85,8585075.0,211462378.0
2018-02-14,89.81,92.99,88.13,92.69,5478496.0,136262973.0
2018-02-22,93.5,94.45,90.94,93.42,5395828.0,137030211.0
2018-02-23,93.17,93.42,90.87,91.64,5795349.0,145982258.0
2018-02-26,92.77,100.8,92.44,98.21,13462711.0,357851018.0
2018-02-27,98.9,104.09,98.9,101.42,16427991.0,460674227.0
2018-02-28,100.07,103.54,98.28,102.78,15778188.0,441729162.0
2018-03-01,103.65,103.87,101.5,102.99,11898910.0,333277430.0
2018-03-02,102.23,102.85,99.63,99.71,7941759.0,219379808.0
2018-03-05,101.42,105.19,101.35,102.59,9479093.0,266779345.0
2018-03-06,103.69,104.31,101.53,102.63,9239000.0,260580723.0
2018-03-07,103.61,105.19,101.64,101.94,7309143.0,206642733.0
2018-03-08,101.24,103.25,100.69,101.68,6310253.0,175336715.0
2018-03-09,101.57,107.74,100.95,107.3,16547506.0,473963746.0
2018-03-12,109.09,113.18,108.47,109.86,17626638.0,533050591.0
2018-03-13,109.57,109.57,107.74,109.09,10418277.0,309846239.0
2018-03-14,107.96,109.57,104.75,105.22,9752957.0,284165651.0
2018-03-15,103.91,104.2,100.8,103.54,14516505.0,407613049.0
2018-03-16,102.99,103.18,100.47,100.66,12546951.0,348675655.0
2018-03-19,99.12,101.61,97.66,98.69,16552801.0,450255943.0
2018-03-20,97.52,99.31,96.78,98.9,14413354.0,387552649.0
2018-03-21,98.9,100.62,96.79,96.89,13598786.0,368016091.0
2018-03-22,96.79,97.77,94.96,95.54,11840059.0,311014739.0
2018-03-23,89.88,92.62,86.92,88.02,18416283.0,451830168.0
2018-03-26,84.88,89.85,84.73,89.85,13011250.0,315168522.0
2018-03-27,92.77,94.12,90.87,93.32,14676877.0,371599467.0
2018-03-28,91.89,92.95,90.76,91.53,9691990.0,242949859.0
2018-03-29,92.15,93.5,91.53,92.99,8246283.0,208658974.0
2018-03-30,93.06,94.08,91.67,93.79,11982532.0,304765697.0
2018-04-02,94.52,95.0,90.94,91.09,13277792.0,335845261.0
2018-04-03,89.7,89.7,86.34,88.24,15337179.0,366423328.0
2018-04-04,88.2,89.01,86.63,86.67,8845752.0,212543126.0
2018-04-09,86.3,87.4,83.93,85.24,10814689.0,252815248.0
2018-04-10,80.72,81.08,76.73,76.73,35881409.0,765018536.0
2018-04-11,77.25,82.14,76.04,80.72,27084769.0,587409996.0
2018-04-12,80.64,82.36,79.51,82.36,17832444.0,398004011.0
2018-04-13,82.18,83.86,81.41,81.88,9539377.0,215393800.0
2018-04-16,81.34,83.45,79.8,80.83,9233827.0,205605361.0
2018-04-17,80.86,82.1,77.32,78.42,9286554.0,201643281.0
2018-04-18,79.07,79.69,76.19,77.79,11976380.0,254567142.0
2018-04-19,78.49,79.47,77.43,78.67,10132759.0,218450141.0
2018-04-20,78.42,78.82,76.52,77.21,8034288.0,170387877.0
2018-04-23,76.7,77.14,70.53,71.66,15315872.0,303607821.0
2018-04-24,72.9,77.65,72.28,76.99,16329982.0,334614683.0
2018-04-25,77.21,80.83,77.21,79.58,15466332.0,336688166.0
2018-04-26,78.89,80.28,77.06,77.1,10092896.0,216845887.0
2018-04-27,77.36,79.11,76.41,77.1,7586506.0,161474670.0
2018-05-02,77.9,80.68,76.7,77.68,9657194.0,207350306.0
2018-05-03,77.83,80.42,75.89,80.09,13647199.0,292804483.0
2018-05-04,80.13,80.13,77.1,77.25,11280786.0,242199316.0
2018-05-07,78.01,78.45,73.08,76.88,11894078.0,248479403.0
2018-05-08,77.43,84.59,77.43,84.59,37538645.0,843671939.0
2018-05-09,84.99,88.2,84.59,85.97,31303955.0,740233142.0
2018-05-10,85.28,86.85,84.73,86.16,16258043.0,381200922.0
2018-05-11,86.16,86.45,81.7,81.78,22718939.0,518410638.0
2018-05-14,83.05,85.57,82.18,83.02,22150562.0,508676718.0
2018-05-15,82.94,82.98,79.51,81.37,22313169.0,493633237.0
2018-05-16,80.97,81.3,79.66,80.97,13367789.0,294871309.0
2018-05-17,81.26,81.45,78.23,78.63,17068087.0,370170122.0
2018-05-18,77.79,79.25,77.47,78.34,9420806.0,201909548.0
2018-05-21,80.61,85.35,80.61,82.94,35279595.0,801752704.0
2018-05-22,82.21,83.75,82.18,83.45,20177672.0,458573160.0
2018-05-23,83.27,86.12,82.4,83.97,24308937.0,563086545.0
2018-05-24,84.51,85.61,82.72,83.2,14218555.0,327497246.0
2018-05-25,82.36,84.4,81.78,83.53,11466970.0,261751799.0
2018-05-28,83.64,87.14,83.64,85.94,22982800.0,541003665.0
2018-05-29,85.83,86.92,84.77,86.41,15714354.0,369222256.0
2018-05-30,83.31,85.32,81.45,83.82,15478542.0,355316481.0
2018-05-31,84.92,85.72,82.1,85.5,15161462.0,350300562.0
2018-06-01,84.92,85.32,82.94,83.24,10143395.0,232537044.0
2018-06-04,84.19,84.88,83.09,84.11,10287800.0,237068603.0
2018-06-05,84.99,91.89,84.99,91.34,34116101.0,834136035.0
2018-06-06,90.21,93.86,90.07,92.51,34022507.0,865170578.0
2018-06-07,93.39,94.05,91.27,91.82,15274046.0,385935176.0
2018-06-08,91.23,92.62,88.97,90.14,19855840.0,492021830.0
2018-06-11,88.57,91.12,88.46,89.55,16285721.0,400759447.0
2018-06-12,90.43,90.58,86.81,88.17,17003645.0,411503014.0
2018-06-13,88.2,88.39,85.5,86.56,13865854.0,328465128.0
2018-06-14,85.97,87.51,84.81,85.54,10824574.0,254343708.0
2018-06-15,85.76,86.3,79.25,81.01,22356758.0,497392058.0
2018-06-19,78.42,78.45,72.9,72.9,18787749.0,386583971.0
2018-06-20,73.05,74.22,68.95,72.06,18456843.0,364335615.0
2018-06-21,72.13,73.19,67.2,67.2,21748439.0,414887850.0
2018-06-22,67.24,69.98,65.34,69.8,14682062.0,273222481.0
2018-06-25,70.6,72.94,69.83,70.16,13415407.0,262459462.0
2018-06-26,69.83,73.41,68.04,72.1,11931253.0,233062501.0
2018-06-27,73.48,73.96,70.09,70.31,13365824.0,261073858.0
2018-06-28,71.37,71.91,69.69,70.42,10667262.0,206384732.0
2018-06-29,70.75,77.06,70.34,76.62,14942987.0,301878993.0
2018-07-02,77.56,77.73,73.19,75.12,16305895.0,220348148.0
2018-07-03,75.18,76.79,72.96,75.9,20046012.0,271513009.0
2018-07-04,75.9,77.45,75.07,75.79,19331514.0,266214860.0
2018-07-05,74.85,77.29,74.24,74.41,13848036.0,189840772.0
2018-07-06,74.85,75.9,66.98,69.58,35578808.0,458169151.0
2018-07-09,69.47,72.85,69.25,72.69,21709406.0,279089189.0
2018-07-10,72.74,74.29,72.24,73.69,13257213.0,175674898.0
2018-07-11,71.52,72.36,69.92,71.91,15216577.0,195759594.0
2018-07-12,73.08,76.45,72.08,75.07,22437347.0,304979638.0
2018-07-13,75.62,78.06,75.07,77.89,22978993.0,319280898.0
2018-07-16,78.01,78.01,75.01,75.73,29107030.0,398670452.0
2018-07-17,76.07,77.51,75.51,77.23,13714997.0,190006120.0
2018-07-18,77.51,78.01,75.07,75.24,12070048.0,165846438.0
2018-07-19,75.51,76.34,73.41,73.63,11334081.0,152607470.0
2018-07-20,73.69,76.07,73.52,75.24,13495994.0,182721731.0
2018-07-23,74.79,77.12,74.79,76.12,10848163.0,149210314.0
2018-07-24,76.51,77.56,75.29,77.01,15651672.0,216948983.0
2018-07-25,77.06,77.95,75.84,76.12,10606129.0,146768313.0
2018-07-26,75.9,75.9,72.69,73.3,14843731.0,198145906.0
2018-07-27,72.63,73.91,72.52,72.69,8473603.0,111796638.0
2018-07-30,72.63,73.02,69.2,69.86,15097498.0,191571483.0
2018-07-31,69.81,70.58,68.53,69.81,8658645.0,108439993.0
2018-08-01,71.69,72.02,69.81,69.81,13114640.0,168272480.0
2018-08-02,70.64,70.64,67.31,68.7,10689849.0,132160391.0
2018-08-03,69.25,69.64,67.37,67.98,6815622.0,83754538.0
2018-08-06,67.09,68.09,63.71,64.05,15395099.0,183428086.0
2018-08-07,64.27,66.43,63.71,66.04,12247605.0,143428880.0
2018-08-08,66.09,66.09,63.71,64.43,8818119.0,102762176.0
2018-08-09,64.43,67.81,63.88,66.93,10943149.0,131570905.0
2018-08-10,66.43,67.48,66.09,66.93,6942097.0,83623979.0
2018-08-13,65.93,67.31,65.04,67.15,11200874.0,134094611.0
2018-08-14,67.2,67.26,64.99,65.93,7488253.0,89164189.0
2018-08-15,66.15,66.32,63.71,63.88,7045249.0,82464235.0
2018-08-16,63.71,65.37,62.49,64.05,6298178.0,72963827.0
2018-08-17,65.04,65.48,63.1,63.21,5451870.0,63338977.0
2018-08-20,63.66,64.6,62.22,63.66,6755103.0,77201035.0
2018-08-21,63.66,64.32,62.6,63.99,6317082.0,72669134.0
2018-08-22,63.77,63.82,62.33,62.6,6372759.0,72281244.0
2018-08-23,62.99,63.99,62.49,63.27,5539900.0,63263792.0
2018-08-24,63.1,63.44,62.6,63.1,4355015.0,49489596.0
2018-08-27,63.71,66.2,63.27,65.43,10311304.0,121164775.0
2018-08-28,65.82,66.7,65.54,66.2,8115158.0,96986348.0
2018-08-29,66.65,66.92,65.1,66.2,5087687.0,60465836.0
2018-08-30,65.87,65.87,63.6,63.88,7063264.0,82333669.0
2018-08-31,63.6,65.37,63.38,65.21,6431272.0,74832055.0
2018-09-03,64.49,65.82,63.99,65.65,6373033.0,74553209.0
2018-09-04,65.1,65.1,61.99,63.77,20971884.0,239075587.0
2018-09-05,63.77,63.77,62.6,63.16,9004998.0,102458249.0
2018-09-06,63.1,63.49,62.66,62.77,5786036.0,65768933.0
2018-09-07,63.16,63.99,62.6,63.05,6014878.0,68680486.0
2018-09-10,60.94,62.6,58.73,58.78,13706562.0,146891217.0
2018-09-11,58.78,59.56,58.17,58.5,5524788.0,58599595.0
2018-09-12,59.22,59.22,57.62,57.78,6569689.0,69082727.0
2018-09-13,58.84,59.5,58.12,58.5,10736807.0,113955304.0
2018-09-14,58.62,58.73,55.24,55.68,19861088.0,200893164.0
2018-09-17,55.29,55.29,50.86,51.25,14822505.0,140190598.0
2018-09-18,51.52,52.19,50.42,51.86,11759416.0,109452364.0
2018-09-19,51.25,53.8,50.97,53.3,11265279.0,107309664.0
2018-09-20,53.57,54.18,53.24,53.46,5600701.0,54267387.0
2018-09-21,53.63,55.68,53.19,55.46,9722961.0,95501879.0
2018-09-25,55.07,55.96,54.02,55.4,7712557.0,76745466.0
2018-09-26,55.46,56.07,54.29,55.73,10306940.0,102789680.0
2018-09-27,55.46,55.46,53.57,53.74,10667171.0,103970544.0
2018-09-28,53.8,55.01,53.8,54.74,8128908.0,79912022.0
2018-10-08,52.69,53.46,49.81,50.03,15056698.0,140181747.0
2018-10-09,50.14,52.74,50.14,51.74,13613214.0,126866286.0
2018-10-10,52.74,52.91,51.41,51.52,9703808.0,91052231.0
2018-10-11,50.03,50.25,47.15,47.81,13293939.0,116887236.0
2018-10-12,47.48,48.26,44.54,45.76,15810373.0,131875225.0
2018-10-15,45.43,47.15,44.54,44.88,14601344.0,120861254.0
2018-10-16,45.43,45.43,43.21,43.77,9996123.0,79715233.0
2018-10-17,44.49,44.65,41.88,43.21,13256134.0,103639928.0
2018-10-18,43.05,43.49,41.88,41.94,13855331.0,106651077.0
2018-10-19,41.33,43.6,40.72,43.38,14589664.0,112086191.0
2018-10-22,44.49,46.59,44.43,45.71,24143551.0,198458709.0
2018-10-23,45.65,45.82,43.66,43.82,14879634.0,119902647.0
2018-10-24,43.66,44.65,42.22,42.83,15041342.0,117482001.0
2018-10-25,41.27,42.55,40.5,42.05,14456758.0,108111511.0
2018-10-26,42.6,43.38,42.22,42.44,10440279.0,80548777.0
2018-10-29,42.72,43.66,41.33,41.55,13867646.0,106322561.0
2018-10-30,41.38,42.94,40.94,42.44,14125754.0,107653510.0
2018-10-31,42.77,43.55,41.83,42.88,13963969.0,107748265.0
2018-11-01,43.55,45.6,43.1,44.49,22386136.0,180153361.0
2018-11-02,45.71,48.92,45.71,48.92,33730171.0,287002261.0
2018-11-05,48.75,49.03,46.87,47.59,29776157.0,256824736.0
2018-11-06,46.98,47.04,45.82,46.54,17973560.0,150134549.0
2018-11-07,46.48,47.26,45.98,46.04,17571866.0,147868391.0
2018-11-08,46.7,46.87,45.32,45.65,14197481.0,118065965.0
2018-11-09,45.37,46.32,45.21,46.15,11890930.0,98577026.0
2018-11-12,45.87,47.48,45.48,47.48,18730119.0,158210462.0
2018-11-13,46.43,47.87,45.87,47.42,26671990.0,225876922.0
