2015-03-26,17.68,21.21,17.68,21.21,19200.0,404234.0
2015-03-27,23.33,23.33,23.33,23.33,4000.0,93320.0
2015-03-30,25.66,25.66,25.66,25.66,5400.0,138564.0
2015-03-31,28.23,28.23,28.23,28.23,9200.0,259716.0
2015-04-01,31.05,31.05,31.05,31.05,18800.0,583740.0
2015-04-02,34.16,34.16,34.16,34.16,28700.0,980392.0
2015-04-03,37.58,37.58,37.58,37.58,67249.0,2527218.0
2015-04-07,41.34,41.34,41.34,41.34,49500.0,2046330.0
2015-04-08,45.47,45.47,45.47,45.47,108600.0,4938042.0
2015-04-09,50.02,50.02,50.02,50.02,346789.0,17346386.0
2015-04-10,55.02,55.02,55.02,55.02,989311.0,54431892.0
2015-04-13,59.0,60.52,58.05,60.52,9890230.0,588522304.0
2015-04-14,58.02,59.97,58.01,58.95,5663407.0,334416736.0
2015-04-15,58.6,58.68,53.37,53.53,4535659.0,252955776.0
2015-04-16,52.27,54.87,50.51,53.37,2578095.0,136026416.0
2015-04-17,54.02,55.5,53.34,53.53,2234613.0,120970240.0
2015-04-20,53.1,54.4,52.48,53.01,2187372.0,116547352.0
2015-04-21,53.02,55.15,53.02,54.71,2329800.0,126547976.0
2015-04-22,54.92,55.83,54.6,54.9,2122412.0,116858184.0
2015-04-23,55.0,55.49,54.05,54.42,1610385.0,87794952.0
2015-04-24,53.4,54.2,52.9,54.04,1604442.0,85855120.0
2015-04-27,54.33,56.48,54.33,56.08,2647912.0,146212384.0
2015-04-28,55.38,56.49,54.3,54.9,1898981.0,104659328.0
2015-04-29,54.8,58.37,54.41,57.07,3186600.0,180553120.0
2015-04-30,56.8,58.05,56.11,56.4,2567253.0,146673552.0
2015-05-04,55.9,56.1,54.51,55.85,1361696.0,75477176.0
2015-05-05,55.85,57.99,55.85,56.82,2039296.0,116221288.0
2015-05-06,56.5,59.0,56.5,57.66,3181267.0,184902064.0
2015-05-07,56.88,56.88,52.53,52.9,2147019.0,117688048.0
2015-05-08,53.65,56.08,53.63,55.95,1958572.0,107206608.0
2015-05-11,56.16,61.55,56.11,61.55,4415265.0,262640896.0
2015-05-12,64.6,65.3,61.66,62.97,4847607.0,309064928.0
2015-05-13,60.0,65.41,59.09,62.98,4121920.0,256154192.0
2015-05-14,61.98,69.28,61.94,69.28,4823431.0,324529696.0
2015-05-15,70.0,76.21,67.68,74.99,5384586.0,395108416.0
2015-05-18,73.96,82.49,73.0,82.49,5170530.0,409069760.0
2015-05-19,86.5,88.45,77.3,79.13,5486643.0,446859264.0
2015-05-20,79.07,82.84,78.0,78.0,4153788.0,333206944.0
2015-05-21,77.4,80.26,74.0,78.65,3483565.0,268165680.0
2015-05-22,78.81,80.99,76.0,79.5,3655231.0,287679680.0
2015-05-25,77.4,87.45,75.05,87.45,4900697.0,406511680.0
2015-05-26,90.28,96.2,88.45,96.19,4136353.0,384602720.0
2015-05-27,96.14,105.81,92.68,105.8,4724043.0,473785248.0
2015-05-28,103.0,115.98,95.22,95.23,6072500.0,664753728.0
2015-05-29,89.24,97.15,85.71,89.15,5388159.0,486109184.0
2015-06-01,88.22,90.4,81.12,85.62,3940891.0,336227552.0
2015-06-02,85.78,86.78,82.0,85.88,3422764.0,289761056.0
2015-06-03,86.63,89.74,84.14,88.99,3213952.0,281750112.0
2015-06-04,88.99,88.99,80.09,80.1,3080638.0,252109808.0
2015-06-05,81.62,82.93,75.2,77.56,2930976.0,231856896.0
2015-06-08,77.56,77.62,71.37,71.41,3225385.0,236091840.0
2015-06-09,71.31,74.61,70.22,73.21,1907847.0,138729344.0
2015-06-10,73.16,78.1,72.25,76.71,2540453.0,193299600.0
2015-06-11,77.51,79.66,76.12,79.11,2265140.0,176551984.0
2015-06-12,79.13,79.7,75.19,75.31,2330794.0,179065552.0
2015-06-15,73.61,73.71,67.78,67.78,2615905.0,182690480.0
2015-06-16,66.6,69.08,62.34,69.08,2300140.0,151513424.0
2015-06-17,68.1,71.51,67.21,71.28,1775221.0,123584472.0
2015-06-18,70.16,70.16,64.15,64.15,1541833.0,104324440.0
2015-06-19,62.17,65.09,60.31,60.42,1320017.0,82383536.0
2015-06-23,61.99,64.93,60.86,64.93,1711475.0,107342624.0
2015-06-24,65.6,67.79,64.32,67.65,2126760.0,141164800.0
2015-06-25,67.1,67.98,62.68,63.45,1475032.0,97048880.0
2015-06-26,61.11,62.08,57.11,57.11,1852745.0,109035440.0
2015-06-29,58.09,58.68,51.4,51.4,1777118.0,95737896.0
2015-06-30,50.09,54.64,46.26,54.28,2249607.0,112958904.0
2015-07-01,53.96,56.89,50.08,50.28,2224726.0,120883512.0
2015-07-02,50.1,52.06,46.82,47.62,1729221.0,85552680.0
2015-07-03,46.74,49.45,42.95,44.27,1898112.0,86511944.0
2015-07-06,48.69,48.69,40.06,43.2,2177911.0,97881264.0
2015-07-07,41.06,41.83,38.88,38.88,1075813.0,42553176.0
2015-07-08,34.99,36.55,34.99,34.99,2653470.0,93437488.0
2015-07-09,34.25,38.49,34.25,38.49,1911805.0,71415408.0
2015-07-10,41.56,42.34,40.06,42.34,684608.0,28534936.0
2015-07-13,46.57,46.57,46.57,46.57,376013.0,17484604.0
2015-07-14,51.23,51.23,49.58,51.23,4334327.0,220224192.0
2015-07-15,49.08,49.93,46.11,46.11,2369649.0,111607112.0
2015-07-16,42.16,49.48,42.16,47.07,1429702.0,65902040.0
2015-07-17,47.07,51.36,47.07,50.78,1823207.0,90129816.0
2015-07-20,50.41,52.36,48.77,50.28,2251692.0,113135352.0
2015-07-21,49.17,51.56,48.98,50.83,1924891.0,96498776.0
2015-07-22,50.57,51.58,48.87,50.0,2200902.0,110566664.0
2015-07-23,50.08,54.99,49.7,54.99,4031174.0,212999136.0
2015-07-24,54.78,57.09,52.13,53.34,3988416.0,219620736.0
2015-07-27,52.38,54.42,48.0,48.0,2628014.0,134965712.0
2015-07-28,43.88,47.86,43.21,44.38,2243262.0,100119608.0
2015-07-29,45.33,48.79,42.26,48.12,1906588.0,85677528.0
2015-07-30,47.72,50.88,46.57,46.95,2081029.0,101606024.0
2015-07-31,45.54,49.26,45.3,47.57,1715973.0,81029816.0
2015-08-03,47.07,47.55,42.91,43.89,1540574.0,69305408.0
2015-08-04,45.07,48.07,44.09,47.82,1700148.0,77950152.0
2015-08-05,48.07,50.47,47.07,49.78,2349608.0,114901048.0
2015-08-06,48.87,54.16,48.27,52.88,3220626.0,167123568.0
2015-08-21,47.59,47.59,47.59,47.59,211200.0,10036224.0
2015-08-24,42.84,42.84,42.84,42.84,52200.0,2232594.0
2015-08-25,38.55,38.55,38.55,38.55,399900.0,15392151.0
2015-08-26,34.76,40.02,34.69,34.7,3388338.0,121481128.0
2015-08-27,35.38,36.66,31.55,35.15,2032887.0,70273880.0
2015-08-28,35.58,37.74,34.17,37.21,2303137.0,81994184.0
2015-08-31,36.86,36.86,34.42,34.65,1340698.0,47347532.0
2015-09-01,34.15,34.25,31.19,31.19,1375843.0,44026368.0
2015-09-02,28.86,32.73,28.86,29.45,1469132.0,45364380.0
2015-09-07,30.05,32.39,30.05,31.2,1398481.0,43704572.0
2015-09-08,30.82,34.31,30.75,34.25,1849611.0,60033472.0
2015-09-09,34.68,36.26,34.35,35.94,1990556.0,70420792.0
2015-09-10,35.05,35.76,34.65,34.65,1205207.0,42267808.0
2015-09-11,34.7,35.55,34.33,34.91,868183.0,30333770.0
2015-09-14,34.91,35.05,31.42,31.42,1430100.0,46959316.0
2015-09-15,30.54,30.95,28.93,29.23,1102824.0,32905272.0
2015-09-16,29.29,32.16,29.25,32.16,1413227.0,43245496.0
2015-09-17,31.73,33.73,31.16,31.55,1504536.0,49008864.0
2015-09-18,31.85,32.72,31.38,32.45,953557.0,30525560.0
2015-09-21,32.55,34.48,32.21,34.48,1546653.0,51850252.0
2015-09-22,34.98,36.41,34.63,35.3,2069698.0,73429920.0
2015-09-23,34.5,36.05,34.25,35.65,1471732.0,52053736.0
2015-09-24,36.27,37.05,35.53,35.71,1507774.0,54563116.0
2015-09-25,35.29,35.87,33.15,33.74,1251645.0,43061220.0
2015-09-28,33.67,35.84,33.67,35.59,922385.0,32142548.0
2015-09-29,34.85,35.35,34.25,34.73,720445.0,25044906.0
2015-09-30,34.92,35.7,34.56,35.46,1037800.0,36520608.0
2015-10-08,36.97,37.84,36.44,37.36,1506872.0,56112412.0
2015-10-09,37.35,37.88,37.07,37.78,1080885.0,40543508.0
2015-10-12,38.07,40.44,38.07,40.14,1384243.0,54850576.0
2015-10-13,39.66,41.91,39.37,41.8,1440284.0,58149624.0
2015-10-14,41.76,41.94,40.36,40.85,1364940.0,55947732.0
2015-10-15,40.18,43.52,40.18,43.29,1530308.0,64044976.0
2015-10-16,43.59,44.25,42.06,43.33,1654913.0,70966672.0
2015-10-19,42.88,43.46,41.16,42.16,1724654.0,72930472.0
2015-10-20,42.53,43.92,42.21,43.86,1436463.0,61788996.0
2015-10-21,43.58,45.07,39.47,39.56,2175074.0,92515080.0
2015-10-22,39.56,41.55,39.16,41.44,1600288.0,64962496.0
2015-10-23,41.66,43.37,41.45,43.17,1422630.0,60687932.0
2015-10-26,44.0,44.75,43.4,44.22,1839886.0,81179824.0
2015-10-27,44.23,46.53,42.09,45.97,1678583.0,74360296.0
2015-10-28,45.58,46.89,44.86,45.32,1725826.0,79076744.0
2015-10-29,46.76,46.77,44.46,45.85,1221537.0,55522408.0
2015-10-30,45.59,46.77,44.77,45.57,1244437.0,57054360.0
2015-11-02,44.75,50.13,44.07,48.15,3203132.0,155354304.0
2015-11-03,47.97,50.27,47.58,49.44,2318646.0,113308384.0
2015-11-04,49.38,51.97,49.17,51.54,2118179.0,107070736.0
2015-11-05,51.08,55.18,50.54,52.35,2076906.0,109266544.0
2015-11-06,52.35,57.59,52.35,57.59,2361784.0,130854824.0
2015-11-09,58.1,61.63,56.61,60.09,3630443.0,215423632.0
2015-11-10,59.12,65.6,58.11,64.21,2787473.0,169141712.0
2015-11-11,63.13,70.63,62.45,70.63,3348449.0,226417728.0
2015-11-12,71.72,77.68,69.91,75.13,4560768.0,330042240.0
2015-11-13,73.02,73.02,67.62,67.62,4769075.0,327378560.0
2015-11-16,64.1,67.65,63.37,66.25,2574834.0,168817184.0
2015-11-17,67.4,69.11,63.61,63.98,2706799.0,181352256.0
2015-11-18,63.18,64.4,59.19,59.72,1996130.0,123444024.0
2015-11-19,60.49,63.51,60.19,63.32,2008423.0,124539536.0
2015-11-20,64.59,64.68,61.75,63.35,2235802.0,141375408.0
2015-11-23,63.3,64.1,61.39,61.41,1532563.0,95722712.0
2015-11-24,61.6,67.1,61.45,66.79,3381747.0,216329200.0
2015-11-25,66.3,69.58,65.91,68.05,3044957.0,206751664.0
2015-11-26,67.98,70.11,66.1,67.08,2340356.0,159686912.0
2015-11-27,65.9,68.6,61.94,62.93,2553667.0,165755952.0
2015-11-30,62.93,68.34,61.17,68.08,2728641.0,176265680.0
2015-12-01,68.27,70.61,65.1,66.91,3397268.0,232346096.0
2015-12-02,66.06,66.76,60.79,62.98,1964627.0,124032672.0
2015-12-03,63.6,69.28,63.11,69.22,2755042.0,183654912.0
2015-12-04,68.78,69.61,66.53,67.91,2642918.0,180366352.0
2015-12-07,68.98,71.21,67.11,70.7,2347549.0,161640784.0
2015-12-08,70.11,71.59,68.45,69.67,2194281.0,153156448.0
2015-12-09,68.62,69.51,65.66,66.05,1737824.0,116375656.0
2015-12-10,65.91,66.8,63.23,64.25,1347541.0,87053056.0
2015-12-11,64.29,65.0,63.3,63.9,848398.0,54190852.0
2015-12-14,63.1,65.69,62.9,65.5,1011426.0,64826576.0
2015-12-15,65.15,66.6,64.9,64.96,946205.0,62190220.0
2015-12-16,65.21,67.6,65.21,66.3,1210548.0,80483592.0
2015-12-17,66.3,69.91,66.26,69.11,2293475.0,157140480.0
2015-12-18,69.0,69.61,67.2,67.45,1614982.0,109697888.0
2015-12-21,67.7,74.1,67.45,74.01,3800828.0,270505056.0
2015-12-22,73.73,75.03,71.91,74.3,1988802.0,145433408.0
2015-12-23,74.77,77.52,71.61,71.7,2458593.0,183505984.0
2015-12-24,78.87,78.87,78.87,78.87,295270.0,23252512.0
2015-12-25,86.76,86.76,81.63,83.86,8407904.0,710424192.0
2015-12-28,83.73,84.1,78.93,79.74,4778870.0,388275648.0
2015-12-29,80.16,84.53,80.16,84.03,4261114.0,351656384.0
2015-12-30,84.08,84.11,78.72,79.72,4066373.0,326627616.0
2015-12-31,79.15,79.72,76.12,76.66,2460831.0,190485008.0
2016-01-04,76.52,76.52,69.0,69.0,1836520.0,132704976.0
2016-01-05,63.37,72.07,63.37,70.03,3134695.0,213287600.0
2016-01-06,70.82,74.28,68.81,73.23,2992488.0,213980192.0
2016-01-07,71.11,71.61,65.91,65.92,684700.0,46921040.0
2016-01-08,68.1,71.29,63.46,69.33,2697824.0,185427824.0
2016-01-11,67.1,71.99,64.16,64.93,2472393.0,167935824.0
2016-01-12,64.96,67.29,64.1,64.99,1885308.0,123558880.0
2016-01-13,65.45,66.78,58.49,58.49,2587282.0,161011264.0
2016-01-14,55.08,61.59,53.68,61.1,2271651.0,132388296.0
2016-01-15,60.79,60.89,56.09,57.0,1867952.0,109584776.0
2016-01-18,56.96,61.57,56.09,59.79,1766198.0,104611600.0
2016-01-19,59.78,62.99,59.59,62.81,1957069.0,120229336.0
2016-01-20,62.09,69.08,61.64,66.09,3468570.0,229586736.0
2016-01-21,64.9,67.55,62.09,62.09,2793401.0,181533280.0
2016-01-22,63.1,67.6,62.41,67.37,2926182.0,191306288.0
2016-01-25,68.58,68.97,66.68,68.6,2853213.0,193789680.0
2016-01-26,67.98,70.69,63.8,63.8,3068504.0,206563136.0
2016-01-27,64.11,66.04,60.11,65.79,2657863.0,168969920.0
2016-01-28,64.61,65.85,59.59,59.87,2292721.0,143191072.0
2016-01-29,59.09,63.0,58.29,61.79,1698167.0,103809000.0
2016-02-01,61.69,62.59,57.1,59.46,1266743.0,76554512.0
2016-02-02,58.49,62.49,58.49,61.29,1404803.0,86144936.0
2016-02-03,60.29,61.39,59.49,60.85,1069868.0,64382340.0
2016-02-04,61.03,63.64,61.03,63.14,1645282.0,103189024.0
2016-02-05,63.09,65.06,62.8,63.07,1393291.0,88637848.0
2016-02-15,60.56,62.99,59.12,62.3,1038666.0,63428068.0
2016-02-16,62.97,66.55,62.48,65.6,1639592.0,106522728.0
2016-02-17,65.4,69.81,64.6,68.6,2232962.0,149298192.0
2016-02-18,68.6,72.99,67.62,69.14,3432030.0,240040464.0
2016-02-19,68.33,69.71,68.2,68.91,1893168.0,130275904.0
2016-02-22,69.71,71.99,69.09,70.66,1784957.0,125591808.0
2016-02-23,70.12,72.38,68.1,69.99,1927089.0,135623408.0
2016-02-24,69.22,70.11,64.91,67.65,1967781.0,132131480.0
2016-02-25,67.55,67.55,61.08,62.16,2203897.0,138989584.0
2016-02-26,63.1,63.78,60.74,62.49,1148317.0,71948840.0
2016-02-29,62.3,62.74,57.19,57.77,1246611.0,73080888.0
2016-03-01,58.09,60.54,56.29,59.42,1276781.0,74519144.0
2016-03-02,59.58,62.08,58.89,61.71,1258602.0,75962056.0
2016-03-03,61.09,62.48,60.39,60.4,1262908.0,77583224.0
2016-03-04,59.4,59.89,54.68,55.03,1575030.0,89618472.0
2016-03-07,55.84,58.09,55.36,56.08,1047332.0,59373904.0
2016-03-08,56.05,56.05,52.2,55.53,1149201.0,61862184.0
2016-03-09,53.58,55.28,53.08,53.68,653387.0,35331572.0
2016-03-10,53.2,55.62,53.2,53.5,802849.0,43555344.0
2016-03-11,52.48,55.08,52.41,53.95,727252.0,38963412.0
2016-03-14,54.67,58.48,54.66,57.24,1634944.0,93036128.0
2016-03-15,57.03,57.57,55.44,55.97,963000.0,54428016.0
2016-03-16,56.89,57.73,54.37,54.68,823196.0,45685400.0
2016-03-17,55.09,57.69,54.77,57.18,1348657.0,76296240.0
2016-03-18,57.59,61.22,57.47,60.93,2242448.0,133133752.0
2016-03-21,61.31,62.59,60.09,62.06,2046603.0,125963296.0
2016-03-22,61.65,64.7,61.09,63.65,2318645.0,145138656.0
2016-03-23,62.94,65.92,62.38,65.92,2064456.0,131974784.0
2016-03-24,64.9,71.61,64.66,67.29,3981356.0,270819392.0
2016-03-25,66.25,67.88,64.35,65.64,2288458.0,151238224.0
2016-03-28,65.84,69.61,65.84,66.8,2299687.0,155525504.0
2016-03-29,66.91,68.91,64.6,66.88,2143298.0,143909408.0
2016-03-30,67.6,73.57,67.11,73.57,3550358.0,251652688.0
2016-03-31,74.51,79.12,73.61,74.46,3867409.0,292862752.0
2016-04-01,73.16,79.1,73.11,77.4,3495959.0,266528720.0
2016-04-05,77.48,79.92,76.13,78.02,2288682.0,179080256.0
2016-04-06,77.61,85.82,77.13,85.82,2988293.0,244538080.0
2016-04-07,85.82,88.01,83.14,84.33,3246641.0,277362112.0
2016-04-08,82.33,85.55,77.63,80.02,3191437.0,261539184.0
2016-04-11,83.12,83.57,80.12,80.62,2268114.0,184966448.0
2016-04-12,81.02,82.03,74.21,75.93,2884267.0,222926112.0
2016-04-13,77.07,83.52,75.42,81.45,3506900.0,281965920.0
2016-04-14,82.12,83.01,76.02,78.87,4388431.0,345788768.0
2016-04-15,77.86,78.62,76.33,77.62,2047820.0,158856256.0
2016-04-18,76.88,78.87,76.23,77.42,1673045.0,129423376.0
2016-04-19,78.11,78.88,76.17,77.12,1490858.0,115543688.0
2016-04-20,76.74,78.22,69.64,70.92,2737485.0,201367376.0
2016-04-21,70.11,71.59,68.37,68.58,1508164.0,105918264.0
2016-04-22,68.7,70.84,68.11,70.84,1312824.0,91544016.0
2016-04-25,70.63,70.9,67.9,69.36,1224513.0,84860640.0
2016-04-26,69.99,72.79,69.36,72.1,1627452.0,115987984.0
2016-04-27,72.11,72.77,70.5,70.61,1201266.0,86123336.0
2016-04-28,70.76,72.21,69.22,71.84,1223447.0,86582800.0
2016-04-29,71.6,73.99,71.11,73.23,1534376.0,111396896.0
2016-05-03,73.27,75.95,72.21,75.83,1556930.0,115905568.0
2016-05-04,75.95,80.02,75.21,78.02,2165860.0,169807184.0
2016-05-05,78.02,83.82,77.8,82.84,2789564.0,226199392.0
2016-05-06,83.38,83.93,77.12,77.37,3114944.0,248933584.0
2016-05-09,75.89,79.1,75.47,78.07,2358421.0,183174624.0
2016-05-10,77.69,77.9,74.61,75.5,1736278.0,131592888.0
2016-05-11,78.05,78.3,69.61,69.61,2634645.0,193005005.0
2016-05-12,67.58,70.88,64.9,70.88,1710085.0,115120275.0
2016-05-13,68.41,70.56,67.13,67.38,2030720.0,138739252.0
2016-05-16,66.31,66.91,62.33,63.81,5371410.0,113889177.0
2016-05-17,64.41,70.2,63.81,66.64,7547341.0,170576651.0
2016-05-18,63.9,64.47,59.98,60.07,6394483.0,130500815.0
2016-05-19,60.28,62.15,59.71,59.71,3992328.0,80648038.0
2016-05-20,57.66,59.32,56.81,59.05,3775269.0,72536225.0
2016-05-23,59.16,61.79,59.16,60.4,3584353.0,72201890.0
2016-05-24,61.64,61.64,59.71,60.16,2603656.0,52101505.0
2016-05-25,60.88,61.43,57.63,58.17,4091752.0,80729976.0
2016-05-26,57.6,58.74,55.97,58.56,3398175.0,64725292.0
2016-05-27,58.77,59.95,57.78,57.99,3111132.0,60738539.0
2016-05-30,57.72,57.87,56.06,56.75,2346029.0,44427780.0
2016-05-31,57.27,59.92,57.21,59.68,4455711.0,87433339.0
2016-06-01,60.28,65.4,59.98,64.41,7449917.0,155328587.0
2016-06-02,64.41,65.92,62.39,64.2,6660824.0,140840571.0
2016-06-03,64.05,65.86,63.63,64.29,5196706.0,111400364.0
2016-06-06,63.9,64.71,62.15,63.02,4021064.0,84400758.0
2016-06-07,63.08,64.14,62.42,64.11,3578356.0,75305158.0
2016-06-08,64.65,69.26,62.42,66.19,5256115.0,112540207.0
2016-06-13,64.83,72.28,63.93,64.5,8319068.0,186418204.0
2016-06-14,63.87,67.81,63.6,66.31,5150732.0,111986852.0
2016-06-15,64.59,68.81,64.59,67.97,6151280.0,137657369.0
2016-06-16,67.36,68.57,65.5,65.74,5536971.0,122238013.0
2016-06-17,65.77,66.55,64.35,64.5,4328937.0,93903049.0
2016-06-20,63.9,64.2,58.11,61.88,5148228.0,105249529.0
2016-06-21,62.75,62.78,59.98,60.52,3534550.0,71998604.0
2016-06-22,60.19,62.0,60.04,61.97,2659068.0,53939157.0
2016-06-23,62.0,62.78,60.91,61.12,3457169.0,70971170.0
2016-06-24,61.4,62.0,58.08,59.98,3489934.0,69807506.0
2016-06-27,59.68,61.46,59.62,61.4,2977864.0,60157731.0
2016-06-28,61.19,62.66,60.88,62.57,4206324.0,86346451.0
2016-06-29,63.05,63.2,61.97,62.93,3559634.0,73861747.0
2016-06-30,62.93,63.17,61.88,62.21,3137869.0,65050278.0
2016-07-01,62.39,62.69,61.94,62.36,2571382.0,53143134.0
2016-07-04,61.18,63.17,61.03,62.99,3514165.0,73142531.0
2016-07-05,63.38,63.96,62.09,62.3,3125245.0,64975453.0
2016-07-06,62.87,63.84,61.82,63.84,4183125.0,87454784.0
2016-07-07,64.2,68.12,63.99,65.98,7005769.0,154548023.0
2016-07-08,65.16,66.28,64.05,65.16,3835416.0,82654611.0
2016-07-11,64.95,66.16,63.6,63.66,3635095.0,78424800.0
2016-07-12,63.29,64.17,61.22,63.69,3242630.0,67782258.0
2016-07-13,62.99,63.29,61.64,62.63,4946404.0,102155057.0
2016-07-14,62.63,62.75,61.97,62.24,2400752.0,49566809.0
2016-07-15,62.24,62.87,61.88,62.51,2633399.0,54553333.0
2016-07-18,62.66,62.66,60.04,60.88,2666043.0,54037465.0
2016-07-19,61.03,61.46,60.19,61.43,2349351.0,47397603.0
2016-07-20,61.82,63.11,61.09,63.05,3376596.0,69618787.0
2016-07-21,62.96,63.63,62.27,62.33,3440566.0,71898884.0
2016-07-22,60.94,61.79,60.91,61.24,2220422.0,45098025.0
2016-07-25,61.61,62.99,60.85,62.69,3205242.0,66354246.0
2016-07-26,63.17,64.11,62.57,64.08,3931530.0,82820235.0
2016-07-27,63.75,64.32,59.68,59.77,4813586.0,98204681.0
2016-07-28,59.59,60.49,58.29,58.83,2102514.0,41371023.0
2016-07-29,59.1,59.38,58.02,58.68,1522041.0,29627907.0
2016-08-01,57.6,58.47,57.02,57.81,1351442.0,25784125.0
2016-08-02,57.81,58.11,57.63,58.05,1051815.0,20204531.0
2016-08-03,57.66,58.17,57.66,57.84,974762.0,18719587.0
2016-08-04,57.84,58.08,56.54,57.02,2323571.0,43976755.0
2016-08-05,57.05,57.39,56.54,56.78,1343499.0,25382770.0
2016-08-08,56.6,57.66,55.79,57.36,1468362.0,27714651.0
2016-08-09,57.57,57.87,57.3,57.69,1403787.0,26807893.0
2016-08-10,57.63,57.9,57.36,57.51,1306703.0,24973010.0
2016-08-11,57.51,57.51,55.82,55.91,2205598.0,41362295.0
2016-08-12,55.76,57.15,55.76,56.6,1586029.0,29797021.0
2016-08-15,57.15,58.11,56.57,57.66,2342511.0,44684848.0
2016-08-16,57.66,58.17,57.57,57.87,1947826.0,37406702.0
2016-08-17,57.9,58.41,57.57,58.26,2143074.0,41172638.0
2016-08-18,58.23,58.26,57.63,57.87,1677774.0,32183122.0
2016-08-19,57.66,63.23,57.66,61.7,4016297.0,78661333.0
2016-08-22,62.39,62.39,59.38,60.58,4947462.0,99379434.0
2016-08-23,61.22,61.82,59.38,60.58,3274889.0,65690609.0
2016-08-24,62.24,62.24,59.59,60.22,2335781.0,46884980.0
2016-08-25,59.62,61.58,58.83,59.74,3367622.0,66527452.0
2016-08-26,59.68,60.85,59.32,60.13,2613906.0,51959910.0
2016-08-29,59.74,60.25,59.1,59.86,1587479.0,31417010.0
2016-08-30,59.53,60.16,59.1,59.26,1861517.0,36712047.0
2016-08-31,59.1,59.47,58.62,58.89,1659091.0,32395891.0
2016-09-01,58.95,60.1,58.23,58.23,1751175.0,34274810.0
2016-09-02,58.41,58.53,57.36,57.72,1749683.0,33633750.0
2016-09-05,57.87,58.38,57.15,57.45,1266907.0,24279758.0
2016-09-06,57.39,58.71,56.99,58.62,1826601.0,35195022.0
2016-09-07,58.71,59.83,58.35,58.86,2708992.0,53177724.0
2016-09-08,59.01,59.53,58.56,59.13,1486951.0,29117152.0
2016-09-09,59.38,59.44,58.2,58.38,1192764.0,23308805.0
2016-09-12,57.84,57.84,56.6,56.6,1603921.0,30351718.0
2016-09-13,57.75,57.75,56.42,56.91,974872.0,18442602.0
2016-09-14,56.69,57.21,56.48,56.66,837691.0,15819768.0
2016-09-19,56.66,59.16,56.51,58.56,1670819.0,31980681.0
2016-09-20,58.77,61.7,57.75,60.85,3349983.0,66012368.0
2016-09-21,60.28,61.19,58.92,59.71,3006678.0,59758462.0
2016-09-22,59.95,60.13,59.26,59.8,1569395.0,31097598.0
2016-09-23,59.74,60.7,58.53,58.62,1802300.0,35369185.0
2016-09-26,58.62,58.74,57.72,57.78,1407001.0,27171273.0
2016-09-27,57.72,59.08,57.36,58.95,1644466.0,31799148.0
2016-09-28,58.83,59.2,58.32,58.68,893979.0,17410685.0
2016-09-29,58.5,59.05,58.29,58.29,976149.0,18983287.0
2016-09-30,58.23,58.83,58.17,58.26,699097.0,13552637.0
2016-10-10,58.44,59.68,58.44,59.68,2065795.0,40613738.0
2016-10-11,59.98,59.98,59.1,59.38,1428868.0,28146214.0
2016-10-12,59.38,59.95,58.83,59.89,2220988.0,43923859.0
2016-10-13,59.68,60.16,59.47,59.65,1548806.0,30720466.0
2016-10-14,59.44,59.62,58.77,59.13,1507432.0,29529690.0
2016-10-17,58.95,59.41,58.11,58.29,1498666.0,29225144.0
2016-10-18,58.47,59.13,58.2,59.05,1412282.0,27537750.0
2016-10-19,59.2,59.56,58.35,58.53,1367469.0,26621162.0
2016-10-20,58.53,60.82,58.41,60.43,4888111.0,97189839.0
2016-10-21,60.46,60.46,58.95,59.68,3286793.0,65029524.0
2016-10-24,59.41,60.19,59.1,60.04,2634179.0,52280183.0
2016-10-25,60.07,60.64,59.77,59.95,2102056.0,41901238.0
2016-10-26,60.13,61.76,59.92,60.91,5186154.0,105149384.0
2016-10-27,60.37,60.76,59.98,60.31,2604886.0,52138396.0
2016-10-28,60.58,60.58,59.05,59.35,2673951.0,52939253.0
2016-10-31,59.23,59.23,58.2,58.86,1634991.0,31830798.0
2016-11-01,58.86,59.38,58.71,59.35,1601990.0,31379819.0
2016-11-02,59.08,59.98,58.77,58.89,2076264.0,40918333.0
2016-11-03,58.83,60.19,58.5,59.13,2966320.0,58596529.0
2016-11-04,59.13,60.79,58.53,60.58,4677671.0,93312204.0
2016-11-07,61.09,61.09,59.98,60.25,3437815.0,69079002.0
2016-11-08,60.37,61.19,60.13,60.88,2974674.0,59889906.0
2016-11-09,60.52,61.03,59.01,59.65,3190816.0,63458697.0
2016-11-10,60.7,60.73,59.38,60.67,3368218.0,67386458.0
2016-11-11,60.52,61.73,60.4,61.52,5427748.0,110329760.0
2016-11-14,61.52,64.17,61.52,63.29,7499891.0,157084615.0
2016-11-15,62.93,69.62,62.42,69.62,10956499.0,240358126.0
2016-11-16,71.73,73.84,67.64,68.81,18911882.0,447938937.0
2016-11-17,67.36,68.36,65.98,67.15,8453089.0,187833203.0
2016-11-18,67.21,68.39,65.71,65.71,5988065.0,132717034.0
2016-11-21,64.83,67.42,64.8,66.91,4823762.0,106034565.0
2016-11-22,66.49,66.73,65.64,66.64,4547501.0,99758917.0
2016-11-23,66.67,67.48,65.71,65.8,4693472.0,103863474.0
2016-11-24,65.61,66.1,63.32,64.08,5078885.0,109093442.0
2016-11-25,64.26,64.32,62.15,63.84,3039967.0,63980167.0
2016-11-28,64.2,64.74,63.6,63.99,2046950.0,43572035.0
2016-11-29,64.05,64.32,62.63,62.63,2335748.0,48960242.0
2016-11-30,62.99,64.17,62.45,63.45,1960243.0,41122294.0
2016-12-01,63.6,63.6,62.51,62.78,1970537.0,41093106.0
2016-12-02,62.72,63.45,60.67,60.88,2992728.0,61526761.0
2016-12-05,60.73,61.46,60.04,61.22,1280755.0,25903751.0
2016-12-06,61.06,67.33,61.06,64.65,7592077.0,163705280.0
2016-12-07,65.43,65.43,63.08,64.59,3522316.0,74786736.0
2016-12-08,64.47,64.71,61.82,61.82,3236241.0,67917738.0
2016-12-09,61.76,63.2,61.64,61.85,2163601.0,44829484.0
2016-12-12,61.79,61.91,56.6,56.91,4206484.0,81877255.0
2016-12-13,57.12,57.39,56.0,56.97,2108000.0,39663696.0
2016-12-14,57.12,57.15,54.92,55.16,2190880.0,40833230.0
2016-12-15,55.1,56.57,54.61,55.79,1613494.0,29898943.0
2016-12-16,55.85,57.12,55.79,56.97,1609898.0,30294086.0
2016-12-19,56.97,57.24,56.36,56.94,1237899.0,23350729.0
2016-12-20,56.94,57.24,56.66,56.94,1009611.0,19082729.0
2016-12-21,57.12,57.51,56.88,57.33,1267586.0,24045758.0
2016-12-22,57.39,57.75,56.27,56.6,1277891.0,24065767.0
2016-12-23,56.45,57.42,55.76,56.78,1404180.0,26240373.0
2016-12-26,56.33,57.21,55.64,57.06,1154800.0,21636800.0
2016-12-27,57.12,57.12,56.72,56.88,793500.0,14985137.0
2016-12-28,56.91,56.99,56.39,56.39,840452.0,15804357.0
2016-12-29,56.09,57.12,56.09,56.75,1050900.0,19787645.0
2016-12-30,56.97,56.97,55.76,55.88,1289000.0,24003292.0
2017-01-03,56.06,57.84,55.64,57.21,1773336.0,33432044.0
2017-01-04,57.15,62.24,56.91,59.92,5576891.0,110583733.0
2017-01-05,59.95,60.34,59.1,59.38,1985519.0,39246296.0
2017-01-06,59.1,59.56,57.66,58.17,2051310.0,39579800.0
2017-01-09,57.63,61.19,57.63,60.19,2669565.0,52914344.0
2017-01-10,59.62,60.82,59.41,60.01,1825040.0,36469208.0
2017-01-11,59.92,60.58,58.41,59.68,2368419.0,46904709.0
2017-01-12,59.68,60.43,58.26,58.56,1397280.0,27438861.0
2017-01-13,58.17,58.92,57.81,58.02,988578.0,19168825.0
2017-01-16,57.27,57.72,52.26,53.35,1984279.0,36121706.0
2017-01-17,53.35,54.22,49.43,52.9,3954213.0,67583113.0
2017-01-18,51.81,51.9,50.33,50.7,1780078.0,30134149.0
2017-01-19,50.06,51.09,49.73,50.55,890200.0,14913519.0
2017-01-20,50.39,51.81,50.33,51.42,1040480.0,17727676.0
2017-01-23,51.39,52.56,51.39,52.08,1213135.0,20992391.0
2017-01-24,51.84,52.5,51.57,51.75,775173.0,13343299.0
2017-01-25,51.27,52.35,51.27,52.05,880124.0,15181743.0
2017-01-26,52.14,52.32,51.84,52.08,791544.0,13663628.0
2017-02-03,52.35,52.35,51.36,51.45,1157172.0,19844135.0
2017-02-06,51.39,52.38,50.94,52.38,1599185.0,27386810.0
2017-02-07,52.17,57.63,51.87,57.63,4638036.0,84529386.0
2017-02-08,59.98,59.98,56.12,57.36,6676613.0,127968692.0
2017-02-09,57.36,57.75,56.12,56.72,4609568.0,86645778.0
2017-02-10,56.45,56.97,55.28,55.67,3072879.0,57306964.0
2017-02-13,55.28,56.24,54.85,55.7,2072804.0,38222067.0
2017-02-14,55.34,55.7,54.95,55.46,1757423.0,32238303.0
2017-02-15,55.19,56.0,53.95,53.95,1995582.0,36505799.0
2017-02-16,53.65,54.83,53.11,54.83,2075790.0,36882784.0
2017-02-17,54.77,55.07,53.65,54.13,1319185.0,23767954.0
2017-02-20,54.85,57.15,54.85,55.43,1850020.0,34140978.0
2017-02-21,55.79,56.06,54.88,55.61,1789297.0,32975885.0
2017-02-22,55.91,55.91,54.55,54.98,1327300.0,24223461.0
2017-02-23,54.73,55.19,54.13,54.98,1551280.0,28068425.0
2017-02-24,54.98,55.67,54.95,55.37,1501943.0,27523889.0
2017-02-27,55.16,55.76,54.4,54.58,1543500.0,28219214.0
2017-02-28,54.46,54.83,53.92,54.34,1332703.0,24018292.0
2017-03-01,54.31,54.8,54.04,54.31,1242485.0,22440889.0
2017-03-02,54.64,54.64,54.13,54.31,927200.0,16722308.0
2017-03-03,54.13,54.85,53.77,54.55,1123933.0,20263715.0
2017-03-06,54.8,55.61,54.55,55.22,1594324.0,29151368.0
2017-03-07,55.4,55.55,54.13,55.25,2605409.0,47365054.0
2017-03-08,54.92,55.34,54.73,54.85,1389421.0,25345533.0
2017-03-09,54.83,55.61,54.46,55.16,1794309.0,32729605.0
2017-03-10,55.16,55.16,54.58,54.64,1046395.0,19016070.0
2017-03-13,54.61,54.73,53.35,54.55,1691910.0,30395110.0
2017-03-14,54.49,55.37,54.31,54.58,1777554.0,32333551.0
2017-03-15,54.77,54.77,53.95,54.22,1432794.0,25849789.0
2017-03-16,54.25,55.4,54.16,55.16,2047399.0,37323699.0
2017-03-17,55.34,55.55,54.31,54.4,1760666.0,32148655.0
2017-03-20,54.25,54.8,54.25,54.64,1226775.0,22183692.0
2017-03-21,54.58,55.19,54.58,54.85,1280063.0,23327432.0
2017-03-22,54.4,54.64,53.65,53.95,1518210.0,27265084.0
2017-03-23,54.1,55.16,53.8,55.1,2534746.0,45898258.0
2017-03-24,55.01,55.07,54.34,54.7,1309087.0,23747974.0
2017-03-27,54.7,54.88,54.19,54.49,1488846.0,26897821.0
2017-03-28,54.7,54.7,54.1,54.16,917961.0,16549731.0
2017-03-29,54.22,54.31,51.84,52.47,1677492.0,29545699.0
2017-03-30,52.14,52.56,50.15,50.21,2038859.0,34610694.0
2017-03-31,50.7,51.21,50.27,50.91,1442207.0,24334463.0
2017-04-05,49.76,51.9,49.76,51.84,1215637.0,20771135.0
2017-04-06,51.84,53.08,51.57,52.32,1688526.0,29487805.0
2017-04-07,52.72,52.72,51.87,52.38,915654.0,15891672.0
2017-04-10,51.84,52.11,50.06,50.27,1587489.0,26783676.0
2017-04-11,50.27,50.58,49.37,50.27,1472776.0,24425861.0
2017-04-12,50.27,50.27,49.73,49.85,1182667.0,19608185.0
2017-04-13,49.82,50.55,49.61,50.06,1169373.0,19425239.0
2017-04-14,50.0,50.09,49.25,49.31,1001085.0,16464193.0
2017-04-17,48.83,49.22,47.35,47.65,1233823.0,19564511.0
2017-04-18,48.07,48.07,46.08,46.27,1063755.0,16648546.0
2017-04-19,45.81,46.27,42.65,44.85,1519820.0,22307556.0
2017-04-20,44.73,45.06,43.19,43.52,1160967.0,16951967.0
2017-04-21,43.7,44.64,43.4,43.94,991700.0,14504842.0
2017-04-24,43.98,44.03,41.59,41.62,1125325.0,15829321.0
2017-04-25,41.9,42.71,41.62,42.08,925512.0,12964558.0
2017-04-26,42.23,42.68,41.71,42.32,985404.0,13802962.0
2017-04-27,42.38,43.4,40.72,43.16,1345198.0,18942935.0
2017-04-28,43.4,43.82,42.95,43.61,951899.0,13746816.0
2017-05-02,43.64,45.69,43.1,44.76,1442289.0,21419259.0
2017-05-03,44.19,45.12,43.76,44.19,1020122.0,14981650.0
2017-05-04,44.19,45.12,43.91,44.16,862815.0,12746174.0
2017-05-05,44.4,44.4,42.23,42.41,1156927.0,16626619.0
2017-05-08,42.59,42.95,41.59,41.87,737967.0,10321105.0
2017-05-09,41.5,42.59,41.29,42.38,896233.0,12508433.0
2017-05-10,42.38,43.07,41.62,41.65,950484.0,13355017.0
2017-05-11,41.08,41.5,39.3,41.02,1314833.0,17650202.0
2017-05-12,41.08,41.08,39.88,40.75,962913.0,12969864.0
2017-05-15,40.39,43.13,40.39,43.13,2002706.0,27684568.0
2017-05-16,42.38,44.28,41.77,43.91,2060799.0,29490863.0
2017-05-17,43.1,44.52,43.07,43.61,1592855.0,23191412.0
2017-05-18,43.4,44.01,42.56,42.77,1004822.0,14434348.0
2017-05-19,42.77,43.7,42.56,43.22,792575.0,11342100.0
2017-05-22,43.07,43.1,41.29,41.38,1218050.0,17016202.0
2017-05-23,41.29,41.41,37.86,38.61,2050087.0,27104643.0
2017-05-24,38.28,39.63,37.67,38.91,1072874.0,13762958.0
2017-05-25,38.91,39.48,37.95,38.91,1214055.0,15606968.0
2017-05-26,38.94,39.3,38.58,39.18,748741.0,9692036.0
2017-05-31,39.73,40.33,39.24,39.3,913162.0,12021247.0
2017-06-01,38.91,39.18,37.74,38.01,1207822.0,15337319.0
2017-06-02,37.77,40.12,37.7,40.12,1225788.0,15819463.0
2017-06-05,40.03,40.66,39.54,40.09,1093192.0,14556693.0
2017-06-06,39.66,40.33,39.6,40.15,776800.0,10305365.0
2017-06-07,40.09,41.65,40.06,40.72,2001630.0,27203021.0
2017-06-08,40.57,41.14,40.42,40.75,1208207.0,16344468.0
2017-06-09,40.93,40.99,40.0,40.84,848022.0,11381955.0
2017-06-12,40.6,40.81,39.24,39.48,748804.0,9914557.0
2017-06-13,39.57,40.63,39.15,40.57,872106.0,11639631.0
2017-06-14,40.72,41.35,40.45,40.78,1032100.0,13948830.0
2017-06-15,40.81,42.32,40.69,41.66,2094010.0,28871188.0
2017-06-16,41.66,41.9,41.08,41.35,959134.0,13074614.0
2017-06-19,41.11,41.81,41.11,41.45,743816.0,10173874.0
2017-06-20,41.66,42.26,41.33,41.51,968197.0,13383893.0
2017-06-21,41.33,41.9,40.63,41.33,898753.0,12218877.0
2017-06-22,41.17,41.23,40.02,40.14,1351100.0,18101381.0
2017-06-23,40.84,40.84,39.02,39.63,1163703.0,15258307.0
2017-06-26,39.63,40.17,39.42,40.11,926100.0,12177511.0
2017-06-27,39.69,40.51,39.66,39.99,922675.0,12254593.0
2017-06-28,39.78,42.99,39.2,42.17,4000081.0,54941639.0
2017-06-29,41.93,42.57,41.6,41.93,2042994.0,28427570.0
2017-06-30,41.96,42.14,41.51,41.69,982361.0,13591020.0
2017-07-03,41.48,42.29,41.29,41.75,1018565.0,14072288.0
2017-07-04,41.72,42.02,41.2,41.42,854930.0,11727281.0
2017-07-05,41.41,42.08,41.41,41.87,1512346.0,20883434.0
2017-07-06,41.87,42.38,41.66,41.87,1442600.0,19987605.0
2017-07-07,42.08,42.2,41.72,41.87,1030800.0,14288214.0
2017-07-10,41.75,43.84,41.48,43.2,3429303.0,48651490.0
2017-07-11,43.08,43.17,42.08,42.29,1550850.0,21883758.0
2017-07-12,42.23,43.44,41.26,43.35,1866172.0,26066267.0
2017-07-13,43.35,43.81,42.72,43.23,1248000.0,17808192.0
2017-07-14,43.41,43.41,42.66,42.9,839360.0,11906350.0
2017-07-17,42.54,42.54,38.6,38.6,2612480.0,34167180.0
2017-07-18,38.45,39.17,38.09,38.78,1023201.0,13041103.0
2017-07-19,38.78,39.08,38.3,38.96,796555.0,10227219.0
2017-07-20,38.96,39.48,38.45,38.69,1168400.0,15020162.0
2017-07-21,38.36,38.84,38.21,38.57,820800.0,10426031.0
2017-07-24,37.99,38.63,37.51,38.05,1423900.0,17813294.0
2017-07-25,38.05,38.15,37.42,37.75,647004.0,8089165.0
2017-07-26,37.87,37.87,36.97,37.24,942800.0,11648344.0
2017-07-27,37.27,38.75,37.12,38.45,1479379.0,18625244.0
2017-07-28,38.6,38.87,38.33,38.51,835631.0,10655818.0
2017-07-31,38.45,39.17,38.05,38.69,1102424.0,14123038.0
2017-08-01,38.99,38.99,38.48,38.87,1037229.0,13263687.0
2017-08-02,38.51,38.96,38.51,38.51,799600.0,10220889.0
2017-08-03,38.51,39.54,38.24,39.51,1787800.0,23186453.0
2017-08-04,39.36,40.17,39.15,40.05,1336879.0,17512893.0
2017-08-07,40.08,42.08,39.66,40.75,2001900.0,27150366.0
2017-08-08,40.69,41.66,40.3,41.48,1680483.0,22907118.0
2017-08-09,41.54,41.78,40.87,41.23,1201470.0,16417001.0
2017-08-10,41.35,41.35,39.99,40.33,1303665.0,17430316.0
2017-08-11,40.11,40.17,39.51,39.87,1150879.0,15115525.0
2017-08-14,40.33,41.75,39.99,41.05,1074064.0,14541372.0
2017-08-15,41.11,41.29,40.45,40.69,742964.0,10009890.0
2017-08-16,40.66,41.3,40.57,40.96,1081463.0,14669711.0
2017-08-17,40.81,41.45,40.81,41.3,1103739.0,14984901.0
2017-08-18,41.29,41.29,40.75,41.02,857273.0,11598278.0
2017-08-21,40.99,41.2,40.9,41.05,642455.0,8707137.0
2017-08-22,40.93,41.2,39.72,40.23,991284.0,13287122.0
2017-08-23,40.42,40.96,40.2,40.72,955484.0,12843288.0
2017-08-24,40.72,40.96,39.69,39.99,676500.0,9000069.0
2017-08-25,39.96,41.29,39.51,41.02,1368503.0,18414304.0
2017-08-28,40.9,41.9,40.9,41.48,1476555.0,20276529.0
2017-08-29,41.51,41.9,41.26,41.63,1358000.0,18669178.0
2017-08-30,41.35,42.29,40.96,41.66,1386450.0,19043361.0
2017-08-31,41.38,42.38,41.38,42.23,1342478.0,18635606.0
2017-09-01,42.38,43.29,41.84,42.84,2103514.0,29596177.0
2017-09-04,42.84,44.66,42.57,44.23,3453929.0,50016590.0
2017-09-05,44.29,45.72,43.63,43.84,2996947.0,44215598.0
2017-09-06,43.78,44.35,43.32,44.05,1629334.0,23599506.0
2017-09-07,43.84,44.08,42.81,43.02,2049062.0,29326629.0
2017-09-08,42.99,43.69,42.69,43.47,846234.0,12120553.0
2017-09-11,43.47,45.41,43.47,44.81,2457545.0,36407910.0
2017-09-12,44.56,45.72,44.53,45.38,2185094.0,32597706.0
2017-09-13,45.38,46.05,44.72,46.05,2658194.0,40021424.0
2017-09-14,46.77,47.77,45.05,45.32,3965269.0,60525771.0
2017-09-15,45.05,46.84,44.56,46.84,2912416.0,44084001.0
2017-09-18,46.74,47.65,46.32,46.84,2050439.0,31789067.0
2017-09-19,46.87,47.98,46.47,47.38,2321285.0,36144559.0
2017-09-20,47.02,47.77,46.99,47.62,1947605.0,30580468.0
2017-09-21,47.71,47.98,46.44,46.71,1999033.0,31103966.0
2017-09-22,46.71,47.47,45.68,46.71,1635089.0,25071484.0
2017-09-25,46.08,47.23,44.5,45.29,1758600.0,26771963.0
2017-09-26,45.32,47.17,45.11,46.62,2024639.0,30872229.0
2017-09-27,47.14,47.2,46.41,46.47,1145000.0,17696407.0
2017-09-28,46.99,51.13,45.71,51.04,8764440.0,143042480.0
2017-09-29,51.47,51.47,49.17,50.23,4712296.0,78245995.0
2017-10-09,50.86,50.86,49.53,50.62,2823018.0,46912540.0
2017-10-10,50.13,53.25,50.13,51.04,3892148.0,66396876.0
2017-10-11,51.01,51.74,48.89,49.83,2818449.0,46787369.0
2017-10-12,50.26,51.65,49.05,50.32,3038949.0,50955184.0
2017-10-13,50.32,51.04,49.68,49.98,1204110.0,19930195.0
2017-10-16,49.5,49.95,47.98,48.38,2560800.0,41326390.0
2017-10-17,48.38,49.23,47.83,48.41,1138700.0,18208578.0
2017-10-18,48.11,50.07,47.98,48.68,2743271.0,44545266.0
2017-10-19,48.23,49.14,48.17,49.02,1035147.0,16669396.0
2017-10-20,48.62,49.89,48.62,49.89,1689700.0,27606035.0
2017-10-23,50.53,52.38,49.65,50.86,3644503.0,61475863.0
2017-10-24,50.86,52.25,50.29,51.01,2418465.0,40960334.0
2017-10-25,51.01,52.77,50.83,51.83,2472265.0,42217549.0
2017-10-26,51.83,52.83,50.65,52.16,3466282.0,59645420.0
2017-10-27,52.34,53.13,51.86,52.01,2704562.0,46876984.0
2017-10-30,51.86,52.53,50.56,51.28,2603039.0,44124710.0
2017-10-31,50.29,52.65,50.29,52.56,3087540.0,53192459.0
2017-11-01,52.68,53.65,51.62,52.86,1495800.0,26045289.0
2017-11-02,52.65,53.47,52.25,52.62,1124339.0,19626437.0
2017-11-03,52.98,52.98,51.68,52.04,1405900.0,24206584.0
2017-11-06,52.92,52.92,51.56,51.71,1238727.0,21270689.0
2017-11-07,52.01,52.01,50.83,51.65,1600421.0,27120679.0
2017-11-08,51.62,51.77,50.95,51.22,1473621.0,24974551.0
2017-11-09,50.95,51.62,50.35,50.62,1337260.0,22428060.0
2017-11-10,50.62,51.1,50.01,50.62,1353700.0,22598017.0
2017-11-13,50.98,51.77,50.44,50.71,1758490.0,29625126.0
2017-11-14,50.71,51.22,49.98,50.71,1248541.0,20832495.0
2017-11-15,50.26,51.16,50.26,50.89,670558.0,11244468.0
2017-11-16,50.8,51.16,50.53,50.53,607269.0,10194505.0
2017-11-17,50.5,50.5,45.47,46.17,3022257.0,47019227.0
2017-11-20,46.17,47.38,43.9,47.2,906800.0,13793046.0
2017-11-21,47.2,48.59,47.2,48.41,780922.0,12353603.0
2017-11-22,48.41,49.05,47.89,48.38,652800.0,10473937.0
2017-11-23,47.41,48.98,45.96,48.38,950332.0,15124699.0
2017-11-24,47.17,49.26,47.08,49.08,707222.0,11362705.0
2017-11-27,49.05,49.38,48.44,49.17,373800.0,6058459.0
2017-11-28,49.29,49.62,48.8,49.53,585100.0,9514458.0
2017-11-29,49.56,49.59,48.47,48.89,416825.0,6719610.0
2017-11-30,47.62,48.98,47.62,48.71,721800.0,11605699.0
2017-12-01,48.44,49.01,47.02,47.77,816300.0,12891882.0
2017-12-04,48.08,48.11,45.87,45.87,1179100.0,18285324.0
2017-12-05,46.47,47.59,45.41,46.77,1659253.0,25670197.0
2017-12-06,46.8,47.14,46.44,46.99,802426.0,12409449.0
2017-12-07,46.99,47.5,46.84,46.96,354956.0,5503706.0
2017-12-08,46.87,47.2,46.77,46.84,301967.0,4678066.0
2017-12-11,46.84,47.17,46.68,46.87,475800.0,7363779.0
2017-12-12,46.84,46.99,46.17,46.62,464450.0,7146567.0
2017-12-13,46.11,46.92,45.5,46.68,859600.0,13107994.0
2017-12-14,46.02,46.5,45.17,46.26,1155151.0,17452216.0
2017-12-15,46.08,47.83,45.41,46.23,1217821.0,18444233.0
2017-12-18,46.32,47.23,45.87,47.17,1575760.0,24284110.0
2017-12-19,47.17,48.2,46.65,47.77,1819532.0,28522102.0
2017-12-20,47.98,47.98,47.29,47.5,538760.0,8445137.0
2017-12-21,47.26,48.8,47.26,48.41,1861767.0,29621421.0
2017-12-22,48.05,49.26,48.02,48.38,293650.0,4683330.0
2017-12-25,48.44,48.44,46.62,47.77,465600.0,7310848.0
2017-12-26,46.92,48.38,46.87,47.95,901700.0,14220962.0
2017-12-27,47.56,48.11,47.41,47.92,265900.0,4202136.0
2017-12-28,47.77,48.83,47.62,48.74,1074700.0,17102075.0
2017-12-29,48.17,49.05,48.17,48.98,723426.0,11633136.0
2018-01-02,48.98,49.44,48.38,49.29,1196800.0,19385014.0
2018-01-03,48.62,49.65,48.62,49.29,594700.0,9692105.0
2018-01-04,49.29,49.38,48.41,48.65,852611.0,13744213.0
2018-01-05,48.65,49.35,48.05,48.44,875911.0,14022261.0
2018-01-08,48.77,49.13,47.62,48.14,1131406.0,17963136.0
2018-01-09,48.26,48.32,47.41,47.98,528200.0,8347361.0
2018-01-10,48.26,48.26,47.23,47.77,507200.0,7969618.0
2018-01-11,47.83,48.11,47.14,47.68,380800.0,5960943.0
2018-01-12,47.23,47.77,46.71,47.68,736973.0,11495359.0
2018-01-15,47.5,47.5,46.77,47.17,347700.0,5409238.0
2018-01-16,46.92,47.44,46.92,47.44,305301.0,4756214.0
2018-01-17,47.23,47.41,46.84,47.26,399432.0,6213395.0
2018-01-18,47.29,48.05,47.05,47.89,815000.0,12774926.0
2018-01-19,48.08,48.35,47.17,48.23,1101000.0,17390198.0
2018-01-22,48.44,48.71,47.53,48.62,811492.0,12868075.0
2018-01-23,48.17,48.29,47.74,48.11,387506.0,6141540.0
2018-01-24,47.89,48.11,47.56,47.89,280625.0,4434100.0
2018-01-25,47.89,47.98,47.62,47.92,315200.0,4975146.0
2018-01-26,47.92,47.98,47.5,47.68,443800.0,6992933.0
2018-01-29,47.68,48.08,47.23,47.59,806289.0,12640668.0
2018-01-30,47.62,47.65,47.2,47.38,735900.0,11497479.0
2018-01-31,47.23,47.83,46.92,47.26,633410.0,9865752.0
2018-02-01,47.17,47.62,42.54,47.41,4082609.0,59445590.0
2018-02-02,45.44,45.74,42.66,44.66,924667.0,13374814.0
2018-02-05,44.29,44.5,40.33,42.35,520101.0,7359549.0
2018-02-06,42.05,42.05,38.12,38.12,2925900.0,37094959.0
2018-02-07,37.27,37.84,34.3,34.3,2976069.0,34180055.0
2018-02-08,32.48,34.78,32.33,34.27,1462139.0,16430283.0
2018-02-09,33.42,34.51,30.88,32.36,1290300.0,13961193.0
2018-02-12,33.09,33.82,32.24,33.54,1116600.0,12052385.0
2018-02-13,33.82,33.82,32.94,33.3,759200.0,8361529.0
2018-02-14,33.3,33.79,33.24,33.54,338400.0,3741062.0
2018-02-22,33.48,34.15,33.36,33.54,460900.0,5123677.0
2018-02-23,33.36,34.09,32.12,32.61,1073885.0,11604963.0
2018-02-26,32.76,34.82,32.76,34.03,1206522.0,13532701.0
2018-02-27,34.27,34.42,33.6,33.79,1337060.0,14977027.0
2018-02-28,33.76,35.69,33.76,35.42,1478232.0,17006813.0
2018-03-01,35.09,36.63,33.79,35.91,1306432.0,15296155.0
2018-03-02,35.33,35.94,35.03,35.39,756500.0,8848799.0
2018-03-05,35.48,35.91,35.33,35.6,473800.0,5566486.0
2018-03-06,35.54,35.97,34.51,35.18,1370336.0,15893392.0
2018-03-07,34.85,35.15,34.27,34.3,1001500.0,11442307.0
2018-03-08,34.09,35.09,34.06,35.03,1572800.0,17846251.0
2018-03-09,35.15,35.69,34.97,35.51,1442108.0,16847961.0
2018-03-12,35.78,36.94,35.72,36.18,1761218.0,21030230.0
2018-03-13,36.6,36.6,35.33,35.6,1316308.0,15596403.0
2018-03-14,35.57,35.88,34.97,35.39,908700.0,10662489.0
2018-03-15,34.54,35.36,34.21,34.7,990513.0,11363639.0
2018-03-16,34.66,35.3,34.54,35.3,1022613.0,11814007.0
2018-03-19,34.97,35.63,34.82,35.06,801813.0,9342234.0
2018-03-20,34.39,35.15,34.36,34.63,539700.0,6176063.0
2018-03-21,34.63,35.72,34.63,35.0,857613.0,9990954.0
2018-03-22,34.66,35.66,34.66,35.57,948402.0,11071231.0
2018-03-23,34.97,34.97,32.03,32.12,1361450.0,15002835.0
2018-03-26,31.88,32.67,30.34,32.58,879292.0,9108301.0
2018-03-27,33.24,34.0,32.15,33.91,782342.0,8666655.0
2018-03-28,33.36,34.15,33.33,33.48,661906.0,7370215.0
2018-03-29,33.48,34.15,33.39,33.79,669772.0,7431797.0
2018-03-30,34.03,35.69,33.85,35.09,1254586.0,14439732.0
2018-04-02,35.12,35.6,34.7,35.24,1222014.0,14243049.0
2018-04-03,34.51,36.91,34.09,35.97,1680619.0,19951231.0
2018-04-04,36.33,36.87,36.03,36.66,1300054.0,15730828.0
2018-04-09,36.63,37.69,36.33,37.21,1578835.0,19379833.0
2018-04-10,37.09,37.21,36.03,36.57,1252394.0,15137023.0
2018-04-11,36.57,37.09,36.57,37.06,672250.0,8183485.0
2018-04-12,36.63,37.69,36.63,36.97,554859.0,6821971.0
2018-04-13,37.06,37.54,36.97,37.21,528200.0,6497585.0
2018-04-16,37.21,37.33,35.97,36.87,558100.0,6810849.0
2018-04-17,37.24,37.24,36.03,36.06,684810.0,8269384.0
2018-04-18,36.72,37.09,35.48,36.87,512945.0,6137621.0
2018-04-19,36.87,37.27,36.42,36.94,594332.0,7254255.0
2018-04-20,36.66,37.18,35.63,35.78,529067.0,6338597.0
2018-04-23,35.63,36.3,34.73,35.03,388568.0,4550925.0
2018-04-24,35.06,36.33,35.06,36.09,438000.0,5202730.0
2018-04-25,36.09,36.63,35.27,35.66,568274.0,6710700.0
2018-04-26,35.72,35.72,34.51,34.6,464937.0,5373205.0
2018-04-27,35.27,35.39,34.06,35.12,360098.0,4156638.0
2018-05-02,35.57,35.57,34.73,34.79,347652.0,4038621.0
2018-05-03,35.12,35.18,33.97,35.12,613092.0,6980574.0
2018-05-04,35.48,35.63,34.85,35.03,483267.0,5617280.0
2018-05-07,34.45,36.33,34.45,36.33,895582.0,10628210.0
2018-05-08,35.94,36.63,35.94,36.24,583726.0,6979140.0
2018-05-09,36.3,37.03,35.97,36.91,826467.0,10012160.0
2018-05-10,36.94,37.54,36.75,37.12,942219.0,11547012.0
2018-05-11,37.48,37.54,35.81,36.03,779323.0,9385749.0
2018-05-14,36.39,36.39,35.42,35.81,565900.0,6700923.0
2018-05-15,35.81,36.36,35.33,36.33,699088.0,8292817.0
2018-05-16,36.06,36.24,35.6,36.03,462600.0,5473416.0
2018-05-17,35.78,36.81,35.6,36.81,814356.0,9798249.0
2018-05-18,36.84,37.12,36.39,37.12,863430.0,10515491.0
2018-05-21,38.05,40.57,37.36,37.93,2045487.0,25648449.0
2018-05-22,38.39,41.72,37.93,41.72,3346421.0,44980160.0
2018-05-23,42.35,45.05,40.27,40.63,5715560.0,80208877.0
2018-05-24,39.12,41.66,39.12,40.05,2761219.0,36607677.0
2018-05-25,40.63,42.38,40.42,40.66,2089062.0,28400794.0
2018-05-28,39.36,40.17,38.93,39.93,2170080.0,28377214.0
2018-05-29,39.66,39.9,38.05,38.24,1700866.0,21866986.0
2018-05-30,36.51,37.36,34.91,35.51,1468938.0,17647961.0
2018-05-31,36.33,37.03,35.6,36.72,991192.0,11845877.0
2018-06-01,36.03,36.78,35.66,36.24,1016802.0,12149130.0
2018-06-04,36.87,37.54,36.27,36.69,627603.0,7588190.0
2018-06-05,36.33,37.51,36.27,37.51,807646.0,9845346.0
2018-06-06,37.51,41.26,36.91,39.75,2028406.0,26470879.0
2018-06-07,39.05,40.48,38.75,39.51,1369006.0,17930913.0
2018-06-08,39.36,39.48,37.87,38.3,687699.0,8763466.0
2018-06-11,38.15,38.75,37.87,38.33,515372.0,6523854.0
2018-06-12,38.33,38.9,37.54,38.54,608230.0,7674410.0
2018-06-13,38.48,39.33,37.24,38.21,705530.0,8974816.0
2018-06-14,38.51,39.03,36.32,36.88,955728.0,11712868.0
2018-06-15,37.24,37.24,35.98,36.51,773251.0,9150505.0
2018-06-19,36.26,36.26,32.87,33.24,1141221.0,12602642.0
2018-06-20,33.24,33.86,32.81,33.34,605670.0,6579948.0
2018-06-21,33.43,33.86,30.01,31.43,780798.0,8163854.0
2018-06-22,30.47,32.56,30.47,31.77,598501.0,6181803.0
2018-06-25,32.04,33.03,31.73,32.75,558997.0,5906002.0
2018-06-26,32.72,33.03,31.64,32.63,530201.0,5586065.0
2018-06-27,32.38,33.21,31.73,31.95,588100.0,6186290.0
2018-06-28,32.01,32.63,31.27,31.8,471100.0,4892748.0
2018-06-29,31.58,32.72,31.58,32.53,530809.0,5534483.0
2018-07-02,32.56,32.63,31.49,31.58,392600.0,4085517.0
2018-07-03,31.46,32.35,31.15,32.32,512611.0,5280401.0
2018-07-04,31.86,32.38,31.33,31.43,299900.0,3087805.0
2018-07-05,31.92,31.92,30.78,31.06,315298.0,3201924.0
2018-07-06,31.3,31.89,30.78,31.21,362959.0,3692075.0
2018-07-09,30.93,31.95,30.93,31.77,406307.0,4160049.0
2018-07-10,31.86,31.86,31.09,31.7,293898.0,3006813.0
2018-07-11,31.67,31.67,30.16,30.47,354600.0,3548934.0
2018-07-12,30.47,31.46,30.47,31.4,371300.0,3742000.0
2018-07-13,31.58,31.83,31.12,31.36,240700.0,2461456.0
2018-07-16,31.95,32.04,31.0,31.73,308199.0,3181953.0
2018-07-17,31.92,31.92,31.18,31.43,209100.0,2136864.0
2018-07-18,31.77,31.89,31.18,31.33,371700.0,3819869.0
2018-07-19,31.49,31.61,30.53,30.93,383998.0,3863718.0
2018-07-20,31.03,31.46,30.38,31.3,352500.0,3563032.0
2018-07-23,30.9,31.52,30.9,31.49,319510.0,3251867.0
2018-07-24,31.49,32.23,30.32,32.16,514110.0,5342817.0
2018-07-25,32.78,32.84,31.95,32.07,512200.0,5359940.0
2018-07-26,31.8,32.35,31.7,32.16,288782.0,3007863.0
2018-07-27,32.32,32.47,31.86,32.35,233800.0,2442379.0
2018-07-30,32.38,32.94,31.98,32.38,421300.0,4430175.0
2018-07-31,31.7,32.94,31.7,32.44,213500.0,2249878.0
2018-08-01,32.78,32.78,31.64,31.73,266300.0,2781112.0
2018-08-02,32.84,33.18,30.2,32.66,1069105.0,11190493.0
2018-08-03,31.55,32.66,31.55,31.61,461086.0,4760708.0
2018-08-06,32.23,32.23,31.12,31.58,245400.0,2515364.0
2018-08-07,30.81,32.23,30.81,32.01,330407.0,3398565.0
2018-08-08,32.01,32.26,31.33,31.77,288100.0,2971699.0
2018-08-09,30.96,32.13,30.96,31.86,297900.0,3085669.0
2018-08-10,34.66,34.78,33.09,33.4,2383407.0,26193086.0
2018-08-13,32.87,33.24,32.53,32.87,842400.0,8978779.0
2018-08-14,32.84,32.84,32.16,32.41,531900.0,5590072.0
2018-08-15,32.47,32.47,31.55,31.67,317700.0,3301685.0
2018-08-16,31.67,32.23,31.24,32.01,383300.0,3976019.0
2018-08-17,32.47,32.47,31.36,31.49,330000.0,3403738.0
2018-08-20,31.55,31.7,30.87,31.4,406613.0,4123888.0
2018-08-21,31.86,31.86,31.3,31.43,232882.0,2383482.0
2018-08-22,31.3,31.64,31.03,31.18,186380.0,1890814.0
2018-08-23,31.09,31.92,30.96,31.4,358392.0,3674519.0
2018-08-24,31.7,31.7,31.15,31.24,208950.0,2128402.0
2018-08-27,31.15,31.52,31.15,31.46,498985.0,5086016.0
2018-08-28,31.3,31.52,31.21,31.33,268239.0,2729399.0
2018-08-29,31.33,31.33,31.0,31.03,246500.0,2488680.0
2018-08-30,31.18,31.3,30.84,30.93,277182.0,2795657.0
2018-08-31,30.93,31.15,30.81,31.09,281741.0,2835009.0
2018-09-03,30.87,31.43,30.47,31.36,544879.0,5471341.0
2018-09-04,31.4,31.49,31.09,31.3,212700.0,2164720.0
2018-09-05,31.7,31.7,30.87,30.87,199100.0,2017967.0
2018-09-06,30.84,31.27,30.78,30.87,343529.0,3452610.0
2018-09-07,31.18,31.18,30.63,30.75,317900.0,3187450.0
2018-09-10,30.78,30.78,29.83,29.86,312400.0,3051387.0
2018-09-11,29.24,30.32,29.24,30.1,226740.0,2211373.0
2018-09-12,29.24,30.53,29.24,30.13,341300.0,3343819.0
2018-09-13,30.66,30.66,29.98,30.1,144700.0,1414921.0
2018-09-14,30.26,30.29,29.64,29.76,162400.0,1579202.0
2018-09-17,30.1,30.1,29.3,29.3,227800.0,2180063.0
2018-09-18,29.27,29.39,28.5,29.39,566200.0,5351859.0
2018-09-19,29.43,29.83,29.06,29.8,596000.0,5696950.0
2018-09-20,29.55,29.92,29.39,29.92,595900.0,5750876.0
2018-09-21,30.01,30.32,29.61,30.26,830100.0,8089466.0
2018-09-25,30.16,30.32,30.01,30.32,594500.0,5831412.0
2018-09-26,30.32,30.35,30.1,30.35,400800.0,3939144.0
2018-09-27,30.29,30.59,29.95,30.38,661900.0,6511850.0
2018-09-28,30.26,30.53,30.23,30.41,398800.0,3935673.0
2018-10-08,30.35,30.35,29.3,29.86,210800.0,2037234.0
2018-10-09,31.09,31.09,29.61,30.2,459400.0,4481158.0
2018-10-10,29.73,30.72,29.55,30.66,885700.0,8723129.0
2018-10-11,30.35,30.66,27.76,28.44,951400.0,9150593.0
2018-10-12,28.84,28.84,27.92,28.63,550798.0,5092577.0
2018-10-15,30.35,30.75,28.56,29.03,300500.0,2830635.0
2018-10-16,28.38,28.96,28.13,28.41,392500.0,3638555.0
2018-10-17,28.72,28.72,28.16,28.41,311800.0,2873214.0
2018-10-18,28.2,28.38,26.23,27.02,373200.0,3329873.0
2018-10-19,26.32,27.33,26.32,27.18,208800.0,1825163.0
2018-10-22,27.18,29.76,26.44,28.5,247800.0,2271612.0
2018-10-23,28.78,28.78,26.35,27.27,229600.0,2063749.0
2018-10-24,28.78,28.78,27.55,28.2,329800.0,3016951.0
2018-10-25,27.02,27.89,26.78,27.43,246300.0,2174020.0
2018-10-26,28.35,28.35,27.64,27.92,271798.0,2461639.0
2018-10-29,27.39,27.73,27.12,27.55,557700.0,4958063.0
2018-10-30,27.24,27.92,26.93,27.86,1551079.0,13802172.0
2018-10-31,27.61,28.23,27.39,28.23,1266603.0,11428453.0
2018-11-01,28.01,28.47,27.7,28.44,1145603.0,10467370.0
2018-11-02,28.35,28.93,27.98,28.75,1550782.0,14354840.0
2018-11-05,28.56,30.1,28.23,29.58,1636400.0,15473762.0
2018-11-06,29.27,29.67,29.06,29.39,701000.0,6682511.0
2018-11-07,29.18,29.86,28.84,29.33,425100.0,4077753.0
2018-11-08,29.49,29.76,29.06,29.39,361500.0,3447082.0
2018-11-09,28.69,29.3,28.69,28.96,293504.0,2760693.0
2018-11-12,29.09,29.67,28.81,29.55,756404.0,7215596.0
2018-11-13,29.55,31.86,28.47,31.24,1486000.0,14733610.0
