2015-04-22,42.16,45.99,42.16,45.99,10500.0,480980.0
2015-04-23,50.59,50.59,50.59,50.59,2500.0,126475.0
2015-04-24,55.65,55.65,55.65,55.65,2200.0,122430.0
2015-04-27,61.22,61.22,61.22,61.22,2100.0,128562.0
2015-04-28,67.34,67.34,67.34,67.34,14900.0,1003366.0
2015-04-29,74.07,74.07,74.07,74.07,25840.0,1913969.0
2015-04-30,81.48,81.48,81.48,81.48,18040.0,1469899.0
2015-05-04,89.63,89.63,89.63,89.63,60890.0,5457571.0
2015-05-05,98.59,98.59,98.59,98.59,73140.0,7210873.0
2015-05-06,108.45,108.45,108.45,108.45,740007.0,80253760.0
2015-05-07,103.0,107.58,98.0,98.37,5497545.0,558450752.0
2015-05-08,102.0,108.21,100.51,108.21,2445909.0,257991392.0
2015-05-11,118.58,119.03,114.8,119.03,1958333.0,231867072.0
2015-05-12,129.0,130.93,120.0,130.93,5478588.0,688471808.0
2015-05-13,122.98,143.96,122.03,139.99,3972011.0,533322432.0
2015-05-14,137.2,153.99,137.01,153.99,3546840.0,528532992.0
2015-05-15,154.21,169.39,154.12,169.39,2826252.0,460376448.0
2015-05-18,182.01,186.33,180.33,186.33,1463702.0,271528000.0
2015-05-19,204.9,204.96,173.48,183.3,4427845.0,845274944.0
2015-05-20,178.0,190.99,177.0,178.2,3173727.0,584070528.0
2015-05-21,174.0,175.0,168.11,170.5,3234278.0,552886464.0
2015-05-22,174.89,187.55,171.1,187.55,3499024.0,630512896.0
2015-05-25,178.0,188.0,172.12,176.8,2527727.0,454577664.0
2015-05-26,176.8,194.48,176.07,194.48,2858336.0,537573888.0
2015-05-27,210.0,213.93,207.18,213.93,2157897.0,456852544.0
2015-05-28,233.53,235.32,192.54,192.54,2316978.0,527407712.0
2015-05-29,181.5,209.48,176.0,194.2,4278326.0,821902784.0
2015-06-01,187.9,193.96,175.49,184.8,3134548.0,571556992.0
2015-06-02,184.77,194.0,179.5,186.0,1953302.0,363228128.0
2015-06-03,183.63,186.0,176.0,177.09,1550258.0,277815904.0
2015-06-04,179.8,179.8,159.38,162.2,2010303.0,330975008.0
2015-06-05,165.05,168.0,159.42,163.5,1380420.0,226628112.0
2015-06-08,161.15,163.4,147.15,148.6,1633185.0,249021104.0
2015-06-09,149.12,157.9,147.61,154.06,1347022.0,206587600.0
2015-06-10,153.0,169.47,152.0,169.47,2259270.0,374397504.0
2015-06-11,169.33,183.99,168.0,177.8,2471845.0,436835520.0
2015-06-12,175.01,180.8,165.0,165.99,2039048.0,347741760.0
2015-06-15,161.49,161.5,150.67,150.7,1530393.0,236063280.0
2015-06-16,145.02,165.77,144.02,165.77,2433531.0,390631008.0
2015-06-17,164.0,173.5,161.88,171.99,2165557.0,364945088.0
2015-06-18,169.0,169.0,155.0,155.01,1391723.0,226758576.0
2015-06-19,148.5,170.51,148.5,170.51,2487319.0,418518912.0
2015-06-23,175.04,187.56,171.0,187.56,3481354.0,639360128.0
2015-06-24,189.0,199.6,175.5,196.5,3734678.0,690751744.0
2015-06-25,188.62,191.0,176.85,176.85,1880581.0,345819840.0
2015-06-26,169.0,172.0,159.17,159.17,1685361.0,274432288.0
2015-06-29,160.0,162.17,143.25,143.25,1975924.0,289598752.0
2015-06-30,140.0,149.91,128.93,145.98,1839387.0,256547760.0
2015-07-01,142.16,154.44,131.38,131.47,2193679.0,321241376.0
2015-07-02,126.89,137.46,120.28,123.0,1739260.0,222493024.0
2015-07-03,121.0,131.0,112.65,118.77,1677996.0,202830224.0
2015-07-06,130.65,130.65,107.0,113.0,1757538.0,209508256.0
2015-07-07,107.21,108.0,101.7,101.7,533992.0,55018100.0
2015-07-08,91.53,94.49,91.53,91.53,1429595.0,131146576.0
2015-07-09,89.0,100.68,88.95,100.68,1293999.0,127151752.0
2015-07-10,108.88,110.75,105.6,110.75,653468.0,71729384.0
2015-07-13,118.0,121.83,112.75,121.83,1356369.0,162192304.0
2015-07-14,121.0,131.85,116.43,127.3,2079916.0,262102240.0
2015-07-15,121.0,123.9,114.57,114.57,1219924.0,142617392.0
2015-07-16,105.12,120.12,103.61,113.2,1337391.0,150742992.0
2015-07-17,115.0,123.58,114.01,121.4,1181854.0,140264832.0
2015-07-20,120.93,124.89,116.06,120.82,1240133.0,150678832.0
2015-07-21,118.88,132.0,117.0,130.94,1370039.0,172089792.0
2015-07-22,129.03,132.49,125.4,131.42,1313632.0,170234528.0
2015-07-23,133.0,144.56,133.0,144.56,1480479.0,208627152.0
2015-07-24,150.0,157.99,141.5,143.52,2345450.0,352777760.0
2015-07-27,142.83,157.79,135.2,136.0,2054472.0,306798560.0
2015-07-28,130.0,149.6,129.0,149.6,2065015.0,291541120.0
2015-07-29,153.4,155.0,134.64,147.66,2099131.0,302808352.0
2015-07-31,132.89,132.89,132.89,132.89,304300.0,40438428.0
2015-08-03,119.6,125.49,119.6,120.99,1164613.0,139626144.0
2015-08-04,123.36,128.48,116.0,126.53,1606250.0,197527856.0
2015-08-05,123.06,125.5,116.3,118.0,1296501.0,157605360.0
2015-08-06,113.0,118.0,111.0,113.5,814730.0,92989656.0
2015-08-07,115.0,121.45,115.0,119.99,880104.0,104262488.0
2015-08-10,120.01,128.68,120.01,128.25,1045511.0,131652560.0
2015-08-11,127.98,131.0,125.54,131.0,1358181.0,174057344.0
2015-08-12,129.0,132.56,125.7,125.83,1004367.0,129137192.0
2015-08-13,125.0,127.0,119.8,125.31,960083.0,118570032.0
2015-08-14,126.2,127.0,122.8,123.8,934992.0,116413768.0
2015-08-17,123.0,123.0,118.0,118.95,715677.0,85712504.0
2015-08-18,118.95,120.97,107.06,107.06,973358.0,111626280.0
2015-08-19,105.99,117.77,104.0,117.77,1086221.0,119629336.0
2015-08-20,117.0,117.0,111.0,111.05,690950.0,78387768.0
2015-08-21,110.0,110.0,105.01,105.08,576851.0,61891140.0
2015-08-24,97.0,101.09,94.57,94.57,736189.0,70588536.0
2015-08-25,85.25,94.57,85.11,85.11,915441.0,80630112.0
2015-08-26,86.0,92.5,80.5,86.4,1027257.0,90644320.0
2015-08-27,89.0,91.49,86.0,91.49,585268.0,52299216.0
2015-08-28,91.99,97.0,88.5,96.25,774826.0,71765592.0
2015-08-31,94.66,94.9,86.63,86.65,748050.0,67836120.0
2015-09-01,85.1,85.36,79.01,79.94,686712.0,56106676.0
2015-09-02,77.0,86.58,75.09,81.17,748231.0,61820952.0
2015-09-07,84.36,86.95,81.0,82.6,562427.0,47620712.0
2015-09-08,83.0,89.64,81.1,89.01,611006.0,52390740.0
2015-09-09,89.0,93.6,88.0,92.3,812173.0,74383464.0
2015-09-10,90.31,91.56,88.88,89.01,561297.0,50646812.0
2015-09-11,89.58,91.5,87.44,89.8,432799.0,38827256.0
2015-09-14,89.02,90.5,80.82,80.82,653797.0,54733112.0
2015-09-15,79.02,82.56,78.0,79.59,426390.0,34121608.0
2015-09-16,80.63,87.55,79.6,87.0,615401.0,51656600.0
2015-09-17,86.0,90.28,84.22,84.5,928809.0,80807800.0
2015-09-18,84.8,86.5,83.4,85.62,447644.0,38091136.0
2015-09-21,84.8,90.9,83.85,90.6,813076.0,71639376.0
2015-09-22,90.12,97.0,90.12,92.75,840676.0,78418056.0
2015-09-23,91.08,94.0,90.56,92.38,616650.0,56743392.0
2015-09-24,92.68,96.9,92.68,93.56,639602.0,60353640.0
2015-09-25,92.15,93.8,86.8,88.0,638976.0,57500960.0
2015-09-28,87.89,93.19,87.11,93.19,514797.0,46622468.0
2015-09-29,91.8,94.21,90.0,91.32,416420.0,38319052.0
2015-09-30,91.88,92.85,89.03,90.45,277438.0,25188776.0
2015-10-08,93.99,96.76,92.01,95.68,742707.0,70779080.0
2015-10-09,95.03,96.59,94.75,95.94,556721.0,53224084.0
2015-10-12,97.01,102.57,96.55,102.04,853972.0,85579280.0
2015-10-13,102.5,109.5,101.56,106.75,1030872.0,109941992.0
2015-10-14,107.0,109.88,105.02,107.94,843477.0,90502344.0
2015-10-15,108.02,118.73,108.0,118.73,1458979.0,170366192.0
2015-10-16,122.2,123.99,118.0,121.3,1822422.0,220361424.0
2015-10-19,120.1,121.35,116.23,120.0,997949.0,117924248.0
2015-10-20,119.58,126.99,118.1,124.68,1121014.0,138581952.0
2015-10-21,123.99,125.58,114.0,114.0,1154287.0,137972928.0
2015-10-22,114.8,125.4,114.8,124.45,1253617.0,151526992.0
2015-10-23,123.37,129.6,123.37,126.31,1240354.0,156467600.0
2015-10-26,129.61,137.97,127.03,130.32,1253538.0,166035696.0
2015-10-27,128.1,138.0,126.5,136.93,1092153.0,144273792.0
2015-10-28,135.0,136.47,129.0,129.33,1028102.0,136037344.0
2015-10-29,131.4,132.3,126.95,130.66,647415.0,84233200.0
2015-10-30,130.0,136.92,127.35,133.3,932072.0,124074528.0
2015-11-02,129.7,146.0,128.01,138.0,1571885.0,218675808.0
2015-11-03,140.0,145.3,137.5,145.3,1195403.0,170091872.0
2015-11-04,145.2,151.49,143.58,150.03,1184458.0,174394784.0
2015-11-05,149.99,157.0,148.1,152.58,1351517.0,206159312.0
2015-11-06,153.4,167.84,152.01,167.81,1513362.0,245456704.0
2015-11-09,166.8,183.96,165.01,181.0,1803895.0,316365280.0
2015-11-10,177.0,181.77,171.34,179.45,1529592.0,271445632.0
2015-11-11,179.4,192.88,177.03,189.8,1440593.0,267553200.0
2015-11-12,190.59,193.98,181.0,188.38,2093315.0,390884288.0
2015-11-13,183.0,183.3,169.54,169.54,1950671.0,340583616.0
2015-11-16,165.0,179.6,161.2,175.35,1231369.0,214322464.0
2015-11-17,180.89,180.89,163.02,163.12,1667227.0,288315552.0
2015-11-18,160.33,164.9,157.07,159.56,1269427.0,204194464.0
2015-11-19,161.9,175.52,161.9,175.52,1589183.0,271671712.0
2015-11-20,179.56,190.68,179.56,186.97,1990273.0,371076544.0
2015-11-23,186.0,200.99,181.4,191.77,2131536.0,410735200.0
2015-11-24,189.7,210.95,189.7,210.95,2347345.0,482943904.0
2015-11-25,216.0,216.1,203.2,207.32,2187023.0,456996800.0
2015-11-26,205.38,227.6,205.38,216.02,2343653.0,508373344.0
2015-11-27,210.0,232.02,210.0,230.5,2627622.0,580892800.0
2015-11-30,230.55,253.38,224.0,253.02,2505997.0,589764544.0
2015-12-01,245.6,259.89,227.72,227.73,2670478.0,640770944.0
2015-12-02,220.1,244.5,210.1,235.9,2233565.0,511862112.0
2015-12-03,233.01,241.05,221.02,230.8,1769416.0,410016000.0
2015-12-04,228.0,233.99,221.09,227.0,1601244.0,364382592.0
2015-12-07,227.95,233.93,222.0,224.98,1315176.0,299903872.0
2015-12-08,222.87,233.47,216.0,226.99,1542694.0,349832928.0
2015-12-09,223.0,226.0,207.91,211.52,1853238.0,397836768.0
2015-12-10,213.39,228.06,210.13,220.0,1752253.0,387256608.0
2015-12-11,218.0,225.0,211.0,213.7,1162911.0,252434848.0
2015-12-14,210.0,221.87,204.0,220.79,1311562.0,274949088.0
2015-12-15,218.1,223.5,216.0,217.04,938965.0,205835536.0
2015-12-16,218.8,236.46,218.51,226.28,1463981.0,334788896.0
2015-12-17,230.1,235.0,227.0,234.7,1455659.0,336210176.0
2015-12-18,231.5,233.59,223.77,225.2,1237059.0,281682688.0
2015-12-21,221.87,224.61,215.01,217.92,987260.0,215856224.0
2015-12-22,218.63,223.11,215.88,219.69,782057.0,171420304.0
2015-12-23,219.69,229.98,217.0,222.7,1373353.0,307281824.0
2015-12-24,224.39,232.69,222.31,230.55,1119749.0,256778992.0
2015-12-25,230.55,231.8,210.7,218.66,1264726.0,280287904.0
2015-12-28,216.0,218.78,202.01,202.33,1593698.0,333813536.0
2015-12-29,200.6,206.38,200.5,204.8,677952.0,138179984.0
2015-12-30,207.5,207.5,194.0,197.66,1069218.0,212545248.0
2015-12-31,197.8,200.28,193.02,193.32,720600.0,141643984.0
2016-01-04,193.7,195.0,174.02,174.16,855159.0,155782736.0
2016-01-05,166.0,191.58,166.0,191.58,1533050.0,274318880.0
2016-01-06,191.38,202.08,186.0,198.2,1432299.0,282138048.0
2016-01-07,191.0,194.0,178.38,178.42,363800.0,67361968.0
2016-01-08,188.38,196.0,176.0,194.1,1410939.0,267294160.0
2016-01-11,188.0,205.43,185.9,196.0,1577817.0,311077280.0
2016-01-12,195.0,198.99,183.99,194.51,1262615.0,243274432.0
2016-01-13,196.0,198.79,175.06,175.06,1905929.0,345522496.0
2016-01-14,158.75,183.33,157.61,177.85,1446516.0,246265360.0
2016-01-15,175.01,176.63,160.07,160.08,1238340.0,207132736.0
2016-01-18,154.0,171.85,153.63,165.73,1160084.0,191057424.0
2016-01-19,165.0,175.18,163.5,174.1,1121736.0,191837600.0
2016-01-20,173.88,179.6,170.67,175.5,986415.0,173754048.0
2016-01-21,173.33,178.6,165.0,165.19,1037038.0,179730688.0
2016-01-22,169.0,174.0,166.0,173.9,826759.0,141054560.0
2016-01-25,176.0,191.29,175.0,191.29,1432929.0,265184816.0
2016-01-26,189.0,199.0,185.5,190.6,1885404.0,361919584.0
2016-01-27,192.98,194.99,175.99,192.5,1380440.0,257472192.0
2016-01-28,186.0,186.98,173.25,173.25,1238523.0,221707440.0
2016-01-29,170.0,181.87,166.0,176.65,966278.0,169681296.0
2016-02-01,175.01,178.7,173.0,176.1,587915.0,103268272.0
2016-02-02,175.0,187.88,175.0,185.5,928401.0,170427792.0
2016-02-03,182.88,184.0,177.35,182.3,680753.0,122826808.0
2016-02-04,181.61,190.6,181.61,189.96,878502.0,164876304.0
2016-02-05,191.0,191.96,185.0,185.2,573690.0,107546968.0
2016-02-15,176.0,190.4,176.0,188.8,531747.0,98164168.0
2016-02-16,190.0,198.3,189.03,195.3,797979.0,155782800.0
2016-02-17,194.0,214.83,193.09,214.83,1429584.0,293223232.0
2016-02-18,214.88,232.89,212.27,218.5,1663705.0,366990432.0
2016-02-19,219.27,240.35,217.0,238.03,1955567.0,451981024.0
2016-02-22,237.0,241.5,228.01,240.89,1714284.0,404431360.0
2016-02-23,237.92,240.88,218.88,230.0,1867943.0,429761056.0
2016-02-24,207.0,207.0,207.0,207.0,281900.0,58353300.0
2016-02-25,186.3,186.3,186.3,186.3,312100.0,58144232.0
2016-02-26,168.0,179.97,168.0,169.45,2820086.0,486243616.0
2016-02-29,166.99,167.0,152.51,152.51,546900.0,85073624.0
2016-03-01,144.0,158.18,137.26,151.5,2475982.0,355340288.0
2016-03-02,146.87,158.45,144.11,154.46,1918057.0,291344832.0
2016-03-03,153.0,165.0,151.6,151.8,1759833.0,277568032.0
2016-03-04,151.9,155.77,137.28,139.88,1451166.0,210194000.0
2016-03-07,143.0,148.66,142.5,145.2,1121191.0,163189200.0
2016-03-08,144.9,144.9,131.0,141.41,1170061.0,161725904.0
2016-03-09,136.0,141.41,135.55,136.78,800857.0,110705816.0
2016-03-10,138.0,142.88,137.5,139.44,1094052.0,153739984.0
2016-03-11,137.0,141.59,136.21,140.08,722832.0,100977480.0
2016-03-14,143.0,149.8,141.63,148.2,1227232.0,180572416.0
2016-03-15,148.5,149.8,145.0,145.13,932611.0,137339024.0
2016-03-16,146.8,149.6,139.1,140.7,821827.0,117663248.0
2016-03-17,142.0,148.64,140.05,147.79,1324935.0,192400784.0
2016-03-18,149.0,160.3,147.35,157.43,1935185.0,296727328.0
2016-03-21,159.5,161.45,155.0,159.95,1578203.0,249082560.0
2016-03-22,158.0,175.0,156.42,170.1,1847344.0,306452928.0
2016-03-23,170.15,171.53,165.0,171.13,1388970.0,233525040.0
2016-03-24,167.0,175.95,166.5,167.41,1372032.0,233884416.0
2016-03-25,165.95,169.78,158.0,160.52,1377481.0,225365792.0
2016-03-28,161.61,164.9,157.78,158.69,995330.0,160933520.0
2016-03-29,157.1,159.1,152.0,153.76,846385.0,131014936.0
2016-03-30,155.26,168.97,155.0,167.85,1414676.0,230239760.0
2016-03-31,171.19,174.4,166.22,169.52,1633690.0,276510976.0
2016-04-01,168.62,168.9,163.87,167.4,981402.0,163137104.0
2016-04-05,167.0,170.97,166.04,169.8,1181852.0,199250976.0
2016-04-06,174.15,186.78,174.15,186.78,2541345.0,467666720.0
2016-04-07,189.99,204.8,181.0,196.0,2874113.0,545742080.0
2016-04-08,196.0,203.15,190.0,195.21,2173579.0,428096928.0
2016-04-11,193.03,194.58,187.5,188.1,1934940.0,367532544.0
2016-04-12,186.56,195.58,172.51,174.96,3940995.0,362420288.0
2016-04-13,173.94,178.13,170.51,174.3,3451063.0,299672288.0
2016-04-14,174.12,176.73,172.65,175.44,2275964.0,198193280.0
2016-04-15,179.53,191.93,177.89,184.05,3548361.0,326210624.0
2016-04-18,177.47,180.5,174.52,175.28,2054207.0,180436656.0
2016-04-19,176.28,178.07,171.53,172.67,1963011.0,169988608.0
2016-04-20,174.02,174.48,155.4,156.26,3062044.0,246647120.0
2016-04-21,151.43,156.19,142.42,144.51,2301159.0,172681424.0
2016-04-22,144.23,158.39,135.4,152.49,5038993.0,353307840.0
2016-04-25,145.89,147.34,141.26,144.43,6638453.0,478680672.0
2016-04-26,142.42,145.43,138.17,142.12,5636764.0,397366144.0
2016-04-27,140.22,142.08,138.41,139.21,3154868.0,220185360.0
2016-04-28,140.22,143.0,138.03,142.46,3743052.0,262816560.0
2016-04-29,142.26,146.76,140.42,141.06,3399608.0,242968880.0
2016-05-03,140.62,145.59,139.41,145.43,3484627.0,249433344.0
2016-05-04,145.25,148.5,144.03,145.51,3374089.0,246048960.0
2016-05-05,144.79,154.22,144.45,153.01,6375021.0,475564096.0
2016-05-06,152.05,153.62,141.52,142.46,5912563.0,434584000.0
2016-05-09,141.88,141.88,134.6,135.24,3092459.0,211055712.0
2016-05-10,135.24,137.91,135.24,136.83,1881892.0,128036504.0
2016-05-11,138.01,138.85,134.4,134.4,1920495.0,130343454.0
2016-05-12,130.39,131.39,127.78,130.67,2104311.0,135997942.0
2016-05-13,130.39,132.66,128.38,129.25,1489679.0,96854502.0
2016-05-16,128.38,130.89,126.8,130.79,2200904.0,141286273.0
2016-05-17,131.41,131.77,127.4,129.1,2661128.0,171924439.0
2016-05-18,127.46,127.56,116.37,118.35,4042562.0,244859155.0
2016-05-19,117.37,122.62,117.35,119.38,2798156.0,168681592.0
2016-05-20,117.45,122.36,117.13,122.24,2219243.0,132891856.0
2016-05-23,122.2,125.27,122.2,124.13,2486191.0,153752755.0
2016-05-24,124.37,124.37,120.36,121.12,2009842.0,121615590.0
2016-05-25,122.77,126.38,122.36,123.17,2879532.0,178210124.0
2016-05-26,122.56,124.33,118.95,123.69,2324156.0,140918167.0
2016-05-27,124.07,127.38,123.61,125.57,2882247.0,180184293.0
2016-05-30,123.77,125.25,121.78,123.43,1645330.0,101443934.0
2016-05-31,123.77,133.8,123.73,132.62,3803604.0,244407709.0
2016-06-01,132.39,133.5,130.79,132.9,4292548.0,282784600.0
2016-06-02,134.1,138.33,133.6,136.06,3809987.0,258329156.0
2016-06-03,136.31,136.71,133.6,134.6,3533062.0,237950730.0
2016-06-06,135.7,136.35,131.39,132.56,2627987.0,175267898.0
2016-06-07,132.13,135.44,131.81,135.4,2713611.0,181344959.0
2016-06-08,135.4,135.4,131.89,133.2,2294391.0,152685701.0
2016-06-13,129.41,130.91,120.32,120.36,3276456.0,206778993.0
2016-06-14,120.48,122.56,119.4,122.56,1721363.0,104197115.0
2016-06-15,120.96,127.78,120.38,126.56,2280156.0,142679185.0
2016-06-16,126.4,127.14,123.55,124.59,2031813.0,126711255.0
2016-06-17,125.51,127.5,124.01,125.13,1977427.0,123951030.0
2016-06-20,125.13,126.74,122.38,126.34,1840411.0,114372969.0
2016-06-21,127.98,131.95,127.38,127.78,3321764.0,214650166.0
2016-06-22,126.36,129.49,126.36,129.43,2389559.0,153080571.0
2016-06-23,129.89,133.16,128.8,130.63,3011608.0,197028123.0
2016-06-24,130.63,131.97,121.14,127.28,3183129.0,202651885.0
2016-06-27,126.4,130.75,125.37,130.23,2565976.0,164731554.0
2016-06-28,128.98,135.99,128.4,134.38,3987563.0,263992336.0
2016-06-29,135.74,136.39,132.41,133.04,2897217.0,192928126.0
2016-06-30,133.6,135.91,131.79,133.82,2719249.0,181726456.0
2016-07-01,133.7,135.32,131.59,132.84,2387497.0,158761399.0
2016-07-04,131.45,136.1,131.45,134.88,2595421.0,174001412.0
2016-07-05,134.8,135.91,132.94,134.06,2551806.0,170692292.0
2016-07-06,133.54,147.46,133.42,147.46,6752094.0,477578400.0
2016-07-07,147.04,147.14,140.42,141.38,6082220.0,435797129.0
2016-07-08,140.6,152.41,140.42,149.06,6899102.0,507701979.0
2016-07-11,151.21,156.87,145.97,153.7,6423527.0,488377757.0
2016-07-19,147.04,149.44,140.34,147.84,4372033.0,317415177.0
2016-07-20,146.24,147.22,144.25,144.59,2786260.0,201612277.0
2016-07-21,144.43,154.38,144.43,152.62,4829433.0,363154794.0
2016-07-22,151.15,152.55,147.66,149.04,2931827.0,218350816.0
2016-07-25,150.45,154.46,149.25,149.65,3051979.0,231648498.0
2016-07-26,149.04,149.24,145.73,149.14,2416063.0,177685337.0
2016-07-27,149.61,154.02,140.92,142.91,4137267.0,302286815.0
2016-07-28,143.43,145.41,137.41,141.02,2950324.0,207661008.0
2016-07-29,141.44,141.44,137.07,137.41,2173385.0,150065297.0
2016-08-01,136.0,136.0,128.38,131.29,2293146.0,149823811.0
2016-08-02,130.57,133.18,130.09,131.89,1260774.0,82846074.0
2016-08-03,131.49,133.36,130.81,132.03,1341726.0,88286991.0
2016-08-04,132.39,135.94,131.79,135.4,2007139.0,134869896.0
2016-08-05,134.8,135.58,132.72,132.9,1459957.0,97294450.0
2016-08-08,132.47,132.47,128.4,131.73,1675949.0,109343439.0
2016-08-09,130.77,134.36,129.95,133.4,1972414.0,129837133.0
2016-08-10,133.4,134.32,131.71,131.71,1614154.0,106697686.0
2016-08-11,131.49,131.87,126.38,127.38,1966241.0,126584029.0
2016-08-12,127.18,129.34,126.58,128.72,1250889.0,80053580.0
2016-08-15,128.62,133.2,127.88,132.96,2175937.0,142295908.0
2016-08-16,133.0,135.8,132.79,133.0,1837052.0,122975837.0
2016-08-17,133.0,134.8,130.95,133.7,1657599.0,109564749.0
2016-08-18,133.2,135.0,132.49,132.92,1426961.0,95032074.0
2016-08-19,132.66,133.54,131.19,132.59,1257244.0,82815981.0
2016-08-22,132.59,133.0,128.48,128.58,1520368.0,98903045.0
2016-08-23,128.44,130.55,128.2,129.16,908856.0,58582150.0
2016-08-24,129.99,131.97,129.38,130.21,1229459.0,80263445.0
2016-08-25,129.38,131.39,127.74,130.97,1609697.0,103434247.0
2016-08-26,130.41,132.19,130.01,130.07,1347732.0,88120428.0
2016-08-29,130.71,131.65,129.21,130.59,1019463.0,66415466.0
2016-08-30,130.59,131.67,130.05,131.01,876876.0,57259006.0
2016-08-31,131.59,131.95,130.01,131.09,924585.0,60305243.0
2016-09-01,131.01,131.35,129.31,129.34,1039884.0,67501019.0
2016-09-02,128.8,129.59,128.04,128.44,1026006.0,65833431.0
2016-09-05,129.08,129.77,128.18,128.34,747923.0,48000017.0
2016-09-06,128.24,130.15,126.44,129.93,1288954.0,82514947.0
2016-09-07,129.93,131.17,129.25,130.03,1088510.0,70746786.0
2016-09-08,130.03,130.65,128.98,129.83,696704.0,45101100.0
2016-09-09,130.35,130.35,127.34,127.4,933964.0,59880987.0
2016-09-12,125.79,125.94,122.72,122.91,1417585.0,88012543.0
2016-09-13,123.97,123.97,122.64,123.27,765124.0,47036707.0
2016-09-14,122.64,123.91,122.41,122.61,719800.0,44183271.0
2016-09-19,122.75,124.87,122.75,124.87,714013.0,44119038.0
2016-09-20,124.95,124.95,122.99,123.49,658626.0,40573058.0
2016-09-21,122.83,124.37,122.83,123.75,498911.0,30781405.0
2016-09-22,124.23,124.97,123.57,123.69,613492.0,37993571.0
2016-09-23,123.95,124.09,122.77,123.01,596015.0,36611191.0
2016-09-26,123.01,123.01,119.92,119.92,905968.0,54747576.0
2016-09-27,119.92,122.5,119.92,122.36,678471.0,40955425.0
2016-09-28,122.16,122.69,121.6,122.18,654438.0,39853705.0
2016-09-29,122.56,122.93,121.96,122.71,523222.0,31949140.0
2016-09-30,122.47,122.69,121.96,122.2,537449.0,32737096.0
2016-10-10,123.27,126.1,122.42,125.65,1111062.0,69000803.0
2016-10-11,125.65,125.65,124.33,125.09,823407.0,51245081.0
2016-10-12,124.75,124.87,123.97,124.47,673931.0,41768615.0
2016-10-13,124.37,125.13,124.33,124.53,639904.0,39767799.0
2016-10-14,124.39,130.03,124.05,127.82,2001947.0,127635215.0
2016-10-17,126.4,127.96,125.17,125.49,1241190.0,78245730.0
2016-10-18,124.99,128.34,124.57,127.48,1129852.0,71449142.0
2016-10-19,127.58,130.19,127.38,127.42,1178988.0,75499192.0
2016-10-20,127.42,129.22,126.88,128.2,1484006.0,95000407.0
2016-10-21,128.94,129.55,125.47,126.92,1182721.0,75043554.0
2016-10-24,126.54,128.08,125.53,127.24,878375.0,55583205.0
2016-10-25,127.24,129.99,126.6,128.6,1347554.0,86475585.0
2016-10-26,128.38,128.38,125.59,126.2,1560871.0,98453334.0
2016-10-27,126.0,126.78,125.83,126.44,689254.0,43383550.0
2016-10-28,126.52,127.14,124.97,125.11,911959.0,57228274.0
2016-10-31,124.39,125.03,123.01,124.57,859356.0,53083948.0
2016-11-01,124.77,136.81,124.71,133.86,5219577.0,347171616.0
2016-11-02,132.39,140.18,132.39,136.49,6008054.0,411342442.0
2016-11-03,132.39,136.87,131.15,134.42,4231782.0,283652653.0
2016-11-04,134.12,140.42,133.9,140.42,5516126.0,381928805.0
2016-11-07,143.39,143.39,137.81,138.73,3519382.0,244679938.0
2016-11-08,139.22,140.14,135.24,137.93,3167600.0,216330160.0
2016-11-09,137.13,137.51,133.58,135.72,3062795.0,207024968.0
2016-11-10,136.77,140.1,136.47,139.78,3923759.0,270358461.0
2016-11-11,139.82,143.03,137.61,138.41,3653802.0,255145937.0
2016-11-14,137.41,139.28,135.8,136.65,2568464.0,175977344.0
2016-11-15,136.65,137.61,134.64,137.45,2017493.0,136655561.0
2016-11-16,137.41,139.29,135.54,135.7,2240405.0,153766370.0
2016-11-17,134.58,135.18,132.39,132.62,2135806.0,141937436.0
2016-11-18,133.2,136.37,133.2,135.38,2442685.0,164819866.0
2016-11-21,135.4,140.98,134.42,140.44,3961673.0,273033914.0
2016-11-22,140.12,142.42,138.81,140.82,3705334.0,259648187.0
2016-11-23,140.46,141.02,137.41,137.79,2747495.0,190512126.0
2016-11-24,137.39,140.18,136.21,136.83,2309882.0,159083765.0
2016-11-25,135.97,137.05,131.69,135.68,2208983.0,147895627.0
2016-11-28,135.68,139.31,135.66,136.91,2101570.0,144353569.0
2016-11-29,136.91,137.77,133.36,133.42,1763678.0,118901177.0
2016-11-30,133.3,135.24,132.39,134.34,1603080.0,106870104.0
2016-12-01,134.42,135.0,132.72,133.2,1419810.0,94618297.0
2016-12-02,132.59,133.74,128.2,128.42,2085321.0,135883007.0
2016-12-05,126.42,129.65,125.37,127.8,1044112.0,66685759.0
2016-12-06,127.62,128.96,127.58,127.64,709963.0,45379088.0
2016-12-07,126.88,129.18,126.88,129.08,935575.0,59957770.0
2016-12-08,129.41,129.95,127.68,127.7,768000.0,49210484.0
2016-12-09,126.78,128.32,126.17,126.62,868266.0,55088837.0
2016-12-12,126.58,126.58,114.36,115.16,2207048.0,133051482.0
2016-12-13,115.26,119.15,115.26,117.45,1331918.0,77872156.0
2016-12-14,117.75,117.75,112.96,114.12,1810589.0,103374066.0
2016-12-15,114.04,117.09,113.24,115.14,1320245.0,76069804.0
2016-12-16,115.12,117.35,114.94,116.27,1030037.0,59801406.0
2016-12-19,116.71,117.27,115.58,116.31,671970.0,38967279.0
2016-12-20,116.23,117.31,115.08,116.73,647290.0,37539728.0
2016-12-21,116.71,117.33,116.25,117.11,806938.0,46975409.0
2016-12-22,116.83,116.93,115.76,116.05,680026.0,39378780.0
2016-12-23,116.05,116.55,113.8,113.9,912400.0,52341005.0
2016-12-26,113.92,115.22,110.85,114.74,905200.0,50820100.0
2016-12-27,114.3,115.14,114.14,114.72,468508.0,26785721.0
2016-12-28,114.54,115.1,113.76,113.84,434910.0,24814050.0
2016-12-29,113.18,114.74,113.18,113.54,615060.0,34941576.0
2016-12-30,113.34,114.54,113.04,113.9,487400.0,27704195.0
2017-01-03,113.9,115.66,113.76,115.22,618122.0,35387846.0
2017-01-04,115.54,116.95,114.74,116.25,734596.0,42430963.0
2017-01-05,116.55,117.27,114.96,115.2,840371.0,48526348.0
2017-01-06,115.18,115.46,112.75,112.75,841960.0,47730946.0
2017-01-09,112.67,114.28,112.33,113.72,529691.0,29966387.0
2017-01-10,114.14,114.28,112.75,112.75,406784.0,23024100.0
2017-01-11,113.04,113.66,111.73,111.77,705608.0,39553780.0
2017-01-12,111.37,112.69,111.33,111.63,588117.0,32820880.0
2017-01-13,110.33,111.63,102.77,103.43,1577496.0,84183630.0
2017-01-16,103.01,103.81,93.2,95.67,1946372.0,95114445.0
2017-01-17,97.29,105.23,96.73,105.23,2638311.0,134610220.0
2017-01-18,108.28,108.28,103.13,104.61,2364443.0,124242863.0
2017-01-19,104.61,107.0,102.5,103.99,1577142.0,82401662.0
2017-01-20,103.35,106.3,103.15,105.21,1521148.0,79965757.0
2017-01-23,105.27,106.58,104.33,104.55,1107645.0,58113544.0
2017-01-24,104.25,104.25,99.98,101.06,1668208.0,84326621.0
2017-01-25,100.3,104.17,100.3,103.31,997842.0,51070462.0
2017-01-26,103.47,106.26,103.33,105.81,1061833.0,55714297.0
2017-02-03,105.81,106.0,103.83,104.31,784495.0,40819295.0
2017-02-06,104.91,106.9,104.51,106.32,934428.0,49275133.0
2017-02-07,106.32,106.48,104.67,105.05,914385.0,48026300.0
2017-02-08,105.19,105.83,103.59,105.65,858122.0,44804216.0
2017-02-09,106.02,107.9,105.35,107.14,1717573.0,91740007.0
2017-02-10,107.04,107.66,105.55,105.81,1134827.0,60022557.0
2017-02-13,105.72,107.88,105.31,107.42,1032780.0,55115263.0
2017-02-14,107.78,111.29,106.96,109.43,1701345.0,92952769.0
2017-02-15,109.51,111.07,108.08,108.72,1471492.0,80440114.0
2017-02-16,108.28,109.12,106.94,107.94,1228136.0,65900440.0
2017-02-17,107.92,108.16,105.51,105.55,1117610.0,59389490.0
2017-02-20,105.17,106.7,104.65,106.5,761360.0,40117154.0
2017-02-21,106.32,108.88,105.94,108.88,1128298.0,60622561.0
2017-02-22,108.92,110.29,107.72,109.12,1095163.0,59437228.0
2017-02-23,109.08,109.91,107.94,109.53,998715.0,54080357.0
2017-02-24,110.31,111.49,109.83,110.41,1692025.0,93329555.0
2017-02-27,110.13,110.29,108.34,108.42,1092103.0,59537829.0
2017-02-28,108.36,111.23,108.36,110.99,1345068.0,73832630.0
2017-03-01,110.99,111.43,110.33,110.63,1148398.0,63496995.0
2017-03-02,110.83,112.23,110.75,110.79,1258503.0,69917450.0
2017-03-03,110.03,113.94,109.53,113.38,1734717.0,96691860.0
2017-03-06,113.74,114.9,113.14,114.74,1328678.0,75612986.0
2017-03-07,114.92,115.12,113.12,114.4,1134005.0,64451436.0
2017-03-08,114.14,116.93,113.88,116.35,1651750.0,95288353.0
2017-03-09,116.33,116.33,113.38,113.74,1381900.0,79060332.0
2017-03-10,113.76,115.32,112.9,114.74,917194.0,52225202.0
2017-03-13,115.14,117.35,113.46,117.17,1567767.0,90367207.0
2017-03-14,116.85,121.26,116.39,117.95,2117454.0,125387365.0
2017-03-15,117.85,124.13,117.35,122.67,2669235.0,161038995.0
2017-03-16,122.97,125.31,121.76,123.97,2379717.0,146234614.0
2017-03-17,123.29,126.11,121.26,121.46,2300566.0,141881160.0
2017-03-20,121.3,125.01,121.3,124.73,1908499.0,117718186.0
2017-03-21,124.73,125.53,123.57,124.77,1526246.0,94703098.0
2017-03-22,124.35,124.71,122.61,123.91,1363795.0,84162185.0
2017-03-23,124.13,125.47,120.38,122.97,1928462.0,118373800.0
2017-03-24,122.36,124.11,118.95,120.6,1958553.0,118266434.0
2017-03-27,120.76,123.97,120.76,122.99,1551317.0,94664813.0
2017-03-28,124.11,124.11,117.35,117.41,2040600.0,122535379.0
2017-03-29,117.57,124.11,116.59,116.91,3548651.0,212424949.0
2017-03-30,114.84,116.35,111.81,111.95,2374360.0,133856629.0
2017-03-31,112.9,113.26,111.09,112.05,1118939.0,62637608.0
2017-04-05,111.87,114.7,111.69,114.1,1317221.0,74381906.0
2017-04-06,114.1,114.54,113.36,114.12,1022474.0,58108671.0
2017-04-07,113.6,114.18,111.59,111.75,1278140.0,71698291.0
2017-04-10,109.61,111.63,104.75,105.09,2091231.0,111435410.0
2017-04-11,105.11,107.98,104.83,107.72,1148901.0,60983824.0
2017-04-12,106.92,108.94,106.32,106.6,778913.0,41849616.0
2017-04-13,106.62,109.2,106.12,107.46,739169.0,39692138.0
2017-04-14,107.48,107.86,105.75,106.12,631130.0,33434744.0
2017-04-17,105.11,105.45,102.42,104.35,834888.0,43203710.0
2017-04-18,104.35,105.07,102.73,103.07,754575.0,39089738.0
2017-04-19,102.87,103.19,100.7,103.11,929116.0,47091753.0
2017-04-20,102.61,103.87,100.96,101.76,698877.0,35628527.0
2017-04-21,101.3,110.29,101.3,105.01,1420350.0,74628218.0
2017-04-24,104.97,105.92,101.48,104.55,1008044.0,51936250.0
2017-04-25,104.91,105.67,104.33,104.81,778232.0,40774936.0
2017-04-26,105.29,105.29,102.91,103.35,993193.0,51267111.0
2017-04-27,102.61,105.89,98.88,105.07,1469668.0,75279756.0
2017-04-28,104.36,106.17,102.62,103.43,1640170.0,42240939.0
2017-05-02,103.39,104.24,101.69,101.69,1114896.0,28366611.0
2017-05-03,101.41,108.28,100.64,107.51,3914982.0,102522173.0
2017-05-04,106.38,107.47,104.84,105.12,2861730.0,75059476.0
2017-05-05,103.99,107.63,103.99,104.84,2429224.0,63869897.0
2017-05-08,104.03,105.0,101.0,101.0,1826552.0,46416244.0
2017-05-09,101.0,101.57,96.96,100.52,1782408.0,43929919.0
2017-05-10,97.25,98.09,93.53,93.89,4747636.0,112432013.0
2017-05-11,92.44,92.68,86.86,89.73,3124502.0,69278551.0
2017-05-12,89.0,90.7,88.28,88.48,1738384.0,38498231.0
2017-05-15,88.52,90.34,88.48,88.48,1283524.0,28368725.0
2017-05-16,88.2,92.24,88.12,92.08,1965287.0,43913673.0
2017-05-17,92.92,92.92,91.27,91.31,2041752.0,46438162.0
2017-05-18,90.54,92.12,90.22,90.94,1361824.0,30794704.0
2017-05-19,90.9,91.55,89.89,90.06,897860.0,20123324.0
2017-05-22,89.85,90.1,85.73,86.3,1469138.0,32125058.0
2017-05-23,85.29,86.26,80.64,80.88,2422870.0,49859124.0
2017-05-24,80.4,82.42,78.7,81.81,1700124.0,34111976.0
2017-05-25,81.65,82.82,80.32,82.5,1535336.0,31016141.0
2017-05-26,82.74,83.15,82.02,82.5,1122266.0,22933295.0
2017-05-31,84.84,85.49,82.82,83.11,1440220.0,30125392.0
2017-06-01,82.86,83.11,78.98,79.27,1499600.0,30042403.0
2017-06-02,79.27,82.38,78.18,82.02,1319124.0,26298273.0
2017-06-05,82.38,84.4,82.26,82.86,1103000.0,22773903.0
2017-06-06,82.86,83.83,82.3,83.63,1004280.0,20674425.0
2017-06-07,84.03,88.8,83.51,87.75,2631420.0,56492465.0
2017-06-08,87.19,88.64,86.38,87.19,1634400.0,35418563.0
2017-06-09,86.82,87.67,86.18,87.55,1188820.0,25590893.0
2017-06-12,86.78,86.78,84.44,84.6,1333200.0,28088805.0
2017-06-13,84.48,87.95,84.12,87.19,1708027.0,36660546.0
2017-06-14,86.82,87.91,86.18,86.78,979868.0,21043936.0
2017-06-15,87.19,89.69,86.74,88.84,2334386.0,51297019.0
2017-06-16,89.17,89.73,88.2,88.97,1197400.0,26354895.0
2017-06-19,88.24,92.08,87.95,88.8,924324.0,20319332.0
2017-06-20,89.09,92.52,88.76,90.42,2647272.0,59534453.0
2017-06-21,89.89,90.82,88.88,89.89,1239092.0,27559438.0
2017-06-22,89.49,89.93,87.11,87.27,1674240.0,36672075.0
2017-06-23,87.83,87.87,84.92,87.07,1181631.0,25334194.0
2017-06-26,86.86,87.95,86.22,87.91,1027936.0,22195587.0
2017-06-27,88.08,88.6,87.39,87.59,751634.0,16367863.0
2017-06-28,87.59,87.59,86.1,86.3,894900.0,19167787.0
2017-06-29,86.06,87.95,85.85,86.7,843150.0,18167999.0
2017-06-30,86.86,86.98,85.53,86.54,836708.0,17874758.0
2017-07-03,86.5,88.16,86.5,88.16,925420.0,20045528.0
2017-07-04,88.16,88.72,87.07,87.35,788925.0,17147905.0
2017-07-05,88.08,88.6,87.27,88.6,1634424.0,35655025.0
2017-07-06,88.56,89.25,87.27,87.83,1177762.0,25729846.0
2017-07-07,87.67,88.64,87.51,87.83,1160688.0,25299920.0
2017-07-10,87.67,88.4,85.33,85.33,1577410.0,33725941.0
2017-07-11,85.61,86.38,84.28,84.68,1056300.0,22333944.0
2017-07-12,84.64,85.25,82.82,83.91,1318794.0,27314288.0
2017-07-13,83.55,83.95,82.54,82.9,1147174.0,23543239.0
2017-07-14,83.11,83.91,82.46,83.35,1020174.0,21013264.0
2017-07-17,83.11,83.15,76.84,77.09,1981956.0,38777430.0
2017-07-18,76.76,78.74,76.76,77.85,1237866.0,23869622.0
2017-07-19,78.02,79.92,77.37,79.43,1406467.0,27265286.0
2017-07-20,79.83,82.3,79.23,80.08,1497796.0,30016677.0
2017-07-21,79.59,80.32,79.15,79.51,988604.0,19473016.0
2017-07-24,79.51,80.04,77.57,79.51,1329502.0,25859224.0
2017-07-25,79.47,87.47,79.47,87.47,4233242.0,90115343.0
2017-07-26,88.0,92.8,87.47,90.9,9975900.0,222961229.0
2017-07-27,89.85,95.71,88.24,94.06,8849441.0,202496781.0
2017-07-28,93.05,95.19,91.71,92.84,4783189.0,110044723.0
2017-07-31,91.79,94.14,89.81,93.65,5225228.0,118805000.0
2017-08-01,92.28,92.8,89.93,90.58,3836764.0,86483620.0
2017-08-02,90.58,91.43,89.37,89.49,2848212.0,63676960.0
2017-08-03,89.57,93.89,89.37,91.59,5099337.0,116213874.0
2017-08-04,91.31,92.8,89.97,89.97,2587568.0,58195652.0
2017-08-07,89.33,91.67,88.52,89.49,2385309.0,53075102.0
2017-08-08,89.89,92.28,89.09,92.2,3528319.0,79640947.0
2017-08-09,92.12,95.11,91.55,93.53,5583499.0,129657521.0
2017-08-10,93.53,93.53,89.69,89.97,3782138.0,85347952.0
2017-08-11,88.48,90.66,88.08,88.6,2259422.0,49963392.0
2017-08-14,88.2,93.81,88.16,93.41,4688740.0,106904479.0
2017-08-15,93.65,94.1,91.83,93.53,2917554.0,66928512.0
2017-08-16,93.49,94.78,91.79,93.93,4598177.0,106534292.0
2017-08-17,93.41,96.08,92.52,93.97,4755000.0,111231447.0
2017-08-18,92.96,93.65,92.28,92.28,2640446.0,60606745.0
2017-08-21,92.16,92.92,91.71,92.76,1830546.0,41780260.0
2017-08-22,92.64,94.1,90.14,90.22,2956016.0,67445598.0
2017-08-23,90.1,90.86,88.97,90.06,1983561.0,44190209.0
2017-08-24,89.89,91.27,89.61,90.1,1591249.0,35571517.0
2017-08-25,90.1,91.59,90.1,91.31,1849030.0,41665188.0
2017-08-28,91.67,93.21,91.31,92.28,2590048.0,59296037.0
2017-08-29,92.12,93.21,91.39,91.47,2049699.0,46756585.0
2017-08-30,91.23,92.03,89.29,91.55,2085918.0,46920631.0
2017-08-31,90.98,91.31,89.77,90.34,2168159.0,48528279.0
2017-09-01,90.34,90.74,89.45,89.93,2679319.0,59588970.0
2017-09-04,89.49,94.1,89.45,93.81,5250204.0,119863038.0
2017-09-05,93.81,93.81,92.32,93.05,3517858.0,80853247.0
2017-09-06,93.0,95.95,91.83,94.82,4424852.0,103040495.0
2017-09-07,95.03,99.99,95.03,96.08,8092172.0,195569148.0
2017-09-08,96.28,97.65,94.38,95.95,4099984.0,97322654.0
2017-09-11,96.6,96.6,94.94,96.56,2930280.0,69526514.0
2017-09-12,96.24,98.58,93.65,93.65,4214151.0,100154311.0
2017-09-13,93.85,94.26,92.92,94.02,2203605.0,51046699.0
2017-09-14,94.02,94.5,92.16,92.44,2975422.0,68551794.0
2017-09-15,92.16,93.33,91.71,91.71,1617354.0,37076171.0
2017-09-18,91.75,92.84,90.98,92.68,1661847.0,37858688.0
2017-09-19,92.56,94.06,91.71,91.95,1767237.0,40607178.0
2017-09-20,92.48,94.06,91.91,93.77,1997504.0,46093180.0
2017-09-21,94.26,94.34,92.16,92.16,2063188.0,47632020.0
2017-09-22,91.95,92.48,90.5,90.9,1946822.0,43902696.0
2017-09-25,91.27,93.08,90.9,90.94,2158253.0,49115595.0
2017-09-26,90.3,91.67,89.97,90.74,1397488.0,31338959.0
2017-09-27,90.5,91.27,90.5,90.86,1174587.0,26413676.0
2017-09-28,90.86,91.51,88.88,89.29,1572682.0,35226713.0
2017-09-29,89.29,90.02,89.21,89.61,1162687.0,25776708.0
2017-10-09,90.7,91.31,90.22,91.31,1420108.0,31928099.0
2017-10-10,90.94,93.61,90.78,93.21,2070787.0,47302899.0
2017-10-11,93.77,93.81,91.71,91.79,1844317.0,42335609.0
2017-10-12,91.91,93.53,91.31,92.64,2115250.0,48577529.0
2017-10-13,91.71,92.28,90.98,91.79,2013408.0,45649152.0
2017-10-16,90.62,90.62,83.63,83.67,5970273.0,127298509.0
2017-10-17,83.83,84.68,82.86,84.04,1481681.0,30764481.0
2017-10-18,84.32,84.52,81.53,81.69,2375522.0,48799704.0
2017-10-19,82.18,82.58,80.08,80.64,2151135.0,43083286.0
2017-10-20,80.44,82.1,80.4,82.02,1312906.0,26454070.0
2017-10-23,81.97,83.23,81.73,82.98,1097723.0,22484795.0
2017-10-24,83.03,83.03,82.02,82.46,1092796.0,22306589.0
2017-10-25,82.1,83.39,82.1,83.19,856676.0,17628367.0
2017-10-26,83.23,83.51,82.22,82.82,1172244.0,24045042.0
2017-10-27,82.54,83.15,81.69,81.89,970071.0,19746939.0
2017-10-30,81.53,81.77,78.58,78.9,1721961.0,33893696.0
2017-10-31,79.19,79.59,78.42,79.39,1154330.0,22568278.0
2017-11-01,79.31,80.12,78.78,78.9,1170189.0,22997061.0
2017-11-02,79.15,79.91,78.02,79.63,1872286.0,36649010.0
2017-11-03,79.63,79.91,78.06,78.22,1329956.0,25955723.0
2017-11-06,78.22,78.86,77.49,78.7,1044130.0,20245016.0
2017-11-07,78.66,79.39,78.22,79.39,1238639.0,24158887.0
2017-11-08,79.43,81.17,79.19,80.44,1893643.0,37662969.0
2017-11-09,80.08,80.8,79.63,80.32,1170000.0,23206504.0
2017-11-10,80.2,85.85,79.91,83.03,3411480.0,70682987.0
2017-11-13,82.62,85.81,81.94,83.15,2642100.0,54707812.0
2017-11-14,83.59,85.45,82.06,82.42,2206862.0,45621536.0
2017-11-15,82.42,82.42,80.72,81.41,1440426.0,29006195.0
2017-11-16,81.57,81.94,81.0,81.13,904100.0,18224055.0
2017-11-17,80.8,80.8,74.82,75.51,2711812.0,52047387.0
2017-11-20,76.36,76.36,73.45,75.83,1024452.0,19044308.0
2017-11-21,74.98,76.28,73.97,74.62,1223873.0,22689689.0
2017-11-22,75.07,76.16,74.34,75.11,1046230.0,19448996.0
2017-11-23,75.15,75.51,72.76,72.76,1266000.0,23137003.0
2017-11-24,72.72,74.22,72.16,73.49,848236.0,15412848.0
2017-11-27,73.57,73.81,72.16,72.8,797337.0,14434535.0
2017-11-28,72.8,74.66,72.2,74.46,900638.0,16356356.0
2017-11-29,74.02,74.46,72.68,73.89,1042956.0,18960392.0
2017-11-30,73.65,77.97,73.45,76.72,2103651.0,39550490.0
2017-12-01,76.72,76.72,75.15,75.71,1272903.0,23910353.0
2017-12-04,75.47,76.24,73.05,73.25,1181289.0,21716881.0
2017-12-05,73.13,73.89,71.03,71.55,1195629.0,21402023.0
2017-12-06,70.82,72.08,66.86,68.97,2763371.0,47316213.0
2017-12-07,68.97,69.17,67.47,68.28,1515500.0,25541475.0
2017-12-08,68.24,69.29,67.59,68.28,2228611.0,37803403.0
2017-12-11,68.56,69.37,68.28,69.09,1197960.0,20393313.0
2017-12-12,68.89,69.05,67.11,67.31,1276278.0,21509843.0
2017-12-13,67.63,69.01,67.11,68.84,1610102.0,27060563.0
2017-12-14,68.76,68.84,67.92,68.28,965218.0,16308729.0
2017-12-15,68.28,69.29,67.88,68.52,1092886.0,18561905.0
2017-12-18,68.52,68.8,67.31,67.63,802277.0,13485303.0
2017-12-19,67.71,68.8,67.63,68.2,949415.0,16068645.0
2017-12-20,68.8,68.8,66.86,67.07,932200.0,15590019.0
2017-12-21,67.07,67.07,62.66,65.41,2301764.0,36880238.0
2017-12-22,64.89,65.45,64.4,64.56,1395818.0,22409032.0
2017-12-25,64.52,64.64,61.61,62.62,1360774.0,21222374.0
2017-12-26,62.66,64.2,62.66,64.2,1012714.0,15918637.0
2017-12-27,64.16,65.05,63.23,63.75,1181155.0,18751880.0
2017-12-28,63.63,70.1,63.47,67.07,3005467.0,48891633.0
2017-12-29,67.07,69.89,65.85,68.0,2996807.0,50133484.0
2018-01-02,67.92,67.95,66.62,67.11,1500700.0,24972584.0
2018-01-03,66.91,68.48,66.78,67.59,1464797.0,24476706.0
2018-01-04,67.67,67.67,66.18,66.82,1388670.0,22954399.0
2018-01-05,66.58,67.87,66.5,67.51,1445484.0,24070366.0
2018-01-08,67.51,67.51,66.06,66.26,1795709.0,29529692.0
2018-01-09,66.34,66.74,66.18,66.42,739500.0,12169217.0
2018-01-10,66.62,67.03,64.89,65.65,1079578.0,17623305.0
2018-01-11,65.21,66.58,64.97,66.34,984333.0,16099659.0
2018-01-12,66.66,66.66,65.57,65.65,617026.0,10061340.0
2018-01-15,65.29,65.65,62.99,63.71,1387155.0,22067105.0
2018-01-16,63.71,64.32,62.87,63.55,755349.0,11891255.0
2018-01-17,63.55,64.8,61.9,64.2,1371262.0,21459003.0
2018-01-18,64.24,64.8,63.95,64.32,701800.0,11184040.0
2018-01-19,64.32,68.12,64.16,65.45,1882806.0,30735863.0
2018-01-22,65.05,65.94,60.64,65.73,1312252.0,20976072.0
2018-01-23,65.53,67.31,65.05,66.26,1379344.0,22718724.0
2018-01-24,65.45,67.67,65.45,67.07,2036318.0,33724430.0
2018-01-25,66.74,66.86,64.28,64.48,3342287.0,54317683.0
2018-01-26,64.2,64.4,62.22,62.66,2269887.0,35622210.0
2018-01-29,62.54,63.39,61.69,61.85,1161600.0,17901008.0
2018-01-30,61.9,62.58,61.69,62.1,868784.0,13336031.0
2018-01-31,62.5,62.5,60.24,60.28,1547400.0,23346983.0
2018-02-01,60.56,60.97,56.04,56.2,2125040.0,30428614.0
2018-02-02,56.2,56.52,53.37,55.55,1450744.0,19826330.0
2018-02-05,54.74,55.43,54.18,54.95,823542.0,11197536.0
2018-02-06,54.34,54.54,51.75,52.0,1683875.0,22153840.0
2018-02-07,52.56,53.9,51.11,52.64,950440.0,12375737.0
2018-02-08,52.64,53.61,52.16,53.13,905018.0,11898809.0
2018-02-09,51.88,52.4,50.95,51.51,1085200.0,13868701.0
2018-02-12,52.4,53.13,51.67,52.84,857700.0,11173045.0
2018-02-13,53.25,53.57,52.76,52.76,702290.0,9200022.0
2018-02-14,52.89,54.3,52.28,53.69,1040746.0,13732843.0
2018-02-22,54.1,54.46,53.73,54.22,675220.0,9049655.0
2018-02-23,54.22,54.34,53.57,53.94,528900.0,7061422.0
2018-02-26,54.3,55.55,53.98,55.35,1295726.0,17605671.0
2018-02-27,55.35,56.0,55.03,55.55,1142000.0,15675398.0
2018-02-28,55.35,55.71,54.58,55.31,655396.0,8946992.0
2018-03-01,54.99,56.4,54.74,56.36,1346736.0,18662108.0
2018-03-02,55.96,57.33,55.8,56.56,1469266.0,20601575.0
2018-03-05,56.56,56.56,55.75,56.36,726800.0,10110310.0
2018-03-06,56.52,57.57,56.4,56.68,1247400.0,17583235.0
2018-03-07,56.68,57.13,55.8,55.92,1025815.0,14316565.0
2018-03-08,56.2,61.49,55.84,58.99,3844936.0,56644746.0
2018-03-09,58.26,59.96,58.22,59.92,2658620.0,38888106.0
2018-03-12,59.84,61.21,59.11,60.36,1873214.0,27979705.0
2018-03-13,60.36,60.52,59.23,59.59,1318553.0,19512639.0
2018-03-14,59.03,60.0,57.77,58.14,1963400.0,28481295.0
2018-03-15,58.02,58.02,56.36,57.13,1634100.0,23086678.0
2018-03-16,57.25,57.69,56.56,57.13,1053902.0,14932423.0
2018-03-19,57.05,58.5,56.97,58.18,1158902.0,16614289.0
2018-03-20,57.41,59.31,57.21,58.66,1427957.0,20552610.0
2018-03-21,59.39,61.53,58.74,59.07,2972800.0,44365479.0
2018-03-22,59.39,59.71,57.94,58.06,1606100.0,23356030.0
2018-03-23,57.21,57.21,52.6,52.76,2547100.0,34636878.0
2018-03-26,52.44,53.73,50.66,53.61,1406300.0,18236117.0
2018-03-27,53.98,55.88,53.98,55.39,1765900.0,24164596.0
2018-03-28,54.66,57.17,54.5,56.0,1809200.0,25200677.0
2018-03-29,56.36,58.99,56.28,57.37,1683084.0,24057927.0
2018-03-30,57.57,59.71,57.33,59.55,2323722.0,33892964.0
2018-04-02,59.71,60.08,58.58,58.74,1452743.0,21334126.0
2018-04-03,57.69,58.54,57.17,57.9,1453278.0,20789385.0
2018-04-04,57.85,63.67,57.85,60.97,7292545.0,112297729.0
2018-04-09,59.43,61.37,57.9,61.13,4659466.0,68790758.0
2018-04-10,58.62,59.31,56.0,56.16,4566189.0,64473246.0
2018-04-11,56.12,56.36,54.46,56.04,2137854.0,29343017.0
2018-04-12,55.47,56.88,55.19,55.96,1557636.0,21565012.0
2018-04-13,55.96,56.68,54.74,54.87,1768200.0,24328567.0
2018-04-16,55.35,55.92,54.62,54.83,1183695.0,16165688.0
2018-04-17,54.58,56.76,54.58,54.74,1653700.0,22785592.0
2018-04-18,55.19,55.96,54.54,55.84,1320440.0,18080942.0
2018-04-19,55.31,55.75,54.87,54.99,1016714.0,13912708.0
2018-04-20,54.74,54.99,52.08,52.28,2363038.0,31134282.0
2018-04-23,52.16,52.72,51.55,52.08,857840.0,11069502.0
2018-04-24,52.28,53.45,51.96,53.13,1387740.0,18167113.0
2018-04-25,52.89,53.21,52.6,53.13,869959.0,11400713.0
2018-04-26,52.76,52.84,51.15,51.27,1379825.0,17728839.0
2018-04-27,51.23,52.0,51.15,51.35,791271.0,10076312.0
2018-05-02,51.39,52.04,51.31,51.63,697455.0,8914793.0
2018-05-03,51.39,52.48,50.83,52.48,1281223.0,16400898.0
2018-05-04,52.4,52.4,51.71,51.75,759966.0,9777800.0
2018-05-07,51.67,53.17,51.63,52.89,1074050.0,14013293.0
2018-05-08,52.93,53.85,52.89,53.65,1389440.0,18361951.0
2018-05-09,53.73,54.78,53.01,54.14,1401185.0,18704611.0
2018-05-10,54.5,55.27,54.18,54.83,1289819.0,17425802.0
2018-05-11,54.83,55.03,53.33,53.57,1253900.0,16762502.0
2018-05-14,53.81,53.98,52.64,53.05,697282.0,9187232.0
2018-05-15,53.05,54.34,52.84,54.22,1171398.0,15599268.0
2018-05-16,53.81,54.3,53.37,53.77,762000.0,10160344.0
2018-05-17,53.85,54.06,52.93,53.57,577781.0,7655661.0
2018-05-18,53.57,56.04,53.25,55.31,2076181.0,28064119.0
2018-05-21,55.19,55.67,54.74,55.35,1628895.0,22296462.0
2018-05-22,55.35,56.36,54.99,55.75,1520400.0,20915668.0
2018-05-23,55.71,56.2,54.78,54.83,1065000.0,14621285.0
2018-05-24,54.78,54.78,53.81,54.1,1179168.0,15828600.0
2018-05-25,54.42,54.62,53.85,53.94,1082802.0,14522734.0
2018-05-28,53.61,55.03,53.01,54.1,1112413.0,14908832.0
2018-05-29,54.02,54.38,52.84,52.89,1032900.0,13700419.0
2018-05-30,51.75,51.88,49.94,49.98,1871400.0,23673779.0
2018-05-31,50.1,50.7,49.98,50.26,876256.0,10913681.0
2018-06-01,49.98,50.54,49.01,50.06,1011000.0,12447637.0
2018-06-04,50.46,50.46,48.28,48.68,1098939.0,13379439.0
2018-06-05,48.28,49.65,48.28,49.49,1013492.0,12292857.0
2018-06-06,49.41,49.61,48.8,49.25,761308.0,9258912.0
2018-06-07,49.25,49.61,48.72,48.77,619300.0,7525546.0
2018-06-08,48.28,48.89,47.15,47.47,829380.0,9839746.0
2018-06-11,47.55,47.8,46.26,46.62,941882.0,10915394.0
2018-06-12,46.3,47.27,46.22,46.7,822600.0,9514260.0
2018-06-13,46.74,47.63,46.22,46.22,916080.0,10657058.0
2018-06-14,46.22,46.74,45.53,45.9,544621.0,6227962.0
2018-06-15,46.02,46.26,44.2,44.28,1057180.0,11738589.0
2018-06-19,43.67,43.67,39.84,40.4,1618800.0,16616753.0
2018-06-20,40.0,41.73,40.0,41.21,1123300.0,11430672.0
2018-06-21,40.85,41.61,39.8,39.96,950873.0,9561224.0
2018-06-22,39.76,42.91,39.76,41.53,1024300.0,10544979.0
2018-06-25,41.57,42.42,40.4,40.4,918399.0,9398542.0
2018-06-26,40.4,42.22,39.88,41.69,1045452.0,10707518.0
2018-06-27,41.45,41.86,41.17,41.37,718735.0,7383125.0
2018-06-28,41.13,42.1,41.09,41.37,835180.0,8613579.0
2018-06-29,41.94,42.62,41.33,42.3,943585.0,9810798.0
2018-07-02,41.94,43.35,41.37,41.45,814100.0,8526010.0
2018-07-03,41.41,43.43,41.41,42.99,1326042.0,13974197.0
2018-07-04,42.99,42.99,41.29,41.82,938768.0,9763440.0
2018-07-05,41.37,42.06,40.6,40.64,612048.0,6249918.0
2018-07-06,40.73,42.02,40.08,40.81,865500.0,8763063.0
2018-07-09,41.05,42.26,41.01,41.9,781900.0,8090692.0
2018-07-10,41.21,41.21,40.04,40.48,1881172.0,18813943.0
2018-07-11,40.2,40.2,37.73,38.58,1296934.0,12530378.0
2018-07-12,38.7,39.55,38.58,39.47,1031182.0,10008465.0
2018-07-13,39.19,39.51,38.62,39.31,1075072.0,10378496.0
2018-07-16,39.39,39.39,38.22,38.62,1065060.0,10197658.0
2018-07-17,38.74,39.27,38.38,39.11,900848.0,8643711.0
2018-07-18,39.31,40.32,38.99,40.32,1481684.0,14525367.0
2018-07-19,39.47,40.28,38.7,39.63,1574938.0,15371882.0
2018-07-20,39.27,39.88,38.42,39.67,1196488.0,11638483.0
2018-07-23,39.07,40.6,39.07,40.52,1712434.0,17015403.0
2018-07-24,40.64,41.69,40.08,41.05,1504990.0,15265344.0
2018-07-25,41.05,45.17,40.93,45.17,6856700.0,76127482.0
2018-07-26,45.45,48.72,45.21,45.61,10588172.0,121440579.0
2018-07-27,43.63,44.8,42.46,42.78,5700000.0,61213171.0
2018-07-30,42.26,42.66,41.65,42.02,2719300.0,28274640.0
2018-07-31,41.57,43.47,41.57,42.3,2631100.0,27636751.0
2018-08-01,42.02,42.74,41.41,41.9,2041922.0,21191841.0
2018-08-02,41.53,42.26,38.83,40.0,2606118.0,26132014.0
2018-08-03,39.63,40.0,38.42,38.42,1399138.0,13586078.0
2018-08-06,38.38,38.38,36.6,37.09,1352822.0,12544599.0
2018-08-07,37.53,38.06,37.09,37.94,1183994.0,11057296.0
2018-08-08,37.78,38.3,37.09,37.21,1068700.0,9999386.0
2018-08-09,36.77,38.34,36.77,37.94,1232464.0,11569052.0
2018-08-10,37.82,38.3,37.73,38.26,997884.0,9384842.0
2018-08-13,37.98,38.22,37.29,38.22,1021406.0,9557373.0
2018-08-14,38.14,38.22,37.53,38.18,1062000.0,9965344.0
2018-08-15,38.22,38.22,36.77,37.13,1214404.0,11271577.0
2018-08-16,37.17,37.25,36.32,36.56,1006000.0,9153631.0
2018-08-17,36.81,37.05,35.76,35.96,1514500.0,13612956.0
2018-08-20,35.63,36.32,35.07,35.92,1073300.0,9486312.0
2018-08-21,35.92,36.2,35.11,35.92,1494266.0,13199420.0
2018-08-22,35.63,35.84,34.83,34.91,1086400.0,9473702.0
2018-08-23,35.07,35.55,34.79,34.99,1103958.0,9590225.0
2018-08-24,35.07,35.07,34.22,34.38,2117430.0,18088721.0
2018-08-27,34.5,35.03,34.22,34.95,4051403.0,34735191.0
2018-08-28,34.74,35.23,34.74,35.23,2160411.0,18693776.0
2018-08-29,35.19,35.23,34.5,34.62,2244056.0,19263425.0
2018-08-30,34.62,34.74,33.7,33.7,2147818.0,18167000.0
2018-08-31,33.66,33.94,33.29,33.53,1418702.0,11835312.0
2018-09-03,33.49,33.73,32.85,33.66,1357666.0,11175045.0
2018-09-04,33.66,34.22,33.45,34.1,1313485.0,11020891.0
2018-09-05,33.9,35.51,33.73,33.73,3217007.0,27589877.0
2018-09-06,33.33,34.54,33.29,33.98,1930466.0,16243387.0
2018-09-07,33.82,34.58,33.82,33.98,1441181.0,12185265.0
2018-09-10,33.9,34.18,32.73,32.89,1440500.0,11893175.0
2018-09-11,33.05,34.46,32.97,34.02,2319145.0,19372757.0
2018-09-12,34.02,34.54,33.82,34.14,1515834.0,12841542.0
2018-09-13,34.46,35.55,34.22,35.23,3066627.0,26504974.0
2018-09-14,35.47,35.47,33.82,34.26,1750682.0,14998926.0
2018-09-17,34.46,34.46,33.33,33.78,1192604.0,9967388.0
2018-09-18,33.78,34.7,33.7,34.66,1241504.0,10511306.0
2018-09-19,34.34,35.39,34.34,35.03,1486456.0,12895037.0
2018-09-20,35.15,35.76,34.83,34.95,1281801.0,11165765.0
2018-09-21,35.15,35.51,34.83,35.39,1651000.0,14395302.0
2018-09-25,35.27,35.43,34.83,34.95,1232441.0,10704746.0
2018-09-26,35.15,35.35,34.74,34.91,1161281.0,10089009.0
2018-09-27,35.19,36.08,34.46,34.5,2829792.0,24744241.0
2018-09-28,34.46,34.58,33.9,34.34,1444081.0,12235271.0
2018-10-08,34.06,34.06,32.73,32.81,1663604.0,13699164.0
2018-10-09,32.81,33.09,32.28,32.77,1276900.0,10318606.0
2018-10-10,32.93,32.97,32.4,32.52,1106367.0,8936189.0
2018-10-11,31.55,31.59,29.29,29.29,2502333.0,18795573.0
2018-10-12,28.73,29.37,27.72,28.93,1686313.0,11952719.0
2018-10-15,29.41,30.3,29.01,29.17,1405150.0,10318579.0
2018-10-16,28.77,29.57,28.68,28.93,1129100.0,8150140.0
2018-10-17,29.66,29.66,28.36,29.33,938000.0,6755059.0
2018-10-18,29.09,29.41,28.48,28.73,1095500.0,7818960.0
2018-10-19,28.4,29.57,28.24,29.37,1442200.0,10316570.0
2018-10-22,29.7,31.27,29.61,30.79,2077937.0,15645821.0
2018-10-23,30.5,30.83,30.06,30.3,1264159.0,9524366.0
2018-10-24,30.34,30.95,30.22,30.66,1223124.0,9237246.0
2018-10-25,29.7,30.79,29.25,30.7,1715371.0,12721909.0
2018-10-26,30.7,31.43,30.7,31.27,1585800.0,12205010.0
2018-10-29,31.11,31.39,30.83,31.19,1480626.0,11389216.0
2018-10-30,30.66,32.32,30.66,31.47,1893460.0,14835582.0
2018-10-31,31.47,32.16,31.39,32.04,1841860.0,14548634.0
2018-11-01,32.16,32.81,31.71,31.96,1782049.0,14222951.0
2018-11-02,32.28,33.25,32.28,32.93,2218975.0,18039331.0
2018-11-05,32.89,34.22,32.89,33.61,2690757.0,22348706.0
2018-11-06,33.45,33.53,32.85,33.37,1182558.0,9707813.0
2018-11-07,33.09,34.26,33.09,33.33,1499983.0,12478024.0
2018-11-08,33.78,33.86,32.93,33.21,1159590.0,9610863.0
2018-11-09,33.29,34.14,32.97,33.82,1719217.0,14305952.0
2018-11-12,33.37,36.97,33.37,35.19,4045112.0,35153974.0
2018-11-13,34.54,36.77,34.54,36.56,5368257.0,47745595.0
