2015-02-16,20.08,21.9,20.08,21.9,29000.0,634190.0
2015-02-17,24.09,24.09,24.09,24.09,4600.0,110814.0
2015-02-25,26.5,26.5,26.5,26.5,5100.0,135150.0
2015-02-26,29.15,29.15,29.15,29.15,6600.0,192390.0
2015-02-27,32.07,32.07,32.07,32.07,16600.0,532362.0
2015-03-02,35.28,35.28,35.28,35.28,33100.0,1167768.0
2015-03-03,38.81,38.81,38.81,38.81,85208.0,3306923.0
2015-03-04,42.69,42.69,42.69,42.69,130000.0,5549700.0
2015-03-05,46.96,46.96,46.96,46.96,80700.0,3789672.0
2015-03-06,51.66,51.66,51.66,51.66,252978.0,13068843.0
2015-03-09,56.83,56.83,54.3,56.83,11558021.0,653437312.0
2015-03-10,57.99,57.99,51.66,52.49,8622320.0,465066432.0
2015-03-11,51.0,53.3,50.11,51.68,5465529.0,281094368.0
2015-03-12,51.2,51.56,46.9,48.76,5272720.0,258232560.0
2015-03-13,48.7,50.68,48.69,50.21,2840583.0,141284800.0
2015-03-16,50.85,52.59,50.53,51.45,4254959.0,218919728.0
2015-03-17,51.04,52.08,50.61,51.45,3263496.0,167456256.0
2015-03-18,51.54,53.6,51.02,52.27,4135797.0,216851872.0
2015-03-19,51.91,54.81,51.5,54.81,3962295.0,210270352.0
2015-03-20,54.5,55.0,53.22,53.96,3085508.0,166602624.0
2015-03-23,54.3,54.68,53.28,54.55,3049531.0,164308064.0
2015-03-24,54.91,59.94,54.08,58.85,4578489.0,262125152.0
2015-03-25,57.94,60.2,57.33,59.15,3306450.0,192983424.0
2015-03-26,57.98,57.98,54.51,54.93,3308117.0,186037760.0
2015-03-27,54.7,55.97,54.68,55.17,1433332.0,79144328.0
2015-03-30,55.06,56.35,53.0,53.64,2217008.0,120705832.0
2015-03-31,53.64,54.35,53.29,53.76,1465626.0,79031568.0
2015-04-01,53.89,55.99,53.78,55.78,1724026.0,94818568.0
2015-04-02,55.78,58.08,55.01,57.4,2264105.0,128666192.0
2015-04-03,56.0,58.88,55.7,58.14,2869495.0,164258224.0
2015-04-07,58.35,61.88,57.72,61.56,3010338.0,181625104.0
2015-06-15,67.69,67.69,67.69,67.69,11600.0,782304.0
2015-06-16,74.45,74.45,74.45,74.45,42100.0,3122978.0
2015-06-17,81.9,81.9,81.9,81.9,141600.0,11554560.0
2015-06-18,87.09,90.09,85.25,89.43,2868512.0,254490512.0
2015-06-19,84.31,88.08,80.49,80.49,3615170.0,296919168.0
2015-06-23,77.58,87.32,76.48,85.27,3031279.0,245433808.0
2015-06-24,86.62,89.31,84.32,87.13,2314424.0,198850000.0
2015-06-25,87.72,93.44,79.29,81.5,2461596.0,215998528.0
2015-06-26,77.32,79.29,73.35,73.35,2241686.0,169115280.0
2015-06-29,73.97,75.28,66.01,66.01,2256293.0,153513968.0
2015-06-30,65.23,70.12,59.41,66.33,3157977.0,202340928.0
2015-07-01,65.32,70.22,63.03,63.03,2295745.0,154798768.0
2015-07-02,61.34,66.01,57.8,57.81,2106044.0,129002384.0
2015-07-03,57.76,60.21,52.03,52.24,2719370.0,147185952.0
2015-07-06,57.47,57.47,52.24,57.47,4402239.0,248351280.0
2015-07-07,53.2,56.1,51.72,51.72,1654392.0,87175160.0
2015-07-08,46.55,49.64,46.55,46.55,3614217.0,170083424.0
2015-07-14,51.21,51.21,51.21,51.21,8000.0,408160.0
2015-07-15,56.33,56.33,56.33,56.33,136300.0,7649156.0
2015-07-16,53.7,61.96,51.29,60.42,3967466.0,231634992.0
2015-07-17,60.23,66.47,60.23,66.47,2412244.0,155211600.0
2015-07-20,69.76,71.73,66.91,67.82,2656783.0,183262160.0
2015-07-21,66.25,74.61,65.52,74.61,2228765.0,159788128.0
2015-07-22,74.61,80.1,71.86,78.23,2702797.0,203182368.0
2015-07-23,78.11,85.52,75.3,84.19,2654944.0,213680144.0
2015-07-24,82.81,86.15,77.28,79.39,2644007.0,220120096.0
2015-07-27,77.79,80.8,71.45,71.45,2519704.0,191305680.0
2015-07-28,64.94,74.45,64.74,71.36,2712815.0,186281408.0
2015-07-29,73.07,75.31,66.25,74.68,2212720.0,158882592.0
2015-07-30,73.25,75.21,68.25,68.31,1994180.0,145354880.0
2015-07-31,66.12,69.63,64.75,65.45,1888213.0,126313768.0
2015-08-03,64.24,65.24,58.91,59.4,1881720.0,114529472.0
2015-08-04,61.21,65.34,60.37,65.34,1494712.0,94264472.0
2015-08-05,66.42,70.24,65.74,67.25,2099170.0,143330944.0
2015-08-06,65.3,73.97,64.27,73.97,2581923.0,180879136.0
2015-08-07,73.25,77.17,71.67,76.89,2266198.0,168333760.0
2015-08-10,76.29,80.28,76.24,78.19,1829793.0,142715776.0
2015-08-11,78.14,79.06,74.96,75.04,1956315.0,150315136.0
2015-08-12,74.88,77.17,73.6,73.77,1305713.0,97692848.0
2015-08-13,74.39,77.88,73.77,76.89,1349959.0,102592992.0
2015-08-14,77.19,78.9,74.0,76.78,1714391.0,131106496.0
2015-08-17,75.78,76.08,72.85,74.27,885451.0,65395824.0
2015-08-18,73.48,75.9,66.85,67.3,1546707.0,110737480.0
2015-08-19,66.75,70.26,61.34,70.26,1689468.0,111516128.0
2015-08-28,63.23,70.14,63.23,68.62,3137160.0,203626496.0
2015-08-31,65.04,65.35,61.76,61.76,1486401.0,93377448.0
2015-09-01,58.22,58.22,55.59,55.59,1497938.0,83437368.0
2015-09-02,51.17,57.01,50.02,50.02,1752487.0,89571120.0
2015-09-07,51.19,54.01,48.2,50.06,2009349.0,102592256.0
2015-09-08,49.88,54.2,48.41,53.9,1611455.0,83560288.0
2015-09-09,55.2,58.01,54.23,57.12,2350028.0,131820272.0
2015-09-10,56.2,60.5,55.3,58.01,2405759.0,139984016.0
2015-09-11,57.91,59.18,56.74,58.42,1305094.0,75335232.0
2015-09-14,59.22,59.37,52.57,52.57,1550811.0,85063816.0
2015-09-15,51.07,53.57,49.91,51.34,1075461.0,55400140.0
2015-09-16,51.89,56.48,51.5,56.21,1353902.0,73097776.0
2015-09-17,55.91,58.42,54.88,55.64,1681327.0,95237008.0
2015-09-18,56.46,57.09,55.22,56.06,1124831.0,62716316.0
2015-09-21,54.2,60.45,54.0,59.78,1948528.0,113198624.0
2015-09-22,60.32,64.04,60.21,62.61,2189837.0,135558352.0
2015-09-23,61.84,65.92,61.23,64.32,2046711.0,128478160.0
2015-09-24,64.25,68.75,64.24,67.46,1640936.0,109223400.0
2015-09-25,66.25,69.95,61.89,65.24,1921794.0,127474712.0
2015-09-28,65.24,70.15,64.7,69.81,1491424.0,100929872.0
2015-09-29,67.33,69.25,65.94,67.35,1220175.0,82164888.0
2015-09-30,67.95,68.53,63.56,65.52,1331304.0,86889792.0
2015-10-08,69.26,71.38,67.25,70.79,1544208.0,107065776.0
2015-10-09,70.79,71.67,69.39,71.39,863615.0,60698488.0
2015-10-12,71.43,75.83,71.26,74.48,1416579.0,104442240.0
2015-10-13,73.85,74.96,72.07,73.77,1615021.0,117742360.0
2015-10-14,72.88,74.78,71.56,73.17,1287350.0,94101096.0
2015-10-15,72.57,78.3,71.51,78.29,1669816.0,126276456.0
2015-10-16,79.8,81.61,78.3,80.3,1860093.0,148503376.0
2015-10-19,83.2,84.31,78.92,80.3,1522625.0,123700552.0
2015-10-20,80.3,82.11,79.34,82.1,1269918.0,102268456.0
2015-10-21,84.02,86.98,75.28,76.05,2089193.0,170048752.0
2015-10-22,77.79,81.0,76.56,80.38,1619920.0,127418432.0
2015-10-23,80.39,88.42,78.75,88.42,2354872.0,195247648.0
2015-10-26,92.57,94.55,85.87,87.46,2776250.0,249888704.0
2015-10-27,85.31,91.34,78.97,90.83,1876838.0,160868528.0
2015-10-28,88.55,92.57,83.47,83.82,3961334.0,157003520.0
2015-10-29,86.52,92.21,84.53,89.21,5282921.0,213807312.0
2015-10-30,86.34,87.11,83.69,85.26,4391981.0,169641840.0
2015-11-02,81.75,89.19,79.58,85.57,4201596.0,163616064.0
2015-11-03,84.37,86.85,82.5,85.17,2816145.0,108399472.0
2015-11-04,85.12,90.82,85.12,90.31,4742201.0,187721312.0
2015-11-05,91.42,91.42,86.12,86.74,4156994.0,166213616.0
2015-11-06,86.76,92.7,86.12,92.46,6175520.0,249587248.0
2015-11-09,90.49,101.29,88.53,98.48,6003378.0,258124048.0
2015-11-10,96.89,104.89,94.62,99.79,6038190.0,273476608.0
2015-11-11,100.67,104.56,97.22,104.56,6039619.0,277110144.0
2015-11-12,105.57,109.75,101.6,107.56,6087207.0,290092128.0
2015-11-13,104.22,106.3,97.4,97.78,6532152.0,299279040.0
2015-11-16,94.51,99.99,93.6,99.12,2655450.0,117719728.0
2015-11-17,100.03,102.9,98.22,99.52,4129571.0,187459680.0
2015-11-18,98.62,100.38,92.08,92.23,3943279.0,171585952.0
2015-11-19,92.74,96.01,92.23,95.44,3521872.0,150328352.0
2015-11-20,95.77,103.54,95.77,102.75,5917427.0,268081488.0
2015-11-23,100.25,107.03,100.03,102.68,5821706.0,272693728.0
2015-11-24,101.31,106.43,100.63,106.21,4370841.0,206573792.0
2015-11-25,106.88,107.1,102.68,105.44,4413855.0,209373936.0
2015-11-26,105.44,105.66,100.36,100.78,4144470.0,193566848.0
2015-11-27,99.39,102.66,93.19,94.95,4148841.0,183104752.0
2015-11-30,96.17,96.21,88.33,95.39,3787327.0,160372320.0
2015-12-01,94.51,104.25,93.1,98.26,4568069.0,206386704.0
2015-12-02,96.72,98.13,88.55,92.26,3193028.0,133229064.0
2015-12-03,91.46,96.25,91.46,93.65,2084061.0,88697384.0
2015-12-04,94.18,97.14,90.53,92.43,2394715.0,102096912.0
2015-12-07,92.43,93.85,91.4,93.41,1486797.0,62487212.0
2015-12-08,93.14,93.36,89.87,90.38,2229415.0,91767680.0
2015-12-09,90.38,91.2,86.41,87.0,1942292.0,78077840.0
2015-12-10,87.0,87.6,85.9,86.47,1813559.0,71230608.0
2015-12-11,87.16,89.17,86.12,88.33,1503002.0,59539192.0
2015-12-14,86.83,89.83,86.12,89.65,1706569.0,67959816.0
2015-12-15,89.01,91.9,89.01,90.31,1644819.0,67672960.0
2015-12-16,89.96,99.34,89.96,99.34,4434549.0,194717952.0
2015-12-17,102.9,105.77,99.15,101.69,7602452.0,350904352.0
2015-12-18,99.39,103.96,98.73,99.32,4153006.0,190021552.0
2015-12-21,97.16,103.34,96.83,100.91,3358724.0,152998160.0
2015-12-22,100.47,101.16,98.15,100.3,2307064.0,104198128.0
2015-12-23,99.65,100.63,94.95,99.81,3297949.0,146474064.0
2015-12-24,98.51,100.36,96.06,100.32,1945983.0,86857272.0
2015-12-25,101.13,102.9,99.37,102.79,3139629.0,144528896.0
2015-12-28,101.69,102.88,97.18,99.59,2661538.0,121220712.0
2015-12-29,97.64,100.25,97.2,100.14,1705762.0,76223816.0
2015-12-30,99.37,100.69,98.51,99.26,1123302.0,50597048.0
2015-12-31,99.96,101.47,98.22,98.44,1555525.0,70097552.0
2016-01-04,98.7,98.7,88.59,88.59,2019660.0,83221376.0
2016-01-05,81.59,87.8,79.74,82.14,2608660.0,97655840.0
2016-01-06,83.03,85.12,79.49,83.69,1950069.0,73124600.0
2016-01-07,81.7,81.7,75.32,75.34,662030.0,23207022.0
2016-01-08,77.64,78.21,68.45,73.49,2000792.0,66897884.0
2016-01-11,70.95,71.59,66.13,66.13,2032674.0,62588068.0
2016-01-12,66.25,68.36,64.28,66.82,1394970.0,42176660.0
2016-01-13,67.35,68.21,60.41,62.8,1440453.0,42488076.0
2016-01-14,59.62,66.47,58.91,65.78,1512630.0,43479576.0
2016-01-15,64.7,66.58,60.33,62.71,1601521.0,46523284.0
2016-01-18,61.06,65.96,61.06,64.79,1429055.0,41378944.0
2016-01-19,64.9,67.35,63.37,66.73,1864877.0,55198104.0
2016-01-20,66.13,67.33,64.96,65.21,1554468.0,46395848.0
2016-01-21,65.14,66.22,60.79,62.27,1516242.0,44249436.0
2016-01-22,62.73,64.7,60.84,63.97,1078832.0,30765918.0
2016-01-25,64.48,70.37,64.17,70.37,3617473.0,111971120.0
2016-01-26,70.42,76.73,68.19,70.33,5801130.0,188731632.0
2016-04-12,77.37,77.37,77.37,77.37,356984.0,12508719.0
2016-04-13,81.26,83.91,74.92,79.94,6781503.0,243986592.0
2016-04-14,80.0,81.02,77.31,77.9,3299712.0,117007240.0
2016-04-15,77.59,81.92,76.84,78.59,2806561.0,101109352.0
2016-04-18,77.7,77.7,73.6,75.06,2218920.0,75410768.0
2016-04-19,76.18,76.98,74.37,74.57,1491735.0,50850364.0
2016-04-20,75.34,75.34,67.66,68.43,3205426.0,103312208.0
2016-04-21,68.63,69.31,67.35,67.46,1421582.0,43835460.0
2016-04-22,67.13,67.75,65.01,67.48,2140039.0,64188952.0
2016-04-25,67.08,69.34,65.36,68.63,1924711.0,58734912.0
2016-04-26,68.45,69.78,67.86,69.51,1237145.0,38556824.0
2016-04-27,69.53,69.76,67.13,67.33,1868970.0,57754144.0
2016-04-28,67.22,74.06,66.71,74.06,4303074.0,139328896.0
2016-04-29,74.08,76.23,72.89,74.17,4119866.0,139422992.0
2016-05-03,75.21,75.94,72.25,74.99,4776640.0,160444064.0
2016-05-04,74.42,74.79,72.85,73.18,3733564.0,124547912.0
2016-05-05,72.85,73.6,72.1,72.8,2344607.0,77111248.0
2016-05-06,72.76,73.4,67.57,69.0,3485967.0,111149912.0
2016-05-09,68.28,68.7,65.1,66.36,1847855.0,55473208.0
2016-05-10,66.25,67.24,65.76,66.09,931880.0,27967652.0
2016-05-11,65.85,66.78,64.48,65.03,1062783.0,31641451.0
2016-05-12,64.48,65.14,62.05,65.14,1448892.0,41966731.0
2016-05-13,65.14,67.59,64.9,65.56,1033185.0,31035471.0
2016-05-16,65.54,65.54,63.55,64.74,1814610.0,52926759.0
2016-05-17,64.1,67.08,64.1,66.69,1674307.0,49809598.0
2016-05-18,65.8,65.8,61.76,63.82,1905699.0,54737536.0
2016-05-19,64.04,65.19,63.31,63.48,1471799.0,42935285.0
2016-05-20,62.38,63.59,61.98,63.51,1045518.0,29823232.0
2016-05-23,63.66,66.22,63.59,64.68,1413064.0,41622057.0
2016-05-24,64.92,65.08,63.29,64.59,942022.0,27346824.0
2016-05-25,64.37,71.06,64.37,71.06,5724474.0,182236055.0
2016-05-26,70.82,71.08,67.52,70.77,4842248.0,151656618.0
2016-05-27,69.78,74.38,69.09,73.34,7655363.0,249397855.0
2016-05-30,72.12,73.34,69.73,69.82,3769129.0,121693683.0
2016-05-31,70.44,72.61,69.11,71.77,5188135.0,166591496.0
2016-06-01,71.75,73.43,71.22,72.66,4842822.0,158243224.0
2016-06-02,72.39,73.5,71.77,72.66,4042958.0,132249135.0
2016-06-03,72.99,75.18,72.39,73.96,5416468.0,180936541.0
2016-06-06,74.07,74.87,72.01,72.28,3434887.0,113080094.0
2016-06-07,72.52,72.99,70.66,71.86,2691094.0,86715632.0
2016-06-08,71.72,72.92,70.66,72.48,2378912.0,76947653.0
2016-06-13,71.33,71.33,65.23,65.23,4447221.0,136914054.0
2016-06-14,65.54,65.54,63.59,65.23,2419289.0,70686361.0
2016-06-15,64.24,68.27,63.79,67.89,2406272.0,72612101.0
2016-06-16,67.56,67.6,65.85,66.05,1863581.0,55995030.0
2016-06-17,65.61,68.16,65.61,66.41,1548405.0,46884781.0
2016-06-20,66.81,67.72,65.37,67.45,1461819.0,44086427.0
2016-06-21,67.58,68.67,65.74,65.85,1987070.0,60325185.0
2016-06-22,65.63,66.05,64.3,66.05,3929023.0,115131920.0
2016-06-23,66.28,66.34,65.12,65.81,1852377.0,54997079.0
2016-06-24,66.23,66.98,60.65,64.99,2799968.0,82392903.0
2016-06-27,64.5,66.85,63.82,66.78,2796437.0,83149011.0
2016-06-28,66.45,67.65,66.23,67.36,4141852.0,125208865.0
2016-06-29,67.67,70.84,67.67,69.44,5638684.0,177040281.0
2016-06-30,69.33,70.13,68.16,70.13,3485800.0,108726130.0
2016-07-01,70.99,71.1,68.42,68.49,3246282.0,101996527.0
2016-07-04,68.45,70.0,67.96,69.69,2752001.0,86037226.0
2016-07-05,69.89,75.07,69.86,72.48,6211997.0,203845060.0
2016-07-06,71.13,71.95,70.44,71.55,3716502.0,119390956.0
2016-07-07,71.53,72.34,69.91,70.46,3352866.0,107580856.0
2016-07-08,70.88,72.61,70.0,71.55,3432235.0,110785445.0
2016-07-11,71.55,72.43,70.46,70.62,3098418.0,99750021.0
2016-07-12,70.11,71.44,69.27,71.39,2638050.0,83986912.0
2016-07-13,71.39,72.77,71.1,72.01,3227142.0,104878973.0
2016-07-14,72.23,72.41,71.33,71.7,2129686.0,68948910.0
2016-07-15,71.48,71.88,70.35,70.66,1750400.0,56062875.0
2016-07-18,70.24,70.93,69.35,70.08,1464392.0,46297899.0
2016-07-19,70.28,71.41,69.91,71.35,1681701.0,53616253.0
2016-07-20,71.55,71.97,70.53,70.64,1514949.0,48644791.0
2016-07-21,70.39,71.3,70.17,70.55,1767864.0,56473624.0
2016-07-22,70.73,70.77,67.89,68.22,2112620.0,65999165.0
2016-07-25,67.78,68.62,67.07,67.49,1317896.0,40272588.0
2016-07-26,67.49,69.2,67.49,69.0,1493848.0,46073708.0
2016-07-27,69.33,69.44,64.95,65.23,3129894.0,94431094.0
2016-07-28,65.43,66.58,64.92,65.74,1474980.0,43761589.0
2016-07-29,65.79,66.19,64.68,65.1,1268054.0,37380451.0
2016-08-01,64.53,65.99,63.57,65.57,1437190.0,41897147.0
2016-08-02,65.68,66.01,65.15,65.74,934033.0,27663283.0
2016-08-03,65.97,65.97,65.12,65.12,1228580.0,36258725.0
2016-08-11,68.89,70.91,67.05,67.43,5003764.0,155107917.0
2016-08-12,65.34,67.67,65.34,67.12,2376424.0,71568077.0
2016-08-15,66.89,69.11,65.83,68.18,2941948.0,90123980.0
2016-08-16,68.22,68.89,67.78,68.38,1927249.0,59515603.0
2016-08-17,68.38,69.51,67.8,69.02,1885879.0,58258052.0
2016-08-18,69.11,69.33,68.33,68.49,1363600.0,42226047.0
2016-08-19,68.4,69.33,68.09,69.02,1518024.0,47189886.0
2016-08-22,69.02,69.44,68.0,69.44,1634962.0,50772590.0
2016-08-23,69.22,71.77,69.11,70.44,3637867.0,116338200.0
2016-08-24,69.84,71.5,69.58,69.66,2690058.0,85838928.0
2016-08-25,69.66,70.0,67.8,68.53,1736030.0,53674496.0
2016-08-26,69.09,71.81,68.78,71.55,3560661.0,113724995.0
2016-08-29,71.55,78.7,71.5,76.64,12623740.0,437330131.0
2016-08-30,75.31,75.76,73.16,73.76,6870299.0,230346528.0
2016-08-31,73.54,74.87,73.1,73.58,3713690.0,123824390.0
2016-09-01,73.72,74.78,73.36,73.58,2896456.0,96975754.0
2016-09-02,73.96,73.98,72.01,72.52,2810060.0,92525712.0
2016-09-05,73.3,73.58,71.5,72.74,2099300.0,68936507.0
2016-09-06,72.79,76.97,71.1,75.93,4618294.0,155900975.0
2016-09-07,75.29,80.58,75.29,77.42,7344371.0,259715640.0
2016-09-08,77.48,77.86,75.69,77.28,2970145.0,102753144.0
2016-09-09,77.04,77.48,74.94,74.96,2622623.0,90326866.0
2016-09-12,73.1,79.72,71.99,77.53,8355003.0,288604611.0
2016-09-13,78.81,81.27,76.24,79.03,9908170.0,353093563.0
2016-09-14,77.53,78.22,75.42,77.02,4007020.0,139243239.0
2016-09-19,77.48,79.28,76.53,78.7,3741200.0,131996576.0
2016-09-20,78.86,80.81,77.68,80.61,5179976.0,186199652.0
2016-09-21,80.14,80.47,78.41,78.83,3568648.0,127808251.0
2016-09-22,79.52,79.65,77.13,77.22,3952060.0,139058588.0
2016-09-23,76.66,78.61,76.44,77.24,2238371.0,78187396.0
2016-09-26,77.08,78.33,76.44,76.64,3091903.0,108110247.0
2016-09-27,76.75,77.53,72.39,74.36,3959356.0,132787645.0
2016-09-28,74.43,74.43,72.48,72.72,2105288.0,69484487.0
2016-09-29,72.81,73.76,72.66,72.79,1393776.0,46059407.0
2016-09-30,73.12,73.72,72.83,73.25,891593.0,29460243.0
2016-10-10,74.14,75.67,73.1,75.45,2601610.0,87646814.0
2016-10-11,75.38,75.38,74.01,74.83,2645235.0,89115706.0
2016-10-12,74.74,74.74,72.79,73.28,3306947.0,109487466.0
2016-10-13,73.54,78.53,73.54,78.19,8510624.0,294609499.0
2016-10-14,77.35,77.48,76.09,77.13,3972872.0,137788530.0
2016-10-17,76.84,78.13,74.89,75.89,4138506.0,143755472.0
2016-10-18,75.89,77.31,75.67,76.86,3167825.0,109375103.0
2016-10-19,77.0,77.2,75.14,75.76,3455751.0,118564117.0
2016-10-20,75.82,76.2,74.34,74.94,3129500.0,105982093.0
2016-10-21,74.65,75.98,72.81,73.65,3142900.0,105173572.0
2016-10-24,72.88,74.54,72.68,73.76,3179026.0,105635725.0
2016-10-25,73.56,74.14,73.12,74.01,2283472.0,75907001.0
2016-10-26,74.18,74.23,72.72,72.97,2436169.0,80407624.0
2016-10-27,72.83,73.74,72.21,73.65,2264783.0,74681321.0
2016-10-28,73.52,73.52,71.02,71.33,3049740.0,99431859.0
2016-10-31,71.06,72.66,70.99,72.03,1494497.0,48384867.0
2016-11-01,71.88,73.32,71.88,73.1,1859404.0,60980017.0
2016-11-02,72.83,72.88,71.5,71.77,2148127.0,69882758.0
2016-11-03,71.19,72.5,71.19,72.01,2343386.0,75998343.0
2016-11-04,71.77,72.23,71.46,71.81,1359390.0,44069467.0
2016-11-07,71.81,73.32,71.77,72.92,2310939.0,75979501.0
2016-11-08,72.99,73.65,72.5,73.03,1882853.0,62085005.0
2016-11-09,73.1,73.36,70.91,72.03,2211327.0,72169040.0
2016-11-10,73.39,73.54,72.61,73.32,1953996.0,64454472.0
2016-11-11,73.1,75.09,73.1,74.43,2683957.0,90063928.0
2016-11-14,74.36,75.27,73.54,73.94,2483819.0,83302948.0
2016-11-15,73.76,74.76,73.41,74.69,2009604.0,67239984.0
2016-11-16,74.87,75.98,74.72,75.11,3504183.0,119287238.0
2016-11-17,75.31,75.45,73.5,73.67,1961708.0,65585974.0
2016-11-18,74.18,75.07,73.87,74.2,2031101.0,68382209.0
2016-11-21,74.05,76.51,73.85,76.18,4154546.0,141785821.0
2016-11-22,75.87,77.15,75.4,76.09,3294172.0,113394660.0
2016-11-23,76.16,77.82,75.4,75.67,3653342.0,126311223.0
2016-11-24,74.83,75.98,73.92,74.03,2889173.0,97952850.0
2016-11-25,74.07,75.07,72.06,75.07,2894861.0,96561212.0
2016-11-28,74.76,75.62,73.89,74.12,2024690.0,68430124.0
2016-11-29,74.38,74.38,72.21,72.21,2137049.0,70539861.0
2016-11-30,71.77,74.2,71.61,72.66,1878131.0,62016632.0
2016-12-01,72.63,72.99,70.88,71.22,2307793.0,74820796.0
2016-12-02,71.44,71.75,68.4,68.42,2580234.0,81160947.0
2016-12-05,68.49,69.11,67.89,68.6,1329827.0,41179918.0
2016-12-06,68.6,68.93,68.51,68.67,1097662.0,34046834.0
2016-12-07,68.78,70.55,68.45,70.22,1626324.0,51011385.0
2016-12-08,70.35,70.4,68.22,68.29,1336326.0,41860372.0
2016-12-09,68.51,69.73,68.22,69.24,1238080.0,38588798.0
2016-12-12,69.27,70.57,66.67,67.16,2643761.0,82085298.0
2016-12-13,67.01,69.62,66.47,68.96,1659927.0,51248744.0
2016-12-14,68.91,69.31,67.56,68.69,1045855.0,32284468.0
2016-12-15,69.69,69.69,67.74,68.4,1569447.0,48622236.0
2016-12-16,68.53,69.11,67.56,68.29,1353855.0,41761329.0
2016-12-19,68.11,68.62,67.61,68.45,902749.0,27730780.0
2016-12-27,71.55,72.21,68.93,69.07,4981800.0,158692454.0
2016-12-28,68.91,69.86,68.45,69.0,1663499.0,51825459.0
2016-12-29,68.78,69.33,67.78,68.0,1678816.0,52066264.0
2016-12-30,67.78,68.67,66.7,67.3,1624600.0,49278080.0
2017-01-03,67.49,68.07,67.45,67.87,1047389.0,32045030.0
2017-01-04,67.87,68.98,67.43,68.6,1009892.0,31188055.0
2017-01-05,68.6,68.78,67.78,67.94,678260.0,20924688.0
2017-01-06,67.98,68.67,67.07,67.69,1061750.0,32482023.0
2017-01-09,67.27,68.91,67.12,68.67,1132587.0,34970564.0
2017-01-10,68.67,69.44,67.78,68.16,608629.0,18898923.0
2017-01-11,68.25,68.49,67.16,67.25,724967.0,22200798.0
2017-01-12,67.14,67.78,61.8,61.8,3535468.0,102160879.0
2017-01-13,61.69,61.71,58.43,58.85,2561307.0,69185991.0
2017-01-16,59.03,59.43,54.27,56.8,1735620.0,45484944.0
2017-01-17,57.37,58.26,55.71,57.5,1191705.0,30723440.0
2017-01-18,57.59,58.23,56.26,56.59,736122.0,19028998.0
2017-01-19,55.93,56.82,55.13,55.86,922320.0,23225386.0
2017-01-20,55.82,57.35,55.42,56.88,825720.0,21165849.0
2017-01-23,57.24,59.81,57.06,58.61,1705957.0,45211085.0
2017-01-24,59.14,59.14,57.19,57.28,867548.0,22608674.0
2017-01-25,57.15,58.26,57.15,57.55,780883.0,20355288.0
2017-01-26,57.57,58.15,57.57,58.15,515102.0,13458843.0
2017-02-03,58.28,58.28,56.93,56.97,549073.0,14226051.0
2017-02-06,56.97,58.61,56.77,58.61,886023.0,23151766.0
2017-02-07,58.55,59.7,58.1,58.77,1116590.0,29709607.0
2017-02-08,58.26,59.74,58.15,59.59,922025.0,24605339.0
2017-02-09,59.83,60.74,59.14,59.92,1318669.0,35730484.0
2017-02-10,60.03,60.21,59.23,59.54,922989.0,24801074.0
2017-02-13,59.52,60.43,58.72,60.43,1511863.0,40735084.0
2017-02-14,60.38,60.56,59.54,59.81,1058612.0,28626131.0
2017-02-15,59.81,60.25,58.99,59.14,999589.0,26942060.0
2017-02-16,59.12,59.48,58.59,58.74,1018498.0,27102210.0
2017-02-17,59.23,60.58,58.55,58.97,1083894.0,28961678.0
2017-02-20,58.97,59.28,58.26,59.03,1455441.0,38672453.0
2017-02-21,59.01,60.01,58.68,59.67,1411957.0,37924861.0
2017-02-22,59.36,60.32,58.92,60.32,1579787.0,42745690.0
2017-02-23,60.36,60.49,59.81,60.43,1194696.0,32439481.0
2017-02-24,60.21,60.98,59.92,60.69,1797828.0,49012606.0
2017-02-27,60.94,61.76,60.21,61.0,1755081.0,48426345.0
2017-02-28,60.89,61.65,60.74,61.45,1262300.0,34908762.0
2017-03-01,61.45,63.4,61.27,62.58,2578972.0,72536773.0
2017-03-02,62.86,63.11,61.6,61.78,1503524.0,42297569.0
2017-03-03,61.53,62.91,61.31,62.64,1377842.0,38729597.0
2017-03-06,62.62,63.24,62.29,62.91,1383460.0,39230579.0
2017-03-07,62.93,63.24,62.09,62.89,1496731.0,42280388.0
2017-03-08,62.6,62.86,61.53,61.67,1364438.0,38210094.0
2017-03-09,62.0,62.27,61.14,61.2,1039399.0,28900367.0
2017-03-10,61.29,62.42,61.25,61.8,1240181.0,34672383.0
2017-03-13,61.78,62.24,61.36,62.24,1191492.0,33371058.0
2017-03-14,62.04,62.55,62.04,62.35,1080887.0,30392637.0
2017-03-15,62.47,62.89,62.09,62.8,1426906.0,40282980.0
2017-03-16,62.89,63.57,62.71,63.42,1631052.0,46439693.0
2017-03-17,63.46,63.64,60.96,61.23,2270414.0,63901966.0
2017-03-20,61.14,62.22,60.94,61.98,1189430.0,33017766.0
2017-03-21,62.27,62.31,61.96,62.27,913961.0,25626052.0
2017-03-22,62.02,62.22,61.03,61.42,921579.0,25581014.0
2017-03-23,61.18,61.91,60.54,61.42,1111210.0,30767938.0
2017-03-24,61.11,61.56,60.07,60.36,1349723.0,36861893.0
2017-03-27,60.45,60.45,59.36,59.43,1134677.0,30602806.0
2017-03-28,59.43,60.21,59.16,59.78,739455.0,20010118.0
2017-03-29,59.5,59.83,58.72,58.74,972357.0,25962795.0
2017-03-30,58.74,58.74,56.26,56.68,1878892.0,48497876.0
2017-03-31,56.91,57.73,56.68,57.02,938479.0,24177284.0
2017-04-05,57.95,59.65,56.93,59.52,2262865.0,59422507.0
2017-04-06,60.12,60.14,58.92,59.12,2963028.0,79379735.0
2017-04-07,59.03,65.01,58.28,62.89,5941892.0,167361750.0
2017-04-10,62.35,66.19,61.87,64.57,7572678.0,219645110.0
2017-04-11,65.74,65.79,62.98,64.68,4934467.0,143239671.0
2017-04-12,64.72,64.9,60.14,60.47,6130243.0,170404877.0
2017-04-13,60.43,63.35,59.48,61.58,3869128.0,108469494.0
2017-04-14,61.14,62.02,60.27,60.32,2510007.0,68978311.0
2017-04-17,59.81,59.81,57.5,57.5,3145981.0,82852828.0
2017-04-18,57.55,58.26,54.47,55.4,3483395.0,88571743.0
2017-04-19,55.4,58.03,54.31,58.03,3153656.0,79905807.0
2017-04-20,63.84,63.84,58.94,59.63,7468490.0,208527294.0
2017-04-21,57.59,59.72,56.53,57.24,4749891.0,123818306.0
2017-04-24,56.48,57.26,55.4,55.44,2172043.0,55410794.0
2017-04-25,55.66,57.15,54.51,55.35,2132264.0,53657623.0
2017-04-26,54.6,56.22,54.49,55.95,2260568.0,56303645.0
2017-04-27,55.33,57.08,54.73,56.48,2704793.0,68103459.0
2017-04-28,56.48,57.81,56.15,56.77,1957052.0,50354918.0
2017-05-02,56.8,57.13,56.28,56.99,1744370.0,44617934.0
2017-05-03,56.95,57.04,55.69,56.22,1699923.0,43162427.0
2017-05-04,55.82,58.03,54.89,57.04,2382148.0,61269392.0
2017-05-05,56.55,57.68,56.04,57.26,1568558.0,40294707.0
2017-05-08,57.57,57.57,54.31,54.45,2027636.0,51112664.0
2017-05-09,53.72,53.94,50.99,51.99,3644498.0,85707274.0
2017-05-10,51.68,52.28,50.28,50.28,2252740.0,52128754.0
2017-05-11,49.88,50.02,47.87,49.6,2055109.0,45489946.0
2017-05-12,49.51,50.79,48.98,50.62,1152323.0,25974943.0
2017-05-15,50.22,50.59,48.73,49.37,1022120.0,23051990.0
2017-05-16,49.22,54.31,48.78,52.1,2712181.0,62710641.0
2017-05-17,52.05,53.94,51.83,52.96,2269520.0,54366292.0
2017-05-18,52.12,54.14,52.05,52.48,1709489.0,40996937.0
2017-05-19,52.94,53.07,51.83,52.23,1070698.0,25297576.0
2017-05-22,52.12,52.43,49.86,49.86,1299200.0,29936000.0
2017-05-23,49.91,50.5,48.0,48.0,1585282.0,35098182.0
2017-05-24,48.02,48.71,47.03,48.47,1535269.0,33217233.0
2017-05-25,48.07,48.8,47.23,48.49,1271789.0,27570359.0
2017-05-26,48.49,50.02,48.47,48.93,1453729.0,32271928.0
2017-05-31,49.4,50.9,48.87,49.15,1436566.0,32204887.0
2017-06-01,49.13,49.15,46.43,46.74,1652401.0,35385679.0
2017-06-02,46.34,47.6,45.52,47.29,1193115.0,25051976.0
2017-06-05,47.31,48.07,47.0,47.56,913620.0,19595016.0
2017-06-06,47.73,48.18,47.23,48.07,777333.0,16735121.0
2017-06-07,47.98,50.13,47.65,49.82,2110898.0,46969048.0
2017-06-08,49.64,52.03,49.64,51.17,3063537.0,70534512.0
2017-06-09,51.08,52.19,50.28,51.79,2115709.0,49147782.0
2017-06-12,50.95,50.95,49.17,49.53,1846700.0,41881230.0
2017-06-13,49.57,51.57,49.57,50.99,2145498.0,49143519.0
2017-06-14,51.28,51.28,49.84,50.59,1156683.0,26349023.0
2017-06-15,50.33,52.19,50.33,51.88,2399881.0,55963453.0
2017-06-16,51.66,53.45,51.52,52.48,2350671.0,55783101.0
2017-06-19,52.5,52.61,51.12,52.03,1664510.0,38967031.0
2017-06-20,52.3,52.7,51.83,52.12,1980349.0,46781502.0
2017-06-21,52.14,52.25,50.97,51.37,1939772.0,44957832.0
2017-06-22,51.39,52.59,48.73,50.26,2175866.0,50760002.0
2017-06-23,50.64,51.43,48.51,49.84,2028639.0,45920312.0
2017-06-26,49.81,49.85,47.78,49.15,4269930.0,47331502.0
2017-06-27,48.93,52.59,48.18,51.84,7253770.0,83728455.0
2017-06-28,51.09,51.75,49.33,49.85,5183656.0,59327378.0
2017-06-29,49.77,50.21,49.28,49.33,2454010.0,27630545.0
2017-06-30,49.15,49.19,48.36,48.97,2276903.0,25183683.0
2017-07-03,48.66,49.63,48.53,49.33,1995039.0,22218564.0
2017-07-04,49.28,49.28,48.44,48.58,1885181.0,20846606.0
2017-07-05,48.58,49.06,48.27,48.97,1882259.0,20795607.0
2017-07-06,48.88,49.02,48.05,48.49,2632695.0,28988999.0
2017-07-07,48.31,48.62,47.74,48.13,2938779.0,32102836.0
2017-07-10,48.13,48.13,46.73,47.08,2486099.0,26741270.0
2017-07-11,47.21,47.83,46.55,46.55,1757556.0,18843175.0
2017-07-12,46.5,46.9,45.58,46.11,2770620.0,28996884.0
2017-07-13,46.28,46.42,45.14,45.31,2656246.0,27441844.0
2017-07-14,45.53,46.24,45.31,45.45,1893858.0,19661285.0
2017-07-17,45.31,45.4,40.91,41.44,4921691.0,47228736.0
2017-07-18,40.99,41.57,40.29,41.44,2729657.0,25391559.0
2017-07-19,41.08,41.66,40.6,41.61,3399475.0,31621028.0
2017-07-20,41.44,42.27,41.13,41.13,2737836.0,25908182.0
2017-07-21,41.44,41.48,40.38,40.47,2332375.0,21583704.0
2017-07-24,40.2,40.91,40.11,40.82,1627677.0,14985105.0
2017-07-25,40.69,41.04,40.55,40.91,1306354.0,12092023.0
2017-07-26,40.91,41.22,40.55,41.17,1440202.0,13355007.0
2017-07-27,42.05,42.93,40.95,42.85,3801606.0,36445289.0
2017-07-28,42.89,43.11,42.05,42.05,2384851.0,22998224.0
2017-07-31,42.05,42.45,41.88,41.96,1302770.0,12447459.0
2017-08-01,42.19,42.36,41.83,42.1,1315566.0,12554650.0
2017-08-02,42.1,42.23,41.17,41.35,1578330.0,14882652.0
2017-08-03,41.35,42.41,41.35,41.74,1798690.0,17095800.0
2017-08-04,41.57,41.74,41.04,41.04,1943093.0,18168979.0
2017-08-07,40.99,41.74,40.99,41.22,1019442.0,9569916.0
2017-08-08,41.61,41.83,41.13,41.74,1736689.0,16364588.0
2017-08-09,41.74,43.9,41.52,42.85,5208361.0,50915654.0
2017-08-10,42.54,42.98,41.66,42.01,3120432.0,29928269.0
2017-08-11,41.35,42.01,41.13,41.17,1864614.0,17564924.0
2017-08-14,41.13,42.85,41.13,42.54,2941963.0,28138160.0
2017-08-15,42.36,43.73,42.19,43.38,3968656.0,38716387.0
2017-08-16,43.15,43.99,42.8,43.73,4363542.0,43209125.0
2017-08-17,43.68,44.61,43.59,44.21,3928973.0,39361068.0
2017-08-18,43.77,44.34,43.68,43.82,2789747.0,27796399.0
2017-08-21,44.52,44.61,43.82,44.08,2124212.0,21259988.0
2017-08-22,44.21,44.26,43.42,43.55,2278096.0,22579885.0
2017-08-23,43.51,45.18,43.2,44.26,3533224.0,35541243.0
2017-08-24,46.95,48.66,46.95,48.66,8099128.0,89269836.0
2017-08-25,50.6,51.93,49.37,50.6,24061674.0,275401237.0
2017-08-28,48.8,50.38,48.62,49.77,14738955.0,165684233.0
2017-08-29,49.15,50.91,48.84,48.84,10923771.0,123608193.0
2017-08-30,48.8,50.25,48.71,48.97,6653879.0,74313219.0
2017-08-31,48.66,49.37,48.13,48.84,5491197.0,60496874.0
2017-09-01,48.84,49.15,48.09,49.1,6538864.0,72362046.0
2017-09-04,49.19,51.05,49.19,50.82,11317993.0,128707296.0
2017-09-05,50.69,50.69,49.5,50.12,6231941.0,70742276.0
2017-09-06,50.03,50.16,49.28,49.81,4014884.0,45218573.0
2017-09-07,50.16,52.23,49.63,50.65,12290034.0,141943837.0
2017-09-08,50.6,52.81,49.63,52.72,12241970.0,142637541.0
2017-09-11,52.85,55.5,51.75,54.79,16087184.0,195419774.0
2017-09-12,55.67,56.2,53.29,53.42,18058363.0,224728514.0
2017-09-13,53.25,54.44,53.25,53.95,6794016.0,82920082.0
2017-09-14,54.44,54.44,52.28,52.41,6941814.0,83547451.0
2017-09-15,52.45,52.76,51.22,51.57,5002829.0,58933504.0
2017-09-18,51.53,52.45,51.05,51.79,3112526.0,36472286.0
2017-09-19,51.79,52.19,51.31,51.84,2723086.0,32034715.0
2017-09-20,51.88,53.78,51.88,53.47,5816939.0,70108124.0
2017-09-21,53.51,53.6,51.48,51.57,4128945.0,49284990.0
2017-09-22,51.53,52.01,51.13,51.53,2755758.0,32220543.0
2017-09-25,51.57,51.93,49.55,49.55,2796001.0,32242919.0
2017-09-26,50.12,50.16,48.62,49.24,2466707.0,27502325.0
2017-09-27,49.06,49.94,49.06,49.63,1586575.0,17838710.0
2017-09-28,49.46,50.16,48.97,48.97,1747119.0,19663900.0
2017-09-29,49.28,49.99,48.97,49.63,1406697.0,15830653.0
2017-10-09,48.97,49.46,47.52,48.75,4811468.0,52958921.0
2017-10-10,48.53,50.08,48.05,50.08,4012299.0,45100919.0
2017-10-11,50.03,51.09,49.55,50.16,4633507.0,53102131.0
2017-10-12,49.94,50.08,48.66,49.63,3669910.0,40989838.0
2017-10-13,49.33,54.62,48.8,54.62,12746268.0,154270002.0
2017-10-16,57.3,60.08,56.69,57.26,36376342.0,480607989.0
2017-10-17,54.7,56.33,53.34,55.59,19644747.0,241800654.0
2017-10-18,54.88,58.63,54.44,54.84,19423171.0,249195256.0
2017-10-19,54.48,54.66,52.5,53.03,11002060.0,132614295.0
2017-10-20,52.15,52.59,50.91,51.93,9776344.0,114624998.0
2017-10-23,51.97,53.65,51.35,53.03,9632060.0,115251732.0
2017-10-24,52.45,52.45,50.25,50.78,8183774.0,94997904.0
2017-10-25,52.28,55.85,52.28,55.85,8154541.0,101442438.0
2017-10-26,58.19,59.51,56.91,58.85,33978373.0,448595713.0
2017-10-27,57.79,58.63,55.98,56.33,17889310.0,232081216.0
2017-10-30,56.55,56.86,52.01,53.34,16112484.0,196505566.0
2017-10-31,53.6,58.67,53.42,58.67,19809980.0,256519829.0
2017-11-01,60.17,60.39,57.48,57.83,28587941.0,383092552.0
2017-11-02,58.71,59.95,56.77,57.35,20992378.0,278674207.0
2017-11-03,58.76,61.8,58.01,59.51,28786986.0,391544726.0
2017-11-06,59.51,63.3,57.92,62.33,25968531.0,354846466.0
2017-11-07,60.92,61.49,59.99,61.05,18076362.0,249029516.0
2017-11-08,59.95,60.52,59.07,59.64,15845722.0,214406793.0
2017-11-09,59.29,59.51,58.19,59.51,11348557.0,151366727.0
2017-11-10,59.07,60.12,57.88,58.23,10923695.0,145389523.0
2017-11-13,57.74,59.46,56.82,58.71,10699369.0,141524518.0
2017-11-14,58.19,61.54,57.74,59.86,18101489.0,247037516.0
2017-11-15,59.07,59.24,56.86,57.13,11398662.0,149581128.0
2017-11-16,56.11,57.61,55.59,55.76,8223483.0,105162989.0
2017-11-17,55.98,56.25,50.21,50.25,11938018.0,143061009.0
2017-11-20,50.16,50.25,45.31,49.33,6969922.0,76216594.0
2017-11-21,48.62,50.34,47.91,48.8,5701395.0,63458224.0
2017-11-22,49.28,49.5,47.96,48.66,4760879.0,52719041.0
2017-11-23,48.88,49.19,45.18,45.53,6858449.0,73420514.0
2017-11-24,45.76,46.28,45.4,45.71,3851620.0,40004076.0
2017-11-27,45.18,46.15,44.48,44.74,3891724.0,39861462.0
2017-11-28,44.74,45.98,44.74,45.89,3436802.0,35386893.0
2017-11-29,46.28,50.38,45.93,47.83,8919653.0,97442458.0
2017-11-30,46.9,47.96,46.59,46.99,4320870.0,46205004.0
2017-12-01,46.73,48.71,46.73,47.83,4177084.0,45303933.0
2017-12-04,47.91,47.91,45.58,45.71,4238137.0,44739319.0
2017-12-05,45.45,47.87,45.05,46.11,4555672.0,47870015.0
2017-12-06,45.23,46.73,45.05,46.73,3784904.0,39348311.0
2017-12-07,46.28,47.47,45.89,46.37,3532642.0,37314597.0
2017-12-08,46.33,47.91,46.33,47.47,4705642.0,50615136.0
2017-12-11,47.16,48.71,47.12,48.4,5148311.0,56173083.0
2017-12-12,48.18,48.22,46.73,46.95,3995196.0,42992565.0
2017-12-13,47.16,48.71,46.73,47.74,4297455.0,46673477.0
2017-12-14,47.65,47.74,46.77,47.03,3108821.0,33228133.0
2017-12-15,47.12,47.39,45.18,45.58,4741907.0,49454460.0
2017-12-18,45.8,46.11,44.96,45.27,2474301.0,25513149.0
2017-12-19,45.36,46.2,45.27,46.2,2574372.0,26767898.0
2017-12-20,45.8,46.2,45.05,45.05,2609709.0,26894744.0
2017-12-21,45.27,49.55,45.27,48.13,12883758.0,140231775.0
2017-12-22,47.96,47.96,46.86,47.47,7836616.0,83902361.0
2017-12-25,47.08,47.21,45.62,45.84,4861536.0,50995161.0
2017-12-26,45.53,47.61,45.53,46.81,5180621.0,55022049.0
2017-12-27,46.9,47.78,46.02,47.3,6105001.0,64929998.0
2017-12-28,46.86,48.84,46.5,47.65,6979941.0,75862246.0
2017-12-29,48.05,48.44,47.16,47.74,5467826.0,59264072.0
2018-01-02,47.52,48.31,47.47,47.87,4212910.0,45634365.0
2018-01-03,48.13,49.37,47.61,49.19,8437171.0,93000577.0
2018-01-04,48.84,49.19,48.13,48.88,5795273.0,63884944.0
2018-01-05,49.1,49.28,47.61,47.87,4966538.0,54348841.0
2018-01-08,48.0,48.0,47.17,47.83,3259915.0,35145645.0
2018-01-09,47.61,48.0,46.68,46.99,3798185.0,40666488.0
2018-01-10,46.9,46.9,45.4,46.06,3952810.0,41354864.0
2018-01-11,46.28,46.73,45.67,46.64,2528815.0,26549683.0
2018-01-12,46.24,46.95,45.71,46.28,2455360.0,25786953.0
2018-01-15,44.78,45.36,41.88,41.92,8195159.0,79955338.0
2018-01-16,41.88,42.49,41.04,41.39,4301752.0,40695665.0
2018-01-17,41.13,42.49,41.04,42.27,3218743.0,30525792.0
2018-01-18,42.23,42.23,41.26,41.48,2849671.0,26955838.0
2018-01-19,42.01,42.01,41.17,41.3,1914853.0,17993064.0
2018-01-22,41.39,41.83,40.64,41.57,2443209.0,22872937.0
2018-01-23,41.7,41.7,41.3,41.61,2126917.0,20004883.0
2018-01-24,41.79,42.1,40.91,42.05,3249341.0,30656876.0
2018-01-25,42.1,42.84,41.88,41.96,3818343.0,36724179.0
2018-01-26,41.79,42.41,41.52,42.01,2680148.0,25455084.0
2018-01-29,41.96,42.14,41.13,41.17,2184797.0,20530869.0
2018-01-30,40.99,41.26,40.38,40.38,2259421.0,20812898.0
2018-01-31,40.38,40.38,36.94,37.29,4316591.0,37663879.0
2018-02-01,37.29,37.69,35.66,35.79,2712624.0,22519215.0
2018-02-02,35.66,36.01,33.99,35.18,1819301.0,14540419.0
2018-02-05,34.91,35.66,34.38,35.35,1318164.0,10517045.0
2018-02-06,35.04,35.04,32.0,32.0,2897966.0,22039618.0
2018-02-07,32.75,34.16,31.69,32.8,2015082.0,14915395.0
2018-02-08,32.44,33.59,32.44,33.37,1521447.0,11482789.0
2018-02-09,33.1,33.1,31.74,32.13,2272828.0,16764645.0
2018-02-12,35.35,35.35,35.35,35.35,679725.0,5451395.0
2018-02-13,38.88,38.88,38.88,38.88,843854.0,7442792.0
2018-02-14,39.67,42.76,39.14,40.55,18279922.0,170547144.0
2018-02-22,39.23,40.99,38.22,39.94,12020821.0,107657179.0
2018-02-23,39.14,41.44,39.01,39.89,9402212.0,85001937.0
2018-02-26,40.33,43.9,39.32,43.9,13914192.0,130143875.0
2018-02-27,44.7,46.28,43.99,44.78,19112894.0,196230056.0
2018-02-28,44.08,45.23,43.24,44.56,11395443.0,114609475.0
2018-03-01,43.81,45.4,43.81,45.4,9735642.0,98966882.0
2018-03-02,44.96,45.45,43.64,43.64,7110648.0,71797817.0
2018-03-05,43.77,44.78,43.38,44.78,5581422.0,55938672.0
2018-03-06,44.56,44.96,44.17,44.65,5742524.0,57978208.0
2018-03-07,44.34,46.68,44.34,45.67,13791919.0,143237272.0
2018-03-08,45.8,46.06,44.96,45.98,8242651.0,84936693.0
2018-03-09,44.92,44.92,42.62,44.34,14636787.0,145476507.0
2018-03-12,44.52,47.56,44.12,45.98,12651621.0,131107671.0
2018-03-13,45.31,45.84,44.61,44.92,7868668.0,80723620.0
2018-03-14,44.74,45.36,44.26,44.39,5412434.0,54950859.0
2018-03-15,44.39,44.65,42.41,43.33,6528842.0,64327379.0
2018-03-16,43.38,43.81,43.11,43.38,3020340.0,29781446.0
2018-03-19,43.37,45.18,43.15,44.39,5158298.0,52022998.0
2018-03-20,43.86,44.39,43.46,44.08,3496708.0,34842398.0
2018-03-21,44.04,45.05,43.33,43.46,4671963.0,46940570.0
2018-03-22,43.46,44.17,43.29,43.77,2949607.0,29299243.0
2018-03-23,42.98,42.98,39.41,39.41,7233354.0,67167281.0
2018-03-26,38.88,40.51,38.7,40.42,4265969.0,38415663.0
2018-03-27,40.73,42.8,40.73,42.05,5485932.0,52033913.0
2018-03-28,41.39,42.98,41.08,42.05,4419861.0,42322017.0
2018-03-29,42.27,42.54,41.88,42.18,2841659.0,27216692.0
2018-03-30,42.23,43.07,42.18,42.8,3516641.0,34160262.0
2018-04-02,43.29,43.33,42.62,42.85,3800681.0,36959694.0
2018-04-03,42.49,42.49,41.48,41.88,3600996.0,34209932.0
2018-04-04,42.32,43.42,42.01,42.45,5154187.0,49867946.0
2018-04-09,41.83,42.1,40.64,41.39,3681764.0,34606063.0
2018-04-10,42.1,43.2,41.83,42.49,4317795.0,41592113.0
2018-04-11,42.27,43.86,42.27,43.29,4976348.0,48645352.0
2018-04-12,42.67,43.07,42.23,42.54,3225314.0,31206893.0
2018-04-13,42.62,42.93,40.99,41.61,3554266.0,33906307.0
2018-04-16,41.39,41.92,41.22,41.7,2141300.0,20211672.0
2018-04-17,41.44,41.83,39.72,40.2,3580748.0,32966556.0
2018-04-18,40.2,40.91,39.76,40.55,2086152.0,19088387.0
2018-04-19,40.33,41.35,40.24,40.86,1929425.0,17935715.0
2018-04-20,40.86,41.35,39.98,40.07,2012331.0,18554234.0
2018-04-23,40.24,40.47,38.57,39.01,4401002.0,39362797.0
2018-04-24,39.36,39.94,39.01,39.58,10218384.0,91234594.0
2018-04-25,39.63,41.22,39.54,40.99,8609929.0,79190896.0
2018-04-26,40.86,40.99,39.19,39.58,4817046.0,43786642.0
2018-04-27,39.94,39.94,39.14,39.32,3852132.0,34562863.0
2018-05-02,39.14,40.2,39.01,39.58,3516959.0,31672960.0
2018-05-03,39.67,39.85,37.91,39.76,3996614.0,35332939.0
2018-05-04,39.54,40.16,39.32,40.02,3145031.0,28407929.0
2018-05-07,39.94,40.91,39.89,40.91,3918677.0,36062311.0
2018-05-08,41.22,42.98,41.22,41.88,7229454.0,68936229.0
2018-05-09,41.83,46.06,41.57,46.06,19666283.0,199779723.0
2018-05-10,47.83,50.69,46.11,48.8,41694000.0,457558252.0
2018-05-11,48.05,48.4,45.4,45.71,23190599.0,246473107.0
2018-05-14,44.78,45.98,44.34,44.92,10569169.0,107931452.0
2018-05-15,44.74,49.41,44.74,49.41,18391178.0,198909014.0
2018-05-16,49.9,52.37,48.93,49.1,30870267.0,352674459.0
2018-05-17,50.43,51.79,48.84,50.3,24034076.0,275890688.0
2018-05-18,49.81,52.37,49.24,50.52,19224003.0,220203953.0
2018-05-21,51.57,53.73,49.5,49.94,24319424.0,284073656.0
2018-05-22,49.28,50.16,48.53,49.5,15394919.0,171924166.0
2018-05-23,49.33,50.16,48.8,48.8,9984829.0,111904895.0
2018-05-24,48.31,48.31,46.37,47.12,11099313.0,119043649.0
2018-05-25,47.47,47.91,46.77,47.39,6678283.0,71834869.0
2018-05-28,47.39,47.47,45.89,46.28,6304592.0,66828096.0
2018-05-29,46.19,47.57,44.41,44.41,14216583.0,80289045.0
2018-05-30,42.95,43.84,41.57,42.06,14401201.0,75720171.0
2018-05-31,42.87,43.6,41.9,42.22,8819598.0,46219747.0
2018-06-01,42.14,43.27,40.84,41.57,9129431.0,47377391.0
2018-06-04,39.63,39.71,37.44,37.44,8252863.0,38593127.0
2018-06-05,33.95,37.36,33.95,36.3,18065406.0,79694693.0
2018-06-06,35.58,36.95,35.58,36.3,9124993.0,41049121.0
2018-06-07,36.39,36.71,35.09,35.09,8514385.0,37609898.0
2018-06-08,35.58,36.06,34.52,35.98,9891851.0,43085736.0
2018-06-11,36.06,36.06,34.2,34.6,8534494.0,36864230.0
2018-06-12,34.77,35.41,34.28,34.68,6570586.0,28318351.0
2018-06-13,34.44,34.68,33.15,33.15,11085144.0,46030543.0
2018-06-14,33.23,34.12,32.82,33.39,7810945.0,32481187.0
2018-06-15,33.39,36.71,32.98,36.71,11706633.0,52420816.0
2018-06-19,36.22,36.22,33.06,34.77,19628741.0,84076358.0
2018-06-20,34.68,37.93,34.28,36.79,26694080.0,118855257.0
2018-06-21,35.9,39.71,35.49,37.93,27771094.0,127126612.0
2018-06-22,36.63,39.22,36.63,37.93,17366912.0,81619791.0
2018-06-25,38.09,38.74,36.63,36.71,12606128.0,58067165.0
2018-06-26,36.14,37.28,34.85,37.03,12635550.0,56562176.0
2018-06-27,36.71,37.28,35.58,35.74,8586234.0,38507513.0
2018-06-28,35.82,36.14,33.31,33.87,10998678.0,47075226.0
2018-06-29,34.6,37.28,33.87,37.28,15530719.0,68811092.0
2018-07-02,38.17,39.63,37.36,38.01,28348659.0,134328225.0
2018-07-03,38.25,39.47,37.6,38.82,19042497.0,90630466.0
2018-07-04,38.17,38.74,36.06,36.95,13222468.0,61414446.0
2018-07-05,36.71,38.01,35.74,35.98,11428789.0,52079855.0
2018-07-06,35.74,37.36,34.6,36.39,14309733.0,64032989.0
2018-07-09,38.01,40.03,37.68,40.03,8746598.0,42474410.0
2018-07-10,44.0,44.0,44.0,44.0,5848116.0,31755270.0
2018-07-11,44.57,48.38,41.98,46.27,76132261.0,431757229.0
2018-07-12,45.54,50.89,45.54,49.59,85096225.0,514983151.0
2018-07-13,45.54,46.92,44.65,44.65,61893157.0,347393481.0
2018-07-16,42.95,43.76,42.14,42.95,35371660.0,186741671.0
2018-07-17,42.87,43.35,41.49,42.71,24356843.0,127535791.0
2018-07-18,42.71,44.65,41.82,43.92,39527164.0,213345583.0
2018-07-19,43.52,43.52,41.49,42.06,23466720.0,122322111.0
2018-07-20,42.14,42.38,41.01,41.98,14827171.0,76465865.0
2018-07-23,42.22,42.71,41.41,42.55,16199280.0,84254518.0
2018-07-24,42.38,42.95,41.82,42.71,17111065.0,89733801.0
2018-07-25,42.63,44.17,42.46,42.63,18011022.0,96037299.0
2018-07-26,42.14,43.36,41.57,43.11,15951182.0,83203999.0
2018-07-27,44.41,47.41,43.6,45.06,45307479.0,256148839.0
2018-07-30,40.52,40.52,40.52,40.52,5322800.0,26614000.0
2018-07-31,36.87,40.11,36.87,38.09,32047015.0,150411839.0
2018-08-01,37.44,38.09,36.14,36.14,20363409.0,93096892.0
2018-08-02,35.98,37.52,35.41,37.12,15433483.0,69739794.0
2018-08-03,36.95,37.12,35.9,36.3,7947277.0,35856082.0
2018-08-06,36.3,37.28,35.66,36.06,7074117.0,31783671.0
2018-08-07,36.06,37.12,35.49,36.95,7708987.0,34717154.0
2018-08-08,36.79,37.93,36.47,36.63,9092394.0,41578588.0
2018-08-09,36.22,37.44,36.22,37.2,9511333.0,43459035.0
2018-08-10,37.2,37.2,36.63,36.87,6675688.0,30374255.0
2018-08-13,36.3,36.47,35.66,36.22,7483307.0,33253902.0
2018-08-14,36.22,37.03,36.22,36.79,6800062.0,30754101.0
2018-08-15,36.63,36.71,35.74,35.82,5538942.0,24637448.0
2018-08-16,35.01,35.82,34.93,35.01,5606560.0,24424343.0
2018-08-17,35.01,35.74,34.12,34.28,4955196.0,21287386.0
2018-08-20,34.28,35.58,33.79,35.49,5180493.0,22173677.0
2018-08-21,35.17,35.9,34.85,35.49,5169361.0,22612616.0
2018-08-22,35.33,35.58,34.85,35.01,2907462.0,12615525.0
2018-08-23,35.09,35.9,34.44,35.41,5867241.0,25526641.0
2018-08-24,35.33,35.58,34.44,35.01,4783977.0,20639410.0
2018-08-27,35.9,38.01,35.9,36.47,11550390.0,52162642.0
2018-08-28,35.98,36.3,35.74,35.9,6288994.0,27945198.0
2018-08-29,36.14,36.14,35.58,35.66,3799939.0,16797634.0
2018-08-30,35.58,37.2,35.41,35.9,9166795.0,40995468.0
2018-08-31,35.58,35.74,34.52,35.01,6229288.0,27020564.0
2018-09-03,35.25,35.33,34.36,35.01,3576320.0,15309748.0
2018-09-04,34.68,35.41,34.6,35.33,4068042.0,17630256.0
2018-09-05,35.25,35.33,34.6,34.6,3969335.0,17147557.0
2018-09-06,34.36,35.17,34.28,34.69,3367400.0,14381332.0
2018-09-07,34.68,35.9,34.36,35.25,6899865.0,29905570.0
2018-10-17,38.82,38.82,38.82,38.82,1734948.0,8310401.0
2018-10-18,42.71,42.71,37.36,37.36,44304493.0,222909092.0
2018-10-19,33.63,35.9,33.63,35.33,28861605.0,122527664.0
2018-10-22,33.71,37.28,33.71,36.79,23591743.0,104851129.0
2018-10-23,36.14,38.66,35.9,37.44,19614960.0,89875033.0
2018-10-24,36.63,37.84,36.47,36.79,12610520.0,57671920.0
2018-10-25,34.93,36.22,34.85,36.06,8990924.0,39378982.0
2018-10-26,36.47,36.79,35.82,36.14,7790975.0,34819844.0
2018-10-29,36.22,36.22,34.85,34.93,6873392.0,29901976.0
2018-10-30,35.09,35.58,34.04,35.33,7310425.0,31412655.0
2018-10-31,35.41,35.82,35.09,35.41,7665489.0,33577707.0
2018-11-01,35.66,36.14,35.17,35.74,8894457.0,39184367.0
2018-11-02,36.14,37.6,35.9,37.36,15878961.0,72497561.0
2018-11-05,37.36,37.52,36.71,37.44,12243343.0,56089861.0
2018-11-06,37.28,37.28,36.22,36.95,6950989.0,31453265.0
2018-11-07,36.95,37.36,36.47,37.2,7747921.0,35415237.0
2018-11-08,37.68,37.93,36.47,36.47,6279644.0,28660482.0
2018-11-09,36.47,36.63,36.06,36.22,4364126.0,19549195.0
2018-11-12,36.06,38.01,35.98,38.01,12624406.0,58381535.0
2018-11-13,37.44,39.22,37.12,38.66,15594345.0,73748144.0
