2009-01-05,4.63,4.8,4.57,4.78,3329182.0,11887069.0
2009-01-06,4.86,5.03,4.78,4.98,4675318.0,17438738.0
2009-01-07,4.99,5.21,4.9,5.08,4387440.0,16870596.0
2009-01-08,4.99,5.0,4.76,4.83,2619144.0,9675020.0
2009-01-09,4.78,5.08,4.78,5.03,2909743.0,10880549.0
2009-01-12,4.98,5.16,4.94,5.06,3189265.0,12234519.0
2009-01-13,4.94,5.07,4.87,4.94,2336864.0,8809537.0
2009-01-14,4.94,5.21,4.92,5.2,4922111.0,19132436.0
2009-01-15,5.15,5.4,5.08,5.28,5090133.0,20309260.0
2009-01-16,5.29,5.62,5.25,5.52,8701782.0,35925000.0
2009-01-19,5.45,5.61,5.28,5.39,5640531.0,23277446.0
2009-01-20,5.45,5.61,5.28,5.6,4313143.0,17732888.0
2009-01-21,5.53,5.75,5.44,5.58,6050835.0,25663364.0
2009-01-22,5.56,5.64,5.41,5.5,4401861.0,18350440.0
2009-01-23,5.52,5.52,5.28,5.29,4853423.0,19696476.0
2009-02-02,5.35,5.44,5.21,5.41,3785301.0,15331248.0
2009-02-03,5.42,5.73,5.41,5.6,5835497.0,24726584.0
2009-02-04,5.6,5.86,5.56,5.85,6250638.0,27128506.0
2009-02-05,5.82,6.05,5.68,5.83,8099875.0,35989660.0
2009-02-06,5.83,6.18,5.83,6.05,7883120.0,36044764.0
2009-02-09,6.07,6.38,6.07,6.24,10064735.0,47624136.0
2009-02-10,6.14,6.47,6.03,6.44,8973136.0,41936064.0
2009-02-11,6.3,6.53,6.19,6.26,7650540.0,36894708.0
2009-02-12,6.22,6.64,6.14,6.59,7918013.0,38099660.0
2009-02-13,6.47,6.85,6.44,6.81,9320386.0,47123128.0
2009-02-16,6.85,6.93,6.6,6.9,7703335.0,39336832.0
2009-02-17,6.81,6.84,6.51,6.76,6174016.0,31216696.0
2009-02-18,6.71,7.15,6.53,6.64,11925553.0,62436968.0
2009-02-19,6.64,6.73,6.2,6.43,7605126.0,36788600.0
2009-02-20,6.47,6.63,6.31,6.59,5580773.0,27433640.0
2009-02-23,6.56,6.97,6.48,6.89,7821167.0,40409964.0
2009-02-24,6.82,7.06,6.38,6.4,6314581.0,32226476.0
2009-02-25,6.51,6.61,6.28,6.53,4505369.0,22073536.0
2009-02-26,6.56,7.05,6.18,6.39,9396297.0,48027384.0
2009-02-27,6.12,6.31,5.75,5.75,5396548.0,24169580.0
2009-03-02,5.65,5.87,5.54,5.82,2668489.0,11681341.0
2009-03-03,5.68,5.93,5.56,5.75,2958872.0,12970874.0
2009-03-04,5.85,6.07,5.72,6.05,4660398.0,21095654.0
2009-03-05,6.1,6.56,5.99,6.46,6237790.0,29341368.0
2009-03-06,6.32,6.4,6.15,6.26,3293546.0,15623908.0
2009-03-09,6.31,6.47,6.11,6.15,3881531.0,18551502.0
2009-03-10,6.15,6.27,5.99,6.24,2300042.0,10660794.0
2009-03-11,6.35,6.38,6.19,6.2,2763797.0,13172839.0
2009-03-12,6.28,6.28,5.82,6.16,2844763.0,12913983.0
2009-03-13,6.15,6.19,5.94,5.97,2084283.0,9584620.0
2009-03-16,5.91,6.2,5.91,6.11,1451462.0,6652185.0
2009-03-17,6.14,6.43,6.05,6.36,3140747.0,14941465.0
2009-03-18,6.38,6.65,6.27,6.52,4926909.0,24224666.0
2009-03-19,6.51,6.86,6.48,6.8,5439530.0,27583708.0
2009-03-20,6.81,6.81,6.59,6.72,4561550.0,23168280.0
2009-03-23,6.6,6.86,6.6,6.72,4413196.0,22548984.0
2009-03-24,6.75,6.85,6.67,6.81,3685127.0,18827320.0
2009-03-25,6.89,7.17,6.68,6.72,7098570.0,37467432.0
2009-03-26,6.67,7.39,6.67,7.39,9468752.0,51386060.0
2009-03-27,7.52,7.72,7.29,7.5,10495129.0,59362548.0
2009-03-30,7.43,7.5,7.14,7.38,7184597.0,39725248.0
2009-03-31,7.19,7.45,7.13,7.43,5311682.0,29327116.0
2009-04-01,7.46,7.59,7.35,7.49,4925644.0,27764526.0
2009-04-02,7.49,7.49,7.21,7.29,4953335.0,27587328.0
2009-04-03,7.3,7.45,7.18,7.27,3430787.0,19044516.0
2009-04-07,7.38,7.55,7.3,7.52,4152453.0,23498306.0
2009-04-08,7.52,7.55,6.97,7.08,5767182.0,31489382.0
2009-04-09,7.06,7.22,6.94,7.19,2402520.0,12890615.0
2009-04-10,7.19,7.54,7.13,7.49,5135427.0,28709762.0
2009-04-13,7.5,8.24,7.39,8.24,15193286.0,93240912.0
2009-04-14,8.22,8.26,7.99,8.08,5451514.0,33432920.0
2009-04-15,8.0,8.04,7.58,7.89,6238083.0,36863216.0
2009-04-16,7.89,8.01,7.59,7.88,5848100.0,34666128.0
2009-04-17,7.87,7.87,7.62,7.79,3561322.0,20893300.0
2009-04-20,7.79,8.57,7.79,8.25,13580146.0,86034552.0
2009-04-21,8.05,8.34,7.89,8.2,5546768.0,34071240.0
2009-04-22,8.21,8.45,7.72,7.93,4466219.0,27593564.0
2009-04-23,8.01,8.26,7.74,8.25,5392849.0,33063324.0
2009-04-24,8.22,9.08,8.2,9.08,13655283.0,92556488.0
2009-04-28,8.2,8.53,8.17,8.17,10920316.0,68157696.0
2009-04-29,7.99,8.25,7.56,8.17,5605974.0,33571472.0
2009-04-30,8.05,8.38,7.96,8.12,3611239.0,22328364.0
2009-05-04,8.18,8.38,8.05,8.36,4227523.0,26427070.0
2009-05-05,8.36,8.62,8.36,8.39,4130062.0,26483440.0
2009-05-06,8.45,8.87,8.36,8.82,6460464.0,42436436.0
2009-05-07,8.84,9.49,8.51,9.37,8707094.0,59446684.0
2009-05-08,9.21,9.49,9.07,9.19,5172984.0,36185920.0
2009-05-11,9.2,9.29,8.91,9.05,4642044.0,32160132.0
2009-05-12,9.03,9.57,8.88,9.49,4947840.0,34765276.0
2009-05-13,9.46,9.7,9.31,9.53,4381949.0,31710316.0
2009-05-14,9.44,9.61,9.19,9.38,2941392.0,20836528.0
2009-05-15,9.31,9.53,9.11,9.27,2820065.0,19804732.0
2009-05-18,9.31,9.71,9.02,9.58,3077718.0,21966724.0
2009-05-19,9.62,10.23,9.45,10.22,5341582.0,40204800.0
2009-05-20,10.14,10.39,9.86,9.91,6129885.0,47093088.0
2009-05-21,9.77,10.85,9.74,10.44,8155277.0,63904172.0
2009-05-22,10.28,11.48,10.04,11.38,7520196.0,62620804.0
2009-05-25,11.09,11.85,10.89,11.23,9971606.0,85373096.0
2009-05-26,11.09,11.79,10.96,11.07,7469817.0,64512212.0
2009-05-27,11.12,11.12,10.51,10.8,5413457.0,44147432.0
2009-06-01,10.72,11.3,10.72,11.15,4367778.0,36575808.0
2009-06-02,11.09,11.19,10.69,10.74,4472581.0,36862680.0
2009-06-03,10.68,10.92,10.49,10.56,4634655.0,37475432.0
2009-06-05,10.56,11.62,10.32,11.62,11075180.0,93010808.0
2009-06-08,11.68,12.78,11.22,12.78,11909265.0,110412720.0
2009-06-09,12.77,13.46,12.03,12.57,10247110.0,98345936.0
2009-06-10,12.47,13.05,12.18,12.47,4934801.0,47246632.0
2009-06-11,12.41,12.63,12.01,12.16,3964820.0,36960068.0
2009-06-12,12.3,13.37,12.13,12.78,8597979.0,83757520.0
2009-06-15,12.69,12.94,12.13,12.82,5390859.0,51100272.0
2009-06-16,12.67,13.73,12.65,13.64,7318007.0,73599160.0
2009-06-17,13.37,13.93,13.24,13.49,5235691.0,53755936.0
2009-06-18,13.4,13.64,13.12,13.32,5767281.0,58170024.0
2009-06-19,13.2,13.52,12.94,13.32,5189353.0,51766388.0
2009-06-22,13.35,14.52,13.2,13.86,7799351.0,82998392.0
2009-06-23,13.49,14.92,13.33,14.69,9050976.0,99099392.0
2009-06-24,14.65,16.16,14.26,15.59,12298569.0,143948784.0
2009-06-25,15.67,16.36,15.44,15.79,12730635.0,153554032.0
2009-06-26,15.84,17.03,15.44,16.96,12734330.0,158003712.0
2009-06-29,16.71,17.56,16.37,16.42,12752780.0,163251968.0
2009-06-30,16.49,16.61,15.11,15.7,13060293.0,155703808.0
2009-07-01,15.65,15.97,15.27,15.75,7803411.0,92658280.0
2009-07-02,15.55,15.81,14.66,14.82,19005584.0,216790912.0
2009-07-03,14.66,15.38,14.65,15.23,17007000.0,192775696.0
2009-07-06,15.23,15.59,14.77,15.56,16063972.0,185813376.0
2009-07-07,15.64,17.05,15.4,16.74,18499382.0,228864720.0
2009-07-08,16.54,17.75,16.54,17.62,15691819.0,207664000.0
2009-07-09,17.57,18.47,17.23,17.81,12141150.0,162184944.0
2009-07-10,18.04,19.27,18.04,18.98,13904400.0,197184848.0
2009-07-13,19.02,19.25,18.22,18.97,14797536.0,210576800.0
2009-07-14,19.01,19.93,19.01,19.64,15577627.0,230492032.0
2009-07-15,19.71,19.8,19.13,19.48,9805340.0,144591136.0
2009-07-16,19.67,19.8,19.25,19.64,6641163.0,98093704.0
2009-07-17,19.68,20.79,19.68,20.5,10315658.0,160150864.0
2009-07-20,20.66,21.4,20.49,20.84,13180918.0,208738592.0
2009-07-21,20.46,20.68,18.76,18.76,15058056.0,222469152.0
2009-07-22,18.84,20.54,17.56,20.14,29272556.0,421860736.0
2009-07-23,19.8,20.26,19.54,20.0,13744138.0,206587504.0
2009-07-24,20.01,20.26,18.74,19.11,19250180.0,279808928.0
2009-07-27,19.11,19.79,19.1,19.43,13684568.0,199808368.0
2009-07-28,19.43,20.46,19.43,20.26,17702168.0,270911616.0
2009-07-29,20.26,21.44,18.24,20.5,26399205.0,413047878.0
2009-07-30,20.72,21.38,18.45,20.83,20344712.0,315780704.0
2009-07-31,20.9,22.91,20.41,22.91,26847848.0,448723456.0
2009-08-03,22.44,23.32,21.66,22.45,23619628.0,404621536.0
2009-08-04,22.45,22.56,21.29,22.16,13627378.0,226171920.0
2009-08-05,22.2,23.32,21.93,23.1,15255011.0,262837760.0
2009-08-06,22.97,23.89,22.45,23.0,12417691.0,218647168.0
2009-08-07,22.74,22.94,21.38,21.5,11297740.0,188764240.0
2009-08-10,21.19,21.78,19.77,20.58,11683891.0,182847488.0
2009-08-11,20.72,21.08,20.13,20.43,6512390.0,100219872.0
2009-08-12,20.43,20.51,18.48,19.39,12294807.0,182108144.0
2009-08-13,19.25,19.5,18.69,18.92,4227669.0,60953840.0
2009-08-14,18.92,19.23,17.45,18.0,8463137.0,116875400.0
2009-08-17,17.4,18.56,17.0,17.48,9058519.0,123238472.0
2009-08-18,17.49,18.44,17.29,18.03,6874443.0,93217352.0
2009-08-19,17.83,18.9,17.83,18.2,6789005.0,94317936.0
2009-08-20,18.24,19.51,17.95,19.4,7463332.0,105307296.0
2009-08-21,19.21,19.83,18.74,19.51,8930674.0,131388712.0
2009-08-24,19.4,19.4,18.68,19.14,7943876.0,114645000.0
2009-08-25,18.94,18.98,18.08,18.57,6651583.0,93345648.0
2009-08-26,18.73,20.43,18.66,20.43,11776057.0,176244592.0
2009-08-27,19.97,21.36,19.83,21.23,12748293.0,201810992.0
2009-08-28,21.08,21.19,20.33,20.62,7530368.0,118376400.0
2009-08-31,20.34,20.39,18.64,18.76,5875703.0,85891936.0
2009-09-01,17.82,19.21,17.82,18.57,3277187.0,46523140.0
2009-09-02,18.35,19.8,18.35,19.26,3385282.0,49233300.0
2009-09-03,19.67,20.33,19.07,19.97,10005791.0,149983840.0
2009-09-04,19.93,20.96,19.83,20.61,10179736.0,158170064.0
2009-09-07,20.54,21.25,20.34,20.76,7581807.0,119467384.0
2009-09-08,20.82,21.3,20.43,20.82,5483567.0,86955168.0
2009-09-09,20.68,21.07,20.47,20.84,5430531.0,85466136.0
2009-09-10,20.86,21.71,20.86,21.37,10167660.0,164934960.0
2009-09-11,21.36,21.54,21.16,21.23,6012970.0,97181240.0
2009-09-14,21.12,21.54,20.98,21.24,6300606.0,101512488.0
2009-09-15,21.25,23.31,21.12,22.49,12895413.0,216704160.0
2009-09-16,22.31,22.52,21.78,22.03,7100020.0,118797888.0
2009-09-17,22.04,22.4,21.75,21.93,7327793.0,122403224.0
2009-09-18,22.02,22.31,20.72,21.02,6174482.0,101229568.0
2009-09-21,21.07,21.48,20.47,21.46,4692076.0,75126672.0
2009-09-22,21.65,22.27,21.27,21.48,6368773.0,105473744.0
2009-09-23,21.54,21.85,20.86,20.87,4790772.0,76901408.0
2009-09-24,20.72,21.0,19.8,20.66,4026256.0,62537888.0
2009-09-25,20.82,21.02,20.09,20.87,3105656.0,48412592.0
2009-09-28,20.92,22.4,20.86,21.08,12466612.0,206092992.0
2009-09-29,21.2,21.54,20.83,21.4,6304350.0,101072176.0
2009-10-09,22.02,22.4,21.45,22.03,5370729.0,89495256.0
2009-10-12,22.36,22.36,20.96,20.98,8352880.0,136530256.0
2009-10-13,21.0,21.0,19.73,20.55,7407148.0,113961824.0
2009-10-14,20.55,21.46,20.06,21.41,8632087.0,135705904.0
2009-10-15,21.44,21.71,20.93,21.02,6273827.0,101534936.0
2009-10-16,21.24,21.36,20.58,21.3,4593032.0,72877552.0
2009-10-19,21.25,21.78,20.93,21.59,6311408.0,102369128.0
2009-10-20,21.66,22.43,21.45,21.98,9507275.0,158675120.0
2009-10-21,22.04,23.97,21.85,23.29,15798935.0,274349856.0
2009-10-22,22.91,25.32,22.84,24.8,15887261.0,291057312.0
2009-10-23,24.68,24.7,23.51,24.01,22104510.0,401826208.0
2009-10-26,23.5,24.0,22.51,22.9,17322870.0,302961248.0
2009-10-27,22.9,23.23,22.4,22.44,8277855.0,142751040.0
2009-10-28,22.24,23.14,22.22,23.1,6768974.0,117083456.0
2009-10-29,22.97,22.97,21.78,22.18,5367474.0,91239400.0
2009-10-30,22.3,22.85,22.15,22.37,4318377.0,73480008.0
2009-11-02,21.91,22.56,21.38,22.2,4894484.0,81794968.0
2009-11-03,22.37,23.0,22.24,22.91,6483538.0,111307784.0
2009-11-04,22.68,23.05,22.44,22.7,4068694.0,69810416.0
2009-11-05,22.59,22.84,22.31,22.49,4698725.0,80128344.0
2009-11-06,22.49,22.91,22.32,22.76,5401658.0,92496168.0
2009-11-09,22.81,23.57,22.81,23.15,6770568.0,118747936.0
2009-11-10,23.69,23.69,22.84,22.91,4778564.0,83403344.0
2009-11-11,22.93,22.95,22.44,22.8,4416571.0,75689200.0
2009-11-12,22.81,23.1,22.51,22.64,4037775.0,69805744.0
2009-11-13,22.55,22.88,22.41,22.6,4083875.0,69858608.0
2009-11-16,22.77,23.1,22.65,22.85,5171662.0,89609568.0
2009-11-17,22.85,23.46,22.81,23.35,7374704.0,129714408.0
2009-11-18,23.32,24.02,23.32,23.69,7407632.0,133265856.0
2009-11-19,23.76,24.14,23.3,23.6,6197713.0,111115744.0
2009-11-20,23.55,23.57,23.17,23.34,5372639.0,94950480.0
2009-11-23,23.32,25.61,23.3,25.3,14175090.0,263944656.0
2009-11-24,25.34,25.54,23.51,23.69,11552191.0,215265600.0
2009-11-25,23.56,26.07,23.56,26.07,16229688.0,311624672.0
2009-11-26,26.36,27.52,24.22,24.5,29234540.0,565002496.0
2009-11-27,23.76,24.76,23.23,23.87,10047297.0,181862752.0
2009-11-30,23.87,26.02,23.87,25.55,10855376.0,206550144.0
2009-12-01,25.54,27.52,25.34,26.47,18919624.0,381568768.0
2009-12-02,26.4,27.34,25.87,26.37,13637331.0,274274656.0
2009-12-03,26.33,27.02,25.94,26.55,6733899.0,134767168.0
2009-12-04,26.8,26.8,24.66,25.05,12254192.0,236197648.0
2009-12-07,24.82,25.0,24.2,24.58,8740805.0,162756560.0
2009-12-08,24.12,24.35,23.47,24.06,12570563.0,228253968.0
2009-12-09,24.0,25.48,23.63,25.25,12659458.0,239599312.0
2009-12-10,25.34,26.44,25.32,25.65,9670859.0,189460656.0
2009-12-11,25.87,27.73,25.61,27.56,18610740.0,376343968.0
2009-12-14,27.43,29.04,26.99,28.46,25551112.0,545314240.0
2009-12-15,28.91,30.8,28.51,30.19,23139244.0,523554176.0
2009-12-16,29.44,29.99,29.04,29.3,16931784.0,378310784.0
2009-12-17,29.28,30.65,29.28,29.52,8781402.0,199933984.0
2009-12-18,29.05,30.16,27.92,29.96,9333082.0,206217040.0
2009-12-21,29.54,30.64,29.44,29.74,4040901.0,91311560.0
2009-12-22,29.96,30.61,29.44,29.84,6040822.0,137333392.0
2009-12-23,29.73,30.27,28.38,29.27,7624200.0,167964432.0
2009-12-24,29.46,30.16,29.21,30.12,5827044.0,131856944.0
2009-12-25,30.1,30.59,29.77,30.25,7415619.0,170362576.0
2009-12-28,30.21,33.28,30.1,33.28,13098530.0,322072672.0
2009-12-29,33.66,33.91,32.66,33.12,7128055.0,178425392.0
2009-12-30,33.16,33.62,32.22,33.17,5835660.0,145632800.0
2009-12-31,33.24,36.08,33.13,34.85,6726758.0,175376480.0
2010-02-03,31.36,31.36,31.36,31.36,3303800.0,78498288.0
2010-02-04,28.25,32.72,28.25,29.52,11316519.0,258846880.0
2010-02-05,28.1,28.74,26.56,27.4,9352971.0,193975632.0
2010-02-08,26.4,28.18,26.4,26.91,4576202.0,95588624.0
2010-02-09,26.78,27.35,26.2,27.05,2950154.0,60039024.0
2010-02-10,27.14,27.32,26.61,26.65,2227104.0,45343172.0
2010-02-11,26.7,26.8,25.46,25.5,5237524.0,102672480.0
2010-02-12,25.41,25.99,25.28,25.86,2931331.0,56918384.0
2010-02-22,25.87,27.8,25.87,27.5,5888288.0,120692832.0
2010-02-23,27.59,28.25,27.09,27.67,3754685.0,78649960.0
2010-02-24,27.4,27.96,27.26,27.59,3093293.0,64470596.0
2010-02-25,27.69,28.18,27.07,28.05,4821335.0,101044056.0
2010-02-26,27.91,28.5,27.69,28.34,3431876.0,73420056.0
2010-03-01,28.3,29.38,28.12,28.99,3776636.0,83227584.0
2010-03-02,28.7,29.24,27.96,28.2,4012743.0,86427816.0
2010-03-03,28.22,28.61,27.84,28.14,3646805.0,77667728.0
2010-03-04,28.33,29.16,27.98,28.2,4305670.0,92861232.0
2010-03-05,28.2,28.55,27.69,28.34,2599803.0,55450644.0
2010-03-08,28.23,28.62,27.88,28.12,2531057.0,54190632.0
2010-03-09,28.5,28.62,27.96,28.25,2009810.0,42930580.0
2010-03-10,28.45,28.45,27.56,27.97,2932686.0,61991812.0
2010-03-11,27.92,28.22,26.64,26.78,3074211.0,63326420.0
2010-03-12,26.88,26.89,25.36,25.75,2688040.0,52832504.0
2010-03-15,25.61,26.93,24.2,26.82,3415445.0,66852696.0
2010-03-16,26.78,27.13,26.41,26.84,1914373.0,38937668.0
2010-03-17,27.19,27.59,26.93,27.44,1843437.0,38221552.0
2010-03-18,27.44,28.05,27.44,27.85,2601016.0,54674864.0
2010-03-19,28.25,28.25,27.44,27.72,1763018.0,37021196.0
2010-03-22,27.72,28.1,27.56,27.59,1676299.0,35235512.0
2010-03-23,27.72,27.98,27.03,27.09,1750875.0,36138264.0
2010-03-24,27.39,27.59,26.37,26.61,3052327.0,61737212.0
2010-03-25,26.47,26.47,25.57,25.62,2496868.0,48925980.0
2010-03-26,26.06,26.64,25.66,26.23,1783266.0,35488604.0
2010-03-29,26.61,26.85,26.14,26.16,1924963.0,38549676.0
2010-03-30,26.45,26.47,25.94,26.21,1729457.0,34332488.0
2010-03-31,26.4,26.4,25.96,26.04,2008152.0,39710236.0
2010-04-01,26.14,27.19,25.85,27.15,4687180.0,94463848.0
2010-04-02,27.15,27.17,26.36,26.43,4301113.0,86942200.0
2010-04-06,26.77,26.77,26.14,26.2,3000196.0,59768928.0
2010-04-07,26.23,26.9,25.91,26.73,4701187.0,94011056.0
2010-04-08,26.61,26.61,26.23,26.3,2694274.0,53800028.0
2010-04-09,26.51,26.51,26.06,26.35,2349509.0,46754952.0
2010-04-12,26.45,26.45,26.07,26.19,2523445.0,50099480.0
2010-04-13,26.0,26.43,25.33,26.24,4177644.0,82247184.0
2010-04-14,26.27,26.84,25.94,26.73,5396310.0,108593896.0
2010-04-15,26.73,26.94,26.14,26.2,2413843.0,48283700.0
2010-04-16,26.21,26.4,26.03,26.04,2169861.0,42992584.0
2010-04-19,26.14,26.14,24.42,24.51,3367725.0,64668968.0
2010-04-20,24.72,25.05,24.37,24.68,2025763.0,37830536.0
2010-04-21,24.57,25.29,24.53,25.13,3245893.0,61105852.0
2010-04-22,25.13,25.29,24.83,24.88,2293764.0,43472780.0
2010-04-23,24.89,25.17,24.26,24.42,2688212.0,49907432.0
2010-04-26,24.95,26.06,24.83,25.82,5580342.0,108366880.0
2010-04-28,25.21,25.34,24.42,25.24,2816789.0,53182516.0
2010-04-29,25.19,25.21,23.93,24.04,2218531.0,41400976.0
2010-04-30,23.63,23.76,22.4,22.7,3176722.0,54568552.0
2010-05-04,22.7,23.22,22.04,22.84,1606050.0,27510116.0
2010-05-05,22.81,23.21,22.18,23.18,1568037.0,27188508.0
2010-05-06,23.63,24.09,23.05,23.07,1990511.0,35616392.0
2010-05-07,23.69,23.69,22.59,23.35,1625486.0,28727580.0
2010-05-10,23.11,23.61,22.2,22.73,1652996.0,28638550.0
2010-05-11,22.97,23.22,21.69,22.51,1699957.0,29127778.0
2010-05-12,22.19,22.57,21.2,21.87,1719614.0,28324260.0
2010-05-13,21.9,21.98,21.12,21.87,2023231.0,33013384.0
2010-05-14,21.86,21.86,21.38,21.41,1059858.0,17310276.0
2010-05-17,21.12,23.19,21.12,21.74,3870280.0,65207284.0
2010-05-18,21.75,22.1,21.12,21.81,1815893.0,29810412.0
2010-05-19,21.42,22.7,21.12,22.57,2728263.0,45484880.0
2010-05-20,22.45,23.98,22.23,23.76,5229370.0,92191896.0
2010-05-21,23.1,24.88,22.64,24.54,6285281.0,114792120.0
2010-05-24,24.55,25.2,24.46,25.0,4560765.0,85995528.0
2010-05-25,24.99,25.01,24.46,24.59,2807951.0,52568736.0
2010-05-26,24.59,25.08,24.49,24.79,2001157.0,37463004.0
2010-05-27,24.68,24.86,24.0,24.5,2099822.0,38835232.0
2010-05-28,24.58,25.28,24.22,25.01,3735497.0,70404936.0
2010-05-31,24.75,25.05,22.97,23.1,2981962.0,54666208.0
2010-06-01,22.98,23.59,22.19,22.68,1835065.0,31686514.0
2010-06-02,22.61,23.09,22.25,22.85,1414336.0,24199550.0
2010-06-03,22.86,23.17,22.44,22.56,1411741.0,24459452.0
2010-06-04,22.47,23.06,22.44,22.9,791409.0,13607931.0
2010-06-07,22.65,22.86,22.24,22.55,1422000.0,24248284.0
2010-06-08,22.53,22.7,22.31,22.57,1738835.0,29635028.0
2010-06-09,22.69,23.3,22.52,23.25,1614860.0,28033992.0
2010-06-10,23.29,23.68,22.98,23.36,1806166.0,32051616.0
2010-06-11,23.5,24.2,23.43,24.17,2245217.0,40566848.0
2010-06-17,24.3,24.46,23.88,24.05,1948335.0,35576632.0
2010-06-18,24.09,24.09,23.03,23.22,1530081.0,27248524.0
2010-06-21,23.23,23.59,22.84,23.47,1496773.0,26280390.0
2010-06-22,23.36,24.0,23.35,23.92,1309303.0,23577132.0
2010-06-23,23.8,24.09,23.11,23.93,1443717.0,25900024.0
2010-06-24,24.0,24.0,23.5,23.8,1214681.0,21835992.0
2010-06-25,23.68,23.98,23.38,23.59,912018.0,16405014.0
2010-06-28,23.76,23.76,23.17,23.19,735577.0,13037424.0
2010-06-29,23.1,23.35,21.89,21.91,1685781.0,28699322.0
2010-06-30,21.91,22.15,21.38,21.74,1025547.0,16819448.0
2010-07-01,22.04,22.24,21.62,22.02,1020024.0,17010072.0
2010-07-02,22.11,22.77,21.93,22.61,1876616.0,31961940.0
2010-07-05,22.64,22.64,21.87,22.35,715821.0,12142175.0
2010-07-06,22.34,22.73,22.31,22.64,816268.0,13915328.0
2010-07-07,22.64,22.88,22.44,22.72,740913.0,12729422.0
2010-07-08,22.84,22.97,22.18,22.18,662884.0,11289646.0
2010-07-09,22.24,22.9,22.2,22.78,838314.0,14384097.0
2010-07-12,22.78,23.19,22.68,22.82,1179108.0,20471690.0
2010-07-13,23.02,23.06,22.57,22.85,1211160.0,20928812.0
2010-07-14,22.85,24.41,22.69,23.5,2526448.0,45197136.0
2010-07-15,23.35,24.37,23.29,24.01,2747157.0,50064628.0
2010-07-16,24.1,24.98,23.76,24.95,6532589.0,121374424.0
2010-07-19,24.88,25.53,24.53,25.07,4840092.0,92388400.0
2010-07-20,24.95,25.29,24.8,25.13,3254772.0,61656316.0
2010-07-21,25.05,26.39,25.03,25.56,5065974.0,98863024.0
2010-07-22,25.41,25.74,24.82,25.42,2576950.0,49436072.0
2010-07-23,25.34,25.5,24.74,24.76,2995551.0,56640596.0
2010-07-26,25.07,25.73,24.89,25.66,3980000.0,76309000.0
2010-07-27,25.67,26.22,25.48,25.9,3004358.0,59194460.0
2010-07-28,25.74,26.77,25.62,26.53,3882533.0,77820088.0
2010-07-29,26.53,26.78,26.14,26.18,3530192.0,70540936.0
2010-07-30,26.14,26.89,25.95,26.66,2841942.0,57178352.0
2010-08-02,26.66,28.31,26.66,27.83,5599952.0,117482288.0
2010-08-03,27.88,28.25,27.3,27.47,3848728.0,80746672.0
2010-08-04,27.31,28.05,27.17,27.85,3073604.0,64625392.0
2010-08-05,27.87,28.45,27.5,27.8,4773125.0,101317680.0
2010-08-06,27.69,28.38,27.06,28.29,3452137.0,72273544.0
2010-08-09,28.53,29.03,28.21,28.38,3315369.0,71656048.0
2010-08-10,28.31,28.57,27.29,27.31,2785041.0,58782648.0
2010-08-11,27.13,27.65,26.99,27.15,2752557.0,56920408.0
2010-08-12,26.99,27.31,26.76,27.19,1920715.0,39375188.0
2010-08-13,27.19,27.56,27.05,27.51,1493648.0,30909084.0
2010-08-16,27.72,28.59,27.54,28.25,2734759.0,58452744.0
2010-08-17,28.25,28.47,27.93,28.25,2091023.0,44510460.0
2010-08-18,28.54,28.54,28.0,28.25,1788477.0,38168260.0
2010-08-19,28.26,29.37,28.17,28.79,6948872.0,151880272.0
2010-08-20,28.8,29.28,28.06,28.26,3120091.0,67745992.0
2010-08-23,28.14,28.35,27.85,28.16,2523609.0,53664600.0
2010-08-24,28.1,28.34,27.72,28.31,1846345.0,39224764.0
2010-08-25,28.12,28.31,27.71,27.76,2553611.0,53794960.0
2010-08-26,27.85,27.96,27.35,27.52,1509351.0,31530618.0
2010-08-27,27.48,29.7,27.48,29.04,8841001.0,194194352.0
2010-08-30,29.67,31.94,29.27,31.94,16702558.0,393275904.0
2010-08-31,31.02,32.82,31.02,32.21,13171359.0,321641600.0
2010-09-01,31.98,32.8,31.75,32.71,7383961.0,180706112.0
2010-09-02,32.71,34.19,32.3,33.48,9598773.0,242444192.0
2010-09-03,33.4,33.63,32.26,32.66,7100607.0,176980832.0
2010-09-06,32.95,33.12,31.52,32.33,8690754.0,211265040.0
2010-09-07,32.46,35.56,32.22,34.8,17101860.0,446722912.0
2010-09-08,34.16,35.76,33.92,34.97,12991261.0,342853024.0
2010-09-09,35.11,37.69,35.11,37.19,20686960.0,573059136.0
2010-09-10,36.63,37.88,36.45,37.29,8276599.0,233396944.0
2010-09-13,37.69,38.28,37.16,37.8,8735733.0,249169904.0
2010-09-14,37.09,38.0,36.89,36.92,6863811.0,193804112.0
2010-09-15,36.96,38.15,35.87,36.06,7095312.0,198174576.0
2010-09-16,36.1,37.42,35.87,36.95,5143376.0,142619824.0
2010-09-17,37.36,39.3,36.43,38.66,8202061.0,236411712.0
2010-09-20,38.41,39.57,38.0,38.29,5689515.0,167986432.0
2010-09-21,38.21,38.81,36.0,37.44,6054939.0,171060016.0
2010-09-27,38.02,38.81,36.59,38.41,5597414.0,160303232.0
2010-09-28,38.27,40.33,37.33,39.11,10345209.0,306762496.0
2010-09-29,38.68,39.86,38.68,39.69,6596906.0,197428656.0
2010-09-30,39.35,42.87,39.35,42.24,7309593.0,230654032.0
2010-10-08,43.56,46.47,42.85,46.37,10878164.0,378571968.0
2010-10-11,46.16,48.03,45.48,45.87,13547061.0,479033760.0
2010-10-12,45.69,49.1,45.58,48.72,5790452.0,206911040.0
2010-10-13,48.25,50.16,47.65,49.4,5003553.0,185340368.0
2010-10-14,50.16,51.22,46.46,46.89,6230392.0,228463040.0
2010-10-15,46.69,49.69,44.62,47.52,7292843.0,262905072.0
2010-10-18,47.36,49.57,44.68,44.88,7610071.0,274794912.0
2010-10-19,45.16,46.6,44.35,46.56,3725987.0,128845552.0
2010-10-20,44.22,48.55,42.24,47.43,8019939.0,276322336.0
2010-10-21,47.39,50.65,46.93,50.16,6494689.0,241340352.0
2010-10-22,50.13,51.48,48.96,49.8,5235614.0,197846112.0
2010-10-25,49.63,51.09,48.84,50.32,5776592.0,217287168.0
2010-10-26,50.28,51.09,48.55,48.95,6024604.0,226608416.0
2010-10-27,47.93,48.84,46.2,46.98,8644047.0,307961152.0
2010-10-28,46.99,47.92,45.82,47.12,4730060.0,167456736.0
2010-10-29,47.65,50.23,47.65,49.5,7460238.0,277758752.0
2010-11-01,50.77,54.37,50.29,53.92,8557318.0,339147744.0
2010-11-02,53.92,56.75,52.6,53.87,7120771.0,292940768.0
2010-11-03,53.61,55.18,52.01,52.33,4618793.0,186209920.0
2010-11-04,52.33,53.99,52.33,53.73,3526203.0,141667408.0
2010-11-05,57.17,57.95,53.99,55.85,5579142.0,234239536.0
2010-11-08,55.64,56.73,54.25,56.13,4999357.0,210397328.0
2010-11-09,56.13,57.92,55.44,57.16,5024683.0,216038560.0
2010-11-10,57.02,57.02,54.2,55.18,4743464.0,199491184.0
2010-11-11,54.12,56.07,52.67,54.11,5583843.0,228563584.0
2010-11-12,53.41,53.41,49.34,50.37,5652454.0,220369472.0
2010-11-15,50.37,50.68,45.78,48.47,4702561.0,171027984.0
2010-11-16,48.58,49.57,45.73,46.0,4948859.0,179449392.0
2010-11-17,43.56,47.35,43.56,47.19,5939592.0,205456736.0
2010-11-18,49.36,49.36,46.47,48.97,6339313.0,231909840.0
2010-11-19,48.87,49.21,46.73,49.16,4278989.0,156724880.0
2010-11-22,47.92,51.3,47.92,50.54,4693987.0,178116880.0
2010-11-23,50.69,50.98,48.99,50.6,3133975.0,118556544.0
2010-11-24,51.22,55.28,50.6,53.38,4122332.0,167232880.0
2010-11-25,53.46,54.38,52.67,52.93,3008671.0,121396768.0
2010-11-26,52.93,53.99,52.21,52.97,2173525.0,87143776.0
2010-11-30,52.97,52.97,48.73,51.07,3624653.0,139624064.0
2010-12-01,51.47,53.62,51.07,53.0,2959849.0,117906944.0
2010-12-02,53.96,54.37,52.27,52.64,2583109.0,104110184.0
2010-12-03,53.46,53.46,50.28,50.91,2340133.0,90885344.0
2010-12-06,52.01,52.14,50.78,51.57,2164749.0,84642304.0
2010-12-07,51.82,52.8,50.0,51.49,3699748.0,143112144.0
2010-12-08,51.22,51.99,50.93,51.02,2481342.0,96728232.0
2010-12-09,50.82,51.22,47.86,48.68,2837676.0,106620776.0
2010-12-10,48.3,50.28,47.68,50.17,3555999.0,133863424.0
2010-12-13,49.9,50.82,49.63,50.6,3542649.0,134928384.0
2010-12-14,50.17,50.53,48.18,49.17,4207688.0,156806848.0
2010-12-15,48.91,49.7,48.58,49.18,2052310.0,76283176.0
2010-12-16,49.63,49.83,48.84,49.0,1123549.0,41852372.0
2010-12-17,49.0,49.1,44.59,45.36,9204580.0,322713920.0
2010-12-21,44.63,44.75,40.85,42.69,19120632.0,612545984.0
2010-12-22,42.47,42.47,40.2,41.07,10147204.0,317677376.0
2010-12-23,41.17,41.59,40.01,40.41,5859820.0,181026352.0
2010-12-24,40.26,40.26,37.83,38.2,7003769.0,204485328.0
2010-12-27,38.28,38.65,36.3,36.47,6756039.0,192561232.0
2010-12-28,36.31,36.39,34.33,34.64,11326700.0,304063488.0
2010-12-29,35.23,36.06,34.65,35.92,8334799.0,224082848.0
2010-12-30,35.64,36.04,35.06,35.68,6475316.0,174404352.0
2010-12-31,35.72,36.52,35.35,35.84,5834864.0,159325456.0
2011-01-04,36.16,36.29,35.51,35.94,5751836.0,155950000.0
2011-01-05,35.94,35.94,34.28,34.51,7547109.0,198577056.0
2011-01-06,34.22,37.95,33.79,37.95,13515785.0,373945728.0
2011-01-07,38.02,40.34,37.07,38.86,15331599.0,451875872.0
2011-01-10,39.2,39.2,37.63,38.33,5861091.0,169820544.0
2011-01-11,38.37,38.48,37.44,38.04,3620565.0,104049232.0
2011-01-12,38.28,38.48,37.57,37.91,4065022.0,116730784.0
2011-01-13,37.25,38.98,37.25,37.99,4842211.0,140892272.0
2011-01-14,37.65,38.48,37.54,37.63,4530700.0,130154896.0
2011-01-17,37.36,38.33,33.87,37.75,10449585.0,283598016.0
2011-01-18,36.83,37.0,35.57,36.6,2747840.0,75868192.0
2011-01-19,36.96,38.72,35.64,37.5,4140733.0,117969256.0
2011-01-20,37.29,37.29,34.98,35.06,3161227.0,85979216.0
2011-01-21,34.44,34.7,32.34,32.71,7334061.0,186463952.0
2011-01-24,32.68,32.71,30.16,30.45,9684601.0,227472144.0
2011-01-25,29.96,30.84,29.27,30.47,4997237.0,113425680.0
2011-01-26,30.36,31.88,30.36,30.93,4966887.0,117565736.0
2011-01-27,30.8,31.27,30.16,31.01,4252986.0,99337976.0
2011-01-28,30.8,32.66,30.49,31.69,3797606.0,91126528.0
2011-01-31,32.17,34.86,31.28,34.86,6376040.0,163922480.0
2011-02-01,34.85,35.61,34.45,35.48,6145468.0,162497936.0
2011-02-09,35.05,35.96,33.88,34.33,7898569.0,206889792.0
2011-02-10,34.06,35.22,33.79,35.07,5457617.0,142706800.0
2011-02-11,35.09,35.47,34.6,34.68,4279340.0,113229208.0
2011-02-14,34.69,37.87,34.58,36.96,9562902.0,264383296.0
2011-02-15,36.96,38.49,36.74,37.21,6149489.0,174625632.0
2011-02-17,38.28,40.37,38.28,39.26,7734759.0,231339504.0
2011-02-18,39.42,41.21,39.34,39.63,7196327.0,219832240.0
2011-02-21,39.44,40.67,38.66,40.63,5391660.0,164019008.0
2011-02-22,40.63,42.74,40.26,41.82,10102700.0,320544608.0
2011-02-23,41.79,45.21,41.58,44.79,9116036.0,301724384.0
2011-02-24,44.83,45.12,43.03,43.74,6649844.0,220812336.0
2011-02-25,43.65,43.96,41.58,42.56,4927071.0,158916544.0
2011-03-28,42.87,46.81,42.39,46.81,15695542.0,543993984.0
2011-03-29,48.38,49.87,46.53,47.69,12558232.0,458886176.0
2011-03-30,47.44,48.41,43.03,47.41,7845675.0,274697056.0
2011-03-31,46.7,47.86,44.23,45.58,5139551.0,181293968.0
2011-04-01,44.04,44.22,41.03,41.19,10755438.0,343430368.0
2011-04-06,40.52,42.04,39.84,39.96,11377850.0,351324608.0
2011-04-07,40.01,41.79,39.07,41.17,10064584.0,306490592.0
2011-04-08,40.66,41.09,40.22,40.72,5062535.0,155948576.0
2011-04-11,40.52,40.52,39.34,39.48,4863013.0,146266464.0
2011-04-12,39.01,39.07,36.96,37.46,7341120.0,210703632.0
2011-04-13,37.49,38.99,37.49,38.58,5184914.0,150368288.0
2011-04-14,39.59,39.59,37.88,38.91,3797649.0,111358744.0
2011-04-15,38.55,40.25,38.55,40.22,5454727.0,164627424.0
2011-04-19,39.43,39.43,37.24,37.75,7239023.0,208712368.0
2011-04-20,37.42,39.8,36.83,39.55,6667904.0,192759792.0
2011-04-21,39.44,42.44,38.76,41.49,8709935.0,271131232.0
2011-04-22,41.19,41.44,38.91,39.02,6479143.0,197765760.0
2011-04-25,38.28,39.89,38.03,38.47,5655065.0,168422832.0
2011-04-26,38.12,39.05,37.62,37.66,2543732.0,73571832.0
2011-04-27,37.65,38.25,36.54,36.8,7544228.0,212220784.0
2011-04-29,35.38,39.32,34.77,38.55,3677725.0,105805736.0
2011-05-03,38.28,39.97,38.02,39.22,3323847.0,98830568.0
2011-05-04,39.07,39.53,38.29,39.45,3335314.0,98868272.0
2011-05-05,39.31,40.35,38.73,39.81,4799549.0,145229280.0
2011-05-06,40.18,40.18,38.94,39.59,3353164.0,100223736.0
2011-05-09,40.66,41.57,40.0,40.34,3792576.0,116171856.0
2011-05-10,39.9,40.67,39.1,40.33,3746765.0,113021232.0
2011-05-11,39.69,40.79,39.34,40.33,3257194.0,98965568.0
2011-05-12,40.12,42.24,39.8,41.98,6961493.0,219052928.0
2011-05-13,41.98,42.23,41.38,42.0,3882584.0,123032384.0
2011-05-16,41.58,42.77,41.55,42.21,3062017.0,97957944.0
2011-05-17,42.21,42.57,41.4,41.84,2653786.0,84487616.0
2011-05-18,41.66,41.66,40.39,40.5,2589161.0,79825408.0
2011-05-19,40.5,41.17,39.96,40.02,1909651.0,58582216.0
2011-05-20,39.87,41.17,39.8,40.47,1429819.0,43934636.0
2011-05-23,40.56,40.68,36.42,36.42,5820645.0,166766608.0
2011-05-24,35.97,35.97,32.78,33.41,12737147.0,323559584.0
2011-05-25,31.83,33.23,31.15,32.12,10441116.0,254484256.0
2011-05-26,32.14,32.34,28.91,28.91,15014071.0,341691776.0
2011-05-27,28.39,28.91,26.44,26.78,10868433.0,225185072.0
2011-05-30,26.78,27.43,25.52,26.44,8701982.0,173586656.0
2011-05-31,26.11,28.74,25.94,28.16,8817981.0,184115040.0
2011-06-01,27.96,30.61,27.73,30.31,8975180.0,201261472.0
2011-06-02,29.83,31.26,29.09,29.96,9243334.0,211310256.0
2011-06-03,30.49,31.02,29.37,30.68,6285694.0,144960608.0
2011-06-07,30.36,31.42,30.04,30.98,4615695.0,108214536.0
2011-06-08,31.26,31.26,30.12,30.81,3778182.0,87801640.0
2011-06-09,30.72,30.97,30.06,30.1,3736782.0,85865744.0
2011-06-10,29.95,31.93,29.73,31.69,6735319.0,158664176.0
2011-06-13,31.68,34.23,31.42,33.78,8316884.0,209440496.0
2011-06-14,33.38,35.36,33.38,33.66,7936363.0,206533248.0
2011-06-15,33.66,34.45,33.42,34.2,4084346.0,105583424.0
2011-06-16,34.16,35.97,33.55,35.42,7313529.0,195706064.0
2011-06-17,35.23,35.79,34.53,34.89,5593675.0,149151504.0
2011-06-20,34.27,34.27,31.4,31.4,3575101.0,86211312.0
2011-06-21,28.26,28.26,28.26,28.26,5667300.0,121336896.0
2011-06-24,27.75,31.01,25.44,30.14,18196100.0,393241952.0
2011-06-27,29.17,30.21,28.64,29.73,10107240.0,225704896.0
2011-06-28,29.57,31.06,29.2,30.07,6955391.0,159223248.0
2011-06-29,29.73,29.73,28.38,29.13,8474100.0,187434512.0
2011-06-30,28.89,30.49,28.59,29.64,8563162.0,193563024.0
2011-07-01,30.1,30.49,29.46,30.45,7034678.0,160754272.0
2011-07-04,30.59,31.18,30.27,30.76,6712975.0,156068608.0
2011-07-05,30.49,32.02,30.16,31.61,7915273.0,186845968.0
2011-07-06,31.47,32.46,31.15,31.77,7668152.0,184710336.0
2011-07-07,31.42,32.83,31.42,32.29,6967985.0,170594832.0
2011-07-08,32.45,32.74,31.75,32.49,4442406.0,108773624.0
2011-07-11,31.81,33.79,31.75,33.27,6094166.0,152322512.0
2011-07-12,33.27,33.53,30.49,31.11,8968276.0,218236112.0
2011-07-13,31.11,32.01,31.02,31.83,5830683.0,139657088.0
2011-07-14,32.18,32.34,31.43,31.67,3010798.0,72513752.0
2011-07-15,32.01,32.18,31.13,31.77,5439402.0,129742472.0
2011-07-18,31.92,33.79,31.52,33.28,9625332.0,238959264.0
2011-07-19,33.16,33.5,32.49,33.04,4966822.0,124190800.0
2011-07-20,33.04,33.77,32.9,33.5,6271578.0,158796608.0
2011-07-21,33.53,34.43,33.33,34.19,9778787.0,251503840.0
2011-07-22,33.96,34.12,33.11,33.62,6213547.0,157540320.0
2011-07-25,33.69,35.75,30.52,32.96,11894769.0,291972544.0
2011-07-26,32.3,32.59,31.4,32.23,4636892.0,112317616.0
2011-07-27,32.21,32.47,31.5,31.8,4159506.0,100408800.0
2011-07-28,31.22,31.8,31.02,31.05,2783486.0,65877592.0
2011-07-29,31.07,33.33,30.72,32.62,8756814.0,215166240.0
2011-08-01,32.17,32.96,32.09,32.56,4516244.0,110990256.0
2011-08-02,32.47,32.47,31.28,31.86,3008069.0,72066800.0
2011-08-03,31.81,32.0,31.26,31.55,2470510.0,59216728.0
2011-08-04,31.55,32.87,31.43,32.2,3495177.0,85624672.0
2011-08-05,31.26,32.68,30.72,31.89,5238543.0,127144080.0
2011-08-08,31.02,31.81,28.7,30.36,5510544.0,127979528.0
2011-08-09,30.99,32.39,30.88,31.29,6972987.0,166728048.0
2011-08-10,30.89,31.89,30.62,31.3,5414174.0,128681808.0
2011-08-11,31.15,31.67,30.82,31.11,3754158.0,88841032.0
2011-08-12,31.02,31.93,30.86,31.89,4174786.0,99719712.0
2011-08-16,32.38,32.97,31.98,32.16,4375652.0,107070800.0
2011-08-17,32.17,35.36,32.17,34.37,12577047.0,324976800.0
2011-08-18,34.17,35.03,33.46,33.52,7380890.0,191270240.0
2011-08-19,32.95,34.65,32.34,34.33,6937119.0,179722880.0
2011-08-22,34.32,36.56,33.99,36.01,8268726.0,224188736.0
2011-08-23,36.48,36.79,35.47,36.2,6344089.0,173387344.0
2011-08-24,36.22,36.5,35.31,35.42,6070859.0,164249952.0
2011-08-25,35.15,35.61,34.35,35.4,4737900.0,125278320.0
2011-08-26,34.99,36.78,34.98,36.47,4963810.0,136159840.0
2011-08-29,36.56,37.49,36.3,36.51,5795021.0,161888928.0
2011-08-30,36.33,37.32,36.33,36.83,4041148.0,113155816.0
2011-08-31,37.17,39.73,36.96,38.91,9023293.0,263029280.0
2011-09-01,38.93,39.69,38.49,39.39,6939287.0,205913040.0
2011-09-02,39.14,39.85,38.58,38.7,4294687.0,127157760.0
2011-09-05,38.66,39.44,37.46,39.28,5539384.0,162846320.0
2011-09-06,39.15,42.21,38.58,41.75,9420315.0,292504992.0
2011-09-07,41.71,42.1,40.92,41.78,6185406.0,194501136.0
2011-09-08,41.58,41.91,38.99,39.06,8529747.0,261429184.0
2011-09-09,39.09,40.79,39.09,40.25,6265685.0,190034976.0
2011-09-13,39.63,39.63,37.86,38.0,7206988.0,210577488.0
2011-09-14,38.04,38.84,37.95,38.76,4401075.0,128093648.0
2011-09-15,38.8,42.64,38.8,42.53,11610800.0,366288864.0
2011-09-16,42.56,46.0,41.98,44.54,12144693.0,409391616.0
2011-09-20,44.72,46.17,42.68,45.87,8928707.0,298484896.0
2011-09-21,44.88,46.08,44.22,45.12,6751855.0,230366912.0
2011-09-22,44.62,46.2,40.6,40.6,12823405.0,419157440.0
2011-09-23,37.09,41.44,36.96,39.68,13747653.0,403982944.0
2011-09-26,35.71,38.49,35.71,36.46,13135619.0,366644064.0
2011-09-27,36.41,37.61,35.48,36.3,6290328.0,174844272.0
2011-09-28,36.96,37.12,33.0,33.04,11161515.0,291580544.0
2011-09-29,31.88,33.07,30.94,31.96,6928668.0,168760384.0
2011-09-30,31.79,32.27,28.91,29.33,7963759.0,183079552.0
2011-10-10,29.4,32.26,29.4,32.26,7631923.0,178725392.0
2011-10-11,32.34,32.64,29.04,29.05,15525234.0,359626144.0
2011-10-12,28.21,29.58,27.06,29.42,8652036.0,188602528.0
2011-10-13,29.42,31.02,29.17,30.25,7787885.0,178891200.0
2011-10-14,30.2,30.93,29.96,30.47,4500938.0,104046088.0
2011-10-17,30.36,30.93,29.9,29.98,3738526.0,86034672.0
2011-10-18,29.83,29.83,28.18,28.33,5608894.0,122334112.0
2011-10-19,28.66,29.17,27.46,27.6,4397753.0,94271520.0
2011-10-20,27.11,27.52,25.09,25.82,8063610.0,158555104.0
2011-10-21,25.71,28.41,25.23,28.41,9260109.0,187741328.0
2011-10-24,27.85,29.7,27.72,29.09,9791664.0,215406448.0
2011-10-25,29.03,29.67,28.31,29.24,6801803.0,149217360.0
2011-10-26,28.97,29.96,28.97,29.32,6445692.0,144132192.0
2011-10-27,29.28,30.53,29.08,29.82,6062846.0,137466560.0
2011-10-28,29.96,30.3,29.16,29.81,7181347.0,161365568.0
2011-10-31,29.7,30.74,29.57,30.06,5088467.0,116159280.0
2011-11-01,29.87,29.87,29.3,29.42,4309109.0,96428344.0
2011-11-02,29.03,30.06,28.53,29.67,4987679.0,111570896.0
2011-11-03,29.69,30.33,29.48,29.79,6328815.0,143110304.0
2011-11-04,30.07,30.69,29.87,30.56,7251468.0,167218752.0
2011-11-07,30.53,31.14,30.12,30.25,4474109.0,103292528.0
2011-11-08,30.35,30.62,29.44,29.83,4468064.0,102235104.0
2011-11-09,29.38,31.02,29.38,30.27,4280538.0,97947232.0
2011-11-10,29.83,30.48,29.7,29.87,2801483.0,63717816.0
2011-11-11,29.77,30.23,29.04,29.38,2642331.0,59099536.0
2011-12-06,26.44,26.44,26.44,26.44,174100.0,3487223.0
2011-12-07,23.8,23.8,23.8,23.8,198500.0,3578955.0
2011-12-08,21.42,21.42,21.42,21.42,388600.0,6306978.0
2011-12-09,19.29,21.25,19.29,19.29,26351884.0,389956704.0
2011-12-12,18.28,18.57,17.36,17.49,31327028.0,424335424.0
2011-12-13,17.33,17.7,17.16,17.24,19581958.0,258149312.0
2011-12-14,16.94,17.37,16.7,16.9,12767588.0,164803328.0
2011-12-15,16.79,17.03,15.21,15.21,18572850.0,224210992.0
2011-12-16,15.02,15.25,14.15,14.82,22840760.0,253659824.0
2011-12-19,14.53,14.78,13.97,14.59,16338753.0,178064368.0
2011-12-20,14.52,14.94,14.32,14.38,14357379.0,159278048.0
2011-12-21,14.59,14.89,14.03,14.09,19908336.0,218097456.0
2011-12-22,13.46,13.46,12.67,12.9,19729280.0,194054752.0
2011-12-26,12.92,13.29,12.54,13.07,12488879.0,123154576.0
2011-12-27,12.94,13.68,12.84,13.11,20379870.0,205279168.0
2011-12-28,12.66,12.67,12.01,12.46,15143337.0,141162416.0
2011-12-29,12.21,12.77,12.14,12.16,9942957.0,93604224.0
2011-12-30,12.28,12.63,12.14,12.47,11848803.0,111450512.0
2012-01-04,12.53,13.15,12.45,12.54,17548740.0,169617616.0
2012-01-05,12.24,12.47,11.29,11.29,15740049.0,140580144.0
2012-01-06,11.15,11.81,10.76,11.62,14421390.0,124793096.0
2012-01-09,11.62,12.41,11.39,12.26,19299472.0,175551184.0
2012-01-10,12.05,12.88,12.05,12.72,21269402.0,202361680.0
2012-01-11,12.67,13.65,12.51,13.32,26439814.0,261186144.0
2012-01-12,13.1,13.45,12.84,12.96,18525066.0,184109584.0
2012-01-13,12.94,13.15,12.28,12.47,12938180.0,124619704.0
2012-01-16,12.34,12.45,11.23,11.23,11552018.0,103568688.0
2012-01-17,11.13,12.21,11.1,12.08,12338529.0,109185208.0
2012-01-18,12.04,12.38,11.38,11.55,12574549.0,113747584.0
2012-01-19,11.47,11.75,11.06,11.63,10634618.0,92319792.0
2012-01-20,11.67,11.78,11.47,11.66,8036225.0,70737968.0
2012-01-30,11.83,12.8,11.63,12.33,14875994.0,137705120.0
2012-01-31,12.08,12.5,11.87,12.49,11961581.0,110449136.0
2012-02-01,12.38,13.0,12.3,12.61,17826840.0,171324400.0
2012-02-02,12.7,12.87,12.14,12.84,13085968.0,124129416.0
2012-02-03,12.82,14.12,12.74,14.12,16736312.0,175925040.0
2012-02-06,15.11,15.54,14.93,15.54,29971236.0,348645408.0
2012-02-07,15.91,16.55,15.19,15.48,52139696.0,627162944.0
2012-02-09,15.77,17.03,15.63,17.03,22404808.0,277500448.0
2012-02-10,18.02,18.26,16.74,17.82,54553788.0,724440832.0
2012-02-13,17.29,17.75,17.19,17.54,27997396.0,371315136.0
2012-02-14,17.42,18.61,17.33,17.82,29470074.0,403754016.0
2012-02-15,17.57,18.4,17.05,17.97,30946572.0,412542816.0
2012-02-16,17.82,18.15,17.4,17.74,21077120.0,282209344.0
2012-02-17,17.73,18.57,17.57,18.2,31847456.0,436067264.0
2012-02-20,18.2,19.98,18.0,19.07,39528472.0,568294656.0
2012-02-21,18.73,19.63,18.43,19.44,29894256.0,432705536.0
2012-02-22,19.4,19.8,19.14,19.64,24621242.0,362432256.0
2012-02-23,19.52,19.77,18.98,19.29,23980670.0,351257152.0
2012-02-24,19.13,19.32,18.48,18.82,24586102.0,351720000.0
2012-02-27,18.68,20.54,18.68,19.79,41126600.0,610321088.0
2012-02-28,19.54,19.75,18.74,18.86,21801738.0,317561728.0
2012-02-29,18.48,19.11,18.39,18.51,14366458.0,203149056.0
2012-03-01,18.32,18.81,18.08,18.51,10189737.0,143307088.0
2012-03-02,18.68,18.88,18.52,18.85,10623395.0,150539472.0
2012-03-05,19.0,19.11,18.61,18.73,10798929.0,153420112.0
2012-03-06,18.76,19.79,18.39,19.46,32286836.0,472005984.0
2012-03-07,19.01,19.54,18.61,19.09,18447060.0,266529584.0
2012-03-08,19.02,19.4,19.01,19.14,11477385.0,166502560.0
2012-03-09,19.26,19.81,19.18,19.47,15851456.0,234421824.0
2012-03-12,19.47,19.66,19.02,19.23,12594967.0,183571472.0
2012-03-13,19.35,19.35,18.74,19.06,14004820.0,200795344.0
2012-03-14,19.13,19.3,17.16,17.45,20827112.0,290205184.0
2012-03-15,17.36,17.54,16.1,16.17,20198604.0,253412672.0
2012-03-16,16.12,16.47,15.84,16.46,12626468.0,155699520.0
2012-03-19,16.5,16.87,16.24,16.75,11181989.0,140488144.0
2012-03-20,16.7,16.7,16.1,16.18,9694203.0,119838136.0
2012-03-21,16.13,16.62,16.0,16.57,9064534.0,112149728.0
2012-03-22,16.58,17.36,16.24,16.96,15153580.0,193348800.0
2012-03-23,16.65,16.83,16.1,16.25,9061830.0,113055136.0
2012-03-26,16.07,16.21,15.18,15.52,8140452.0,97256784.0
2012-03-27,15.52,16.08,15.52,15.84,6733115.0,80435640.0
2012-03-28,15.64,16.49,15.18,15.59,15859313.0,191835680.0
2012-03-29,15.1,15.1,14.03,14.03,14084294.0,154730432.0
2012-03-30,13.73,14.27,13.31,13.58,8442847.0,87200160.0
2012-04-05,13.6,14.15,13.43,14.14,6773862.0,71290408.0
2012-04-06,14.23,14.74,14.14,14.3,8040247.0,88248176.0
2012-04-09,14.51,14.76,14.04,14.22,6973901.0,76244072.0
2012-04-10,14.01,14.51,13.45,14.49,7281822.0,77073576.0
2012-04-11,14.14,15.26,14.03,15.04,12885663.0,144002304.0
2012-04-12,14.94,15.43,14.69,15.14,10945133.0,124748360.0
2012-04-13,15.14,15.52,15.06,15.3,9915052.0,115135880.0
2012-04-16,15.17,15.33,14.9,15.01,5829116.0,66744296.0
2012-04-17,14.94,15.51,14.8,14.99,8574526.0,98690736.0
2012-04-18,14.92,15.68,14.92,15.39,9242776.0,107226296.0
2012-04-19,15.23,16.94,15.19,16.94,19779652.0,242577728.0
2012-04-20,16.74,17.73,16.61,17.28,27228110.0,356505344.0
2012-04-23,17.11,17.13,16.5,16.75,13268359.0,168650048.0
2012-04-24,16.53,16.53,15.07,15.67,16423924.0,194320176.0
2012-04-25,15.47,16.21,15.35,16.09,12190981.0,146455104.0
2012-04-26,16.13,16.26,15.48,15.55,8644082.0,103298368.0
2012-04-27,15.51,15.68,15.15,15.21,6377757.0,74388152.0
2012-05-15,13.87,14.44,13.69,13.7,13533535.0,143070368.0
2012-05-16,13.49,14.52,12.96,14.06,12958610.0,134728544.0
2012-05-17,13.98,14.09,13.64,13.97,8059998.0,84769064.0
2012-05-18,13.79,14.19,13.64,13.74,6126638.0,64581504.0
2012-05-21,13.71,13.97,13.41,13.6,5058638.0,52240516.0
2012-05-23,13.71,14.64,13.71,14.01,8891800.0,95195488.0
2012-05-24,13.73,14.64,13.73,14.47,9579624.0,103321320.0
2012-05-25,14.52,15.6,14.44,15.19,16679937.0,189573728.0
2012-05-28,15.26,15.66,14.63,15.52,12609954.0,144920416.0
2012-05-29,15.42,15.62,15.05,15.33,10623907.0,123751400.0
2012-05-30,15.25,16.25,15.11,15.8,15042299.0,178705680.0
2012-05-31,15.58,15.68,15.11,15.26,11577187.0,135387200.0
2012-06-01,15.06,15.38,14.69,14.9,8295235.0,94488272.0
2012-06-04,14.71,14.71,13.9,14.01,8303094.0,89955832.0
2012-06-05,14.01,14.43,14.01,14.11,5617144.0,60356216.0
2012-06-06,14.23,14.48,14.02,14.27,5408970.0,58626992.0
2012-06-07,14.51,14.64,13.9,13.95,5128681.0,55348396.0
2012-06-08,14.16,14.16,13.74,13.81,4226422.0,44640256.0
2012-06-11,13.76,14.15,13.76,14.12,3514045.0,37304632.0
2012-06-12,14.06,14.11,13.82,13.87,3234658.0,34076192.0
2012-06-13,13.9,14.12,13.86,14.03,4199988.0,44617764.0
2012-06-14,14.06,15.18,13.99,14.76,15068324.0,167532400.0
2012-06-15,14.52,15.01,14.51,14.93,10508632.0,118034304.0
2012-06-18,14.84,15.1,14.72,14.74,8196091.0,92329344.0
2012-06-19,14.68,14.85,14.16,14.32,7829681.0,85843504.0
2012-06-20,14.26,14.51,14.02,14.2,4846323.0,52393500.0
2012-06-21,14.19,14.19,13.7,13.95,4778243.0,50388764.0
2012-06-25,13.91,13.91,13.41,13.44,3640613.0,37728872.0
2012-06-26,13.31,13.97,13.29,13.69,4258697.0,44349584.0
2012-06-27,13.6,13.74,13.31,13.37,4579693.0,46783560.0
2012-06-28,13.4,13.56,12.92,12.94,4607576.0,45966668.0
2012-06-29,12.88,12.88,12.12,12.65,5674977.0,53586224.0
2012-07-02,12.79,13.04,12.75,12.86,3444431.0,33631888.0
2012-07-03,12.95,13.0,12.69,12.78,3154877.0,30705696.0
2012-07-04,12.78,12.98,12.54,12.63,3353918.0,32297496.0
2012-07-05,12.54,13.58,12.17,13.21,9060053.0,88360336.0
2012-07-06,13.07,13.35,12.74,13.2,6002523.0,59432656.0
2012-07-09,13.07,13.12,12.46,12.49,4284753.0,41557640.0
2012-07-10,12.39,12.7,12.13,12.46,3496200.0,32694924.0
2012-07-11,12.36,12.63,12.29,12.53,2553706.0,24132646.0
2012-07-12,12.53,13.0,12.25,12.77,4808098.0,46165448.0
2012-07-13,12.66,14.04,12.59,14.04,15691303.0,163248640.0
2012-07-16,14.32,14.64,13.99,14.15,18040980.0,196333344.0
2012-07-17,13.94,14.76,13.74,14.73,15130161.0,165369440.0
2012-07-18,14.65,14.65,14.15,14.52,10529422.0,114821920.0
2012-07-19,14.35,15.97,14.23,15.97,33357820.0,386284704.0
2012-07-20,15.71,16.24,15.43,15.56,25489664.0,303393312.0
2012-07-23,15.04,15.75,14.01,15.01,21949426.0,249717520.0
2012-07-24,14.69,15.39,14.6,14.92,18294312.0,208246016.0
2012-07-25,14.77,15.07,14.19,14.45,12868508.0,142286784.0
2012-07-26,14.49,15.07,14.28,14.81,16403244.0,183447952.0
2012-07-27,14.81,14.88,13.86,13.93,13278537.0,142870528.0
2012-07-30,13.86,13.99,12.61,12.82,10094050.0,101640432.0
2012-07-31,12.62,13.27,12.16,12.9,8430715.0,81497464.0
2012-08-01,12.78,13.44,12.7,13.25,6552841.0,65515500.0
2012-08-02,13.23,13.4,12.95,13.31,5331402.0,53429860.0
2012-08-03,13.4,13.83,13.32,13.46,6902127.0,70577408.0
2012-08-06,13.44,14.59,13.44,14.27,11571050.0,122993088.0
2012-08-07,14.16,14.49,14.1,14.44,9646391.0,104571384.0
2012-08-08,14.38,14.65,14.22,14.47,8442152.0,92504216.0
2012-08-09,14.41,14.77,14.04,14.66,11296396.0,123344072.0
2012-08-10,14.6,14.66,14.11,14.15,7262792.0,79135968.0
2012-08-13,13.99,13.99,13.16,13.27,9065869.0,92396896.0
2012-08-14,13.17,13.57,13.16,13.57,5816845.0,59180704.0
2012-08-15,13.57,13.58,13.27,13.29,3825590.0,38848600.0
2012-08-16,13.19,13.41,13.07,13.12,3715205.0,37310316.0
2012-08-17,13.27,13.66,13.15,13.62,5861687.0,59641932.0
2012-08-20,13.49,14.85,13.41,14.38,14073948.0,151007248.0
2012-08-21,14.27,14.72,14.18,14.55,11174246.0,122057448.0
2012-08-22,14.55,14.64,14.15,14.18,7590717.0,82845896.0
2012-08-23,14.3,14.76,14.26,14.45,7620209.0,83661928.0
2012-08-24,14.32,14.41,13.44,13.46,8371603.0,88070712.0
2012-08-27,13.45,13.78,13.2,13.46,5049613.0,51634156.0
2012-08-28,13.46,14.07,13.4,13.95,6287587.0,65728672.0
2012-10-09,15.35,15.35,15.35,15.35,961561.0,11182954.0
2012-10-10,16.88,16.88,16.88,16.88,1155491.0,14778730.0
2012-10-11,18.57,18.57,17.9,18.57,35577920.0,498596800.0
2012-10-18,18.84,18.84,17.17,17.98,26348552.0,359492864.0
2012-10-19,17.98,19.42,17.85,18.32,32900340.0,462872896.0
2012-10-22,17.99,18.39,17.64,17.95,17648546.0,239958816.0
2012-10-23,17.94,18.35,17.54,17.9,15552955.0,211603760.0
2012-10-24,17.64,18.45,17.46,18.12,18380200.0,252027456.0
2012-10-25,18.0,19.11,17.82,18.35,26456836.0,370559840.0
2012-10-26,18.32,18.63,16.61,16.65,19085164.0,256681312.0
2012-10-29,16.17,16.63,15.91,16.13,13185329.0,161993856.0
2012-10-30,16.22,16.36,15.55,15.58,10274192.0,124391192.0
2012-10-31,15.51,15.96,15.42,15.88,7869765.0,93895640.0
2012-11-01,15.89,16.47,15.81,16.21,9271874.0,114033704.0
2012-11-02,16.08,16.21,15.72,15.84,7152046.0,86131392.0
2012-11-05,15.77,16.37,15.68,16.09,7849494.0,95790184.0
2012-11-06,15.87,16.21,15.19,15.55,7979119.0,94262264.0
2012-11-07,15.6,16.5,15.6,16.36,13474081.0,165029600.0
2012-11-08,16.04,16.13,15.21,15.37,9920526.0,118489424.0
2012-11-09,15.33,15.51,14.98,15.18,6212512.0,71573984.0
2012-11-12,15.22,15.47,15.06,15.44,4231084.0,49011952.0
2012-11-13,15.31,16.04,15.09,15.81,9214266.0,109257152.0
2012-11-14,15.71,16.36,15.52,16.1,9585728.0,116492696.0
2012-11-15,16.02,16.16,15.6,15.67,5472686.0,65855644.0
2012-11-16,15.55,15.55,15.13,15.37,4617452.0,53489288.0
2012-11-19,15.27,15.73,15.27,15.68,3431196.0,40429312.0
2012-11-20,15.66,15.95,15.46,15.48,3274658.0,39031708.0
2012-11-21,15.38,15.56,13.94,14.69,8512637.0,95323136.0
2012-11-22,14.68,14.68,14.1,14.12,5152763.0,55967448.0
2012-11-23,14.03,14.45,14.01,14.31,3968290.0,42724752.0
2012-11-26,14.31,14.59,14.22,14.22,3607253.0,39405540.0
2012-11-27,14.1,14.22,13.19,13.32,4934165.0,50805712.0
2012-11-28,13.07,13.7,12.92,13.41,3846132.0,38629680.0
2012-11-29,13.44,13.65,13.27,13.33,3230087.0,32928516.0
2012-11-30,13.27,13.58,13.27,13.56,2345296.0,23931792.0
2012-12-03,13.53,13.53,12.74,12.83,3903268.0,38901200.0
2012-12-04,13.23,13.44,13.0,13.36,4308391.0,43224632.0
2012-12-05,13.23,14.1,13.15,13.91,6132679.0,63819120.0
2012-12-06,13.79,14.06,13.69,13.87,3923164.0,41099560.0
2012-12-07,13.87,14.35,13.7,14.22,5169975.0,55179208.0
2012-12-10,14.2,14.56,14.01,14.52,6733540.0,73127984.0
2012-12-11,14.43,14.47,14.11,14.12,5281710.0,57085024.0
2012-12-12,14.07,15.54,13.99,15.54,10337553.0,116939104.0
2012-12-13,16.04,16.82,15.59,15.71,19870044.0,240649824.0
2012-12-14,15.71,16.32,15.42,16.09,14469340.0,175088016.0
2012-12-17,15.91,16.28,15.81,16.1,10208765.0,123929336.0
2012-12-18,15.95,16.37,15.4,15.59,11831891.0,142999328.0
2012-12-19,15.38,15.72,15.34,15.55,6667589.0,78351144.0
2012-12-20,15.43,15.54,14.92,15.5,8179697.0,94968608.0
2012-12-21,15.26,15.59,15.21,15.47,5528779.0,64493504.0
2012-12-24,15.47,16.3,15.44,16.01,10220007.0,124157328.0
2012-12-25,15.87,16.32,15.87,16.12,8755938.0,106806304.0
2012-12-26,16.07,16.96,15.95,16.71,12190196.0,152928208.0
2012-12-27,16.63,17.09,16.43,16.63,9860763.0,125069496.0
2012-12-28,17.13,17.82,16.71,16.86,8878850.0,115048792.0
2012-12-31,16.71,17.03,16.33,16.55,6954814.0,87443480.0
2013-01-04,16.59,16.75,16.08,16.66,6811534.0,84441056.0
2013-01-07,16.63,17.11,16.47,16.99,8116721.0,103810064.0
2013-01-08,16.87,17.23,16.76,17.07,7151932.0,91981808.0
2013-01-09,17.16,17.34,16.61,16.92,6823638.0,87369016.0
2013-01-10,16.79,17.03,16.57,17.02,5681903.0,72294424.0
2013-01-11,17.16,17.16,16.51,16.59,5272598.0,66934676.0
2013-01-14,16.47,16.98,16.25,16.84,5918279.0,74748168.0
2013-01-15,16.67,17.69,16.63,17.23,9122081.0,119144704.0
2013-01-16,17.32,17.73,17.03,17.48,9914360.0,130580536.0
2013-01-17,17.5,17.54,16.82,16.88,5672476.0,73262824.0
2013-01-18,16.9,17.13,16.76,17.05,4067655.0,52394516.0
2013-01-21,17.03,17.25,16.73,16.92,5254878.0,67274944.0
2013-01-22,16.99,17.32,16.74,17.17,7177275.0,92870640.0
2013-01-23,17.19,17.19,16.32,16.7,7658998.0,96741512.0
2013-01-24,16.71,16.71,15.93,16.02,6819018.0,84213504.0
2013-01-25,16.39,16.74,16.18,16.38,5182772.0,64530660.0
2013-01-28,16.33,16.76,16.3,16.68,4143255.0,51799424.0
2013-01-29,16.78,16.91,16.51,16.8,4180373.0,53096792.0
2013-01-30,17.15,17.16,16.63,16.73,4033209.0,51626264.0
2013-01-31,16.83,17.52,16.73,17.08,10686910.0,138724224.0
2013-02-01,16.9,17.28,16.78,16.92,6671136.0,86015896.0
2013-02-04,16.95,17.09,16.64,17.05,6250398.0,80161760.0
2013-02-05,16.94,17.28,16.8,17.27,6955494.0,89894416.0
2013-02-06,17.16,17.66,17.09,17.46,7671098.0,101347280.0
2013-02-07,17.37,19.04,17.34,18.56,17679116.0,245127088.0
2013-02-08,18.22,18.93,18.16,18.49,9001784.0,127245632.0
2013-02-18,18.27,18.73,18.22,18.51,7273085.0,101786176.0
2013-02-19,18.47,18.59,17.69,18.02,9908472.0,135306240.0
2013-02-20,17.95,18.36,17.82,18.19,5947836.0,81495408.0
2013-02-21,18.08,18.08,17.04,17.41,8596803.0,114097496.0
2013-02-22,17.45,17.74,17.39,17.54,4276591.0,56897728.0
2013-02-25,17.33,17.91,17.13,17.87,5795459.0,76949712.0
2013-02-26,17.58,18.06,17.56,17.71,4655110.0,62822840.0
2013-02-27,17.75,18.03,17.66,17.91,3766461.0,50991632.0
2013-02-28,18.03,18.4,17.77,18.2,6656982.0,91544960.0
2013-03-01,18.11,18.81,18.11,18.43,7421817.0,103964104.0
2013-03-04,18.34,18.7,17.56,17.65,7392813.0,101494416.0
2013-03-05,17.62,18.41,17.62,18.35,5083930.0,69946496.0
2013-03-06,18.36,18.63,18.28,18.52,6532627.0,91347600.0
2013-03-07,18.47,19.72,18.34,18.94,18170810.0,261957264.0
2013-03-08,18.97,19.51,18.81,19.09,10623373.0,153884976.0
2013-03-11,19.21,19.38,18.57,18.72,6828370.0,97923280.0
2013-03-12,18.56,18.88,17.82,18.26,6370564.0,88392304.0
2013-03-13,18.05,18.47,17.83,18.26,4063375.0,55733180.0
2013-03-14,18.24,18.45,17.99,18.02,3147776.0,43500932.0
2013-03-15,18.0,18.61,17.79,18.28,4748102.0,65614136.0
2013-03-18,18.03,18.55,17.98,18.07,3143119.0,43321032.0
2013-03-19,18.08,19.63,18.08,19.36,10429416.0,149255520.0
2013-03-20,19.4,19.48,18.95,19.43,10427357.0,152442960.0
2013-03-21,19.5,20.17,19.18,20.06,12658759.0,188545776.0
2013-03-22,20.2,20.2,19.68,19.77,7646580.0,115426808.0
2013-03-25,19.98,20.0,19.25,19.31,5693053.0,84066192.0
2013-03-26,19.44,19.98,19.11,19.68,7452333.0,109829952.0
2013-03-27,19.8,19.97,19.43,19.58,6024977.0,89888824.0
2013-03-28,19.27,19.27,18.77,18.86,5864101.0,84305520.0
2013-03-29,18.77,19.0,18.59,18.63,4018827.0,56976072.0
2013-04-01,18.73,19.26,18.55,19.04,4637356.0,66828960.0
2013-04-02,19.15,19.46,19.05,19.21,4159455.0,60546668.0
2013-04-03,18.9,19.14,18.06,18.14,4742479.0,67165832.0
2013-04-08,18.02,18.02,16.63,17.31,5124175.0,67056352.0
2013-04-09,17.17,17.62,17.17,17.48,2975619.0,39484696.0
2013-04-10,17.48,17.75,17.07,17.32,3278500.0,43113232.0
2013-04-11,17.4,17.4,16.76,16.96,4653190.0,60101536.0
2013-04-12,16.96,17.29,16.63,17.05,3385292.0,43437420.0
2013-04-15,16.46,16.7,16.0,16.21,4357236.0,53830848.0
2013-04-16,15.71,15.71,14.89,15.52,7808580.0,90891376.0
2013-04-17,15.44,15.84,15.02,15.67,5147146.0,60239024.0
2013-04-18,15.31,15.84,15.02,15.47,5933327.0,69082944.0
2013-04-19,15.47,15.92,15.42,15.83,4900442.0,58378416.0
2013-04-22,15.77,16.09,15.55,16.04,4209678.0,50808800.0
2013-04-23,16.01,16.01,15.17,15.29,3721156.0,43779856.0
2013-04-24,15.3,15.62,15.25,15.54,3258253.0,38132892.0
2013-04-25,15.54,15.64,15.02,15.07,3211240.0,37360216.0
2013-04-26,15.18,15.58,14.78,14.9,2374367.0,27359820.0
2013-05-02,14.56,14.63,14.32,14.52,2529520.0,27732904.0
2013-05-03,14.52,15.15,14.52,15.07,2492371.0,28026192.0
2013-05-06,15.05,15.52,15.05,15.34,3161431.0,36805064.0
2013-05-07,15.31,15.79,15.22,15.56,3557435.0,42074772.0
2013-05-08,15.5,16.61,15.44,16.16,6341328.0,77952504.0
2013-05-09,16.24,16.33,15.68,15.89,4128022.0,49935008.0
2013-05-10,16.02,16.18,15.77,16.12,3159095.0,38282076.0
2013-05-13,16.1,16.45,15.81,15.96,3062741.0,37167292.0
2013-05-14,15.77,15.96,15.27,15.38,3036393.0,35674056.0
2013-05-15,15.38,15.58,15.15,15.47,2703221.0,31330982.0
2013-05-16,15.31,15.71,15.06,15.59,3943218.0,45984332.0
2013-05-17,15.46,15.59,15.27,15.52,3631046.0,42530288.0
2013-05-20,15.55,15.97,15.47,15.95,4860917.0,57755516.0
2013-05-21,15.97,16.04,15.64,15.81,4532736.0,54163352.0
2013-05-22,15.79,16.08,15.71,16.02,4474807.0,53976056.0
2013-05-23,16.09,16.1,15.64,15.76,3905642.0,47119636.0
2013-05-24,15.71,16.28,15.63,16.14,4502332.0,54267740.0
2013-05-27,15.96,16.18,15.83,16.0,3522272.0,42621096.0
2013-05-28,15.97,16.84,15.71,16.65,9700799.0,120147632.0
2013-05-29,16.37,16.58,16.3,16.39,4769887.0,59353472.0
2013-05-30,16.37,16.68,16.24,16.32,4364863.0,54430044.0
2013-05-31,16.37,16.57,15.97,16.0,4159178.0,51088500.0
2013-06-03,16.05,16.2,15.95,15.97,2072853.0,25219492.0
2013-06-04,16.0,16.05,15.54,15.7,2750898.0,32822372.0
2013-06-05,15.7,15.8,15.62,15.71,1422442.0,16927044.0
2013-06-06,15.6,15.7,14.97,15.15,3249972.0,37657072.0
2013-06-07,15.05,15.29,14.63,14.88,1945266.0,21996932.0
2013-06-13,14.85,14.85,13.97,14.16,2330239.0,25166496.0
2013-06-14,14.22,14.41,14.11,14.24,2725054.0,29332736.0
2013-06-17,14.36,14.36,13.83,13.85,2851786.0,30284938.0
2013-06-18,13.82,13.99,13.69,13.83,1780215.0,18634744.0
2013-06-19,13.76,14.06,13.74,13.99,2861165.0,30139792.0
2013-06-20,14.01,14.1,13.07,13.32,2828557.0,29362944.0
2013-06-21,13.12,13.28,12.78,13.1,3052375.0,30117846.0
2013-06-24,13.07,13.13,11.79,11.84,3942729.0,37184940.0
2013-06-25,11.81,11.87,10.65,11.39,5537547.0,47357464.0
2013-06-26,11.35,11.58,11.06,11.25,3872812.0,33235476.0
2013-06-27,11.14,11.85,11.14,11.7,6015270.0,52158412.0
2013-06-28,11.52,11.7,11.23,11.54,3946942.0,34409036.0
2013-07-01,11.55,11.67,11.35,11.52,2511823.0,21851440.0
2013-07-02,11.62,11.66,11.35,11.56,3151005.0,27520548.0
2013-07-03,11.52,11.84,11.19,11.8,4383379.0,38399716.0
2013-07-04,11.56,12.09,11.43,11.84,4324316.0,38677384.0
2013-07-05,11.81,12.26,11.68,11.8,5601149.0,50770600.0
2013-07-08,11.6,11.6,10.64,10.67,4451235.0,37540960.0
2013-07-09,10.63,10.98,10.56,10.81,2926059.0,23953024.0
2013-07-10,10.81,11.23,10.76,11.19,3327399.0,27908586.0
2013-07-11,11.25,11.81,11.22,11.59,5816429.0,50948820.0
2013-07-12,11.59,11.72,11.29,11.34,4145086.0,36238400.0
2013-07-15,11.35,11.79,11.35,11.7,3902676.0,34442096.0
2013-07-16,11.7,12.05,11.5,11.93,4561073.0,40738680.0
2013-07-17,11.88,12.01,11.58,11.58,3129300.0,27880592.0
2013-07-18,11.48,11.55,11.14,11.21,3378459.0,28920550.0
2013-07-19,11.31,11.55,10.96,10.98,3119014.0,26731072.0
2013-07-22,10.76,11.18,10.65,11.06,2567916.0,21360312.0
2013-07-23,11.15,12.01,11.15,11.64,6427678.0,56789540.0
2013-07-24,11.75,12.01,11.47,11.87,6312732.0,56198136.0
2013-07-25,11.76,11.85,11.55,11.62,3506420.0,31061876.0
2013-07-26,11.62,11.76,11.39,11.47,2597543.0,22834876.0
2013-07-29,11.45,11.46,11.15,11.23,2327605.0,19863804.0
2013-07-30,11.19,11.67,11.19,11.6,3343782.0,28994532.0
2013-07-31,11.58,11.88,11.5,11.63,3536472.0,31204804.0
2013-08-01,11.56,11.83,11.56,11.79,5317260.0,47264800.0
2013-08-02,11.83,12.06,11.7,11.81,6230162.0,56142184.0
2013-08-05,11.76,12.13,11.75,12.0,6404637.0,58109396.0
2013-08-06,12.03,12.59,11.89,12.47,8666728.0,81064728.0
2013-08-07,12.45,12.75,12.32,12.34,7771873.0,73477792.0
2013-08-08,12.34,12.79,12.34,12.41,8138633.0,77453304.0
2013-08-09,12.54,12.84,12.47,12.74,6273631.0,60228100.0
2013-08-12,13.02,13.02,12.69,12.92,6690396.0,65200764.0
2013-08-13,12.9,13.99,12.8,13.79,10855903.0,111377408.0
2013-08-14,13.7,14.69,13.56,13.74,12893421.0,137693008.0
2013-08-15,13.5,14.01,13.23,13.41,9552405.0,98669880.0
2013-08-16,13.6,13.71,12.96,12.98,7819425.0,79257000.0
2013-08-19,12.82,13.29,12.8,13.12,4332811.0,42829984.0
2013-08-20,13.2,13.27,12.45,12.62,8547535.0,83474816.0
2013-08-21,12.62,12.74,12.18,12.51,5940972.0,55803936.0
2013-08-22,12.45,12.74,12.26,12.69,7896634.0,75031056.0
2013-08-23,12.74,13.16,12.65,13.13,9996191.0,97570872.0
2013-08-26,13.2,13.62,13.08,13.48,8938548.0,90389880.0
2013-08-27,13.43,13.68,13.11,13.13,6112243.0,61486772.0
2013-08-28,13.15,13.56,13.0,13.5,15505607.0,156722608.0
2013-08-29,13.33,13.33,12.83,12.95,8933763.0,88080392.0
2013-08-30,12.92,12.94,12.45,12.62,6080175.0,58244588.0
2013-09-02,12.54,12.8,12.41,12.66,4549263.0,43528088.0
2013-09-03,12.67,12.84,12.49,12.77,4244522.0,40824132.0
2013-09-04,12.8,12.86,12.51,12.53,5198268.0,49934688.0
2013-09-05,12.47,12.5,12.21,12.26,5173668.0,48275688.0
2013-09-06,12.21,12.34,12.09,12.17,5206330.0,48063328.0
2013-09-09,12.16,12.54,12.14,12.53,6411751.0,60189940.0
2013-09-10,12.51,12.55,12.42,12.47,4449836.0,42014732.0
2013-09-11,12.49,12.71,12.42,12.57,6308716.0,60089556.0
2013-09-12,12.54,12.71,12.39,12.61,4498492.0,42761976.0
2013-09-13,12.55,12.63,12.18,12.32,4478808.0,42005304.0
2013-09-16,12.24,12.37,12.21,12.25,3189998.0,29695124.0
2013-09-17,12.26,12.38,11.88,11.89,3907595.0,36110452.0
2013-09-18,11.91,12.01,11.81,11.91,2853984.0,25734246.0
2013-09-23,11.92,12.14,11.92,12.11,2848161.0,25943932.0
2013-09-24,12.11,12.25,12.01,12.05,3052940.0,28000312.0
2013-09-25,12.12,12.12,11.92,12.03,3013994.0,27403112.0
2013-09-26,11.95,12.01,11.7,11.71,2994872.0,26833658.0
2013-09-27,11.71,11.79,11.54,11.55,2823413.0,24841880.0
2013-09-30,11.62,11.67,11.46,11.54,2264457.0,19804668.0
2013-10-08,11.58,11.73,11.5,11.72,2839058.0,25050062.0
2013-10-09,11.71,12.32,11.66,12.18,6541907.0,59689644.0
2013-10-10,12.25,12.25,11.96,12.0,2843135.0,26014732.0
2013-10-11,12.0,12.24,11.99,12.21,2938065.0,27056512.0
2013-10-14,12.21,12.38,12.14,12.21,3820142.0,35452356.0
2013-10-15,12.24,12.66,12.05,12.63,9009939.0,85014952.0
2013-10-16,12.65,12.65,12.21,12.47,5614298.0,52805508.0
2014-01-20,13.5,13.5,11.35,11.39,12501895.0,115477256.0
2014-01-21,11.17,11.55,10.97,11.33,5334404.0,45536756.0
2014-01-22,11.25,11.43,11.05,11.27,6141318.0,52244816.0
2014-01-23,11.26,11.33,10.98,11.01,6441351.0,54297216.0
2014-01-24,10.93,11.17,10.93,11.04,4740803.0,39680668.0
2014-01-27,10.98,11.0,10.51,10.6,7790592.0,63240196.0
2014-01-28,10.49,10.49,9.54,9.54,13180683.0,97965280.0
2014-01-29,9.44,9.69,9.41,9.65,5568130.0,40422144.0
2014-01-30,9.58,9.64,9.31,9.32,3646667.0,26170892.0
2014-02-07,9.36,9.83,9.33,9.77,6006554.0,43880124.0
2014-02-10,9.78,10.36,9.78,10.3,8685520.0,66339344.0
2014-02-11,10.36,10.36,10.03,10.18,6213721.0,47854360.0
2014-02-12,10.15,10.49,10.1,10.44,5594134.0,43651272.0
2014-02-13,10.44,10.74,10.3,10.51,7001401.0,55975880.0
2014-02-14,10.47,10.59,10.34,10.52,3795330.0,30133334.0
2014-02-17,10.53,10.71,10.49,10.65,3763070.0,30256898.0
2014-02-18,10.68,10.74,10.48,10.51,3849190.0,30811434.0
2014-02-19,10.53,10.57,10.27,10.46,4235785.0,33434192.0
2014-02-20,10.47,10.82,10.35,10.63,7838985.0,62959896.0
2014-02-21,10.63,10.65,10.26,10.34,4428569.0,34958608.0
2014-02-24,10.35,10.36,9.94,9.98,4279660.0,32677450.0
2014-02-25,9.98,10.27,9.64,9.73,3905121.0,29534202.0
2014-02-26,9.74,10.16,9.62,10.16,3568986.0,27008858.0
2014-02-27,10.15,10.65,10.07,10.63,7446379.0,59251272.0
2014-02-28,10.56,10.81,10.39,10.6,5450776.0,43762876.0
2014-03-03,10.56,10.77,10.36,10.67,4297900.0,34512204.0
2014-03-04,10.67,11.09,10.67,11.04,8324667.0,68649320.0
2014-03-05,11.0,11.25,10.8,10.96,7240667.0,60347256.0
2014-03-06,10.93,10.94,10.53,10.76,4800514.0,39172752.0
2014-03-07,10.71,10.92,10.57,10.79,3044753.0,24883648.0
2014-03-10,10.71,10.92,10.55,10.56,4409334.0,35727300.0
2014-03-11,10.53,11.04,10.32,11.02,6933298.0,56377800.0
2014-03-12,11.0,11.18,10.82,10.89,4553949.0,37842776.0
2014-03-13,10.67,11.47,10.56,11.18,8054829.0,67895240.0
2014-03-14,11.14,11.4,10.89,11.27,7992141.0,67453360.0
2014-03-17,11.26,11.68,11.13,11.55,8885599.0,77092184.0
2014-03-18,11.66,11.71,11.23,11.27,7660722.0,66509112.0
2014-03-19,11.18,11.85,11.17,11.84,10961689.0,95866160.0
2014-03-20,11.72,12.32,11.66,12.18,14163841.0,129259056.0
2014-03-21,12.13,12.29,11.85,12.24,9943685.0,91366000.0
2014-03-24,12.24,12.24,11.73,11.95,9321899.0,84216928.0
2014-03-25,11.89,11.89,11.48,11.54,7901275.0,69631072.0
2014-03-26,11.51,11.81,11.42,11.72,5691518.0,50301888.0
2014-03-27,11.7,11.71,11.31,11.42,5634481.0,49101304.0
2014-03-28,11.4,11.46,10.53,10.55,7231864.0,59915200.0
2014-03-31,10.48,10.64,10.2,10.39,3678783.0,29101346.0
2014-04-01,10.38,11.09,10.22,10.97,6700185.0,54484296.0
2014-04-02,10.96,11.1,10.86,10.93,2945363.0,24478444.0
2014-04-03,10.89,11.12,10.8,10.96,3484607.0,28967496.0
2014-04-04,10.96,11.12,10.8,10.97,2701536.0,22440948.0
2014-04-08,10.96,11.88,10.82,11.67,8783192.0,75395096.0
2014-04-09,11.47,12.21,11.46,11.92,11735416.0,105250184.0
2014-04-10,12.0,12.17,11.75,11.95,8962472.0,81249856.0
2014-04-11,11.95,12.16,11.83,12.0,4225697.0,38471052.0
2014-05-07,11.37,12.94,11.37,11.95,14897150.0,136970112.0
2014-05-08,11.66,12.12,11.66,11.73,9044226.0,81006384.0
2014-05-09,11.73,11.73,10.64,10.86,7471298.0,62934960.0
2014-05-12,11.05,11.84,10.64,11.79,9553290.0,81835192.0
2014-05-13,11.71,12.49,11.55,12.08,13677279.0,124710760.0
2014-05-14,12.01,12.18,11.95,12.08,5130407.0,46943556.0
2014-05-15,12.13,12.49,11.91,12.37,6631822.0,61428380.0
2014-05-16,12.34,12.78,12.09,12.69,7961761.0,75800112.0
2014-05-19,12.57,13.1,12.42,13.0,10049806.0,97770416.0
2014-05-20,12.91,13.4,12.14,13.2,19809528.0,191880080.0
2014-05-21,12.91,13.13,12.78,12.82,7344666.0,72053264.0
2014-05-22,12.67,12.9,12.42,12.47,6190832.0,59334088.0
2014-05-23,12.44,12.77,12.34,12.54,5391557.0,51308152.0
2014-05-26,12.28,12.75,12.03,12.61,7844111.0,73179032.0
2014-05-27,12.49,12.98,12.41,12.77,6343122.0,61273772.0
2014-05-28,12.83,13.33,12.45,13.1,11781803.0,114592184.0
2014-05-29,12.98,13.17,12.8,12.91,8438157.0,82785376.0
2014-05-30,12.86,13.0,12.62,12.77,5380396.0,52073448.0
2014-06-03,12.69,12.92,12.58,12.65,3824505.0,36868192.0
2014-06-04,12.61,12.91,12.55,12.87,4560999.0,44074788.0
2014-06-05,12.8,13.19,12.77,12.98,4613724.0,45491640.0
2014-06-06,12.9,13.27,12.9,13.0,4275770.0,42435568.0
2014-06-09,12.99,13.4,12.96,13.2,4958010.0,49707848.0
2014-06-10,13.29,13.65,13.13,13.45,7347321.0,74860376.0
2014-06-11,13.4,13.61,13.27,13.46,5736741.0,58577160.0
2014-06-12,13.48,13.68,13.13,13.58,6433757.0,65762120.0
2014-06-13,13.5,13.66,13.4,13.54,3989462.0,40877608.0
2014-06-16,13.5,13.82,13.4,13.76,4172350.0,43318920.0
2014-06-17,13.76,14.34,13.66,14.28,8387862.0,89527232.0
2014-06-18,14.28,15.71,14.1,15.19,15198153.0,173512848.0
2014-06-19,15.23,16.05,14.57,14.6,15316583.0,177556816.0
2014-06-20,14.28,15.15,14.07,15.06,9812111.0,108172736.0
2014-06-23,14.93,16.22,14.82,16.1,14065695.0,167363264.0
2014-06-24,15.97,16.21,15.58,15.83,10465713.0,125868800.0
2014-06-25,15.64,15.97,15.21,15.47,7526290.0,88475312.0
2014-06-26,15.47,15.8,15.31,15.48,5823456.0,68620384.0
2014-06-27,15.48,15.87,15.25,15.51,6564811.0,77688552.0
2014-06-30,15.38,15.71,15.33,15.38,4740869.0,55498164.0
2014-07-01,15.55,15.85,15.3,15.48,5101825.0,60232304.0
2014-07-02,15.44,15.8,15.39,15.66,5645394.0,66798488.0
2014-07-03,15.63,15.83,15.42,15.54,4775910.0,56656952.0
2014-07-04,15.63,15.63,14.89,14.9,5864317.0,67453992.0
2014-07-07,14.97,16.08,14.94,16.04,7390103.0,87126832.0
2014-07-08,16.04,16.28,15.63,15.87,4734583.0,56861728.0
2014-07-09,16.07,16.07,15.37,15.64,4235309.0,50116072.0
2014-07-10,15.6,15.77,15.18,15.21,3615738.0,42313856.0
2014-10-20,16.73,16.73,16.73,16.73,499570.0,6329552.0
2014-10-21,18.4,18.4,18.4,18.4,601951.0,8391197.0
2014-10-22,20.24,20.24,17.36,18.14,37760528.0,530365952.0
2014-10-23,17.77,17.77,16.33,16.47,24348834.0,312055840.0
2014-10-24,16.29,16.82,15.85,16.29,14665182.0,181863280.0
2014-10-27,16.28,17.75,16.24,17.5,26009604.0,339004064.0
2014-10-28,17.21,17.89,16.64,17.62,19187310.0,254694176.0
2014-10-29,17.53,17.91,17.21,17.69,13174462.0,176569872.0
2014-10-30,17.73,18.29,17.29,17.58,17227108.0,233326688.0
2014-10-31,17.59,17.67,16.77,16.98,9839760.0,128294736.0
2014-11-03,16.86,17.45,16.69,17.42,9466701.0,123789376.0
2014-11-04,17.32,17.86,17.24,17.78,9998965.0,135062784.0
2014-11-05,17.7,18.09,17.62,17.87,7750210.0,105941104.0
2014-11-06,17.71,18.14,17.58,17.95,8062587.0,110081352.0
2014-11-07,18.03,18.21,17.63,17.69,6565239.0,89784480.0
2014-11-10,17.79,18.54,17.76,18.27,9468595.0,131677840.0
2014-11-11,18.27,19.77,18.07,19.39,17607048.0,255085536.0
2014-11-12,18.97,20.09,18.75,19.44,12238648.0,183319120.0
2014-11-13,19.4,20.36,19.27,20.32,10025000.0,151447744.0
2014-11-14,20.15,22.33,20.03,22.27,14293261.0,232855504.0
2014-11-17,22.06,22.82,21.42,22.02,17840464.0,302030304.0
2014-11-18,22.19,22.65,21.66,22.06,8439362.0,142215056.0
2014-11-19,22.12,22.41,21.47,21.84,11445384.0,192023008.0
2014-11-20,21.82,22.84,21.64,22.54,11448171.0,195384960.0
2014-11-21,22.25,22.84,21.8,22.24,12115070.0,205126960.0
2014-11-24,21.99,22.8,21.99,22.66,10372198.0,178709648.0
2014-11-25,22.74,24.31,22.49,24.28,10572349.0,187846528.0
2014-11-26,24.26,24.35,23.17,23.38,9361186.0,169766496.0
2014-11-27,23.27,23.71,22.87,23.42,9886391.0,176156816.0
2014-11-28,23.25,23.8,22.86,23.08,6806471.0,120605696.0
2014-12-01,23.08,23.43,21.84,22.02,8361667.0,143214464.0
2014-12-02,22.11,22.45,21.93,22.29,8143086.0,138267792.0
2014-12-03,22.32,23.01,22.03,22.97,6763709.0,116743232.0
2014-12-04,23.05,23.71,22.78,23.12,6089266.0,108407024.0
2014-12-05,22.97,23.55,22.46,22.92,7372689.0,128760184.0
2014-12-08,22.78,23.25,21.47,22.32,9067802.0,154460928.0
2014-12-09,22.32,24.1,21.74,24.02,15750104.0,272592640.0
2014-12-10,24.0,24.71,23.43,24.18,8839988.0,162701408.0
2014-12-11,24.19,24.82,23.67,24.55,11313917.0,210077248.0
2014-12-12,23.56,24.61,22.1,22.83,23532888.0,422738432.0
2014-12-15,22.25,22.25,20.81,21.76,17794184.0,289259776.0
2014-12-16,21.38,21.59,20.41,20.81,10511267.0,167956336.0
2014-12-17,20.85,21.74,20.66,21.73,16394068.0,263777792.0
2014-12-18,21.86,22.25,21.35,21.9,6766634.0,113033048.0
2014-12-19,21.9,22.11,20.96,21.43,5109027.0,83975480.0
2014-12-22,21.47,21.57,19.48,21.04,7824123.0,122801016.0
2014-12-23,20.92,21.09,20.38,20.89,2659506.0,42423360.0
2014-12-24,20.89,21.08,20.5,20.91,2000383.0,31965636.0
2014-12-25,20.95,21.17,20.8,21.09,6339671.0,101888336.0
2014-12-26,21.08,21.43,20.95,21.22,4138214.0,66948404.0
2014-12-29,21.31,21.47,20.43,21.26,2780125.0,44564408.0
2014-12-30,21.22,21.32,20.89,21.21,1551655.0,24945364.0
2014-12-31,20.96,21.69,20.96,21.63,2463306.0,40213440.0
2015-01-05,21.73,21.9,21.4,21.7,3493236.0,57747256.0
2015-01-06,21.69,21.95,21.46,21.94,2506957.0,41591472.0
2015-01-07,21.94,22.66,21.88,22.65,3677197.0,62446356.0
2015-01-08,22.69,23.42,22.39,23.07,3926355.0,68999168.0
2015-01-09,23.05,23.43,22.63,22.87,2794785.0,49057936.0
2015-01-12,22.8,22.8,21.95,22.37,2451315.0,41567112.0
2015-01-13,22.49,23.18,22.32,22.65,1934376.0,33565712.0
2015-01-14,22.62,22.91,21.99,22.15,2835436.0,48380608.0
2015-01-15,22.25,22.69,21.63,22.46,2863770.0,48271060.0
2015-01-16,22.52,22.77,22.28,22.7,4518844.0,77756352.0
2015-01-19,22.53,22.62,21.73,22.11,4078900.0,69351400.0
2015-01-20,22.21,23.13,22.02,22.9,4935984.0,85442384.0
2015-01-21,22.82,23.11,22.4,23.04,4743692.0,82497696.0
2015-01-22,23.05,24.22,22.87,24.19,8996077.0,162331568.0
2015-01-23,24.35,24.73,23.52,24.15,8193661.0,149608048.0
2015-01-26,24.09,25.89,23.84,25.78,10558070.0,199387776.0
2015-01-27,25.78,26.75,25.55,25.93,7485767.0,149407424.0
2015-01-28,25.89,26.36,25.34,26.14,4743823.0,94506144.0
2015-01-29,26.18,27.22,26.12,26.29,7740653.0,157314528.0
2015-01-30,26.31,26.52,25.53,25.79,4866902.0,96834256.0
2015-02-02,25.79,26.01,24.71,25.27,4031764.0,77542816.0
2015-02-03,25.2,25.74,24.91,25.68,3892604.0,75362608.0
2015-02-04,25.78,26.02,25.5,25.7,1940759.0,38182944.0
2015-02-05,25.67,25.67,24.85,25.3,1928531.0,37107776.0
2015-02-06,25.33,25.53,24.94,25.3,2285753.0,43964000.0
2015-02-09,25.24,25.79,24.96,25.71,5718210.0,110894848.0
2015-02-10,25.72,26.18,25.37,25.87,3960409.0,78000400.0
2015-02-11,25.79,26.31,25.33,25.78,5241604.0,103707760.0
2015-02-12,25.79,25.92,25.25,25.75,9431634.0,184971792.0
2015-02-13,25.66,25.92,25.4,25.75,4450979.0,87131272.0
2015-02-16,25.57,25.92,25.57,25.82,2890624.0,56950788.0
2015-02-17,25.79,26.64,25.37,26.55,6260414.0,124455424.0
2015-02-25,26.68,26.7,26.23,26.38,2448863.0,49530568.0
2015-02-26,26.31,26.38,25.78,26.04,3565801.0,70907192.0
2015-02-27,26.04,26.84,25.21,26.26,4511899.0,88634552.0
2015-03-02,26.26,26.26,25.46,25.74,2881132.0,56548468.0
2015-03-03,26.3,26.43,25.64,26.05,7697732.0,153682096.0
2015-03-04,25.7,26.44,25.7,25.98,3693339.0,73360552.0
2015-03-05,25.89,26.52,25.41,26.17,12364999.0,245574000.0
2015-03-06,26.18,26.36,25.78,26.05,4985413.0,99032224.0
2015-03-09,26.13,27.23,25.76,26.76,7381569.0,150058192.0
2015-03-10,26.17,27.23,26.17,26.57,5789349.0,118040776.0
2015-03-11,26.6,27.05,26.04,26.12,5764477.0,115731432.0
2015-03-12,25.92,27.02,25.85,26.64,11543937.0,231500480.0
2015-03-13,26.76,26.81,26.02,26.21,8057386.0,161912432.0
2015-03-16,26.7,27.41,26.33,26.78,11754017.0,240251520.0
2015-03-17,26.77,28.83,26.46,28.22,17779874.0,374849600.0
2015-03-18,28.26,29.43,27.92,29.07,14721729.0,323741728.0
2015-03-19,29.01,29.27,28.09,28.75,7683999.0,167523840.0
2015-03-20,28.51,28.94,28.32,28.52,5507558.0,120098776.0
2015-03-23,28.51,28.91,28.34,28.79,10576963.0,231227776.0
2015-03-24,28.81,28.91,27.29,28.21,10205281.0,221170992.0
2015-03-25,28.0,28.0,26.84,27.19,9808985.0,203909520.0
2015-03-26,26.84,27.59,26.17,27.41,11195619.0,228083888.0
2015-03-27,27.03,27.83,26.97,27.65,5121986.0,107828592.0
2015-03-30,26.02,26.95,25.28,26.47,11809768.0,235026176.0
2015-03-31,26.3,26.64,25.92,26.47,6207524.0,124654744.0
2015-04-01,26.42,27.36,26.33,27.07,7227412.0,147302736.0
2015-04-02,27.1,29.15,27.09,29.07,13018959.0,279322400.0
2015-04-03,28.8,30.5,28.33,29.98,12810024.0,290596032.0
2015-04-07,29.91,30.24,29.45,29.66,6976283.0,158587392.0
2015-04-08,29.69,30.5,28.67,29.11,6741599.0,151126832.0
2015-04-09,28.68,29.39,27.64,28.67,5538161.0,119458800.0
2015-04-10,28.77,29.32,28.32,28.92,5130857.0,112389032.0
2015-04-13,29.0,29.25,28.2,28.76,6559392.0,143545600.0
2015-04-14,28.68,31.64,28.39,31.64,12605712.0,291360256.0
2015-04-15,32.32,33.45,31.16,31.8,11181382.0,276393792.0
2015-04-16,31.48,31.94,29.04,31.67,7618322.0,181241184.0
2015-04-17,31.35,32.4,31.16,31.77,5067269.0,123607944.0
2015-04-20,31.68,32.6,29.69,31.71,9744197.0,228491344.0
2015-04-21,31.63,32.92,30.78,32.83,10281356.0,253361168.0
2015-04-22,32.73,34.01,32.6,33.0,11560657.0,294006976.0
2015-04-23,32.74,33.12,32.1,32.35,6807828.0,168791552.0
2015-04-24,31.81,32.2,30.76,31.3,6574434.0,157350560.0
2015-04-27,31.3,32.07,30.55,31.64,11268463.0,268506016.0
2015-04-28,31.47,32.56,30.76,32.32,15238823.0,368986528.0
2015-04-29,32.15,32.4,31.02,32.23,7765051.0,189498368.0
2015-04-30,32.02,32.71,31.43,32.01,7235751.0,176219968.0
2015-05-04,32.01,32.01,31.21,31.39,4500717.0,108250520.0
2015-05-05,30.91,31.16,29.04,29.94,5044457.0,116631824.0
2015-05-06,29.82,30.41,28.64,30.03,5307422.0,119204992.0
2015-05-07,30.0,30.0,29.02,29.57,2616651.0,58645168.0
2015-05-08,29.55,30.38,29.45,29.98,4262764.0,96987360.0
2015-05-11,29.98,30.82,29.98,30.63,3698746.0,85799200.0
2015-05-12,30.63,30.7,29.85,30.0,4133304.0,95186472.0
2015-05-13,30.08,31.79,29.47,31.68,7969609.0,186515552.0
2015-05-14,32.05,32.53,31.18,32.12,9464165.0,229918720.0
2015-05-15,32.3,32.3,30.88,31.99,7034998.0,169825248.0
2015-05-18,31.69,32.19,31.1,31.47,5783125.0,139782640.0
2015-05-19,30.4,34.61,30.4,34.61,25070920.0,618003328.0
2015-05-20,34.62,36.76,34.26,35.4,17016780.0,460599584.0
2015-05-21,35.33,36.26,34.8,36.03,8135862.0,221876080.0
2015-05-22,36.97,39.63,36.26,38.97,19158088.0,555301568.0
2015-05-25,39.93,39.93,38.09,38.59,13983469.0,416364192.0
2015-05-26,38.6,42.45,37.62,40.2,12987990.0,383293728.0
2015-05-27,39.93,44.22,39.16,44.17,21949510.0,702054336.0
2015-05-28,44.18,45.69,42.58,43.08,11782073.0,394927968.0
2015-05-29,43.04,45.56,40.45,43.85,12468308.0,416101312.0
2015-06-01,44.51,48.24,43.8,48.08,15448914.0,536440928.0
2015-06-02,48.24,49.16,47.3,48.46,8750379.0,321294112.0
2015-06-03,48.54,51.05,47.13,50.47,9606779.0,357470016.0
2015-06-04,50.48,50.92,45.82,49.27,6420135.0,239564464.0
2015-06-05,49.72,50.14,47.78,49.61,9119871.0,341999712.0
2015-06-08,49.09,50.14,48.49,49.41,7233313.0,271543552.0
2015-06-09,49.99,52.36,48.52,49.31,9168096.0,350230912.0
2015-06-10,49.42,49.59,48.57,49.01,6345831.0,237589872.0
2015-06-11,47.9,48.4,44.67,47.17,27508648.0,964336448.0
2015-06-12,46.8,47.77,45.82,47.27,17441026.0,620052224.0
2015-06-15,47.13,50.53,46.21,48.71,13239933.0,482633664.0
2015-06-16,48.75,50.01,47.27,48.29,11521669.0,430674560.0
2015-06-17,48.15,50.2,48.15,50.12,9898002.0,370923168.0
2015-06-18,49.35,51.56,48.38,48.55,9221176.0,356114464.0
2015-06-19,47.78,47.78,43.7,43.7,5548243.0,193303664.0
2015-06-23,43.85,45.56,39.33,43.45,9012032.0,288173216.0
2015-06-24,43.53,43.85,42.58,43.59,5952621.0,197282112.0
2015-06-25,43.6,46.21,42.3,44.42,6456669.0,215581424.0
2015-06-26,42.15,43.2,39.98,39.98,3329695.0,104734416.0
2015-06-29,40.48,41.89,35.99,39.14,10603138.0,299148832.0
2015-06-30,37.7,40.97,35.23,40.19,9541520.0,278178368.0
2015-07-01,40.58,41.24,36.52,38.63,6971405.0,211245264.0
2015-07-02,38.55,38.55,34.77,34.8,5751815.0,156710416.0
2015-11-05,31.31,35.79,31.31,35.38,66501840.0,1640466304.0
2015-11-06,32.79,38.92,32.57,38.92,51371196.0,1464966528.0
2015-11-09,40.31,42.81,39.02,42.81,30265462.0,968434624.0
2015-11-10,45.57,46.08,42.41,44.04,27397446.0,928986752.0
2015-11-11,43.33,45.56,43.24,43.55,18190930.0,615112448.0
2015-11-12,43.2,45.53,42.41,43.62,14777162.0,496620128.0
2015-11-13,42.94,47.91,42.39,45.48,19170596.0,665708096.0
2015-11-16,44.57,49.74,44.51,48.36,15086567.0,547832000.0
2015-11-17,48.85,48.96,45.16,46.3,18913328.0,680427392.0
2015-11-18,46.13,46.37,42.51,43.32,18880360.0,634659648.0
2015-11-19,42.96,43.85,41.38,43.27,11377388.0,369314336.0
2015-11-20,43.28,44.22,42.28,42.52,10556465.0,345639552.0
2015-11-23,41.89,46.16,41.22,45.15,12906767.0,434084224.0
2015-11-24,44.88,45.8,43.2,43.63,8782102.0,295825440.0
2015-11-25,43.49,44.43,42.55,43.08,5830053.0,193816928.0
2015-11-26,43.0,43.72,41.3,41.93,9154828.0,299539072.0
2015-11-27,41.63,42.77,39.26,39.84,10375952.0,326765088.0
2015-11-30,39.93,41.37,36.39,38.41,7444597.0,219917088.0
2015-12-01,38.97,40.71,37.54,39.93,6534092.0,195056349.0
2015-12-02,39.77,40.74,37.67,39.18,5588690.0,166734560.0
2015-12-03,38.57,40.58,38.57,40.23,4805101.0,146401118.0
2015-12-04,40.99,40.99,39.1,39.48,6480597.0,196543264.0
2015-12-07,39.66,40.58,39.38,39.78,4501878.0,137372357.0
2015-12-08,39.66,39.66,37.99,38.58,4163279.0,122627168.0
2015-12-09,38.55,38.93,38.11,38.54,2940674.0,86521732.0
2015-12-10,38.33,40.75,38.17,39.13,5928841.0,179500432.0
2015-12-11,39.27,39.76,37.83,38.24,3599437.0,105783704.0
2015-12-14,37.37,37.81,35.93,37.37,6445887.0,181344016.0
2015-12-15,37.18,38.79,36.27,38.47,6770551.0,194999200.0
2015-12-16,38.09,42.32,37.72,42.26,11006458.0,337357632.0
2015-12-17,42.01,43.98,41.6,43.37,12431205.0,409193376.0
2015-12-18,43.08,43.89,41.63,41.85,7931952.0,257634656.0
2015-12-21,41.76,42.61,41.47,41.75,5720256.0,183094096.0
2015-12-22,42.47,42.55,41.56,42.23,3954166.0,126938033.0
2015-12-23,41.58,42.26,40.95,41.13,3895463.0,123582760.0
2015-12-24,41.13,42.87,40.84,42.32,5054909.0,162581808.0
2015-12-25,42.39,45.82,42.22,44.61,8233151.0,277589823.0
2015-12-28,44.63,45.67,42.58,43.53,8320655.0,280812939.0
2015-12-29,43.2,43.97,43.04,43.61,3193068.0,105797298.0
2015-12-30,43.63,44.72,43.44,43.89,3276104.0,110358346.0
2015-12-31,43.85,44.64,42.68,42.99,4513187.0,149471655.0
2016-01-04,43.13,43.58,38.7,38.7,2734680.0,84989241.0
2016-01-05,36.65,39.25,34.82,36.81,10245383.0,287025677.0
2016-01-06,38.08,39.18,36.52,38.49,6543089.0,188577797.0
2016-01-07,37.98,37.98,34.64,34.66,907900.0,25073357.0
2016-01-08,35.34,35.74,31.55,33.43,6708464.0,175258022.0
2016-01-11,32.53,33.25,30.1,30.1,6928583.0,163884731.0
2016-01-12,30.1,30.37,27.48,28.79,8229587.0,181117290.0
2016-01-13,28.81,30.27,28.58,29.89,8490923.0,190437444.0
2016-01-14,29.32,32.87,27.53,32.87,9728085.0,228563231.0
2016-01-15,32.96,34.04,32.07,33.16,6683990.0,167908613.0
2016-01-18,32.47,33.38,32.09,32.56,5131630.0,128693199.0
2016-01-19,32.27,34.56,32.09,34.13,6940847.0,174586566.0
2016-01-20,33.97,35.15,33.41,33.97,5341486.0,139335588.0
2016-01-21,33.25,34.26,32.01,32.1,4043774.0,102463507.0
2016-01-22,31.94,32.69,28.89,28.89,8744910.0,196919393.0
2016-01-25,27.01,28.79,26.0,27.25,21015308.0,432968684.0
2016-01-26,26.39,26.82,24.53,24.53,13490456.0,265023372.0
2016-01-27,24.14,24.47,22.08,22.08,14892535.0,254271884.0
2016-01-28,21.31,22.75,21.08,21.6,12899994.0,218745921.0
2016-01-29,21.6,23.35,21.21,22.41,9760358.0,166416133.0
2016-02-01,22.52,23.37,22.29,22.95,7962828.0,139355253.0
2016-02-02,22.58,24.98,22.58,24.04,8193691.0,150145152.0
2016-02-03,23.56,24.04,22.95,23.71,3439032.0,61782214.0
2016-02-04,23.92,26.08,23.92,25.2,6686269.0,128919240.0
2016-02-05,25.45,25.92,24.51,24.83,3633206.0,69860702.0
2016-02-15,24.14,25.46,23.56,25.16,3328012.0,62394337.0
2016-02-16,24.9,26.06,24.74,25.4,6253971.0,121571261.0
2016-02-17,25.29,25.53,24.47,25.27,6209103.0,118186650.0
2016-02-18,25.27,26.22,24.79,25.37,8715907.0,170487884.0
2016-02-19,25.41,25.41,24.49,25.11,6755075.0,128314117.0
2016-02-22,25.66,27.62,25.63,27.62,13448684.0,271653777.0
2016-02-23,28.54,30.38,28.47,30.38,11499943.0,263235171.0
2016-02-24,30.38,33.23,30.17,31.84,23249108.0,562750153.0
2016-02-29,28.68,29.52,28.66,28.66,8829040.0,193996492.0
2016-03-01,26.84,29.13,25.83,28.54,11821909.0,246639540.0
2016-03-02,28.49,31.39,27.83,31.39,10717096.0,249855179.0
2016-03-03,31.76,32.71,30.11,30.27,9753059.0,234853670.0
2016-03-04,30.58,31.22,27.49,30.42,7047011.0,161611675.0
2016-03-07,30.95,33.46,30.11,33.46,11223835.0,274911544.0
2016-03-08,33.25,35.61,31.88,34.49,12818052.0,330693727.0
2016-03-09,32.57,34.43,32.57,33.32,6601225.0,168232706.0
2016-03-10,33.25,34.05,32.56,33.2,6228780.0,159175858.0
2016-03-11,33.53,34.27,33.28,34.22,8624853.0,222408454.0
2016-03-14,33.91,36.09,33.91,34.9,8072760.0,216916235.0
2016-03-15,35.08,35.15,33.4,33.54,5451188.0,143021541.0
2016-03-16,33.72,34.94,32.99,33.46,6353736.0,164565699.0
2016-03-17,33.58,34.73,33.51,34.23,4959948.0,129476684.0
2016-03-18,34.8,35.54,33.7,35.45,8733781.0,230957510.0
2016-03-21,35.45,37.11,35.29,36.43,7361844.0,204819712.0
2016-03-22,36.0,39.25,36.0,38.5,9532088.0,277772923.0
2016-03-23,37.57,40.08,37.45,39.78,7952147.0,236059979.0
2016-03-24,41.5,41.5,35.8,35.8,15756988.0,473693140.0
2016-03-25,36.52,38.36,35.76,37.94,8875136.0,248086134.0
2016-03-28,37.56,39.01,34.44,35.73,10608178.0,296833724.0
2016-03-29,35.36,35.84,33.64,34.3,6260530.0,166196011.0
2016-03-30,35.04,35.8,34.49,35.74,6722195.0,180935126.0
2016-03-31,36.18,36.33,34.89,35.36,5836575.0,158125793.0
2016-04-01,35.33,35.86,33.77,34.7,5835157.0,155277585.0
2016-04-05,35.06,36.1,34.7,35.78,5239549.0,142161934.0
2016-04-06,36.0,37.83,35.17,35.25,11288545.0,313185886.0
2016-04-07,35.31,35.34,33.91,34.22,6460885.0,170382293.0
2016-04-08,34.25,34.3,33.16,33.75,3927860.0,100702688.0
2016-04-11,34.06,35.33,34.06,35.1,6300569.0,167388850.0
2016-04-12,35.14,35.48,34.39,35.12,4216747.0,112144180.0
2016-04-13,35.54,36.59,35.12,35.58,6861724.0,187398575.0
2016-04-14,35.62,36.39,35.37,35.97,6206948.0,170187992.0
2016-04-15,36.09,37.22,35.84,36.08,7215279.0,200719763.0
2016-04-18,36.16,36.16,34.56,34.8,5668137.0,151476493.0
2016-04-19,34.85,35.19,33.72,34.04,6609247.0,172887100.0
2016-04-20,34.14,35.34,31.51,32.36,8473198.0,215186276.0
2016-04-21,31.94,33.33,31.56,32.49,4553990.0,113833561.0
2016-04-22,31.9,33.11,31.9,32.78,3286655.0,82314642.0
2016-04-25,32.82,36.05,32.53,35.27,7923497.0,208848240.0
2016-04-26,35.29,36.63,34.91,35.86,6689850.0,182594047.0
2016-04-27,36.52,36.58,34.69,35.25,4164126.0,113780271.0
2016-04-28,35.06,35.58,34.04,34.84,3521900.0,93746098.0
2016-04-29,34.61,35.06,34.35,34.55,1881820.0,49866564.0
2016-05-03,34.62,36.01,34.08,35.62,3723839.0,100794945.0
2016-05-04,35.65,35.95,35.34,35.65,2844427.0,77347678.0
2016-05-05,35.83,35.83,35.29,35.44,2167768.0,58794411.0
2016-05-06,35.49,37.22,34.9,34.98,7291914.0,201392551.0
2016-05-09,34.1,34.36,32.2,32.64,4628942.0,117563685.0
2016-05-10,32.6,32.99,30.17,32.11,4915498.0,119171152.0
2016-05-11,32.2,32.56,29.75,30.03,5902570.0,140252523.0
2016-05-12,29.95,29.95,27.5,28.98,3797606.0,83042619.0
2016-05-13,29.19,30.57,28.54,29.13,4605313.0,104304463.0
2016-05-16,28.79,30.21,28.58,30.2,3186966.0,71841773.0
2016-05-17,30.57,31.12,29.85,30.7,3056575.0,71132589.0
2016-05-18,30.5,30.5,27.64,27.91,4728977.0,103369855.0
2016-05-19,28.14,28.76,27.88,28.09,2306612.0,50011205.0
2016-05-20,28.45,28.45,27.73,28.37,2039698.0,43839354.0
2016-05-23,28.26,31.21,28.26,31.21,5062666.0,116285270.0
2016-05-24,31.55,31.55,30.07,30.37,4215591.0,98328116.0
2016-05-25,30.53,31.08,29.61,30.04,3260187.0,75414868.0
2016-05-26,29.75,30.32,29.06,30.14,2608099.0,59181953.0
2016-05-27,30.14,31.48,29.72,30.7,3897076.0,91637079.0
2016-05-30,30.76,33.38,30.5,32.9,7294434.0,180639031.0
2016-05-31,32.84,35.46,32.62,35.34,8788272.0,232441856.0
2016-06-01,35.48,35.95,34.69,35.34,8999604.0,243758277.0
2016-06-02,35.58,36.16,35.21,36.13,10745947.0,295116946.0
2016-06-03,35.84,36.59,35.67,36.14,4500649.0,124544880.0
2016-06-06,36.3,36.45,34.7,34.91,4554307.0,122875246.0
2016-06-07,35.31,35.74,34.59,35.31,2792237.0,75185697.0
2016-06-08,35.29,36.23,35.06,35.08,4317403.0,117264680.0
2016-06-13,34.56,34.74,32.75,32.91,5433509.0,140454237.0
2016-06-14,32.47,33.35,31.75,31.97,4975828.0,122834881.0
2016-09-08,35.16,35.16,35.16,35.16,5170538.0,138880651.0
2016-09-09,36.22,38.68,35.19,38.68,37398732.0,1073489947.0
2016-09-12,39.27,41.5,38.29,39.46,32394117.0,982285196.0
2016-09-13,39.56,41.46,38.55,41.17,17677820.0,541084364.0
2016-09-14,39.56,42.44,39.56,40.61,14300923.0,449048510.0
2016-09-19,42.78,44.37,41.89,42.3,15606929.0,511566343.0
2016-09-20,41.89,43.63,41.54,42.96,8803322.0,286895926.0
2016-09-21,42.55,43.42,41.89,43.29,6031112.0,196990231.0
2016-09-22,43.41,43.85,42.55,42.96,6147162.0,202577459.0
2016-09-23,42.56,43.2,41.92,43.03,4809242.0,156956233.0
2016-09-26,43.08,44.35,42.36,42.52,7931638.0,262985990.0
2016-09-27,42.3,43.04,40.42,41.97,7325590.0,233114164.0
2016-09-28,41.89,42.65,41.24,41.99,5107152.0,163310130.0
2016-09-29,42.17,42.55,41.5,41.83,2863546.0,91562012.0
2016-09-30,42.14,43.81,41.81,43.3,6558477.0,214938198.0
2016-10-10,43.89,44.77,43.2,44.57,8836676.0,299252841.0
2016-10-11,44.89,46.01,43.91,45.92,4819626.0,165697290.0
2016-10-12,45.66,45.82,44.89,45.18,3892230.0,134709725.0
2016-10-13,45.66,45.88,44.9,45.32,2408330.0,83328734.0
2016-10-14,45.56,45.56,44.63,45.23,2371494.0,81342556.0
2016-10-17,45.2,45.42,43.44,43.61,3829354.0,129536768.0
2016-10-18,43.85,44.31,42.69,43.51,4235262.0,140391229.0
2016-10-19,43.46,43.85,42.81,43.71,7823148.0,258831366.0
2016-10-20,43.46,43.85,42.91,43.38,3585336.0,118693331.0
2016-10-21,43.2,43.85,42.81,43.67,3255900.0,108184647.0
2016-10-24,43.84,43.84,42.95,43.5,3407439.0,112825077.0
2016-10-25,43.76,43.76,42.91,43.19,2909064.0,95920827.0
2016-10-26,43.16,43.4,41.89,42.05,4890736.0,159077093.0
2016-10-27,41.99,45.16,41.55,44.63,6087857.0,202226236.0
2016-10-28,44.63,45.69,44.29,44.59,5032340.0,173281801.0
2016-10-31,43.98,44.85,43.59,44.43,2349117.0,79241369.0
2016-11-01,44.5,44.89,43.87,44.3,2293329.0,77687330.0
2016-11-02,44.5,44.5,43.63,44.01,2112147.0,71141634.0
2016-11-03,44.05,44.12,43.23,43.66,2951857.0,98562333.0
2016-11-04,43.8,43.8,42.69,42.74,3815422.0,125782047.0
2016-11-07,42.56,43.84,42.56,43.55,2107110.0,69841975.0
2016-11-08,43.78,45.62,43.23,45.01,6304223.0,214666566.0
2016-11-09,44.69,45.46,43.85,44.38,3413278.0,116128180.0
2016-11-10,44.51,45.15,44.46,44.78,2516051.0,86048188.0
2016-11-11,44.95,45.12,44.17,44.31,2372809.0,80806561.0
2016-11-14,44.51,45.49,43.92,45.16,4839435.0,164797217.0
2016-11-15,45.16,48.57,45.15,46.84,8671550.0,311491154.0
2016-11-16,46.52,47.73,46.34,46.79,3501126.0,125273602.0
2016-11-17,46.25,47.89,46.25,47.0,4234480.0,152803802.0
2016-11-18,46.93,47.57,46.46,47.03,4160100.0,149612174.0
2016-11-21,47.13,47.72,46.34,46.89,3471675.0,124576159.0
2016-11-22,47.11,47.11,45.88,46.26,3591102.0,127045069.0
2016-11-23,46.31,46.76,45.18,46.37,3782850.0,132974221.0
2016-11-24,46.56,47.11,41.73,45.88,6506057.0,227476164.0
2016-11-25,45.66,45.95,44.38,45.78,5241029.0,180942557.0
2016-11-28,46.21,46.3,45.09,45.27,1584401.0,55093959.0
2016-11-29,45.06,45.56,43.59,44.04,3864852.0,131467411.0
2016-11-30,43.91,44.51,43.65,44.05,1808572.0,60867587.0
2016-12-01,44.25,44.46,43.23,43.68,2352833.0,78537943.0
2016-12-02,43.79,44.31,43.32,44.0,1738156.0,58254864.0
2016-12-05,44.35,45.8,43.98,45.15,4110540.0,141636681.0
2016-12-06,45.16,45.56,44.77,45.41,1935604.0,66850372.0
2016-12-07,45.52,46.71,45.42,46.0,2926038.0,102986109.0
2016-12-08,45.66,46.46,45.66,46.16,2490222.0,87730633.0
2016-12-09,46.22,47.78,45.69,47.61,4273214.0,152900257.0
2016-12-12,47.6,47.78,42.87,44.06,4557217.0,160219532.0
2016-12-13,43.27,44.86,42.94,44.35,3296543.0,111642697.0
2016-12-14,44.46,44.67,43.29,43.55,2373766.0,79302378.0
2016-12-15,43.55,44.37,43.24,43.66,1202301.0,40206995.0
2016-12-16,43.67,45.79,43.67,44.33,1289649.0,43711515.0
2016-12-19,44.73,45.62,44.12,45.42,2409238.0,82568166.0
2016-12-20,45.42,45.73,44.55,44.8,1876964.0,64642181.0
2016-12-21,45.01,45.49,44.51,45.35,2213959.0,75963855.0
2016-12-22,44.82,45.69,44.82,45.07,914250.0,31626786.0
2016-12-23,44.68,45.23,44.51,44.59,932100.0,31851807.0
2016-12-26,44.72,44.9,43.7,44.48,1441217.0,48791266.0
2016-12-27,44.25,44.52,43.87,44.04,951189.0,32081414.0
2016-12-28,44.2,44.43,43.92,44.21,1464597.0,49408933.0
2016-12-29,44.25,44.51,43.88,44.23,2222297.0,74886890.0
2016-12-30,44.23,44.51,43.46,44.31,2103846.0,70711356.0
2017-01-03,44.31,45.5,44.25,44.74,2604906.0,89283776.0
2017-01-04,44.97,47.21,44.91,46.77,7852786.0,276976796.0
2017-08-28,42.1,42.1,42.1,42.1,466400.0,14999424.0
2017-08-29,37.88,37.88,37.88,37.88,2258400.0,65358096.0
2017-08-30,34.1,37.13,34.1,35.36,50832866.0,1339753850.0
2017-08-31,33.91,34.22,33.6,33.89,22250458.0,576608954.0
2017-09-01,33.77,34.08,33.38,33.71,12812311.0,329643026.0
2017-09-04,33.91,33.97,33.07,33.28,12145759.0,309573080.0
2018-01-16,29.95,29.95,29.95,29.95,1310400.0,29981952.0
2018-01-17,26.95,31.12,26.95,30.44,43365175.0,927148045.0
2018-01-18,28.64,30.76,28.36,29.62,18213959.0,405544803.0
2018-01-19,29.59,29.8,28.38,28.93,12537346.0,278605310.0
2018-01-22,28.8,28.8,26.97,28.52,10551694.0,225408683.0
2018-01-23,28.58,29.39,28.25,29.19,8368946.0,185401613.0
2018-01-24,29.21,29.4,28.66,28.67,6590226.0,144961179.0
2018-01-25,28.68,28.93,28.66,28.77,7149527.0,156878866.0
2018-01-26,28.77,29.0,28.73,28.84,5432064.0,119980672.0
2018-01-29,28.84,28.93,28.13,28.29,6839611.0,148102603.0
2018-01-30,28.25,28.54,27.53,28.32,5131755.0,109680633.0
2018-01-31,28.32,28.79,27.75,28.36,5754867.0,123773778.0
2018-02-01,28.38,28.52,25.51,27.56,15755010.0,320858160.0
2018-02-02,26.05,26.18,24.81,26.08,17943072.0,346340082.0
2018-02-05,26.18,28.14,25.13,27.83,20500013.0,414080294.0
2018-02-06,27.46,29.34,26.84,28.01,11710431.0,248363463.0
2018-02-07,28.37,29.06,27.69,28.55,11366338.0,245201372.0
2018-02-08,28.62,28.8,28.26,28.6,6088402.0,132899715.0
2018-02-09,27.95,28.6,27.2,28.5,6738323.0,144195541.0
2018-02-12,28.49,29.02,28.39,28.81,8511509.0,186161635.0
2018-02-13,28.68,29.0,28.66,28.84,9079505.0,199898198.0
2018-02-14,28.84,29.09,28.56,28.91,4528300.0,99569671.0
2018-02-22,29.14,29.28,28.71,29.18,4986586.0,110473739.0
2018-02-23,28.94,29.41,28.71,29.27,7440572.0,164701689.0
2018-02-26,29.44,30.75,29.04,30.06,8755471.0,198361115.0
2018-02-27,30.06,30.4,29.78,30.24,6005993.0,138664134.0
2018-02-28,30.19,30.66,29.93,30.0,4725416.0,109443687.0
2018-03-01,30.07,30.67,29.77,30.49,4758913.0,109784840.0
2018-03-02,30.2,30.52,29.98,30.07,2931130.0,67751021.0
2018-03-05,29.91,30.23,29.91,30.14,2258482.0,51923128.0
2018-03-06,30.15,30.8,30.03,30.52,3234161.0,75188372.0
2018-03-07,30.63,30.99,30.5,30.84,5436971.0,127737648.0
2018-03-08,31.01,33.25,30.92,32.4,8480680.0,207503836.0
2018-03-09,32.67,34.32,32.23,34.18,8957652.0,229706932.0
2018-03-12,34.36,35.21,33.77,34.61,7904605.0,208481802.0
2018-03-13,34.56,35.34,34.18,35.16,6188803.0,164050683.0
2018-03-14,35.14,35.82,34.86,35.76,5296701.0,143518139.0
2018-03-15,35.58,36.92,35.36,36.8,7165120.0,199164436.0
2018-03-16,36.98,37.51,34.56,35.58,8574808.0,233998311.0
2018-03-19,34.95,35.21,33.26,33.3,9140481.0,238692104.0
2018-03-20,33.28,33.98,32.2,32.28,8063263.0,202813069.0
2018-03-21,32.57,33.45,30.91,31.52,19910480.0,485518256.0
2018-03-22,32.06,32.24,30.91,32.12,6849586.0,166413309.0
2018-03-23,31.55,31.55,28.92,28.92,12429526.0,288001676.0
2018-03-26,29.04,30.63,28.92,30.15,20474752.0,464107730.0
2018-03-27,30.71,33.16,30.7,33.04,12313226.0,304746773.0
2018-03-28,32.6,33.35,32.48,33.07,7988246.0,201603181.0
2018-03-29,32.6,34.49,32.6,33.43,8177558.0,210286320.0
2018-03-30,33.83,34.42,33.03,34.17,5571702.0,144288048.0
2018-04-02,34.17,35.27,33.79,34.68,4814073.0,127274803.0
2018-04-03,34.02,34.3,33.42,34.02,3852275.0,99791831.0
2018-04-04,34.43,34.49,33.58,34.17,3142148.0,81592919.0
2018-04-09,34.12,37.05,33.23,36.94,8072602.0,217534137.0
2018-04-10,37.26,37.73,36.39,36.85,8673731.0,245474525.0
2018-04-11,37.03,37.37,36.14,36.33,2538558.0,70876378.0
2018-04-12,36.46,36.9,35.66,36.22,3436228.0,94848691.0
2018-04-13,36.42,36.85,35.74,36.39,3529376.0,97272067.0
2018-04-16,36.26,36.78,35.86,36.22,4592601.0,126813302.0
2018-04-17,36.23,36.63,35.95,36.14,4022930.0,111295011.0
2018-04-18,36.3,36.58,35.8,36.45,3323251.0,91972474.0
2018-04-19,36.54,36.62,35.86,36.29,2809905.0,77801081.0
2018-04-20,36.26,36.35,35.87,36.03,2952231.0,81288867.0
2018-04-23,35.96,36.2,35.48,35.87,2244990.0,61428385.0
2018-04-24,35.88,37.96,35.82,37.41,4066682.0,113970032.0
2018-04-25,37.4,38.59,37.18,38.46,4587150.0,132579973.0
2018-04-26,38.45,38.49,36.12,36.65,3746578.0,107801018.0
2018-04-27,36.45,38.28,33.12,37.48,9380262.0,253729445.0
2018-05-02,37.24,38.2,36.25,37.78,8817869.0,253372768.0
2018-05-03,37.64,37.9,36.3,37.05,7620713.0,217329356.0
2018-05-04,37.11,37.82,36.85,37.01,3157212.0,89726490.0
2018-05-07,36.68,36.89,35.11,36.67,4666854.0,128870285.0
2018-05-08,36.39,36.65,35.48,35.54,3015379.0,82792031.0
2018-05-09,35.58,35.65,34.76,35.61,2623946.0,70508279.0
2018-05-10,36.12,36.12,35.2,35.31,1475939.0,39882258.0
2018-05-11,35.31,35.8,34.94,35.25,3798158.0,102694691.0
2018-05-14,34.89,35.25,34.32,34.9,1576282.0,41885698.0
2018-05-15,34.74,34.77,34.04,34.66,2935758.0,77168125.0
2018-05-16,34.66,34.95,34.31,34.61,1871266.0,49497657.0
2018-05-17,34.61,34.66,34.08,34.39,4336866.0,114301838.0
2018-05-18,34.81,35.32,34.14,35.15,6694894.0,176209621.0
2018-05-21,35.08,35.87,35.03,35.36,4846775.0,130631989.0
2018-05-22,35.32,35.44,34.62,35.19,2030777.0,54159615.0
2018-05-23,34.97,35.08,34.34,34.47,2150700.0,56865579.0
2018-05-24,34.45,34.64,34.1,34.44,3567757.0,93475271.0
2018-05-25,34.53,35.06,34.28,34.81,3594777.0,95117097.0
2018-05-28,35.08,35.08,33.51,33.67,1922366.0,50224503.0
2018-05-29,33.67,34.4,33.23,33.68,7059377.0,181747183.0
2018-05-30,33.41,33.41,32.73,32.91,3053701.0,77299775.0
2018-05-31,33.49,33.49,32.78,32.92,2798300.0,70574075.0
2018-06-01,32.94,34.44,31.93,34.36,5518500.0,141726166.0
2018-06-04,34.36,35.75,33.38,35.17,4462359.0,119467971.0
2018-06-05,31.65,35.34,31.65,34.17,17488989.0,430842093.0
2018-06-06,32.67,32.99,31.69,32.28,6857794.0,170343810.0
2018-06-07,32.2,32.7,32.09,32.49,3122500.0,77171967.0
2018-06-08,32.15,32.47,32.15,32.32,2194501.0,54100618.0
2018-06-11,32.01,32.39,31.57,32.27,3371000.0,83021036.0
2018-06-12,32.44,32.44,32.16,32.32,1676800.0,41361174.0
2018-06-13,32.39,32.6,32.18,32.53,3380918.0,83704970.0
2018-06-14,32.83,32.86,31.81,32.32,6647913.0,163531355.0
2018-06-15,32.45,32.45,29.09,29.09,4067300.0,96297937.0
2018-08-15,26.18,26.18,26.18,26.18,69100.0,1382000.0
2018-08-16,23.56,23.56,23.56,23.56,54200.0,975600.0
2018-08-17,21.21,21.21,21.21,21.21,443900.0,7191180.0
2018-08-20,19.09,19.09,19.09,19.09,430000.0,6269400.0
2018-08-21,17.18,17.18,17.18,17.18,650500.0,8534560.0
2018-08-22,15.46,15.46,15.46,15.46,353200.0,4171292.0
2018-08-23,13.92,13.92,13.92,13.92,249000.0,2646870.0
2018-08-24,12.53,12.53,12.53,12.53,321900.0,3080583.0
2018-08-27,11.27,13.73,11.27,13.2,77192796.0,695117966.0
2018-08-28,11.87,12.5,11.87,11.87,54233407.0,497092305.0
2018-08-29,11.52,12.08,11.52,11.96,30048444.0,272584965.0
2018-08-30,11.94,12.12,11.59,11.69,17455239.0,157476275.0
2018-08-31,11.6,11.76,10.94,11.11,19846514.0,170073728.0
2018-09-03,11.1,11.76,10.63,11.62,24990685.0,214523600.0
2018-09-04,11.49,12.08,11.49,11.64,28193483.0,253367926.0
2018-09-05,11.69,12.02,11.53,11.73,23740967.0,213700001.0
2018-09-06,11.65,11.79,11.26,11.4,22177014.0,194744441.0
2018-09-07,11.65,12.54,11.57,12.54,46725738.0,438642452.0
2018-09-10,12.83,13.8,12.83,13.8,56091251.0,565597101.0
2018-09-11,13.46,13.59,12.78,13.54,37409793.0,378487141.0
2018-09-12,13.54,14.77,13.13,14.11,47560900.0,509092731.0
2018-09-13,13.97,14.58,13.23,13.84,36392560.0,383751181.0
2018-09-14,13.48,13.57,12.5,12.5,32443152.0,324255193.0
2018-09-17,12.11,12.89,12.1,12.35,19292351.0,184286259.0
2018-09-18,13.21,13.47,12.52,13.09,27281650.0,269150039.0
2018-09-19,13.14,13.52,12.74,13.29,27494252.0,276083947.0
2018-09-20,13.35,13.57,12.91,13.57,26569319.0,268914001.0
2018-09-21,13.56,13.9,13.23,13.43,31958499.0,332188152.0
2018-09-25,13.18,13.54,12.96,13.29,18080756.0,182073996.0
2018-09-26,13.3,13.84,13.17,13.64,25971156.0,267938274.0
2018-09-27,13.48,13.72,12.96,13.01,20848101.0,211955113.0
2018-09-28,12.96,13.22,12.84,13.01,13859503.0,137980468.0
2018-10-08,12.54,12.87,11.93,12.07,12515088.0,119530902.0
2018-10-09,12.25,12.45,11.96,12.07,10019737.0,93539414.0
2018-10-10,12.15,12.27,11.59,11.74,12254885.0,110690629.0
2018-10-11,11.18,11.18,10.56,10.56,16877130.0,138285045.0
2018-10-12,10.28,10.46,9.52,9.82,16631376.0,125377515.0
2018-10-15,9.92,10.8,9.88,10.21,22171731.0,176718913.0
2018-10-16,10.26,10.58,9.96,10.11,16513010.0,129363259.0
2018-10-17,10.37,10.5,10.01,10.43,15966672.0,125905469.0
2018-10-18,10.33,10.37,9.39,9.39,16602647.0,122668577.0
2018-10-19,8.93,9.61,8.82,9.57,12997572.0,92584032.0
2018-10-22,9.78,10.28,9.74,10.08,16321701.0,125138215.0
2018-10-23,10.21,10.8,10.13,10.3,24041034.0,191588565.0
2018-10-24,10.29,10.64,10.08,10.47,18526273.0,146930267.0
2018-10-25,10.04,10.47,9.96,10.34,12770287.0,100204116.0
2018-10-26,10.45,10.5,10.0,10.11,13847205.0,108177792.0
2018-10-29,9.96,10.3,9.9,9.92,10181156.0,78666476.0
2018-10-30,9.03,9.78,9.03,9.57,16909592.0,121841477.0
2018-10-31,9.77,10.53,9.67,10.53,11788608.0,92778051.0
2018-11-01,10.93,11.13,10.34,10.41,29862893.0,246196595.0
2018-11-02,10.59,10.98,10.47,10.6,18962827.0,154515052.0
2018-11-05,10.6,10.96,10.59,10.81,18953916.0,155797044.0
2018-11-06,10.89,11.34,10.76,11.32,26987363.0,227072160.0
2018-11-07,11.15,11.21,10.83,10.88,19447022.0,163181447.0
2018-11-08,10.9,11.89,10.85,11.48,32632105.0,283109683.0
2018-11-09,11.7,12.63,11.48,12.12,38854822.0,363628754.0
2018-11-12,11.57,12.27,11.57,12.16,25156034.0,228314723.0
2018-11-13,11.87,12.79,11.79,12.52,28555676.0,268993701.0
