2009-02-24,12.08,12.08,12.08,12.08,1907673.0,6123630.0
2009-02-25,12.68,12.68,12.68,12.68,497282.0,1675840.0
2009-02-26,13.32,13.32,13.32,13.32,181153.0,641282.0
2009-02-27,14.0,14.0,12.83,14.0,14130563.0,52161492.0
2009-03-02,14.15,14.64,13.28,14.18,29781504.0,108278712.0
2009-03-03,13.66,13.88,13.47,13.47,14793288.0,53310752.0
2009-03-04,13.28,13.7,12.79,13.39,17677088.0,62400104.0
2009-03-05,13.39,14.03,12.72,12.87,16748263.0,58285728.0
2009-03-06,12.83,12.83,12.23,12.23,12555309.0,41122108.0
2009-03-09,12.34,12.53,11.89,12.04,7112965.0,23185304.0
2009-03-10,12.04,12.64,11.89,12.64,4073666.0,13515153.0
2009-03-11,13.13,13.28,12.9,13.28,10202656.0,35921656.0
2009-03-12,13.54,13.88,12.72,13.39,16320122.0,58427788.0
2009-03-13,13.24,13.88,13.02,13.73,9440034.0,33468860.0
2009-03-16,13.73,14.41,13.43,14.41,12965441.0,48998520.0
2009-03-17,14.67,15.12,14.56,15.12,2193991.0,8765324.0
2009-03-18,15.88,15.88,14.67,14.86,21293840.0,87169704.0
2009-03-19,14.79,15.61,14.67,15.61,12615256.0,51726288.0
2009-03-20,15.65,16.4,15.43,16.4,15734981.0,67876128.0
2009-03-23,16.78,17.19,16.48,17.01,13692362.0,61171920.0
2009-03-24,17.12,17.57,16.14,16.97,13110393.0,58312108.0
2009-03-25,16.97,17.31,16.55,16.59,10979957.0,49710148.0
2009-03-26,16.93,16.93,15.76,16.07,20190766.0,86311544.0
2009-03-27,15.88,16.4,15.39,16.29,14994457.0,63442248.0
2009-03-30,16.18,17.12,15.99,17.12,10713795.0,48338524.0
2009-03-31,17.68,17.98,17.12,17.98,5922805.0,27962672.0
2009-04-01,18.89,18.89,17.68,18.1,17915898.0,87778000.0
2009-04-02,18.06,18.47,17.31,17.91,14991075.0,70853632.0
2009-04-03,17.72,18.1,17.31,17.34,6700816.0,31403864.0
2009-04-07,17.68,18.21,17.46,17.53,7950725.0,37521208.0
2009-04-08,17.46,17.46,16.67,16.67,13069894.0,58195936.0
2009-04-09,15.88,17.23,15.84,16.93,14954286.0,65310536.0
2009-04-10,16.86,17.5,16.4,16.89,15999238.0,71923056.0
2009-04-13,16.55,17.27,16.55,16.78,11937943.0,53332288.0
2009-04-14,16.55,17.04,16.4,16.59,10961318.0,48405272.0
2009-04-15,16.55,16.67,15.99,16.22,12582760.0,54145972.0
2009-04-16,16.18,17.04,15.99,17.04,16772875.0,75074200.0
2009-04-17,17.87,17.91,17.23,17.91,26067232.0,122590928.0
2009-04-20,18.17,18.17,17.01,17.65,19680778.0,92000672.0
2009-04-21,17.31,17.5,16.78,17.38,11755591.0,53600156.0
2009-04-22,17.31,18.25,17.23,17.61,19812388.0,94672520.0
2009-04-23,17.23,17.5,16.74,16.78,12452684.0,55766196.0
2009-04-24,16.89,17.04,15.95,15.99,9126722.0,39282152.0
2009-04-27,16.55,16.55,15.2,15.2,14527831.0,59722560.0
2009-04-28,14.75,15.24,14.45,14.79,25421972.0,98284648.0
2009-04-29,14.9,15.54,14.11,15.39,25770960.0,102316304.0
2013-02-08,18.44,20.24,15.8,15.95,40594808.0,192861664.0
2013-02-18,15.61,16.14,15.35,15.58,15801019.0,65944096.0
2013-02-19,15.5,16.33,15.46,15.76,10733926.0,45310296.0
2013-02-20,15.8,15.88,15.09,15.43,9481998.0,38783104.0
2013-02-21,15.43,15.43,15.01,15.05,6608073.0,26671536.0
2013-02-22,14.97,15.12,14.94,15.09,4672601.0,18677304.0
2013-02-25,15.09,15.24,14.79,14.86,5865846.0,23368356.0
2013-02-26,15.05,15.39,14.86,14.94,5410124.0,21795762.0
2013-02-27,14.94,15.69,14.94,15.69,4521076.0,18595798.0
2013-02-28,16.07,16.48,15.91,16.48,9998507.0,42995680.0
2013-03-01,16.82,17.31,16.59,17.31,13068118.0,59709176.0
2013-03-04,16.93,17.38,16.44,16.55,11663058.0,52104904.0
2013-03-05,16.59,17.38,16.4,17.38,7372838.0,33273556.0
2013-03-06,17.72,18.25,17.53,18.25,7301313.0,35151144.0
2013-03-07,18.74,19.15,18.17,18.4,16797248.0,83600928.0
2013-03-08,18.7,19.11,17.68,17.87,10040217.0,48682664.0
2013-03-11,17.72,18.51,17.12,18.06,6508703.0,31181492.0
2013-03-12,18.17,18.29,17.16,17.31,6889582.0,32266438.0
2013-03-13,17.19,17.53,16.7,16.78,4812548.0,21870880.0
2013-03-14,16.86,17.27,16.74,17.08,5277588.0,23963100.0
2013-03-15,17.12,17.61,16.93,17.04,5631534.0,25734532.0
2013-03-18,17.01,17.16,16.22,16.48,5921916.0,26053212.0
2013-03-19,16.44,16.59,15.84,16.22,4505148.0,19399756.0
2013-04-10,15.39,16.63,15.39,15.76,7585574.0,32605116.0
2013-04-11,15.73,16.55,15.35,16.55,7224938.0,30767168.0
2013-04-12,16.67,17.38,16.44,17.38,8689347.0,39616944.0
2013-04-15,17.31,18.25,17.23,17.5,10579935.0,50293840.0
2013-04-16,17.23,17.98,17.16,17.53,6436398.0,30044486.0
2013-04-17,17.53,18.4,17.38,18.4,9045322.0,43448520.0
2013-04-18,18.44,18.77,18.1,18.36,7912046.0,38824752.0
2013-04-19,18.29,18.66,17.95,18.32,7978745.0,38792488.0
2013-04-22,18.06,19.23,18.06,18.85,8019092.0,39814580.0
2013-04-23,18.89,19.34,17.91,17.91,10560991.0,52282344.0
2013-04-24,17.68,17.83,17.16,17.42,6803944.0,31554820.0
2013-04-25,17.5,17.53,16.55,16.86,5648477.0,25483788.0
2013-04-26,16.03,16.78,16.03,16.03,10845166.0,46608000.0
2013-05-03,15.28,15.61,15.24,15.24,9698823.0,39520768.0
2013-05-06,15.05,15.61,14.71,15.31,5576589.0,22444084.0
2013-05-07,15.39,15.54,15.16,15.35,4111421.0,16761688.0
2013-05-08,15.43,15.43,15.05,15.39,4549830.0,18437524.0
2013-05-09,15.35,15.46,15.01,15.31,4737216.0,19168572.0
2013-05-10,15.31,15.58,15.2,15.46,3242689.0,13298803.0
2013-05-13,15.5,15.61,15.35,15.46,2567790.0,10549501.0
2013-05-14,15.43,15.46,14.67,14.67,6963100.0,27537256.0
2013-05-15,14.71,14.75,14.15,14.45,3648873.0,13955614.0
2013-05-16,14.34,15.16,14.3,15.16,2259084.0,9005638.0
2013-05-17,15.5,15.88,15.31,15.5,8202296.0,34007632.0
2013-05-20,15.5,15.76,15.24,15.5,4630197.0,19111036.0
2013-05-21,15.43,15.73,15.28,15.65,4469602.0,18452208.0
2013-05-22,15.54,16.03,15.54,15.69,4478754.0,18739974.0
2013-05-23,15.69,15.73,15.46,15.54,2923262.0,12101685.0
2013-05-24,15.54,15.65,15.46,15.58,2277891.0,9410555.0
2013-05-27,15.5,16.1,15.5,15.88,4192210.0,17607596.0
2013-05-28,15.8,16.07,15.65,16.07,3851673.0,16298560.0
2013-05-29,15.95,16.18,15.88,16.07,3604509.0,15387592.0
2013-05-30,16.03,16.86,15.95,16.7,13044631.0,57841672.0
2013-05-31,16.52,16.74,16.25,16.48,6904568.0,30189918.0
2013-06-03,16.63,17.04,16.33,16.63,5321418.0,23663080.0
2013-06-04,16.67,16.86,15.8,15.95,6156749.0,26405500.0
2013-06-05,15.91,16.14,15.54,15.77,4062389.0,17016620.0
2013-06-06,15.76,15.88,15.58,15.61,1547030.0,6468057.0
2013-06-07,15.69,15.8,15.09,15.39,3229956.0,13275135.0
2013-06-13,15.35,15.35,14.64,14.71,2946687.0,11569920.0
2013-06-14,14.75,15.09,14.64,15.05,1652334.0,6534103.0
2013-06-17,15.05,15.12,14.86,14.9,2460354.0,9778137.0
2013-06-18,15.05,15.05,14.41,14.86,2894388.0,11332359.0
2013-06-19,14.86,14.86,14.41,14.48,3011652.0,11641432.0
2013-06-20,14.48,15.01,14.26,14.41,3434941.0,13343875.0
2013-06-21,14.22,14.3,13.7,14.0,4077340.0,15066519.0
2013-06-24,13.85,14.15,13.28,13.28,3145599.0,11300249.0
2013-06-25,12.87,12.9,12.6,12.64,4859048.0,16349561.0
2013-06-26,12.64,12.83,12.45,12.6,3919714.0,13139538.0
2013-06-27,12.68,12.87,11.96,12.08,4069152.0,13545509.0
2013-06-28,12.04,12.34,11.66,12.08,2750313.0,8793874.0
2013-07-01,11.85,12.68,11.7,12.53,3292192.0,10734165.0
2013-07-02,12.57,12.83,12.49,12.6,2900310.0,9768849.0
2013-07-03,12.72,12.72,12.34,12.57,1879831.0,6262396.0
2013-07-04,12.42,12.76,12.42,12.64,1914509.0,6426757.0
2013-07-05,12.72,12.79,12.6,12.72,1326311.0,4479024.0
2013-07-08,12.68,12.68,12.08,12.12,3217182.0,10442312.0
2013-07-09,12.15,12.27,11.85,12.12,1713399.0,5517962.0
2013-07-10,12.12,12.38,12.04,12.34,1648898.0,5375219.0
2013-07-11,12.38,12.83,12.3,12.76,2915871.0,9756484.0
2013-07-12,12.68,12.79,12.53,12.68,2197750.0,7398537.0
2013-07-15,12.64,12.83,12.6,12.79,1796675.0,6085773.0
2013-07-16,12.72,13.24,12.72,13.17,2613716.0,9047788.0
2013-07-17,13.13,13.17,12.72,12.79,3193180.0,10973249.0
2013-07-18,12.64,12.76,12.23,12.3,4546251.0,15014531.0
2013-07-19,12.3,12.53,11.93,12.08,2740309.0,8893464.0
2013-08-20,12.68,12.68,12.68,12.68,555286.0,1871314.0
2013-08-21,13.32,13.32,13.32,13.32,105901.0,374890.0
2013-08-22,14.0,14.0,14.0,14.0,3792795.0,14109197.0
2013-08-23,14.67,14.71,14.11,14.56,19242318.0,74337080.0
2013-08-26,14.37,14.6,14.11,14.45,7275111.0,27672656.0
2013-08-27,14.37,14.94,14.37,14.52,4814339.0,18714032.0
2013-08-28,14.37,14.6,14.22,14.26,5574810.0,21323540.0
2013-08-29,14.22,14.41,14.0,14.03,3820939.0,14379039.0
2013-08-30,14.03,14.75,13.73,14.75,8618289.0,32599528.0
2013-09-02,14.6,15.2,14.48,14.6,7341705.0,28911040.0
2013-09-03,14.6,14.86,14.56,14.75,4028083.0,15737275.0
2013-09-04,14.75,15.5,14.67,15.5,6727502.0,27418896.0
2013-09-05,15.65,15.84,15.05,15.28,5532994.0,22666684.0
2013-09-06,15.28,15.28,14.56,14.64,7162620.0,28117820.0
2013-09-09,14.71,14.75,14.48,14.67,4739077.0,18419880.0
2013-09-10,14.67,14.75,14.48,14.75,3903430.0,15144378.0
2013-09-11,14.67,14.75,14.48,14.52,3490959.0,13553103.0
2013-09-12,14.56,14.64,14.45,14.56,2739589.0,10604708.0
2013-09-13,14.48,14.64,14.41,14.64,2805837.0,10809391.0
2013-09-16,14.56,15.35,14.56,15.01,7700313.0,30796240.0
2013-09-17,14.94,15.09,14.64,14.75,4285557.0,16948440.0
2013-09-18,14.86,15.05,14.6,14.94,3771770.0,14874066.0
2013-09-23,14.9,15.12,14.9,15.05,5529656.0,22099140.0
2013-09-24,15.05,15.09,14.79,14.86,3458067.0,13707175.0
2013-09-25,14.79,14.9,14.41,14.45,4365135.0,17024056.0
2013-09-26,14.48,14.56,13.96,14.0,3901702.0,14738459.0
2013-09-27,13.88,14.45,13.88,14.11,2750333.0,10364441.0
2013-09-30,14.11,14.41,14.07,14.37,3012583.0,11398347.0
2013-10-08,14.34,14.34,14.07,14.3,3406325.0,12871432.0
2013-10-09,14.3,14.3,14.07,14.18,3442617.0,12959435.0
2013-10-10,14.11,14.48,14.07,14.22,4870294.0,18478020.0
2013-10-11,14.26,14.75,14.22,14.6,6253015.0,24075786.0
2013-10-14,14.6,14.75,14.48,14.67,3512810.0,13678700.0
2013-10-15,14.67,14.79,14.56,14.67,3960307.0,15408596.0
2013-10-16,14.67,15.2,14.52,14.56,7067962.0,27810836.0
2013-10-17,14.6,15.16,14.6,14.9,5370554.0,21293772.0
2013-10-18,15.05,15.12,14.86,15.05,3783399.0,15090683.0
2013-10-21,15.05,15.28,14.9,15.28,4953098.0,19864684.0
2013-10-22,15.24,15.24,14.97,15.01,4808576.0,19248536.0
2013-10-23,15.05,15.05,14.45,14.48,4650175.0,18173260.0
2013-10-24,14.3,14.6,14.3,14.41,2826890.0,10869981.0
2013-10-25,14.48,14.64,14.18,14.3,2750096.0,10522607.0
2013-10-28,14.3,14.37,14.18,14.34,1978452.0,7506103.0
2013-10-29,14.34,14.45,13.62,13.7,5080364.0,18804696.0
2013-10-30,13.66,13.92,13.54,13.88,2387138.0,8737461.0
2013-10-31,13.88,14.0,13.73,13.88,1896694.0,6984445.0
2013-11-01,13.92,13.96,13.7,13.85,2382809.0,8773005.0
2013-11-04,13.92,14.52,13.85,14.52,4912023.0,18807788.0
2013-11-05,14.67,14.9,14.56,14.79,5033230.0,19726404.0
2013-11-06,14.79,15.2,14.64,14.79,4011128.0,15909434.0
2013-11-07,14.79,15.12,14.67,14.9,3475194.0,13787514.0
2013-11-08,14.86,15.09,14.56,14.64,4307737.0,16937376.0
2013-11-11,14.6,15.35,14.41,15.35,9539048.0,38590080.0
2013-11-12,15.2,15.39,15.05,15.16,4375227.0,17676700.0
2013-11-13,15.2,15.58,15.05,15.09,5340185.0,21714898.0
2013-11-14,15.09,15.12,14.67,14.9,4682832.0,18545582.0
2013-11-15,14.9,15.05,14.75,15.05,5738035.0,22772898.0
2013-11-18,14.56,14.9,14.37,14.82,6014892.0,23517814.0
2013-11-19,14.82,14.9,14.64,14.79,4303659.0,16903250.0
2013-11-20,14.86,14.94,14.64,14.82,3700990.0,14525539.0
2013-11-21,14.82,14.9,14.64,14.86,4691829.0,18394976.0
2013-11-22,14.86,15.2,14.79,14.9,5449188.0,21723328.0
2013-11-25,14.97,15.01,14.52,14.75,3004414.0,11836352.0
2013-11-26,14.79,14.86,14.71,14.82,2134782.0,8382943.0
2013-11-27,14.86,15.05,14.71,15.01,4367274.0,17239356.0
2013-11-28,14.94,15.05,14.9,14.97,3536953.0,14077549.0
2013-11-29,14.94,15.2,14.82,14.97,4127370.0,16443390.0
2013-12-02,14.34,14.37,14.22,14.22,6218062.0,23540428.0
2013-12-03,13.51,13.73,13.51,13.51,8941067.0,32134554.0
2013-12-04,13.47,13.73,13.28,13.54,4986342.0,17965632.0
2013-12-05,13.54,13.73,13.39,13.51,3119407.0,11226623.0
2013-12-06,13.51,13.88,13.47,13.7,2907969.0,10565160.0
2013-12-09,13.66,13.81,13.62,13.7,2605376.0,9497647.0
2013-12-10,14.15,14.37,13.92,14.07,9056187.0,34277536.0
2013-12-11,13.96,14.11,13.81,13.92,3400376.0,12569780.0
2013-12-12,13.85,14.22,13.85,14.07,2533326.0,9464130.0
2013-12-13,14.03,14.22,14.0,14.18,1586225.0,5947015.0
2013-12-16,14.11,14.52,14.07,14.07,3566906.0,13552808.0
2013-12-17,14.07,14.26,14.07,14.11,1399386.0,5265723.0
2013-12-18,14.11,14.22,13.96,14.07,1779090.0,6656774.0
2013-12-19,14.0,14.22,14.0,14.07,1821020.0,6835606.0
2013-12-20,14.07,14.18,13.62,13.85,1587211.0,5852693.0
2013-12-23,13.85,13.88,13.36,13.51,1580602.0,5702850.0
2013-12-24,13.51,13.66,13.39,13.54,1457703.0,5252537.0
2013-12-25,13.54,13.66,13.36,13.66,1146550.0,4138396.0
2013-12-26,13.58,13.7,13.24,13.28,1905946.0,6831297.0
2013-12-27,13.36,13.54,13.36,13.51,1335811.0,4785488.0
2013-12-30,13.54,13.81,13.39,13.54,2036670.0,7314681.0
2013-12-31,13.47,13.54,13.24,13.47,3368033.0,12001999.0
2014-01-02,13.43,13.81,13.28,13.66,2999127.0,10812911.0
2014-01-03,13.66,13.88,13.66,13.85,3625322.0,13280518.0
2014-01-06,13.77,13.81,13.39,13.47,1950500.0,6996992.0
2014-01-07,13.39,13.47,13.28,13.32,1645787.0,5843247.0
2014-01-08,13.32,13.36,12.83,12.94,3316647.0,11537559.0
2014-01-09,12.9,13.21,12.83,12.87,2544949.0,8818195.0
2014-01-10,12.87,12.87,12.23,12.27,5180002.0,17033280.0
2014-01-13,12.12,12.42,12.04,12.23,2310000.0,7522241.0
2014-01-14,12.27,12.49,12.19,12.45,1513889.0,4979558.0
2014-01-15,12.42,12.45,12.27,12.38,1668867.0,5476401.0
2014-01-16,12.38,12.53,12.23,12.45,2021938.0,6647663.0
2014-01-17,12.38,12.38,12.19,12.34,1779590.0,5800791.0
2014-01-20,12.23,12.49,12.23,12.42,1824710.0,5997482.0
2014-01-21,12.38,12.53,12.34,12.45,1367640.0,4520562.0
2014-01-22,12.53,12.83,12.42,12.72,2979364.0,10027026.0
2014-01-23,12.76,12.79,12.64,12.68,2763803.0,9330273.0
2014-01-24,12.98,13.24,12.79,12.94,3929091.0,13543382.0
2014-01-27,12.87,13.06,12.72,12.83,2231500.0,7662153.0
2014-01-28,12.87,12.98,12.76,12.94,1807444.0,6186626.0
2014-01-29,12.87,12.98,12.83,12.9,2141574.0,7341166.0
2014-01-30,12.94,12.98,12.76,12.87,2476400.0,8462247.0
2014-02-07,12.83,12.94,12.68,12.9,2504633.0,8528144.0
2014-02-10,12.87,13.32,12.87,13.21,2607683.0,9098114.0
2014-02-11,13.24,13.39,13.17,13.32,3258921.0,11486115.0
2014-02-12,13.32,13.36,13.17,13.28,2220327.0,7817347.0
2014-02-13,13.28,13.28,13.02,13.06,3910953.0,13714642.0
2014-02-14,13.06,13.36,13.02,13.36,3351598.0,11756405.0
2014-02-17,13.32,14.03,13.28,14.03,9611625.0,35326296.0
2014-02-18,14.11,14.6,13.85,14.26,6807827.0,25683510.0
2014-02-19,14.3,14.52,14.11,14.34,3598386.0,13700050.0
2014-02-20,14.3,14.34,14.03,14.15,2788846.0,10526298.0
2014-02-21,14.11,14.34,13.92,14.18,2572111.0,9668303.0
2014-02-24,14.11,14.82,14.11,14.56,6177940.0,23923596.0
2014-02-25,14.52,14.67,13.85,13.96,3715048.0,14032277.0
2014-02-26,13.92,13.92,13.54,13.81,2958636.0,10782991.0
2014-02-27,13.73,14.11,13.66,13.81,1792367.0,6616060.0
2014-02-28,13.81,13.81,13.47,13.77,3229885.0,11703701.0
2014-03-03,13.77,13.96,13.66,13.88,2774377.0,10194213.0
2014-03-04,13.88,14.11,13.77,13.92,1904783.0,7049516.0
2014-03-05,13.92,14.03,13.85,13.92,2439755.0,9032189.0
2014-03-06,13.92,14.48,13.77,14.15,3860950.0,14553543.0
2014-03-07,14.18,14.64,14.11,14.6,4704461.0,18065644.0
2014-03-10,14.6,14.86,14.15,14.22,6906679.0,26716700.0
2014-03-11,14.15,14.41,14.15,14.34,3517234.0,13338709.0
2014-03-12,14.3,14.45,14.07,14.41,5149978.0,19542284.0
2014-03-13,14.37,15.01,14.34,14.75,5654090.0,22151568.0
2014-03-14,14.67,14.9,14.56,14.75,3248261.0,12716904.0
2014-03-17,14.71,14.97,14.67,14.9,3675738.0,14530916.0
2014-03-18,14.86,15.24,14.82,15.12,4657626.0,18701952.0
2014-03-19,15.09,15.54,14.9,15.54,5743362.0,23387926.0
2014-03-20,15.58,16.18,15.39,15.5,8146745.0,34394696.0
2014-03-21,15.39,16.14,15.39,16.03,5708784.0,24080560.0
2014-03-24,15.88,16.18,15.61,15.99,4752472.0,20085660.0
2014-03-25,15.95,16.03,15.28,15.46,6246179.0,25857324.0
2014-03-26,15.5,15.99,15.43,15.84,5378144.0,22514008.0
2014-03-27,15.73,15.91,15.65,15.8,4668516.0,19610032.0
2014-03-28,15.84,16.59,15.73,16.33,12482706.0,54470840.0
2014-07-29,17.95,17.95,17.95,17.95,54284.0,258935.0
2014-07-30,19.75,19.75,19.75,19.75,62856.0,329994.0
2014-07-31,21.75,21.75,21.75,21.75,140905.0,814431.0
2014-08-01,23.93,23.93,23.93,23.93,471509.0,2998797.0
2014-08-04,26.34,26.34,26.34,26.34,624803.0,4373621.0
2014-08-05,28.97,28.97,28.97,28.97,1094378.0,8426711.0
2014-08-06,31.87,31.87,31.87,31.87,977838.0,8282288.0
2014-08-07,35.07,35.07,33.11,34.99,96444944.0,892092800.0
2014-08-08,33.56,34.09,31.49,31.49,56146472.0,480701312.0
2014-08-11,30.59,32.21,30.14,31.57,39173476.0,326229600.0
2014-08-12,31.23,31.83,30.36,31.61,26254070.0,216631072.0
2014-08-13,31.98,33.03,31.45,32.88,36497472.0,313094592.0
2014-08-14,32.58,32.66,31.61,31.68,22468042.0,191597408.0
2014-08-15,31.57,32.28,30.32,31.42,21366038.0,177430704.0
2014-08-18,30.1,32.24,29.65,31.53,26529032.0,220935744.0
2014-08-19,31.45,34.65,31.15,34.05,43400832.0,384034912.0
2014-08-20,33.11,34.39,32.58,33.3,27769246.0,245877744.0
2014-08-21,33.56,33.79,31.68,31.72,19456834.0,166961056.0
2014-08-22,31.72,32.13,30.85,31.72,8953578.0,75054128.0
2014-08-25,31.64,32.85,31.61,32.17,9248404.0,79511504.0
2014-08-26,32.02,32.77,31.42,31.45,9623574.0,82146656.0
2014-08-27,31.19,33.03,31.15,31.72,13951951.0,118961088.0
2014-08-28,31.87,31.87,30.29,30.63,10671348.0,87774664.0
2014-08-29,30.55,31.68,29.87,31.12,11334912.0,93116712.0
2014-09-01,31.23,31.61,30.51,31.34,10894245.0,89809368.0
2014-09-02,31.27,32.17,31.12,31.83,12259312.0,103254872.0
2014-09-03,31.94,32.47,31.38,32.32,16163004.0,137753296.0
2014-09-04,32.17,33.6,31.79,32.85,38953448.0,342367264.0
2014-09-05,32.62,34.31,32.4,34.2,23006664.0,205486976.0
2014-09-09,34.28,37.62,34.24,37.62,31922240.0,307291168.0
2014-09-10,39.28,40.82,36.87,37.62,56634424.0,579203456.0
2014-09-11,37.44,37.47,35.67,35.86,38201288.0,369793504.0
2014-09-12,35.74,37.06,35.74,36.46,21215732.0,205552672.0
2014-09-15,36.12,36.8,35.29,36.04,17610260.0,167994816.0
2014-09-16,35.89,35.89,32.58,33.11,38470952.0,353209824.0
2014-09-17,33.22,33.6,31.98,32.77,14780817.0,127915536.0
2014-09-18,32.51,33.79,32.51,33.19,8919724.0,78739680.0
2014-09-19,33.41,35.52,33.41,35.07,22867956.0,212143760.0
2014-09-22,35.25,36.68,34.69,36.12,22864796.0,218232464.0
2014-09-23,36.12,36.23,35.37,35.82,11278866.0,107119296.0
2014-09-24,35.74,36.46,35.37,36.27,13256383.0,126108304.0
2014-09-25,36.2,37.44,36.01,36.76,18491312.0,180925104.0
2014-09-26,36.31,36.42,35.14,35.22,28179832.0,266836640.0
2014-09-29,35.22,38.45,35.07,38.04,32279676.0,315549248.0
2014-09-30,37.4,38.0,36.91,37.7,17755340.0,176577312.0
2014-10-08,37.89,38.64,37.4,38.19,12908052.0,130186520.0
2014-10-09,37.96,38.75,36.98,37.59,15434972.0,154986800.0
2014-10-10,37.77,37.81,36.98,37.51,12006687.0,118736496.0
2014-10-13,37.17,37.44,36.38,37.25,8539301.0,83705712.0
2014-10-14,37.36,38.3,37.06,38.04,12550481.0,126216312.0
2014-10-15,38.08,38.98,37.47,38.79,15874761.0,160968000.0
2014-10-16,38.75,38.75,37.06,37.13,21131712.0,212292048.0
2014-10-17,36.8,37.13,35.33,35.55,14374618.0,137081632.0
2014-10-20,35.59,36.91,35.59,36.08,7309174.0,70708416.0
2014-10-21,36.2,36.5,35.37,35.52,8794684.0,83757640.0
2014-10-22,35.52,36.01,35.41,35.93,6364242.0,60296080.0
2014-10-23,35.89,35.89,35.33,35.86,7773640.0,73539488.0
2014-10-24,35.82,37.17,35.55,37.06,8887107.0,85989072.0
2014-10-27,36.76,37.17,36.34,37.02,6884201.0,67153848.0
2014-10-28,36.57,37.58,36.53,37.28,8346340.0,83763232.0
2014-10-29,37.46,37.72,36.61,37.2,9915503.0,99183904.0
2014-10-30,37.2,37.5,35.68,36.2,13285196.0,130486112.0
2014-10-31,36.16,36.24,35.6,36.01,8629940.0,83296424.0
2014-11-03,36.01,37.02,35.75,36.87,8925911.0,87835496.0
2014-11-04,36.79,36.91,35.98,36.42,11204435.0,109731248.0
2014-11-05,37.17,40.06,37.17,37.43,31108222.0,322096256.0
2014-11-06,37.54,39.21,37.46,38.69,20354844.0,211150368.0
2014-11-07,38.62,40.36,38.54,39.51,23161092.0,246761920.0
2014-11-10,39.47,40.88,39.02,40.18,12805084.0,138457040.0
2014-11-11,41.63,43.08,39.21,39.73,26921236.0,295804416.0
2014-11-12,39.99,40.62,39.14,39.51,12459074.0,133121896.0
2014-11-13,39.47,39.62,37.84,37.84,13675308.0,141227008.0
2014-11-14,37.98,38.58,37.91,38.28,5463821.0,56112188.0
2014-11-17,39.4,40.84,38.43,40.47,17209720.0,184734720.0
2014-11-18,40.77,42.0,39.8,41.63,15854199.0,174931536.0
2014-11-19,41.63,42.74,40.73,41.85,14705990.0,165150896.0
2014-11-20,41.77,42.55,41.1,41.7,9091603.0,102793040.0
2014-11-21,41.7,42.3,41.48,41.51,6967920.0,78282912.0
2014-11-24,41.96,43.3,41.92,43.22,14992453.0,172313600.0
2014-11-25,43.22,44.15,42.93,43.78,8924363.0,104675264.0
2014-11-26,44.08,44.23,43.37,44.0,7578848.0,89396336.0
2014-11-27,46.68,47.02,44.97,45.53,17227756.0,212775712.0
2014-11-28,45.71,49.06,45.34,48.69,19692608.0,248686976.0
2014-12-01,48.69,52.7,48.39,50.99,24594508.0,338015744.0
2014-12-02,51.48,51.85,49.99,51.48,13120527.0,179770320.0
2014-12-03,51.29,51.29,47.2,48.35,24871332.0,326018560.0
2014-12-04,47.87,51.03,47.57,49.17,14940308.0,199935312.0
2014-12-05,49.24,49.28,46.16,47.91,16176662.0,207028096.0
2014-12-08,47.24,50.47,47.24,47.57,13635822.0,178955232.0
2014-12-09,47.39,48.32,44.23,45.34,15985709.0,197669472.0
2014-12-10,44.78,47.31,44.78,46.42,11025526.0,136817200.0
2014-12-11,46.05,50.25,46.05,50.14,16458420.0,215653840.0
2014-12-12,50.21,51.51,49.06,49.95,8589645.0,115777256.0
2014-12-15,50.43,52.26,49.69,51.77,11393658.0,156900064.0
2014-12-16,51.85,52.66,50.92,51.25,8040640.0,111485232.0
2014-12-17,51.1,51.81,48.76,49.65,9922593.0,133098920.0
2014-12-18,49.58,50.17,48.8,49.02,5996141.0,79752632.0
2014-12-19,49.06,51.36,49.06,50.88,10695270.0,145398688.0
2014-12-22,50.99,51.25,46.83,47.8,12274215.0,161074288.0
2014-12-23,48.2,49.8,47.91,48.72,7252347.0,95130032.0
2014-12-24,48.76,50.43,48.76,50.06,6408505.0,85905160.0
2014-12-25,50.06,52.89,49.51,52.44,12794991.0,178954432.0
2014-12-26,54.63,55.75,53.26,53.45,19943760.0,291783360.0
2014-12-29,52.7,55.75,52.44,55.64,17943184.0,262333424.0
2014-12-30,55.75,56.98,54.67,54.82,10994764.0,164442480.0
2014-12-31,53.07,53.52,50.47,52.03,14810560.0,207430224.0
2015-01-05,52.07,52.63,50.62,51.96,7491492.0,104328120.0
2015-01-06,51.92,53.07,51.18,52.22,6857651.0,96447968.0
2015-01-07,52.22,53.18,51.51,52.03,6002951.0,84173152.0
2015-01-08,52.03,52.03,50.92,51.29,5307474.0,73212664.0
2015-01-09,51.36,53.04,51.36,52.63,6812221.0,96174008.0
2015-01-12,52.59,53.44,50.73,50.95,7284845.0,101159632.0
2015-01-13,50.95,51.51,45.86,47.91,17442494.0,224258592.0
2015-01-14,47.02,48.28,46.16,47.09,7757141.0,98169416.0
2015-01-15,47.27,48.24,47.09,47.27,5866813.0,74957192.0
2015-01-16,47.39,47.94,46.46,47.87,6541253.0,83153496.0
2015-01-19,46.72,49.39,46.46,47.76,9104261.0,117675352.0
2015-01-20,47.91,49.1,47.42,48.8,10263135.0,133653064.0
2015-01-21,48.91,49.24,48.32,49.02,7514984.0,98870928.0
2015-01-22,49.06,53.41,49.02,52.89,13614702.0,189785968.0
2015-01-23,52.03,54.45,52.03,53.04,10482464.0,150929168.0
2015-01-26,53.52,54.37,52.4,53.37,6960518.0,99646440.0
2015-01-27,52.85,53.44,51.7,52.29,8744119.0,123261712.0
2015-01-28,52.14,52.26,50.92,50.95,6071181.0,84150216.0
2015-01-29,51.25,51.85,50.55,51.03,5596987.0,76957344.0
2015-01-30,51.03,51.73,50.55,50.62,4138775.0,56814792.0
2015-02-02,49.62,50.36,48.54,48.95,5793645.0,76704080.0
2015-02-03,49.43,50.77,49.17,50.58,5496296.0,74078744.0
2015-02-04,50.66,51.18,49.24,50.17,5177484.0,69480384.0
2015-02-05,50.21,50.55,47.57,47.76,9560787.0,125861680.0
2015-02-06,47.83,48.13,45.75,47.53,6118548.0,77137584.0
2015-02-09,47.42,47.57,45.71,46.2,4314614.0,53776768.0
2015-02-10,46.2,46.94,45.53,46.9,3051971.0,38016000.0
2015-02-11,46.94,48.13,46.31,46.53,4561988.0,57587952.0
2015-02-12,46.49,47.83,46.16,46.49,5008187.0,62974096.0
2015-02-13,46.53,48.87,46.53,48.76,5779610.0,74554504.0
2015-02-16,49.02,50.58,48.87,50.36,7768116.0,104781192.0
2015-02-17,50.36,51.22,49.28,49.95,5605461.0,75326928.0
2015-02-25,49.62,51.51,49.62,50.95,6988300.0,95946216.0
2015-02-26,50.95,51.36,50.58,50.69,3717550.0,50858268.0
2015-02-27,50.69,51.29,50.55,50.88,4274118.0,58399044.0
2015-03-02,50.92,53.89,50.92,53.07,12461265.0,177084512.0
2015-03-03,53.15,58.39,53.11,58.35,35486468.0,546261952.0
2015-03-04,58.46,59.43,56.42,57.68,16584901.0,257568064.0
2015-03-05,57.68,61.32,57.68,58.87,21594204.0,348637376.0
2015-03-06,58.91,60.58,58.2,59.73,11130006.0,177954208.0
2015-03-09,59.54,61.14,57.61,60.8,11524563.0,186581936.0
2015-03-10,60.51,61.17,59.13,59.69,10342611.0,166448144.0
2015-03-11,59.39,60.13,57.64,59.2,9548069.0,150723776.0
2015-03-12,58.2,59.17,57.87,58.57,5749464.0,90271784.0
2015-03-13,58.72,61.66,58.72,61.21,9162702.0,148682848.0
2015-03-16,61.44,63.81,60.77,61.25,18601380.0,308986912.0
2015-03-17,60.58,60.95,58.91,60.84,24045854.0,386826048.0
2015-03-18,60.43,60.43,59.47,60.06,11695866.0,188652832.0
2015-03-19,60.06,60.95,59.28,59.73,14254490.0,229552896.0
2015-03-20,59.73,60.47,59.32,59.69,10433724.0,167548688.0
2015-03-23,59.47,65.08,58.91,63.48,25922012.0,432952224.0
2015-03-24,63.78,67.27,63.78,66.49,28181624.0,497521152.0
2015-03-25,66.3,67.08,64.67,65.19,14355451.0,254049632.0
2015-03-26,65.6,65.89,61.51,63.37,18541424.0,316399424.0
2015-03-27,63.37,65.11,62.44,64.0,9807140.0,168997776.0
2015-03-30,65.15,67.31,63.85,66.68,20679160.0,366822464.0
2015-03-31,67.72,67.72,65.23,65.34,12068829.0,214320304.0
2015-04-01,65.04,66.49,64.74,65.78,8533978.0,150454512.0
2015-04-02,66.16,71.4,66.16,70.24,20934704.0,385114848.0
2015-04-03,70.28,72.66,68.76,72.25,24032688.0,459221504.0
2015-04-07,72.18,74.26,70.61,70.99,20527150.0,399945792.0
2015-04-08,70.61,71.1,66.64,68.98,18042660.0,335218400.0
2015-04-09,69.5,72.66,67.64,70.54,16705114.0,315890304.0
2015-04-10,70.54,71.36,69.76,71.32,12941770.0,245171632.0
2015-04-13,73.18,74.89,70.8,71.99,18527036.0,359612032.0
2015-04-14,71.84,71.92,70.61,70.95,10766113.0,205816288.0
2015-04-15,71.73,73.96,70.65,71.73,15279745.0,296691072.0
2015-04-16,70.99,72.84,68.2,71.81,12417007.0,238180864.0
2015-04-17,72.03,72.47,70.5,71.47,13015853.0,249933120.0
2015-04-20,71.69,71.69,69.87,70.13,12747398.0,241683808.0
2015-04-21,70.28,71.28,69.13,71.14,10427270.0,197732736.0
2015-04-22,71.28,78.23,71.28,78.23,28693432.0,587924416.0
2015-04-23,80.65,80.65,76.9,77.9,20424832.0,432717440.0
2015-04-24,77.86,84.18,75.78,83.4,20017318.0,436103424.0
2015-04-27,83.66,90.31,83.4,86.04,23393304.0,546123904.0
2015-04-28,86.08,88.42,83.62,85.04,14395165.0,331642336.0
2015-04-29,83.62,86.15,82.36,84.96,9622740.0,218564592.0
2015-04-30,87.08,87.64,82.95,85.07,13686734.0,313328960.0
2015-05-04,84.92,91.02,83.33,89.27,13787975.0,321129568.0
2015-05-05,88.83,92.17,85.7,87.34,12774777.0,306965184.0
2015-05-06,89.57,95.14,87.67,90.69,20899300.0,514450016.0
2015-05-07,90.69,92.54,86.97,87.6,12537437.0,302873984.0
2015-05-08,87.71,89.94,83.62,86.22,16669238.0,382992128.0
2015-05-11,85.56,90.28,81.77,89.53,20931040.0,483251136.0
2015-05-12,89.53,90.61,88.27,89.87,15047251.0,360955808.0
2015-05-13,89.83,95.74,88.45,92.62,20891160.0,520174240.0
2015-05-14,94.77,97.67,92.92,93.47,17446216.0,444612096.0
2015-05-15,92.92,92.92,89.27,89.5,12953974.0,315164320.0
2015-05-18,88.83,89.27,87.34,88.97,10790650.0,256238832.0
2015-05-19,88.75,92.88,87.75,90.24,12402461.0,301137888.0
2015-05-20,90.17,94.22,89.2,90.94,14987105.0,370135168.0
2015-05-21,90.65,93.29,90.31,93.17,17700268.0,437883456.0
2015-05-22,93.58,96.56,91.54,92.99,17244692.0,433301376.0
2015-05-25,92.92,96.26,91.28,95.44,24708636.0,623240000.0
2015-05-26,95.74,104.99,95.74,104.99,33209250.0,917168320.0
2015-05-27,105.22,110.75,103.06,108.97,33992164.0,989073856.0
2015-05-28,108.9,111.46,98.08,98.08,28587408.0,806380608.0
2015-05-29,94.55,98.08,88.34,93.62,26881936.0,677995200.0
2015-06-01,93.84,99.05,91.24,97.15,19570040.0,504467040.0
2015-06-02,103.17,106.85,103.14,105.25,22389684.0,631053888.0
2015-06-03,105.18,107.3,100.72,102.8,20142540.0,565465984.0
2015-06-04,102.58,104.4,93.66,101.65,16115369.0,435449792.0
2015-06-05,102.84,111.46,100.53,110.46,25848776.0,738707200.0
2015-06-08,110.38,117.0,107.48,113.39,28400308.0,865137664.0
2015-06-09,111.5,117.11,110.38,115.92,22539316.0,695792192.0
2015-06-10,114.47,127.44,112.24,122.42,20528504.0,668754560.0
2015-06-11,120.79,133.46,120.34,131.98,22994136.0,778690816.0
2015-06-12,132.12,137.44,128.89,132.16,21770840.0,780978688.0
2015-06-15,131.94,131.94,122.28,124.39,22003760.0,751007040.0
2015-06-16,121.61,121.61,112.28,115.88,17627508.0,555570752.0
2015-06-17,115.77,119.27,108.71,118.78,16761015.0,514824512.0
2015-06-18,117.85,119.49,111.5,111.87,10029213.0,311868192.0
2015-06-19,110.35,110.35,100.68,100.68,13259332.0,375333440.0
2015-06-23,99.79,99.83,90.61,95.07,18381640.0,463899456.0
2015-06-24,96.67,100.12,92.92,96.97,15660749.0,407710560.0
2015-06-25,97.11,97.97,87.27,87.41,17211790.0,435011680.0
2015-06-26,83.29,83.62,78.68,78.68,16980252.0,362413056.0
2015-06-29,80.72,80.72,70.8,70.8,21008792.0,411898912.0
2015-06-30,67.42,74.78,63.74,73.63,24720644.0,454184160.0
2015-07-01,71.54,80.65,70.17,74.67,29893008.0,616052160.0
2015-07-02,74.33,75.45,67.2,67.2,19553028.0,370856416.0
2015-07-03,60.62,63.85,60.47,60.47,18841884.0,309787200.0
2015-07-06,64.3,65.04,54.41,54.41,24099644.0,371856640.0
2015-07-07,48.98,48.98,48.98,48.98,884100.0,11652438.0
2015-07-09,44.08,53.89,44.08,53.89,49797344.0,644043968.0
2015-07-10,54.6,59.28,50.84,59.28,44115840.0,686454656.0
2015-07-13,60.25,65.23,57.76,65.23,49304948.0,823122560.0
2015-07-14,63.18,71.73,62.07,65.38,48684712.0,878652416.0
2015-07-15,63.18,64.85,58.83,58.83,20455460.0,333811808.0
2015-07-16,52.96,60.73,52.96,55.71,29852080.0,449263136.0
2015-07-17,56.31,61.29,54.63,59.61,23185876.0,364325888.0
2015-07-20,59.47,63.18,58.42,60.95,23697676.0,388189312.0
2015-07-21,59.65,63.74,58.72,63.55,22409874.0,373961440.0
2015-07-22,64.26,64.3,60.58,63.22,20596312.0,347533824.0
2015-07-23,63.55,68.35,63.55,67.98,33439584.0,593605952.0
2015-07-24,68.76,70.58,64.48,65.38,30793064.0,564443648.0
2015-07-27,63.18,65.38,58.83,58.83,23807914.0,395977408.0
2015-07-28,53.18,58.65,52.96,52.96,28839166.0,418199264.0
2015-07-29,55.19,56.42,48.32,56.01,21941838.0,310476960.0
2015-07-30,55.38,56.42,51.33,52.52,18042160.0,266440656.0
2015-07-31,51.29,52.48,48.39,50.14,13057994.0,178125344.0
2015-08-03,48.61,49.65,45.12,45.42,19030312.0,235978800.0
2015-08-04,46.12,49.95,45.6,49.95,19491724.0,251420144.0
2015-08-05,50.55,51.88,47.87,49.17,18446602.0,248818976.0
2015-08-06,47.2,53.44,46.83,51.88,20265304.0,274835552.0
2015-08-07,52.59,56.12,51.36,56.05,26888076.0,390433024.0
2015-08-10,58.76,59.91,56.49,59.35,34181608.0,535436928.0
2015-08-11,59.24,62.74,58.28,60.43,28948296.0,469319008.0
2015-08-12,60.17,61.06,58.16,59.02,21711876.0,347669664.0
2015-08-13,58.72,61.55,55.75,60.8,28821746.0,457577344.0
2015-08-14,60.99,64.48,59.91,63.63,27044980.0,449211008.0
2015-08-17,63.03,63.07,60.02,62.22,21004184.0,347567104.0
2015-08-18,62.18,62.18,56.01,56.01,21422896.0,341184000.0
2015-08-19,51.22,57.46,50.4,56.2,23414876.0,333004832.0
2015-08-20,55.67,57.35,53.33,53.41,15337394.0,229159024.0
2015-08-21,51.66,55.3,50.17,52.89,18511710.0,261382560.0
2015-08-24,49.8,49.88,47.61,47.61,9018839.0,116350968.0
2015-08-25,42.85,43.78,42.85,42.85,9185733.0,106032128.0
2015-08-26,41.63,43.78,38.58,38.58,25652716.0,276175520.0
2015-08-27,38.65,40.14,34.71,39.14,24826632.0,249829872.0
2015-08-28,40.44,42.18,36.79,41.59,49670112.0,523894752.0
2015-08-31,38.62,41.07,37.43,37.54,34242772.0,362666624.0
2015-09-01,35.87,36.16,33.78,33.78,33532720.0,307858272.0
2015-09-02,31.96,36.09,30.96,32.19,22125808.0,197455760.0
2015-09-07,33.38,34.86,33.19,33.86,16119227.0,147479232.0
2015-09-08,33.49,37.24,32.93,37.24,18670624.0,174476816.0
2015-09-09,38.39,40.47,37.54,39.99,28960124.0,304848032.0
2015-09-10,39.02,40.14,38.47,38.69,15469713.0,163723872.0
2015-09-11,38.84,40.77,37.65,39.73,19981030.0,214403984.0
2015-09-14,39.73,40.14,35.75,35.75,17060090.0,171013920.0
2015-09-15,33.45,34.27,32.19,32.19,19848550.0,175501984.0
2015-09-16,32.52,35.42,32.19,35.42,17927392.0,162525808.0
2015-09-17,36.05,37.87,34.86,34.97,19962324.0,196257232.0
2015-09-18,35.31,36.42,34.27,35.98,12167931.0,115788976.0
2015-09-21,35.23,38.24,34.97,37.95,17270340.0,172297104.0
2015-09-22,38.21,39.02,36.61,38.06,24624792.0,250216576.0
2015-09-23,37.02,38.8,36.65,37.8,19417028.0,196172304.0
2015-09-24,37.98,39.77,37.87,38.43,14486955.0,150608112.0
2015-09-25,38.28,39.36,35.72,36.2,15459148.0,154846032.0
2015-09-28,36.46,38.06,36.12,37.76,10105292.0,101140248.0
2015-09-29,36.76,37.61,36.42,37.24,9494770.0,94613832.0
2015-09-30,37.72,37.95,36.87,37.35,8244445.0,83223104.0
2015-10-08,38.84,39.69,38.17,39.21,16037184.0,168255968.0
2015-10-09,38.95,40.4,38.65,39.69,15336578.0,162310176.0
2015-10-12,40.33,43.52,40.29,42.89,21973252.0,248511200.0
2015-10-13,41.63,44.9,41.25,43.86,25091568.0,295904096.0
2015-10-14,43.89,44.56,41.92,42.11,23682048.0,274733504.0
2015-10-15,41.55,46.09,41.55,45.3,27690762.0,327725472.0
2015-10-16,45.34,49.84,44.38,49.84,41660788.0,528991232.0
2015-10-19,49.73,50.77,48.28,49.17,37666428.0,503539552.0
2015-10-20,49.24,52.63,48.39,51.92,27978716.0,382725376.0
2015-10-21,53.52,55.6,47.57,49.84,41790172.0,593136320.0
2015-10-22,50.06,54.04,49.43,54.0,28252276.0,393572608.0
2015-10-23,53.56,54.93,52.4,54.19,26101464.0,376955232.0
2015-10-26,55.12,55.56,53.15,54.86,21159792.0,309501024.0
2015-10-27,55.64,55.64,52.07,54.67,17717140.0,258307280.0
2015-10-28,54.63,54.63,51.7,51.96,17847710.0,254131120.0
2015-10-29,52.14,53.78,51.1,52.52,13001952.0,183963488.0
2015-10-30,52.7,52.7,50.66,51.18,11850028.0,163935296.0
2015-11-02,48.32,50.51,48.32,48.91,12664228.0,168686240.0
2015-11-03,48.87,50.81,48.65,49.24,8517915.0,113200944.0
2015-11-04,49.73,52.07,49.36,51.96,15857472.0,218955072.0
2015-11-05,51.96,55.3,51.59,54.3,24270622.0,349936832.0
2015-11-06,54.26,59.73,53.59,58.8,32548374.0,506491392.0
2015-11-09,58.35,64.67,58.02,62.77,31718418.0,530467936.0
2015-11-10,62.44,64.85,60.06,61.84,23325616.0,391741312.0
2015-11-11,63.55,68.01,62.74,68.01,32803908.0,588376832.0
2015-11-12,70.02,71.36,67.64,69.91,21710634.0,406420032.0
2015-11-13,69.91,74.29,67.75,73.22,22999842.0,440635872.0
2015-11-16,71.92,75.89,70.06,72.25,31110146.0,605066432.0
2015-11-17,73.14,74.48,70.09,70.21,23148276.0,444002912.0
2015-11-18,72.47,74.33,71.1,71.58,24025484.0,469518816.0
2015-11-19,71.36,72.88,70.06,71.84,14524358.0,279215776.0
2015-11-20,71.73,77.9,71.17,77.08,27936068.0,566210624.0
2015-11-23,76.19,81.21,75.86,77.86,20269260.0,429750816.0
2015-11-24,77.68,85.67,76.93,85.59,21333312.0,467620064.0
2015-11-25,86.22,91.72,85.18,87.97,30638414.0,730899392.0
2015-11-26,88.08,91.72,83.7,84.59,23192816.0,542542464.0
2015-11-27,86.3,87.34,77.6,80.46,21344936.0,476871936.0
2015-11-30,79.94,88.53,79.91,88.53,39071004.0,901287872.0
2015-12-01,92.36,97.0,88.49,91.09,41250898.0,1030259869.0
2015-12-02,90.31,93.25,83.06,90.68,22195436.0,529057248.0
2015-12-03,90.76,94.7,87.34,93.32,19931146.0,491832654.0
2015-12-04,93.32,97.34,91.13,94.18,25223908.0,642441088.0
2015-12-07,96.63,103.58,96.63,103.58,28132630.0,764264758.0
2015-12-08,103.73,105.18,99.57,100.64,24546848.0,672868096.0
2015-12-09,100.57,103.58,95.52,97.41,26194935.0,699900432.0
2015-12-10,98.45,100.05,94.25,95.0,19786660.0,513858240.0
2015-12-11,94.77,98.12,94.29,97.89,16864256.0,437111328.0
2015-12-14,96.63,100.31,88.75,93.32,25355932.0,639568384.0
2015-12-15,94.22,102.21,94.07,100.01,23326320.0,618541440.0
2015-12-16,102.21,103.32,97.93,98.49,15158280.0,407175936.0
2015-12-17,98.79,102.58,97.45,101.46,20564164.0,553371776.0
2015-12-18,101.46,109.08,100.91,107.93,23468528.0,668462592.0
2015-12-21,107.86,111.01,105.77,107.63,14831557.0,431270688.0
2015-12-22,107.71,107.82,103.21,106.67,13929785.0,395955318.0
2015-12-23,106.22,106.52,101.46,102.69,14026014.0,390603232.0
2015-12-24,100.61,104.36,99.05,102.8,10874007.0,296772864.0
2015-12-25,103.14,104.21,100.5,103.25,7715815.0,212974939.0
2015-12-28,103.54,103.8,94.4,95.55,24329373.0,648547684.0
2015-12-29,96.63,101.54,96.07,100.31,16743040.0,445126245.0
2015-12-30,100.35,102.69,98.64,100.72,12381090.0,334681861.0
2015-12-31,100.91,101.95,98.3,100.61,9868761.0,266294240.0
2016-01-04,99.86,105.89,90.54,90.8,16350651.0,441953952.0
2016-01-05,82.51,95.89,82.51,91.76,20495584.0,493169984.0
2016-01-06,92.36,93.62,87.64,92.21,13922458.0,341226858.0
2016-01-07,91.06,91.06,82.99,82.99,3529505.0,81796582.0
2016-01-08,86.3,87.45,75.08,85.82,20655875.0,470180148.0
2016-01-11,85.11,85.11,77.23,77.23,20007320.0,425585952.0
2016-01-12,74.33,77.83,69.5,69.5,30053380.0,572332736.0
2016-01-18,63.15,70.13,62.96,65.26,25533155.0,455811946.0
2016-01-19,58.72,58.72,58.72,58.72,2676100.0,42282380.0
2016-07-07,52.85,52.85,52.85,52.85,3077300.0,43759206.0
2016-07-08,49.69,58.13,49.69,58.13,141709520.0,2004911792.0
2016-07-11,55.3,57.23,52.37,54.37,111982608.0,1662049551.0
2016-07-12,52.89,54.97,51.4,52.55,62228356.0,879213586.0
2016-07-13,52.37,52.55,50.17,52.14,63105527.0,872122226.0
2016-07-15,52.22,57.35,52.22,57.35,48937782.0,729439239.0
2016-07-18,59.09,63.03,57.23,63.0,123832207.0,2028808930.0
2016-07-19,60.58,68.76,59.54,64.93,116056112.0,1990195908.0
2016-07-20,65.04,65.93,62.44,62.81,68441028.0,1175635763.0
2016-07-21,61.81,63.74,60.95,61.92,47844867.0,799280288.0
2016-07-22,61.32,62.66,59.47,60.25,42430930.0,693431823.0
2016-07-25,59.76,63.52,59.76,62.33,48610567.0,812998363.0
2016-07-26,62.62,63.03,60.21,61.44,33718825.0,553938240.0
2016-07-27,61.51,61.99,55.3,55.49,51437019.0,800462053.0
2016-07-28,56.23,57.12,53.93,56.27,32157072.0,480840625.0
2016-07-29,56.38,56.68,54.34,54.71,20981517.0,311401846.0
2016-08-09,60.02,60.17,56.53,60.17,32697258.0,518298659.0
2016-08-10,63.92,66.19,62.51,64.97,91824696.0,1598535810.0
2016-08-11,63.7,64.74,61.44,62.4,63739133.0,1082465573.0
2016-08-12,61.14,63.78,60.91,62.48,49372625.0,833285733.0
2016-08-15,63.85,64.48,60.95,62.96,51509871.0,865984007.0
2016-08-16,61.7,69.24,61.7,66.04,88199996.0,1574945282.0
2016-08-17,64.85,65.37,63.55,64.26,53915020.0,932822026.0
2016-08-29,57.83,61.32,57.83,57.83,47302141.0,745696284.0
2016-08-30,55.75,63.03,54.97,60.84,65439036.0,1046185221.0
2016-08-31,59.17,60.39,58.02,58.42,37144615.0,587895583.0
2016-09-01,57.9,59.98,57.42,57.83,23913617.0,376875754.0
2016-09-02,57.61,58.35,55.75,57.61,29347401.0,449042134.0
2016-09-05,57.98,58.54,56.64,57.79,21356315.0,331144069.0
2016-09-06,57.72,57.79,56.01,57.01,20860598.0,319287903.0
2016-09-07,60.91,62.7,60.88,62.7,70651602.0,1187654231.0
2016-09-08,62.66,68.35,60.02,64.52,109365844.0,1898711758.0
2016-09-09,61.7,63.78,59.5,60.39,66288027.0,1102662357.0
2016-09-13,57.38,57.38,57.38,57.38,704300.0,10874392.0
2016-09-14,54.52,54.52,54.52,54.52,1194900.0,17529183.0
2016-09-19,51.81,51.81,51.81,51.81,1632500.0,22757050.0
2016-09-20,49.21,51.59,49.21,49.21,46384257.0,616431075.0
2016-09-21,48.95,49.54,48.09,49.39,30577659.0,402369287.0
2016-09-22,49.65,50.36,49.06,49.43,21978698.0,292876241.0
2016-09-23,49.43,49.51,48.35,48.46,18713836.0,245743009.0
2016-09-27,46.05,46.75,46.05,46.05,7262300.0,90030982.0
2016-09-28,44.6,45.94,43.74,43.89,34280946.0,410590946.0
2016-09-29,44.08,44.97,43.59,43.97,20470681.0,243919313.0
2016-09-30,44.12,46.16,43.97,46.16,20109614.0,244588326.0
2016-10-10,46.38,46.57,45.27,46.2,17720703.0,218727428.0
2016-10-11,46.57,48.24,46.49,47.61,18445336.0,236467338.0
2016-10-12,47.24,49.32,47.01,48.91,18271005.0,238101199.0
2016-10-13,49.24,49.28,48.13,48.28,13161710.0,171698144.0
2016-10-14,48.24,48.24,47.5,47.72,10606271.0,136296348.0
2016-10-17,47.76,48.02,46.31,46.61,11720012.0,148591731.0
2016-10-18,46.35,47.2,46.27,47.13,8543723.0,107694157.0
2016-10-19,47.13,47.46,46.38,46.46,10310700.0,129886665.0
2016-10-20,46.57,48.58,45.83,47.91,20383904.0,259621593.0
2016-10-21,47.57,47.83,46.49,46.94,12867627.0,163298083.0
2016-10-24,46.79,47.35,46.68,47.05,9662121.0,122123972.0
2016-10-25,47.01,47.8,46.64,47.27,11799222.0,149906306.0
2016-10-26,47.27,48.2,46.98,47.91,14686801.0,188281557.0
2016-10-27,47.87,48.54,47.72,47.91,12856531.0,166268965.0
2016-10-28,47.76,48.13,47.02,47.02,10933008.0,139576580.0
2016-10-31,46.09,46.16,44.67,44.67,19299610.0,233234503.0
2016-11-01,44.26,44.82,43.97,44.71,13356258.0,159722147.0
2016-11-02,44.56,45.3,44.45,44.6,10011872.0,120656657.0
2016-11-03,44.6,44.67,44.0,44.38,11649422.0,138989440.0
2016-11-04,44.78,45.9,44.6,44.71,12328773.0,149506572.0
2016-11-07,44.41,44.78,44.12,44.75,8801602.0,105126895.0
2016-11-08,44.75,45.79,44.45,45.23,11716889.0,142033634.0
2016-11-09,45.01,45.56,44.15,44.78,12139990.0,146690970.0
2016-11-10,45.08,45.27,44.9,45.23,9103552.0,110460350.0
2016-11-11,45.08,45.6,45.05,45.38,9966887.0,121563725.0
2016-11-14,45.42,45.83,45.34,45.64,9928801.0,121672634.0
2016-11-15,45.71,47.09,45.64,46.49,14153300.0,177150317.0
2016-11-16,46.72,48.76,46.2,48.31,17888544.0,227469961.0
2016-11-17,48.13,48.61,47.24,47.27,13294500.0,170581436.0
2016-11-18,47.35,48.5,47.35,47.68,11743266.0,151451693.0
2016-11-21,47.8,48.05,46.68,47.2,12895066.0,164222519.0
2016-11-22,47.2,47.39,46.72,47.31,9895160.0,125155938.0
2016-11-23,47.13,48.2,46.98,47.24,9747457.0,124610415.0
2016-11-24,47.2,47.42,45.71,46.01,11456583.0,143898347.0
2016-11-25,46.2,46.38,44.04,45.05,13639756.0,165133522.0
2016-11-28,44.93,45.42,44.56,44.97,11441913.0,138043027.0
2016-11-29,44.75,45.12,44.3,44.34,8478537.0,101928788.0
2016-11-30,44.19,44.78,42.85,43.22,14093726.0,166440967.0
2016-12-01,42.93,43.59,42.93,43.52,7831080.0,91263589.0
2016-12-02,43.48,43.59,42.96,43.26,7603453.0,88517511.0
2016-12-05,43.08,44.38,42.74,43.93,9020331.0,106471571.0
2016-12-06,44.15,45.16,43.89,45.08,9488759.0,113884566.0
2016-12-07,46.16,47.16,45.16,45.49,13888618.0,171815842.0
2016-12-08,45.16,45.42,44.56,44.64,7105079.0,85926599.0
2016-12-09,44.67,45.27,44.6,44.9,5902102.0,71297917.0
2016-12-12,44.9,44.93,42.67,42.67,13246031.0,154519902.0
2016-12-13,42.37,43.41,41.29,43.15,7009101.0,79954132.0
2016-12-14,42.78,43.59,42.78,43.34,6207222.0,72329012.0
2016-12-15,43.3,44.49,43.15,43.97,6508817.0,77004226.0
2016-12-16,43.82,44.26,43.63,43.82,5962165.0,70346269.0
2016-12-19,44.34,46.01,44.23,46.01,8714100.0,105971635.0
2016-12-20,46.57,46.94,45.49,46.05,12903533.0,160649843.0
2016-12-21,45.75,46.42,45.45,46.05,6817100.0,84113289.0
2016-12-22,46.05,47.01,45.49,46.23,8775900.0,109097869.0
2016-12-23,45.94,46.05,43.93,44.64,11116165.0,133660079.0
2016-12-26,44.86,45.45,44.26,45.12,6212301.0,75064816.0
2016-12-27,45.34,45.38,44.71,44.97,4907904.0,59332245.0
2016-12-28,45.05,45.05,44.41,44.67,5088904.0,61169404.0
2016-12-29,44.56,44.56,43.56,44.0,9158393.0,108276518.0
2016-12-30,44.08,44.67,43.93,44.34,5800086.0,69203939.0
2017-01-03,44.12,44.97,44.08,44.75,4920180.0,58935001.0
2017-01-04,44.75,44.86,44.34,44.78,5352893.0,64283529.0
2017-01-05,44.67,44.67,44.26,44.34,5751495.0,68757419.0
2017-09-11,42.11,42.11,42.11,42.11,586400.0,6643912.0
2017-09-12,39.99,39.99,39.99,39.99,330000.0,3550800.0
2017-09-13,37.98,37.98,37.98,37.98,669300.0,6840246.0
2017-09-14,36.09,36.09,36.09,36.09,1392700.0,13523117.0
2017-09-15,34.27,35.31,34.27,34.27,30478082.0,281800516.0
2017-09-18,33.63,33.75,32.56,32.56,26438080.0,232529293.0
2017-09-19,32.45,32.63,31.74,32.3,19025803.0,164759723.0
2017-09-20,32.3,32.82,32.07,32.3,13712693.0,119488351.0
2017-09-21,32.26,32.37,31.0,31.26,15638072.0,133244068.0
2017-09-22,31.18,31.18,30.59,30.7,10601580.0,87877164.0
2017-09-25,30.77,31.44,30.62,30.77,7841033.0,65451347.0
2017-09-26,31.03,31.41,30.89,31.11,6621311.0,55468824.0
2017-09-27,31.18,31.29,30.7,30.89,5740500.0,47718725.0
2017-09-28,30.96,31.07,30.59,30.66,5591300.0,46423758.0
2017-09-29,30.66,31.63,30.25,31.18,6829155.0,56633688.0
2017-10-09,31.41,31.48,31.07,31.14,5186050.0,43590209.0
2017-10-10,31.22,31.44,31.07,31.44,4776739.0,40139776.0
2017-10-11,31.52,31.52,31.26,31.33,4775258.0,40274593.0
2017-10-12,31.33,31.33,30.59,30.81,7181596.0,59696790.0
2017-10-13,30.7,31.18,30.51,31.07,5523202.0,45892025.0
2017-10-16,30.96,31.03,29.81,29.84,8079697.0,66031149.0
2017-10-17,29.77,30.48,29.7,29.99,5265701.0,42538763.0
2017-10-18,29.99,30.29,29.84,29.92,4741300.0,38248637.0
2017-10-19,29.84,29.88,28.43,28.43,9488900.0,73307070.0
2017-10-20,27.87,28.66,27.58,28.47,6468860.0,48799494.0
2017-10-23,28.36,28.62,27.91,28.28,4774172.0,36280717.0
2017-10-24,28.32,28.43,27.61,28.06,5697810.0,42884235.0
2017-10-25,28.02,28.13,27.8,28.02,3697902.0,27833379.0
2017-10-26,28.02,28.1,27.73,27.84,4058200.0,30454889.0
2017-10-27,27.84,27.99,27.69,27.73,3702600.0,27721070.0
2017-10-30,27.5,27.5,26.35,26.35,8718795.0,62148060.0
2017-10-31,26.05,26.5,25.87,26.16,6516794.0,45848629.0
2017-11-01,26.16,26.28,25.64,25.72,5020500.0,35100033.0
2017-11-02,25.83,25.94,25.09,25.24,7290833.0,50123011.0
2017-11-03,25.23,25.42,24.64,24.83,6719694.0,45245255.0
2017-11-06,24.64,26.05,24.38,26.05,7511625.0,51177730.0
2017-11-07,26.09,26.76,25.79,26.2,8051725.0,56917740.0
2017-11-08,26.16,27.06,25.79,26.57,7470966.0,53509928.0
2017-11-09,26.76,26.98,26.43,26.76,3967673.0,28486164.0
2017-11-10,26.68,27.17,26.5,27.06,4379973.0,31649930.0
2017-11-13,26.87,27.46,26.46,26.83,4355556.0,31626628.0
2017-11-14,26.83,27.28,26.61,26.83,3923796.0,28352131.0
2017-11-15,26.72,26.95,26.13,26.2,4090800.0,29284911.0
2017-11-16,26.02,26.31,25.83,25.9,3417344.0,23956023.0
2017-11-17,25.94,26.05,25.2,25.38,4676100.0,32207275.0
2017-11-20,25.23,26.65,24.23,26.65,4782060.0,32638018.0
2017-11-21,26.8,27.43,26.54,26.95,6979354.0,50428171.0
2017-11-22,26.83,27.06,26.24,26.43,4032300.0,28919341.0
2017-11-23,26.35,26.95,26.09,26.13,3404501.0,24298191.0
2017-11-24,25.98,26.87,25.87,26.68,3216352.0,22916197.0
2017-11-27,26.65,27.24,26.43,26.95,4589300.0,33176959.0
2017-11-28,26.83,27.13,26.72,26.98,2457277.0,17780234.0
2017-11-29,26.87,26.98,26.28,26.57,3327349.0,23869453.0
2017-11-30,26.5,26.83,26.39,26.57,2437500.0,17429915.0
2017-12-01,26.54,26.68,26.31,26.61,1546600.0,11035926.0
2017-12-04,26.43,26.57,25.5,25.83,4485857.0,31323050.0
2017-12-05,25.72,25.9,24.71,24.79,3151883.0,21412941.0
2017-12-06,24.75,25.31,24.71,25.27,2098099.0,14123684.0
2017-12-07,25.98,26.39,25.5,25.53,2291500.0,15916012.0
2017-12-08,25.35,25.83,25.35,25.64,1534157.0,10588393.0
2017-12-11,25.61,26.8,25.61,26.35,2761257.0,19609129.0
2017-12-12,26.35,26.35,25.9,25.98,1834400.0,12863886.0
2017-12-13,25.87,26.43,25.87,26.2,1679973.0,11825426.0
2017-12-14,26.24,27.13,26.24,26.57,4177160.0,30040000.0
2017-12-15,26.54,26.68,26.09,26.31,3244806.0,22982806.0
2017-12-18,26.2,26.39,25.61,25.72,3683991.0,25736361.0
2017-12-19,25.87,26.09,25.64,26.02,1628500.0,11332549.0
2017-12-20,25.76,26.61,25.76,26.43,3676631.0,26041649.0
2017-12-21,26.39,26.46,25.79,26.24,2616400.0,18431546.0
2017-12-22,26.72,27.09,26.13,26.24,3583701.0,25601148.0
2017-12-25,25.94,26.09,25.46,25.76,2892458.0,20065979.0
2017-12-26,25.76,26.05,25.57,25.98,2077149.0,14501339.0
2017-12-27,25.68,26.2,25.68,25.9,2090183.0,14604617.0
2017-12-28,25.83,26.09,25.68,25.98,2193511.0,15280402.0
2017-12-29,26.05,26.09,25.79,26.02,1716503.0,11979969.0
2018-01-02,26.02,26.2,25.87,26.02,1634400.0,11445183.0
2018-01-03,26.16,26.54,26.02,26.31,3404818.0,24036368.0
2018-01-04,26.2,26.76,26.2,26.31,3731518.0,26547420.0
2018-01-05,26.39,26.57,26.16,26.39,3044176.0,21531678.0
2018-01-08,26.46,26.5,26.28,26.43,2267524.0,16095985.0
2018-01-09,26.35,26.46,26.28,26.39,2031100.0,14412008.0
2018-01-10,26.39,26.65,25.94,25.98,2808702.0,19777322.0
2018-01-11,26.09,26.09,25.61,25.83,2275267.0,15767173.0
2018-01-12,25.76,25.83,25.57,25.68,1629949.0,11267007.0
2018-01-15,25.61,25.61,24.75,24.86,3039545.0,20524359.0
2018-01-16,24.83,25.23,24.71,25.05,1437500.0,9693840.0
2018-01-17,24.94,25.12,24.6,25.01,1745285.0,11673141.0
2018-01-18,25.01,25.53,24.9,25.27,1827800.0,12426258.0
2018-01-19,25.27,25.61,25.2,25.31,1630700.0,11151699.0
2018-01-22,25.42,25.53,24.9,25.27,1390800.0,9458022.0
2018-01-23,25.27,25.46,25.16,25.27,1101818.0,7486546.0
2018-01-24,25.31,25.31,24.64,24.83,3254585.0,21906890.0
2018-01-25,24.64,25.09,24.57,24.75,2262100.0,15109387.0
2018-01-26,24.68,24.98,24.64,24.68,1777880.0,11839662.0
2018-01-29,24.79,25.05,24.45,24.45,2817101.0,18673076.0
2018-01-30,24.34,24.6,24.27,24.42,2004800.0,13173155.0
2018-01-31,24.68,24.68,23.19,23.27,5780938.0,36972375.0
2018-02-01,22.86,23.15,22.11,22.11,4478700.0,27010235.0
2018-02-02,21.11,21.48,21.0,21.0,3551500.0,20077527.0
2018-02-05,19.96,20.48,19.96,19.96,4979547.0,26925483.0
2018-02-06,19.44,20.33,18.95,18.99,4881847.0,25684748.0
2018-02-07,19.33,19.44,18.1,18.73,4313455.0,21691448.0
2018-02-08,18.73,19.66,18.43,18.99,3870688.0,19830200.0
2018-02-09,18.51,18.81,18.02,18.21,4329987.0,21426246.0
2018-02-12,18.25,18.81,18.14,18.17,7642910.0,37546527.0
2018-02-13,18.21,18.32,17.28,17.32,9248299.0,44313329.0
2018-02-14,17.65,17.69,16.73,17.43,6141091.0,28563836.0
2018-02-22,17.43,18.02,17.39,17.88,4405899.0,20953761.0
2018-02-23,17.8,18.36,17.69,18.02,4680900.0,22724504.0
2018-02-26,18.1,18.84,17.99,18.77,5743139.0,28557453.0
2018-02-27,18.66,19.21,18.66,18.92,5760612.0,29443526.0
2018-02-28,18.66,19.03,18.4,18.77,3735400.0,18824213.0
2018-03-01,18.77,19.7,18.69,19.48,5021879.0,26275343.0
2018-03-02,19.4,19.66,19.29,19.62,3766980.0,19750731.0
2018-03-05,19.44,20.55,19.36,20.22,4358325.0,23366998.0
2018-03-06,20.14,21.22,20.07,21.22,4628301.0,26180516.0
2018-03-07,21.67,22.3,21.33,21.85,12607681.0,74475434.0
2018-03-08,21.59,22.23,21.56,21.85,4157801.0,24449436.0
2018-03-09,21.74,22.93,21.74,22.93,8280044.0,50337867.0
2018-03-12,22.67,23.3,22.67,23.12,6563412.0,40603927.0
2018-03-13,23.12,23.12,22.41,22.6,5696012.0,34818126.0
2018-03-14,22.34,22.78,22.34,22.52,3278601.0,19954369.0
2018-03-15,22.52,23.23,22.41,22.56,3614301.0,22171973.0
2018-03-16,22.56,22.97,22.48,22.86,2748300.0,16789983.0
2018-03-19,22.89,22.89,22.56,22.71,2658900.0,16254142.0
2018-03-20,22.56,22.93,22.48,22.78,2255600.0,13797065.0
2018-03-21,22.86,23.15,22.48,22.56,3266608.0,20073808.0
2018-03-22,22.6,22.71,22.08,22.48,4042481.0,24322389.0
2018-03-23,21.96,22.19,21.37,21.37,4801600.0,28052317.0
2018-03-26,20.48,22.04,20.29,21.96,6150200.0,34584121.0
2018-03-27,22.78,22.78,22.04,22.45,2590000.0,15639955.0
2018-03-28,22.3,22.52,21.93,21.96,2522601.0,15074190.0
2018-03-29,21.93,22.48,21.93,22.41,2159557.0,12958948.0
2018-03-30,22.45,22.75,22.41,22.75,2025872.0,12310798.0
2018-04-02,22.6,22.82,22.56,22.71,2175776.0,13266003.0
2018-04-03,22.37,22.86,22.19,22.86,3092313.0,18844524.0
2018-04-04,22.97,22.97,22.6,22.78,2393001.0,14671156.0
2018-04-09,22.67,22.71,22.26,22.34,2783000.0,16818241.0
2018-04-10,22.34,22.41,22.0,22.15,2076538.0,12359249.0
2018-04-11,22.19,22.56,22.11,22.37,1785300.0,10749341.0
2018-04-12,22.41,22.45,22.08,22.19,1294212.0,7744352.0
2018-04-13,22.3,22.45,22.11,22.3,1089574.0,6535822.0
2018-04-16,22.41,22.41,21.18,21.45,2246000.0,13107027.0
2018-04-17,21.52,21.59,20.37,20.37,2862658.0,16060900.0
2018-04-18,20.66,21.37,19.77,21.37,3295525.0,18467288.0
2018-04-19,21.37,21.67,20.89,21.07,2193418.0,12589144.0
2018-04-20,20.89,21.11,20.14,20.25,2613100.0,14368182.0
2018-04-23,20.03,20.4,19.77,20.18,1797358.0,9691908.0
2018-04-24,20.07,20.55,19.85,20.4,1783600.0,9735272.0
2018-04-25,20.11,20.44,20.11,20.37,1669100.0,9103179.0
2018-04-26,20.14,20.37,19.96,20.14,1574701.0,8537760.0
2018-04-27,20.29,20.55,20.03,20.33,2161700.0,11848126.0
2018-05-02,20.29,20.44,19.73,19.85,1837300.0,9938136.0
2018-05-03,19.85,20.33,19.62,20.25,2286551.0,12301461.0
2018-05-04,20.07,20.59,20.07,20.52,2171459.0,11887105.0
2018-05-07,20.52,21.07,20.4,20.7,1704900.0,9534073.0
2018-05-08,20.7,20.7,20.44,20.55,1474100.0,8152715.0
2018-05-09,20.44,20.96,20.44,20.74,1532018.0,8570859.0
2018-05-10,20.7,20.85,20.55,20.63,1467500.0,8161212.0
2018-05-11,20.78,20.78,20.0,20.25,1799201.0,9816687.0
2018-05-14,20.25,20.4,20.0,20.14,1095800.0,5948742.0
2018-05-15,20.0,20.18,19.85,20.07,1081400.0,5827786.0
2018-05-16,20.0,20.14,19.66,19.85,1898501.0,10141917.0
2018-05-17,19.66,19.81,19.33,19.36,2154038.0,11306850.0
2018-05-18,19.44,19.48,18.81,19.29,2981781.0,15359082.0
2018-05-21,19.29,19.59,19.21,19.44,1350818.0,7038499.0
2018-05-22,19.51,19.51,19.1,19.21,1649518.0,8557610.0
2018-05-23,19.18,19.21,18.51,18.62,2271861.0,11514269.0
2018-05-24,18.55,18.73,18.43,18.69,1687461.0,8442466.0
2018-05-25,18.55,18.77,17.84,17.95,1699761.0,8409289.0
2018-05-28,17.91,17.95,17.17,17.73,2907373.0,13725095.0
2018-05-29,17.58,17.88,17.21,17.36,1252700.0,5917255.0
2018-05-30,17.1,17.13,16.5,16.61,2626100.0,11904928.0
2018-05-31,16.58,17.43,16.58,17.36,1756400.0,7987610.0
2018-06-01,17.21,18.21,16.8,17.65,3242702.0,15561431.0
2018-06-04,17.69,18.51,17.69,17.8,1790401.0,8702227.0
2018-06-05,17.77,17.95,17.17,17.39,2614001.0,12258371.0
2018-06-06,17.39,17.39,16.73,16.91,2362255.0,10787059.0
2018-06-07,16.91,17.21,16.73,16.76,2135800.0,9733187.0
2018-06-08,16.69,16.69,16.28,16.39,2937225.0,12997029.0
2018-06-11,16.54,16.58,16.17,16.32,1299000.0,5715513.0
2018-06-12,16.35,16.61,16.28,16.61,1507500.0,6672263.0
2018-06-13,16.5,16.73,16.39,16.58,1248600.0,5547446.0
2018-06-14,16.58,16.61,16.39,16.5,1412900.0,6275005.0
2018-06-15,16.39,16.61,16.02,16.13,1440818.0,6311725.0
2018-06-19,15.61,15.94,15.31,15.31,1315100.0,5473916.0
2018-06-20,14.87,15.16,14.53,14.72,2016618.0,8026848.0
2018-06-21,14.72,15.09,13.97,13.97,2982218.0,11490282.0
2018-06-22,13.94,13.97,13.27,13.64,2781982.0,10133941.0
2018-06-25,13.64,13.83,12.97,13.08,2834782.0,10232380.0
2018-06-26,13.04,13.38,12.64,12.9,3491501.0,12201324.0
2018-06-27,13.01,13.53,12.53,13.04,5249990.0,18844973.0
2018-06-28,13.08,13.34,12.56,12.67,3234947.0,11271482.0
2018-06-29,12.64,13.08,12.56,12.93,3601493.0,12452712.0
2018-07-02,12.9,13.04,12.53,12.6,2545500.0,8743358.0
2018-07-03,12.64,13.08,12.49,12.67,3396682.0,11624505.0
2018-07-04,12.56,12.71,12.04,12.12,3468700.0,11499840.0
2018-07-05,12.04,12.56,11.71,11.89,3477400.0,11356499.0
2018-07-06,11.63,12.0,11.52,11.74,2047711.0,6487266.0
2018-07-09,11.74,12.15,11.71,12.08,2442000.0,7842223.0
2018-07-10,12.04,12.53,11.93,12.49,2261570.0,7403856.0
2018-07-11,13.01,13.01,12.34,12.6,3947470.0,13457738.0
2018-07-12,12.6,12.79,12.41,12.71,3657370.0,12402936.0
2018-07-13,12.64,12.79,12.53,12.71,1948500.0,6614909.0
2018-07-16,12.75,12.75,12.49,12.6,2223700.0,7530702.0
2018-07-17,12.64,12.67,12.49,12.56,1887200.0,6359832.0
2018-07-18,12.56,12.9,12.53,12.71,2572444.0,8786582.0
2018-07-19,12.71,12.79,12.3,12.45,2722000.0,9138547.0
2018-07-20,12.53,12.67,12.3,12.56,1416595.0,4757537.0
2018-07-23,12.75,12.86,12.34,12.64,1483000.0,5013494.0
2018-07-24,12.56,12.9,12.56,12.9,1931200.0,6638519.0
2018-07-25,12.86,12.93,12.79,12.9,1752364.0,6057659.0
2018-07-26,12.9,13.23,12.82,13.19,2492464.0,8774370.0
2018-07-27,13.19,13.83,13.04,13.08,2783764.0,10042059.0
2018-07-30,13.01,13.16,12.64,12.75,1780864.0,6172553.0
2018-07-31,12.75,12.9,12.67,12.9,1148308.0,3951708.0
2018-08-01,12.9,12.93,12.64,12.75,1236800.0,4259602.0
2018-08-02,12.67,12.67,12.12,12.19,1947500.0,6445547.0
2018-08-03,12.27,12.38,12.08,12.19,850901.0,2804791.0
2018-08-06,12.15,12.19,11.6,11.63,2190800.0,6970616.0
2018-08-07,11.63,12.15,11.63,12.08,1556644.0,4966061.0
2018-08-08,12.08,12.12,11.78,11.89,1517100.0,4880991.0
2018-08-09,11.82,12.15,11.71,12.12,1525600.0,4931973.0
2018-08-10,12.04,12.12,11.97,12.04,2240471.0,7255438.0
2018-08-13,11.93,12.04,11.74,12.04,1418100.0,4541228.0
2018-08-14,12.01,12.27,11.89,12.08,2722200.0,8831853.0
2018-08-15,12.15,12.15,11.86,12.01,2101694.0,6755126.0
2018-08-16,11.93,12.01,11.63,11.93,1642184.0,5238297.0
2018-08-17,11.97,12.01,11.67,11.82,1558400.0,4970033.0
2018-08-20,11.89,11.93,11.67,11.74,1620000.0,5127155.0
2018-08-21,11.82,11.97,11.71,11.86,1922900.0,6121720.0
2018-08-22,11.89,12.27,11.78,11.93,2776994.0,8964147.0
2018-08-23,11.97,12.0,11.78,11.89,1701100.0,5421170.0
2018-08-24,11.82,11.89,11.71,11.89,1488700.0,4747830.0
2018-08-27,11.89,12.15,11.78,12.04,3487200.0,11205298.0
2018-08-28,12.01,12.08,11.78,11.93,3390494.0,10865676.0
2018-08-29,11.89,12.01,11.82,11.93,2367694.0,7589879.0
2018-08-30,11.93,11.97,11.63,11.71,2316200.0,7346079.0
2018-08-31,11.67,11.71,11.41,11.41,2750600.0,8514113.0
2018-09-03,11.34,11.37,10.96,11.15,3167145.0,9492508.0
2018-09-04,11.04,11.34,11.04,11.34,1935710.0,5850018.0
2018-09-05,11.34,11.52,11.26,11.45,1834701.0,5633722.0
2018-09-06,11.48,11.56,11.34,11.45,1897301.0,5839950.0
2018-09-07,11.45,11.52,11.37,11.37,1440800.0,4435497.0
2018-09-10,11.37,11.37,11.19,11.22,1213600.0,3674444.0
2018-09-11,11.22,11.37,11.15,11.26,1383900.0,4186671.0
2018-09-12,11.26,11.37,11.22,11.3,952700.0,2896216.0
2018-09-13,11.37,11.37,11.19,11.22,1684600.0,5105422.0
2018-09-14,11.22,11.34,11.11,11.19,2252700.0,6783054.0
2018-09-17,11.15,11.22,10.93,11.0,1520849.0,4493756.0
2018-09-18,10.96,11.11,10.93,11.11,1267938.0,3765460.0
2018-09-19,11.07,11.26,10.96,11.19,2071537.0,6203799.0
2018-09-20,11.15,11.22,11.11,11.19,1193600.0,3586469.0
2018-09-21,11.19,11.34,11.19,11.3,2233900.0,6768233.0
2018-09-25,11.3,11.34,11.19,11.3,1092200.0,3310161.0
2018-09-26,11.26,11.41,11.22,11.41,840200.0,2561006.0
2018-09-27,11.41,11.41,11.22,11.22,1554500.0,4730057.0
2018-09-28,11.26,11.41,11.22,11.41,998200.0,3048056.0
2018-10-08,11.22,11.3,11.11,11.22,1188600.0,3577723.0
2018-10-09,11.22,11.26,11.15,11.22,454800.0,1372949.0
2018-10-10,11.26,11.41,11.15,11.34,749200.0,2274805.0
2018-10-11,11.19,11.19,10.78,10.78,1888626.0,5535262.0
2018-10-12,10.7,10.7,10.26,10.59,2045549.0,5739768.0
2018-10-15,10.59,10.93,10.59,10.81,1658730.0,4831368.0
2018-10-16,10.74,11.04,10.74,10.81,855900.0,2501873.0
2018-10-17,10.81,11.0,10.74,10.81,1155900.0,3370175.0
2018-10-18,10.85,10.85,10.44,10.59,1140000.0,3246442.0
2018-10-19,10.37,10.74,10.15,10.67,1425130.0,4037612.0
2018-10-22,11.19,11.19,11.04,11.19,895430.0,2693211.0
2018-10-23,11.34,11.74,11.34,11.6,4777030.0,15006741.0
2018-10-24,11.63,11.74,11.41,11.67,2333800.0,7291457.0
2018-10-25,11.6,11.6,11.3,11.6,2028300.0,6244225.0
2018-10-26,11.63,11.82,11.56,11.74,2121800.0,6700416.0
2018-10-29,11.71,12.12,11.6,11.86,2748843.0,8818150.0
2018-10-30,11.86,12.12,11.74,12.01,1787700.0,5744996.0
2018-10-31,12.04,12.6,11.93,12.56,4518624.0,15230527.0
2018-11-01,12.49,12.75,12.19,12.19,4034800.0,13485958.0
2018-11-02,12.27,12.45,12.08,12.3,2316700.0,7614588.0
2018-11-05,12.34,12.9,12.34,12.75,2965301.0,10102083.0
2018-11-06,12.75,12.9,12.12,12.41,3200497.0,10607235.0
2018-11-07,12.49,12.49,12.15,12.23,2544201.0,8397266.0
2018-11-08,12.23,12.56,12.23,12.38,2615692.0,8715314.0
2018-11-09,12.23,12.53,12.19,12.45,1726149.0,5747908.0
2018-11-12,12.45,13.08,12.38,13.08,5773723.0,20152781.0
2018-11-13,13.08,13.75,12.97,13.49,5660600.0,20548977.0
