2009-01-05,31.83,33.81,31.54,33.58,2323503.0,13165685.0
2009-01-06,32.94,34.22,32.7,34.1,2629028.0,15200287.0
2009-01-07,34.04,35.44,33.52,33.99,2210126.0,13060988.0
2009-01-08,33.69,37.31,33.34,34.98,3672320.0,22509812.0
2009-01-09,33.81,35.5,33.52,34.92,2366132.0,14034913.0
2009-01-12,34.92,36.49,34.28,35.44,3370410.0,20569940.0
2009-01-13,34.39,36.2,33.93,34.28,2402729.0,14424330.0
2009-01-14,34.16,36.9,33.87,36.38,3384668.0,20658286.0
2009-01-15,35.73,39.41,35.73,37.13,6099119.0,39715828.0
2009-01-16,36.84,37.54,35.85,36.61,3238006.0,20456740.0
2009-01-19,36.61,38.71,36.61,37.13,2264575.0,14549323.0
2009-01-20,36.84,36.84,35.79,36.2,1380893.0,8567677.0
2009-01-21,36.03,37.31,36.03,36.84,1558779.0,9811125.0
2009-01-22,36.73,37.37,35.62,37.31,2234206.0,13998413.0
2009-01-23,38.18,38.18,36.03,36.14,1737540.0,10975688.0
2009-02-02,36.32,38.82,35.68,37.42,2627105.0,16737204.0
2009-02-03,37.89,41.16,37.13,41.16,4888503.0,34127364.0
2009-02-04,42.44,43.55,39.7,41.04,7020929.0,49345440.0
2009-02-05,40.86,40.86,39.52,39.93,3678264.0,25252078.0
2009-02-06,40.11,41.27,40.11,41.16,4246138.0,29758640.0
2009-02-09,41.74,45.3,40.52,45.24,6879004.0,50278952.0
2009-02-10,44.01,47.8,43.43,46.23,7575732.0,59853708.0
2009-02-11,45.47,46.52,44.59,46.23,5400549.0,41961880.0
2009-02-12,46.23,50.02,44.83,48.56,4979498.0,40028396.0
2009-02-13,47.74,49.08,46.93,48.33,4297511.0,35553384.0
2009-02-16,48.33,48.85,46.75,47.51,3437677.0,27993962.0
2009-02-17,48.44,49.49,47.28,47.39,4384488.0,36267268.0
2009-02-18,46.05,46.69,42.67,42.67,3338315.0,25439212.0
2009-02-19,42.79,43.78,42.03,43.14,2057721.0,15088847.0
2009-02-20,42.79,44.3,42.67,44.13,1653564.0,12374824.0
2009-02-23,44.3,46.05,44.19,45.64,2120518.0,16460841.0
2009-02-24,45.35,46.52,43.43,43.55,2923775.0,22452450.0
2009-02-25,43.84,45.3,42.96,44.83,1851773.0,13969599.0
2009-02-26,45.64,49.32,44.89,47.69,9040390.0,74946992.0
2009-02-27,46.46,46.46,42.91,42.91,2098100.0,15679532.0
2009-03-02,38.65,42.44,38.59,41.97,4588225.0,31344748.0
2009-03-03,40.22,43.43,39.64,42.55,3352192.0,24173152.0
2009-03-04,42.38,45.0,41.62,44.13,3960839.0,29620288.0
2009-03-05,44.3,45.0,42.85,43.72,2598075.0,19660328.0
2009-03-06,42.91,46.34,41.56,46.29,3949978.0,30604260.0
2009-03-09,47.16,50.6,44.77,44.89,5297834.0,43535164.0
2009-03-10,43.14,48.56,42.55,48.33,3858615.0,30397480.0
2009-04-08,53.16,53.16,53.16,53.16,2593346.0,23651316.0
2009-04-09,53.16,57.07,50.08,54.91,10739847.0,98312024.0
2009-04-10,52.76,55.79,52.47,54.33,7950074.0,73421360.0
2009-04-13,53.57,54.16,52.47,52.99,5944117.0,54143784.0
2009-04-14,52.81,53.51,51.36,52.99,4002228.0,35958500.0
2009-04-15,51.82,53.51,51.71,53.28,3836851.0,34717728.0
2009-04-16,53.28,56.2,51.59,55.03,6688076.0,62081264.0
2009-04-17,54.51,57.13,52.64,54.56,5912190.0,56350956.0
2009-04-20,55.03,55.96,53.46,54.68,4094264.0,38629352.0
2009-04-21,53.34,54.62,51.77,53.81,4133275.0,37740432.0
2009-04-22,53.75,55.61,52.17,52.87,3910489.0,36255228.0
2009-04-23,51.94,52.52,50.19,51.24,1958772.0,17256400.0
2009-04-24,51.36,52.23,49.67,49.9,1952845.0,17028620.0
2009-04-27,50.13,51.3,49.14,49.38,1865872.0,15997440.0
2009-04-28,49.96,51.01,49.03,50.13,1307734.0,11221201.0
2009-04-29,49.96,52.23,49.96,51.77,2630837.0,23198240.0
2009-04-30,52.06,54.45,51.77,53.51,4570487.0,41885148.0
2009-05-04,54.45,56.31,53.57,55.2,4552140.0,43051392.0
2009-05-05,55.96,55.96,53.63,54.62,3234243.0,30306016.0
2009-05-06,54.91,56.2,54.04,55.38,3692160.0,34949640.0
2009-05-07,57.71,60.92,57.71,60.92,6255631.0,64763752.0
2009-05-08,62.73,66.98,62.08,63.77,15280891.0,168979744.0
2009-05-11,62.14,62.26,57.42,57.42,7808011.0,80506792.0
2009-05-12,55.61,59.11,55.61,59.05,3794156.0,37546120.0
2009-05-13,58.99,59.34,57.48,58.35,3378174.0,33814412.0
2009-05-14,58.24,59.28,56.9,58.88,2952148.0,29315772.0
2009-05-15,59.11,59.28,57.71,57.95,2268042.0,22722688.0
2009-05-18,57.59,58.12,56.2,58.06,1787027.0,17449828.0
2009-05-19,58.18,59.69,57.77,58.99,2385332.0,24096518.0
2009-05-20,59.17,59.4,57.71,57.71,1663095.0,16616078.0
2009-05-21,56.72,57.65,56.14,56.55,1884500.0,18317082.0
2009-05-22,56.43,60.04,56.02,59.58,2057267.0,20414896.0
2009-05-25,57.89,62.84,57.42,62.14,5059905.0,52717960.0
2009-05-26,61.97,64.01,60.51,60.8,3763244.0,40265584.0
2009-05-27,60.63,61.62,58.29,58.88,2235571.0,22838180.0
2009-06-01,59.46,60.51,58.94,60.39,2112724.0,21620172.0
2009-06-02,60.39,60.51,58.7,58.88,1974099.0,20171624.0
2009-06-03,58.88,61.09,58.88,59.75,3186347.0,32928440.0
2009-06-04,59.46,59.52,57.59,58.88,2346224.0,23550110.0
2009-06-05,58.94,64.01,58.47,62.32,5261299.0,55280824.0
2009-06-08,61.62,66.05,60.68,64.82,6330206.0,69282920.0
2009-06-09,65.0,65.0,62.08,63.6,3382989.0,36699080.0
2009-06-10,63.48,64.82,62.38,62.9,2548560.0,27650136.0
2009-06-11,62.73,69.14,62.26,67.91,5629853.0,63231124.0
2009-06-12,66.45,67.5,61.79,62.73,4715962.0,52462308.0
2009-06-15,62.08,65.17,61.85,64.3,2332554.0,25537840.0
2009-06-16,63.83,66.63,63.07,66.11,3096686.0,34738984.0
2009-06-17,65.87,69.6,65.87,67.91,4745284.0,55016976.0
2009-06-18,67.91,68.03,65.58,65.93,3377308.0,38565348.0
2009-06-19,65.93,67.91,65.76,65.81,2172339.0,24769192.0
2009-06-22,66.45,66.92,63.25,63.77,2847590.0,31593720.0
2009-06-24,63.77,65.52,63.54,64.42,1677037.0,18553580.0
2009-06-25,64.01,64.42,62.67,64.01,2230717.0,24359236.0
2009-06-26,64.36,66.51,63.89,65.7,2591729.0,29196768.0
2009-06-29,66.16,67.56,65.0,66.16,2932804.0,33456410.0
2009-06-30,66.75,67.16,64.53,64.59,1736167.0,19471186.0
2009-07-01,64.12,67.74,64.12,66.51,3251467.0,37214784.0
2009-07-02,66.63,68.73,66.63,67.39,4085664.0,47381924.0
2009-07-03,67.62,74.15,66.81,74.15,6462963.0,80048360.0
2009-07-06,77.53,78.06,71.0,75.78,11406357.0,147141872.0
2009-07-07,72.98,75.03,71.7,72.05,4952730.0,61846332.0
2009-07-08,72.05,76.31,71.0,74.97,4627080.0,59234308.0
2009-07-09,75.2,76.19,73.33,74.03,2994001.0,38041028.0
2009-07-10,73.51,75.08,72.28,73.86,3250350.0,40985912.0
2009-07-13,72.98,74.79,72.87,73.39,2279695.0,28820678.0
2009-07-14,73.33,79.57,73.33,77.65,6078377.0,80665080.0
2009-07-15,77.82,79.22,75.84,77.12,3675973.0,49032736.0
2009-07-16,77.82,79.28,76.36,77.71,4034840.0,54046880.0
2009-07-17,77.24,80.27,77.01,79.45,3107986.0,41918200.0
2009-07-20,83.94,87.21,81.15,83.13,6534114.0,93566800.0
2009-07-21,80.62,82.78,78.17,78.81,3810806.0,52666896.0
2009-07-22,78.87,80.56,77.82,80.1,2808307.0,38006404.0
2009-07-23,79.69,83.59,78.11,81.67,3676490.0,51202656.0
2009-07-24,81.73,81.9,77.3,79.86,3553759.0,48429600.0
2009-07-27,79.63,80.04,78.11,78.7,2432786.0,32850528.0
2009-07-28,78.29,79.86,76.95,78.93,2700970.0,36320140.0
2009-07-29,78.99,79.22,71.18,72.23,2844750.0,36657447.0
2009-07-30,72.4,75.72,69.49,72.4,2283227.0,28165420.0
2009-07-31,72.46,75.49,72.46,74.91,2146181.0,27286228.0
2009-08-03,75.08,76.36,73.16,74.62,1825499.0,23189458.0
2009-08-04,74.33,76.13,73.51,74.79,1970184.0,25327812.0
2009-08-05,74.62,82.25,73.8,81.55,6604980.0,89077776.0
2009-08-06,78.76,89.07,77.59,82.37,8934178.0,127604720.0
2009-08-07,81.03,82.14,75.78,76.83,3640326.0,49961540.0
2009-08-10,78.41,79.75,75.78,77.47,1855715.0,24700536.0
2009-08-11,78.17,78.99,77.24,78.87,1702645.0,22924524.0
2009-08-12,79.28,79.75,72.4,73.16,2418957.0,31348898.0
2009-08-13,73.45,74.91,70.54,73.39,1741121.0,21901178.0
2009-08-14,73.74,74.09,68.26,68.73,1844921.0,22602566.0
2009-08-17,67.04,69.43,64.01,64.18,1957297.0,22386268.0
2009-08-18,64.94,65.58,62.96,64.94,1164049.0,12868386.0
2009-08-19,65.17,65.76,58.47,58.47,1791610.0,19095056.0
2009-08-20,58.76,61.67,58.64,61.5,1607731.0,16576402.0
2009-08-21,61.5,63.66,59.93,63.6,1816140.0,19427278.0
2009-08-24,64.59,65.0,62.96,64.18,1375593.0,15155603.0
2009-08-25,63.72,65.17,59.05,61.21,1942636.0,20493108.0
2009-08-26,60.63,66.92,59.46,64.3,1872271.0,20672928.0
2009-08-27,63.6,69.66,63.07,69.37,3075046.0,34952324.0
2009-08-28,68.15,68.26,64.59,65.41,1852373.0,20971704.0
2009-08-31,64.12,64.12,58.94,59.4,1501424.0,15728861.0
2009-09-01,58.12,62.84,58.12,61.09,1337589.0,13996515.0
2009-09-02,62.84,62.96,60.86,62.02,1222683.0,12929922.0
2009-09-03,61.79,65.7,61.33,64.88,1929134.0,21157004.0
2009-09-04,64.65,66.16,64.12,65.46,2019191.0,22546568.0
2009-09-07,65.93,66.4,64.36,65.0,1565761.0,17586812.0
2009-09-08,64.71,66.92,64.12,66.57,2110848.0,23775042.0
2009-09-09,66.75,67.74,64.88,66.11,1633542.0,18475688.0
2009-09-10,66.11,72.17,65.41,70.54,4918573.0,58063516.0
2009-09-11,69.43,76.48,69.43,74.56,7060206.0,87650888.0
2009-09-14,74.03,75.78,72.46,74.5,5063108.0,64142576.0
2009-09-15,73.16,74.5,72.75,73.74,2945262.0,37202680.0
2009-09-16,73.74,77.42,73.1,75.55,4817719.0,62639828.0
2009-09-17,74.62,79.16,74.62,76.77,4086842.0,54188972.0
2009-09-18,76.83,78.52,71.53,72.28,3478348.0,44418652.0
2009-09-21,70.59,75.49,70.3,74.62,2270529.0,28671152.0
2009-09-22,74.79,77.06,73.74,73.92,3388152.0,43988528.0
2009-09-23,73.39,74.91,69.14,69.72,1854543.0,22636062.0
2009-09-24,69.78,70.83,67.1,69.31,1538820.0,18358176.0
2009-09-25,68.26,70.48,67.8,67.91,818780.0,9715158.0
2009-09-28,67.04,68.9,62.96,63.72,1162350.0,13155912.0
2009-09-29,63.54,64.12,61.09,62.78,961299.0,10320311.0
2009-09-30,63.72,65.87,63.02,64.12,1015317.0,11269292.0
2009-10-09,64.12,67.56,64.12,66.63,897947.0,10232904.0
2009-10-12,66.51,67.62,66.28,67.33,2536404.0,29097026.0
2009-10-13,67.62,73.39,66.81,70.07,2305287.0,27805628.0
2009-10-14,69.89,72.11,69.02,70.77,2479122.0,30186034.0
2009-10-15,70.94,71.94,69.37,71.29,1869386.0,22682372.0
2009-10-16,71.35,73.63,71.29,73.51,3345655.0,41744040.0
2009-10-19,72.93,75.61,72.28,74.97,2845969.0,36409368.0
2009-10-20,75.78,75.78,73.86,74.73,2016875.0,25718840.0
2009-10-21,74.91,75.67,72.34,72.46,2351311.0,29951468.0
2009-10-22,73.1,74.03,72.28,72.87,1656697.0,20770540.0
2009-10-23,73.86,76.54,72.87,76.31,4230399.0,54393104.0
2009-10-26,77.06,80.45,77.06,78.46,7308291.0,98712360.0
2009-10-27,77.24,77.24,74.73,74.91,3417880.0,44329776.0
2009-10-28,74.91,76.25,72.58,74.79,1867413.0,23883372.0
2009-10-29,73.33,74.33,70.3,71.53,2041543.0,25336616.0
2009-10-30,72.87,74.33,71.82,72.69,1527708.0,19152678.0
2009-11-02,71.0,74.44,68.79,74.38,2077633.0,25965156.0
2009-11-03,74.67,76.31,74.03,75.78,2592911.0,33469464.0
2009-11-04,76.13,76.54,73.45,75.38,2238262.0,28890894.0
2009-11-05,75.32,77.42,74.62,76.25,2583631.0,33759800.0
2009-11-06,76.54,77.36,75.72,76.42,2721718.0,35604056.0
2009-11-09,75.84,77.06,75.14,76.54,2207941.0,28832012.0
2009-11-10,77.36,77.36,76.25,76.48,2768220.0,36462924.0
2009-11-11,76.25,76.25,74.79,75.72,1881679.0,24356928.0
2009-11-12,75.38,83.3,75.38,82.95,9873905.0,134438672.0
2009-11-13,80.97,89.77,80.45,82.78,7104096.0,100223640.0
2009-11-16,82.78,84.06,81.67,82.55,6859180.0,97242928.0
2009-11-17,81.9,83.19,81.03,82.6,5841034.0,82524584.0
2009-12-21,74.33,74.33,74.33,74.33,476100.0,6070275.0
2009-12-22,67.68,70.25,66.92,67.16,8683323.0,101483936.0
2009-12-23,64.71,66.34,64.42,65.76,4964193.0,55757080.0
2009-12-24,65.87,67.5,65.87,66.86,4592510.0,52568520.0
2009-12-25,66.34,67.62,65.29,67.5,4922915.0,56084840.0
2009-12-28,67.1,68.5,67.04,67.86,4774558.0,55514780.0
2009-12-29,67.8,69.08,67.04,68.5,3808588.0,44489828.0
2009-12-30,68.32,71.47,67.33,70.83,5180493.0,61307520.0
2009-12-31,69.84,72.11,69.31,71.12,6140176.0,74726344.0
2010-01-04,71.12,73.39,69.55,72.11,4759150.0,58032828.0
2010-01-05,71.47,71.64,69.95,70.48,3014432.0,36574936.0
2010-01-06,70.48,71.12,69.72,69.89,2650153.0,32123873.0
2010-01-07,69.37,69.66,67.45,67.97,2659390.0,31195136.0
2010-01-08,67.33,69.72,67.33,69.43,2618903.0,30863776.0
2010-01-11,69.43,69.49,67.62,67.86,1953583.0,22890286.0
2010-01-12,67.8,69.49,67.56,68.73,2017300.0,23737138.0
2010-01-13,67.62,68.15,66.51,66.69,2245959.0,25985682.0
2010-01-14,67.33,68.55,67.16,68.5,1874777.0,21895026.0
2010-01-15,68.73,69.78,68.5,69.25,2159797.0,25666754.0
2010-01-18,69.02,71.53,68.79,71.47,3855690.0,46594876.0
2010-01-19,71.12,77.82,70.36,75.14,9523979.0,121823224.0
2010-01-20,73.63,75.2,70.25,71.18,4806752.0,60391876.0
2010-01-21,71.12,77.42,70.36,75.08,5001106.0,63353116.0
2010-01-22,73.57,77.24,72.28,73.98,4914854.0,63190728.0
2010-01-25,73.98,74.15,69.08,69.19,2257141.0,27662188.0
2010-01-26,69.37,69.95,63.48,64.3,2952460.0,33327864.0
2010-01-27,64.3,64.94,62.26,62.84,1557693.0,16950864.0
2010-01-28,63.25,63.54,61.27,62.9,1011501.0,10894418.0
2010-02-01,63.25,63.37,60.1,61.68,1380030.0,14565653.0
2010-02-02,61.56,63.95,61.56,62.2,956965.0,10307502.0
2010-02-03,62.2,64.07,60.34,63.95,1332322.0,14265990.0
2010-02-04,63.83,66.11,63.08,65.64,1916545.0,21428972.0
2010-02-05,63.83,64.82,62.38,63.08,1344097.0,14691728.0
2010-02-08,62.96,65.17,62.43,64.53,1022576.0,11249420.0
2010-02-09,64.12,66.22,63.72,66.11,1684921.0,18950364.0
2010-02-10,66.75,67.16,65.41,65.99,1226383.0,13897611.0
2010-02-11,65.29,66.75,64.42,65.35,908528.0,10224860.0
2010-02-12,65.47,66.16,65.17,65.87,851873.0,9595223.0
2010-02-22,65.29,66.57,64.77,66.4,1027878.0,11617970.0
2010-02-23,66.22,67.91,65.47,67.74,1927748.0,22173352.0
2010-02-24,67.5,69.89,67.5,69.55,2236962.0,26498952.0
2010-02-25,70.94,71.99,69.95,70.83,2615248.0,31827872.0
2010-02-26,71.12,71.12,69.37,70.19,2273732.0,27318324.0
2010-03-01,69.43,72.05,69.37,71.12,2336472.0,28493672.0
2010-03-02,71.12,72.17,70.59,71.76,2210562.0,27053920.0
2010-03-03,72.17,74.27,71.0,73.57,2795386.0,34758984.0
2010-03-04,72.64,76.31,70.77,75.72,6363535.0,81190360.0
2010-03-05,74.62,81.55,73.86,76.95,7823471.0,104651776.0
2010-03-08,76.07,79.05,75.08,78.46,4424629.0,58626080.0
2010-03-09,78.41,79.22,76.42,77.94,3471704.0,46393656.0
2010-03-10,77.47,78.52,74.91,76.54,2992052.0,39203792.0
2010-03-11,76.25,79.11,75.49,78.29,3848225.0,51417872.0
2010-03-12,78.11,78.11,73.51,74.15,3092136.0,40216324.0
2010-03-15,74.03,75.72,71.7,75.49,2142274.0,27285922.0
2010-03-16,74.44,77.47,74.38,77.18,4077487.0,53626000.0
2010-03-17,76.95,77.71,76.07,77.36,3848736.0,50925580.0
2010-03-18,77.42,78.7,76.77,77.71,3670697.0,48920536.0
2010-03-19,78.11,85.11,77.36,81.61,10435886.0,146217600.0
2010-03-22,81.03,82.37,79.75,80.97,4910992.0,68063064.0
2010-03-23,80.74,82.08,79.63,80.56,2940652.0,40774304.0
2010-03-24,80.91,83.13,80.5,80.91,4377238.0,61465632.0
2010-03-25,80.97,81.15,76.19,76.37,3943321.0,53073880.0
2010-03-26,76.37,78.29,75.49,77.12,3360494.0,44184732.0
2010-03-29,76.95,78.41,76.66,77.77,2391555.0,31748920.0
2010-03-30,77.53,80.16,77.42,78.35,2963394.0,40104120.0
2010-03-31,80.21,86.16,80.21,86.16,6967429.0,101880352.0
2010-04-01,86.33,86.33,83.36,84.76,10287289.0,149375680.0
2010-04-02,83.83,84.53,82.08,83.36,4751289.0,67784488.0
2010-04-06,83.19,84.47,81.9,83.13,4145755.0,58962648.0
2010-04-07,83.13,83.59,82.08,82.84,2690706.0,38150824.0
2010-04-08,82.43,83.71,82.25,82.84,3124697.0,44392984.0
2010-04-09,82.89,83.48,81.9,82.84,2900346.0,41139252.0
2010-04-12,82.66,83.71,81.26,81.38,3740806.0,53080728.0
2010-04-13,81.38,81.38,75.9,77.01,4407056.0,59467480.0
2010-04-14,77.18,79.4,76.13,78.58,2726088.0,36610888.0
2010-04-15,78.06,79.34,77.59,78.41,2092068.0,28119320.0
2010-04-16,78.11,81.9,77.42,81.26,3719721.0,51544528.0
2010-04-19,80.5,82.78,75.26,76.54,3535559.0,48340076.0
2010-04-20,75.78,77.53,71.7,73.57,3157340.0,39992848.0
2010-04-21,73.45,75.72,73.04,75.55,2188935.0,27910088.0
2010-04-22,74.67,75.96,73.45,74.67,1939700.0,24868144.0
2010-04-23,74.79,75.96,73.51,73.92,1606907.0,20632908.0
2010-04-26,69.95,70.19,66.51,66.51,3918225.0,44974288.0
2010-04-27,61.27,63.66,61.27,62.73,5508206.0,59024080.0
2010-04-28,61.62,62.67,57.77,59.75,4157984.0,43020140.0
2010-04-30,58.24,60.63,58.0,60.1,3330408.0,33964592.0
2010-05-04,59.75,59.75,57.07,57.65,2006231.0,19990114.0
2010-05-05,56.55,58.12,54.8,58.06,3714676.0,35550408.0
2010-05-06,57.24,58.64,56.78,57.59,2447055.0,24276562.0
2010-05-07,56.43,57.3,55.44,55.85,1523001.0,14714646.0
2010-05-10,56.37,57.24,55.38,57.19,1251615.0,12095674.0
2010-05-11,57.83,60.04,56.84,58.3,3145209.0,31643544.0
2010-05-12,58.06,58.94,56.37,57.89,1465442.0,14510634.0
2010-05-13,58.18,58.76,57.24,58.53,928327.0,9258134.0
2010-05-14,59.29,61.21,58.06,59.4,1482608.0,15101021.0
2010-05-17,59.05,60.34,56.43,56.43,1518263.0,15284970.0
2010-05-18,55.5,57.71,53.63,54.21,2380299.0,22192080.0
2010-05-19,53.11,54.1,51.53,52.17,2839566.0,25535856.0
2010-05-20,52.64,53.05,49.55,49.55,2417866.0,20957868.0
2010-05-21,47.98,50.42,47.1,49.84,3086502.0,25400060.0
2010-05-24,49.84,52.35,49.67,51.88,2394988.0,21307936.0
2010-05-25,51.3,54.51,50.72,54.51,3133558.0,29112626.0
2010-05-26,55.38,57.24,54.85,57.24,3289321.0,31945548.0
2010-06-09,60.1,60.1,54.39,56.25,3821240.0,36626200.0
2010-06-10,55.96,59.05,55.5,59.05,1994332.0,19585134.0
2010-06-11,59.17,61.68,58.59,60.22,1792267.0,18563246.0
2010-06-17,59.98,60.16,57.19,57.36,1485825.0,14965704.0
2010-06-18,56.9,58.24,56.31,56.72,1300573.0,12747824.0
2010-06-21,57.3,59.58,56.84,58.41,1108848.0,11113354.0
2010-06-22,58.82,58.82,57.13,57.65,971236.0,9613145.0
2010-06-23,58.18,60.51,57.24,59.81,2021327.0,20490680.0
2010-06-24,60.39,60.45,58.53,58.99,807258.0,8196466.0
2010-06-25,59.05,60.1,57.89,59.69,1221680.0,12387938.0
2010-06-28,58.99,59.93,58.94,59.17,585691.0,5977448.0
2010-06-30,56.2,58.24,56.2,56.2,1602679.0,15582826.0
2010-07-01,53.63,58.99,53.63,58.99,1685274.0,16761933.0
2010-07-02,60.92,61.97,59.46,61.97,3915067.0,41399960.0
2010-07-05,61.97,65.06,60.04,64.24,2587434.0,28443304.0
2010-07-06,66.51,67.16,63.89,64.77,1951222.0,21749588.0
2010-07-07,64.82,65.17,63.02,63.72,1097430.0,12038006.0
2010-07-08,64.01,64.07,62.49,62.55,1005310.0,10934177.0
2010-07-09,63.08,63.77,62.32,63.54,927115.0,10065062.0
2010-07-12,63.48,63.72,62.49,63.13,1151222.0,12486092.0
2010-07-13,63.19,63.42,59.98,60.04,1479095.0,15600907.0
2010-07-14,60.63,62.73,60.51,60.8,1170129.0,12313367.0
2010-07-15,60.8,61.38,58.99,59.93,1287248.0,13356959.0
2010-07-16,59.87,59.87,56.95,58.24,1470459.0,14594011.0
2010-07-19,58.0,60.1,57.71,59.93,1078240.0,10918846.0
2010-07-20,59.69,62.38,59.46,61.91,1616173.0,16866016.0
2010-07-21,62.38,62.38,60.98,61.5,1097577.0,11599008.0
2010-07-22,61.21,63.37,61.21,62.2,1492262.0,15902743.0
2010-07-26,62.38,64.71,61.27,64.53,2304893.0,25031908.0
2010-07-27,64.18,64.3,63.31,63.6,1254696.0,13737806.0
2010-07-28,63.42,65.64,63.25,64.77,2800043.0,31239172.0
2010-07-29,65.58,65.87,64.77,65.41,1545930.0,17294260.0
2010-07-30,64.77,65.47,63.37,64.94,1018050.0,11267013.0
2010-08-02,65.06,66.81,64.65,65.99,1738470.0,19615856.0
2010-08-03,65.93,65.99,63.31,63.66,2017355.0,22260384.0
2010-08-04,63.6,64.59,62.55,64.18,1005597.0,10988768.0
2010-08-05,64.18,64.3,62.84,63.25,801809.0,8741724.0
2010-08-06,62.84,64.12,62.73,63.89,804312.0,8765217.0
2010-08-09,64.01,65.23,63.54,64.88,1314767.0,14553586.0
2010-08-10,64.88,65.64,63.19,63.25,1380881.0,15306915.0
2010-08-11,66.4,66.4,64.18,65.35,1475024.0,16532181.0
2010-08-12,64.47,65.58,64.12,64.36,840629.0,9326527.0
2010-08-13,64.12,65.17,63.13,64.88,1383038.0,15244077.0
2010-08-16,65.17,65.52,64.3,65.52,1550524.0,17344072.0
2010-08-17,65.87,65.99,64.82,65.93,1354029.0,15166631.0
2010-08-18,65.99,66.05,64.71,65.0,1118200.0,12528089.0
2010-08-19,65.0,68.15,65.0,67.45,3344720.0,38551232.0
2010-08-20,66.98,69.66,66.98,67.62,2427079.0,28448790.0
2010-08-23,67.91,70.54,67.04,70.36,1970738.0,23372284.0
2010-08-24,70.59,71.12,69.31,70.36,1392569.0,16810122.0
2010-08-25,70.25,70.65,68.73,69.2,1268221.0,15146673.0
2010-08-26,68.79,69.95,68.79,69.25,802359.0,9546205.0
2010-08-27,69.08,70.19,69.08,69.78,639423.0,7623586.0
2010-08-30,70.42,70.42,69.31,69.78,1545306.0,18466252.0
2010-08-31,69.43,69.84,68.9,69.49,1338092.0,15940053.0
2010-09-01,69.08,72.46,69.08,70.42,1406947.0,17063500.0
2010-09-02,70.54,71.88,70.54,71.35,1177970.0,14379974.0
2010-09-03,71.47,71.88,70.42,70.89,930014.0,11346922.0
2010-09-06,71.18,74.44,71.18,74.44,2195483.0,27698744.0
2010-09-07,75.55,78.17,75.55,78.17,1006083.0,13347478.0
2010-09-27,74.27,74.27,74.27,74.27,48600.0,619164.0
2010-09-28,70.54,70.54,70.54,70.54,99200.0,1200320.0
2010-09-29,67.04,67.04,67.04,67.04,438500.0,5042750.0
2010-09-30,70.42,70.42,63.72,63.89,6759753.0,74138408.0
2010-10-08,62.96,64.77,61.85,63.89,4030792.0,43800908.0
2010-10-11,63.37,64.36,62.96,63.95,2672845.0,29183624.0
2010-10-12,63.83,65.17,63.31,64.47,2997723.0,33053332.0
2010-10-13,64.71,65.7,64.01,65.47,2225640.0,24845384.0
2010-10-14,65.52,65.52,62.96,64.01,3444403.0,37873956.0
2010-10-15,63.66,63.72,60.8,60.8,3330011.0,35265540.0
2010-10-18,59.58,63.54,58.41,63.48,2734686.0,28519844.0
2010-10-19,63.54,64.24,62.43,63.72,1346323.0,14692873.0
2010-10-20,62.96,64.24,62.26,63.08,1367328.0,14826056.0
2010-10-21,63.02,63.02,61.73,61.79,1562289.0,16697012.0
2010-10-22,61.73,62.49,61.21,62.38,1774947.0,18865140.0
2010-10-25,61.91,63.13,61.91,63.08,1673831.0,17969860.0
2010-10-26,62.73,63.6,61.73,62.26,1854049.0,19934336.0
2010-10-27,61.91,63.95,61.91,62.9,2068871.0,22381156.0
2010-10-28,62.49,63.54,62.38,62.96,1398021.0,15127231.0
2010-10-29,63.25,63.83,62.32,63.13,1151019.0,12447898.0
2010-11-01,63.13,63.48,62.67,63.19,2148807.0,23274188.0
2010-11-02,63.19,63.72,62.55,63.31,1818000.0,19663446.0
2010-11-03,64.01,64.71,63.19,64.3,2869478.0,31492244.0
2010-11-04,64.12,67.39,63.66,66.98,3547195.0,40277508.0
2010-11-05,67.33,67.33,66.16,67.1,1894143.0,21668184.0
2010-11-08,67.04,69.14,67.04,68.38,1665646.0,19517340.0
2010-11-09,67.68,70.19,67.68,69.25,1481947.0,17626346.0
2010-11-10,68.61,72.69,68.61,72.69,2603292.0,32198584.0
2010-11-11,72.69,73.86,70.25,71.0,2571773.0,31738204.0
2010-11-12,70.59,71.76,67.45,67.45,1866563.0,22172444.0
2010-11-15,67.16,67.97,64.12,66.16,1447171.0,16334707.0
2010-11-16,66.05,68.5,65.29,65.7,1204071.0,13769350.0
2010-11-17,64.18,68.32,62.9,63.77,1110517.0,12338411.0
2010-11-18,63.77,65.29,61.27,64.65,1375577.0,15010198.0
2010-11-19,65.11,65.87,64.71,65.76,912649.0,10228715.0
2010-11-22,65.76,69.02,64.71,69.02,1648440.0,19309332.0
2010-11-23,69.08,71.59,67.62,70.65,1607474.0,19279984.0
2010-11-24,70.83,71.47,70.01,70.65,1176218.0,14239866.0
2010-11-25,70.65,72.28,70.65,71.0,1227228.0,15016305.0
2010-11-26,70.01,71.59,68.79,69.25,862264.0,10306406.0
2010-11-29,68.96,72.17,68.96,70.65,1008864.0,12256279.0
2010-11-30,69.43,70.83,67.1,69.02,937112.0,11088555.0
2010-12-01,69.25,70.83,69.25,70.42,551890.0,6663709.0
2010-12-02,71.06,73.45,70.65,72.11,1227195.0,15172672.0
2010-12-03,72.75,73.28,70.77,71.64,955955.0,11806618.0
2010-12-06,71.64,74.62,71.41,72.87,816113.0,10230425.0
2010-12-07,72.17,74.03,71.59,72.34,502783.0,6253434.0
2010-12-08,71.76,72.75,71.12,71.47,536220.0,6594646.0
2010-12-09,71.64,71.88,70.13,70.71,376174.0,4577786.0
2010-12-10,70.65,72.58,69.95,72.4,629916.0,7695733.0
2010-12-13,71.99,72.87,71.7,72.69,882837.0,10939185.0
2010-12-14,72.58,76.19,72.05,76.13,2818704.0,36430836.0
2010-12-15,76.13,79.75,75.38,78.99,3790149.0,50586520.0
2010-12-16,78.7,82.95,77.59,82.95,5125731.0,72382688.0
2010-12-17,82.19,85.52,81.9,82.14,3727818.0,53572764.0
2010-12-20,78.06,79.81,78.06,78.06,3321643.0,44593856.0
2010-12-21,74.21,78.11,74.15,76.95,5147138.0,66379928.0
2010-12-22,74.91,76.19,74.03,74.62,2244358.0,28861574.0
2010-12-23,74.62,76.19,74.03,75.2,1472645.0,19072814.0
2010-12-24,75.67,78.76,74.62,78.11,2162529.0,28330084.0
2010-12-27,78.41,79.81,74.21,74.21,1964194.0,25766496.0
2010-12-28,72.64,72.64,70.48,70.48,2110739.0,25551872.0
2010-12-29,68.26,71.64,66.98,69.43,3372519.0,39067112.0
2010-12-30,67.68,69.37,67.45,67.8,829752.0,9737505.0
2010-12-31,67.86,71.18,67.5,71.18,1651437.0,19647568.0
2011-01-04,71.24,74.73,70.65,74.44,1857372.0,23435576.0
2011-01-05,74.44,74.91,72.64,72.75,907463.0,11477729.0
2011-01-06,72.87,74.44,72.81,73.86,877367.0,11050430.0
2011-01-07,74.5,74.5,73.22,73.92,657495.0,8341992.0
2011-01-10,73.92,74.62,71.12,71.18,681145.0,8546537.0
2011-01-11,71.0,71.0,69.25,70.07,688289.0,8257298.0
2011-01-12,68.85,71.35,68.85,71.18,463877.0,5566384.0
2011-01-13,71.7,72.23,70.01,70.07,442426.0,5349682.0
2011-01-14,70.13,70.13,67.97,69.2,461023.0,5446193.0
2011-01-17,69.2,69.55,68.26,68.32,452430.0,5340617.0
2011-01-18,67.91,68.44,64.94,68.2,396000.0,4537613.0
2011-01-19,68.2,70.71,68.2,69.6,262400.0,3125794.0
2011-01-20,70.83,71.06,69.37,71.0,799020.0,9604576.0
2011-01-21,71.12,74.56,71.06,73.98,1604718.0,20379928.0
2011-01-24,72.52,72.58,70.3,70.3,768910.0,9365282.0
2011-01-25,69.08,69.37,66.86,67.62,673467.0,7853480.0
2011-01-26,67.27,71.0,66.86,70.3,394788.0,4742222.0
2011-01-27,70.3,71.24,69.25,71.06,347637.0,4205640.0
2011-01-28,70.65,71.99,70.19,71.53,394887.0,4837419.0
2011-01-31,70.77,72.46,70.77,72.28,372046.0,4586404.0
2011-02-01,72.28,74.03,71.59,73.1,406250.0,5106116.0
2011-02-09,71.76,76.77,71.76,75.08,1241707.0,16093443.0
2011-02-10,74.97,76.37,74.15,75.84,584760.0,7556484.0
2011-02-11,75.84,76.07,74.62,74.79,773112.0,9952637.0
2011-02-14,74.91,75.78,74.5,75.26,600420.0,7713584.0
2011-02-15,75.26,75.67,73.63,73.92,1069045.0,13619580.0
2011-02-16,72.52,74.33,72.28,72.81,1136921.0,14264415.0
2011-02-17,72.87,74.97,72.64,73.45,1869081.0,23546668.0
2011-02-18,73.33,73.98,71.12,71.88,1478432.0,18395872.0
2011-02-21,70.36,75.49,70.36,75.49,4332678.0,55786672.0
2011-02-22,76.37,78.7,74.15,74.27,4311678.0,56638992.0
2011-02-23,74.33,76.95,74.33,75.67,2026250.0,26260744.0
2011-02-24,74.5,74.73,71.88,74.27,1853173.0,23367792.0
2011-02-25,73.92,74.21,72.28,73.1,1381088.0,17336940.0
2011-02-28,72.87,75.72,72.64,75.08,1568229.0,20066400.0
2011-03-01,75.08,76.37,74.62,75.38,1728172.0,22355608.0
2011-03-02,75.78,76.02,73.39,74.56,1606501.0,20543560.0
2011-03-03,75.08,77.53,74.38,75.08,1946849.0,25331064.0
2011-03-04,75.61,76.19,74.97,75.78,1398177.0,18101098.0
2011-03-07,75.2,76.72,74.62,74.97,1766960.0,22856592.0
2011-03-08,74.73,75.72,73.68,75.67,2544302.0,32628090.0
2011-03-09,75.84,75.84,74.33,75.14,2006121.0,25818484.0
2011-03-10,75.2,76.54,73.57,75.14,1799824.0,23184072.0
2011-03-11,75.2,76.37,74.62,75.32,1935498.0,25173556.0
2011-03-14,75.03,78.46,75.03,76.89,3170988.0,42050804.0
2011-03-15,76.54,78.11,75.26,76.77,2194787.0,28840806.0
2011-03-16,76.89,79.34,76.83,78.0,2404872.0,32191460.0
2011-03-17,77.88,80.74,76.89,80.16,4175363.0,56977388.0
2011-03-18,80.45,81.5,78.87,79.34,2553460.0,35149640.0
2011-03-21,79.45,79.98,77.59,78.58,1649813.0,22245676.0
2011-03-22,76.95,78.11,75.78,76.83,1871492.0,24790614.0
2011-03-23,76.95,77.42,75.49,76.07,2211061.0,28924128.0
2011-03-24,76.37,78.7,75.78,78.35,2316648.0,30805876.0
2011-03-25,78.41,79.28,76.66,77.01,2445008.0,32454162.0
2011-03-28,77.06,80.1,77.06,78.76,2963527.0,40107536.0
2011-03-29,78.64,79.63,77.47,78.41,2290907.0,30773842.0
2011-03-30,78.41,79.4,74.5,74.5,4019729.0,52626584.0
2011-03-31,74.62,76.25,71.76,75.55,3907826.0,49982088.0
2011-04-01,75.55,79.34,75.49,79.34,10719808.0,145332240.0
2012-07-03,55.96,67.04,52.47,59.05,12215968.0,126531280.0
2012-07-04,56.31,57.13,56.08,56.08,3981054.0,38370964.0
2012-07-05,53.46,54.68,53.28,53.28,6194740.0,56781560.0
2012-07-06,52.81,54.16,51.53,53.46,3568816.0,32618156.0
2012-07-09,53.4,53.69,50.77,50.83,3349656.0,29901848.0
2012-07-10,50.72,50.72,48.33,48.33,2369172.0,19921556.0
2012-07-11,48.09,49.2,47.69,48.68,1285438.0,10676814.0
2012-07-12,48.68,49.32,47.74,49.03,1690700.0,14020865.0
2012-07-13,48.73,51.47,48.68,50.42,2200613.0,19031798.0
2012-07-16,50.72,51.3,48.15,48.44,1371747.0,11653997.0
2012-07-17,48.21,50.48,47.8,49.96,1070631.0,8998135.0
2012-07-18,50.02,52.47,49.61,52.47,2619910.0,23352878.0
2012-07-19,52.47,54.21,51.88,52.35,2720015.0,24687708.0
2012-07-20,52.35,53.98,51.36,53.11,1861572.0,16913084.0
2012-07-23,52.47,52.81,50.66,50.72,1388046.0,12202309.0
2012-07-24,50.31,51.53,49.78,51.18,794039.0,6911664.0
2012-07-25,51.18,51.24,50.31,50.48,705668.0,6136830.0
2012-07-26,50.31,50.42,49.14,49.2,871438.0,7451595.0
2012-07-27,49.49,50.66,48.97,50.19,626334.0,5335981.0
2012-07-30,47.69,47.69,47.69,47.69,221700.0,1813506.0
2012-07-31,45.3,45.3,45.3,45.3,37900.0,294483.0
2012-08-01,43.02,44.3,43.02,43.02,3691039.0,27296586.0
2012-08-02,43.02,43.55,40.87,41.74,1782137.0,12890053.0
2012-08-03,41.8,43.31,41.39,43.31,1573099.0,11436115.0
2012-08-06,43.2,45.12,42.85,44.48,1402997.0,10645335.0
2012-08-07,44.3,45.24,44.13,44.36,1296995.0,9904026.0
2012-08-08,44.42,45.18,44.13,44.95,1335327.0,10240837.0
2012-08-09,44.95,45.82,44.48,45.47,1154767.0,8963622.0
2012-08-10,45.53,45.82,45.06,45.65,792544.0,6176066.0
2012-08-13,45.7,45.7,43.95,44.3,724990.0,5576614.0
2012-08-14,43.95,44.54,42.55,44.19,770537.0,5729823.0
2012-08-15,43.95,45.12,43.66,44.6,510674.0,3875155.0
2012-08-16,44.07,46.23,44.07,45.24,948458.0,7406998.0
2012-08-17,45.06,47.04,44.95,46.87,1480240.0,11795828.0
2012-08-20,46.81,48.91,46.34,48.85,1737357.0,14287393.0
2012-08-21,48.68,51.3,48.68,51.3,1167204.0,10168779.0
2012-08-22,50.66,53.86,48.97,53.28,4536722.0,41325244.0
2012-08-23,53.16,53.75,50.83,53.52,3845824.0,34547824.0
2012-08-24,51.88,51.88,50.83,50.83,2861878.0,25016828.0
2012-08-27,49.03,50.83,48.85,49.61,1519497.0,12949228.0
2012-08-28,49.2,49.61,47.28,48.68,1131138.0,9481079.0
2012-08-29,48.62,50.72,48.27,49.49,1094468.0,9345695.0
2012-08-30,49.49,50.48,47.04,48.21,1554097.0,13035951.0
2012-08-31,47.69,50.6,47.69,50.31,1805468.0,15495026.0
2012-09-03,50.31,51.07,49.55,50.48,989466.0,8558109.0
2012-09-04,50.48,51.53,49.73,50.42,684518.0,5946662.0
2012-09-05,50.42,50.72,49.55,50.31,492033.0,4238676.0
2012-09-06,50.31,50.77,50.02,50.48,546669.0,4716613.0
2012-09-07,50.48,51.94,50.37,51.71,1646682.0,14459006.0
2012-09-10,51.3,51.82,50.83,51.47,1094552.0,9627241.0
2012-09-11,50.95,51.42,50.6,51.12,644449.0,5632838.0
2012-09-12,51.3,52.23,51.07,51.88,1101964.0,9762905.0
2012-09-13,51.82,52.0,51.07,51.47,891675.0,7884609.0
2012-09-14,51.18,51.71,50.48,51.07,562522.0,4926886.0
2012-09-17,50.72,50.72,48.56,48.73,761212.0,6484326.0
2012-09-18,48.09,49.08,48.09,48.97,271313.0,2264801.0
2012-09-19,49.26,49.55,48.73,49.49,348233.0,2937537.0
2012-09-20,49.43,49.43,47.1,47.22,444311.0,3663084.0
2012-09-21,46.81,47.86,46.81,47.28,246623.0,2003571.0
2012-09-24,46.69,49.61,46.11,48.85,409851.0,3332954.0
2012-09-25,48.38,49.2,47.16,48.44,267463.0,2217766.0
2012-09-26,48.38,48.85,46.64,46.81,285650.0,2314883.0
2012-09-27,46.98,48.15,46.81,47.39,365385.0,2974299.0
2012-09-28,48.03,48.27,47.1,48.15,557026.0,4566250.0
2012-10-08,47.69,49.32,47.69,48.79,496552.0,4144256.0
2012-10-09,48.44,50.37,48.44,50.19,903717.0,7675556.0
2012-10-10,50.31,52.17,49.9,51.71,1343570.0,11853480.0
2012-10-11,51.42,52.76,50.13,50.42,1344532.0,11802305.0
2012-10-12,50.54,51.59,50.13,51.07,962835.0,8403190.0
2012-10-15,51.07,52.47,50.89,52.29,1409565.0,12552924.0
2012-10-16,52.35,52.47,51.36,51.88,673894.0,6004766.0
2012-10-17,51.77,52.29,51.12,51.36,598453.0,5315830.0
2012-10-18,50.95,52.35,50.95,51.65,972804.0,8628101.0
2012-10-19,51.65,53.05,51.42,52.99,1579997.0,14270196.0
2012-10-22,52.99,54.51,52.76,53.63,2440344.0,22518940.0
2012-10-23,53.57,54.56,52.7,53.11,1880100.0,17278004.0
2012-10-24,52.52,54.45,52.17,54.39,1786846.0,16409357.0
2012-10-25,54.51,54.51,51.94,52.99,1486122.0,13539370.0
2012-10-26,52.29,53.05,51.01,51.53,1141283.0,10157606.0
2012-10-29,51.36,51.65,50.77,51.07,794105.0,6961538.0
2012-10-30,51.47,51.65,50.72,50.83,531600.0,4656639.0
2012-10-31,50.54,51.59,50.54,51.18,347900.0,3051645.0
2012-11-01,50.89,52.17,50.89,52.0,504902.0,4478401.0
2012-11-02,52.0,52.81,51.3,52.76,743750.0,6652369.0
2012-11-05,52.47,53.92,52.17,53.63,978518.0,8935116.0
2012-11-06,53.81,53.81,51.82,52.99,689302.0,6221095.0
2012-11-07,53.05,53.05,51.82,52.52,563350.0,5042161.0
2012-11-08,52.17,52.17,50.83,50.83,470000.0,4150132.0
2012-11-09,51.01,51.82,50.83,51.24,366121.0,3222179.0
2012-11-12,51.07,51.65,50.72,51.24,217619.0,1905235.0
2012-11-13,51.24,51.24,49.61,49.96,437712.0,3791452.0
2012-11-14,50.02,50.54,48.73,50.13,475567.0,4043009.0
2012-11-15,49.84,50.13,48.5,48.97,198600.0,1682930.0
2012-11-16,48.97,48.97,47.69,47.92,230809.0,1901251.0
2012-11-19,47.98,48.38,47.28,48.15,499888.0,4108509.0
2012-11-20,48.33,48.56,46.93,47.34,636204.0,5193215.0
2012-11-21,47.34,48.27,46.93,47.98,463907.0,3779257.0
2012-11-22,47.63,48.21,47.51,47.92,361379.0,2961755.0
2012-11-23,47.92,48.5,47.86,48.33,358395.0,2960939.0
2012-11-26,48.27,48.85,47.86,48.38,827129.0,6874887.0
2012-11-27,48.44,48.44,46.05,46.69,728334.0,5869851.0
2012-11-28,45.53,46.52,44.36,44.54,759820.0,5835825.0
2012-11-29,44.54,45.3,43.43,44.36,760600.0,5786095.0
2012-11-30,44.3,45.12,43.14,44.71,603302.0,4561737.0
2012-12-03,43.26,44.42,42.5,42.5,753573.0,5552589.0
2012-12-04,41.97,42.55,40.4,41.91,1411818.0,9949309.0
2012-12-05,41.68,43.37,41.39,43.14,1482473.0,10819991.0
2012-12-06,43.08,43.6,42.32,43.31,717771.0,5283903.0
2012-12-07,42.55,44.42,42.5,44.3,785975.0,5928151.0
2012-12-10,44.77,45.0,43.72,44.89,740397.0,5634567.0
2012-12-11,45.0,45.0,44.01,44.89,877526.0,6699927.0
2012-12-12,44.3,44.77,44.19,44.59,551399.0,4203266.0
2012-12-13,44.3,45.12,44.01,44.3,537529.0,4113900.0
2012-12-14,44.65,46.52,44.19,46.23,1350232.0,10627322.0
2012-12-17,46.4,46.98,45.53,46.69,699540.0,5577953.0
2012-12-18,46.34,46.69,45.94,46.34,656674.0,5221278.0
2012-12-19,46.05,46.23,45.53,45.99,558300.0,4389922.0
2012-12-20,45.94,46.46,45.53,46.4,427171.0,3369938.0
2012-12-21,45.99,46.58,45.76,46.23,490629.0,3882818.0
2012-12-24,46.05,48.56,45.94,47.86,1903192.0,15652695.0
2012-12-25,47.86,48.38,47.1,48.03,964721.0,7919490.0
2012-12-26,47.92,49.55,47.74,49.38,1122550.0,9359915.0
2012-12-27,49.43,51.01,49.03,50.08,1131429.0,9715856.0
2012-12-28,49.67,50.95,49.67,50.6,1211154.0,10466757.0
2012-12-31,50.72,51.71,50.13,50.77,1447781.0,12614048.0
2013-01-04,50.13,50.37,48.21,48.21,1704691.0,14115206.0
2013-01-07,48.03,49.73,47.69,49.43,1202308.0,10090474.0
2013-05-07,51.88,51.88,51.88,51.88,38157.0,339597.0
2013-05-08,54.51,54.51,54.51,54.51,197501.0,1846634.0
2013-05-09,57.24,57.24,56.78,57.24,2383834.0,23405820.0
2013-05-10,58.29,58.29,54.39,57.01,6640790.0,64057632.0
2013-05-13,56.08,57.13,54.97,55.9,2514776.0,24100706.0
2013-05-14,55.9,57.24,55.73,56.55,1676816.0,16227525.0
2013-05-15,56.78,56.78,55.55,56.31,1374310.0,13219370.0
2013-05-16,56.31,56.31,55.09,55.5,1670490.0,15932961.0
2013-05-17,55.55,56.14,55.32,55.61,933976.0,8913558.0
2013-05-20,55.15,55.5,54.21,54.56,2610631.0,24523360.0
2013-05-21,54.56,54.91,54.04,54.56,947573.0,8875133.0
2013-05-22,54.68,57.3,54.51,57.3,3068766.0,29828756.0
2013-05-23,56.66,57.71,56.08,56.78,1901157.0,18561166.0
2013-05-24,56.49,57.71,56.31,57.3,1101848.0,10796230.0
2013-05-27,57.36,57.59,56.66,56.95,986389.0,9645589.0
2013-05-28,56.72,57.83,56.72,57.54,1043770.0,10278337.0
2013-05-29,57.77,57.77,56.84,57.13,1275142.0,12530948.0
2013-05-30,57.3,59.98,57.3,59.98,1862176.0,19016116.0
2013-05-31,60.04,61.15,59.52,60.57,2044577.0,21171144.0
2013-06-03,60.63,63.6,60.63,63.6,1457140.0,15771457.0
2013-06-04,64.12,64.47,61.5,62.73,2005438.0,21603496.0
2013-06-05,61.97,64.65,61.97,63.77,1505672.0,16426808.0
2013-06-06,63.25,63.25,60.57,62.55,1435337.0,15296663.0
2013-06-07,62.14,64.47,61.44,62.96,1249339.0,13507696.0
2013-06-13,62.43,63.31,59.87,61.97,2317465.0,24581452.0
2013-06-14,61.97,65.0,60.63,64.24,2714685.0,29571032.0
2013-06-17,63.08,64.47,62.38,63.66,1628585.0,17774112.0
2013-06-18,64.18,64.18,63.02,63.25,795781.0,8681337.0
2013-06-19,63.19,63.31,61.38,62.84,1248476.0,13286610.0
2013-06-20,62.73,62.73,61.21,61.44,775700.0,8239982.0
2013-06-21,60.74,61.97,58.41,61.5,1203458.0,12395598.0
2013-06-24,61.15,61.5,58.41,58.53,2087169.0,21395498.0
2013-06-25,58.35,58.76,55.61,56.08,1158080.0,11239906.0
2013-06-26,56.95,57.71,56.25,57.54,822606.0,8024382.0
2013-06-27,56.84,57.65,54.68,54.68,852074.0,8254337.0
2013-06-28,54.21,55.32,52.52,53.86,445530.0,4119053.0
2013-07-01,53.86,55.73,53.4,55.32,472723.0,4455942.0
2013-07-02,54.8,55.9,54.8,55.73,312053.0,2971696.0
2013-07-03,55.38,55.38,54.21,54.68,677869.0,6345976.0
2013-07-04,54.62,56.31,53.86,55.2,536531.0,5057708.0
2013-07-05,55.67,56.55,54.97,55.5,512700.0,4899630.0
2013-07-08,54.8,54.8,52.7,52.7,650200.0,5987496.0
2013-07-09,52.47,52.99,51.47,52.7,284614.0,2559581.0
2013-07-10,52.35,53.69,51.94,53.57,424943.0,3857511.0
2013-07-11,53.81,55.09,53.34,54.45,391400.0,3652007.0
2013-07-12,54.45,55.03,53.51,54.16,476311.0,4440047.0
2013-07-15,55.03,55.03,53.63,54.16,550043.0,5094194.0
2013-07-16,53.98,55.44,53.86,55.38,793142.0,7428751.0
2013-07-17,55.03,55.5,54.33,54.39,430903.0,4069252.0
2013-07-18,54.39,54.97,53.63,53.98,403092.0,3730823.0
2013-07-19,53.57,54.62,53.11,53.16,457400.0,4203329.0
2013-07-22,50.54,52.17,50.48,51.3,1032070.0,9012202.0
2013-07-23,50.83,52.58,50.66,52.35,622230.0,5530100.0
2013-07-24,52.47,52.76,51.36,51.82,574651.0,5091498.0
2013-07-25,51.82,51.82,49.84,50.6,754549.0,6563453.0
2013-07-26,49.78,51.01,49.73,50.72,541950.0,4686471.0
2013-07-29,50.54,52.17,50.25,51.65,618325.0,5430228.0
2013-07-30,51.59,54.21,50.72,54.16,1894510.0,17334420.0
2013-07-31,54.16,55.38,53.69,54.39,566334.0,5301760.0
2013-08-01,54.27,55.03,53.92,54.45,830336.0,7766898.0
2013-08-02,54.45,57.19,54.39,56.43,1316464.0,12788320.0
2013-08-05,56.37,56.9,56.08,56.66,744789.0,7215753.0
2013-08-06,56.37,56.66,55.55,56.25,756342.0,7277283.0
2013-08-07,55.96,56.95,55.85,56.55,653929.0,6336770.0
2013-08-08,57.3,59.4,56.37,57.89,1025443.0,10277837.0
2013-08-09,58.06,59.17,57.13,57.71,688125.0,6827524.0
2013-08-12,57.71,59.29,57.71,58.64,563696.0,5672150.0
2013-08-13,58.7,60.39,58.7,60.34,783994.0,8043712.0
2013-08-14,60.34,60.92,58.35,59.05,713292.0,7237323.0
2013-08-15,57.89,58.94,57.19,57.42,1266141.0,12520309.0
2013-08-16,57.42,57.42,54.62,55.03,1525542.0,14628440.0
2013-08-19,54.68,55.73,53.98,55.5,821892.0,7774436.0
2013-08-20,55.5,58.3,55.38,58.3,1833682.0,18175756.0
2013-08-21,58.47,58.82,57.59,58.3,730347.0,7294181.0
2013-08-22,58.3,58.88,58.0,58.41,671671.0,6731451.0
2013-08-23,58.53,59.17,57.3,58.76,1189497.0,11821727.0
2013-08-26,58.59,59.93,58.59,59.75,879860.0,8949339.0
2013-08-27,58.88,58.88,57.48,57.95,1531351.0,15278455.0
2013-08-28,58.06,58.59,57.36,58.12,798859.0,7946440.0
2013-08-29,58.3,58.59,57.71,58.0,436373.0,4348255.0
2013-08-30,58.0,58.18,56.08,56.55,977389.0,9579210.0
2013-09-02,56.49,58.47,56.2,57.71,694958.0,6822816.0
2013-09-03,57.71,58.82,57.36,58.35,711266.0,7117373.0
2013-09-04,58.3,59.29,57.89,58.24,611885.0,6135524.0
2013-09-05,58.59,58.7,57.54,57.71,638140.0,6341579.0
2013-09-06,57.24,58.59,57.19,58.47,647950.0,6447359.0
2013-09-09,58.35,61.33,58.18,59.75,1394768.0,14440270.0
2013-09-10,59.98,60.8,59.34,60.28,703189.0,7260616.0
2013-09-11,59.81,60.98,59.4,59.75,888237.0,9148186.0
2013-09-12,59.63,60.22,59.4,60.04,1074733.0,11044787.0
2013-09-13,60.04,60.51,58.53,58.88,1227807.0,12431182.0
2013-09-16,58.47,59.4,58.35,59.05,725891.0,7328370.0
2013-09-17,58.82,59.23,57.19,57.77,539567.0,5419301.0
2013-09-18,57.71,59.34,57.71,59.17,567849.0,5716690.0
2013-09-23,59.17,59.98,58.99,59.87,801625.0,8210599.0
2013-09-24,58.82,59.58,58.29,59.17,1322471.0,13343187.0
2013-09-25,59.4,59.58,58.59,58.99,720481.0,7289042.0
2013-09-26,58.82,58.99,57.83,58.24,843480.0,8419731.0
2013-09-27,57.83,58.82,57.83,58.59,657691.0,6571323.0
2013-09-30,58.99,59.93,58.41,59.17,617499.0,6279884.0
2013-10-08,58.88,60.34,58.47,59.81,672736.0,6899248.0
2013-10-09,59.46,59.81,58.82,59.81,698201.0,7096534.0
2013-10-10,59.75,59.93,58.99,59.75,606996.0,6194436.0
2013-10-11,59.69,62.08,59.63,61.67,1645098.0,17231768.0
2013-10-14,61.5,64.77,61.21,64.77,1494096.0,16459479.0
2013-10-15,66.46,68.03,65.47,65.58,3128681.0,36053608.0
2013-10-16,65.35,67.56,63.42,67.04,1573017.0,17816172.0
2013-10-17,67.91,68.73,65.58,65.76,1490871.0,17102172.0
2013-10-18,65.17,66.92,65.17,65.76,914327.0,10367906.0
2013-10-21,65.64,69.02,65.58,69.02,1777604.0,20867856.0
2013-10-22,69.25,72.46,68.44,71.88,2000165.0,24517132.0
2013-10-23,71.88,74.62,71.0,71.24,2220360.0,27737474.0
2013-10-24,69.89,72.17,67.68,70.77,2674509.0,31650456.0
2013-11-07,74.33,74.33,67.21,67.21,3051140.0,36295312.0
2013-11-08,65.29,66.46,63.83,63.83,1669800.0,18376566.0
2013-11-11,63.42,63.42,60.92,61.85,928540.0,9937014.0
2013-11-12,62.43,63.37,62.02,62.9,598580.0,6430865.0
2013-11-13,62.84,63.31,59.75,59.75,1195339.0,12553453.0
2013-11-14,58.94,60.57,58.06,60.45,1013059.0,10271660.0
2013-11-15,59.87,63.42,59.75,63.31,1778454.0,18897312.0
2013-11-18,63.31,66.46,62.49,66.46,2114383.0,23674476.0
2013-11-19,66.22,68.67,65.93,67.5,1756354.0,20275624.0
2013-11-20,67.68,67.8,66.34,67.21,590639.0,6797168.0
2013-11-21,67.97,68.67,67.04,68.2,766957.0,8923315.0
2013-11-22,68.67,70.77,68.2,70.71,1324231.0,15862132.0
2013-11-25,70.83,71.76,69.14,69.66,806539.0,9690296.0
2013-11-26,69.25,69.95,67.39,68.09,703945.0,8315827.0
2013-11-27,68.67,68.73,67.04,68.44,581347.0,6779331.0
2013-11-28,69.19,71.12,67.62,68.2,1065300.0,12752728.0
2013-11-29,67.86,67.91,66.75,67.56,697091.0,8044279.0
2013-12-02,64.42,66.75,64.18,64.18,1427400.0,15898157.0
2013-12-03,62.49,64.65,62.38,63.89,1158771.0,12548242.0
2013-12-04,64.01,65.58,64.01,64.94,563242.0,6295761.0
2013-12-05,64.94,67.91,64.94,67.74,947846.0,10835691.0
2013-12-06,67.68,68.79,66.98,67.21,412110.0,4769978.0
2013-12-09,67.62,68.15,66.46,67.33,472516.0,5429490.0
2013-12-10,67.33,67.56,66.34,66.81,347101.0,3984541.0
2013-12-11,67.04,67.16,66.4,67.1,282066.0,3224476.0
2013-12-12,68.38,69.95,67.21,67.33,1184943.0,13852451.0
2013-12-13,66.98,67.33,64.88,65.81,834725.0,9417623.0
2013-12-16,65.81,65.81,64.18,64.71,317880.0,3531852.0
2013-12-17,64.65,64.65,63.6,64.53,265040.0,2920634.0
2013-12-18,64.47,65.35,64.01,64.24,563001.0,6230718.0
2013-12-19,65.29,65.29,63.08,63.31,489740.0,5386941.0
2013-12-20,63.31,64.3,63.02,63.42,431390.0,4705391.0
2013-12-23,63.95,65.17,63.54,65.0,470970.0,5225678.0
2013-12-24,65.29,65.29,64.77,65.06,252100.0,2812695.0
2013-12-25,64.12,65.29,64.12,65.0,279677.0,3111457.0
2013-12-26,64.42,65.17,63.54,63.6,454300.0,4997193.0
2013-12-27,64.18,64.71,63.42,64.01,381141.0,4175818.0
2013-12-30,64.12,64.59,63.25,63.48,333500.0,3654660.0
2013-12-31,63.31,63.37,61.27,62.55,539531.0,5783772.0
2014-01-02,63.25,64.42,62.78,64.07,421810.0,4584237.0
2014-01-03,64.42,66.28,64.42,66.16,829324.0,9316046.0
2014-01-06,66.34,67.27,65.76,65.87,854500.0,9749946.0
2014-01-07,66.92,66.92,64.12,65.7,454276.0,5109224.0
2014-01-08,66.22,67.21,64.94,65.76,505422.0,5706369.0
2014-01-09,65.0,66.34,65.0,65.0,255400.0,2863808.0
2014-01-10,65.87,66.16,64.24,64.71,594607.0,6649841.0
2014-01-13,64.77,65.0,62.96,63.13,309420.0,3384291.0
2014-01-14,63.72,63.83,62.43,63.83,244520.0,2651369.0
2014-01-15,63.54,64.77,63.54,63.83,337834.0,3710154.0
2014-01-16,63.42,63.83,61.79,62.67,452349.0,4874263.0
2014-01-17,62.9,65.47,62.49,64.71,536338.0,5920335.0
2014-01-20,65.29,65.29,62.43,63.31,580220.0,6339949.0
2014-01-21,63.42,63.83,62.78,63.54,314955.0,3422008.0
2014-01-22,63.72,64.42,63.6,64.24,586406.0,6457453.0
2014-01-23,63.89,64.53,63.66,64.06,506915.0,5575199.0
2014-01-24,63.42,65.17,63.19,63.95,511485.0,5626797.0
2014-01-27,63.95,64.59,63.07,64.47,348473.0,3817805.0
2014-01-28,64.47,64.59,63.42,63.66,294309.0,3215757.0
2014-01-29,64.06,65.0,63.83,63.95,395540.0,4355657.0
2014-01-30,63.54,64.36,63.31,63.42,201540.0,2205344.0
2014-02-07,60.68,63.83,60.68,63.42,365627.0,3947702.0
2014-02-10,63.77,64.71,63.02,64.12,783415.0,8610698.0
2014-02-11,63.6,64.24,63.02,63.25,600202.0,6540103.0
2014-02-12,63.72,63.72,62.96,63.6,491524.0,5335712.0
2014-02-13,64.42,64.42,63.13,63.25,630167.0,6861773.0
2014-02-14,63.31,63.42,62.38,63.13,606019.0,6550030.0
2014-02-17,63.37,63.54,62.9,63.13,1302886.0,14108983.0
2014-02-18,63.37,65.0,62.38,64.47,1197343.0,13053367.0
2014-02-19,64.3,64.59,63.77,64.06,704819.0,7748664.0
2014-02-20,64.12,64.65,63.37,63.37,507671.0,5549332.0
2014-02-21,63.07,64.12,63.02,63.13,419529.0,4566789.0
2014-02-24,63.83,63.83,62.67,63.13,383889.0,4151151.0
2014-02-25,62.67,63.37,61.91,62.49,508000.0,5474889.0
2014-02-26,62.14,62.55,61.27,61.5,541790.0,5751401.0
2014-02-27,61.5,62.32,60.86,61.09,684164.0,7222701.0
2014-02-28,60.8,61.56,59.63,60.86,569739.0,5918525.0
2014-03-03,60.98,63.66,60.39,63.42,1013067.0,10896741.0
2014-03-04,63.42,64.59,63.31,64.47,1504316.0,16536462.0
2014-08-19,70.92,70.92,70.92,70.92,35570.0,288473.0
2014-08-20,78.0,78.0,78.0,78.0,69254.0,617746.0
2014-08-21,85.78,85.78,85.78,85.78,227862.0,2235326.0
2014-08-22,94.35,94.35,94.35,94.35,194099.0,2094328.0
2014-08-25,103.79,103.79,103.79,103.79,240213.0,2851328.0
2014-08-26,114.2,114.2,114.2,114.2,492335.0,6429895.0
2014-08-27,125.65,125.65,125.65,125.65,458873.0,6594005.0
2014-08-28,138.25,138.25,138.25,138.25,1236181.0,19544022.0
2014-08-29,148.65,148.65,132.04,135.45,46502608.0,744397952.0
2014-09-01,132.91,135.27,126.88,134.75,24229082.0,364971200.0
2014-09-02,133.87,142.79,133.61,136.5,24498860.0,386480256.0
2014-09-03,135.01,150.14,134.4,150.14,25606026.0,429066368.0
2014-09-04,153.9,157.31,146.03,150.57,24193112.0,417108832.0
2014-09-05,148.48,149.96,146.64,147.08,13374573.0,225774400.0
2014-09-09,144.28,153.28,144.28,149.61,12197299.0,208804400.0
2014-09-10,147.43,152.94,144.54,152.41,12184796.0,208234880.0
2014-09-11,151.71,156.35,146.9,147.08,13822516.0,237875600.0
2014-09-12,145.68,149.35,144.63,146.81,7759647.0,130113288.0
2014-09-15,146.03,150.14,141.74,149.35,12026797.0,201895472.0
2014-09-16,148.74,148.91,142.53,142.79,7919190.0,132017768.0
2014-09-17,142.09,145.41,139.12,142.53,7562324.0,122414088.0
2014-09-18,142.53,143.75,140.26,141.83,3239038.0,52455188.0
2014-09-19,141.66,147.69,140.43,144.89,4505494.0,74286032.0
2014-09-22,143.4,146.03,140.78,143.93,3741025.0,61432316.0
2014-09-23,144.28,147.78,142.44,146.81,5795024.0,96360608.0
2014-09-24,146.9,146.9,142.62,145.15,6110487.0,101123168.0
2014-09-25,145.68,158.09,139.64,139.82,21880072.0,364807232.0
2014-09-26,134.31,137.63,133.7,135.45,6924288.0,107442080.0
2014-09-29,138.86,142.97,137.28,137.46,8057307.0,129252392.0
2014-09-30,136.41,140.61,136.41,138.33,4232764.0,67143392.0
2014-10-08,138.77,142.35,138.77,140.34,4239021.0,68246944.0
2014-10-09,141.48,142.44,139.38,141.22,4380240.0,70586024.0
2014-10-10,139.91,142.88,139.47,141.39,3491915.0,56303032.0
2014-10-13,140.87,142.0,137.2,138.07,3654163.0,58057080.0
2014-10-14,137.46,139.29,134.66,137.2,3140338.0,49181328.0
2014-10-15,135.71,137.2,133.7,135.62,2694871.0,41644864.0
2014-10-16,135.62,137.28,133.79,136.06,3491752.0,54003104.0
2014-10-17,136.06,136.23,129.94,130.11,3052604.0,46157744.0
2014-10-20,130.03,130.99,126.97,128.89,3987202.0,58510300.0
2014-10-21,129.59,129.94,127.75,128.71,2036375.0,30001500.0
2014-10-22,128.71,130.55,128.01,128.89,1666898.0,24644360.0
2014-10-23,129.24,132.82,128.36,128.8,2428144.0,36243368.0
2014-10-24,127.05,128.8,126.88,127.4,2229937.0,32492950.0
2014-10-27,127.49,130.11,126.97,128.01,1844446.0,27037564.0
2014-10-28,128.63,140.97,128.54,132.74,21559908.0,321948448.0
2014-10-29,130.55,131.17,127.58,130.03,10376678.0,153197232.0
2014-10-30,130.12,130.12,128.01,128.8,5207461.0,76661056.0
2014-10-31,128.45,129.15,123.46,124.77,6294426.0,90234640.0
2014-11-03,125.04,125.91,123.72,125.74,3345922.0,47757288.0
2014-11-04,125.12,126.44,121.1,121.27,5651561.0,79593736.0
2014-11-05,121.45,123.02,119.08,122.58,4894901.0,67502752.0
2014-11-06,121.97,124.25,121.01,123.72,3494021.0,49159288.0
2014-11-07,124.16,124.95,121.1,121.36,3436353.0,48268508.0
2014-11-10,120.83,123.46,120.83,121.36,3108942.0,43327544.0
2014-11-11,121.45,121.71,110.41,112.25,9154899.0,120096944.0
2014-11-12,112.6,114.44,112.52,114.36,2868235.0,37271036.0
2014-11-13,114.7,115.49,113.22,113.48,2409273.0,31392716.0
2014-11-14,113.83,117.94,111.9,116.37,4811295.0,63660096.0
2014-11-17,115.93,120.66,115.06,118.21,6348359.0,86080136.0
2014-11-18,117.33,118.64,115.76,117.16,2302639.0,30704656.0
2014-11-19,117.59,122.06,116.63,119.87,8248923.0,113207272.0
2014-11-20,119.43,120.92,118.3,119.96,3039814.0,41632648.0
2014-11-21,119.7,120.92,119.17,120.31,2310592.0,31702110.0
2014-11-24,119.61,120.75,117.42,118.12,4203980.0,56897748.0
2014-11-25,118.12,120.4,116.19,120.31,5366286.0,72428096.0
2014-11-26,119.96,123.64,119.35,121.45,4811099.0,66894972.0
2014-11-27,121.27,121.97,119.96,120.92,2979282.0,41130112.0
2014-11-28,120.48,125.04,120.22,124.42,6462241.0,90596888.0
2014-12-01,124.25,124.25,116.46,116.81,6985161.0,94830664.0
2014-12-02,116.46,118.03,116.11,117.42,3133250.0,41984560.0
2014-12-03,117.33,119.7,113.04,117.86,6883456.0,91121528.0
2014-12-04,117.59,118.3,116.54,117.24,4286366.0,57550004.0
2014-12-05,117.42,117.42,111.64,113.57,5170341.0,67166384.0
2014-12-08,112.87,115.06,112.17,113.22,3806039.0,49375660.0
2014-12-09,113.22,115.41,108.4,111.73,5073358.0,65001968.0
2014-12-10,110.41,115.67,110.41,114.18,3343326.0,43514404.0
2014-12-11,113.92,116.54,113.3,116.46,3669429.0,48151856.0
2014-12-12,116.37,124.34,115.58,121.71,7584634.0,103888240.0
2014-12-15,119.52,121.71,116.89,120.75,4756231.0,65045992.0
2014-12-16,120.66,120.66,117.86,118.56,3295296.0,44760516.0
2014-12-17,118.56,118.73,114.79,115.14,3310221.0,43874268.0
2014-12-18,114.7,116.89,113.83,115.23,2335666.0,30930572.0
2014-12-19,114.97,114.97,110.59,110.85,3240795.0,41452288.0
2014-12-22,110.24,110.24,99.73,105.07,4416557.0,52331392.0
2014-12-23,105.69,111.9,105.69,107.17,4741596.0,58866968.0
2014-12-24,106.82,109.36,105.77,107.53,4151736.0,51150600.0
2014-12-25,107.61,107.79,103.67,106.21,5858124.0,70717576.0
2014-12-26,105.16,105.77,103.32,105.16,4988392.0,59355456.0
2014-12-29,105.25,105.77,101.31,104.64,6613403.0,78077424.0
2014-12-30,103.32,104.02,100.69,102.36,8194373.0,95652200.0
2014-12-31,102.71,105.25,101.05,105.16,7084862.0,84216296.0
2015-01-05,105.16,109.45,105.07,106.47,6009172.0,73576152.0
2015-01-06,106.21,107.44,104.28,107.17,3790967.0,45736528.0
2015-01-07,106.91,106.91,104.02,105.25,5328586.0,63953856.0
2015-01-08,104.2,105.6,103.15,104.28,5185451.0,61888756.0
2015-01-09,104.72,106.82,104.11,104.55,5488576.0,66019824.0
2015-01-12,104.2,106.04,102.27,104.11,6380831.0,75683600.0
2015-01-13,103.76,104.46,102.27,103.67,6330229.0,74474320.0
2015-01-14,104.02,104.2,102.45,103.41,3641603.0,42907880.0
2015-01-15,103.5,105.77,98.77,102.18,25621232.0,294549888.0
2015-01-16,100.78,102.88,99.73,102.18,14287975.0,165043888.0
2015-01-19,99.82,104.72,99.38,101.4,12238130.0,143124944.0
2015-01-20,101.4,105.86,101.4,105.69,14328949.0,170230048.0
2015-01-21,106.82,109.45,104.81,108.49,21858508.0,268273632.0
2015-01-22,108.58,111.38,107.0,111.29,28675764.0,358066816.0
2015-01-23,111.9,112.08,107.88,108.31,22921300.0,286538112.0
2015-01-26,108.4,110.59,106.21,109.28,18611996.0,232097984.0
2015-01-27,109.28,110.33,107.17,108.22,13537682.0,167781760.0
2015-01-28,107.79,109.1,107.35,108.4,10767322.0,133385552.0
2015-01-29,107.88,113.3,107.26,112.17,29644406.0,376004096.0
2015-01-30,112.08,113.83,108.84,108.93,20197008.0,256685152.0
2015-02-02,108.84,110.85,106.91,107.88,11968793.0,148748832.0
2015-02-03,108.31,110.68,107.7,109.01,12989040.0,162353840.0
2015-02-04,108.93,110.33,107.61,108.22,14395038.0,178702208.0
2015-02-05,109.19,109.28,106.12,107.79,17389546.0,213599728.0
2015-02-06,106.74,107.17,101.13,101.4,18385964.0,216896432.0
2015-02-09,101.31,102.27,97.11,98.86,13684205.0,154771776.0
2015-02-10,98.86,99.38,98.07,98.86,7441569.0,83951248.0
2015-02-11,99.64,101.4,98.94,100.52,8702607.0,99609320.0
2015-02-12,100.52,102.18,99.82,102.1,8219816.0,95070808.0
2015-02-13,102.27,107.96,102.27,107.53,18435146.0,222482544.0
2015-02-16,108.75,113.3,107.7,109.45,25241016.0,317403808.0
2015-02-17,109.89,112.52,107.79,111.9,20849208.0,263238816.0
2015-02-25,112.08,112.6,109.89,110.5,20898074.0,263820720.0
2015-02-26,111.11,111.64,109.36,111.11,22599556.0,284856416.0
2015-02-27,111.47,118.73,111.29,116.28,48013848.0,634450176.0
2015-03-02,116.63,120.83,116.63,117.59,41236928.0,557611456.0
2015-03-03,116.98,125.47,115.58,121.62,38895256.0,535296320.0
2015-03-04,121.62,126.96,119.34,126.53,41522164.0,581274560.0
2015-03-05,126.09,134.58,124.95,131.6,47364216.0,702801600.0
2015-03-06,131.52,134.76,126.96,127.05,38453804.0,568555584.0
2015-03-09,125.65,127.58,121.62,125.65,23119768.0,329209088.0
2015-03-10,125.21,132.39,123.81,130.29,29614150.0,435916224.0
2015-03-11,125.21,127.75,122.23,125.74,40288816.0,575952896.0
2015-03-12,124.95,130.9,122.76,127.93,31565478.0,457656960.0
2015-03-13,128.01,129.59,126.26,127.49,23958026.0,349428608.0
2015-03-16,128.71,133.97,127.4,131.6,39794072.0,597180800.0
2015-03-17,133.88,133.88,128.71,130.55,38159956.0,567650752.0
2015-03-18,130.12,133.97,129.06,133.97,33535864.0,506731200.0
2015-03-19,134.14,134.93,131.43,134.23,28781248.0,437167840.0
2015-03-20,134.06,147.28,133.35,143.25,45637168.0,739420416.0
2015-03-23,143.78,146.05,141.41,144.39,36420620.0,597652864.0
2015-03-24,144.39,144.91,135.02,142.99,36159004.0,582715712.0
2015-03-25,141.85,142.2,137.56,140.27,26033088.0,413894528.0
2015-03-26,139.13,141.67,137.29,139.05,20763980.0,329500672.0
2015-03-27,138.43,144.48,138.43,141.85,19845844.0,322165472.0
2015-03-30,141.85,144.74,140.1,142.2,20606336.0,334384864.0
2015-03-31,142.29,143.51,139.22,139.84,20964200.0,336982080.0
2015-04-01,139.92,140.97,137.47,140.88,20197232.0,321120256.0
2015-04-02,141.24,149.73,141.24,149.38,42096360.0,701848960.0
2015-04-03,147.98,148.42,145.7,147.19,22340132.0,375297376.0
2015-04-07,147.1,153.41,144.74,150.96,33206640.0,562635264.0
2015-04-08,150.96,152.97,146.4,148.06,24253512.0,413168896.0
2015-04-09,148.5,148.77,139.75,142.99,23200904.0,379596288.0
2015-04-10,142.99,147.54,140.19,145.61,18187840.0,300602784.0
2015-04-13,146.66,147.54,142.64,144.12,21584644.0,355594976.0
2015-04-14,143.78,143.78,139.75,140.62,24306952.0,392552512.0
2015-04-15,139.92,139.92,132.22,133.97,23312144.0,361346464.0
2015-04-16,133.09,137.65,129.59,134.49,19906154.0,304152832.0
2015-04-17,135.37,140.53,135.37,137.38,20868272.0,329080832.0
2015-04-20,134.06,135.72,129.24,129.68,26056642.0,394767872.0
2015-04-21,129.59,134.84,129.59,134.58,15802421.0,240397248.0
2015-04-22,135.28,139.48,135.28,138.17,21456730.0,336380160.0
2015-04-23,138.78,143.16,136.42,142.64,28717550.0,459974464.0
2015-04-24,142.55,144.3,140.27,142.9,25056348.0,407107072.0
2015-04-27,143.16,144.47,138.0,141.06,30358758.0,488133344.0
2015-04-28,140.53,140.97,132.92,136.16,18422612.0,288011744.0
2015-04-29,134.67,142.72,132.66,142.2,25813688.0,412979872.0
2015-04-30,140.97,144.12,139.22,139.31,26907214.0,435617472.0
2015-05-04,139.05,140.1,135.81,137.82,14495482.0,228514032.0
2015-05-05,137.82,139.48,133.0,133.79,16747171.0,260273648.0
2015-05-06,133.97,136.16,131.78,132.83,10538590.0,161225632.0
2015-05-07,133.71,146.14,133.71,146.14,34155720.0,548840384.0
2015-05-08,152.27,160.76,149.12,159.62,64543644.0,1153031296.0
2015-05-11,157.08,162.78,154.02,160.94,53034300.0,959602176.0
2015-05-12,158.84,174.68,157.87,169.69,46242352.0,891134592.0
2015-05-13,166.89,174.95,165.49,168.2,33188226.0,645481152.0
2015-05-14,166.8,170.74,165.49,166.98,24791694.0,473331168.0
2015-05-15,165.31,183.0,163.83,174.6,40701000.0,813676160.0
2015-05-18,175.21,190.01,171.88,178.71,35369616.0,731446656.0
2015-05-19,178.62,181.69,175.12,179.24,20452252.0,416457472.0
2015-05-20,180.81,197.19,180.81,196.66,36362908.0,795798144.0
2015-05-21,196.84,212.95,195.26,212.34,31215448.0,732680448.0
2015-05-22,220.22,221.53,208.4,213.56,38157792.0,928560000.0
2015-05-25,214.0,234.93,213.91,234.93,30207152.0,785719936.0
2015-05-26,243.68,258.39,243.51,258.39,39515948.0,1151996544.0
2015-05-27,271.26,280.11,253.93,255.76,46005508.0,1401113984.0
2015-05-28,255.41,265.75,247.88,249.46,35660012.0,1044726016.0
2015-05-29,253.49,259.7,224.51,252.79,33762652.0,950291200.0
2015-06-01,254.01,266.36,249.99,265.31,30136088.0,883086464.0
2015-06-02,266.01,273.19,259.27,269.51,26209508.0,800527488.0
2015-06-03,273.01,296.48,262.68,296.48,31888524.0,998400512.0
2015-06-04,298.23,325.55,273.1,321.17,42140640.0,1481998976.0
2015-06-05,328.53,341.49,311.02,327.3,38488640.0,1440808448.0
2015-10-12,294.55,294.55,294.55,294.55,106200.0,3572568.0
2015-10-13,265.13,265.13,265.13,265.13,144000.0,4360320.0
2015-10-14,238.6,238.6,238.6,238.6,115800.0,3155550.0
2015-10-15,214.79,214.79,214.79,214.79,403100.0,9888043.0
2015-10-16,193.33,193.33,193.33,193.33,3249700.0,71753376.0
2015-10-19,173.98,210.15,173.98,204.19,253680960.0,5305197568.0
2015-10-20,190.88,195.17,183.88,187.91,163431376.0,3571422464.0
2015-10-21,185.1,196.49,176.26,191.58,129858072.0,2815555584.0
2015-10-22,191.32,208.22,188.25,206.99,122512624.0,2718876416.0
2015-10-23,204.72,227.66,201.39,227.66,133861496.0,3333312512.0
2015-10-26,236.41,245.96,215.22,218.73,143426416.0,3763551488.0
2015-10-27,211.81,215.22,197.97,209.09,87905584.0,2067550848.0
2015-10-28,204.45,207.52,193.51,196.31,68782688.0,1579170560.0
2015-10-29,200.08,206.56,193.77,202.53,58647572.0,1343491840.0
2015-10-30,198.94,200.51,190.88,193.51,52355772.0,1164719872.0
2015-11-02,187.38,196.75,184.75,187.82,41274000.0,900219328.0
2015-11-03,190.01,190.97,180.38,183.79,41368096.0,871170496.0
2015-11-04,183.53,195.44,183.53,194.3,50246428.0,1086992384.0
2015-11-05,194.21,194.21,185.89,187.56,49644960.0,1077730560.0
2015-11-06,187.73,194.38,186.77,191.67,46827724.0,1020075968.0
2015-11-09,189.57,195.17,183.88,192.46,54850476.0,1188863872.0
2015-11-10,190.62,208.31,189.13,202.0,72627040.0,1667674112.0
2015-11-11,203.05,209.88,199.81,204.1,57797544.0,1345884928.0
2015-11-12,204.45,207.96,196.05,198.59,52562388.0,1202735360.0
2015-11-13,194.47,196.05,188.25,188.96,42233472.0,924818112.0
2015-11-16,182.91,191.58,181.43,191.15,27894080.0,596846144.0
2015-11-17,192.63,194.82,187.38,187.73,34715308.0,757555392.0
2015-11-18,188.34,189.66,183.88,184.58,24238852.0,514817792.0
2015-11-19,184.84,190.27,183.35,189.13,27891184.0,593450176.0
2015-11-20,187.82,208.04,187.38,208.04,79959720.0,1818872704.0
2015-11-23,210.15,220.83,210.15,211.72,91159640.0,2233794304.0
2015-11-24,208.04,210.15,199.29,202.18,58851108.0,1362866560.0
2015-11-25,201.48,205.77,198.76,203.49,44559136.0,1029478784.0
2015-11-26,204.8,223.81,199.73,216.54,85787648.0,2055541632.0
2015-11-27,213.65,215.66,194.91,195.17,64897936.0,1525428736.0
2015-11-30,192.63,196.92,176.7,187.82,46288648.0,995963904.0
2015-12-01,187.91,192.46,184.75,189.92,30213270.0,650764160.0
2015-12-02,189.66,191.76,179.5,185.28,25396860.0,540880896.0
2015-12-03,185.89,189.74,183.88,189.04,25577737.0,546255664.0
2015-12-04,188.34,200.95,186.5,194.38,46266096.0,1020293952.0
2015-12-07,194.21,198.59,190.18,195.7,32532253.0,723539641.0
2015-12-08,195.17,195.17,184.4,184.93,31032216.0,671083968.0
2015-12-09,183.09,188.17,181.07,185.28,23635752.0,497237335.0
2015-12-10,183.88,186.24,182.13,182.91,19780140.0,416098464.0
2015-12-11,184.05,187.29,182.56,184.23,17576152.0,371021024.0
2015-12-14,181.25,187.82,179.94,186.24,18337940.0,384267648.0
2015-12-15,185.63,190.71,185.19,188.17,20331140.0,438446816.0
2015-12-16,188.25,196.57,186.5,191.41,33156702.0,727560384.0
2015-12-17,193.51,198.5,191.41,196.4,37108444.0,824936192.0
2015-12-18,196.57,197.54,189.39,190.62,29807300.0,657019968.0
2015-12-21,188.87,192.11,188.25,190.44,19778526.0,429596064.0
2015-12-22,190.36,195.87,188.69,193.6,27790149.0,610984347.0
2015-12-23,193.51,195.87,187.82,188.08,24150592.0,528749600.0
2015-12-24,187.55,189.48,184.4,185.98,18612864.0,396090912.0
2015-12-25,187.82,189.13,185.1,186.85,14556056.0,310622328.0
2015-12-28,187.91,191.32,184.4,185.19,23351686.0,501540067.0
2015-12-29,185.28,190.79,184.84,189.22,17931289.0,385203238.0
2015-12-30,189.66,189.92,186.5,188.52,16382883.0,351745293.0
2015-12-31,188.52,190.44,186.85,188.87,19886588.0,429143609.0
2016-01-04,189.92,191.93,169.96,169.96,25218361.0,522626620.0
2016-01-05,154.11,168.99,152.97,157.52,34751106.0,631110582.0
2016-01-06,161.2,164.44,157.7,161.81,23470272.0,431694573.0
2016-01-07,158.48,158.48,145.61,145.61,6639499.0,114143476.0
2016-01-08,148.24,151.48,131.43,141.76,27283633.0,445265409.0
2016-01-11,137.65,137.65,127.58,127.58,25779894.0,387414000.0
2016-01-12,125.74,128.19,117.07,127.75,26065294.0,366407330.0
2016-01-13,128.28,129.06,115.14,115.75,19414239.0,276177736.0
2016-01-14,110.33,121.36,108.75,120.57,24682955.0,324391348.0
2016-01-15,118.21,119.78,110.33,114.09,22756507.0,299280669.0
2016-01-18,111.03,119.08,109.98,117.59,21574631.0,285623324.0
2016-01-19,116.19,123.9,115.67,122.06,24512151.0,335945013.0
2016-01-20,120.75,124.25,118.82,122.5,24476672.0,339996870.0
2016-01-21,119.96,123.2,114.27,114.88,19536116.0,266935164.0
2016-01-22,116.46,122.15,111.81,120.13,23388891.0,313559886.0
2016-01-25,121.88,123.55,119.08,122.15,22418015.0,310190947.0
2016-01-26,120.4,121.01,109.98,113.39,23880417.0,314342304.0
2016-01-27,114.62,116.02,105.25,114.44,18954300.0,239012577.0
2016-01-28,111.9,113.74,106.56,111.2,15412332.0,195559312.0
2016-01-29,109.01,118.82,109.01,116.81,25647882.0,336698555.0
2016-02-01,115.93,118.21,112.95,116.72,16099278.0,213310705.0
2016-02-02,128.36,128.36,125.3,128.36,10945369.0,160346896.0
2016-02-03,131.34,135.72,129.5,131.17,44040966.0,666440029.0
2016-02-04,128.98,133.71,128.98,131.08,32212713.0,482897127.0
2016-02-05,130.38,131.17,122.23,123.64,25488674.0,369152307.0
2016-02-15,117.59,122.23,116.54,120.31,14151227.0,193300298.0
2016-02-16,120.83,128.28,120.66,126.53,22687582.0,324402448.0
2016-02-17,126.0,127.75,123.11,127.14,24575782.0,352321366.0
2016-02-18,128.1,133.97,125.82,131.25,39525231.0,585406615.0
2016-02-19,129.15,130.99,127.84,129.41,22613584.0,334214207.0
2016-02-22,131.34,132.65,128.98,131.52,24506946.0,366944244.0
2016-02-23,132.65,134.67,128.01,129.85,25496790.0,382760824.0
2016-02-24,128.71,130.2,125.3,129.06,19721093.0,288344136.0
2016-02-25,127.66,128.63,116.19,116.19,24781511.0,344326018.0
2016-02-26,117.42,117.77,109.54,115.67,22141660.0,289481261.0
2016-02-29,113.57,114.62,105.51,111.55,20307259.0,252304235.0
2016-03-01,112.17,114.35,108.05,112.6,17880351.0,228197673.0
2016-03-02,112.69,122.67,112.08,119.17,28223969.0,377737851.0
2016-03-03,119.17,121.27,117.77,118.29,24000128.0,327378209.0
2016-03-04,118.03,118.03,109.45,111.81,24079808.0,313846808.0
2016-03-07,112.78,116.19,112.25,113.92,15840616.0,206439580.0
2016-03-08,113.13,117.68,108.49,115.67,21723886.0,280771941.0
2016-03-09,113.22,114.62,111.46,112.6,11299552.0,145884853.0
2016-03-10,112.78,114.18,110.41,111.81,10463126.0,133734391.0
2016-03-11,110.5,111.99,109.45,111.81,9303896.0,117719439.0
2016-03-14,113.65,119.43,112.52,116.63,23515246.0,313186484.0
2016-03-15,115.75,117.33,114.44,114.53,12325743.0,162851681.0
2016-03-16,115.75,116.63,112.52,113.04,10267067.0,134296985.0
2016-03-17,114.7,117.94,114.09,116.72,20495867.0,272749204.0
2016-03-18,117.24,123.46,116.81,122.76,34092826.0,469765563.0
2016-03-21,124.34,127.84,121.88,126.61,40822529.0,581451197.0
2016-03-22,124.25,126.61,123.55,124.16,23648247.0,337749423.0
2016-03-23,123.46,128.36,123.11,126.88,24559435.0,352401591.0
2016-03-24,125.21,126.7,123.2,123.46,22326884.0,318550656.0
2016-03-25,122.41,127.22,121.71,125.47,17788612.0,253255207.0
2016-03-28,126.79,128.01,123.2,123.55,21771006.0,312675199.0
2016-03-29,123.99,123.99,119.78,120.75,15634965.0,216960622.0
2016-03-30,122.15,126.79,120.83,125.91,23597713.0,332797253.0
2016-03-31,126.53,130.81,125.39,127.23,30219554.0,442074785.0
2016-04-01,125.65,127.66,122.85,125.47,16946192.0,242251800.0
2016-04-05,125.12,131.78,124.69,130.9,26228840.0,385742143.0
2016-04-06,129.94,131.6,128.54,129.68,20292843.0,301203963.0
2016-04-07,131.17,138.78,129.33,133.53,48629576.0,744999652.0
2016-04-08,131.78,144.3,130.64,142.11,54179119.0,846406835.0
2016-04-11,143.16,146.84,140.36,142.46,46510832.0,760750234.0
2016-04-12,141.67,143.16,137.82,140.71,29155722.0,464731424.0
2016-04-13,141.59,143.42,140.1,140.45,28333099.0,458632614.0
2016-04-14,141.32,146.66,140.71,143.69,32811025.0,539136804.0
2016-04-15,142.72,143.16,139.22,139.75,23286788.0,373147320.0
2016-04-18,138.43,139.66,134.41,134.49,20072441.0,311434836.0
2016-04-19,135.54,137.82,133.97,136.51,15039297.0,232873215.0
2016-04-20,136.68,137.65,123.37,125.3,30840803.0,454001408.0
2016-04-21,125.47,127.22,122.67,123.02,16577345.0,237084150.0
2016-04-22,121.71,123.9,120.92,123.46,14073539.0,196711464.0
2016-04-25,123.9,125.56,121.53,124.25,12324737.0,173873290.0
2016-04-26,124.6,131.08,123.81,130.47,22948960.0,335406375.0
2016-04-27,130.47,130.47,126.09,126.7,14379553.0,210801646.0
2016-04-28,127.66,129.33,125.39,128.71,13423043.0,195517840.0
2016-04-29,128.28,130.9,125.47,129.5,11411558.0,167552209.0
2016-05-03,128.71,132.65,127.66,132.22,14241570.0,213334555.0
2016-05-04,133.09,138.0,132.3,132.83,20005806.0,309249007.0
2016-05-05,132.92,135.28,131.69,134.06,14392942.0,219385236.0
2016-05-06,134.49,135.37,126.96,127.23,19184102.0,287082983.0
2016-05-09,125.65,125.65,114.88,116.46,18626380.0,256057246.0
2016-05-10,116.02,118.38,114.18,115.41,11189188.0,148836411.0
2016-05-11,116.89,118.12,115.32,115.75,8733018.0,116365472.0
2016-05-12,111.64,114.44,110.5,114.27,10698453.0,137654623.0
2016-05-13,114.35,115.84,113.48,114.7,6346129.0,83140050.0
2016-05-16,115.23,116.28,112.95,115.93,6959507.0,91571556.0
2016-05-17,116.28,118.12,115.67,116.11,8372605.0,111749304.0
2016-05-18,114.7,115.14,110.59,113.57,8940276.0,115230994.0
2016-05-19,113.39,115.23,112.78,113.65,7381757.0,96081335.0
2016-05-20,112.78,115.14,111.47,114.79,6356888.0,82907291.0
2016-05-23,114.88,116.28,114.88,115.93,6352008.0,83916711.0
2016-05-24,116.02,117.51,113.92,116.98,7854090.0,103542600.0
2016-05-25,116.54,119.61,116.46,116.98,10004649.0,134838861.0
2016-05-26,116.54,118.73,114.79,118.12,8351270.0,111426006.0
2016-05-27,118.12,123.46,117.86,121.62,15917138.0,219639648.0
2016-05-30,120.92,123.2,119.78,120.66,8315954.0,115668607.0
2016-05-31,120.66,125.21,120.57,125.21,11363735.0,160651473.0
2016-06-01,125.21,125.74,123.72,123.9,10039266.0,142924904.0
2016-06-02,123.9,124.77,121.97,124.16,12284543.0,172832672.0
2016-06-03,124.25,124.34,122.32,123.02,7897205.0,111074788.0
2016-06-06,123.72,125.3,122.58,124.86,8386001.0,118386511.0
2016-06-07,125.65,125.65,123.72,123.99,7667070.0,108774437.0
2016-06-08,124.34,124.77,122.85,123.81,7094478.0,100411075.0
2016-06-13,122.5,123.37,116.46,117.24,10046704.0,139381337.0
2016-06-14,116.89,118.91,116.28,117.86,8001593.0,107374915.0
2016-06-15,117.24,123.28,116.11,121.18,9088667.0,125492015.0
2016-06-16,120.92,124.69,120.66,122.76,9017054.0,127093416.0
2016-06-17,123.11,126.96,123.11,126.7,18072464.0,258875089.0
2016-06-20,126.61,126.61,123.99,125.74,9742175.0,139558379.0
2016-06-21,126.61,131.34,125.47,126.17,15827616.0,232076674.0
2016-09-27,138.83,138.83,138.83,138.83,852202.0,13456270.0
2016-09-28,144.63,149.99,139.88,145.86,47289265.0,785892447.0
2016-09-29,144.1,144.72,140.76,143.05,26161626.0,424526410.0
2016-09-30,143.05,144.89,136.1,136.28,27876372.0,442958420.0
2016-10-10,134.69,140.06,134.69,139.79,16471103.0,257336040.0
2016-10-11,138.48,140.94,138.12,139.88,13520876.0,214612401.0
2016-10-12,139.79,139.97,136.72,138.12,10419748.0,163352212.0
2016-10-13,138.39,142.17,137.77,139.27,15848863.0,252503519.0
2016-10-14,139.27,139.71,136.89,139.62,9767319.0,153290952.0
2016-10-17,140.06,145.86,140.06,141.91,28296717.0,461173798.0
2016-10-18,141.03,144.81,140.76,144.01,18646116.0,304037469.0
2016-10-19,144.72,146.3,142.43,143.05,14765684.0,241600288.0
2016-10-20,144.63,157.38,144.63,157.38,49539336.0,867078864.0
2016-10-21,160.63,165.29,156.85,158.17,56604258.0,1034377479.0
2016-10-24,157.38,160.37,154.74,157.91,27026594.0,483144499.0
2016-10-25,156.32,161.51,155.71,158.87,26119322.0,471438830.0
2016-10-26,157.56,164.41,156.5,163.71,31097198.0,570429135.0
2016-10-27,163.36,164.32,158.35,158.7,19922357.0,364432020.0
2016-10-28,159.31,160.54,155.8,158.35,15895606.0,285915112.0
2016-10-31,157.47,158.79,153.07,157.91,13854973.0,246455732.0
2016-11-01,159.14,163.97,158.26,160.02,21089374.0,386183886.0
2016-11-02,160.19,168.81,158.26,163.97,31313007.0,583047542.0
2016-11-03,164.24,170.83,163.97,164.68,54428268.0,1038054206.0
2016-11-04,163.97,163.97,156.5,156.59,31218142.0,565910099.0
2016-11-07,155.8,159.49,153.6,157.38,17368636.0,309727398.0
2016-11-08,158.26,158.87,156.32,157.73,9767415.0,174919627.0
2016-11-09,158.52,158.52,154.04,156.5,12141924.0,215655678.0
2016-11-10,158.26,159.31,156.24,158.17,13139822.0,235258220.0
2016-11-11,158.08,163.97,157.99,162.65,21170801.0,389098993.0
2016-11-14,162.65,164.06,159.58,160.9,13530084.0,248039044.0
2016-11-15,160.72,161.86,158.87,160.19,7516735.0,136623715.0
2016-11-16,160.46,163.71,160.1,162.13,12060818.0,221803177.0
2016-11-17,162.13,163.09,159.66,161.69,7755564.0,142042644.0
2016-11-18,161.6,163.44,160.02,160.46,10090270.0,185850113.0
2016-11-21,160.63,166.96,160.28,165.38,21076242.0,394657463.0
2016-11-22,166.61,167.05,164.06,165.47,10504586.0,197378741.0
2016-11-23,165.38,166.08,163.09,163.27,9507197.0,177466057.0
2016-11-24,162.21,164.85,162.04,163.01,9358949.0,173710131.0
2016-11-25,162.65,163.88,158.52,162.22,9826089.0,179398218.0
2016-11-28,163.09,165.12,161.25,161.51,6942494.0,128549961.0
2016-11-29,161.16,163.36,159.22,159.4,8916998.0,162702327.0
2016-11-30,159.66,159.93,155.88,157.03,9641427.0,172788019.0
2016-12-01,156.24,157.64,155.62,156.24,4822629.0,86053352.0
2016-12-02,156.76,159.14,154.3,155.44,7231125.0,128780649.0
2016-12-05,155.09,156.94,154.04,155.27,4976760.0,87943737.0
2016-12-06,155.53,158.96,155.0,157.82,6229914.0,111242628.0
2016-12-07,158.26,158.96,156.94,158.43,5037265.0,90413859.0
2016-12-08,159.14,160.46,157.64,159.14,6451646.0,116735636.0
2016-12-09,159.22,160.46,157.82,158.52,4821360.0,87226116.0
2016-12-12,157.91,158.61,145.16,147.44,11604459.0,201071507.0
2016-12-13,149.38,149.55,141.11,148.24,7988159.0,132605048.0
2016-12-14,147.71,148.5,144.28,146.65,6971787.0,115929880.0
2016-12-15,146.83,149.03,145.16,147.18,5553650.0,92797846.0
2016-12-16,147.62,150.87,145.77,149.03,5319710.0,90034829.0
2016-12-19,149.03,150.26,146.56,147.62,3319530.0,55774160.0
2016-12-20,147.62,147.97,143.84,147.62,8142184.0,134739089.0
2016-12-21,147.53,148.76,146.21,147.53,4778297.0,80336193.0
2016-12-22,147.79,149.73,147.36,148.85,3827816.0,64625515.0
2016-12-23,148.41,150.43,146.74,149.03,6105591.0,103246761.0
2016-12-26,148.41,154.21,147.0,153.16,8018925.0,138662152.0
2016-12-27,153.42,157.82,153.42,157.47,9534691.0,169388297.0
2016-12-28,157.56,159.58,155.88,156.06,6889700.0,123762482.0
2016-12-29,156.5,158.79,155.0,155.36,4170108.0,74231463.0
2016-12-30,154.74,157.82,154.3,155.97,4388851.0,78146188.0
2017-01-03,156.06,158.26,155.62,157.82,2945051.0,52653840.0
2017-01-04,156.68,159.75,155.44,158.52,4747842.0,85744971.0
2017-01-05,159.49,166.0,157.56,161.95,9854805.0,182504217.0
2017-01-06,161.95,164.41,159.14,159.75,7456310.0,136536756.0
2017-01-09,160.1,161.51,158.43,159.49,3779383.0,68660061.0
2017-01-10,159.14,160.46,158.0,158.17,3628537.0,65525954.0
2017-01-11,157.38,158.96,154.65,155.36,5579780.0,99273378.0
2017-01-12,155.36,156.5,153.86,153.95,3943201.0,69503215.0
2017-01-13,154.04,155.97,153.07,154.21,4560390.0,80119970.0
2017-01-16,154.74,154.92,138.83,150.87,14777940.0,244149543.0
2017-01-17,148.59,149.2,143.4,147.88,5152701.0,86198950.0
2017-01-18,147.88,150.87,146.74,146.83,2686114.0,45344240.0
2017-01-19,146.92,147.88,145.25,147.27,2290300.0,38222476.0
2017-01-20,147.27,149.03,146.65,147.71,2671367.0,44980230.0
2017-01-23,145.77,151.84,145.77,150.08,4813725.0,81958471.0
2017-01-24,150.34,153.42,149.47,152.81,6680018.0,115712127.0
2017-01-25,152.9,154.39,152.54,152.9,5138566.0,89799774.0
2017-01-26,153.86,154.56,152.28,154.04,2406347.0,42056185.0
2017-02-03,154.04,155.71,152.54,153.16,1662372.0,29062382.0
2017-02-06,153.16,154.21,150.78,152.9,2665247.0,46198100.0
2017-02-07,152.9,153.69,151.75,153.16,2855861.0,49547197.0
2017-02-08,153.16,153.42,151.58,153.34,2921369.0,50716008.0
2017-02-09,153.34,157.82,152.54,155.36,6006259.0,106534707.0
2017-02-10,154.39,156.76,153.95,154.56,4191125.0,73920655.0
2017-02-13,154.56,159.58,153.16,158.61,9235445.0,164604340.0
2017-02-14,159.14,160.46,157.38,158.79,7925093.0,143320934.0
2017-02-15,158.79,159.58,157.73,158.43,5149457.0,92868978.0
2017-02-16,157.64,159.4,156.68,159.14,3962206.0,71430138.0
2017-02-17,159.14,159.14,157.38,158.7,4639828.0,83462076.0
2017-02-20,158.52,163.97,158.52,162.22,10243587.0,188950515.0
2017-02-21,162.65,164.41,161.6,161.86,5497958.0,101719327.0
2017-02-22,161.86,163.53,160.81,161.25,4522756.0,83171780.0
2017-02-23,161.42,162.57,157.2,159.14,6288694.0,114080797.0
2017-02-24,159.84,159.84,157.38,159.22,3787794.0,68347328.0
2017-02-27,159.22,159.84,157.56,158.26,4196702.0,75740478.0
2017-02-28,159.14,161.16,158.17,158.96,4313733.0,78355365.0
2017-03-01,158.26,160.46,156.94,159.14,5788388.0,104496797.0
2017-03-02,159.14,159.75,157.91,158.35,4721111.0,85118296.0
2017-03-03,157.47,159.84,157.38,159.05,3497834.0,63171518.0
2017-03-06,159.05,161.16,158.61,160.9,9553853.0,174030580.0
2017-03-07,161.42,162.04,160.02,160.81,4542014.0,83100038.0
2017-03-08,161.51,166.0,160.37,160.72,15307623.0,283449168.0
2017-03-09,158.7,160.81,158.0,159.84,4984942.0,90332659.0
2017-03-10,159.66,162.39,159.14,160.28,4999476.0,91117008.0
2017-03-13,159.4,161.95,159.4,159.75,7186271.0,130900788.0
2017-03-14,160.02,161.69,159.58,161.42,5879402.0,107458706.0
2017-03-15,162.66,177.43,161.34,174.52,30707269.0,595838712.0
2017-03-16,174.08,187.19,171.53,183.67,32502596.0,660414016.0
2017-03-17,182.17,185.16,179.18,180.24,22369680.0,461907564.0
2017-03-20,175.84,182.88,175.84,181.29,13154561.0,269206896.0
2017-03-21,181.29,185.07,180.06,183.14,10910678.0,226531672.0
2017-03-22,181.56,185.43,179.97,180.59,10062340.0,209062841.0
2017-03-23,180.06,181.82,174.26,175.75,13481562.0,272173553.0
2017-03-24,177.34,179.8,176.19,179.1,8406780.0,170754662.0
2017-03-27,177.6,192.02,177.6,187.89,15535661.0,327673789.0
2017-03-28,188.42,193.34,186.39,187.8,14717993.0,318188092.0
2017-03-29,186.92,189.03,183.67,184.72,8645608.0,182816111.0
2017-03-30,184.72,186.22,177.16,182.97,11184381.0,231468436.0
2017-03-31,182.0,185.43,181.03,183.23,5961081.0,124273277.0
2017-04-05,180.68,188.42,180.68,186.31,5999781.0,126856350.0
2017-04-06,186.48,188.85,185.51,187.1,6368486.0,135413288.0
2017-04-07,187.36,187.62,182.97,184.63,5885251.0,124284063.0
2017-04-10,185.07,186.22,180.33,181.03,5740556.0,118881617.0
2017-04-11,181.12,184.63,178.66,182.88,5617675.0,116129656.0
2017-04-12,180.68,182.79,165.56,171.01,23936326.0,470187581.0
2017-04-13,170.39,170.48,165.29,169.07,11906604.0,227075011.0
2017-04-14,169.69,170.22,165.64,167.31,6525282.0,124277143.0
2017-04-17,166.26,167.67,162.57,164.68,8132301.0,152437757.0
2017-04-18,163.53,166.08,158.44,158.52,5414810.0,99818022.0
2017-07-17,151.31,159.23,146.04,158.7,27282165.0,477134371.0
2017-07-18,158.08,158.08,152.19,156.24,7915964.0,140069551.0
2017-07-19,154.39,156.76,154.39,156.06,8133598.0,143963407.0
2017-07-20,157.38,157.38,155.09,155.36,7910684.0,140426342.0
2017-07-21,155.27,156.68,152.02,156.59,7872187.0,137957737.0
2017-07-24,156.5,156.5,154.21,154.74,3478576.0,61292547.0
2017-07-25,152.98,157.29,152.98,156.94,4493831.0,79484227.0
2017-07-26,156.76,156.76,155.36,155.71,3154772.0,55868259.0
2017-07-27,155.44,156.76,154.3,156.15,3855404.0,68269166.0
2017-07-28,157.2,157.2,155.09,156.5,2901629.0,51483066.0
2017-07-31,156.5,156.94,154.74,156.24,4208468.0,74724447.0
2017-08-01,156.24,164.24,155.62,158.52,6580471.0,119056391.0
2017-08-02,158.52,161.78,157.91,159.58,4889896.0,89189342.0
2017-08-03,159.58,161.34,158.35,158.44,3794601.0,68859243.0
2017-08-04,160.28,160.28,156.68,156.76,3645951.0,65385253.0
2017-08-07,154.74,157.03,153.95,156.68,4591250.0,81340457.0
2017-08-08,156.68,158.87,155.01,157.29,4977301.0,89254052.0
2017-08-09,155.36,158.61,155.36,158.52,4088657.0,73088731.0
2017-08-10,158.61,159.75,155.88,156.5,3575202.0,64017660.0
2017-08-11,154.74,159.58,154.3,159.14,7869913.0,141369138.0
2017-08-14,158.44,159.66,157.64,159.58,2872588.0,51881016.0
2017-08-15,159.31,161.07,156.41,156.68,5066500.0,91332829.0
2017-08-16,156.41,159.58,156.41,157.03,4291300.0,77054764.0
2017-08-17,157.03,158.08,154.74,155.62,3487602.0,61872413.0
2017-08-18,155.71,156.41,154.3,155.27,2029310.0,35790360.0
2017-08-21,155.27,155.88,154.39,155.71,4000460.0,70661612.0
2017-08-22,155.97,156.41,154.74,156.06,3109601.0,54975101.0
2017-08-23,156.41,156.68,155.44,156.06,2846200.0,50493449.0
2017-08-24,156.15,156.32,154.3,155.71,3948400.0,69832976.0
2017-08-25,155.62,156.32,154.57,155.8,3239613.0,57299077.0
2017-08-28,155.27,156.15,152.46,155.71,6757104.0,118715780.0
2017-08-29,155.44,155.44,153.51,154.83,4863094.0,85334929.0
2017-08-30,153.95,154.65,153.34,154.13,4767778.0,83469312.0
2017-08-31,153.78,154.74,149.47,154.48,8341478.0,144483851.0
2017-09-01,154.57,154.65,152.98,154.48,2616700.0,45791919.0
2017-09-04,154.57,154.57,151.93,153.86,4513200.0,78524903.0
2017-09-05,153.34,154.74,151.75,154.39,5204300.0,90746016.0
2017-09-06,154.65,154.83,152.9,154.39,4185470.0,73235770.0
2017-09-07,154.57,157.56,154.3,156.76,5056227.0,89987063.0
2017-09-08,157.29,158.7,156.85,158.26,5210400.0,93634595.0
2017-09-11,158.52,158.7,156.41,157.73,4050860.0,72449832.0
2017-09-12,158.0,158.17,155.53,155.62,5002042.0,88931636.0
2017-09-13,155.62,156.94,154.04,156.76,3081655.0,54510939.0
2017-09-14,155.88,157.64,155.71,156.94,3013800.0,53682028.0
2017-09-15,157.38,158.35,156.5,157.82,4329718.0,77653972.0
2017-09-18,157.12,158.87,156.24,158.08,3757278.0,67192766.0
2017-09-19,158.08,158.43,156.59,158.26,3876550.0,69503768.0
2017-09-20,158.26,160.37,157.73,159.75,4663898.0,84801074.0
2017-09-21,159.93,161.34,158.79,161.07,3489620.0,63564164.0
2017-09-22,161.6,165.29,161.51,162.92,7579011.0,140929026.0
2017-09-25,163.36,164.41,161.34,161.6,4666500.0,86413683.0
2017-09-26,160.72,162.48,159.58,162.13,4067414.0,74346784.0
2017-09-27,162.48,164.24,160.54,163.62,5752902.0,106383031.0
2017-09-28,163.62,164.41,162.48,163.27,2933208.0,54505747.0
2017-09-29,163.45,164.94,161.78,164.85,3643949.0,67929491.0
2017-10-09,165.38,167.31,163.8,164.94,2201449.0,41264476.0
2017-10-10,164.94,165.12,163.36,164.41,2189456.0,40909340.0
2017-10-11,164.68,166.96,163.53,166.0,4154165.0,78221757.0
2017-10-12,166.0,167.75,165.38,167.58,2767625.0,52544519.0
2017-10-13,167.58,168.37,166.44,167.49,2783700.0,52870418.0
2017-10-16,167.93,168.54,166.26,167.58,3165303.0,60227428.0
2017-10-17,167.58,167.67,165.29,166.79,4248965.0,80442295.0
2017-10-18,166.79,167.31,165.12,166.0,3261300.0,61558153.0
2017-10-19,165.73,165.73,163.18,163.71,4837874.0,90427226.0
2017-10-20,163.62,164.68,162.39,164.24,1555933.0,28927986.0
2017-10-23,164.24,167.05,163.09,166.79,2379945.0,44735884.0
2017-10-24,166.26,169.25,166.26,166.79,3428341.0,65418598.0
2017-10-25,166.17,167.67,165.38,165.56,1511540.0,28573409.0
2017-10-26,165.56,166.7,164.94,165.12,2111142.0,39784065.0
2017-10-27,165.2,167.05,165.2,166.08,1978601.0,37391071.0
2017-10-30,166.96,167.31,164.06,166.08,2808201.0,52866466.0
2017-10-31,165.56,167.31,165.12,166.88,2438840.0,46134989.0
2017-11-01,167.67,168.37,164.85,165.03,1961459.0,37113091.0
2017-11-02,165.03,165.73,161.25,161.51,3205300.0,59330170.0
2017-11-03,160.9,163.18,160.9,161.34,2190643.0,40385855.0
2017-11-06,161.34,162.65,161.34,162.48,3794398.0,70027723.0
2017-11-07,162.48,163.27,162.04,163.27,2816642.0,52103705.0
2017-11-08,163.27,163.36,162.04,162.3,2320000.0,42888919.0
2017-11-09,162.22,162.65,161.69,162.39,2274512.0,41957404.0
2017-11-10,162.83,166.61,162.48,166.44,4283813.0,80096599.0
2017-11-13,166.44,167.23,162.65,163.8,3502300.0,65616109.0
2017-11-14,163.09,163.97,162.13,162.39,3606900.0,66741587.0
2017-11-15,163.53,173.65,162.65,170.74,12575749.0,242343437.0
2018-03-12,153.69,153.69,153.69,153.69,854300.0,14933164.0
2018-03-13,138.3,138.3,138.3,138.3,694800.0,10929204.0
2018-03-14,124.5,124.5,124.5,124.5,2112500.0,29913000.0
2018-03-15,112.01,112.01,112.01,112.01,1101100.0,14028014.0
2018-03-16,100.85,118.69,100.85,112.72,162926645.0,1922022894.0
2018-03-19,104.19,105.24,101.46,101.46,98061891.0,1150645700.0
2018-03-20,97.94,102.6,97.94,100.93,46999481.0,536711833.0
2018-03-21,101.28,102.52,98.56,99.26,47234146.0,538867834.0
2018-03-22,98.91,101.11,97.94,99.97,40918878.0,463537348.0
2018-03-23,95.39,95.92,89.94,89.94,51235075.0,535648954.0
2018-03-26,84.67,86.34,81.06,84.58,49704384.0,474343691.0
2018-03-27,86.16,93.02,85.11,93.02,65893140.0,672702103.0
2018-03-28,90.56,94.78,89.77,91.09,50795890.0,532288602.0
2018-03-29,91.44,95.04,89.77,92.05,40035683.0,421228023.0
2018-03-30,93.2,93.37,91.09,91.53,28175620.0,294248564.0
2018-04-02,91.17,91.61,88.1,88.8,30721708.0,312809842.0
2018-04-03,86.16,90.73,85.72,88.89,28438424.0,286287243.0
2018-04-04,89.77,90.38,86.25,86.43,24381953.0,243646387.0
2018-04-09,86.16,87.57,84.23,87.39,21042998.0,205579347.0
2018-04-10,87.57,87.57,85.28,86.34,15693458.0,154167974.0
2018-04-11,86.08,89.42,85.81,87.39,23439351.0,233968652.0
2018-04-12,87.22,88.98,85.55,87.92,23739108.0,235384332.0
2018-04-13,87.92,91.61,87.22,90.91,37819847.0,386296580.0
2018-04-16,89.94,90.73,85.46,86.69,27222941.0,272456329.0
2018-04-17,83.97,84.93,77.99,77.99,42913845.0,389042065.0
2018-04-18,75.7,76.67,70.16,71.66,55098003.0,449993271.0
2018-04-19,70.78,75.17,69.9,73.15,37500574.0,309765458.0
2018-04-20,72.27,73.24,68.58,68.67,30373159.0,244775091.0
2018-04-23,68.67,71.66,68.23,70.25,22951070.0,183337249.0
2018-04-24,70.51,74.64,70.51,72.89,31431731.0,259009964.0
2018-04-25,72.1,72.62,70.86,71.22,21270921.0,172906630.0
2018-04-26,71.13,71.74,65.94,66.03,29687651.0,231274863.0
2018-04-27,66.56,68.05,66.12,66.2,19998183.0,152639359.0
2018-05-03,62.86,62.86,62.86,62.86,45900.0,328185.0
2018-05-04,59.7,59.7,59.7,59.7,31400.0,213206.0
2018-05-07,56.71,56.71,56.71,56.71,237200.0,1529940.0
2018-05-08,53.9,53.9,53.9,53.9,331800.0,2033934.0
2018-05-09,51.17,51.17,51.17,51.17,1945500.0,11322810.0
2018-05-10,48.62,50.03,48.62,48.62,25892400.0,143320021.0
2018-05-11,46.25,47.21,46.16,46.16,22581200.0,119061665.0
2018-05-14,45.37,45.45,43.87,43.87,33093500.0,166403295.0
2018-05-15,42.64,42.64,41.67,41.67,10647400.0,50851048.0
2018-05-16,39.56,39.56,39.56,39.56,1468600.0,6608700.0
2018-05-17,37.81,39.48,37.63,37.63,58679800.0,253710002.0
2018-05-18,37.37,38.33,37.28,37.89,29767796.0,128232813.0
2018-05-21,38.16,39.83,37.63,39.83,23771399.0,105671007.0
2018-05-22,40.27,41.59,39.83,40.36,34635205.0,160271964.0
2018-05-23,40.09,42.38,39.92,41.67,40242404.0,190564216.0
2018-05-24,41.67,43.34,40.44,40.71,31653089.0,150809255.0
2018-05-25,41.32,41.85,38.69,39.04,27954032.0,126737078.0
2018-05-28,38.95,39.12,37.1,37.1,23106900.0,98788483.0
2018-05-29,35.87,36.14,35.26,35.26,19862494.0,79968231.0
2018-05-30,33.5,33.85,33.5,33.5,4927100.0,18790302.0
2018-05-31,31.83,32.88,31.83,31.83,31442448.0,114494181.0
2018-06-01,32.0,33.41,31.91,33.41,29307379.0,110522722.0
2018-06-04,33.06,33.41,31.74,31.83,23058480.0,84233602.0
2018-06-05,31.65,32.18,31.21,31.91,15101115.0,54332475.0
2018-06-06,31.56,32.35,31.12,31.91,15257273.0,55131821.0
2018-06-07,32.18,32.8,31.74,31.83,13845994.0,50809267.0
2018-06-08,31.56,31.74,30.25,30.33,19228849.0,67210017.0
2018-06-11,29.89,30.25,28.93,29.37,14027849.0,47158871.0
2018-06-12,29.19,30.16,29.1,29.98,13683193.0,46377960.0
2018-06-13,29.72,29.8,28.49,28.57,16432277.0,54682029.0
2018-06-14,28.05,28.22,27.17,27.17,23546801.0,73759569.0
2018-06-15,27.26,27.52,25.85,25.85,19070641.0,57258119.0
2018-06-19,24.88,24.88,24.53,24.53,6551600.0,18308346.0
2018-06-20,23.3,24.09,23.3,23.74,21232431.0,56703449.0
2018-06-21,24.09,24.97,23.83,24.35,24575393.0,68884441.0
2018-06-22,23.83,24.62,23.12,24.53,16712175.0,45211963.0
2018-06-25,24.27,24.88,24.0,24.09,10938750.0,30364213.0
2018-06-26,23.48,25.32,23.3,25.15,13804736.0,38643400.0
2018-06-27,24.79,26.38,24.71,25.23,15611700.0,45436129.0
2018-06-28,25.23,25.23,24.0,24.0,12113400.0,34007487.0
2018-06-29,24.09,24.71,24.0,24.53,11471665.0,31894902.0
2018-07-02,24.53,25.15,23.83,24.18,11590500.0,32387730.0
2018-07-03,24.09,24.62,23.48,24.53,12809397.0,35177757.0
2018-07-04,24.44,24.44,23.91,24.0,9085000.0,24902248.0
2018-07-05,23.91,24.09,22.77,22.77,14388303.0,38083485.0
2018-07-06,22.68,22.68,21.63,21.89,17277504.0,43229117.0
2018-07-09,21.89,22.33,21.45,22.16,8271900.0,20771124.0
2018-07-10,22.07,23.3,21.45,22.95,20108275.0,50927023.0
2018-07-11,22.42,22.86,21.89,22.33,16037027.0,40667841.0
2018-07-12,22.16,23.04,22.07,22.68,11900800.0,30729450.0
2018-07-13,22.6,23.04,22.42,22.68,9355800.0,24273508.0
2018-07-16,22.51,22.6,22.16,22.33,9169385.0,23308706.0
2018-07-17,22.24,23.12,22.07,22.86,11622130.0,29962257.0
2018-07-18,22.68,23.04,22.42,22.51,8339500.0,21542287.0
2018-07-19,22.51,22.6,21.45,21.54,10396800.0,25951188.0
2018-07-20,20.49,20.93,20.49,20.75,19070301.0,44726262.0
2018-07-23,20.66,21.1,20.57,20.84,9097000.0,21538516.0
2018-07-24,20.75,21.1,20.66,21.01,9970725.0,23719141.0
2018-07-25,20.93,21.28,20.84,21.19,10636270.0,25468902.0
2018-07-26,21.01,22.24,21.01,22.24,18571057.0,46282329.0
2018-07-27,22.16,22.42,21.54,21.72,13546056.0,33716832.0
2018-07-30,21.36,21.45,20.66,20.66,15172005.0,35863841.0
2018-07-31,20.4,20.84,20.31,20.66,5872500.0,13800053.0
2018-08-01,20.66,20.84,20.31,20.4,6743700.0,15810263.0
2018-08-02,20.31,20.4,19.34,19.43,11456300.0,25522460.0
2018-08-03,19.34,19.69,19.08,19.25,5940300.0,13097568.0
2018-08-06,18.99,19.17,18.29,18.29,9793500.0,20685297.0
2018-08-07,18.2,18.73,18.11,18.64,7125429.0,14921295.0
2018-08-08,18.64,18.9,18.46,18.64,6980844.0,14854639.0
2018-08-09,18.46,18.99,18.46,18.9,6440029.0,13796808.0
2018-08-10,18.82,19.25,18.82,19.08,6538200.0,14181419.0
2018-08-13,18.99,20.05,18.73,19.78,12351301.0,27441602.0
2018-08-14,19.61,20.75,19.43,20.75,17781530.0,41333413.0
2018-08-15,20.75,21.1,20.05,20.13,13354194.0,31129676.0
2018-08-16,19.96,20.57,19.61,19.61,8504100.0,19403556.0
2018-08-17,19.78,20.57,19.61,20.49,17038993.0,39458935.0
2018-08-20,20.49,20.49,19.43,19.52,15590825.0,34729956.0
2018-08-21,19.43,20.4,19.08,20.13,12449615.0,28242543.0
2018-08-22,19.87,21.1,19.78,20.66,20043110.0,47410865.0
2018-08-23,20.4,21.19,20.22,20.84,14661299.0,34717705.0
2018-08-24,20.75,21.89,20.75,21.54,14775100.0,36141819.0
2018-08-27,21.63,22.6,21.28,22.6,10674400.0,27054595.0
2018-08-28,23.21,23.65,21.98,22.42,27296749.0,70659552.0
2018-08-29,22.16,23.56,22.16,23.56,27731055.0,73202585.0
2018-08-30,23.65,24.71,23.12,24.71,38693339.0,106199658.0
2018-08-31,23.48,23.48,23.48,23.48,1722600.0,4599342.0
2018-09-03,22.33,22.33,22.33,22.33,411700.0,1045718.0
2018-09-04,21.19,21.72,21.19,21.28,44031440.0,106422887.0
2018-09-05,21.19,22.16,20.93,21.72,22513439.0,55508123.0
2018-09-06,21.45,22.07,20.66,20.66,23514100.0,56298449.0
2018-09-07,20.4,20.84,20.22,20.66,14185200.0,33171252.0
2018-09-10,20.57,20.93,20.4,20.57,10293500.0,24141818.0
2018-09-11,20.4,20.75,20.13,20.31,9691239.0,22521798.0
2018-09-12,20.4,20.66,20.31,20.31,6892301.0,16029938.0
2018-09-13,20.31,20.57,19.34,19.78,14720016.0,33067794.0
2018-09-14,19.78,20.13,19.34,19.52,10051200.0,22641448.0
2018-09-17,19.25,19.43,18.82,19.08,7410500.0,16122489.0
2018-09-18,18.99,20.05,18.9,20.05,15066200.0,34009623.0
2018-09-19,19.78,20.4,19.69,20.05,12740215.0,29158491.0
2018-09-20,20.05,20.84,19.96,20.4,9936315.0,23011979.0
2018-09-21,20.22,20.66,20.13,20.49,8158500.0,18967385.0
2018-09-25,20.13,20.49,20.05,20.31,5606100.0,12912197.0
2018-09-26,20.22,21.01,20.22,20.49,8171658.0,19240957.0
2018-09-27,20.49,20.57,19.61,19.87,7777800.0,17800521.0
2018-09-28,19.96,20.22,19.78,20.13,3902783.0,8893480.0
2018-10-08,19.87,20.66,19.78,19.96,7858683.0,18131680.0
2018-10-09,19.96,20.66,19.96,20.49,7285583.0,16793485.0
2018-10-10,20.57,21.28,20.49,20.93,8457500.0,20033306.0
2018-10-11,20.31,20.49,19.87,19.87,7508100.0,17170606.0
2018-10-12,19.34,19.34,18.9,18.9,10300633.0,22215714.0
2018-10-15,18.55,19.08,18.38,18.64,4742201.0,10114083.0
2018-10-16,18.38,18.82,17.67,17.67,8492100.0,17409611.0
2018-10-17,17.76,17.94,16.79,17.23,10937309.0,21305484.0
2018-10-18,17.06,17.06,16.35,16.35,7002000.0,13072228.0
2018-10-19,15.56,16.35,15.56,15.91,12808101.0,22909842.0
2018-10-22,16.27,16.7,16.18,16.7,5632576.0,10656970.0
2018-10-23,17.14,17.58,16.7,16.88,12578913.0,24564787.0
2018-10-24,16.62,17.23,16.53,16.97,7508200.0,14508949.0
2018-10-25,16.27,16.88,16.09,16.88,11293950.0,20972992.0
2018-10-26,16.79,17.41,16.7,17.23,8734409.0,17022282.0
2018-10-29,17.14,17.76,16.97,17.41,7968533.0,15774330.0
2018-10-30,17.5,18.29,17.23,18.29,11376723.0,23176591.0
2018-10-31,18.11,19.17,18.11,19.17,11363050.0,24325589.0
2018-11-01,19.34,20.13,18.64,18.9,15385114.0,34032543.0
2018-11-02,18.99,19.43,18.55,19.34,9587419.0,20683775.0
2018-11-05,19.52,20.31,19.25,20.13,12692518.0,28909039.0
2018-11-06,19.78,20.22,19.52,20.05,8082774.0,18262417.0
2018-11-07,20.22,20.93,20.05,20.57,9675550.0,22713742.0
2018-11-08,20.75,21.63,20.57,21.36,18771781.0,45754851.0
2018-11-09,21.1,21.8,20.93,21.01,14359300.0,34789743.0
2018-11-12,20.66,22.07,20.66,22.07,13910457.0,34506042.0
2018-11-13,22.33,23.21,22.07,23.21,6996006.0,18248005.0
