2015-04-28,6.56,7.88,6.56,7.88,251785.0,1974826.0
2015-04-29,8.67,8.67,8.67,8.67,93900.0,814113.0
2015-04-30,9.54,9.54,9.54,9.54,90350.0,861939.0
2015-05-04,10.49,10.49,10.49,10.49,139050.0,1458635.0
2015-05-05,11.54,11.54,11.54,11.54,415100.0,4790254.0
2015-05-06,12.69,12.69,12.69,12.69,619500.0,7861455.0
2015-05-07,13.96,13.96,13.96,13.96,1513364.0,21126560.0
2015-05-08,15.36,15.36,15.36,15.36,1127837.0,17323576.0
2015-05-11,16.9,16.9,16.9,16.9,705300.0,11919570.0
2015-05-12,18.59,18.59,18.59,18.59,626800.0,11652212.0
2015-05-13,20.45,20.45,20.45,20.45,1738950.0,35561528.0
2015-05-14,22.5,22.5,22.5,22.5,982828.0,22113630.0
2015-05-15,24.75,24.75,24.75,24.75,1680812.0,41600096.0
2015-05-18,27.23,27.23,27.23,27.23,3448098.0,93891712.0
2015-05-19,29.95,29.95,29.95,29.95,1898863.0,56870948.0
2015-05-20,32.95,32.95,32.95,32.95,4172981.0,137499728.0
2015-05-21,36.25,36.25,36.25,36.25,22557764.0,817718912.0
2015-05-22,39.88,39.88,39.88,39.88,4638429.0,184980544.0
2015-05-25,43.87,43.87,43.87,43.87,2008800.0,88126056.0
2015-05-26,48.26,48.26,46.64,48.26,59564736.0,2872322304.0
2015-05-27,53.09,53.09,53.09,53.09,6557274.0,348125664.0
2015-05-28,58.4,58.4,57.0,58.36,111217888.0,6492269568.0
2015-05-29,53.52,64.2,52.53,64.2,250497248.0,14949496832.0
2015-06-01,68.24,70.6,58.76,59.2,230191872.0,14578470912.0
2015-06-02,56.0,57.95,53.28,53.28,151204656.0,8196026880.0
2015-06-03,51.18,55.48,49.11,53.58,117017728.0,6160638976.0
2015-06-04,51.12,52.4,48.22,48.8,105645200.0,5214228480.0
2015-06-05,49.66,50.48,46.0,47.05,107992568.0,5176643072.0
2015-06-08,46.05,46.35,42.58,43.03,114348752.0,5016518144.0
2015-06-09,42.99,44.9,42.6,44.08,74626280.0,3283256576.0
2015-06-10,43.1,47.0,42.78,45.92,86471728.0,3943584768.0
2015-06-11,45.0,47.8,44.65,47.26,89435928.0,4187515904.0
2015-06-12,47.26,48.22,44.0,44.33,94039200.0,4279200000.0
2015-06-15,43.15,43.15,39.9,39.9,86288656.0,3527955968.0
2015-06-16,38.7,41.15,37.5,39.59,66793756.0,2628890112.0
2015-06-17,39.3,39.98,37.55,39.24,50681040.0,1960855424.0
2015-06-18,38.89,39.86,35.33,35.51,52257876.0,1968971776.0
2015-06-19,34.3,34.83,31.96,32.14,53213252.0,1792043392.0
2015-06-23,32.61,34.02,31.0,33.82,54508288.0,1781222528.0
2015-06-24,34.4,34.65,33.0,34.11,57878464.0,1958670720.0
2015-06-25,34.1,34.1,31.18,31.74,45045752.0,1486098176.0
2015-06-26,30.91,30.98,28.57,28.57,44876112.0,1329868544.0
2015-06-29,29.27,29.28,25.71,25.71,53405504.0,1436591744.0
2015-06-30,25.15,27.58,23.14,27.29,75482120.0,1902056192.0
2015-07-01,26.5,28.0,24.56,24.57,69272600.0,1853526912.0
2015-07-02,24.57,24.98,22.15,22.18,48772272.0,1147666688.0
2015-07-03,21.35,23.14,20.11,20.6,56839252.0,1212755328.0
2015-07-06,22.66,22.66,21.0,22.66,107511776.0,2398429440.0
2015-07-07,21.01,21.97,20.39,20.39,50061640.0,1049178304.0
2015-07-08,18.35,18.35,18.35,18.35,4854900.0,89087416.0
2015-07-09,16.52,20.19,16.52,20.19,89984616.0,1674451072.0
2015-07-10,20.1,22.21,20.0,22.21,59705904.0,1297554304.0
2015-07-13,23.98,24.43,22.88,24.43,75227344.0,1795363328.0
2015-07-14,25.28,26.79,24.5,25.06,125230688.0,3206987008.0
2015-07-15,24.0,24.3,22.55,22.55,54399060.0,1261621632.0
2015-07-16,20.51,23.48,20.36,22.03,64676156.0,1419725440.0
2015-07-17,22.17,24.19,22.08,23.79,58394724.0,1351942016.0
2015-07-20,23.8,24.86,23.2,23.89,62620080.0,1499797888.0
2015-07-21,23.25,26.28,23.0,26.28,95480800.0,2405977856.0
2015-07-22,26.8,27.28,24.98,25.81,112484672.0,2931811584.0
2015-07-23,25.78,28.39,25.55,28.39,115343672.0,3154063616.0
2015-07-24,28.77,29.78,27.2,27.92,141127952.0,4084318208.0
2015-07-27,27.0,28.82,25.13,25.13,93316696.0,2522774784.0
2015-07-28,23.23,25.33,22.62,23.04,73245920.0,1719780608.0
2015-07-29,24.0,25.34,22.73,25.34,71649768.0,1723744640.0
2015-07-30,25.32,26.87,24.78,25.03,88848176.0,2298891008.0
2015-07-31,24.51,26.55,24.27,25.67,75603016.0,1928895232.0
2015-08-03,25.0,26.15,23.87,24.75,58976032.0,1468131328.0
2015-08-04,25.11,27.1,24.51,26.95,78391128.0,2023395584.0
2015-08-05,26.5,26.93,25.58,26.07,75443168.0,1988905344.0
2015-08-06,25.3,25.92,25.0,25.08,44543940.0,1130499456.0
2015-08-07,25.4,26.28,25.31,25.86,48655152.0,1256991616.0
2015-08-10,26.19,27.5,25.83,27.13,72707448.0,1939969536.0
2015-08-11,27.0,27.43,26.7,26.86,67190536.0,1816427008.0
2015-08-12,26.3,26.8,25.6,25.73,47721984.0,1250298368.0
2015-08-13,25.6,26.15,24.91,26.12,44388516.0,1137462400.0
2015-08-14,26.3,28.73,25.91,28.73,134514320.0,3771451904.0
2015-08-17,28.73,29.14,27.75,28.14,96343728.0,2723503872.0
2015-08-18,28.4,28.8,25.33,25.33,91509080.0,2469487104.0
2015-08-19,24.0,25.98,22.9,25.42,66539304.0,1615368064.0
2015-08-20,24.81,24.99,23.39,23.52,44849900.0,1091473280.0
2015-08-21,23.1,23.8,21.66,21.8,42882340.0,976162368.0
2015-08-24,20.5,20.5,19.62,19.62,31595014.0,624035008.0
2015-08-25,17.66,19.17,17.66,17.66,38960736.0,698141248.0
2015-08-26,17.99,18.79,16.12,16.77,50063604.0,886598720.0
2015-08-27,17.31,17.98,16.38,17.72,40200568.0,697892544.0
2015-08-28,18.07,19.48,17.7,19.19,50886416.0,945547264.0
2015-08-31,18.79,18.94,18.16,18.24,35198192.0,650432640.0
2015-09-01,18.0,18.03,16.42,16.42,34997740.0,591287296.0
2015-09-02,15.21,17.1,15.2,15.48,33311534.0,532909504.0
2015-09-07,16.11,16.67,15.88,16.11,29453432.0,480989056.0
2015-09-08,16.08,17.72,15.8,17.72,46340736.0,781035008.0
2015-09-09,18.14,18.85,17.72,18.79,55426564.0,1020477568.0
2015-09-10,18.2,18.48,17.77,17.89,34193240.0,622388544.0
2015-09-11,17.86,18.31,17.48,18.08,28192460.0,505864800.0
2015-09-14,18.1,18.33,16.27,16.27,38800472.0,661627072.0
2015-09-15,15.8,15.97,14.64,14.73,34331436.0,523173184.0
2015-09-16,14.98,16.2,14.95,16.2,38140880.0,592427008.0
2015-09-17,16.0,16.99,15.72,15.85,47391936.0,773470528.0
2015-09-18,15.9,16.27,15.64,16.17,27978532.0,447325184.0
2015-09-21,15.98,17.5,15.8,17.33,44022576.0,742146880.0
2015-09-22,17.34,17.57,16.88,17.26,39231496.0,676441408.0
2015-09-23,16.8,17.11,16.6,16.81,32999034.0,554759360.0
2015-09-24,16.86,17.67,16.86,17.24,34977752.0,604801920.0
2015-09-25,17.2,17.2,15.95,16.24,33013318.0,545053760.0
2015-09-28,16.24,16.77,15.9,16.71,21407888.0,352582720.0
2015-09-29,16.35,16.53,15.97,16.25,19193740.0,311919040.0
2015-09-30,16.31,16.83,16.16,16.55,21414516.0,353513536.0
2015-10-08,17.33,17.48,16.91,17.23,30847164.0,531504320.0
2015-10-09,17.18,17.88,17.08,17.62,36155884.0,634899456.0
2015-10-12,17.65,19.26,17.55,18.92,59239640.0,1094907264.0
2015-10-13,18.65,19.27,18.5,18.95,54396796.0,1024446336.0
2015-10-14,18.88,19.53,18.61,18.74,47014200.0,894310848.0
2015-10-15,18.66,19.71,18.66,19.69,56310260.0,1090031360.0
2015-10-16,19.9,20.25,19.43,19.85,54337468.0,1076960000.0
2015-10-19,19.9,20.58,19.52,20.04,50296752.0,1007190464.0
2015-10-20,20.07,20.29,19.57,20.23,38573936.0,770325376.0
2015-10-21,20.14,20.63,18.21,18.32,65517816.0,1275293056.0
2015-10-22,18.3,19.06,18.02,18.97,40599552.0,753091136.0
2015-10-23,19.0,19.79,18.76,19.59,44837264.0,861558016.0
2015-10-26,19.85,20.17,19.3,19.76,40936176.0,805917312.0
2015-10-27,19.55,20.19,18.51,20.17,47139100.0,913499840.0
2015-10-28,20.0,20.48,19.15,19.26,47758388.0,953857408.0
2015-10-29,19.33,20.18,19.06,19.83,38543360.0,758024128.0
2015-10-30,19.65,19.85,19.15,19.36,34539272.0,673267264.0
2015-11-02,18.7,20.17,18.5,19.22,39042204.0,759269056.0
2015-11-03,19.21,20.3,18.84,20.19,62554304.0,1235361792.0
2015-11-04,20.26,21.66,20.26,21.58,84472872.0,1788189568.0
2015-11-05,21.66,21.8,21.03,21.41,66989768.0,1434516480.0
2015-11-06,21.51,22.36,21.26,22.03,62323244.0,1354597504.0
2015-11-09,21.72,23.1,21.61,23.05,72664984.0,1628633856.0
2015-11-10,22.91,23.56,22.59,22.87,62846672.0,1433217536.0
2015-11-11,22.68,23.77,22.37,23.74,67344192.0,1542403840.0
2015-11-12,24.18,26.07,23.42,25.37,101252344.0,2482433280.0
2015-11-13,24.68,25.07,23.16,23.23,91447296.0,2178752256.0
2015-11-16,22.29,23.45,22.28,23.35,38343280.0,868830848.0
2015-11-17,23.58,24.07,22.66,22.9,43231588.0,1006559808.0
2015-11-18,22.97,23.05,21.96,22.09,32067802.0,716519616.0
2015-11-19,22.16,22.92,22.16,22.9,26396610.0,590487744.0
2015-11-20,22.96,23.15,22.53,22.86,31259554.0,708433856.0
2015-11-23,22.68,23.15,22.37,22.51,33958268.0,768455552.0
2015-11-24,22.51,23.52,22.37,23.51,38054472.0,869117504.0
2015-11-25,23.54,23.68,23.17,23.52,35596928.0,827305792.0
2015-11-26,23.64,24.34,23.25,23.34,44334656.0,1048186816.0
2015-11-27,23.07,23.11,21.05,21.14,40951628.0,902986432.0
2015-11-30,21.17,21.39,19.59,20.86,35259440.0,722793984.0
2015-12-01,20.79,21.34,20.48,21.02,25492775.0,529348681.0
2015-12-02,20.77,21.02,19.89,20.94,22754928.0,464415168.0
2015-12-03,21.13,21.54,20.95,21.49,22723350.0,480067960.0
2015-12-04,21.49,21.85,21.15,21.18,24635848.0,524927520.0
2015-12-07,21.18,21.81,20.89,21.54,22813300.0,485876159.0
2015-12-08,21.24,21.36,20.59,20.62,20275224.0,420730784.0
2015-12-09,20.59,20.85,20.35,20.65,15172535.0,310655612.0
2015-12-10,20.6,21.03,20.5,20.72,16591145.0,341700768.0
2015-12-11,20.7,21.04,20.47,21.02,19599844.0,406229600.0
2015-12-14,20.77,21.53,20.73,21.46,19613824.0,412501984.0
2015-12-15,21.54,21.73,21.25,21.51,17693806.0,377330912.0
2015-12-16,21.68,21.95,21.38,21.65,20700658.0,446372992.0
2015-12-17,21.66,22.6,21.66,22.45,30848576.0,679240832.0
2015-12-18,22.35,22.53,21.85,22.05,24191140.0,531311840.0
2015-12-21,22.04,22.44,21.88,22.35,22594540.0,498606944.0
2015-12-22,22.36,22.42,21.87,22.23,17765869.0,390314727.0
2015-12-23,22.22,22.36,21.67,21.76,20996694.0,458785568.0
2015-12-24,21.59,21.74,20.98,21.39,15658219.0,330885056.0
2015-12-25,21.43,21.62,21.3,21.49,11554032.0,246181201.0
2015-12-28,21.58,21.74,20.76,20.8,19291038.0,407754200.0
2015-12-29,20.82,20.91,20.52,20.9,12923590.0,266003945.0
2015-12-30,21.02,21.41,20.85,21.19,15724512.0,330107134.0
2015-12-31,21.13,21.25,20.59,20.71,12394417.0,257322419.0
2016-01-04,20.55,20.68,18.64,18.64,16167358.0,313876566.0
2016-01-05,17.93,18.61,17.13,17.98,21051972.0,376013374.0
2016-01-06,18.13,18.43,18.02,18.39,12719704.0,230541613.0
2016-01-07,18.14,18.14,16.57,16.62,3339900.0,57666029.0
2016-01-08,17.21,17.42,15.71,16.86,17855792.0,298656757.0
2016-01-11,16.63,16.72,15.36,15.42,16462321.0,263217321.0
2016-01-12,15.26,15.87,15.26,15.69,11979720.0,185087145.0
2016-01-13,15.79,15.94,15.17,15.19,11365212.0,176483915.0
2016-01-14,14.98,15.92,14.73,15.81,15984370.0,243767986.0
2016-01-15,15.84,15.84,15.02,15.1,12492678.0,191239570.0
2016-01-18,14.92,15.73,14.82,15.53,12066706.0,184681463.0
2016-01-19,15.41,16.2,15.33,16.1,15577521.0,244188323.0
2016-01-20,15.99,16.09,15.56,15.72,14621099.0,229451247.0
2016-01-21,15.4,16.0,15.02,15.09,12108200.0,186530314.0
2016-01-22,15.26,15.4,14.91,15.31,9306285.0,140452918.0
2016-01-25,15.45,15.62,15.29,15.47,8500412.0,130715674.0
2016-01-26,15.29,15.29,14.0,14.03,14315851.0,209308941.0
2016-01-27,14.13,14.27,13.3,14.09,12526922.0,172112713.0
2016-01-28,13.9,14.6,13.8,13.92,14387883.0,202848830.0
2016-01-29,13.91,14.61,13.89,14.53,13223772.0,188477921.0
2016-02-01,14.49,14.53,13.89,14.03,10278505.0,145028433.0
2016-02-02,14.05,14.71,14.05,14.7,12089592.0,173850439.0
2016-02-03,14.46,14.65,14.11,14.58,9630109.0,137417054.0
2016-02-04,14.61,15.69,14.58,15.3,18804157.0,281794237.0
2016-02-05,15.14,15.28,14.86,14.88,11413551.0,170743003.0
2016-02-15,14.33,14.76,14.13,14.68,9506694.0,136324477.0
2016-02-16,14.74,15.39,14.72,15.32,15251860.0,229652888.0
2016-02-17,15.31,15.41,15.03,15.39,17733707.0,268528116.0
2016-02-18,15.53,15.56,15.23,15.3,16521321.0,252877753.0
2016-02-19,15.25,15.39,15.12,15.31,11367972.0,172146207.0
2016-02-22,15.52,15.7,15.34,15.67,17209639.0,265636657.0
2016-02-23,15.62,15.65,15.13,15.36,14538612.0,221890115.0
2016-02-24,15.22,15.4,14.93,15.36,13457005.0,203085309.0
2016-02-25,15.3,15.32,13.83,13.83,20004854.0,287905963.0
2016-02-26,14.0,14.2,13.53,13.94,10926812.0,151001213.0
2016-02-29,13.92,13.92,12.59,13.11,11854442.0,155270160.0
2016-03-01,13.18,13.5,12.99,13.39,8781089.0,115554541.0
2016-03-02,13.42,14.17,13.32,14.09,15770538.0,215468340.0
2016-03-03,14.06,14.38,13.96,14.06,14613939.0,204850968.0
2016-03-04,14.0,14.05,13.31,13.55,13695026.0,186496699.0
2016-03-07,13.65,14.05,13.65,13.86,8612453.0,118684382.0
2016-03-08,13.78,13.85,13.21,13.81,10240588.0,137226117.0
2016-03-09,13.55,13.64,13.35,13.45,7129814.0,95470066.0
2016-03-10,13.55,13.59,13.3,13.33,6392044.0,85369854.0
2016-03-11,13.24,14.65,13.11,13.97,18387744.0,254392585.0
2016-03-14,13.97,14.64,13.95,14.43,22669072.0,323425709.0
2016-03-15,14.31,14.67,13.94,14.62,20434933.0,289008996.0
2016-03-16,14.62,14.63,14.11,14.15,12571728.0,178932955.0
2016-03-17,14.25,14.6,14.04,14.53,17505162.0,250177535.0
2016-03-18,14.58,15.24,14.48,15.01,25129808.0,371432855.0
2016-03-21,15.11,15.38,14.99,15.33,25357564.0,381858018.0
2016-03-22,15.14,15.33,15.01,15.05,16325109.0,245089135.0
2016-03-23,15.0,15.25,14.91,15.21,15076301.0,225946618.0
2016-03-24,15.01,15.05,14.75,14.77,16086517.0,238591702.0
2016-03-25,14.71,15.09,14.69,14.92,10620368.0,157088074.0
2016-03-28,15.04,15.31,14.71,14.73,12545493.0,186730821.0
2016-03-29,14.67,14.79,14.25,14.36,10559562.0,151801028.0
2016-03-30,14.48,14.91,14.48,14.88,11129971.0,162260626.0
2016-03-31,14.94,15.09,14.86,14.92,12488359.0,185714742.0
2016-04-01,14.87,14.89,14.43,14.74,11810533.0,171619582.0
2016-04-05,14.71,15.23,14.67,15.18,18175552.0,271654758.0
2016-04-06,15.13,15.27,15.01,15.2,16125082.0,242481997.0
2016-04-07,15.26,15.3,14.92,14.94,15078589.0,225797946.0
2016-04-08,14.8,14.81,14.51,14.68,11888195.0,172597070.0
2016-04-11,14.78,15.39,14.77,15.29,22028033.0,330699598.0
2016-04-12,15.22,15.22,14.88,15.09,13887025.0,207153269.0
2016-04-13,15.18,15.69,15.13,15.39,33374658.0,512258449.0
2016-04-14,15.45,15.55,15.26,15.5,19215931.0,293722347.0
2016-04-15,15.51,15.59,15.29,15.38,15273028.0,233250221.0
2016-04-18,15.21,15.22,14.89,15.03,12977156.0,193187659.0
2016-04-19,15.1,15.16,14.93,15.03,9506122.0,141908523.0
2016-04-20,15.08,15.13,13.9,14.26,20185940.0,289586036.0
2016-04-21,14.26,14.33,14.01,14.05,9491001.0,133801096.0
2016-04-22,13.98,14.43,13.1,14.32,11607906.0,162963736.0
2016-04-25,14.26,14.26,13.8,14.02,7790834.0,108339519.0
2016-04-26,13.98,14.12,13.86,14.08,7098591.0,98612898.0
2016-04-27,14.06,14.13,13.95,14.05,7086836.0,98746669.0
2016-04-28,14.0,14.59,13.94,14.34,16181000.0,229898230.0
2016-04-29,14.17,14.26,14.06,14.19,7526337.0,105855006.0
2016-05-03,14.2,14.57,14.08,14.52,11450070.0,163926258.0
2016-05-04,14.4,14.66,14.4,14.56,10635537.0,153269543.0
2016-05-05,14.56,14.68,14.38,14.59,9422861.0,135841899.0
2016-05-06,14.71,15.56,14.51,14.89,41435437.0,622811908.0
2016-05-09,14.51,14.55,13.89,13.97,19406676.0,272320666.0
2016-05-10,13.95,14.23,13.94,14.1,8529005.0,119188775.0
2016-05-11,14.2,14.25,13.9,13.93,8079415.0,112575814.0
2016-05-12,13.79,13.88,13.46,13.87,9104636.0,123556380.0
2016-05-13,13.84,13.97,13.62,13.79,6204406.0,85072858.0
2016-05-16,13.73,13.9,13.63,13.89,6115958.0,83691184.0
2016-05-17,13.92,13.96,13.77,13.85,6195028.0,85285013.0
2016-05-18,13.7,13.7,13.25,13.38,10342273.0,137952852.0
2016-05-19,13.38,13.63,13.38,13.41,6040306.0,80987089.0
2016-05-20,13.27,13.54,13.2,13.51,5042046.0,67123911.0
2016-05-23,13.53,13.7,13.47,13.63,5821288.0,78726459.0
2016-05-24,13.55,13.61,13.35,13.44,4617416.0,61678606.0
2016-05-25,13.52,13.63,13.4,13.44,5037016.0,67621578.0
2016-05-26,13.38,13.69,13.27,13.68,9104549.0,121716339.0
2016-05-27,13.6,13.72,13.56,13.61,6699668.0,90669632.0
2016-05-30,13.58,13.7,13.4,13.52,5683298.0,76492842.0
2016-05-31,13.52,14.09,13.5,14.08,17865174.0,247017513.0
2016-06-01,14.08,14.17,13.98,14.03,13480120.0,188406910.0
2016-06-02,14.08,14.47,13.99,14.32,14939305.0,210667248.0
2016-06-03,14.3,14.35,14.13,14.22,13039492.0,184216354.0
2016-06-06,14.2,14.28,14.12,14.17,7732366.0,108993834.0
2016-06-07,14.19,14.61,14.01,14.41,16165988.0,230363469.0
2016-06-08,14.31,14.38,14.1,14.17,11400078.0,160679779.0
2016-06-13,13.95,14.03,13.41,13.47,11054517.0,151738975.0
2016-06-14,13.44,13.59,13.43,13.56,6120828.0,82057384.0
2016-06-15,13.34,14.01,13.31,13.9,10656279.0,145933169.0
2016-06-16,13.85,13.88,13.69,13.75,7273963.0,99563923.0
2016-06-17,13.73,13.94,13.72,13.79,7615947.0,104603772.0
2016-06-20,13.8,13.85,13.54,13.74,5688390.0,77163361.0
2016-06-21,13.78,14.04,13.6,13.66,9521247.0,130982800.0
2016-06-22,13.55,13.84,13.55,13.84,10606713.0,143925574.0
2016-06-23,13.81,13.82,13.59,13.67,10086540.0,136952869.0
2016-06-24,13.64,13.86,13.18,13.42,13539809.0,181705705.0
2016-06-27,13.38,13.68,13.34,13.65,8636040.0,116243831.0
2016-06-28,13.55,13.99,13.53,13.9,18438613.0,252546692.0
2016-06-29,13.9,14.0,13.79,13.89,17798864.0,245240168.0
2016-06-30,13.94,14.27,13.88,14.06,23309794.0,326459704.0
2016-07-01,14.11,14.14,13.85,13.93,13844473.0,192213844.0
2016-07-04,13.9,14.48,13.81,14.31,20298861.0,286407801.0
2016-07-05,14.24,14.49,14.23,14.46,18573123.0,264433910.0
2016-07-06,14.38,15.41,14.27,14.88,33198688.0,488288967.0
2016-07-07,14.93,15.37,14.81,15.01,21623320.0,248856739.0
2016-07-08,14.81,14.81,14.56,14.69,23590697.0,263986539.0
2016-07-11,14.78,14.86,14.56,14.68,18666327.0,208958199.0
2016-07-12,14.64,14.81,14.47,14.77,18892701.0,211145949.0
2016-07-13,14.84,15.02,14.65,14.88,23445728.0,265726515.0
2016-07-14,14.86,14.99,14.76,14.85,14171782.0,160970543.0
2016-07-15,14.84,14.94,14.76,14.82,11791183.0,133544622.0
2016-07-18,14.82,14.9,14.6,14.73,11645942.0,130935673.0
2016-07-19,14.73,14.78,14.57,14.76,10177450.0,113978719.0
2016-07-20,14.74,15.12,14.65,14.86,23790703.0,271090715.0
2016-07-21,14.8,14.9,14.69,14.71,14022812.0,158557616.0
2016-07-22,14.71,14.78,14.61,14.65,12112890.0,135932383.0
2016-07-25,14.69,14.89,14.6,14.86,13578057.0,153246359.0
2016-07-26,14.86,15.05,14.8,14.98,14963286.0,170257190.0
2016-07-27,14.98,15.01,14.01,14.26,28053955.0,310832116.0
2016-07-28,14.26,14.29,13.89,14.13,16005918.0,172280075.0
2016-07-29,14.16,14.17,13.92,13.99,8143676.0,87199881.0
2016-08-01,13.92,13.95,13.62,13.71,9844449.0,103213183.0
2016-08-02,13.7,13.85,13.7,13.84,5209795.0,54917900.0
2016-08-03,13.84,13.85,13.72,13.79,7088929.0,74616238.0
2016-08-04,13.79,13.87,13.68,13.86,6928075.0,72871931.0
2016-08-05,13.83,13.85,13.74,13.76,5865646.0,61789524.0
2016-08-08,13.75,13.93,13.68,13.92,7241871.0,76455037.0
2016-08-09,13.89,14.13,13.88,14.1,9266083.0,99376331.0
2016-08-10,14.12,14.12,14.0,14.01,6936799.0,74450483.0
2016-08-11,13.98,14.03,13.75,13.76,8181432.0,86617259.0
2016-08-12,13.8,13.96,13.72,13.95,8149712.0,86086981.0
2016-08-15,13.95,14.29,13.81,14.22,23962482.0,257421708.0
2016-08-16,14.21,14.34,14.17,14.23,16649214.0,181140212.0
2016-08-17,14.23,14.31,14.13,14.23,13947308.0,151364388.0
2016-08-18,14.18,14.47,14.16,14.29,20377971.0,222120812.0
2016-08-19,14.23,14.38,14.17,14.31,14177650.0,154556481.0
2016-08-22,14.31,14.33,14.03,14.04,12722753.0,137675121.0
2016-08-23,13.97,14.17,13.92,14.09,9893317.0,106091879.0
2016-08-24,14.05,14.17,14.03,14.05,8739331.0,94058082.0
2016-08-25,14.01,14.01,13.79,13.92,10481577.0,111052906.0
2016-08-26,13.93,14.05,13.91,13.93,8702426.0,92880870.0
2016-08-29,13.91,14.0,13.89,13.97,5758014.0,61346691.0
2016-08-30,13.96,14.03,13.92,13.95,6139567.0,65480489.0
2016-08-31,13.95,14.0,13.84,14.0,6722369.0,71474600.0
2016-09-01,13.98,14.03,13.86,13.88,8416554.0,89590269.0
2016-09-02,13.86,13.93,13.79,13.89,6737750.0,71346407.0
2016-09-05,13.89,14.01,13.88,13.91,6360164.0,67657468.0
2016-09-06,13.91,14.05,13.78,14.01,10130528.0,107706970.0
2016-09-07,14.05,14.1,13.97,14.0,10364226.0,111161931.0
2016-09-08,14.01,14.12,13.98,14.06,6798266.0,72950763.0
2016-09-09,14.09,14.1,13.89,13.97,7845272.0,83887328.0
2016-09-12,13.78,13.81,13.51,13.58,14635415.0,152599231.0
2016-09-13,13.64,13.7,13.53,13.59,5514482.0,57253434.0
2016-09-14,13.57,13.63,13.49,13.5,5268572.0,54466954.0
2016-09-19,13.51,13.72,13.51,13.68,6851473.0,71358068.0
2016-09-20,13.68,13.7,13.57,13.59,3833823.0,39837819.0
2016-09-21,13.59,13.63,13.53,13.62,4219371.0,43821305.0
2016-09-22,13.68,13.72,13.61,13.62,5926635.0,61869251.0
2016-09-23,13.62,13.64,13.55,13.55,4641772.0,48129697.0
2016-09-26,13.55,13.58,13.29,13.3,8926312.0,91466743.0
2016-09-27,13.28,13.38,13.25,13.37,4687106.0,47664960.0
2016-09-28,13.38,13.4,13.3,13.32,3142644.0,31986847.0
2016-09-29,13.34,13.42,13.3,13.32,4526954.0,46174958.0
2016-09-30,13.32,13.37,13.28,13.34,3900525.0,39719077.0
2016-10-10,13.36,13.75,13.36,13.72,10883525.0,112971335.0
2016-10-11,13.71,13.74,13.64,13.72,5661192.0,59149924.0
2016-10-12,13.68,13.71,13.57,13.7,5784051.0,60205458.0
2016-10-13,13.66,13.71,13.57,13.67,5244160.0,54596551.0
2016-10-14,13.66,13.67,13.53,13.66,5158176.0,53566655.0
2016-10-17,13.67,13.68,13.5,13.55,6066880.0,62982551.0
2016-10-18,13.54,13.81,13.51,13.78,11016887.0,115062369.0
2016-10-19,13.79,13.81,13.64,13.71,8103899.0,84859502.0
2016-10-20,13.72,13.91,13.68,13.81,9790619.0,103290077.0
2016-10-21,13.81,13.83,13.61,13.74,7987357.0,83654076.0
2016-10-24,13.71,13.95,13.67,13.87,13295004.0,140799230.0
2016-10-25,13.89,13.96,13.84,13.88,8984544.0,95346838.0
2016-10-26,13.87,13.89,13.67,13.79,10770759.0,113166335.0
2016-10-27,13.75,13.76,13.63,13.7,7302685.0,76340080.0
2016-10-28,13.7,13.75,13.55,13.57,8785544.0,91570331.0
2016-10-31,13.55,13.57,13.4,13.53,7091446.0,73056282.0
2016-11-01,13.54,13.67,13.51,13.64,6280364.0,65158757.0
2016-11-02,13.61,13.62,13.46,13.49,6936640.0,71680113.0
2016-11-03,13.46,13.66,13.42,13.59,9053339.0,93856597.0
2016-11-04,13.58,13.8,13.57,13.64,11741584.0,122615386.0
2016-11-07,13.62,13.75,13.58,13.68,6904387.0,71994951.0
2016-11-08,13.72,13.75,13.62,13.67,6889373.0,71974890.0
2016-11-09,13.64,13.68,13.36,13.47,11552421.0,119226092.0
2016-11-10,13.54,13.78,13.54,13.75,13977837.0,145801846.0
2016-11-11,13.76,13.8,13.66,13.79,15520341.0,162758851.0
2016-11-14,13.78,13.93,13.74,13.86,16057525.0,169906204.0
2016-11-15,13.88,13.91,13.79,13.89,11468661.0,121283561.0
2016-11-16,13.91,14.25,13.88,14.08,28419715.0,306433229.0
2016-11-17,14.01,14.03,13.89,14.0,12066715.0,128577393.0
2016-11-18,14.0,14.04,13.83,13.84,10001952.0,106198085.0
2016-11-21,13.83,13.91,13.78,13.87,9598892.0,101564916.0
2016-11-22,13.85,14.14,13.85,14.08,16980305.0,182086407.0
2016-11-23,14.08,14.1,13.91,13.95,12973815.0,138765491.0
2016-11-24,13.95,14.14,13.91,13.97,14420691.0,154577959.0
2016-11-25,13.92,14.05,13.78,14.04,12415895.0,131728995.0
2016-11-28,14.08,14.14,14.01,14.14,15398567.0,165488583.0
2016-11-29,14.12,14.17,14.0,14.03,15423128.0,165719668.0
2016-11-30,13.96,14.27,13.91,14.09,16785177.0,180921131.0
2016-12-01,14.06,14.38,14.06,14.37,24948684.0,271701210.0
2016-12-02,14.3,14.37,13.98,14.05,19474345.0,210466831.0
2016-12-05,13.95,14.09,13.89,13.97,10504807.0,112199771.0
2016-12-06,13.97,14.06,13.91,13.95,7927936.0,84600198.0
2016-12-07,13.96,14.04,13.84,14.01,10386630.0,110660031.0
2016-12-08,14.01,14.08,13.95,13.97,8643773.0,92441471.0
2016-12-09,14.01,14.61,13.95,14.42,48535392.0,532031197.0
2016-12-12,14.34,14.5,13.78,14.06,36494780.0,395728548.0
2016-12-13,13.98,14.23,13.81,14.2,18653030.0,199222722.0
2016-12-14,14.14,14.76,14.09,14.56,55552078.0,618125194.0
2016-12-15,14.51,14.88,14.43,14.85,43816157.0,491405149.0
2016-12-16,14.78,14.88,14.61,14.64,23677043.0,265770896.0
2016-12-19,14.63,15.01,14.52,14.94,30213595.0,341337505.0
2016-12-20,14.86,14.98,14.63,14.76,24143078.0,272221107.0
2016-12-21,14.71,14.77,14.57,14.73,17548389.0,196521226.0
2016-12-22,14.72,14.72,14.47,14.51,16151203.0,179581491.0
2016-12-23,14.51,14.63,14.34,14.51,15506412.0,171253583.0
2016-12-26,14.44,14.76,14.12,14.76,24406505.0,268839261.0
2016-12-27,14.74,14.84,14.59,14.61,14234242.0,159754323.0
2016-12-28,14.56,14.99,14.51,14.91,35362626.0,400891776.0
2016-12-29,14.82,14.89,14.71,14.73,15828433.0,178724399.0
2016-12-30,14.69,14.84,14.6,14.8,14209641.0,159606073.0
2017-01-03,14.73,14.9,14.72,14.77,13425183.0,151868478.0
2017-01-04,14.73,14.84,14.6,14.72,17874496.0,200425791.0
2017-01-05,14.72,14.73,14.46,14.48,17495841.0,194844209.0
2017-01-06,14.44,14.56,14.25,14.27,19789598.0,217197979.0
2017-01-09,14.21,14.33,14.14,14.3,11581923.0,125892504.0
2017-01-10,14.29,14.31,14.14,14.21,11337626.0,122932894.0
2017-01-11,14.21,14.21,13.97,14.01,12493624.0,134351460.0
2017-01-12,14.0,14.1,13.79,13.81,10923765.0,116394661.0
2017-01-13,13.81,13.96,13.76,13.93,12199609.0,129030605.0
2017-01-16,13.88,14.22,13.53,14.16,29729100.0,315248099.0
2017-01-17,13.98,14.14,13.95,14.13,7411813.0,79517832.0
2017-01-18,14.08,14.2,14.03,14.06,5315032.0,57257407.0
2017-01-19,14.03,14.1,13.95,14.0,5453766.0,58293217.0
2017-01-20,13.95,14.13,13.95,14.12,6125716.0,65920275.0
2017-01-23,14.12,14.2,14.08,14.12,5038747.0,54377832.0
2017-01-24,14.08,14.39,14.0,14.2,7593391.0,82267557.0
2017-01-25,14.13,14.3,14.05,14.22,4951991.0,53714811.0
2017-01-26,14.27,14.39,14.21,14.27,5973628.0,65228295.0
2017-02-03,14.27,14.3,14.03,14.1,5670061.0,61157391.0
2017-02-06,14.05,14.18,14.0,14.17,7360704.0,79208184.0
2017-02-07,14.14,14.25,14.05,14.08,6443070.0,69428479.0
2017-02-08,14.08,14.17,13.98,14.16,7682449.0,82676760.0
2017-02-09,14.17,14.6,14.12,14.5,21344574.0,233302326.0
2017-02-10,14.55,14.73,14.4,14.42,27411316.0,304586727.0
2017-02-13,14.68,14.69,14.38,14.48,17757059.0,196306162.0
2017-02-14,14.46,14.56,14.4,14.51,9171843.0,101293485.0
2017-02-15,14.51,14.52,14.26,14.27,14811900.0,162670196.0
2017-02-16,14.23,14.34,14.2,14.33,9089294.0,99099303.0
2017-02-17,14.31,14.8,14.3,14.46,28080818.0,312045559.0
2017-02-20,14.4,14.57,14.37,14.55,19348310.0,213647419.0
2017-02-21,14.52,14.63,14.46,14.54,13447713.0,149200677.0
2017-02-22,14.57,14.63,14.44,14.61,15362970.0,170771316.0
2017-02-23,14.6,14.61,14.38,14.48,13699136.0,151490575.0
2017-02-24,14.43,14.51,14.38,14.5,11118904.0,122653915.0
2017-02-27,14.47,14.64,14.4,14.59,17802792.0,197681470.0
2017-02-28,14.54,14.69,14.51,14.67,22780357.0,254261615.0
2017-03-01,14.64,14.65,14.52,14.56,13080992.0,145793721.0
2017-03-02,14.54,14.6,14.39,14.4,14035314.0,155065548.0
2017-03-03,14.4,14.4,14.25,14.31,11915980.0,130196973.0
2017-03-06,14.25,14.37,14.23,14.33,9361886.0,102354460.0
2017-03-07,14.31,14.38,14.27,14.37,8723800.0,95434844.0
2017-03-08,14.31,14.42,14.27,14.3,6604381.0,72276813.0
2017-03-09,14.26,14.3,14.12,14.17,9045326.0,97942526.0
2017-03-10,14.14,14.21,14.09,14.1,5674630.0,61325384.0
2017-03-13,14.1,14.22,14.08,14.22,6765898.0,73278670.0
2017-03-14,14.2,14.29,14.16,14.27,7178365.0,77943308.0
2017-03-15,14.23,14.38,14.18,14.33,8903250.0,97214964.0
2017-03-16,14.34,14.42,14.3,14.34,6768963.0,74124423.0
2017-03-17,14.34,14.38,14.14,14.2,8563190.0,93317989.0
2017-03-20,14.14,14.21,14.12,14.2,5183762.0,56087498.0
2017-03-21,14.2,14.21,14.12,14.14,4896431.0,52967499.0
2017-03-22,14.1,14.1,13.91,13.95,9081070.0,97055493.0
2017-03-23,13.95,14.03,13.81,13.95,6750549.0,71822738.0
2017-03-24,13.95,14.0,13.84,13.98,6140127.0,65299798.0
2017-03-27,13.98,14.0,13.89,13.91,5146951.0,54795298.0
2017-03-28,13.95,13.95,13.83,13.87,5220451.0,55282044.0
2017-03-29,13.89,13.91,13.75,13.79,6608831.0,69715499.0
2017-03-30,13.78,13.79,13.53,13.66,11577368.0,120324439.0
2017-03-31,13.63,13.71,13.59,13.66,5114809.0,53279791.0
2017-04-05,13.66,13.81,13.63,13.81,7596779.0,79770248.0
2017-04-06,13.81,13.87,13.74,13.78,7769936.0,81787570.0
2017-04-07,13.8,13.83,13.72,13.79,6922141.0,72776797.0
2017-04-10,13.76,13.78,13.61,13.62,7286263.0,76022705.0
2017-04-11,13.61,13.7,13.54,13.68,7949700.0,82668093.0
2017-04-12,13.62,13.72,13.58,13.71,7365233.0,76691990.0
2017-04-13,13.66,13.79,13.63,13.74,6284132.0,65876255.0
2017-04-14,13.74,13.74,13.59,13.63,6346994.0,66094085.0
2017-04-17,13.62,13.66,13.44,13.64,7200726.0,74351929.0
2017-04-18,13.64,13.64,13.44,13.46,5219261.0,54044913.0
2017-04-19,13.41,13.49,13.12,13.45,11333731.0,115299003.0
2017-04-20,13.46,13.5,13.27,13.49,5593136.0,57171495.0
2017-04-21,13.49,13.66,13.36,13.61,7045055.0,72692901.0
2017-04-24,13.57,13.8,13.37,13.79,11375561.0,117999106.0
2017-04-25,13.67,13.75,13.66,13.7,6034606.0,63172199.0
2017-04-26,13.7,13.72,13.55,13.59,3781461.0,39294383.0
2017-04-27,13.54,13.59,13.32,13.53,6439036.0,66097765.0
2017-04-28,13.46,13.59,13.45,13.58,3659244.0,37812800.0
2017-05-02,13.58,13.58,13.44,13.45,4130958.0,42508701.0
2017-05-03,13.4,13.98,13.36,13.64,11115443.0,116125630.0
2017-05-04,13.59,13.71,13.53,13.66,6237232.0,64976530.0
2017-05-05,13.63,13.72,13.54,13.71,7432340.0,77455341.0
2017-05-08,13.7,13.85,13.64,13.84,11774456.0,123836866.0
2017-05-09,13.78,13.85,13.71,13.76,6628102.0,69749460.0
2017-05-10,13.78,13.78,13.42,13.68,10354618.0,107767790.0
2017-05-11,13.58,13.88,13.49,13.83,15315681.0,160664173.0
2017-05-12,13.81,13.89,13.72,13.74,6023177.0,63487048.0
2017-05-15,13.68,13.92,13.66,13.88,10483327.0,110775989.0
2017-05-16,13.8,13.92,13.76,13.89,9383525.0,99214356.0
2017-05-17,13.88,13.91,13.71,13.72,7404360.0,78008215.0
2017-05-18,13.66,13.8,13.58,13.74,7322744.0,76419829.0
2017-05-19,13.67,13.74,13.62,13.7,3315076.0,34624665.0
2017-05-22,13.7,13.83,13.44,13.8,10316647.0,107386587.0
2017-05-23,13.72,13.98,13.55,13.96,16970223.0,179262672.0
2017-05-24,13.88,14.04,13.81,14.03,9869998.0,105064900.0
2017-05-25,13.95,14.06,13.85,13.96,8278732.0,88319877.0
2017-05-26,13.91,14.04,13.88,14.0,6912119.0,73626899.0
2017-05-31,14.0,14.22,13.93,14.2,13874055.0,149510261.0
2017-06-01,14.09,14.4,14.08,14.33,23305755.0,254206123.0
2017-06-02,14.27,14.46,14.17,14.27,12800802.0,139849629.0
2017-06-05,14.2,14.33,14.17,14.22,6586003.0,71623595.0
2017-06-06,14.18,14.3,14.1,14.3,9999631.0,108336518.0
2017-06-07,14.27,14.34,14.17,14.29,10688237.0,116401293.0
2017-06-08,14.25,14.29,14.18,14.2,6962874.0,75632449.0
2017-06-09,14.17,14.21,14.03,14.08,8431081.0,90694505.0
2017-06-12,14.06,14.06,13.89,14.05,8827084.0,94160911.0
2017-06-13,14.05,14.12,14.0,14.08,4890878.0,52107073.0
2017-06-14,14.06,14.09,13.88,13.88,6014251.0,63609465.0
2017-06-15,13.88,13.98,13.85,13.96,5272596.0,55592362.0
2017-06-16,13.96,14.01,13.85,13.97,4522665.0,47641157.0
2017-10-11,15.37,15.37,14.41,14.49,47619136.0,531125640.0
2017-10-12,14.46,14.46,14.2,14.38,16967896.0,183575558.0
2017-10-13,14.36,14.46,14.29,14.33,9298821.0,101055635.0
2017-10-16,14.33,14.36,13.88,13.88,13960807.0,148520158.0
2017-10-17,13.9,14.04,13.87,13.9,6266643.0,66075027.0
2017-10-18,13.85,13.92,13.54,13.59,9606809.0,99857156.0
2017-10-19,13.61,13.65,13.43,13.46,6356405.0,64942659.0
2017-10-20,13.48,13.64,13.48,13.63,4251872.0,43613507.0
2017-10-23,13.56,13.68,13.54,13.63,3797230.0,39107649.0
2017-10-24,13.63,13.64,13.46,13.49,4376244.0,44701692.0
2017-10-25,13.49,13.56,13.46,13.52,3982568.0,40675065.0
2017-10-26,13.48,13.55,13.43,13.49,4182930.0,42692453.0
2017-10-27,13.51,13.67,13.51,13.55,4576975.0,47007498.0
2017-10-30,13.55,13.56,13.07,13.27,7892223.0,79176339.0
2017-10-31,13.21,13.34,13.19,13.3,3717050.0,37333951.0
2017-11-01,13.28,13.38,13.23,13.24,4106145.0,41328354.0
2017-11-02,13.24,13.3,13.07,13.12,5524959.0,54940670.0
2017-11-03,13.11,13.16,12.86,12.93,5639785.0,55494363.0
2017-11-06,12.93,13.01,12.89,12.97,3170755.0,31029522.0
2017-11-07,12.94,13.07,12.93,13.07,3724314.0,36617661.0
2017-11-08,13.09,13.15,13.03,13.09,3684770.0,36536046.0
2017-11-09,13.09,13.1,13.02,13.09,2902226.0,28669025.0
2017-11-10,13.09,13.12,12.97,13.05,4193880.0,41309151.0
2017-11-13,13.05,13.05,12.91,12.94,4074916.0,39945638.0
2017-11-14,12.93,12.98,12.76,12.77,5610720.0,54432334.0
2017-11-15,12.77,12.89,12.68,12.82,4375780.0,42428643.0
2017-11-16,12.87,12.87,12.58,12.61,4734009.0,45573157.0
2017-11-17,12.58,12.65,11.97,12.0,10414150.0,96564394.0
2017-11-20,11.97,12.0,11.55,11.97,6681391.0,59436818.0
2017-11-21,11.95,11.96,11.69,11.83,5881789.0,52567887.0
2017-11-22,11.78,11.9,11.74,11.78,4134320.0,36911608.0
2017-11-23,11.78,11.83,11.61,11.62,4340910.0,38603178.0
2017-11-24,11.62,11.72,11.54,11.62,3210305.0,28275753.0
2017-11-27,11.63,11.66,11.54,11.62,2986870.0,26195657.0
2017-11-28,11.59,11.78,11.57,11.78,3326134.0,29408107.0
2017-11-29,11.74,11.75,11.57,11.66,3161272.0,27856478.0
2017-11-30,11.67,11.69,11.59,11.59,2102783.0,18510157.0
2017-12-01,11.55,12.0,11.53,11.96,9717681.0,87187788.0
2017-12-04,11.92,11.92,11.75,11.75,3712274.0,33211669.0
2017-12-05,11.72,11.76,11.08,11.28,6232783.0,54068749.0
2017-12-06,11.17,11.31,11.1,11.29,3550590.0,30101505.0
2017-12-07,11.23,11.34,11.18,11.26,2707751.0,23062422.0
2017-12-08,11.31,11.43,11.23,11.33,3412671.0,29317908.0
2017-12-11,11.45,11.45,11.33,11.38,3269002.0,28147476.0
2017-12-12,11.45,11.45,11.37,11.42,4158507.0,35904873.0
2017-12-13,11.38,11.41,11.31,11.35,2392470.0,20556649.0
2017-12-14,11.37,11.41,11.28,11.33,2287057.0,19621931.0
2017-12-15,11.33,11.33,11.16,11.2,3300989.0,28021263.0
2017-12-18,11.18,11.25,11.09,11.18,3090200.0,26077453.0
2017-12-19,11.16,11.22,11.1,11.16,3382388.0,28581197.0
2017-12-20,11.18,11.2,11.02,11.04,3164000.0,26607535.0
2017-12-21,11.02,11.05,10.71,10.81,5389205.0,44105707.0
2017-12-22,10.8,10.9,10.76,10.87,2613690.0,21437894.0
2017-12-25,10.87,10.89,10.59,10.64,3681100.0,29923063.0
2017-12-26,10.67,11.04,10.63,10.88,5289374.0,43365466.0
2017-12-27,10.9,10.9,10.71,10.76,3397758.0,27640907.0
2017-12-28,10.73,11.08,10.71,10.84,6445658.0,53144807.0
2017-12-29,10.81,10.81,10.71,10.81,3457732.0,28165654.0
2018-01-02,10.81,10.96,10.73,10.93,6430934.0,52783336.0
2018-01-03,10.89,11.16,10.89,11.08,9461958.0,78748515.0
2018-01-04,11.04,11.25,11.01,11.08,7362095.0,62058972.0
2018-01-05,11.08,11.18,11.04,11.06,5656720.0,47488547.0
2018-01-08,11.05,11.05,10.94,11.04,4344000.0,36148313.0
2018-01-09,11.04,11.04,10.94,10.97,3798560.0,31566795.0
2018-01-10,11.0,11.06,10.9,10.92,4249040.0,35304113.0
2018-01-11,10.89,10.94,10.79,10.92,4021857.0,33032252.0
2018-01-12,10.9,10.97,10.85,10.9,3088410.0,25478832.0
2018-01-15,10.89,10.9,10.46,10.49,8230691.0,66150843.0
2018-01-16,10.48,10.55,10.44,10.54,3223292.0,25605935.0
2018-02-13,10.55,10.71,9.76,9.85,12452368.0,94323784.0
2018-02-14,9.79,9.83,9.65,9.73,6924680.0,50921771.0
2018-02-22,9.71,9.81,9.7,9.77,5003980.0,36919133.0
2018-02-23,9.74,9.82,9.71,9.76,4639438.0,34232952.0
2018-02-26,9.76,9.9,9.73,9.87,10949811.0,81328435.0
2018-02-27,9.85,10.07,9.81,10.02,14014794.0,105588387.0
2018-02-28,9.93,10.09,9.85,9.91,7279767.0,54810047.0
2018-03-01,9.9,10.01,9.83,9.98,7417511.0,55814890.0
2018-03-02,9.94,10.44,9.85,10.19,18056218.0,138242220.0
2018-03-05,10.1,10.12,10.02,10.06,9155277.0,69619377.0
2018-03-06,10.06,10.1,10.01,10.09,7522079.0,57214383.0
2018-03-07,10.06,10.16,9.97,9.99,8214368.0,62626871.0
2018-03-08,9.98,10.06,9.97,10.01,5030605.0,38071839.0
2018-03-09,10.03,10.15,10.01,10.12,8804966.0,67240455.0
2018-03-12,10.18,10.27,10.1,10.24,9665301.0,74640846.0
2018-03-13,10.22,10.34,10.2,10.31,9733720.0,75653166.0
2018-03-14,10.28,10.31,10.15,10.28,8629133.0,66813054.0
2018-03-15,10.23,10.26,9.97,10.02,7522140.0,57480937.0
2018-03-16,10.02,10.15,9.98,10.12,5642159.0,43008027.0
2018-03-19,10.09,10.12,10.02,10.07,3487292.0,26566524.0
2018-03-20,9.98,10.02,9.85,9.98,5738675.0,43128597.0
2018-03-21,9.94,10.05,9.87,9.94,5174252.0,39097654.0
2018-03-22,9.93,10.02,9.86,9.98,4423660.0,33287088.0
2018-03-23,9.76,9.76,9.23,9.24,11606947.0,82850811.0
2018-03-26,9.09,9.37,8.9,9.36,7234038.0,49965360.0
2018-03-27,9.36,9.52,9.36,9.49,4739465.0,33899620.0
2018-03-28,9.4,9.53,9.32,9.5,5417246.0,38544322.0
2018-03-29,9.52,9.52,9.37,9.46,4018420.0,28770242.0
2018-03-30,9.48,9.56,9.45,9.46,3220741.0,23118515.0
2018-04-02,9.4,9.68,9.4,9.66,8058819.0,58339004.0
2018-04-03,9.56,9.62,9.49,9.56,4807011.0,34752415.0
2018-04-04,9.58,9.7,9.44,9.45,4943207.0,35808686.0
2018-04-09,9.38,9.49,9.29,9.41,4455563.0,31655567.0
2018-04-10,9.4,9.56,9.37,9.49,4369791.0,31177045.0
2018-04-11,9.48,9.6,9.45,9.57,4223285.0,30462058.0
2018-04-12,9.64,9.74,9.53,9.53,4791772.0,34861435.0
2018-04-13,9.53,9.6,9.5,9.53,2821502.0,20353292.0
2018-04-16,9.53,9.61,9.42,9.44,4129462.0,29768238.0
2018-04-17,9.44,9.53,9.37,9.41,4240755.0,30387327.0
2018-04-18,9.48,9.5,9.21,9.49,4539221.0,32241099.0
2018-04-27,8.86,9.2,8.68,8.88,12605543.0,84904486.0
2018-05-02,8.9,8.96,8.46,8.49,12570284.0,82327361.0
2018-05-03,8.47,8.54,8.14,8.27,18269929.0,114623911.0
2018-05-04,8.27,8.27,8.0,8.06,26940981.0,165589235.0
2018-05-07,8.08,8.17,8.04,8.12,13523406.0,83045258.0
2018-05-08,8.13,8.26,8.06,8.21,15284631.0,94385397.0
2018-05-09,8.2,8.22,8.14,8.18,8922550.0,55163649.0
2018-05-10,8.2,8.27,8.14,8.22,14652063.0,90847769.0
2018-05-11,8.23,8.33,8.2,8.29,12843923.0,80452430.0
2018-05-14,8.3,8.34,8.13,8.2,10356770.0,64535467.0
2018-05-15,8.17,8.2,8.04,8.13,12535540.0,76846849.0
2018-05-16,8.09,8.14,8.05,8.1,6780837.0,41551461.0
2018-05-17,8.12,8.22,8.06,8.21,7868321.0,48441126.0
2018-05-18,8.18,8.21,8.02,8.18,9694786.0,59683234.0
2018-05-21,8.15,8.34,8.13,8.3,12487122.0,78128167.0
2018-05-22,8.29,8.3,8.21,8.29,6034782.0,37675994.0
2018-05-23,8.27,8.49,8.2,8.29,12875180.0,81427518.0
2018-05-24,8.25,8.25,8.12,8.13,9153914.0,56545187.0
2018-05-25,8.1,8.26,8.1,8.13,5114205.0,31530278.0
2018-05-28,8.13,8.17,8.02,8.04,4692575.0,28659736.0
2018-05-29,8.04,8.08,8.0,8.01,4530276.0,27540424.0
2018-05-30,7.97,8.04,7.77,7.81,9823728.0,58461199.0
2018-05-31,7.85,7.96,7.8,7.94,5537294.0,33017428.0
2018-06-01,7.89,8.01,7.85,7.94,6452720.0,38664407.0
2018-06-04,7.9,7.97,7.88,7.93,3300641.0,19795379.0
2018-06-05,7.96,7.98,7.88,7.97,3951661.0,23737299.0
2018-06-06,7.97,7.97,7.89,7.96,4216281.0,25282969.0
2018-06-07,7.96,8.04,7.92,7.97,4940073.0,29786737.0
2018-06-08,7.98,7.98,7.69,7.75,6439419.0,38095357.0
2018-06-11,7.72,7.76,7.55,7.71,4316244.0,25082511.0
2018-06-12,7.72,7.76,7.61,7.76,3424884.0,19922651.0
2018-06-13,7.73,7.73,7.52,7.53,4122721.0,23788425.0
2018-06-14,7.52,7.65,7.5,7.55,3929710.0,22493774.0
2018-06-15,7.53,7.59,7.3,7.38,6505860.0,36389681.0
2018-06-19,7.24,7.3,6.63,6.7,12496015.0,65374799.0
2018-06-20,6.56,6.75,6.56,6.71,6822317.0,34393910.0
2018-06-21,6.71,6.74,6.48,6.48,6614845.0,33118598.0
2018-06-22,6.45,6.66,6.4,6.65,6818686.0,33868467.0
2018-06-25,6.69,6.7,6.58,6.6,3715390.0,18631267.0
2018-06-26,6.49,6.67,6.46,6.67,5077012.0,25295364.0
2018-06-27,6.65,6.7,6.58,6.61,4297603.0,21553729.0
2018-06-28,6.6,6.67,6.53,6.54,3990173.0,19960135.0
2018-06-29,6.54,6.74,6.54,6.74,6275281.0,31730423.0
2018-07-02,6.75,6.75,6.57,6.62,5757323.0,29001660.0
2018-07-03,6.62,6.74,6.61,6.74,5887054.0,29795891.0
2018-07-04,6.73,6.73,6.63,6.67,4162080.0,21033706.0
2018-07-05,6.66,6.69,6.52,6.53,3667790.0,18348917.0
2018-07-06,6.58,6.63,6.38,6.56,4937134.0,24415108.0
2018-07-09,6.57,6.65,6.54,6.63,3535006.0,17700676.0
2018-07-10,6.63,6.67,6.62,6.66,2704270.0,13593533.0
2018-07-11,6.56,6.57,6.33,6.4,5843796.0,28516105.0
2018-07-12,6.38,6.66,6.38,6.63,5597294.0,27741974.0
2018-07-13,6.62,6.7,6.62,6.69,4411713.0,22221035.0
2018-07-16,6.69,6.71,6.6,6.62,3214107.0,16132318.0
2018-07-17,6.62,6.75,6.62,6.73,4587440.0,23177128.0
2018-07-18,6.7,6.73,6.62,6.63,4998930.0,25223366.0
2018-07-19,6.63,6.65,6.45,6.48,5513180.0,27316702.0
2018-07-20,6.49,6.63,6.46,6.6,5377120.0,26724317.0
2018-07-23,6.61,6.73,6.58,6.71,7132852.0,36052349.0
2018-07-24,6.73,6.95,6.69,6.94,12363025.0,64109165.0
2018-07-25,6.95,6.98,6.83,6.87,7236700.0,37644089.0
2018-07-26,6.87,6.98,6.83,6.94,8193670.0,42872768.0
2018-07-27,6.9,6.93,6.78,6.81,5869079.0,30437326.0
2018-07-30,6.78,6.93,6.71,6.74,7013510.0,36155640.0
2018-07-31,6.71,6.79,6.49,6.53,18306567.0,91893651.0
2018-08-01,6.57,6.67,6.49,6.54,12749052.0,63724369.0
2018-08-02,6.58,6.58,6.03,6.16,16316617.0,77001936.0
2018-08-03,6.13,6.16,6.04,6.05,8770100.0,40349763.0
2018-08-06,6.0,6.03,5.82,5.92,9872605.0,44276964.0
2018-08-07,5.91,6.07,5.86,6.04,9009001.0,40728598.0
2018-08-08,6.03,6.05,5.89,5.95,6882688.0,31140392.0
2018-08-09,5.96,6.08,5.91,6.05,7379055.0,33681017.0
2018-08-10,6.03,6.08,6.01,6.05,6144370.0,28114868.0
2018-08-13,5.96,6.08,5.91,6.07,6342538.0,28671882.0
2018-08-14,6.05,6.07,6.0,6.04,5400710.0,24630869.0
2018-08-15,6.05,6.05,5.88,5.89,6772278.0,30474750.0
2018-08-16,5.83,6.0,5.82,5.93,6865768.0,30778267.0
2018-08-17,5.97,6.03,5.78,5.84,5884770.0,26297947.0
2018-08-20,5.82,5.95,5.78,5.93,4735143.0,21012921.0
2018-08-21,5.92,6.01,5.89,5.97,4649720.0,20986369.0
2018-08-22,5.95,5.97,5.91,5.92,2969440.0,13335116.0
2018-08-23,5.92,5.97,5.88,5.93,3763790.0,16908486.0
2018-08-24,5.95,5.97,5.88,5.95,3760621.0,16879367.0
2018-08-27,5.92,6.04,5.92,6.01,4536431.0,20605585.0
2018-08-28,6.03,6.07,5.99,6.03,4750875.0,21662600.0
2018-08-29,6.03,6.12,5.97,6.01,6629680.0,30355064.0
2018-08-30,6.0,6.09,5.96,5.96,5493750.0,25056395.0
2018-08-31,5.93,6.0,5.89,5.97,3761750.0,16954530.0
2018-09-03,5.96,5.96,5.84,5.89,4745533.0,21109905.0
2018-09-04,5.89,6.05,5.88,6.05,6115063.0,27695997.0
2018-09-05,6.05,6.11,5.99,6.0,6634680.0,30375445.0
2018-09-06,5.99,6.16,5.96,6.09,10671880.0,49174756.0
2018-09-07,6.13,6.16,6.03,6.11,7787906.0,35937556.0
2018-09-10,6.07,6.07,5.89,5.92,7172600.0,32421763.0
2018-09-11,5.91,6.0,5.88,5.96,3522818.0,15852250.0
2018-09-12,5.93,6.11,5.93,6.04,5081010.0,23214478.0
2018-09-13,6.04,6.12,6.04,6.11,5927877.0,27298852.0
2018-09-14,6.13,6.32,6.08,6.19,12535620.0,58791198.0
2018-09-17,6.16,6.16,6.04,6.05,6259810.0,28827369.0
2018-09-18,6.03,6.17,6.01,6.17,4690681.0,21677903.0
2018-09-19,6.15,6.24,6.12,6.2,6540975.0,30594819.0
2018-09-20,6.26,6.28,6.15,6.17,4900317.0,22964458.0
2018-09-21,6.17,6.24,6.13,6.19,6610090.0,31024630.0
2018-09-25,6.17,6.26,6.16,6.23,5944040.0,28012794.0
2018-09-26,6.23,6.23,6.16,6.17,5405621.0,25316081.0
2018-09-27,6.16,6.19,6.07,6.07,5379001.0,24901036.0
2018-09-28,6.11,6.13,6.05,6.12,3015064.0,13915534.0
2018-10-08,6.08,6.09,5.89,5.91,5921690.0,26924042.0
2018-10-09,5.92,5.97,5.92,5.93,3115253.0,14016738.0
2018-10-10,5.93,5.97,5.89,5.96,2605681.0,11716462.0
2018-10-11,5.82,5.82,5.37,5.39,11112597.0,46807107.0
2018-10-12,5.37,5.41,5.09,5.31,6654152.0,26443102.0
2018-10-15,5.31,5.37,5.22,5.37,4217315.0,16938554.0
2018-10-16,5.33,5.35,5.23,5.35,3917435.0,15704295.0
2018-10-17,5.34,5.41,5.31,5.37,5336482.0,21639376.0
2018-10-18,5.37,5.38,5.25,5.38,4875640.0,19589621.0
2018-10-19,5.31,5.46,5.3,5.45,7007493.0,28535629.0
2018-10-22,5.46,5.7,5.45,5.68,8625324.0,36513364.0
2018-10-23,5.66,5.67,5.51,5.54,6423564.0,27140693.0
2018-10-24,5.49,5.62,5.47,5.54,3055398.0,12826302.0
2018-10-25,5.41,5.5,5.35,5.49,3336360.0,13689827.0
2018-10-26,5.49,5.62,5.49,5.55,3908850.0,16440687.0
2018-10-29,5.55,5.59,5.5,5.54,2834060.0,11912549.0
2018-10-30,5.53,5.66,5.5,5.59,5694250.0,24052317.0
2018-10-31,5.58,5.68,5.58,5.66,5221786.0,22314714.0
2018-11-01,5.66,5.74,5.62,5.63,6663386.0,28600634.0
2018-11-02,5.67,5.75,5.66,5.74,6753752.0,29145717.0
2018-11-05,5.72,5.83,5.7,5.78,6525679.0,28458878.0
2018-11-06,5.76,5.99,5.67,5.91,10058632.0,44309530.0
2018-11-07,5.88,5.92,5.78,5.82,8086880.0,35761323.0
2018-11-08,5.84,5.87,5.72,5.76,6774977.0,29628058.0
2018-11-09,5.74,5.78,5.68,5.7,4866100.0,21054477.0
2018-11-12,5.71,5.92,5.7,5.91,8013167.0,35342326.0
2018-11-13,5.84,6.12,5.82,6.07,16416412.0,74966083.0
