2011-08-08,22.0,23.77,20.96,21.97,51954320.0,1143647616.0
2011-08-09,19.77,21.08,19.77,19.99,23745432.0,479287776.0
2011-08-10,20.0,20.73,19.41,19.5,19200012.0,386102752.0
2011-08-11,18.39,19.37,18.39,19.08,13343560.0,251775152.0
2011-08-12,19.29,19.68,18.95,18.96,10378494.0,199828592.0
2011-08-15,18.8,19.73,18.73,19.63,10369838.0,201004832.0
2011-08-16,19.5,20.47,19.32,20.01,12689128.0,252814480.0
2011-08-17,19.86,20.06,19.4,19.54,7679847.0,151807584.0
2011-08-18,19.4,19.54,18.55,18.59,6971066.0,132387288.0
2011-08-19,18.35,18.97,18.16,18.9,6889449.0,128706240.0
2011-08-22,18.75,19.14,18.5,18.62,4637766.0,86991984.0
2011-08-23,18.57,19.14,18.3,19.11,7492899.0,139990240.0
2011-08-24,19.1,19.24,18.8,19.05,6565615.0,125160256.0
2011-08-25,19.2,19.85,18.98,19.78,10374338.0,202396256.0
2011-08-26,19.5,19.75,19.3,19.55,6353390.0,123945488.0
2011-08-29,19.35,19.38,18.9,19.06,6072370.0,116016872.0
2011-08-30,19.12,19.29,18.55,18.6,5027473.0,95109952.0
2011-08-31,18.62,18.76,18.14,18.28,4056389.0,74547280.0
2011-09-01,18.4,18.56,18.15,18.28,2743902.0,50266956.0
2011-09-02,18.45,18.6,18.18,18.57,3547101.0,65308664.0
2011-09-05,18.3,18.45,17.76,17.78,2932342.0,53302368.0
2011-09-06,17.5,17.5,16.0,16.09,7672308.0,127379240.0
2011-09-07,16.26,16.48,16.15,16.44,3554651.0,58073804.0
2011-09-08,16.49,16.54,15.87,15.88,3761838.0,60873432.0
2011-09-13,15.55,15.55,14.91,15.0,4391158.0,66758024.0
2011-09-14,15.12,15.48,14.92,15.47,3610933.0,54954716.0
2011-09-15,15.49,15.96,15.37,15.71,5010290.0,78527576.0
2011-09-16,15.75,15.89,15.22,15.25,3274831.0,50882720.0
2011-09-19,15.04,15.08,14.66,14.68,2647336.0,39216140.0
2011-09-20,14.6,15.02,14.6,14.88,1978535.0,29287640.0
2011-09-21,14.8,15.84,14.73,15.59,4407550.0,67894608.0
2011-09-22,15.38,15.5,14.77,14.81,3697839.0,56113696.0
2011-09-23,14.6,15.12,14.49,15.1,2767169.0,41146808.0
2011-09-26,15.1,15.45,14.86,15.13,2617400.0,39744708.0
2011-09-27,15.22,15.39,14.88,15.29,2950898.0,44862264.0
2011-09-28,15.38,15.39,14.8,14.87,2130098.0,32203180.0
2011-09-29,14.78,14.78,14.0,14.07,3607855.0,51699088.0
2011-09-30,14.15,14.24,13.72,14.01,1614988.0,22576052.0
2011-10-10,14.18,14.2,13.91,13.95,972427.0,13647679.0
2011-10-11,14.3,14.48,13.88,14.05,2198830.0,31285236.0
2011-10-12,13.99,14.62,13.8,14.55,3230038.0,46407392.0
2011-10-13,14.54,14.83,14.5,14.63,2919143.0,42821768.0
2011-10-14,14.65,14.81,14.53,14.68,2375213.0,34864592.0
2011-10-17,14.73,15.38,14.61,15.12,4472400.0,67420224.0
2011-10-18,14.99,15.05,14.31,14.35,3031798.0,44743976.0
2011-10-19,14.35,14.55,14.08,14.25,1744895.0,24942592.0
2011-10-20,14.4,14.9,14.4,14.64,4984974.0,72994808.0
2011-10-21,14.55,14.55,13.8,13.81,3180875.0,44717464.0
2011-10-24,13.96,14.22,13.66,14.2,2561938.0,35783796.0
2011-10-25,14.18,14.9,14.07,14.84,4274719.0,62104344.0
2011-10-26,14.8,15.23,14.66,14.96,5715962.0,85836416.0
2011-10-27,14.95,15.12,14.81,14.87,3230827.0,48254936.0
2011-10-28,15.05,15.17,14.89,15.15,4383819.0,65918120.0
2011-11-01,15.05,15.5,14.75,15.49,5853020.0,88607264.0
2011-11-02,15.08,16.16,15.02,15.9,9748232.0,153347856.0
2011-11-03,15.96,16.66,15.86,16.47,10566746.0,173197648.0
2011-11-04,16.6,16.73,16.06,16.21,5404864.0,88152960.0
2011-11-07,16.09,16.18,15.75,15.9,4621728.0,73632592.0
2011-11-08,15.75,16.05,15.37,15.45,7053285.0,110533720.0
2011-11-09,15.41,15.83,15.25,15.82,4433069.0,69146112.0
2011-11-10,15.59,15.65,15.3,15.32,4696651.0,72689376.0
2011-11-11,15.4,15.55,15.27,15.43,2776559.0,42774568.0
2011-11-14,15.58,16.07,15.53,15.96,5128471.0,81387872.0
2011-11-15,15.95,16.06,15.85,15.93,3669202.0,58525768.0
2011-11-16,15.95,16.09,15.09,15.23,5362885.0,83822056.0
2011-11-17,15.3,15.35,14.89,14.97,5309445.0,79935848.0
2011-11-18,14.95,14.95,13.99,14.12,6234064.0,89453192.0
2011-11-21,14.15,14.32,14.0,14.29,2524276.0,35764660.0
2011-11-22,14.12,14.26,13.96,14.19,2387944.0,33704472.0
2011-11-23,14.17,14.37,14.11,14.21,2291104.0,32604708.0
2011-11-24,14.01,14.24,13.82,14.11,2117393.0,29729440.0
2011-11-25,14.1,14.35,14.05,14.19,2334696.0,33175148.0
2011-11-28,14.22,14.64,14.21,14.63,4770519.0,68980464.0
2011-11-29,14.76,14.84,14.45,14.63,3858499.0,56378484.0
2011-11-30,14.65,14.67,13.5,13.7,4861369.0,68342424.0
2011-12-01,14.18,14.5,13.98,13.99,4727925.0,67098776.0
2011-12-02,13.86,13.97,13.55,13.61,2441565.0,33476448.0
2011-12-05,13.62,13.68,12.77,12.79,2960303.0,38831044.0
2011-12-06,12.79,12.94,12.67,12.91,1505399.0,19253156.0
2011-12-07,12.88,12.98,12.8,12.89,1319893.0,17015248.0
2011-12-08,12.85,13.07,12.51,12.87,1713625.0,21910842.0
2011-12-09,12.67,12.88,12.6,12.71,1248047.0,15887819.0
2011-12-12,12.7,12.85,12.65,12.72,1156119.0,14751834.0
2011-12-13,12.83,13.29,12.83,13.07,6533247.0,85259712.0
2011-12-14,13.11,13.5,13.0,13.18,7652328.0,101668248.0
2011-12-15,13.0,13.0,11.86,11.9,5646205.0,69784216.0
2011-12-16,11.88,12.25,11.41,12.2,4188272.0,49451412.0
2011-12-19,11.95,12.21,11.66,12.18,2984049.0,35680008.0
2011-12-20,12.18,12.4,11.97,11.97,3153840.0,38393672.0
2011-12-21,12.15,12.21,11.52,11.56,2225880.0,26602908.0
2011-12-22,11.46,11.46,10.79,11.13,3756661.0,41583192.0
2011-12-23,11.09,11.37,10.98,11.22,2313126.0,25892072.0
2011-12-26,11.33,11.48,11.14,11.15,1941371.0,21983592.0
2011-12-27,11.02,11.11,10.64,10.65,1980829.0,21473504.0
2011-12-28,10.55,10.6,10.18,10.48,3010998.0,31182920.0
2011-12-29,10.35,10.61,10.27,10.45,1747039.0,18332124.0
2011-12-30,10.55,10.75,10.5,10.59,1818055.0,19310848.0
2012-01-04,10.69,10.78,10.01,10.05,2041538.0,21451362.0
2012-01-05,9.9,10.01,9.61,9.63,2363409.0,23238236.0
2012-01-06,9.7,9.94,9.58,9.91,1419023.0,13874750.0
2012-01-09,9.87,10.46,9.8,10.44,2744448.0,28111760.0
2012-01-10,10.39,10.95,10.34,10.88,4148988.0,44466384.0
2012-01-11,10.92,11.07,10.73,10.9,3607741.0,39382068.0
2012-01-12,10.81,10.99,10.65,10.79,3044603.0,32960340.0
2012-01-13,10.85,10.87,10.15,10.16,3127726.0,32607288.0
2012-01-16,9.99,10.08,9.81,9.81,1835063.0,18270552.0
2012-01-17,9.82,10.49,9.8,10.46,2119759.0,21621512.0
2012-01-18,10.55,10.64,10.13,10.2,2318252.0,24144220.0
2012-01-19,10.11,10.58,10.11,10.48,2034500.0,21197840.0
2012-01-20,10.47,10.9,10.47,10.76,2243662.0,24134508.0
2012-01-30,10.8,10.84,10.56,10.66,1858647.0,19814580.0
2012-01-31,10.64,10.73,10.49,10.63,1153586.0,12208993.0
2012-02-01,10.62,10.88,10.55,10.57,1861783.0,19977560.0
2012-02-03,10.8,10.98,10.74,10.91,3775081.0,40985632.0
2012-02-06,10.98,11.12,10.8,11.07,3725264.0,40711468.0
2012-02-07,11.03,11.03,10.68,10.71,2573897.0,27808208.0
2012-02-08,10.71,11.15,10.67,11.1,3219144.0,35276336.0
2012-02-09,11.11,11.28,11.02,11.12,3408980.0,38091728.0
2012-02-10,11.12,11.25,11.03,11.15,3111763.0,34684040.0
2012-02-13,11.05,11.41,11.0,11.36,3811553.0,42865932.0
2012-02-14,11.36,11.38,11.16,11.24,2708456.0,30500920.0
2012-02-15,11.21,11.56,11.21,11.49,4852555.0,55389624.0
2012-02-16,11.42,11.77,11.35,11.66,5401395.0,62595240.0
2012-02-17,11.65,11.7,11.43,11.54,2544302.0,29368014.0
2012-02-20,11.68,11.69,11.4,11.41,3546138.0,41033092.0
2012-02-21,11.45,11.85,11.4,11.83,6306293.0,73433960.0
2012-02-22,11.8,12.35,11.73,12.26,7813894.0,94230280.0
2012-02-23,12.2,12.34,12.03,12.16,4761644.0,57937336.0
2012-02-24,12.2,12.28,12.02,12.24,4238837.0,51597992.0
2012-02-27,12.35,12.53,12.16,12.18,5275061.0,65142468.0
2012-02-28,12.15,12.22,11.8,11.97,4890618.0,58591592.0
2012-02-29,11.98,12.1,11.81,11.85,2745938.0,32846016.0
2012-03-01,11.83,12.2,11.83,12.14,3620720.0,43765936.0
2012-03-02,12.24,12.37,12.11,12.3,3707680.0,45541568.0
2012-03-05,12.33,12.41,12.19,12.3,3870044.0,47672456.0
2012-03-06,12.25,12.55,12.1,12.53,4523315.0,55477536.0
2012-03-07,12.37,12.96,12.29,12.7,6872845.0,87554416.0
2012-03-08,12.76,13.97,12.68,13.97,16998282.0,229391248.0
2012-03-09,13.83,14.37,13.72,14.18,18233284.0,255158336.0
2012-03-12,14.06,14.49,13.81,14.28,15428977.0,218950384.0
2012-03-13,14.2,14.85,14.08,14.76,17473812.0,254971520.0
2012-03-14,14.68,14.88,13.34,13.85,14384920.0,206367472.0
2012-03-15,13.75,14.12,13.01,14.07,12309090.0,167983680.0
2012-03-16,14.0,14.29,13.75,13.94,9186408.0,128538488.0
2012-03-19,13.8,13.81,13.15,13.61,8243858.0,110985640.0
2012-03-20,13.55,13.73,13.24,13.4,4678965.0,63062016.0
2012-03-21,13.46,13.53,12.9,13.13,5878012.0,77444360.0
2012-03-22,13.13,13.34,13.02,13.19,3268759.0,43087376.0
2012-03-23,13.17,13.18,12.45,12.57,5192349.0,66217976.0
2012-03-26,12.5,12.68,12.3,12.47,2444920.0,30575540.0
2012-03-27,12.53,12.66,12.2,12.25,2900001.0,36064276.0
2012-03-28,12.21,12.21,11.83,11.88,3849693.0,45972032.0
2012-03-29,11.83,12.15,11.47,11.74,3556235.0,42318800.0
2012-03-30,11.78,11.9,11.3,11.41,2699601.0,31230344.0
2012-04-05,11.5,12.25,11.46,12.16,4074375.0,48434492.0
2012-04-06,12.19,12.8,12.05,12.7,5866487.0,73089504.0
2012-04-09,12.62,13.12,12.5,12.94,6219905.0,80280584.0
2012-04-10,12.92,12.95,12.28,12.88,3635424.0,46048768.0
2012-04-11,12.5,12.81,12.45,12.68,2745571.0,34728076.0
2012-04-12,12.7,13.2,12.59,13.06,3431832.0,44197612.0
2012-04-13,13.11,13.18,12.86,12.89,3168874.0,41080840.0
2012-04-16,12.9,13.05,12.78,12.93,1967607.0,25495852.0
2012-04-17,12.83,12.95,12.48,12.5,1841204.0,23395496.0
2012-04-18,12.5,12.84,12.5,12.77,1615430.0,20509636.0
2012-04-19,12.77,12.96,12.68,12.69,1404196.0,17969066.0
2012-04-20,12.66,13.07,12.66,13.04,2880486.0,37232792.0
2012-04-23,13.06,13.26,12.9,13.24,4557351.0,59700156.0
2012-04-24,13.17,13.34,12.52,12.91,3480339.0,45139764.0
2012-04-25,12.77,13.29,12.65,13.2,3681883.0,48156352.0
2012-04-26,13.17,13.6,13.12,13.28,4259192.0,57137284.0
2012-04-27,13.3,13.92,13.3,13.76,5104352.0,70099584.0
2012-05-02,14.0,14.27,13.65,14.22,5695688.0,79998240.0
2012-05-03,14.23,14.23,13.9,14.0,3747915.0,52483708.0
2012-05-04,14.0,14.1,13.69,13.93,3303394.0,45857672.0
2012-05-07,13.88,14.18,13.73,14.14,2814031.0,39480840.0
2012-05-08,14.13,14.36,13.83,14.16,3655501.0,51526680.0
2012-05-09,14.0,14.0,13.56,13.6,2795141.0,38525768.0
2012-05-10,13.68,13.74,13.45,13.51,1739175.0,23614214.0
2012-05-11,13.55,13.77,13.42,13.55,1308100.0,17765952.0
2012-05-14,13.71,13.79,13.32,13.35,1399295.0,18956416.0
2012-05-15,13.28,13.5,13.08,13.44,2190949.0,29020758.0
2012-05-16,13.41,13.6,13.25,13.27,1185279.0,15968048.0
2012-05-17,13.28,13.54,13.28,13.48,1581665.0,21306016.0
2012-05-21,13.2,13.55,13.2,13.31,1398356.0,18706960.0
2012-05-22,13.36,13.62,13.33,13.57,1509160.0,20398210.0
2012-05-23,13.56,13.56,13.16,13.33,1456597.0,19426716.0
2012-05-24,13.31,13.53,13.18,13.3,1024907.0,13696367.0
2012-05-25,13.35,13.47,12.7,12.71,1686459.0,21912004.0
2012-05-28,12.61,12.76,12.33,12.73,1268900.0,15930387.0
2012-05-29,12.73,13.09,12.6,13.04,1391139.0,17927128.0
2012-05-30,13.05,13.11,12.87,13.0,986851.0,12841293.0
2012-05-31,12.79,13.16,12.77,13.1,648286.0,6943259.0
2012-06-01,13.1,13.22,12.93,12.94,994908.0,10695681.0
2012-06-04,12.72,12.72,12.21,12.39,1565118.0,15996379.0
2012-06-05,12.49,12.59,12.12,12.2,1336376.0,13546842.0
2012-06-07,12.27,12.43,12.0,12.0,1118219.0,11214932.0
2012-06-08,12.15,12.16,11.78,11.8,805660.0,7911761.0
2012-06-11,11.85,12.05,11.76,12.0,1199763.0,11759589.0
2012-06-12,12.02,12.02,11.82,11.97,774904.0,7566771.0
2012-06-13,12.0,12.26,11.96,12.25,1348143.0,13431588.0
2012-06-14,12.2,12.45,12.15,12.3,1230362.0,12416678.0
2012-06-15,12.31,12.42,12.02,12.19,1181138.0,11852288.0
2012-06-18,12.31,12.37,12.19,12.35,947695.0,9546937.0
2012-06-19,12.25,12.33,12.16,12.23,774182.0,7779251.0
2012-06-20,12.23,12.3,12.1,12.11,776226.0,7762805.0
2012-06-21,12.11,12.11,11.65,11.78,1150631.0,11153604.0
2012-06-25,11.65,11.77,11.42,11.43,775383.0,7394198.0
2012-06-26,11.39,11.65,11.35,11.63,998195.0,9413461.0
2012-06-27,11.61,11.78,11.54,11.54,607996.0,5804032.0
2012-06-28,11.61,11.61,11.35,11.36,620060.0,5861062.0
2012-06-29,11.28,11.58,11.24,11.54,638858.0,5989429.0
2012-07-02,11.66,11.69,11.47,11.65,678059.0,6453800.0
2012-07-03,11.56,11.76,11.54,11.59,675425.0,6459466.0
2012-07-04,11.59,11.69,11.46,11.52,700493.0,6633593.0
2012-07-05,11.46,11.46,11.05,11.06,1133843.0,10414390.0
2012-07-06,11.09,11.31,10.99,11.31,969772.0,8863055.0
2012-07-09,11.25,11.26,10.8,10.91,1370345.0,12375573.0
2012-07-10,10.89,10.91,10.66,10.72,800491.0,7070804.0
2012-07-11,10.72,10.83,10.69,10.79,1023149.0,9058910.0
2012-07-12,10.83,11.16,10.72,11.1,1186488.0,10644826.0
2012-07-13,11.39,11.77,11.3,11.38,3640870.0,34543356.0
2012-07-16,11.1,11.33,10.97,11.11,1750564.0,15949382.0
2012-07-17,11.76,12.22,11.59,12.22,9833876.0,96778736.0
2012-07-18,12.22,12.42,11.95,12.36,6718305.0,67141072.0
2012-07-19,12.28,12.37,12.03,12.2,4954981.0,49651432.0
2012-07-20,12.1,12.83,12.1,12.31,5675644.0,58201716.0
2012-07-23,12.06,12.27,11.8,12.16,3245358.0,32184662.0
2012-07-24,12.04,12.37,11.98,12.21,2562823.0,25628500.0
2012-07-25,12.1,12.52,12.04,12.33,3243538.0,32734498.0
2012-07-26,12.31,12.81,12.2,12.73,6216344.0,64167444.0
2012-07-27,12.83,12.83,12.25,12.37,4245043.0,43606648.0
2012-07-30,12.27,12.55,12.1,12.15,2747626.0,27776272.0
2012-07-31,12.06,12.27,11.77,11.99,2262060.0,22214880.0
2012-08-01,11.99,12.61,11.88,12.59,3275837.0,33177472.0
2012-08-02,12.43,12.65,12.22,12.31,2921748.0,29773152.0
2012-08-03,12.31,12.76,12.31,12.73,3554129.0,36663688.0
2012-08-06,12.66,13.04,12.49,12.99,5250882.0,55595376.0
2012-08-07,12.9,13.09,12.81,13.0,3793006.0,40246744.0
2012-08-08,13.04,13.05,12.49,12.54,5860541.0,60857384.0
2012-08-09,12.55,12.79,12.47,12.76,2954597.0,30781248.0
2012-08-10,12.64,12.66,12.33,12.37,4088399.0,41785376.0
2012-08-13,12.37,12.47,12.16,12.42,2880742.0,29090804.0
2012-08-14,12.31,12.49,12.22,12.47,2160375.0,21989480.0
2012-08-15,12.43,12.43,12.08,12.09,1988861.0,19937092.0
2012-08-16,12.11,12.34,12.09,12.23,1468688.0,14758384.0
2012-08-17,12.3,12.3,12.08,12.21,1131480.0,11295587.0
2012-08-20,12.19,12.19,11.85,12.06,1282987.0,12608221.0
2012-08-21,12.09,12.43,12.0,12.39,1715962.0,17321944.0
2012-08-22,12.37,12.52,12.25,12.38,1640514.0,16668722.0
2012-08-23,12.33,12.61,12.32,12.61,2572814.0,26404988.0
2012-08-24,12.55,12.55,12.12,12.19,1854291.0,18726464.0
2012-08-27,12.11,12.12,11.83,11.91,948722.0,9285633.0
2012-08-28,11.88,11.99,11.69,11.88,1124564.0,10930241.0
2012-08-29,11.86,11.93,11.67,11.67,1149438.0,11112256.0
2012-08-30,11.47,11.81,11.32,11.5,1326332.0,12535641.0
2012-08-31,11.5,11.71,11.44,11.66,1006295.0,9580169.0
2012-09-03,11.5,11.87,11.5,11.76,886053.0,8550260.0
2012-09-04,11.78,11.97,11.7,11.73,1174789.0,11387324.0
2012-09-05,11.76,11.99,11.66,11.86,1053876.0,10226369.0
2012-09-06,11.93,11.98,11.81,11.97,958138.0,9362613.0
2012-09-07,12.02,12.59,12.02,12.42,3029062.0,30660624.0
2012-09-10,12.38,12.49,12.3,12.44,1793153.0,18233172.0
2012-09-11,12.43,12.43,12.31,12.37,1192025.0,12075568.0
2012-09-12,12.43,12.52,12.19,12.35,1565721.0,15793473.0
2012-09-13,12.37,12.53,12.26,12.27,2420319.0,24717960.0
2012-09-14,12.31,12.43,12.1,12.31,1814974.0,18317576.0
2012-09-17,12.32,12.65,12.23,12.5,4285446.0,44007908.0
2012-09-18,12.44,13.29,12.44,12.99,8414043.0,89427256.0
2012-09-19,12.92,13.11,12.67,12.95,3394935.0,35858488.0
2012-09-20,12.95,12.95,12.32,12.43,4352403.0,44718596.0
2012-09-21,12.28,12.54,12.28,12.5,2298285.0,23504856.0
2012-09-24,12.44,12.52,12.19,12.49,1478698.0,14982104.0
2012-09-25,12.98,13.36,12.65,12.79,5994388.0,63954752.0
2012-09-26,12.6,12.73,11.98,12.05,3588531.0,36170792.0
2012-09-27,12.0,12.39,11.8,12.11,2941221.0,29095712.0
2012-09-28,12.04,12.27,11.88,12.22,1707673.0,17005732.0
2012-10-08,12.38,13.28,12.38,12.92,6464123.0,68611696.0
2012-10-09,12.72,13.22,12.69,13.16,5727723.0,61240480.0
2012-10-10,13.08,13.26,12.95,13.14,3944982.0,42384396.0
2012-10-11,13.09,13.16,12.92,13.06,2843430.0,30386098.0
2012-10-12,13.16,13.26,12.82,13.0,3028816.0,32349292.0
2012-10-15,13.53,14.22,13.38,13.66,13627136.0,154418272.0
2012-10-16,13.53,14.16,13.48,13.79,8607603.0,98024576.0
2012-10-17,13.76,13.94,13.53,13.65,4788800.0,53918764.0
2012-10-18,13.65,14.21,13.59,13.93,7138521.0,81901312.0
2012-10-19,13.86,14.04,13.78,13.87,4229737.0,48312620.0
2012-10-22,13.78,13.83,13.55,13.78,3028226.0,34065040.0
2012-10-23,13.77,13.86,13.4,13.42,3838667.0,42777632.0
2012-10-24,13.28,13.51,13.21,13.4,2654788.0,29140434.0
2012-10-25,13.29,13.7,13.29,13.49,3195902.0,35525360.0
2012-10-26,13.62,13.62,13.15,13.34,2514573.0,27521314.0
2012-10-29,13.25,13.83,13.25,13.82,3982938.0,44560464.0
2012-10-30,13.73,13.87,13.53,13.77,3089047.0,34734476.0
2012-10-31,13.67,13.92,13.59,13.84,2685084.0,30293692.0
2012-11-01,14.0,14.56,14.0,14.16,8555514.0,100153848.0
2012-11-02,14.04,14.19,13.92,14.06,4188219.0,48218412.0
2012-11-05,14.01,14.01,13.64,13.69,3677556.0,41548752.0
2012-11-06,13.67,13.71,13.2,13.49,3481770.0,38336116.0
2012-11-07,13.42,13.69,13.31,13.48,2660905.0,29504626.0
2012-11-08,13.33,13.54,12.97,13.0,2773948.0,30251606.0
2012-11-09,13.02,13.19,12.87,13.16,2533753.0,27091332.0
2012-11-12,13.14,13.44,13.04,13.42,2134871.0,23353980.0
2012-11-13,13.6,13.71,13.28,13.36,3238409.0,35760224.0
2012-11-14,13.31,13.36,12.92,13.23,2052857.0,22124796.0
2012-11-15,13.04,13.27,12.86,12.89,2026874.0,21678600.0
2012-11-16,12.92,13.0,12.52,12.7,2171398.0,22678730.0
2012-11-19,12.71,12.95,12.65,12.94,1236894.0,12982442.0
2012-11-20,12.92,12.99,12.67,12.67,1302678.0,13700773.0
2012-11-21,12.67,12.87,12.26,12.83,2403110.0,24774992.0
2012-11-22,12.67,12.83,12.53,12.59,1449646.0,15034976.0
2012-11-23,12.56,12.72,12.45,12.54,1628320.0,16815372.0
2012-11-26,12.48,12.66,12.44,12.49,895941.0,9228475.0
2012-11-27,12.49,12.49,11.82,11.83,2149412.0,21438196.0
2012-11-28,11.81,11.85,11.42,11.5,2684647.0,25458784.0
2012-11-29,11.55,11.6,11.24,11.24,1444054.0,13574698.0
2012-11-30,11.19,11.39,11.15,11.32,1237483.0,11475991.0
2012-12-03,11.33,11.7,11.31,11.46,2269986.0,21451072.0
2012-12-04,11.46,11.7,11.22,11.69,1490873.0,14107550.0
2012-12-05,11.69,12.27,11.6,12.25,3939050.0,38953092.0
2012-12-06,12.28,12.36,12.14,12.21,2454420.0,24624766.0
2012-12-07,12.21,12.4,12.06,12.36,2229768.0,22468132.0
2012-12-10,12.43,12.59,12.39,12.47,1957905.0,20071620.0
2012-12-11,12.52,12.52,12.19,12.19,2308064.0,23311824.0
2012-12-12,12.19,12.26,11.98,12.14,1769564.0,17584798.0
2012-12-13,12.14,12.26,11.96,11.98,1863021.0,18551212.0
2012-12-14,11.89,12.6,11.89,12.54,2709815.0,27559792.0
2012-12-17,12.54,12.89,12.54,12.79,2822831.0,29550412.0
2012-12-18,12.79,13.03,12.58,12.65,2952033.0,31015524.0
2012-12-19,12.62,12.93,12.59,12.84,2416576.0,25323188.0
2012-12-20,12.78,13.0,12.69,12.95,1942156.0,20519192.0
2012-12-21,12.94,13.1,12.79,12.94,2315210.0,24580864.0
2012-12-24,12.87,13.08,12.79,12.92,1968315.0,20846298.0
2012-12-25,12.9,13.34,12.81,13.31,4096679.0,44218352.0
2012-12-26,13.25,13.54,13.14,13.48,2666864.0,29280484.0
2012-12-27,13.43,13.57,13.17,13.17,3457444.0,37807284.0
2012-12-28,13.17,13.34,13.09,13.31,2029861.0,22006948.0
2012-12-31,13.29,13.33,12.95,13.27,3795097.0,40986672.0
2013-01-04,13.38,13.49,13.06,13.44,3606075.0,39405232.0
2013-01-07,13.4,13.88,13.31,13.83,4937758.0,55506216.0
2013-01-08,13.87,14.36,13.86,13.9,8093275.0,93098840.0
2013-01-09,13.89,14.16,13.7,13.86,4502980.0,51400148.0
2013-01-10,13.82,14.01,13.81,13.99,3072609.0,35154948.0
2013-01-11,14.04,14.11,13.7,14.1,4222251.0,48183068.0
2013-01-14,14.07,14.92,14.03,14.7,8670111.0,103616112.0
2013-01-15,14.7,14.93,14.56,14.79,5506795.0,66583164.0
2013-01-16,15.6,16.18,15.27,15.73,16710798.0,214794736.0
2013-01-17,15.6,16.3,15.48,16.07,12157980.0,159009744.0
2013-01-18,15.99,16.2,15.71,15.85,9141360.0,118949016.0
2013-01-21,15.9,16.13,15.78,16.02,6169295.0,80731984.0
2013-01-22,16.02,16.04,15.18,15.28,9426795.0,120269360.0
2013-01-23,15.28,15.63,15.17,15.55,5308756.0,67323096.0
2013-01-24,15.53,15.71,14.72,14.9,7589719.0,94473576.0
2013-01-25,14.92,15.16,14.83,15.12,3625778.0,44708816.0
2013-01-28,15.2,15.7,15.07,15.68,4723944.0,60035544.0
2013-01-29,15.68,16.04,15.56,15.66,5652633.0,73339368.0
2013-01-30,15.65,15.76,15.23,15.53,4324802.0,54803648.0
2013-01-31,15.42,15.71,15.37,15.55,2373900.0,30259328.0
2013-02-01,15.54,15.74,15.31,15.5,4256380.0,54269360.0
2013-02-04,15.53,15.59,15.21,15.22,4458650.0,56050588.0
2013-02-05,15.23,15.55,15.18,15.5,3443250.0,43363728.0
2013-02-06,15.42,15.79,15.42,15.61,4232867.0,54307448.0
2013-02-07,15.66,15.82,15.44,15.81,3279884.0,42106056.0
2013-02-08,15.79,15.99,15.68,15.84,3584757.0,46644768.0
2013-02-18,15.94,15.99,15.71,15.88,3289249.0,42733948.0
2013-02-19,15.88,15.94,15.29,15.36,4483201.0,57090276.0
2013-02-20,15.43,15.6,15.31,15.6,2829539.0,35903528.0
2013-02-21,15.63,16.72,15.49,16.29,15592380.0,209845504.0
2013-02-22,16.33,16.66,16.1,16.6,8328680.0,112706192.0
2013-02-25,16.7,16.89,16.34,16.76,5628738.0,76733536.0
2013-02-26,16.67,17.55,16.52,17.12,8916802.0,126079712.0
2013-02-27,17.06,18.25,17.04,18.01,11739688.0,172529232.0
2013-02-28,18.02,18.1,17.56,18.06,7185285.0,105309400.0
2013-03-01,18.04,19.25,17.79,19.23,8840333.0,134314480.0
2013-03-04,19.17,19.61,18.41,18.79,9701507.0,150905200.0
2013-03-05,18.75,20.09,18.5,19.88,6542705.0,103493568.0
2013-03-06,19.86,20.45,19.63,20.11,6003148.0,98884160.0
2013-03-07,19.86,20.2,18.58,18.6,7403113.0,117239528.0
2013-03-08,18.61,19.2,17.79,18.06,9603427.0,146413728.0
2013-03-11,18.16,18.52,17.77,18.35,3516305.0,52554976.0
2013-03-12,18.27,18.52,17.45,17.95,5576863.0,82254304.0
2013-03-13,17.9,18.23,17.59,18.17,3123246.0,45944020.0
2013-03-14,18.07,18.72,18.06,18.6,3725041.0,56423856.0
2013-03-15,18.6,18.95,18.04,18.33,4311687.0,65622464.0
2013-03-18,18.1,19.01,18.04,18.63,3926188.0,60034684.0
2013-03-19,18.62,18.84,18.17,18.57,2183819.0,33083588.0
2013-03-20,18.68,19.07,18.47,19.01,3174981.0,49033960.0
2013-03-21,19.01,19.74,18.77,19.55,5432931.0,86215632.0
2013-03-22,19.5,19.69,19.28,19.5,2615524.0,41771748.0
2013-03-25,19.47,19.68,19.29,19.45,2851106.0,45592068.0
2013-03-26,19.24,19.36,18.52,18.74,3499631.0,54055132.0
2013-03-27,18.83,19.19,17.96,18.52,4997322.0,75542080.0
2013-03-28,18.16,18.52,18.06,18.18,2101401.0,31487156.0
2013-03-29,17.91,17.91,16.82,16.9,7999385.0,112292368.0
2013-04-01,17.0,17.56,16.9,17.44,5465364.0,77041752.0
2013-04-02,17.4,17.48,16.7,16.73,3879636.0,54291424.0
2013-04-03,16.76,16.85,16.22,16.38,2955767.0,39846736.0
2013-04-08,16.02,17.05,15.9,17.04,2520044.0,34596928.0
2013-04-09,16.96,17.28,16.82,17.21,2244632.0,31573140.0
2013-04-10,17.3,17.4,16.45,16.46,2822038.0,38865616.0
2013-04-11,16.59,16.7,16.11,16.15,3209198.0,43084376.0
2013-04-12,16.2,16.41,16.09,16.23,1988063.0,26563304.0
2013-04-15,16.13,16.17,15.67,15.87,2120191.0,27618126.0
2013-04-16,15.84,16.15,15.33,16.15,2172225.0,28097712.0
2013-04-17,16.1,16.21,15.88,16.15,1948846.0,25695236.0
2013-04-18,16.11,16.39,15.87,16.39,2675956.0,35417552.0
2013-04-19,16.35,16.98,16.33,16.94,4185630.0,57500144.0
2013-04-22,16.89,17.24,16.8,16.99,3320838.0,46410288.0
2013-04-23,16.99,17.05,16.28,16.32,2748293.0,37289604.0
2013-04-24,16.27,16.79,16.13,16.41,4739753.0,63895976.0
2013-04-25,16.3,16.33,15.84,16.21,5783123.0,76288424.0
2013-04-26,16.09,16.37,15.95,16.0,1341090.0,17681940.0
2013-05-02,15.84,16.21,15.67,16.2,1384192.0,18103048.0
2013-05-03,16.32,17.02,16.32,16.73,3941513.0,54118296.0
2013-05-06,16.67,17.33,16.67,17.23,3850519.0,53924660.0
2013-05-07,17.22,18.04,17.07,17.77,4693050.0,67859352.0
2013-05-08,17.79,18.04,17.45,17.9,3302046.0,48028760.0
2013-05-09,17.85,17.86,17.36,17.63,2941059.0,42401240.0
2013-05-10,17.62,18.23,17.49,18.13,5439892.0,80352664.0
2013-05-13,18.1,18.1,17.66,17.91,2287888.0,33554884.0
2013-05-14,17.77,18.02,17.45,17.93,2470134.0,35975600.0
2013-05-15,17.85,17.91,17.52,17.79,3428658.0,49683108.0
2013-05-16,17.86,18.32,17.64,17.99,3376167.0,48926656.0
2013-05-17,18.01,19.29,17.95,19.04,7293577.0,109720688.0
2013-05-20,19.22,20.72,19.18,20.26,12228052.0,195745072.0
2013-05-21,20.46,20.66,20.0,20.46,9176586.0,150070848.0
2013-05-22,20.41,20.45,19.48,19.8,7492426.0,119555912.0
2013-05-23,19.78,21.78,19.72,20.93,9059884.0,151438304.0
2013-05-24,20.96,21.56,20.67,21.14,5341042.0,90431232.0
2013-05-27,21.23,22.82,21.23,22.22,8833329.0,157035024.0
2013-05-28,22.07,22.52,21.39,21.42,8236705.0,144237776.0
2013-05-29,21.44,22.24,21.44,21.96,4619869.0,81248656.0
2013-05-30,21.72,22.17,21.49,21.92,3389883.0,59305576.0
2013-05-31,21.84,22.63,21.59,21.61,4129952.0,73055296.0
2013-06-03,21.59,21.61,20.36,20.46,4286558.0,71317528.0
2013-06-04,20.53,20.81,19.96,20.63,3543310.0,57664720.0
2013-06-05,20.63,20.95,20.1,20.46,2619313.0,43122804.0
2013-06-06,20.28,20.68,19.96,19.97,2258121.0,36561508.0
2013-06-07,19.97,19.97,19.14,19.61,4185431.0,65226728.0
2013-06-13,19.3,19.35,18.75,19.12,2410468.0,36721608.0
2013-06-14,19.16,20.05,19.16,19.9,2850843.0,45079168.0
2013-06-17,20.23,21.0,20.23,20.3,3694433.0,60988028.0
2013-06-18,20.3,20.97,20.1,20.5,2233247.0,36709424.0
2013-06-19,20.5,20.78,19.41,19.81,3028038.0,49283544.0
2013-06-20,19.47,19.96,18.79,19.21,3051169.0,47369112.0
2013-06-21,18.72,19.56,18.41,19.42,3310471.0,50651368.0
2013-06-24,19.37,19.46,17.99,18.44,2599290.0,38867516.0
2013-06-25,18.11,19.12,16.83,18.91,3126828.0,45608284.0
2013-06-26,19.0,19.35,18.72,19.34,2828645.0,43339800.0
2013-06-27,19.34,19.47,18.6,18.8,2628688.0,39961776.0
2013-06-28,18.77,19.41,18.1,18.65,1407615.0,21081040.0
2013-07-01,18.65,19.29,18.35,19.22,3361110.0,51119488.0
2013-07-02,19.29,19.57,19.12,19.55,2074934.0,32236642.0
2013-07-03,19.45,19.46,18.79,19.34,1658102.0,25417758.0
2013-07-04,19.04,20.03,18.85,19.76,2758236.0,43419264.0
2013-07-05,19.88,19.96,19.32,19.53,1774873.0,27900736.0
2013-07-08,19.32,19.32,17.73,17.75,3245487.0,48085632.0
2013-07-09,17.81,18.14,17.68,17.76,1627857.0,23235640.0
2013-07-10,17.79,18.22,17.0,18.21,3433246.0,48243340.0
2013-07-11,18.2,18.92,17.97,18.9,4578127.0,67855048.0
2013-07-12,18.92,19.47,18.36,18.56,3104789.0,46990936.0
2013-07-15,18.56,18.9,18.42,18.81,4070399.0,60958620.0
2013-07-16,18.87,19.97,18.87,19.6,7246535.0,113831936.0
2013-07-17,19.5,20.67,19.47,20.37,7818961.0,126698520.0
2013-07-18,20.42,20.63,19.78,20.47,6424789.0,104065672.0
2013-07-19,20.76,20.82,19.88,19.92,5591608.0,91657464.0
2013-07-22,19.66,20.28,19.31,20.22,4065080.0,64125704.0
2013-07-23,20.3,20.51,19.8,20.46,4697926.0,76087680.0
2013-07-24,20.45,20.48,19.92,20.25,3964368.0,64142228.0
2013-07-25,20.2,20.97,20.11,20.53,4959023.0,82027184.0
2013-07-26,20.55,20.72,19.6,19.93,3907112.0,62899248.0
2013-07-29,19.72,20.1,19.45,19.92,2027703.0,32164526.0
2013-07-30,20.0,20.27,19.6,20.13,2356583.0,37838480.0
2013-07-31,20.28,20.67,20.05,20.59,3240225.0,52924536.0
2013-08-01,20.59,21.27,20.45,21.27,4360755.0,72914224.0
2013-08-02,21.31,21.43,20.78,20.82,3667196.0,61964772.0
2013-08-05,20.83,21.21,20.48,20.93,6782326.0,113380256.0
2013-08-06,20.93,21.03,20.55,20.72,3687970.0,61323452.0
2013-08-07,20.71,20.87,20.21,20.28,3758303.0,61544160.0
2013-08-08,20.28,20.41,19.8,20.03,3378811.0,54115852.0
2013-08-09,20.05,20.16,19.29,19.71,3708407.0,58518360.0
2013-08-12,19.63,20.33,19.63,20.32,2920199.0,47093428.0
2013-08-13,20.22,20.95,20.22,20.93,4801986.0,79744896.0
2013-08-14,20.92,21.02,20.48,20.71,3701108.0,61351832.0
2013-08-15,20.78,20.95,20.35,20.41,2604746.0,43159864.0
2013-08-16,20.2,20.71,19.72,19.76,3063362.0,49397792.0
2013-08-19,19.65,20.1,19.53,20.02,2358331.0,37488556.0
2013-08-20,20.05,20.12,19.55,19.61,2845965.0,45240232.0
2013-08-21,19.6,20.28,19.21,20.27,3783350.0,59544400.0
2013-08-22,20.28,20.53,20.1,20.35,3519242.0,57323740.0
2013-08-23,20.35,20.53,19.56,20.05,3343097.0,53867536.0
2013-08-26,20.05,20.96,19.92,20.77,4482671.0,73951256.0
2013-08-27,20.82,21.54,20.67,21.39,7072931.0,120256792.0
2013-08-28,21.22,21.47,20.97,21.01,4430349.0,75293600.0
2013-08-29,20.91,21.09,20.35,20.55,3261986.0,53892884.0
2013-08-30,20.55,20.78,20.11,20.13,2078696.0,34017904.0
2013-09-02,20.32,21.33,20.32,21.25,4717583.0,79334992.0
2013-09-03,21.37,21.59,20.87,21.39,3764015.0,64083128.0
2013-09-04,21.27,22.02,21.22,21.92,5868003.0,102669888.0
2013-09-05,22.08,22.08,21.53,21.54,3572352.0,62365680.0
2013-09-06,21.34,22.8,21.29,22.79,7133516.0,128008928.0
2013-09-09,22.79,23.02,22.49,22.8,3331021.0,60585388.0
2013-09-10,22.8,22.8,22.21,22.52,3635401.0,65264576.0
2013-09-11,22.24,22.47,21.43,21.47,3855524.0,67015256.0
2013-09-12,21.43,21.84,21.05,21.71,2826651.0,48632104.0
2013-09-13,21.49,21.82,21.2,21.32,3300536.0,56624416.0
2013-09-16,21.39,22.27,21.37,22.14,3207811.0,56034464.0
2013-09-17,22.03,22.22,21.53,21.67,1871268.0,32709974.0
2013-09-18,21.52,22.08,21.41,21.88,1438086.0,25094980.0
2013-09-23,21.87,22.64,21.76,22.58,3613084.0,64720008.0
2013-09-24,22.52,22.88,22.19,22.84,2762876.0,49840116.0
2013-09-25,22.98,23.07,22.19,22.22,2524575.0,45409744.0
2013-09-26,21.84,22.47,21.81,22.31,2024621.0,36151968.0
2013-09-27,22.31,22.8,21.33,21.52,2583669.0,45561148.0
2013-09-30,21.84,23.64,21.84,22.38,2179523.0,39476532.0
2013-10-08,22.45,23.87,22.45,23.78,4196345.0,78311960.0
2013-10-09,23.73,25.11,23.43,24.95,7303404.0,141454992.0
2013-10-10,24.84,25.43,24.36,24.93,4895885.0,97964736.0
2013-10-11,24.78,25.6,24.43,24.54,3535492.0,70901440.0
2013-10-14,24.6,26.92,24.59,26.56,6125752.0,127794592.0
2013-10-15,26.55,26.96,25.96,26.29,2360602.0,49978460.0
2013-10-16,26.06,26.79,24.13,25.11,2864998.0,58056496.0
2013-10-17,25.43,26.07,24.46,24.73,2879014.0,58314344.0
2013-10-18,24.69,26.23,24.69,25.58,3054581.0,62491816.0
2013-10-21,25.79,28.14,25.54,28.14,8072076.0,180300560.0
2013-10-22,30.94,30.94,30.71,30.94,7282227.0,180497792.0
2013-10-23,33.95,33.95,30.59,30.92,22266044.0,570621760.0
2013-10-24,30.14,34.01,30.14,31.85,14827920.0,387804192.0
2013-10-25,31.34,33.04,29.96,30.46,8501490.0,213965488.0
2013-10-28,30.74,33.5,28.71,32.68,12842509.0,334784960.0
2013-10-29,31.83,34.58,30.62,33.0,11666142.0,305478272.0
2013-10-30,33.08,33.68,32.12,33.43,5014125.0,132041616.0
2013-10-31,32.7,33.05,30.72,31.37,5472710.0,139140976.0
2013-11-01,31.2,31.66,29.96,30.05,4884487.0,120063544.0
2013-11-04,30.08,33.05,30.08,32.53,7723984.0,201199328.0
2013-11-05,32.58,33.95,32.53,32.9,3456310.0,91603056.0
2013-11-06,33.08,35.7,32.08,32.14,5801951.0,155544704.0
2013-11-07,31.73,31.83,30.46,30.94,3754975.0,93803568.0
2013-11-08,31.08,31.13,30.08,30.31,3679921.0,89934136.0
2013-11-11,31.14,31.68,29.33,29.83,2778536.0,67557016.0
2013-11-12,29.57,30.56,29.42,29.89,1714898.0,41187756.0
2013-11-13,29.81,29.96,28.21,28.26,2546392.0,59111960.0
2013-11-14,28.4,29.43,28.21,29.2,3118165.0,72115624.0
2013-11-15,29.28,30.58,28.86,29.61,3312440.0,79491320.0
2013-11-18,29.15,31.82,28.92,31.47,2650605.0,64935448.0
2013-11-19,31.7,31.7,30.44,30.78,2644813.0,65219980.0
2013-11-20,30.99,31.27,30.58,30.94,1193719.0,29537236.0
2013-11-21,31.18,31.18,30.37,30.67,1029248.0,25288948.0
2013-11-22,30.93,31.05,28.11,29.48,4566120.0,106539160.0
2013-11-25,29.07,29.21,28.57,28.72,1938475.0,44745604.0
2013-11-26,28.72,29.81,28.41,29.7,2152606.0,50378176.0
2013-11-27,30.12,32.67,30.12,31.03,5622633.0,141648480.0
2013-11-28,30.81,31.45,30.51,30.93,2287325.0,56741124.0
2013-11-29,30.94,31.3,30.83,30.96,1752334.0,43505348.0
2013-12-02,30.56,30.56,27.86,27.86,3637412.0,83798088.0
2013-12-03,27.32,28.53,27.09,28.32,4207605.0,93438880.0
2013-12-04,28.33,30.58,27.87,29.57,2870844.0,67924968.0
2013-12-05,29.33,29.8,27.95,28.4,3488595.0,80060352.0
2013-12-06,28.5,28.51,26.84,26.95,4617137.0,101766456.0
2013-12-09,27.01,27.55,27.01,27.39,2105598.0,46056700.0
2013-12-10,27.39,27.79,27.35,27.57,1506687.0,33292282.0
2013-12-11,27.6,27.6,26.19,26.21,3114203.0,65887296.0
2013-12-12,26.07,26.74,26.07,26.31,1509006.0,31981748.0
2013-12-13,26.45,26.62,25.98,26.31,2008260.0,42402664.0
2013-12-16,26.56,27.71,26.29,27.39,3732934.0,81475472.0
2013-12-17,27.4,27.64,26.79,27.16,1872274.0,40818132.0
2013-12-18,27.09,27.6,27.09,27.21,1029225.0,22568270.0
2013-12-19,27.41,27.59,25.66,25.7,2516826.0,53150104.0
2013-12-20,25.71,26.02,24.32,24.55,2163487.0,42980584.0
2013-12-23,24.2,24.55,23.19,23.4,3829788.0,72514672.0
2013-12-24,23.4,24.03,23.32,23.8,2473333.0,46928544.0
2013-12-25,23.98,25.19,23.57,25.16,2629082.0,51185412.0
2013-12-26,25.21,25.58,23.73,23.89,3370815.0,66244696.0
2013-12-27,23.84,24.93,23.78,24.4,2909500.0,56994688.0
2013-12-30,24.61,26.6,24.48,26.21,4937237.0,101072496.0
2013-12-31,25.96,26.32,25.59,25.93,1833537.0,38068372.0
2014-01-02,25.81,26.52,25.41,26.29,2440622.0,50813676.0
2014-01-03,26.29,27.93,26.29,27.35,4298248.0,94208040.0
2014-01-06,27.15,27.54,25.99,27.36,2952506.0,63380272.0
2014-01-07,27.09,27.31,26.66,26.84,1679894.0,36289884.0
2014-01-08,26.81,27.05,25.53,26.25,4614567.0,96646448.0
2014-01-09,26.34,26.62,25.0,25.35,2884997.0,60231600.0
2014-01-10,25.04,25.56,23.94,24.14,2139125.0,42198144.0
2014-01-13,24.16,24.81,24.1,24.27,729474.0,14235715.0
2014-01-14,24.46,24.58,23.98,24.46,1811767.0,35252040.0
2014-01-15,24.96,25.28,24.21,25.23,2400261.0,47579532.0
2014-01-16,25.21,26.06,25.04,25.24,3315440.0,68170384.0
2014-01-17,25.3,25.54,24.52,24.59,2235243.0,44522100.0
2014-01-20,24.6,24.6,23.79,23.87,2260196.0,43696092.0
2014-01-21,23.9,24.46,23.88,24.25,1180860.0,22956500.0
2014-01-22,24.34,25.71,24.09,25.21,5115180.0,102311136.0
2014-01-23,25.21,27.73,25.21,27.73,7652954.0,166727136.0
2014-01-24,28.71,29.71,28.42,29.28,8324455.0,193646560.0
2014-01-27,29.0,29.26,27.82,28.07,9047038.0,205549984.0
2014-01-28,27.96,28.31,27.52,27.62,3958391.0,88154792.0
2014-01-29,27.86,27.95,27.15,27.2,5650878.0,124659368.0
2014-01-30,27.16,27.47,26.12,26.27,4209267.0,90367384.0
2014-02-07,26.15,27.31,26.0,27.24,4479023.0,96586432.0
2014-02-10,27.45,28.95,27.19,28.75,8380282.0,189170032.0
2014-02-11,28.58,28.68,27.6,27.93,4353730.0,97965408.0
2014-02-12,27.93,28.17,27.2,27.84,4878698.0,107762768.0
2014-02-13,27.95,28.8,27.48,27.68,5325184.0,120135032.0
2014-02-14,27.72,28.25,27.27,28.17,4619962.0,102887536.0
2014-02-17,28.35,28.77,27.77,28.61,5403705.0,122872384.0
2014-02-18,28.47,28.47,27.6,27.8,6296070.0,140807888.0
2014-02-19,27.9,28.05,27.34,27.98,3487945.0,77366280.0
2014-02-20,28.05,28.07,27.06,27.1,3525007.0,77547432.0
2014-02-21,27.07,27.39,25.99,26.45,4123799.0,87533480.0
2014-02-24,26.1,26.18,24.34,25.39,6080679.0,122434768.0
2014-02-25,25.41,26.2,24.59,24.65,4654931.0,95263640.0
2014-02-26,24.54,25.15,24.36,25.11,1995509.0,39743416.0
2014-02-27,25.34,25.9,24.57,24.78,2503466.0,50598016.0
2014-02-28,24.78,24.94,23.72,24.43,2848863.0,55308276.0
2014-03-03,24.65,24.95,24.21,24.93,1694424.0,33531992.0
2014-03-04,24.93,24.93,24.32,24.57,1766535.0,34736832.0
2014-03-05,24.63,24.91,24.48,24.55,1635536.0,32347328.0
2014-03-06,24.55,24.55,23.5,23.7,3074367.0,58478648.0
2014-03-07,23.77,23.93,22.79,23.03,5056454.0,93734176.0
2014-03-10,22.91,23.05,21.78,21.89,3922110.0,70139016.0
2014-03-11,21.89,22.16,21.29,21.62,2902442.0,50357104.0
2014-03-12,21.52,22.07,21.42,21.59,2636086.0,45810956.0
2014-03-13,21.66,22.07,21.66,22.03,2215357.0,38799648.0
2014-03-14,22.02,22.21,21.78,22.03,2162034.0,38041840.0
2014-03-17,22.02,22.77,21.92,22.75,3044325.0,54587376.0
2014-03-18,22.95,23.2,22.87,23.13,3577240.0,66107656.0
2014-03-19,23.04,23.04,22.62,22.79,1970141.0,35967568.0
2014-03-20,22.75,22.93,21.61,21.66,2599793.0,46341256.0
2014-03-21,21.54,22.19,21.0,22.08,2032312.0,35118464.0
2014-03-24,22.04,22.38,21.93,22.36,1750363.0,31080666.0
2014-03-25,22.28,22.44,22.02,22.13,1147686.0,20454532.0
2014-03-26,22.13,22.63,22.11,22.58,1295120.0,23302876.0
2014-03-27,22.57,22.58,21.98,22.21,1400230.0,24980888.0
2014-03-28,22.47,22.57,21.24,21.97,1536138.0,27263924.0
2014-03-31,21.96,22.19,21.09,21.29,2164416.0,37089612.0
2014-04-01,21.29,21.46,21.2,21.29,2233727.0,38075856.0
2014-04-02,21.29,21.63,20.82,21.62,3299109.0,55971080.0
2014-04-03,21.49,21.72,21.27,21.54,2132624.0,36830424.0
2014-04-04,21.62,21.64,21.09,21.42,2971570.0,50716544.0
2014-04-08,21.42,22.5,21.23,22.33,3236971.0,57014760.0
2014-04-09,22.34,23.39,22.23,23.33,5767908.0,106882616.0
2014-04-10,23.22,24.13,23.17,23.58,4455997.0,84554128.0
2014-04-11,23.24,23.72,23.18,23.2,2211585.0,41510792.0
2014-04-14,23.04,24.05,23.0,23.59,2059613.0,38854368.0
2014-04-15,23.67,24.08,23.29,23.92,3264546.0,62387652.0
2014-04-16,23.82,24.34,23.67,24.24,3040479.0,58855824.0
2014-04-17,24.24,24.44,23.87,24.16,1802418.0,34905152.0
2014-04-18,24.09,24.09,23.48,23.78,1838116.0,34943612.0
2014-04-21,23.67,24.96,23.53,24.32,3456160.0,67855664.0
2014-04-22,24.0,24.63,23.9,24.61,2589443.0,50266304.0
2014-04-23,24.71,25.51,24.65,25.26,5764171.0,116770424.0
2014-04-24,25.53,25.59,24.71,25.0,2524812.0,50636304.0
2014-04-25,24.85,25.38,24.83,24.86,1821129.0,36603300.0
2014-04-28,24.9,25.11,23.37,23.45,2564730.0,49342312.0
2014-04-29,23.4,23.89,23.23,23.78,1699601.0,32221850.0
2014-04-30,23.82,24.38,23.65,24.35,1375606.0,26552382.0
2014-05-05,24.33,24.33,23.8,23.93,1988371.0,38150324.0
2014-05-06,23.93,24.41,23.87,24.05,1545283.0,29892996.0
2014-05-07,23.94,24.16,23.65,23.79,905140.0,17332904.0
2014-05-08,23.59,24.14,23.28,23.32,1180710.0,22450020.0
2014-05-09,23.24,23.32,22.34,22.68,1661494.0,30229004.0
2014-05-12,22.88,23.39,22.84,23.1,1607679.0,29789324.0
2014-05-13,23.19,23.5,22.88,23.09,900079.0,16753211.0
2014-05-14,23.09,23.12,22.43,22.68,1147535.0,20868902.0
2014-05-15,22.62,22.84,22.29,22.29,1009640.0,18262452.0
2014-05-16,22.28,22.43,21.69,21.98,1577290.0,27783400.0
2014-05-19,22.08,22.33,21.82,22.29,926376.0,16433171.0
2014-05-20,22.33,22.67,22.18,22.39,985930.0,17742652.0
2014-05-21,22.3,22.67,22.07,22.64,834688.0,15025032.0
2014-05-22,22.74,23.04,22.59,22.62,1298674.0,23774812.0
2014-05-23,22.72,23.08,22.72,23.07,882280.0,16194979.0
2014-05-26,23.08,23.52,23.07,23.44,1197134.0,22408538.0
2014-05-27,23.45,23.55,23.28,23.39,673807.0,12644268.0
2014-05-28,23.47,24.04,23.43,23.95,1637820.0,31381044.0
2014-05-29,23.85,24.2,23.65,23.67,1755770.0,33755064.0
2014-05-30,23.87,24.2,23.67,24.05,1107504.0,21255596.0
2014-06-03,24.05,24.39,23.94,23.94,987909.0,19181252.0
2014-06-04,23.94,24.08,23.44,23.6,895731.0,16942036.0
2014-06-05,23.44,23.74,23.44,23.72,544039.0,10289395.0
2014-06-06,23.72,24.18,23.4,23.59,565144.0,10703118.0
2014-06-09,23.59,23.8,23.35,23.47,452532.0,8528298.0
2014-06-10,23.48,24.53,23.47,24.52,1685230.0,32620676.0
2014-06-11,24.73,26.05,24.73,25.9,6133874.0,125227840.0
2014-06-12,25.82,25.96,25.54,25.85,2257851.0,46631384.0
2014-06-13,25.65,26.7,25.61,25.89,3845455.0,80821992.0
2014-06-16,26.01,26.61,25.71,26.45,2776083.0,58119608.0
2014-06-17,26.48,26.51,26.03,26.08,1357028.0,28124260.0
2014-06-18,25.86,26.37,25.13,25.34,2935756.0,59489152.0
2014-06-19,25.71,25.95,24.53,24.74,1919678.0,38277568.0
2014-06-20,24.77,25.96,24.77,25.83,2269494.0,45959080.0
2014-06-23,26.08,28.41,26.08,27.72,6869028.0,150404608.0
2014-06-24,27.76,27.84,27.09,27.58,3404557.0,73982288.0
2014-06-25,27.37,28.15,27.12,28.01,2584447.0,56753376.0
2014-06-26,27.9,28.86,27.79,28.5,3848799.0,87183168.0
2014-06-27,28.59,28.88,28.1,28.26,4119103.0,93321776.0
2014-06-30,28.21,28.5,27.79,28.47,2585338.0,57681168.0
2014-07-01,28.7,29.47,28.23,29.45,3979437.0,92034736.0
2014-07-02,29.61,29.66,28.86,29.16,3566721.0,82808144.0
2014-07-03,29.18,29.96,28.88,29.13,2715276.0,63438572.0
2014-07-04,29.06,29.27,28.5,29.17,2614555.0,59697964.0
2014-07-07,29.15,29.31,28.64,28.69,1228510.0,28184632.0
2014-07-08,28.63,28.98,28.29,28.92,2613653.0,59140720.0
2014-07-09,28.91,28.98,27.75,27.92,2704584.0,60957768.0
2014-07-10,27.92,28.54,27.84,27.9,1477065.0,33049428.0
2014-07-11,27.91,28.74,27.76,28.18,1627878.0,36605948.0
2014-07-14,28.21,29.08,28.09,29.0,2532728.0,57947920.0
2014-07-15,29.26,29.96,28.23,28.93,3766698.0,87545312.0
2014-07-16,28.7,29.07,27.85,28.15,1604963.0,35996180.0
2014-07-17,28.1,28.21,27.41,27.55,2297492.0,50452220.0
2014-07-18,27.29,27.8,27.04,27.12,1973992.0,42968148.0
2014-07-21,27.16,28.1,26.31,27.85,2495643.0,54163608.0
2014-07-22,27.61,28.96,27.6,28.68,2233172.0,50790232.0
2014-07-23,28.81,28.92,28.19,28.73,1381221.0,31304652.0
2014-07-24,28.72,28.79,27.85,28.26,1059488.0,23741252.0
2014-07-25,28.26,28.7,28.12,28.68,830755.0,18740390.0
2014-07-28,28.67,29.23,28.48,29.1,1840627.0,42294200.0
2014-07-29,29.08,29.47,28.36,28.5,1871340.0,43021620.0
2014-07-30,28.54,28.81,27.97,28.09,2053440.0,46151820.0
2014-07-31,28.09,28.21,27.62,27.95,2421661.0,53478780.0
2014-08-01,27.99,28.07,27.09,27.29,4923438.0,107117800.0
2014-08-04,27.13,27.57,27.04,27.5,3170739.0,68614864.0
2014-08-05,27.47,27.81,27.09,27.75,2174267.0,47421084.0
2014-08-06,27.85,29.86,27.47,29.74,6937020.0,159376528.0
2014-08-07,29.51,31.63,29.46,30.9,6693016.0,163738064.0
2014-08-08,30.99,31.93,30.24,31.24,5810848.0,143559536.0
2014-08-11,31.18,31.18,30.56,31.05,2890780.0,70819152.0
2014-08-12,30.9,31.75,30.66,31.3,4471806.0,111081096.0
2014-08-13,31.4,31.44,29.95,30.55,3235342.0,78119216.0
2014-08-14,30.68,31.0,30.55,30.58,1509505.0,36922712.0
2014-08-15,30.49,31.57,30.1,31.5,2667383.0,65600992.0
2014-08-18,31.5,31.75,30.72,31.19,2682655.0,66203312.0
2014-08-19,31.15,31.15,30.24,30.43,2983872.0,72203088.0
2014-08-20,30.49,30.99,30.3,30.57,1847184.0,45008200.0
2014-08-21,31.44,31.57,30.62,31.44,3578032.0,88666096.0
2014-08-22,31.46,34.15,31.46,33.9,6607826.0,173424896.0
2014-08-25,34.14,34.15,32.67,32.81,3201772.0,84483232.0
2014-08-26,32.88,32.89,32.15,32.57,2078320.0,53608456.0
2014-08-27,32.51,32.75,31.86,32.16,1777206.0,45506016.0
2014-08-28,32.03,32.7,31.82,31.96,1135907.0,29011276.0
2014-08-29,32.01,33.14,31.87,33.02,1251997.0,32318724.0
2014-09-01,32.86,33.33,32.62,33.15,1763835.0,46102184.0
2014-09-02,33.0,34.22,32.84,34.15,2405411.0,64071008.0
2014-09-03,34.17,35.91,33.9,35.61,4097442.0,113813136.0
2014-09-04,35.66,35.75,34.63,35.3,3661752.0,101603808.0
2014-09-05,35.91,36.49,34.02,34.64,5846104.0,160671680.0
2014-09-09,34.25,34.29,33.39,33.67,4593684.0,122543552.0
2014-09-10,33.58,33.96,33.17,33.92,2751418.0,73518632.0
2014-09-11,33.74,34.77,33.7,34.21,3684096.0,100192744.0
2014-09-12,34.01,34.82,33.81,34.7,2274632.0,62085012.0
2014-09-15,34.65,34.65,33.39,33.57,5164133.0,138322304.0
2014-09-16,33.87,33.96,32.01,32.11,4915051.0,129180088.0
2014-09-17,32.36,32.5,32.07,32.35,2642856.0,67690672.0
2014-09-18,32.45,32.8,32.15,32.65,1016083.0,26245746.0
2014-09-19,33.08,33.83,32.86,33.76,2446810.0,64779896.0
2014-10-14,35.91,35.91,32.57,33.24,10960648.0,296442496.0
2014-10-15,33.29,33.61,32.84,33.0,3909667.0,102639648.0
2014-10-16,32.91,33.02,31.5,31.63,6286391.0,160195184.0
2014-10-17,31.6,32.16,31.39,31.98,2911934.0,73471328.0
2014-10-20,32.07,32.32,31.82,32.08,3402347.0,86458944.0
2014-10-21,32.26,32.27,31.0,31.24,4229903.0,105209272.0
2014-10-22,31.2,31.73,31.06,31.48,2947455.0,73721352.0
2014-10-23,31.5,31.5,30.61,31.15,4143930.0,101597064.0
2014-10-24,31.15,31.63,30.66,31.57,1662231.0,41225256.0
2014-10-27,31.36,31.92,31.25,31.36,2247716.0,56247732.0
2014-10-28,31.68,32.82,31.63,32.69,4329260.0,110931528.0
2014-10-29,32.73,34.17,32.73,33.25,5008753.0,132632640.0
2014-10-30,33.3,33.49,32.59,32.73,3243511.0,84350720.0
2014-10-31,32.65,32.65,31.38,32.0,6455796.0,162077328.0
2014-11-03,31.89,31.89,31.32,31.63,3595488.0,89646656.0
2014-11-04,31.49,32.06,31.49,31.84,2536009.0,63828344.0
2014-11-05,31.84,32.5,31.73,32.34,2307809.0,58545856.0
2014-11-06,32.34,32.34,31.48,31.63,3447382.0,86421496.0
2014-11-07,31.64,32.91,31.64,32.49,3627974.0,92645168.0
2014-11-10,32.53,32.81,32.06,32.41,1599868.0,40867252.0
2014-11-11,32.44,32.65,31.25,32.16,2810197.0,70794240.0
2014-11-12,32.06,32.06,31.2,31.91,2519410.0,62693784.0
2014-11-13,31.77,31.79,30.4,31.0,4781924.0,116579200.0
2014-11-14,30.78,31.24,30.55,31.16,2001706.0,48968632.0
2014-11-17,31.15,31.64,30.88,31.49,1744095.0,43108820.0
2014-11-18,31.49,31.88,31.29,31.86,1569973.0,39179200.0
2014-11-19,31.83,32.02,31.64,31.87,1031311.0,25947764.0
2014-11-20,31.87,32.02,31.63,31.96,1243509.0,31206828.0
2014-11-21,31.89,32.6,31.77,32.52,2043836.0,52145176.0
2014-11-24,32.5,34.17,32.5,33.11,4912639.0,130230744.0
2014-11-25,32.98,33.38,32.65,32.86,1652007.0,42826812.0
2014-11-26,32.91,33.6,32.34,33.2,3741724.0,97291784.0
2014-11-27,33.2,33.7,32.79,33.48,3568470.0,94239728.0
2014-11-28,33.97,34.16,31.74,32.63,6113458.0,157412512.0
2014-12-01,32.27,32.27,31.32,31.49,2899321.0,72173336.0
2014-12-02,31.44,32.0,31.21,31.74,3041040.0,76132248.0
2014-12-03,31.53,31.84,30.73,31.57,4435291.0,109001272.0
2014-12-04,31.62,32.0,31.54,31.63,3429356.0,86150088.0
2014-12-05,31.58,31.58,30.82,30.88,3772323.0,92360296.0
2014-12-08,30.86,31.15,30.55,30.97,2825259.0,68492824.0
2014-12-09,30.97,30.98,29.81,29.83,2808880.0,67579728.0
2014-12-10,29.87,31.11,28.97,31.05,3001751.0,71792816.0
2014-12-11,30.78,31.11,30.62,30.92,1742793.0,42442168.0
2014-12-12,30.91,30.95,30.57,30.82,1228225.0,29849104.0
2014-12-15,30.82,31.96,30.6,31.87,4399912.0,109592112.0
2014-12-16,31.77,31.83,31.14,31.55,1732444.0,43048560.0
2014-12-17,31.55,31.55,30.12,30.38,2282864.0,55282096.0
2014-12-18,30.5,30.76,29.84,30.29,2655768.0,63385796.0
2014-12-19,30.12,30.27,29.11,30.19,1722687.0,40373576.0
2014-12-22,29.87,30.19,29.14,29.29,1923669.0,44949564.0
2014-12-23,29.36,29.36,28.6,28.91,1697000.0,38856572.0
2014-12-24,28.95,29.81,28.93,29.7,1195284.0,27702960.0
2014-12-25,29.86,30.63,29.86,30.5,2752061.0,66102564.0
2014-12-26,30.52,30.68,29.87,29.88,1809564.0,43003004.0
2014-12-29,29.93,30.25,28.86,29.58,1729222.0,40078440.0
2014-12-30,29.49,29.49,27.86,28.43,2555961.0,57477668.0
2014-12-31,28.6,28.78,28.12,28.66,1735776.0,38953112.0
2015-01-05,28.68,28.69,27.54,28.2,2182728.0,48185592.0
2015-01-06,28.33,29.69,28.22,29.55,3382445.0,77642168.0
2015-01-07,29.49,30.12,28.88,29.97,3789270.0,88104824.0
2015-01-08,29.68,30.33,28.86,30.12,2950348.0,69543512.0
2015-01-09,30.12,32.03,29.82,31.58,9102951.0,226242272.0
2015-01-12,31.43,32.25,30.89,31.91,3657452.0,91726760.0
2015-01-13,31.84,32.27,31.31,31.79,1374342.0,34535480.0
2015-01-14,32.05,33.07,31.64,31.65,2978894.0,76494752.0
2015-01-15,31.65,32.21,31.38,31.77,1346608.0,33964384.0
2015-01-16,31.78,32.45,31.53,32.15,1546409.0,39077424.0
2015-01-19,31.62,33.77,31.39,32.6,4849436.0,126340112.0
2015-01-20,32.65,33.76,32.36,33.63,3656283.0,96228904.0
2015-01-21,34.3,36.58,34.17,36.07,9408462.0,265118848.0
2015-01-22,35.95,36.17,35.02,35.92,2245527.0,63182784.0
2015-01-23,35.76,37.08,35.38,36.03,4497180.0,129417984.0
2015-01-26,36.33,36.6,35.31,36.05,2645657.0,74480720.0
2015-01-27,35.93,35.93,34.76,35.07,3405901.0,94443224.0
2015-01-28,35.0,36.45,34.68,35.92,2766347.0,78322704.0
2015-01-29,35.82,36.67,35.19,36.1,2645223.0,75764944.0
2015-01-30,36.07,36.43,34.81,34.81,1296214.0,36152344.0
2015-02-02,34.81,34.83,33.36,34.67,1044746.0,28280540.0
2015-02-03,35.08,35.93,35.08,35.73,1327668.0,37240028.0
2015-02-04,36.7,36.96,35.53,35.62,1108177.0,31545772.0
2015-02-05,35.58,36.17,35.58,35.68,1022117.0,28900032.0
2015-02-06,35.31,36.65,34.17,34.92,1893872.0,52569148.0
2015-02-09,34.3,34.87,32.91,33.26,2082676.0,55390124.0
2015-02-10,33.48,34.1,33.16,33.63,807921.0,21394796.0
2015-02-11,33.62,34.55,33.41,34.16,1163446.0,31341050.0
2015-02-12,33.92,34.06,33.19,33.97,2316287.0,61131792.0
2015-02-13,34.11,34.49,34.02,34.08,1714681.0,46396088.0
2015-02-16,34.05,35.64,34.05,35.38,2013949.0,55786156.0
2015-02-17,35.38,35.81,35.2,35.44,905432.0,25333138.0
2015-02-25,35.43,35.43,34.45,34.65,1246364.0,34209328.0
2015-02-26,34.63,34.97,34.45,34.81,695588.0,19099078.0
2015-02-27,34.87,34.98,34.21,34.58,2090423.0,57073728.0
2015-03-02,35.06,38.03,35.06,38.03,8563496.0,251485904.0
2015-03-03,37.6,37.65,36.39,36.59,5234523.0,153301232.0
2015-03-04,36.58,38.38,36.58,38.34,3731295.0,110223208.0
2015-03-05,38.34,39.45,36.69,37.34,3711052.0,110363680.0
2015-03-06,37.11,37.67,36.24,37.1,2877494.0,84157032.0
2015-03-09,37.17,37.32,36.24,36.78,2242815.0,65147844.0
2015-03-10,36.81,38.48,36.48,37.96,2932497.0,87217632.0
2015-03-11,38.39,38.46,37.39,38.2,2889353.0,86303184.0
2015-03-12,38.35,38.95,37.44,37.88,2979917.0,89294264.0
2015-03-13,38.1,38.2,36.93,37.46,2258024.0,66678508.0
2015-03-16,37.46,39.99,37.13,39.15,3905050.0,119385320.0
2015-03-17,39.36,39.68,38.29,39.19,3088642.0,95070168.0
2015-03-18,39.56,43.03,39.56,41.45,4448045.0,145217408.0
2015-03-19,41.7,41.73,40.36,41.15,2756379.0,89026672.0
2015-03-20,41.01,41.62,40.82,41.59,2731401.0,88851920.0
2015-03-23,42.02,42.29,41.05,42.17,4016422.0,131940960.0
2015-03-24,42.15,43.66,41.27,43.44,4588497.0,153994320.0
2015-03-25,43.89,46.03,42.82,45.69,5469500.0,192877008.0
2015-03-26,44.68,46.05,42.89,44.01,4048314.0,142045728.0
2015-03-27,43.91,45.37,43.03,45.03,2140278.0,74666384.0
2015-03-30,45.1,48.69,45.1,45.55,4167056.0,153540224.0
2015-03-31,45.44,47.66,44.44,47.48,4072962.0,150293248.0
2015-04-01,47.08,52.22,46.58,52.22,6038231.0,243597232.0
2015-04-02,54.42,57.37,51.7,55.59,6684282.0,285967648.0
2015-04-03,54.68,57.37,53.92,54.7,4222495.0,183935744.0
2015-04-07,54.54,55.63,53.98,55.12,2696248.0,116633368.0
2015-04-08,54.93,57.37,51.68,53.69,6247826.0,264642368.0
2015-04-09,53.16,53.16,48.49,50.64,5185545.0,206164704.0
2015-04-10,50.37,52.49,50.36,51.66,2616200.0,106756320.0
2015-04-13,51.89,53.79,51.8,52.27,2627095.0,109419024.0
2015-04-14,52.4,53.59,49.74,49.94,5948164.0,239546784.0
2015-04-15,49.94,50.5,48.08,48.98,3675298.0,142321328.0
2015-04-16,48.7,50.23,47.46,49.85,4858707.0,189055872.0
2015-04-17,50.5,50.88,49.55,50.17,2960397.0,117611696.0
2015-04-20,49.99,51.95,49.13,49.91,5499347.0,218911168.0
2015-04-21,49.84,52.46,48.49,52.37,5938467.0,235933296.0
2015-04-22,53.03,55.41,52.39,54.77,4903957.0,208451232.0
2015-04-23,54.79,55.27,53.79,54.64,3421917.0,147205584.0
2015-04-24,53.55,55.25,52.88,54.08,3434383.0,146552064.0
2015-04-27,54.46,57.45,53.74,55.87,6760774.0,296220768.0
2015-04-28,54.02,54.02,50.28,50.28,7973091.0,322866560.0
2015-04-29,49.08,51.99,48.15,51.39,5796312.0,230158016.0
2015-04-30,51.36,51.36,48.85,50.37,5056917.0,200349872.0
2015-05-04,51.87,51.87,50.12,50.16,3660225.0,146783840.0
2015-05-05,51.37,51.42,48.78,48.85,4559826.0,181653888.0
2015-05-06,48.63,49.92,47.58,48.03,3695180.0,141855040.0
2015-05-07,48.06,48.09,45.85,45.96,2696455.0,99788984.0
2015-05-08,46.96,50.37,46.88,50.15,4314930.0,167456256.0
2015-05-11,51.06,53.16,49.44,51.89,4398758.0,179722240.0
2015-05-12,52.15,52.52,51.08,51.78,4053101.0,165298384.0
2015-05-13,51.45,52.97,50.5,52.49,4459849.0,181416880.0
2015-05-14,52.52,52.83,51.73,52.08,2829266.0,116437184.0
2015-05-15,52.15,52.78,50.5,51.92,2949115.0,120319864.0
2015-05-18,51.61,54.4,51.35,52.84,3585866.0,150647360.0
2015-05-19,54.42,56.46,53.39,56.26,6150102.0,266429776.0
2015-05-20,56.9,61.89,56.54,61.89,7149668.0,342564064.0
2015-05-21,62.69,63.51,60.77,62.81,5499323.0,270413440.0
2015-05-22,62.78,64.28,60.41,60.71,4546457.0,221600272.0
2015-05-25,59.99,60.98,58.6,59.87,6020133.0,283147616.0
2015-05-26,60.22,63.27,60.12,63.05,5326151.0,262055184.0
2015-05-27,65.17,66.22,62.11,65.44,5123909.0,260224448.0
2015-05-28,64.41,65.56,58.89,58.89,5509883.0,273407392.0
2015-05-29,58.64,60.7,54.27,58.2,4345445.0,200483120.0
2015-06-01,59.3,64.02,58.85,64.02,4211963.0,205497664.0
2015-06-02,65.06,69.59,64.55,67.85,4617885.0,245066544.0
2015-06-03,67.97,68.98,64.55,65.48,5657480.0,295307648.0
2015-06-04,64.8,64.8,59.2,64.14,5856791.0,289362656.0
2015-06-05,64.18,66.28,62.4,63.44,3811576.0,194606000.0
2015-06-08,63.6,64.04,59.99,62.37,5601975.0,271789472.0
2015-06-09,62.78,63.31,60.75,61.4,3583245.0,175173472.0
2015-06-10,60.88,63.27,60.35,62.01,4850868.0,236798256.0
2015-06-11,61.61,61.7,59.36,60.54,8266257.0,393768128.0
2015-06-12,60.36,61.04,58.99,60.92,5950819.0,281895008.0
2015-06-15,60.97,61.33,59.11,59.16,5503861.0,260717008.0
2015-06-16,58.37,58.71,55.06,55.52,4689220.0,211043888.0
2015-06-17,55.37,58.17,54.55,57.52,3782605.0,167828624.0
2015-06-18,56.92,57.46,53.92,54.12,2858598.0,126697696.0
2015-06-19,52.68,53.16,50.07,50.37,3604497.0,146231152.0
2015-06-23,50.48,52.39,47.49,51.13,2792553.0,111066392.0
2015-06-24,51.89,52.45,50.48,52.34,3807448.0,155925552.0
2015-06-25,52.63,52.63,49.22,49.79,2737778.0,110984960.0
2015-06-26,48.66,49.74,44.82,44.82,3768088.0,139209488.0
2015-06-29,46.2,46.2,40.34,40.38,5758295.0,191596800.0
2015-06-30,39.63,44.41,37.97,44.41,8860433.0,292986336.0
2015-07-01,44.42,48.66,43.79,44.49,9309575.0,340321632.0
2015-07-02,44.49,46.82,43.41,44.56,6357557.0,227916336.0
2015-07-03,44.01,47.34,40.12,41.16,8265366.0,279597248.0
2015-07-06,45.27,45.27,37.3,40.11,8033579.0,262138352.0
2015-07-07,36.33,37.97,36.1,36.1,3644860.0,105129392.0
2015-07-08,32.49,33.67,32.49,32.49,5445846.0,139993712.0
2015-07-13,35.74,35.74,35.74,35.74,193829.0,5473731.0
2015-07-14,39.31,39.31,39.31,39.31,141931.0,4408377.0
2015-07-15,43.25,43.25,38.62,40.22,14904590.0,495773088.0
2015-07-16,38.1,43.13,38.1,42.58,5587617.0,184233968.0
2015-07-17,42.4,46.26,42.4,45.77,5924824.0,210765392.0
2015-07-20,44.83,49.11,44.68,47.06,7522556.0,281403136.0
2015-07-21,46.2,48.35,45.39,46.64,4271457.0,158020992.0
2015-07-22,46.68,49.79,46.68,48.79,5370026.0,206287456.0
2015-07-23,48.69,49.64,48.09,49.42,4015186.0,155591840.0
2015-07-24,49.49,49.61,46.68,47.11,3211679.0,122939232.0
2015-07-27,46.83,49.31,42.4,42.4,3910646.0,142648592.0
2015-07-28,41.13,43.88,38.98,39.87,4661508.0,150229936.0
2015-07-29,40.6,43.2,39.97,43.17,4264717.0,138274304.0
2015-07-30,43.51,44.13,42.65,42.85,3180440.0,109041968.0
2015-07-31,42.32,42.63,39.34,40.34,4119035.0,133706024.0
2015-08-03,40.21,40.21,36.3,37.65,4066051.0,121423864.0
2015-08-04,37.84,40.86,37.65,40.69,2946599.0,91159776.0
2015-08-05,40.5,42.19,40.1,40.86,2760454.0,89253472.0
2015-08-06,39.87,42.17,39.55,41.99,2578757.0,84526648.0
2015-08-07,41.83,45.49,41.77,44.31,3966774.0,138171696.0
2015-08-10,44.62,46.41,43.93,46.06,2713314.0,97167344.0
2015-08-11,45.93,47.42,44.65,45.37,3119860.0,113395168.0
2015-08-12,46.83,48.59,44.93,46.35,6841046.0,253302128.0
2015-08-13,45.37,46.32,44.42,45.99,4939414.0,176682656.0
2015-08-14,46.08,46.77,45.44,45.79,3891511.0,141972896.0
2015-08-17,45.77,50.37,45.75,50.37,6545791.0,248090448.0
2015-08-18,49.96,49.96,45.34,45.34,6320379.0,239810384.0
2015-08-19,44.58,47.36,43.45,46.75,4338196.0,155415440.0
2015-08-20,46.07,46.58,44.3,44.34,2753656.0,98553192.0
2015-08-21,43.66,43.68,41.15,42.07,3952518.0,132334608.0
2015-08-24,39.97,40.44,37.87,37.87,1939634.0,58884840.0
2015-08-25,34.19,35.56,34.08,34.08,3178572.0,86821608.0
2015-08-26,34.3,35.76,32.15,32.93,3634104.0,98315664.0
2015-08-27,34.02,34.78,32.02,34.33,2860387.0,76054520.0
2015-08-28,35.4,37.76,34.68,37.76,4045852.0,116331408.0
2015-08-31,36.96,38.48,36.72,37.06,3489096.0,103624096.0
2015-09-01,36.8,36.8,33.35,33.35,2469371.0,67176512.0
2015-09-02,30.06,34.68,30.06,31.64,3503928.0,89203056.0
2015-09-07,32.91,34.3,32.12,32.29,2579094.0,68136992.0
2015-09-08,31.91,34.5,31.39,34.16,2878798.0,74013824.0
2015-09-09,34.74,36.4,34.05,35.4,3924100.0,109546728.0
2015-09-10,34.96,35.87,34.89,35.26,1334725.0,37223328.0
2015-09-11,35.06,35.82,34.69,35.27,1476593.0,41101596.0
2015-09-14,35.4,35.6,32.02,32.96,2851841.0,75457840.0
2015-09-15,32.33,33.05,29.74,30.68,2585589.0,64887640.0
2015-09-16,31.01,33.67,30.76,33.35,2968166.0,74571568.0
2015-09-17,33.38,34.52,32.4,33.02,3305729.0,88204704.0
2015-09-18,33.11,34.76,33.11,34.54,2639236.0,71262584.0
2015-09-21,34.06,36.9,34.06,36.87,3152477.0,87612944.0
2015-09-22,37.46,37.46,36.46,36.74,1824203.0,52345096.0
2015-09-23,35.41,36.35,35.18,35.52,2226967.0,61684696.0
2015-09-24,35.52,36.06,34.9,35.72,3483693.0,95541760.0
2015-09-25,35.54,35.7,32.9,34.18,2138797.0,56714652.0
2015-09-28,34.18,36.68,33.25,36.13,1731912.0,47415608.0
2015-09-29,36.06,38.2,35.65,37.5,4177628.0,120721496.0
2015-09-30,37.16,37.72,36.19,37.08,2510102.0,72043968.0
2015-10-08,38.22,39.28,37.85,38.5,3375280.0,101011200.0
2015-10-09,38.25,38.63,37.99,38.5,1882428.0,55993096.0
2015-10-12,38.7,41.84,38.7,41.36,3726844.0,116644640.0
2015-10-13,41.21,43.55,40.44,41.9,7029401.0,226277184.0
2015-10-14,41.23,42.08,40.37,40.44,2732568.0,87403040.0
2015-10-15,40.67,42.2,40.67,41.67,2950566.0,95341288.0
2015-10-16,41.87,42.02,39.98,41.21,3519679.0,111991720.0
2015-10-19,41.22,41.75,40.24,40.56,2327090.0,73812024.0
2015-10-20,40.63,43.4,40.63,42.06,6345734.0,208037360.0
2015-10-21,42.06,42.87,37.86,39.64,4679754.0,150211520.0
2015-10-22,39.59,40.71,38.43,40.69,3669490.0,113472312.0
2015-10-23,41.05,41.49,40.18,41.48,2909947.0,92418112.0
2015-10-26,41.74,44.8,41.74,44.71,7752622.0,261734752.0
2015-10-27,44.17,44.41,41.92,43.84,4579093.0,153633920.0
2015-10-28,43.4,44.71,42.75,43.01,3905191.0,132956696.0
2015-10-29,43.66,43.66,42.24,43.05,2160094.0,71963872.0
2015-10-30,42.99,43.06,41.97,42.33,2339946.0,77216672.0
2015-11-02,41.21,41.7,39.88,39.92,5728658.0,181282208.0
2015-11-03,40.19,40.5,39.48,39.77,2982954.0,92361256.0
2015-11-04,40.24,42.72,40.06,42.12,4453262.0,143539952.0
2015-11-05,42.12,43.09,41.8,42.19,5217754.0,171712560.0
2015-11-06,42.38,43.59,42.24,43.45,3637773.0,122041232.0
2015-11-09,43.23,44.63,42.27,44.18,5057758.0,170253536.0
2015-11-10,43.56,44.15,42.75,43.22,4927584.0,166184896.0
2015-11-11,43.17,45.06,42.75,45.01,4711803.0,160576656.0
2015-11-12,44.83,45.63,44.08,45.15,4319440.0,150197376.0
2015-11-13,44.75,45.07,43.4,43.6,3998792.0,136813344.0
2015-11-16,42.65,45.11,42.65,45.06,3330546.0,113936016.0
2015-11-17,45.46,48.12,45.27,47.3,8053454.0,289299392.0
2015-11-18,47.45,49.97,46.85,46.9,9124643.0,344926080.0
2015-11-19,47.36,49.84,47.13,49.8,8945829.0,339380896.0
2015-11-20,50.45,53.57,49.8,52.73,14396872.0,578926592.0
2015-11-23,51.78,51.88,50.71,50.97,6860398.0,272868000.0
2015-11-24,50.87,51.65,49.59,51.09,4507695.0,177027088.0
2015-11-25,51.1,52.8,50.22,51.66,5407060.0,217094992.0
2015-11-26,52.8,53.43,50.73,50.93,6049404.0,245258032.0
2015-11-27,50.22,51.07,47.02,47.65,6442723.0,247792768.0
2015-11-30,48.03,49.81,46.49,49.31,6917133.0,260829936.0
2015-12-01,48.97,50.06,48.32,49.08,3436899.0,131273003.0
2015-12-02,48.66,49.17,45.72,47.31,2825025.0,104421312.0
2015-12-03,47.44,49.12,47.44,48.91,2578795.0,97234323.0
2015-12-04,48.48,49.84,47.65,48.39,3057801.0,115901104.0
2015-12-07,48.19,49.75,48.19,49.28,2614535.0,99895370.0
2015-12-08,49.0,50.73,48.55,50.27,4019852.0,155250912.0
2015-12-09,50.27,51.0,49.58,50.56,3571954.0,139491431.0
2015-12-10,50.93,51.23,49.21,49.28,2832059.0,110162240.0
2015-12-11,49.28,49.28,47.49,47.62,3253695.0,121295456.0
2015-12-14,47.49,48.88,46.69,48.87,1706191.0,63499412.0
2015-12-15,48.86,49.7,48.45,49.01,2575874.0,98160208.0
2015-12-16,49.32,51.3,49.19,50.47,3777720.0,147936192.0
2015-12-17,51.46,51.74,50.71,51.55,3765497.0,150260448.0
2015-12-18,51.74,52.35,50.62,51.5,3603530.0,144150288.0
2015-12-21,51.07,53.16,50.87,52.35,3973878.0,161830336.0
2015-12-22,52.49,53.06,52.01,52.81,2649007.0,108135803.0
2015-12-23,53.27,53.29,50.8,50.87,3971720.0,159516048.0
2015-12-24,51.18,51.87,50.65,51.45,2057250.0,82099096.0
2015-12-25,51.9,51.9,50.69,51.47,2139566.0,84937688.0
2015-12-28,51.79,52.14,50.18,50.22,2269141.0,90187097.0
2015-12-29,49.97,50.74,49.97,50.65,1722054.0,67540949.0
2015-12-30,51.07,51.23,49.44,50.2,3950560.0,154322370.0
2015-12-31,50.48,50.74,46.49,47.3,7338056.0,274989412.0
2016-01-04,47.45,47.91,42.62,42.66,3440677.0,122197848.0
2016-01-05,40.81,44.27,40.72,44.23,5890280.0,195713351.0
2016-01-06,44.17,44.87,43.4,44.49,3575333.0,122704182.0
2016-01-07,42.87,43.51,40.06,40.13,647500.0,20970000.0
2016-01-08,41.85,44.15,39.53,42.82,6412955.0,211145172.0
2016-01-11,42.34,44.78,41.21,41.22,4432099.0,148868875.0
2016-01-12,42.33,43.06,41.23,42.62,3327533.0,109330961.0
2016-01-13,42.51,44.27,42.34,42.84,3869109.0,129575761.0
2016-01-14,41.22,44.63,40.71,44.44,2906728.0,97396011.0
2016-01-15,43.53,44.25,40.8,41.22,3778909.0,124659457.0
2016-01-18,39.79,41.97,38.95,41.66,3094868.0,97584634.0
2016-01-19,41.3,43.77,40.73,43.56,3836058.0,125513756.0
2016-01-20,42.92,43.78,42.11,42.48,3210732.0,107194021.0
2016-01-21,42.35,42.74,40.69,40.78,2302663.0,75024870.0
2016-01-22,41.2,42.11,39.5,40.48,2236623.0,70330419.0
2016-01-25,41.07,41.58,39.84,40.42,1968780.0,61982575.0
2016-01-26,39.86,39.92,36.38,36.38,3383244.0,100030633.0
2016-01-27,36.42,37.16,33.92,35.63,4241637.0,115392190.0
2016-01-28,35.09,35.41,33.56,34.32,1972500.0,52996332.0
2016-01-29,33.91,36.03,33.91,35.89,2203706.0,60475644.0
2016-02-01,35.88,36.25,35.2,35.92,1642507.0,45528631.0
2016-02-02,35.95,37.15,35.67,36.83,2152876.0,61435088.0
2016-02-03,36.83,36.83,35.95,36.71,1378665.0,38941343.0
2016-02-04,36.77,37.59,36.77,37.36,1629362.0,47142606.0
2016-02-05,37.47,37.94,37.34,37.59,1716387.0,50124809.0
2016-02-15,36.2,38.25,35.86,38.09,1573563.0,45618128.0
2016-02-16,38.09,39.41,37.89,39.25,1876096.0,56662957.0
2016-02-17,39.26,39.6,38.41,39.48,1938936.0,58790176.0
2016-02-18,39.79,39.98,39.11,39.66,2119341.0,65109303.0
2016-02-19,39.28,41.04,39.28,40.82,2723755.0,85572949.0
2016-02-22,41.72,41.72,40.59,40.81,2215099.0,70378088.0
2016-02-23,40.81,41.17,39.92,40.41,1708638.0,53585306.0
2016-02-24,39.98,41.0,39.3,40.24,1817515.0,56633675.0
2016-02-25,40.76,40.77,36.23,36.53,2472786.0,73903287.0
2016-02-26,36.84,37.36,36.5,37.02,1411760.0,40531878.0
2016-02-29,36.71,37.15,33.48,34.72,2219528.0,60633680.0
2016-03-01,35.16,36.29,34.67,36.25,1790263.0,49370665.0
2016-03-02,36.07,38.16,35.81,37.9,1861221.0,53708996.0
2016-03-03,38.08,38.88,37.54,37.56,2466854.0,73216435.0
2016-03-04,37.34,38.4,36.44,36.74,3220261.0,93258438.0
2016-03-07,37.09,37.77,36.77,37.24,1139481.0,32980342.0
2016-03-08,37.28,37.47,36.07,37.44,1953984.0,55829983.0
2016-03-09,40.56,40.56,38.38,38.5,3855622.0,117802420.0
2016-03-10,38.38,39.68,38.0,38.07,1900179.0,57053863.0
2016-03-11,37.37,39.07,37.37,38.87,1877479.0,56119215.0
2016-03-14,39.34,40.29,39.05,39.88,3426047.0,106154163.0
2016-03-15,39.92,41.2,39.62,40.87,3256287.0,102744990.0
2016-03-16,40.56,41.13,39.73,39.79,2490166.0,77949965.0
2016-03-17,39.68,41.31,39.68,40.94,3392028.0,107697658.0
2016-03-18,41.08,42.21,41.08,41.93,2397057.0,77487881.0
2016-03-21,42.41,43.14,41.92,42.37,2793342.0,91919485.0
2016-03-22,42.11,44.81,41.66,44.05,4403918.0,149796602.0
2016-03-23,43.89,43.98,42.82,43.89,3022707.0,101794654.0
2016-03-24,43.78,43.89,43.04,43.08,2203235.0,74214662.0
2016-03-25,42.91,43.63,42.38,42.87,3117968.0,103937761.0
2016-03-28,43.01,44.63,43.01,44.09,3176353.0,108719406.0
2016-03-29,44.2,44.41,42.16,42.21,2353649.0,79047213.0
2016-03-30,42.5,45.82,42.5,45.23,3851022.0,132602514.0
2016-03-31,45.72,46.62,45.33,45.5,4119945.0,147321478.0
2016-04-01,45.7,46.32,44.69,45.94,2624932.0,92278759.0
2016-04-05,46.49,47.12,46.1,46.62,4476382.0,161228072.0
2016-04-06,46.62,49.39,46.18,49.1,5846763.0,215584875.0
2016-04-07,48.77,49.68,47.63,47.69,5880038.0,221727740.0
2016-04-08,47.53,49.64,46.75,48.23,4740891.0,177711781.0
2016-04-11,48.24,49.06,47.75,47.92,4541704.0,170334266.0
2016-04-12,47.52,48.52,46.2,46.46,6409939.0,236407723.0
2016-04-13,46.62,47.58,46.45,47.49,6719222.0,244532118.0
2016-04-14,47.39,47.75,47.0,47.56,2664717.0,98073697.0
2016-04-15,47.45,47.78,46.49,46.9,2341071.0,85845204.0
2016-04-18,47.25,48.23,45.99,47.69,4493265.0,164668689.0
2016-04-19,47.65,47.84,47.17,47.66,2020593.0,74622193.0
2016-04-20,48.29,49.58,43.78,47.39,6427493.0,237381437.0
2016-04-21,46.37,47.33,45.97,46.5,3235506.0,117374437.0
2016-04-22,45.99,46.99,44.98,45.76,3540325.0,125894331.0
2016-04-25,44.75,45.72,44.18,45.06,2693279.0,93743053.0
2016-04-26,45.46,48.65,45.39,48.37,7092428.0,262470564.0
2016-04-27,48.27,50.18,47.71,49.37,10172138.0,387775112.0
2016-04-28,45.46,46.2,44.44,44.44,5576569.0,194741900.0
2016-04-29,42.5,43.45,42.37,42.84,7589593.0,251974567.0
2016-05-03,42.9,43.6,42.15,43.23,6633214.0,221788199.0
2016-05-04,43.14,43.19,42.51,42.82,7405398.0,246113716.0
2016-05-05,42.9,43.17,42.56,42.95,4819223.0,160456388.0
2016-05-06,43.06,43.23,40.22,40.41,6922826.0,224815174.0
2016-05-09,39.96,40.29,39.34,40.09,3418292.0,105715895.0
2016-05-10,40.32,40.36,39.75,39.88,2030208.0,63019350.0
2016-05-11,39.92,40.53,39.66,39.83,2099137.0,65337635.0
2016-05-12,39.41,40.31,39.02,40.14,2734274.0,84758286.0
2016-05-13,40.05,40.94,40.05,40.54,2850317.0,89800237.0
2016-05-16,40.44,40.73,39.9,40.68,4031687.0,126277499.0
2016-05-17,40.86,41.16,40.45,40.78,3951314.0,125414827.0
2016-05-18,40.56,40.56,39.02,39.28,3290006.0,101422327.0
2016-05-19,39.33,40.76,39.28,40.32,2850583.0,88937698.0
2016-05-20,40.14,41.02,39.65,40.96,1942703.0,61133231.0
2016-05-23,41.08,41.72,40.82,41.7,2509799.0,80514039.0
2016-05-24,41.72,41.74,40.77,41.05,1720654.0,54936911.0
2016-05-25,41.08,41.53,40.62,40.72,1389292.0,44346323.0
2016-05-26,40.69,41.03,39.91,40.67,1287249.0,40242013.0
2016-05-27,40.56,40.72,40.29,40.56,1530705.0,48157047.0
2016-05-30,40.42,40.73,39.79,40.32,916249.0,28686865.0
2016-05-31,40.54,41.85,40.32,41.83,3381751.0,108904213.0
2016-06-01,41.97,42.97,41.75,42.51,3941581.0,130230322.0
2016-06-02,42.51,42.65,42.11,42.41,2208635.0,72622744.0
2016-06-03,42.38,43.9,42.25,43.42,3650360.0,122175373.0
2016-06-06,43.6,44.08,43.4,43.66,4442457.0,150928623.0
2016-06-07,43.59,43.73,43.02,43.56,2177383.0,73377326.0
2016-06-08,43.58,43.96,43.3,43.53,2652915.0,89898280.0
2016-06-13,43.01,43.01,40.46,40.55,4254240.0,138311619.0
2016-06-14,40.33,40.94,40.33,40.67,1640878.0,51692456.0
2016-06-15,40.66,42.6,40.32,42.25,3647942.0,118386373.0
2016-06-16,42.32,43.55,42.06,42.7,3614913.0,120307145.0
2016-06-17,42.7,43.63,41.95,42.37,2166230.0,71991266.0
2016-06-20,42.37,45.74,42.37,45.39,10784982.0,372664095.0
2016-06-21,45.6,47.62,45.6,46.63,14619631.0,530979290.0
2016-06-22,46.55,47.52,46.55,47.26,10722160.0,391137035.0
2016-06-23,47.27,49.24,46.62,46.97,11160143.0,413017579.0
2016-06-24,46.49,47.38,44.69,46.98,9419255.0,339428857.0
2016-06-27,47.0,48.11,47.0,47.69,11552058.0,428285288.0
2016-06-28,47.63,52.13,47.63,51.19,18203234.0,701477929.0
2016-06-29,50.99,51.99,50.31,51.45,10653484.0,423229103.0
2016-06-30,51.38,53.93,50.89,53.89,14917860.0,614045980.0
2016-07-01,54.09,55.1,52.55,54.58,13621975.0,565897219.0
2016-07-04,52.58,52.72,51.07,51.66,16061936.0,645453564.0
2016-07-05,51.51,52.15,50.85,52.09,11098404.0,443764772.0
2016-07-06,51.51,53.65,51.11,53.45,9809971.0,401721779.0
2016-07-07,58.57,58.57,53.98,54.22,59457838.0,2610824810.0
2016-07-08,53.63,55.84,53.19,53.96,26449905.0,1119784716.0
2016-07-11,54.23,54.6,49.84,50.05,32556045.0,1308386946.0
2016-07-12,50.16,50.73,49.62,50.35,14647659.0,570023418.0
2016-07-13,50.73,50.93,50.08,50.65,12464693.0,488769140.0
2016-07-14,50.74,50.98,50.35,50.73,9201853.0,362141130.0
2016-07-15,50.74,50.88,49.58,49.66,15580707.0,606559542.0
2016-07-18,49.75,50.15,49.0,49.82,7356436.0,284270419.0
2016-07-19,49.94,50.47,49.63,50.13,7986244.0,310074380.0
2016-07-20,50.38,50.4,49.49,49.54,9130203.0,352994175.0
2016-07-21,49.6,50.09,49.45,49.9,7080574.0,273637322.0
2016-07-22,49.84,49.99,49.04,49.06,9637271.0,369989318.0
2016-07-25,48.94,49.17,47.07,47.21,11944482.0,444590921.0
2016-07-26,47.27,48.03,47.25,47.83,5167076.0,190741353.0
2016-07-27,47.91,47.97,45.46,45.94,9407384.0,340082642.0
2016-07-28,45.97,46.59,45.84,46.45,5646141.0,202938100.0
2016-07-29,46.62,47.44,46.4,46.98,6161910.0,224642473.0
2016-08-01,46.75,46.76,45.78,46.31,4269712.0,152967860.0
2016-08-02,46.23,47.62,46.23,47.51,7078678.0,259594690.0
2016-08-03,47.49,47.56,46.89,47.3,4783995.0,175530302.0
2016-08-04,47.52,47.62,47.11,47.43,4024924.0,148119073.0
2016-08-05,47.45,47.6,46.57,46.77,4319190.0,158113765.0
2016-08-08,46.75,47.25,45.92,47.16,5270521.0,190177610.0
2016-08-09,47.03,48.73,46.85,48.52,11613006.0,433863127.0
2016-08-10,48.61,48.61,47.97,47.98,6723263.0,251566323.0
2016-08-11,48.05,48.39,46.9,47.02,7055603.0,261550607.0
2016-08-12,46.99,47.38,46.75,47.3,3642937.0,133290397.0
2016-08-15,47.56,49.19,47.22,49.05,13733286.0,518465582.0
2016-08-16,49.23,49.81,48.97,49.49,10898210.0,418232731.0
2016-08-17,49.31,51.16,48.68,50.88,22857391.0,889695898.0
2016-08-18,50.53,50.76,49.86,50.18,12851525.0,501589630.0
2016-08-19,50.11,52.48,50.09,52.05,23720791.0,949703074.0
2016-08-22,52.54,52.54,49.52,49.54,22895160.0,902497646.0
2016-08-23,49.32,50.45,49.31,50.17,9451140.0,367071726.0
2016-08-24,50.25,51.96,50.22,51.38,18347246.0,731177646.0
2016-08-25,50.89,53.87,49.98,53.78,26908747.0,1089890497.0
2016-08-26,54.95,57.69,52.6,52.84,55071559.0,2361566086.0
2016-08-29,51.61,52.12,49.76,50.3,26024436.0,1025791915.0
2016-08-30,50.56,50.73,49.67,50.31,13504001.0,526758465.0
2016-08-31,50.22,50.4,49.59,50.3,10990745.0,426491893.0
2016-09-01,50.18,50.81,49.72,49.76,10364425.0,404847837.0
2016-09-02,49.9,50.11,48.24,48.56,14389240.0,547817899.0
2016-09-05,48.55,48.92,48.2,48.32,6781655.0,255859658.0
2016-09-06,48.3,49.95,48.23,49.94,10756251.0,411499643.0
2016-09-07,49.84,50.36,49.32,49.55,8671511.0,335649367.0
2016-09-08,49.84,49.84,48.78,49.17,7643771.0,292134160.0
2016-09-09,48.95,49.36,48.32,48.41,7291564.0,275526128.0
2016-09-12,47.2,48.41,46.75,47.6,7085128.0,262070104.0
2016-09-13,48.01,48.65,47.66,48.39,5608515.0,209622037.0
2016-09-14,47.97,48.5,47.43,48.11,4768389.0,177813220.0
2016-09-19,48.05,48.82,48.01,48.55,3905375.0,147023460.0
2016-09-20,48.55,49.4,48.42,49.26,7286144.0,277566706.0
2016-09-21,49.26,49.4,48.6,49.33,5762983.0,218830828.0
2016-09-22,49.4,49.66,48.78,48.83,9230695.0,353091723.0
2016-09-23,48.69,48.83,47.35,47.43,8117717.0,301928518.0
2016-09-26,47.02,47.99,46.78,46.84,5793448.0,212872740.0
2016-09-27,46.86,47.09,45.01,45.84,9488871.0,337356032.0
2016-09-28,46.1,47.05,44.7,45.1,10604414.0,107414757.0
2016-09-29,44.24,44.6,41.34,41.8,49894332.0,468811087.0
2016-09-30,41.66,42.02,40.98,41.7,25326269.0,232197248.0
2016-10-10,41.93,42.07,41.3,42.02,23318326.0,215019505.0
2016-10-11,42.02,43.02,41.7,42.52,25227846.0,236372434.0
2016-10-12,42.38,43.11,42.07,42.48,17467871.0,164205400.0
2016-10-13,42.43,42.7,41.84,42.07,16085350.0,149384621.0
2016-10-14,42.07,42.29,41.52,42.11,17549678.0,161623386.0
2016-10-17,42.11,42.29,41.3,41.39,17880835.0,164562615.0
2016-10-18,41.21,41.7,41.07,41.61,23350175.0,213231493.0
2016-10-19,41.61,42.2,41.43,42.11,29506495.0,272465135.0
2016-10-20,42.29,44.79,42.2,44.38,87088618.0,840753528.0
2016-10-21,43.88,43.88,42.61,43.38,45560223.0,434684603.0
2016-10-24,43.02,43.65,42.79,43.25,23159803.0,220740931.0
2016-10-25,43.29,44.33,43.06,43.52,33027478.0,318405378.0
2016-10-26,43.52,43.52,42.56,42.66,25602101.0,241830275.0
2016-10-27,42.66,42.88,42.2,42.52,15920762.0,149132146.0
2016-10-28,42.11,43.34,41.93,42.79,31233705.0,294542411.0
2016-10-31,42.56,42.56,41.98,42.34,20035638.0,186578814.0
2016-11-01,42.34,42.57,41.84,42.25,19833707.0,184430468.0
2016-11-02,42.02,42.2,41.48,41.84,23184245.0,213737781.0
2016-11-03,41.66,43.02,41.34,42.11,32134181.0,298725891.0
2016-11-04,42.25,42.75,41.7,41.8,19489306.0,180860669.0
2016-11-07,41.98,41.98,41.43,41.48,13730396.0,126122217.0
2016-11-08,41.7,41.8,41.39,41.52,14099990.0,129170308.0
2016-11-09,41.48,41.57,40.39,40.66,24372774.0,220138059.0
2016-11-10,40.89,41.21,40.8,40.98,17377988.0,156877700.0
2016-11-11,40.93,41.57,40.66,41.48,22202964.0,201679489.0
2016-11-14,41.48,41.93,41.16,41.34,19924331.0,182140053.0
2016-11-15,41.3,41.75,40.93,41.48,19094558.0,174379582.0
2016-11-16,41.48,42.61,41.39,41.93,32091912.0,297482142.0
2016-11-17,41.7,41.7,41.25,41.43,19845564.0,181279991.0
2016-11-18,41.48,41.48,41.07,41.16,14953500.0,136104694.0
2016-11-21,41.21,41.25,40.89,40.98,13866038.0,125439762.0
2016-11-22,41.12,41.21,40.75,41.02,18142555.0,163713614.0
2016-11-23,41.02,41.16,40.8,40.93,15790857.0,142624159.0
2016-11-24,40.89,41.02,40.25,40.39,23030924.0,206280994.0
2016-11-25,40.34,40.34,39.35,40.07,18063471.0,158751213.0
2016-11-28,40.12,40.34,39.8,40.12,12937894.0,114219711.0
2016-11-29,40.07,40.07,39.39,39.44,17965550.0,157277177.0
2016-11-30,39.3,39.44,38.71,38.8,19468509.0,167758018.0
2016-12-01,38.94,39.08,38.44,38.62,16392000.0,139863625.0
2016-12-02,38.53,38.67,37.49,37.58,20081547.0,168421689.0
2016-12-05,37.17,37.9,36.85,37.58,10016620.0,82939261.0
2016-12-06,37.67,37.94,37.58,37.85,8427447.0,70181779.0
2016-12-07,37.94,39.71,37.85,38.94,25221297.0,217091218.0
2016-12-08,38.89,39.08,38.21,38.3,11500947.0,97741458.0
2016-12-09,38.26,38.3,37.62,38.08,11542000.0,96419897.0
2016-12-12,38.08,38.08,36.27,36.35,17899632.0,145654469.0
2016-12-13,36.35,36.63,35.36,35.9,12642240.0,100217017.0
2016-12-14,36.13,36.85,35.99,36.04,13049485.0,104905178.0
2016-12-15,36.22,36.76,35.86,36.67,12454431.0,100171030.0
2016-12-16,36.76,36.95,36.4,36.81,8814445.0,71437518.0
2016-12-19,36.95,36.95,36.4,36.45,6672350.0,53906441.0
2016-12-20,36.35,36.81,36.31,36.49,7472238.0,60168561.0
2016-12-21,36.72,36.76,36.45,36.58,6629000.0,53477857.0
2016-12-22,36.67,36.76,36.4,36.49,5607160.0,45159315.0
2016-12-23,36.45,36.49,35.86,35.9,8193216.0,65238721.0
2016-12-26,35.77,35.81,35.18,35.77,8068512.0,63073541.0
2016-12-27,35.81,36.08,35.67,35.77,5884800.0,46542701.0
2016-12-28,35.86,36.31,35.67,36.13,9718899.0,77196033.0
2016-12-29,37.22,37.22,36.54,36.63,16538743.0,134460392.0
2016-12-30,36.45,36.81,36.4,36.58,6856014.0,55326077.0
2017-01-03,36.63,37.26,36.58,37.13,12265450.0,100129064.0
2017-01-04,37.13,37.62,36.95,37.44,13264623.0,109555150.0
2017-01-05,37.26,37.49,37.03,37.08,9499781.0,78097415.0
2017-01-06,37.03,37.4,36.99,37.03,6522502.0,53445991.0
2017-01-09,37.13,37.17,36.67,36.99,6142564.0,49923994.0
2017-01-10,37.03,37.03,36.72,36.9,4833936.0,39336895.0
2017-01-11,36.9,36.9,36.13,36.17,7830750.0,63042623.0
2017-01-12,36.13,36.35,35.45,35.45,10503588.0,82834292.0
2017-01-13,35.49,35.54,34.59,34.77,12587799.0,97169746.0
2017-01-16,34.72,34.77,32.05,33.68,13545468.0,100844032.0
2017-01-17,33.77,33.91,33.09,33.82,6044170.0,44637804.0
2017-01-18,33.73,33.73,33.41,33.45,4585650.0,33941874.0
2017-01-19,33.5,33.5,32.87,33.05,5038795.0,36774210.0
2017-01-20,33.05,33.63,32.87,33.63,5764893.0,42570702.0
2017-01-23,33.63,34.18,33.63,34.0,5814001.0,43605331.0
2017-01-24,34.0,34.13,33.82,34.0,3671628.0,27545609.0
2017-01-25,33.95,34.18,33.68,34.18,4031250.0,30246853.0
2017-01-26,34.27,34.31,34.0,34.13,3945827.0,29711233.0
2017-02-03,34.13,34.31,33.91,34.18,3986079.0,30030870.0
2017-02-06,34.23,34.31,34.04,34.31,4500739.0,33937014.0
2017-02-07,34.23,34.63,34.09,34.45,7184600.0,54568990.0
2017-02-08,34.41,34.63,34.09,34.54,6075242.0,46014296.0
2017-02-09,34.41,34.72,34.41,34.68,7119633.0,54330887.0
2017-02-10,34.63,34.72,34.41,34.68,7162360.0,54617550.0
2017-02-13,34.59,34.77,34.45,34.72,7839661.0,59923381.0
2017-02-14,34.77,34.77,34.59,34.63,4974898.0,38052665.0
2017-02-15,34.54,34.63,33.95,33.95,8456485.0,64000026.0
2017-02-16,33.95,34.23,33.86,34.09,6618025.0,49690564.0
2017-02-17,34.0,34.27,33.68,33.73,7382348.0,55352848.0
2017-02-20,33.73,34.13,33.73,34.09,5402832.0,40523395.0
2017-02-21,34.13,34.54,34.04,34.5,8465844.0,64234596.0
2017-02-22,34.59,35.04,34.5,34.99,13025933.0,100233103.0
2017-02-23,35.04,35.04,34.54,34.77,7677235.0,58741717.0
2017-02-24,34.68,34.95,34.54,34.77,6390087.0,48988789.0
2017-02-27,34.77,34.86,34.54,34.63,6248097.0,47806668.0
2017-02-28,34.59,34.72,34.5,34.63,6199823.0,47297632.0
2017-03-01,34.63,34.86,34.5,34.86,9045798.0,69276779.0
2017-03-02,34.81,35.04,34.59,34.68,7625897.0,58532603.0
2017-03-03,34.63,34.63,34.36,34.54,5999526.0,45647787.0
2017-03-06,34.59,34.68,34.5,34.68,6249105.0,47680144.0
2017-03-07,34.81,37.99,34.81,36.35,37454321.0,301817277.0
2017-03-08,36.85,36.85,35.95,36.13,17933986.0,143635851.0
2017-03-09,35.99,36.04,35.4,35.49,12824445.0,100753692.0
2017-03-10,35.4,36.13,35.36,35.99,11674997.0,92369195.0
2017-03-13,36.13,36.17,35.59,36.13,10417316.0,82539175.0
2017-03-14,36.13,36.13,35.81,35.81,7738478.0,61287136.0
2017-03-15,35.63,35.77,35.49,35.59,7076375.0,55528130.0
2017-03-16,35.72,36.49,35.59,36.08,11006823.0,87574683.0
2017-03-17,36.08,36.08,35.59,35.63,9212481.0,72817180.0
2017-03-20,35.49,35.77,35.45,35.63,5927889.0,46581340.0
2017-03-21,35.63,35.63,35.27,35.4,7771646.0,60703230.0
2017-03-22,35.27,35.27,34.77,34.91,9979694.0,77019209.0
2017-03-23,34.91,35.09,34.45,34.99,10163307.0,78001022.0
2017-03-24,34.99,35.13,34.63,34.99,6547340.0,50306049.0
2017-03-27,34.95,34.99,34.68,34.77,5745797.0,44115456.0
2017-03-28,34.86,35.45,34.86,35.31,11288952.0,87793172.0
2017-03-29,35.31,35.45,34.95,34.99,7424782.0,57538889.0
2017-03-30,34.91,34.95,33.77,33.91,11317763.0,85526105.0
2017-03-31,33.91,34.23,33.68,34.13,8803258.0,65929935.0
2017-04-05,34.0,34.68,34.0,34.45,9417304.0,71355790.0
2017-04-06,34.5,34.59,34.23,34.31,7396455.0,55975389.0
2017-04-07,34.23,34.36,34.04,34.23,8503627.0,64154876.0
2017-04-10,34.13,34.18,33.73,33.82,9155698.0,68414398.0
2017-04-11,33.82,34.31,33.77,34.27,9187351.0,68961450.0
2017-04-12,34.27,34.41,34.04,34.18,5475693.0,41386927.0
2017-04-13,34.09,34.5,34.0,34.41,6069209.0,45881494.0
2017-04-14,34.27,34.45,34.13,34.18,4585622.0,34628610.0
2017-04-17,34.27,34.27,33.82,33.86,6345362.0,47518790.0
2017-04-18,33.95,34.04,32.95,33.0,10149300.0,74949277.0
2017-04-19,33.0,33.36,32.14,32.41,11893014.0,85316858.0
2017-04-20,32.37,32.55,32.19,32.41,5159681.0,36810078.0
2017-04-21,32.41,32.59,32.23,32.27,3901963.0,27857489.0
2017-04-24,32.27,32.55,31.23,31.28,10783859.0,75547714.0
2017-04-25,31.28,31.96,31.23,31.46,8468108.0,59068427.0
2017-04-26,31.5,31.87,31.5,31.73,5373603.0,37589630.0
2017-04-27,31.73,31.82,30.92,31.64,6299532.0,43534026.0
2017-04-28,31.87,31.87,31.5,31.78,4470106.0,31218556.0
2017-05-02,31.82,32.41,31.73,32.23,7620992.0,54111541.0
2017-05-03,32.14,32.95,32.09,32.5,12353577.0,88518652.0
2017-05-04,32.5,32.64,32.05,32.27,5496691.0,39192474.0
2017-05-05,32.23,32.59,32.05,32.32,5589128.0,39804835.0
2017-05-08,32.32,32.32,31.69,31.78,4439796.0,31316286.0
2017-05-09,31.78,31.78,31.32,31.41,5154842.0,35866573.0
2017-05-10,31.37,31.64,30.33,30.37,9460059.0,64891179.0
2017-05-11,30.14,30.19,29.06,29.65,14545996.0,95176855.0
2017-05-12,29.6,29.74,29.19,29.28,5983435.0,38792234.0
2017-05-15,29.46,29.69,29.28,29.46,5434673.0,35377356.0
2017-05-16,29.51,30.33,29.24,30.24,7545290.0,49579947.0
2017-05-17,30.19,30.42,29.96,30.33,5255212.0,35034353.0
2017-05-18,30.24,31.87,30.1,31.41,18955801.0,130944792.0
2017-05-19,31.41,32.0,30.96,31.37,12238410.0,84878843.0
2017-05-22,31.28,31.5,30.92,31.01,6775009.0,46585788.0
2017-05-23,30.96,31.01,29.65,29.83,9142964.0,60928041.0
2017-05-24,29.74,30.01,29.1,30.01,7769007.0,50559677.0
2017-05-25,30.01,30.64,29.69,30.37,5084053.0,33811646.0
2017-05-26,30.51,31.14,30.37,30.51,9504719.0,64470662.0
2017-05-31,30.73,31.1,30.33,30.51,7882355.0,53346391.0
2017-06-01,30.82,31.91,30.78,31.55,23028925.0,159184007.0
2017-06-02,31.59,32.87,31.1,32.87,25005037.0,177451295.0
2017-06-05,32.91,34.13,32.68,33.73,21999272.0,162704706.0
2017-06-06,33.55,33.86,33.23,33.41,8622924.0,63764479.0
2017-06-07,33.49,33.95,33.17,33.91,11846414.0,87176963.0
2017-06-08,33.82,35.28,33.82,34.73,15607236.0,118353341.0
2017-06-09,34.64,34.78,33.68,33.95,12261275.0,91327091.0
2017-06-12,33.82,33.91,33.22,33.31,9888643.0,72384453.0
2017-06-13,33.31,34.46,33.31,34.23,9657389.0,71958619.0
2017-06-14,34.37,34.37,33.91,34.09,5477347.0,40758045.0
2017-06-15,34.82,35.6,34.14,34.32,18594700.0,141753143.0
2017-06-16,34.46,34.64,34.14,34.41,8775034.0,65857321.0
2017-06-19,34.37,34.55,34.14,34.32,6291207.0,47036430.0
2017-06-20,34.5,34.55,33.59,33.72,11252525.0,83557460.0
2017-06-21,33.91,34.05,32.99,33.36,13169536.0,95906163.0
2017-06-22,33.4,33.54,33.08,33.13,10516400.0,76523202.0
2017-06-23,33.27,33.31,33.04,33.22,8843880.0,63953666.0
2017-06-26,33.27,33.45,32.99,33.4,8598850.0,62366472.0
2017-06-27,33.45,33.63,33.36,33.4,7898200.0,57717924.0
2017-06-28,33.49,33.68,33.31,33.63,9931867.0,72746205.0
2017-06-29,33.63,33.68,33.27,33.63,8531679.0,62319772.0
2017-06-30,33.49,34.14,33.36,34.05,11500960.0,84769087.0
2017-07-03,34.18,34.64,33.91,34.64,12784720.0,95776629.0
2017-07-04,34.64,35.37,34.64,35.15,19792993.0,151817482.0
2017-07-05,35.19,35.33,34.91,35.28,8976698.0,68848351.0
2017-07-06,35.33,35.47,35.19,35.37,9429990.0,72644863.0
2017-07-07,35.28,35.51,35.01,35.33,9750913.0,74916031.0
2017-07-10,35.33,35.37,34.69,34.69,9986814.0,76160034.0
2017-07-11,34.59,35.14,34.59,34.73,6071179.0,46267849.0
2017-07-12,34.64,34.78,34.18,34.41,5994550.0,44966244.0
2017-07-13,34.46,34.64,34.09,34.27,5978979.0,44831144.0
2017-07-14,34.18,34.37,34.05,34.05,3878943.0,28951604.0
2017-07-17,34.27,34.27,32.67,32.76,12165972.0,87943699.0
2017-07-18,32.53,33.27,32.53,33.22,6723628.0,48324093.0
2017-07-19,33.36,34.05,33.04,34.0,7418051.0,54417467.0
2017-07-20,34.09,35.15,34.05,34.23,13213939.0,100097478.0
2017-07-21,34.23,35.51,34.0,35.28,18405511.0,140270787.0
2017-07-24,35.19,36.84,35.05,36.66,36562419.0,290265994.0
2017-07-25,36.66,36.89,35.97,36.38,16603556.0,131512822.0
2017-07-26,36.38,37.12,36.06,36.15,18310690.0,146056061.0
2017-07-27,36.2,36.61,35.88,36.29,21101282.0,166961178.0
2017-07-28,36.34,37.44,36.29,37.25,24883232.0,201153015.0
2017-07-31,37.71,38.95,37.71,38.58,42703117.0,357946804.0
2017-08-01,38.21,39.22,37.85,38.08,25776259.0,217410238.0
2017-08-02,38.12,38.35,37.12,37.44,18254407.0,150374657.0
2017-08-03,37.39,37.8,37.02,37.21,14995835.0,122357868.0
2017-08-04,37.21,37.39,36.2,36.24,13536352.0,108682623.0
2017-08-07,36.2,37.53,35.83,37.34,16224634.0,130349348.0
2017-08-08,37.21,37.3,36.66,36.98,12130290.0,97681377.0
2017-08-09,36.98,36.98,36.24,36.38,13032975.0,103773747.0
2017-08-10,36.38,36.7,35.92,36.24,12213358.0,96391483.0
2017-08-11,36.06,36.29,35.28,35.79,14397993.0,112473416.0
2017-08-14,35.69,36.89,35.51,36.47,9546350.0,76096328.0
2017-08-15,36.47,36.75,36.29,36.66,5333808.0,42562452.0
2017-08-16,36.93,36.93,36.34,36.66,10990800.0,87942820.0
2017-08-17,36.79,37.53,36.79,37.48,13105763.0,106615370.0
2017-08-18,37.53,38.17,37.12,37.21,11780628.0,96779444.0
2017-08-21,37.3,37.76,37.21,37.44,5955810.0,48719203.0
2017-08-22,37.53,37.71,36.66,36.93,8436568.0,68143227.0
2017-08-23,36.98,37.16,36.2,36.79,8463728.0,67659619.0
2017-08-24,36.79,36.79,36.24,36.38,4190950.0,33335590.0
2017-08-25,36.38,36.84,36.29,36.61,4821906.0,38611958.0
2017-08-28,36.61,37.3,36.61,37.3,6694678.0,54271844.0
2017-08-29,37.39,37.48,36.61,36.79,8831080.0,71294403.0
2017-08-30,36.75,37.34,36.75,37.16,5296198.0,42860745.0
2017-08-31,37.16,37.16,36.34,36.56,9025469.0,72145760.0
2017-09-01,36.7,37.12,36.52,36.79,7789434.0,62574907.0
2017-09-04,36.66,37.25,36.29,37.25,10903003.0,87658416.0
2017-09-05,37.3,37.98,37.21,37.53,12496694.0,102482137.0
2017-09-06,37.48,37.48,36.75,37.12,9066445.0,73160288.0
2017-09-07,37.21,37.3,36.66,36.66,9762442.0,78599984.0
2017-09-08,36.84,37.85,36.66,37.76,19404494.0,158499419.0
2017-09-11,37.76,38.99,37.25,38.86,28326122.0,237988458.0
2017-09-12,39.09,41.01,38.99,40.14,48571093.0,427051423.0
2017-09-13,39.77,40.92,39.63,40.6,26632017.0,235149743.0
2017-09-14,40.55,41.33,39.73,39.82,22332187.0,196705374.0
2017-09-15,39.77,40.32,38.86,39.77,19974772.0,172491293.0
2017-09-18,39.63,41.01,39.22,40.92,18654560.0,164310585.0
2017-09-19,40.96,42.29,40.78,41.38,30781941.0,280189507.0
2017-09-20,41.33,42.06,40.83,41.33,15560935.0,140441597.0
2017-09-21,41.47,42.11,41.05,41.7,14999241.0,136057054.0
2017-09-22,41.7,41.93,40.78,41.38,14722874.0,132637498.0
2017-09-25,41.24,41.24,39.77,40.51,13659924.0,120274259.0
2017-09-26,40.28,40.51,39.13,39.63,15943989.0,137322379.0
2017-09-27,39.68,40.83,39.41,40.78,11977384.0,105025730.0
2017-09-28,40.78,41.28,40.46,41.01,11643556.0,104205655.0
2017-09-29,40.78,41.38,40.05,40.64,12419231.0,110193829.0
2017-10-09,40.92,41.47,40.51,41.28,15712787.0,140748294.0
2017-10-10,41.19,41.33,40.41,40.92,11998177.0,106695300.0
2017-10-11,40.78,41.15,40.37,40.46,10749595.0,95418443.0
2017-10-12,40.32,40.64,39.41,40.05,13592310.0,118459690.0
2017-10-13,39.86,40.0,39.45,39.86,6442154.0,55879962.0
2017-10-16,39.77,39.96,38.03,38.76,14837100.0,125648276.0
2017-10-17,38.63,38.9,38.31,38.9,7722545.0,65075319.0
2017-10-18,38.95,39.31,38.26,38.35,7649973.0,64696879.0
2017-10-19,38.4,38.72,38.03,38.58,5889990.0,49338065.0
2017-10-20,38.4,38.58,38.08,38.4,5580094.0,46673416.0
2017-10-23,38.49,40.05,38.12,39.86,15012482.0,128798409.0
2017-10-24,39.77,40.19,39.36,39.86,9679215.0,83688066.0
2017-10-25,41.19,41.6,40.19,40.92,28714901.0,256141938.0
2017-10-26,41.19,42.25,40.96,42.2,62711160.0,569420154.0
2017-10-27,40.55,41.24,39.96,40.87,40806502.0,361622307.0
2017-10-30,40.6,40.6,38.99,40.19,19397846.0,168910929.0
2017-10-31,40.23,40.37,39.22,40.09,14203489.0,123052109.0
2017-11-01,39.91,40.41,39.41,40.0,14067128.0,122592958.0
2017-11-02,40.0,40.32,39.63,39.86,9559120.0,83298186.0
2017-11-03,39.77,40.0,38.49,38.9,10449602.0,89275835.0
2017-11-06,38.95,40.51,38.53,40.19,11735921.0,101851936.0
2017-11-07,40.19,40.28,38.95,40.19,14371467.0,124176222.0
2017-11-08,39.96,40.78,39.59,40.64,13661645.0,120437960.0
2017-11-09,40.69,42.43,40.32,42.2,35613355.0,323923462.0
2017-11-10,42.98,46.37,42.98,46.05,95108644.0,937779730.0
2017-11-13,48.34,50.68,47.93,50.68,113952359.0,1242814091.0
2017-11-14,51.46,51.46,47.84,49.03,93733595.0,1017679172.0
2017-11-15,48.62,49.44,47.15,47.65,51972280.0,547202869.0
2017-11-16,47.74,48.66,47.15,47.24,44429133.0,466697103.0
2017-11-17,47.24,49.4,43.85,45.96,47369358.0,496541863.0
2017-11-20,46.55,50.54,46.23,50.54,54167061.0,573333086.0
2017-11-21,50.77,52.69,49.35,51.73,60166089.0,672608251.0
2017-11-22,51.14,51.14,49.3,50.54,28784829.0,315025618.0
2017-11-23,49.99,50.17,45.55,46.78,38505594.0,397448725.0
2017-11-24,45.91,48.2,44.35,47.7,26161170.0,266267738.0
2017-11-27,46.74,47.01,44.35,44.63,23378693.0,232600270.0
2017-11-28,44.22,46.19,44.22,46.14,15257011.0,152095109.0
2017-11-29,46.65,47.1,45.27,45.87,12920315.0,129481897.0
2017-11-30,45.41,45.82,42.66,43.44,36190391.0,344563252.0
2017-12-01,43.67,44.67,42.84,44.12,17168980.0,165079068.0
2017-12-04,43.62,44.4,42.52,42.84,26654241.0,251358775.0
2017-12-05,42.61,43.21,40.92,41.97,17285770.0,159510234.0
2017-12-06,42.02,42.29,39.45,40.87,27673678.0,245518735.0
2017-12-07,41.01,41.97,40.69,41.24,15512815.0,139876617.0
2017-12-08,41.01,42.25,39.86,41.51,19216943.0,172689925.0
2017-12-11,41.93,44.03,41.33,43.53,23217707.0,218204997.0
2017-12-12,43.53,43.53,42.02,42.48,14835908.0,137865728.0
2017-12-13,42.11,43.16,41.24,43.03,15686430.0,144885081.0
2017-12-14,42.66,42.84,41.7,41.93,14756959.0,135440660.0
2017-12-15,41.74,41.74,40.6,40.78,14561389.0,130181040.0
2017-12-18,40.87,41.28,40.37,40.96,13437627.0,119513571.0
2017-12-19,40.92,41.24,40.46,41.1,16554600.0,147570853.0
2017-12-20,41.01,41.05,39.54,40.32,13991567.0,122988066.0
2017-12-21,40.19,42.38,39.73,42.29,23594807.0,212140495.0
2017-12-22,42.06,46.51,42.06,46.51,47729259.0,474226077.0
2017-12-25,47.61,48.3,45.68,46.51,58315807.0,598794527.0
2017-12-26,46.55,46.65,45.0,46.33,31562296.0,316312970.0
2017-12-27,45.82,47.15,45.55,45.91,23440816.0,236464088.0
2017-12-28,45.36,47.01,44.9,45.59,22193997.0,222875873.0
2017-12-29,45.36,46.51,45.18,46.46,15702422.0,157390269.0
2018-01-02,47.97,48.02,44.45,45.23,42295162.0,420770666.0
2018-01-03,44.95,47.1,44.72,46.33,29333217.0,296356748.0
2018-01-04,45.91,46.55,45.18,46.19,16981527.0,170196411.0
2018-01-05,46.14,46.28,44.54,44.72,21744736.0,213710246.0
2018-01-08,44.81,44.95,42.38,42.61,35074714.0,328700809.0
2018-01-09,42.93,43.21,41.88,43.12,20258493.0,188549648.0
2018-01-10,42.98,42.98,41.88,42.2,14126815.0,130258306.0
2018-01-11,42.52,42.52,41.15,42.34,13765946.0,125834524.0
2018-01-12,42.38,43.07,42.06,42.38,11957402.0,111124718.0
2018-01-15,42.06,42.06,40.23,40.28,21301722.0,189707511.0
2018-01-16,40.28,41.15,39.82,40.51,13499675.0,119306137.0
2018-01-17,40.32,40.87,39.77,40.51,16047084.0,141368681.0
2018-01-18,40.51,41.88,40.09,41.65,20472248.0,183990358.0
2018-01-19,41.79,43.16,41.24,41.7,16037410.0,147826170.0
2018-01-22,41.7,42.61,40.69,42.25,14086483.0,128363425.0
2018-01-23,42.06,42.89,41.6,42.02,12570900.0,115933350.0
2018-01-24,41.93,42.06,41.19,41.7,16169108.0,146660827.0
2018-01-25,41.93,42.48,41.74,41.79,11446327.0,104870121.0
2018-01-26,41.83,42.43,41.42,41.6,11634658.0,106572336.0
2018-01-29,41.28,41.88,40.23,40.87,18311392.0,163743313.0
2018-01-30,40.83,41.33,40.41,40.73,8936002.0,79502830.0
2018-01-31,40.87,40.87,39.96,40.28,8119700.0,71356698.0
2018-02-01,40.14,40.55,36.24,36.61,30498409.0,249769373.0
2018-02-02,36.43,36.79,33.91,35.15,40697006.0,311908885.0
2018-02-05,34.32,34.91,33.59,34.23,23073088.0,172155287.0
2018-02-06,33.45,34.46,32.67,33.27,15978818.0,116944355.0
2018-02-07,34.37,34.5,31.98,32.9,18033450.0,129768349.0
2018-02-08,32.85,33.86,32.58,33.59,15724246.0,113890582.0
2018-02-09,32.26,32.99,31.39,31.62,20523490.0,143500320.0
2018-02-12,31.98,34.78,31.8,34.14,25311086.0,185301999.0
2018-02-13,34.09,35.47,34.0,34.27,16306281.0,123297239.0
2018-02-14,34.55,34.87,33.72,34.5,7564833.0,56745074.0
2018-02-22,35.01,35.1,34.32,35.01,8730192.0,66294661.0
2018-02-23,35.14,35.14,33.77,34.55,12440489.0,93095574.0
2018-02-26,34.5,36.66,34.23,36.38,18203537.0,141400971.0
2018-02-27,36.29,37.48,35.92,36.47,12398464.0,99249876.0
2018-02-28,36.11,36.66,35.6,36.11,8321925.0,65853027.0
2018-03-01,35.97,37.16,35.79,36.84,12109357.0,97143173.0
2018-03-02,36.47,37.07,36.29,36.56,8111120.0,64759949.0
2018-03-05,36.43,36.61,35.92,36.38,7202268.0,57049439.0
2018-03-06,36.43,37.02,36.43,36.7,8804325.0,70403648.0
2018-03-07,36.61,36.75,35.97,36.02,5921480.0,46941196.0
2018-03-08,35.79,36.2,35.33,35.69,8158950.0,63385547.0
2018-03-09,35.74,36.98,35.51,36.79,12751958.0,101568756.0
2018-03-12,36.79,38.63,36.79,38.4,16684589.0,138940612.0
2018-03-13,38.63,40.05,38.44,38.76,20415951.0,174757454.0
2018-03-14,38.76,38.95,37.57,37.89,11934242.0,99615526.0
2018-03-15,37.85,38.26,36.93,37.39,10716984.0,87436360.0
2018-03-16,37.39,37.89,37.02,37.3,6826945.0,55810876.0
2018-03-19,37.34,37.57,36.11,36.24,16054128.0,127633432.0
2018-03-20,35.83,36.24,35.28,36.11,8912989.0,69426246.0
2018-03-21,36.43,37.21,36.11,36.24,13172730.0,105682880.0
2018-03-22,36.52,36.7,35.69,36.02,7864237.0,62063002.0
2018-03-23,35.01,35.65,33.54,34.09,13914013.0,104577989.0
2018-03-26,33.95,35.65,32.99,35.42,12711120.0,95706254.0
2018-03-27,35.74,36.24,35.19,35.74,11274927.0,88066237.0
2018-03-28,35.19,35.97,34.87,35.6,9392193.0,73014956.0
2018-03-29,35.56,36.43,35.28,36.2,7906271.0,61657770.0
2018-03-30,36.2,36.98,36.15,36.75,6475550.0,51868099.0
2018-04-02,37.02,37.02,36.24,36.34,9426535.0,75207620.0
2018-04-03,35.88,36.06,35.19,35.88,9797983.0,76002119.0
2018-04-04,35.92,36.02,35.14,35.19,6959722.0,54007150.0
2018-04-09,35.05,35.74,34.27,34.78,8491223.0,64805221.0
2018-04-10,34.82,35.33,34.55,35.15,6195473.0,47158111.0
2018-04-11,35.28,35.69,34.87,35.05,7356005.0,56594254.0
2018-04-12,35.14,35.19,34.73,34.96,5337985.0,40714051.0
2018-04-13,34.91,35.19,34.78,34.91,4574685.0,34934019.0
2018-04-16,34.87,35.01,33.82,34.78,7989361.0,59950570.0
2018-04-17,34.78,34.82,33.95,34.46,6910629.0,51813078.0
2018-04-18,34.59,34.96,32.99,33.72,11811104.0,86993144.0
2018-04-19,33.86,36.89,33.08,36.15,26930578.0,205964057.0
2018-04-20,35.69,36.38,33.63,33.72,19439452.0,148431186.0
2018-04-23,33.72,34.05,32.58,33.08,11591920.0,83925078.0
2018-04-24,32.81,33.91,32.72,33.36,17754625.0,128930976.0
2018-04-25,32.99,33.22,32.67,32.81,13019841.0,93240997.0
2018-04-26,32.9,32.9,31.84,32.17,13483971.0,94696059.0
2018-04-27,32.12,32.4,30.65,30.88,20143488.0,137372037.0
2018-05-02,31.02,31.3,30.29,30.43,11073214.0,73882107.0
2018-05-03,30.47,31.2,29.83,30.93,8698911.0,57961280.0
2018-05-04,30.98,31.07,30.33,30.52,9341442.0,62556863.0
2018-05-07,30.61,31.75,30.29,31.62,14788858.0,100692449.0
2018-05-08,31.48,32.21,31.39,31.84,8489731.0,58966693.0
2018-05-09,31.94,32.21,31.39,31.57,8704831.0,60441740.0
2018-05-10,31.62,31.89,30.98,31.34,16591180.0,113111707.0
2018-05-11,31.34,31.48,30.56,30.88,14725407.0,99660488.0
2018-05-14,30.84,31.02,30.56,30.61,8648489.0,58138808.0
2018-05-15,30.7,30.79,30.33,30.61,9773321.0,65080492.0
2018-05-16,30.7,31.8,30.33,31.39,20713641.0,141270173.0
2018-05-17,31.34,31.66,30.79,30.84,8911416.0,60702332.0
2018-05-18,30.93,31.48,30.61,31.16,10799637.0,73163854.0
2018-05-21,31.34,32.4,31.34,32.21,14619197.0,101713662.0
2018-05-22,32.3,32.35,31.57,31.84,9067851.0,62917287.0
2018-05-23,31.84,31.94,31.25,31.3,6811610.0,47020931.0
2018-05-24,31.39,31.39,30.93,30.98,4895206.0,33238998.0
2018-05-25,30.93,31.02,30.24,30.38,9903483.0,65937450.0
2018-05-28,30.29,30.52,29.88,29.97,7314839.0,48261365.0
2018-05-29,29.83,29.92,28.23,28.59,20715086.0,130413665.0
2018-05-30,28.32,28.32,27.58,27.58,13286887.0,80661439.0
2018-05-31,27.86,28.04,27.36,27.81,11990217.0,72343226.0
2018-06-01,27.63,28.18,27.4,27.54,8066252.0,48732882.0
2018-06-04,24.79,25.52,24.79,24.79,19530600.0,105886693.0
2018-06-05,24.19,25.11,23.32,24.97,44324739.0,232287753.0
2018-06-06,24.51,24.74,24.24,24.7,20958571.0,112223987.0
2018-06-07,24.84,25.84,24.51,24.65,19857613.0,108937918.0
2018-06-08,24.61,24.84,24.19,24.79,10533532.0,56431991.0
2018-06-11,24.7,25.02,24.29,24.61,10105449.0,54508410.0
2018-06-12,25.57,25.93,24.61,25.2,17589183.0,96529213.0
2018-06-13,24.93,25.11,24.51,24.88,10388924.0,56176292.0
2018-06-14,24.74,25.02,24.56,24.65,5909632.0,31914693.0
2018-06-15,24.7,25.02,24.1,24.88,11021814.0,58983198.0
2018-06-19,24.56,24.65,22.91,23.55,11799202.0,61161117.0
2018-06-20,23.32,23.92,23.23,23.41,8407755.0,43250531.0
2018-06-21,23.55,23.55,22.18,22.36,17127607.0,85665785.0
2018-06-22,22.09,23.14,22.04,23.05,11324577.0,56230596.0
2018-06-25,23.37,23.51,22.77,22.82,6128677.0,30917488.0
2018-06-26,22.45,23.32,22.27,23.14,12362359.0,61248471.0
2018-06-27,23.32,23.32,22.5,22.54,10325494.0,51447909.0
2018-06-28,22.59,22.91,22.36,22.5,8169864.0,40464106.0
2018-06-29,22.59,22.91,22.36,22.82,10076814.0,49974054.0
2018-07-02,22.82,22.86,22.04,22.13,9532006.0,46608690.0
2018-07-03,22.13,22.41,21.77,22.36,9534832.0,46129013.0
2018-07-04,22.32,22.45,22.09,22.22,6887550.0,33499376.0
2018-07-05,22.18,22.32,21.44,21.86,12125378.0,57690758.0
2018-07-06,21.67,22.04,20.85,21.4,32702747.0,152875802.0
2018-07-09,21.44,21.72,21.35,21.49,15702003.0,73534827.0
2018-07-10,21.49,21.58,20.76,21.21,24589388.0,112765302.0
2018-07-11,20.8,20.94,19.98,20.25,14695604.0,65669022.0
2018-07-12,20.25,21.08,20.16,20.89,16438361.0,74298245.0
2018-07-13,20.99,21.31,20.85,21.03,10796523.0,49558161.0
2018-07-16,21.08,21.31,20.85,21.21,7811269.0,35906745.0
2018-07-17,22.86,22.86,21.9,22.32,28089190.0,136248094.0
2018-07-18,22.41,22.46,21.63,21.72,15828557.0,74997722.0
2018-07-19,21.58,21.81,21.4,21.63,10260097.0,47958487.0
2018-07-20,21.53,21.9,21.26,21.72,10684878.0,49895613.0
2018-07-23,21.72,22.09,21.53,22.04,9776570.0,46358656.0
2018-07-24,22.04,23.2,21.95,23.11,21800077.0,107232178.0
2018-07-25,22.92,24.4,22.87,23.89,27316866.0,141574509.0
2018-07-26,23.89,24.03,23.43,23.52,12904048.0,65971890.0
2018-07-27,23.66,23.98,23.38,23.48,9926658.0,50754248.0
2018-07-30,23.94,24.12,23.52,23.57,13175644.0,67934534.0
2018-07-31,23.57,23.57,22.74,23.24,11198770.0,56134466.0
2018-08-01,23.29,23.61,23.06,23.24,10198853.0,51506516.0
2018-08-02,23.01,23.01,21.58,22.27,12541150.0,60340238.0
2018-08-03,22.14,22.69,22.09,22.37,11118363.0,54008597.0
2018-08-06,22.23,22.37,21.03,21.16,14114062.0,65848466.0
2018-08-07,21.35,22.14,20.89,22.14,14319015.0,66785103.0
2018-08-08,22.14,22.78,22.0,22.18,12243716.0,59349261.0
2018-08-09,22.14,22.6,22.0,22.41,13256426.0,64224473.0
2018-08-10,22.46,22.46,22.09,22.37,6192208.0,29865903.0
2018-08-13,22.04,22.32,21.72,22.18,7136690.0,33971926.0
2018-08-14,22.23,22.41,22.0,22.27,4893303.0,23514067.0
2018-08-15,22.18,22.23,21.53,21.81,9332044.0,44070444.0
2018-08-16,21.63,21.77,21.07,21.07,8917487.0,41301173.0
2018-08-17,21.4,21.53,20.89,20.98,8497449.0,38899957.0
2018-08-20,21.03,21.12,20.47,20.98,6911571.0,31102039.0
2018-08-21,21.03,21.35,20.93,21.12,5284822.0,24183207.0
2018-08-22,21.49,22.74,21.26,22.04,25474457.0,122330006.0
2018-08-23,22.14,22.32,21.67,21.95,11220507.0,53313478.0
2018-08-24,21.95,22.0,21.63,21.72,11194252.0,52684686.0
2018-08-27,21.77,22.46,21.72,22.23,11174481.0,53376354.0
2018-08-28,22.32,22.46,22.04,22.14,8715077.0,41895096.0
2018-08-29,22.18,22.23,21.81,22.04,9260743.0,44035015.0
2018-08-30,22.0,22.09,21.4,21.44,7547684.0,35512186.0
2018-08-31,21.49,21.81,21.12,21.49,9374750.0,43610021.0
2018-09-03,21.81,22.32,21.44,21.95,12370221.0,58546076.0
2018-09-04,21.86,22.14,21.63,21.86,21514332.0,101909168.0
2018-09-05,21.95,22.09,21.77,21.77,11610600.0,55173610.0
2018-09-06,21.77,21.81,21.3,21.4,9418200.0,43854504.0
2018-09-07,21.49,21.81,21.26,21.35,8683231.0,40404651.0
2018-09-10,21.4,21.4,20.89,20.98,11176194.0,50863332.0
2018-09-11,21.03,21.21,20.75,20.93,5751652.0,26018361.0
2018-09-12,21.03,21.07,20.8,20.93,6266840.0,28409509.0
2018-09-13,21.12,21.21,20.84,21.03,7555308.0,34301717.0
2018-09-14,21.03,21.21,20.93,20.98,6408444.0,29177491.0
2018-09-17,20.98,21.03,20.56,20.7,6381260.0,28626556.0
2018-09-18,20.7,21.03,20.56,20.98,6031014.0,27131977.0
2018-09-19,21.03,21.3,20.89,21.16,8858149.0,40570059.0
2018-09-20,21.07,21.26,20.93,21.03,6840800.0,31154793.0
2018-09-21,21.12,21.3,20.98,21.21,10053395.0,46032879.0
2018-09-25,21.07,21.4,21.03,21.26,8901798.0,40952939.0
2018-09-26,21.21,21.86,21.12,21.58,16267626.0,75807422.0
2018-09-27,21.63,21.72,21.21,21.26,8960750.0,41608378.0
2018-09-28,21.35,21.63,21.21,21.63,11142009.0,51636178.0
2018-10-08,21.26,21.35,20.61,20.7,13509258.0,61120527.0
2018-10-09,20.75,21.03,20.61,20.93,9448975.0,42515403.0
2018-10-10,20.89,21.16,20.84,20.89,6401624.0,29090172.0
2018-10-11,20.33,20.61,19.13,19.45,19392357.0,83953144.0
2018-10-12,19.04,19.64,18.48,19.22,9367958.0,38779449.0
2018-10-15,19.32,19.5,18.99,19.04,6337605.0,26343813.0
2018-10-16,19.09,19.22,17.84,18.07,16601631.0,66000724.0
2018-10-17,18.25,18.39,17.79,18.25,8093431.0,31742754.0
2018-10-18,18.21,18.53,17.84,18.02,9297488.0,36557428.0
2018-10-19,17.79,18.53,17.51,18.39,8564739.0,33694104.0
2018-10-22,18.48,19.55,18.48,19.36,14568250.0,60392015.0
2018-10-23,19.41,19.41,18.95,19.09,10537343.0,43637420.0
2018-10-24,18.99,19.27,18.9,18.99,7248300.0,29884576.0
2018-10-25,18.48,18.85,18.39,18.81,10357223.0,41580352.0
2018-10-26,18.95,19.22,18.9,18.99,7089594.0,29168874.0
2018-10-29,19.13,19.36,18.9,18.95,9603786.0,39807327.0
2018-10-30,19.18,19.32,18.9,19.22,8502626.0,35231562.0
2018-10-31,19.27,19.69,19.18,19.5,8481601.0,35758633.0
2018-11-01,19.5,20.33,19.5,19.78,13308868.0,57316621.0
2018-11-02,20.01,20.89,20.01,20.75,20338150.0,90044396.0
2018-11-05,22.18,22.83,22.18,22.83,34035704.0,166960346.0
2018-11-06,23.34,23.94,22.5,23.01,64635919.0,324113168.0
2018-11-07,22.69,23.15,22.41,22.46,29301193.0,144848551.0
2018-11-08,22.87,23.11,21.81,22.04,20552120.0,99866850.0
2018-11-09,22.32,22.46,21.81,21.9,15969759.0,76409922.0
2018-11-12,21.72,23.61,21.72,23.43,36265898.0,180369696.0
2018-11-13,23.11,24.4,22.97,23.98,34355768.0,177953401.0
