2015-04-23,12.57,12.57,12.57,12.57,45300.0,569421.0
2015-04-24,13.83,13.83,13.83,13.83,11300.0,156279.0
2015-04-27,15.21,15.21,15.21,15.21,14200.0,215982.0
2015-04-28,16.73,16.73,16.73,16.73,12200.0,204106.0
2015-04-29,18.4,18.4,18.4,18.4,40900.0,752560.0
2015-04-30,20.24,20.24,20.24,20.24,68900.0,1394536.0
2015-05-04,22.26,22.26,22.26,22.26,85085.0,1893992.0
2015-05-05,24.49,24.49,24.49,24.49,103600.0,2537164.0
2015-05-06,26.94,26.94,26.51,26.94,3954524.0,106491600.0
2015-05-07,26.94,29.63,26.0,29.63,16679703.0,467638144.0
2015-05-08,27.1,32.19,27.1,30.11,14276868.0,417256032.0
2015-05-11,30.0,33.12,29.31,33.12,11451967.0,361199968.0
2015-05-12,33.3,36.43,33.12,36.43,11492378.0,405237888.0
2015-05-13,36.51,40.07,34.5,40.07,9309173.0,354894304.0
2015-05-14,42.4,44.08,41.0,44.08,5864457.0,255273600.0
2015-05-15,48.2,48.49,44.5,48.49,3709186.0,178347264.0
2015-05-18,53.34,53.34,52.2,53.34,912770.0,48633936.0
2015-05-19,58.67,58.67,49.0,58.67,11507365.0,636490560.0
2015-05-20,59.1,64.54,59.1,64.54,6189344.0,386301312.0
2015-05-21,70.0,70.99,66.0,70.99,2520421.0,176828496.0
2015-05-22,78.09,78.09,73.0,78.09,2573597.0,200047424.0
2015-05-25,85.9,85.9,83.09,85.9,1413755.0,121087672.0
2015-05-26,94.49,94.49,94.49,94.49,157120.0,14846269.0
2015-05-27,103.94,103.94,103.94,103.94,117010.0,12162019.0
2015-05-28,114.33,114.33,93.55,93.55,1321060.0,138270048.0
2015-05-29,84.2,102.0,84.2,88.36,13962963.0,1243725056.0
2015-06-01,84.0,84.7,79.52,79.52,6273323.0,504437984.0
2015-06-02,72.02,79.98,71.57,73.56,12425198.0,916946368.0
2015-06-03,73.89,75.98,71.56,74.09,7311084.0,538755776.0
2015-06-04,73.0,73.0,66.68,66.75,6934452.0,472297088.0
2015-06-05,67.9,68.9,64.2,66.75,6165767.0,412582368.0
2015-06-08,66.74,66.74,60.28,60.49,6021620.0,375085152.0
2015-06-09,60.25,62.9,59.58,61.48,4068568.0,249959200.0
2015-06-10,61.28,65.52,59.9,64.42,6656835.0,425211296.0
2015-06-11,63.0,70.86,62.7,70.86,9265488.0,625328832.0
2015-06-12,72.85,75.69,66.29,66.35,10534914.0,752096064.0
2015-06-15,63.03,63.06,59.72,59.72,5035927.0,303765952.0
2015-06-16,55.54,58.9,54.03,57.08,5696127.0,318997984.0
2015-06-17,56.6,58.0,55.01,57.86,4298429.0,244465536.0
2015-06-18,57.0,57.78,52.07,52.07,4111094.0,224376528.0
2015-06-19,49.2,51.98,47.1,48.13,3926005.0,193391232.0
2015-06-23,48.58,50.68,46.02,50.59,3670805.0,181254304.0
2015-06-24,51.62,51.71,49.2,50.64,4092668.0,205291136.0
2015-06-25,50.6,51.2,48.3,48.43,4067670.0,202425008.0
2015-06-26,47.0,53.16,43.66,44.39,5375513.0,258450832.0
2015-06-29,45.7,46.4,39.95,39.95,4363013.0,187058016.0
2015-06-30,39.03,43.9,35.96,43.13,4760780.0,189047008.0
2015-07-01,41.61,44.58,38.82,38.82,4296544.0,180994704.0
2015-07-02,38.2,39.39,35.0,35.04,3511775.0,129954040.0
2015-07-03,34.38,36.9,31.54,32.84,3556252.0,118942472.0
2015-07-06,36.12,36.12,30.0,32.89,4055729.0,135206128.0
2015-07-07,30.6,32.0,29.6,29.6,1661637.0,50420568.0
2015-07-08,26.64,26.64,26.64,26.64,361600.0,9633024.0
2015-07-09,23.98,29.3,23.98,29.3,3875644.0,106297360.0
2015-07-10,31.0,32.23,30.01,32.23,2426699.0,76903952.0
2015-07-13,35.3,35.45,33.0,35.45,4668847.0,163435936.0
2015-07-14,37.14,39.0,36.5,39.0,7670124.0,294378272.0
2015-07-15,39.0,39.0,35.1,35.1,4102359.0,148076816.0
2015-07-16,31.59,36.88,31.59,34.28,4940192.0,167576816.0
2015-07-17,34.1,37.6,33.33,36.93,3710248.0,132430192.0
2015-07-20,36.8,38.5,36.05,36.7,4377032.0,161464784.0
2015-07-21,35.72,40.37,35.2,40.37,5972313.0,228336528.0
2015-07-22,40.55,41.52,38.53,40.89,6398620.0,258820176.0
2015-07-23,41.02,44.98,39.6,44.98,7061616.0,302765056.0
2015-07-24,44.99,47.0,42.39,43.27,8223416.0,373994336.0
2015-07-27,41.29,45.1,38.94,38.94,4906599.0,205086576.0
2015-07-28,35.14,38.55,35.05,35.23,4607037.0,166435760.0
2015-07-29,36.5,38.75,34.2,38.75,4373747.0,159504512.0
2015-07-30,39.8,42.4,37.3,40.69,7216983.0,295295552.0
2015-07-31,39.05,44.48,39.04,43.53,7196985.0,305818976.0
2015-08-03,42.7,46.25,41.62,45.95,8192043.0,360893888.0
2015-08-04,46.26,46.28,42.05,45.9,6907859.0,307278144.0
2015-08-05,44.4,48.0,44.0,46.15,6480029.0,300105312.0
2015-08-06,44.5,45.5,42.1,42.47,4366462.0,190555584.0
2015-08-07,42.33,43.6,42.2,43.08,3153453.0,136020944.0
2015-08-10,43.49,45.88,43.0,45.15,3523287.0,157180560.0
2015-08-11,45.55,48.2,45.43,46.1,4016044.0,187039232.0
2015-08-12,44.91,46.12,43.97,44.96,3312595.0,148697136.0
2015-08-13,44.02,45.88,44.02,45.78,2596410.0,116723960.0
2015-08-14,46.01,47.5,45.51,46.46,3465026.0,160567376.0
2015-08-17,46.0,46.21,44.43,45.01,2619820.0,118470232.0
2015-08-18,44.55,46.7,40.51,40.68,3370190.0,145417920.0
2015-08-19,39.05,44.75,36.61,44.75,4217525.0,176161824.0
2015-08-20,44.75,49.23,44.75,49.23,7218250.0,346961696.0
2015-08-21,49.26,54.15,48.68,54.15,6205239.0,323066176.0
2015-08-24,53.49,58.76,49.26,53.29,7700645.0,427988096.0
2015-08-25,47.96,53.5,47.96,52.06,5514033.0,271391072.0
2015-08-26,50.0,57.27,49.7,57.27,11224217.0,625931136.0
2015-08-27,57.83,62.5,55.32,62.24,10779025.0,628997248.0
2015-08-28,60.0,65.96,57.0,60.9,9620852.0,585879232.0
2015-08-31,57.95,57.95,54.81,54.81,5010755.0,278985952.0
2015-09-01,49.55,52.0,49.33,49.33,4950926.0,246879392.0
2015-09-02,44.4,49.33,44.4,44.4,3954557.0,179002736.0
2015-09-07,44.4,46.48,39.96,40.74,5161066.0,223466144.0
2015-09-08,39.6,42.21,37.66,42.03,4113010.0,162543504.0
2015-09-09,42.04,46.23,41.2,46.23,4962234.0,216380272.0
2015-09-10,46.55,48.75,44.6,45.42,4680903.0,218220352.0
2015-09-11,45.09,46.05,42.85,44.29,3381210.0,149059904.0
2015-09-14,44.5,44.67,39.86,39.86,3299789.0,135778016.0
2015-09-15,36.86,38.6,35.87,36.01,5142259.0,185270528.0
2015-09-16,32.41,39.6,32.41,39.08,7565453.0,271349984.0
2015-09-17,37.11,38.94,35.17,35.17,9713667.0,354299968.0
2015-09-18,34.4,35.0,32.5,32.78,4964738.0,165586624.0
2015-09-21,31.43,34.51,31.01,33.86,4598000.0,152676016.0
2015-09-22,34.03,37.09,33.86,35.8,6195978.0,221113040.0
2015-09-23,34.8,35.12,33.85,33.9,4515918.0,155373584.0
2015-09-24,34.86,36.51,34.86,35.79,4901814.0,174336736.0
2015-09-25,35.0,35.4,32.22,32.49,4707434.0,158176416.0
2015-09-28,32.53,33.86,32.51,33.58,2858216.0,95198768.0
2015-09-29,32.5,33.0,31.61,32.19,2605605.0,84005584.0
2015-09-30,32.79,32.99,31.61,32.23,1583011.0,51087132.0
2015-10-08,34.0,34.28,33.3,34.15,2951151.0,99980216.0
2015-10-09,34.2,35.88,34.0,34.78,4159518.0,145736496.0
2015-10-12,34.89,38.26,34.73,38.26,5511916.0,200750288.0
2015-10-27,42.09,42.09,42.09,42.09,738458.0,31081696.0
2015-10-28,44.39,46.0,42.8,43.4,8251930.0,365470816.0
2015-10-29,43.0,43.85,41.2,41.64,5145956.0,215707536.0
2015-10-30,41.01,41.5,38.81,39.6,3583600.0,142922880.0
2015-11-02,38.31,41.49,37.8,40.12,3747586.0,150850848.0
2015-11-03,40.14,42.13,40.0,42.09,4337158.0,179360176.0
2015-11-04,43.0,43.5,41.3,43.32,5839342.0,247596896.0
2015-11-05,43.43,44.0,41.81,42.07,5151535.0,220191696.0
2015-11-06,41.96,45.0,41.6,44.34,5603171.0,245714848.0
2015-11-09,45.02,48.0,44.4,47.65,6307224.0,291125216.0
2015-11-10,47.0,47.55,45.1,46.57,5840245.0,270891456.0
2015-11-11,46.54,50.5,45.46,50.29,6372803.0,307453024.0
2015-11-12,50.33,55.32,49.5,55.32,6858377.0,360140992.0
2015-11-13,55.45,58.0,49.79,49.99,8220924.0,438922912.0
2015-11-16,47.12,50.0,47.01,49.13,4446250.0,215705856.0
2015-11-17,49.7,51.46,47.81,48.14,3884802.0,192775136.0
2015-11-18,48.4,48.57,45.02,45.61,3911705.0,182798336.0
2015-11-19,46.0,49.31,45.31,49.04,4377364.0,209275856.0
2015-11-20,48.5,49.08,47.58,48.4,3714009.0,179543680.0
2015-11-23,48.08,49.29,47.58,47.69,3121848.0,150646864.0
2015-11-24,47.5,51.0,47.1,50.51,4380838.0,216376368.0
2015-11-25,51.15,51.49,49.81,50.49,3837175.0,193180816.0
2015-11-26,50.5,53.34,50.01,51.22,4639715.0,239939840.0
2015-11-27,50.3,51.89,46.1,47.18,4515288.0,221657008.0
2015-11-30,46.62,49.45,43.58,48.44,3636510.0,170327488.0
2015-12-01,48.48,53.28,48.0,53.28,6069390.0,319418874.0
2015-12-02,52.5,53.23,47.95,50.0,6071764.0,307720864.0
2015-12-03,51.0,55.0,51.0,55.0,3866539.0,208890795.0
2015-12-04,59.02,59.02,54.1,54.73,10345008.0,586232832.0
2015-12-07,53.64,57.63,53.64,55.0,5800724.0,321157053.0
2015-12-08,53.3,53.7,51.5,52.36,4721419.0,248252016.0
2015-12-09,51.55,53.57,50.3,50.89,3512747.0,181719223.0
2015-12-10,50.5,51.99,49.0,50.26,3187887.0,159617008.0
2015-12-11,50.2,50.2,48.31,48.82,2373139.0,116655048.0
2015-12-14,48.02,50.3,47.06,50.11,2411645.0,117361248.0
2015-12-15,49.68,50.8,49.68,49.84,2124113.0,106524168.0
2015-12-16,49.88,52.02,49.75,51.08,3339398.0,170906352.0
2015-12-17,51.2,53.64,51.2,53.59,4326243.0,227130016.0
2015-12-18,53.02,53.77,51.34,51.8,3473045.0,181269872.0
2015-12-21,51.5,51.5,49.8,51.22,2456261.0,124607216.0
2015-12-22,51.6,51.69,50.79,51.36,1856781.0,95074503.0
2015-12-23,51.36,53.6,51.06,51.83,3626346.0,189262752.0
2015-12-24,51.01,51.76,49.3,50.69,2787807.0,139881008.0
2015-12-25,50.71,51.29,49.88,50.43,1999481.0,101082113.0
2015-12-28,50.5,50.92,48.2,48.24,2297934.0,113875283.0
2015-12-29,48.24,48.99,48.02,48.74,1365195.0,66183528.0
2015-12-30,48.7,49.29,48.2,48.65,1238838.0,60312737.0
2015-12-31,48.5,49.69,48.21,48.31,1537838.0,75466701.0
2016-01-04,48.1,48.24,43.48,43.48,1769727.0,80694687.0
2016-01-05,39.26,43.2,39.26,40.62,2223464.0,91138697.0
2016-01-06,41.0,42.42,40.8,42.3,1861107.0,77550879.0
2016-01-07,41.19,41.2,38.07,38.1,432000.0,17133930.0
2016-01-08,38.9,40.1,34.61,38.06,1959925.0,74577292.0
2016-01-11,36.6,37.5,34.25,34.25,1688884.0,60736752.0
2016-01-12,34.36,35.8,33.25,35.77,1994007.0,69431343.0
2016-01-13,36.75,36.88,35.0,35.68,1892126.0,67914246.0
2016-01-14,35.5,38.5,34.6,38.17,2495811.0,91329338.0
2016-01-15,37.01,37.7,34.8,35.49,2070770.0,75750947.0
2016-01-18,34.0,36.55,34.0,35.83,1419961.0,50585274.0
2016-01-19,35.4,37.2,35.17,36.87,1620549.0,59073265.0
2016-01-20,36.95,37.92,36.5,36.7,1760421.0,65297753.0
2016-01-21,36.0,39.39,35.0,36.92,3623982.0,137534931.0
2016-01-22,37.9,38.28,35.5,37.08,2319355.0,85742804.0
2016-01-25,37.08,37.9,36.67,37.73,1658249.0,61930889.0
2016-01-26,37.2,37.2,33.96,33.96,2010079.0,71104386.0
2016-01-27,33.96,34.48,30.83,32.74,1505066.0,48734737.0
2016-01-28,32.0,32.99,30.81,32.38,1118503.0,35749904.0
2016-01-29,31.6,33.98,31.5,33.27,1417794.0,46735480.0
2016-02-01,32.4,33.27,31.82,32.32,952423.0,31158535.0
2016-02-02,32.6,33.75,32.48,33.37,947058.0,31556964.0
2016-02-03,33.1,34.2,32.6,34.1,995923.0,33060318.0
2016-02-04,34.1,37.0,34.0,35.08,2095900.0,73999574.0
2016-02-05,35.0,35.4,34.01,34.24,1251220.0,43174319.0
2016-02-15,32.6,33.69,32.6,33.3,805970.0,26680440.0
2016-02-16,33.65,35.29,33.6,34.98,1572667.0,54627806.0
2016-02-17,34.7,36.3,34.67,35.99,1922222.0,68927130.0
2016-02-18,36.3,36.8,35.41,35.64,1673553.0,60211122.0
2016-02-19,35.1,37.08,35.1,36.33,1870844.0,68064665.0
2016-02-22,36.44,37.88,36.44,37.3,1860058.0,69154254.0
2016-02-23,37.19,37.64,35.9,36.49,1637740.0,60129672.0
2016-02-24,36.3,36.8,35.77,36.66,1143111.0,41523977.0
2016-02-25,36.64,36.64,32.99,32.99,1962344.0,67012871.0
2016-02-26,33.02,33.59,32.29,33.23,1143331.0,37825206.0
2016-02-29,32.7,33.4,29.95,30.27,1140273.0,35244131.0
2016-03-01,30.38,31.91,30.01,31.47,917112.0,28314018.0
2016-03-02,31.0,33.09,31.0,32.95,1245334.0,40160767.0
2016-03-03,33.0,34.27,32.78,33.01,1331260.0,44660764.0
2016-03-04,32.79,33.19,30.72,31.08,1181967.0,37571274.0
2016-03-07,31.39,32.5,31.39,31.86,696036.0,22268787.0
2016-03-08,31.99,32.2,30.04,32.0,985078.0,30601289.0
2016-03-09,31.0,31.67,30.2,31.27,580414.0,18154078.0
2016-03-10,31.0,31.66,30.8,31.16,576893.0,18076442.0
2016-03-11,31.16,33.6,30.51,32.36,1513860.0,48916211.0
2016-03-14,32.38,34.26,32.38,33.71,2156088.0,72484413.0
2016-03-15,33.69,33.69,32.34,32.53,1344800.0,44219465.0
2016-03-16,32.84,33.1,31.45,31.83,966472.0,31062869.0
2016-03-17,32.5,32.98,31.83,32.9,1232965.0,40098946.0
2016-03-18,32.95,34.5,32.9,34.35,2207199.0,74901405.0
2016-03-21,34.95,35.5,34.33,35.31,2219253.0,77495678.0
2016-03-22,34.91,35.93,34.65,35.42,1989829.0,70186044.0
2016-03-23,35.13,38.5,35.02,37.29,2673727.0,99070326.0
2016-03-24,36.75,37.8,36.0,36.53,2462882.0,90777675.0
2016-03-25,36.6,37.08,36.36,36.91,1393162.0,51155125.0
2016-03-28,37.1,37.58,35.54,35.6,1533972.0,56147382.0
2016-03-29,35.72,36.02,34.75,34.79,1183334.0,41753638.0
2016-03-30,35.17,37.68,34.9,36.88,1596426.0,57889504.0
2016-03-31,37.03,39.2,37.03,38.55,3432869.0,131921926.0
2016-04-01,38.62,40.38,37.33,39.43,3202706.0,124108633.0
2016-04-05,38.98,39.7,38.0,39.66,2938195.0,114856809.0
2016-04-06,39.3,39.8,38.7,39.52,2080638.0,81701344.0
2016-04-07,39.71,41.0,39.1,39.87,3474562.0,139403414.0
2016-04-08,37.3,37.98,35.9,36.56,3977284.0,146997520.0
2016-04-11,36.67,37.5,36.62,36.99,2644899.0,98033781.0
2016-04-12,37.29,37.6,36.87,37.44,2218923.0,82606852.0
2016-04-13,37.43,38.6,37.33,38.48,2948979.0,112774960.0
2016-04-14,38.72,39.99,38.29,39.97,4360292.0,170929443.0
2016-04-15,39.3,41.0,39.04,40.56,4438726.0,177173006.0
2016-04-18,40.28,42.5,39.4,41.61,3640161.0,148623064.0
2016-04-19,41.27,42.31,39.98,41.53,3937389.0,161764781.0
2016-04-20,41.08,41.8,37.38,39.44,4882743.0,191539482.0
2016-04-21,38.59,40.34,37.7,39.57,4639006.0,182198737.0
2016-04-22,38.5,39.7,38.0,38.31,2716876.0,105621768.0
2016-04-25,35.61,37.64,35.61,37.36,3494230.0,129347470.0
2016-04-26,36.95,37.48,36.8,37.02,1777071.0,66102271.0
2016-04-27,37.12,37.3,35.8,35.86,2863595.0,105137057.0
2016-04-28,35.98,36.18,34.8,35.95,2028399.0,71964760.0
2016-04-29,35.63,36.3,35.45,35.92,2278165.0,81581249.0
2016-05-03,35.86,37.08,35.8,37.02,1890452.0,69330973.0
2016-05-04,36.73,38.0,36.73,37.52,2882990.0,107543676.0
2016-05-05,37.47,37.9,36.91,37.71,3987944.0,149493053.0
2016-05-06,37.7,37.98,36.0,37.07,4926138.0,182325424.0
2016-05-09,36.84,36.84,35.01,35.64,2316220.0,83049894.0
2016-05-10,35.34,35.91,35.32,35.73,2301897.0,82162188.0
2016-05-11,36.0,36.15,34.8,34.84,1786520.0,63219605.0
2016-05-12,34.0,34.31,32.93,33.35,2169056.0,72354506.0
2016-05-13,33.01,33.59,32.51,32.81,1571549.0,51992811.0
2016-05-16,32.75,33.4,32.25,33.39,1867701.0,61511445.0
2016-05-17,33.3,33.44,32.5,33.02,1533372.0,50634741.0
2016-05-18,32.5,33.34,32.2,32.42,1472990.0,47947418.0
2016-05-19,32.59,33.11,32.56,32.67,845531.0,27572340.0
2016-05-20,32.19,32.9,32.19,32.87,754300.0,24391246.0
2016-05-23,33.08,33.62,32.8,33.59,1306432.0,43342450.0
2016-05-24,33.61,33.61,32.9,33.23,884750.0,29202208.0
2016-05-25,33.41,33.61,32.99,33.02,1192701.0,39354587.0
2016-05-26,32.82,33.2,31.92,33.07,997931.0,32192301.0
2016-05-27,32.72,33.34,32.7,33.11,834902.0,27446841.0
2016-05-30,33.0,33.5,32.4,33.22,1077000.0,35570721.0
2016-05-31,33.2,34.74,33.2,34.61,1593579.0,54087464.0
2016-06-01,34.32,34.91,34.32,34.61,1424447.0,49097351.0
2016-06-02,34.53,34.97,34.34,34.93,1568007.0,54044124.0
2016-06-03,34.98,35.5,34.61,35.13,1960783.0,68316768.0
2016-06-06,35.37,35.97,34.87,35.73,2245223.0,79085653.0
2016-06-07,36.1,36.32,35.22,36.27,2417721.0,86192679.0
2016-06-08,36.24,36.26,35.53,35.77,2149753.0,76852232.0
2016-06-13,35.56,35.56,33.42,33.84,1848078.0,63828900.0
2016-06-14,33.65,36.93,33.65,36.82,3341632.0,118699023.0
2016-06-15,36.21,37.81,35.93,37.44,4807958.0,177786978.0
2016-06-16,37.44,38.49,36.85,36.93,4568367.0,170891095.0
2016-06-17,37.23,38.57,37.05,37.63,3264571.0,122852022.0
2016-06-20,37.48,41.35,37.48,40.88,5805994.0,228906001.0
2016-06-21,40.83,40.85,39.1,39.62,5717844.0,225957650.0
2016-06-22,39.55,40.74,38.41,40.29,3201150.0,127562790.0
2016-06-23,40.21,40.29,38.99,39.0,3869240.0,151574761.0
2016-06-24,38.84,41.05,38.29,40.17,4978399.0,197921553.0
2016-06-27,39.9,43.12,39.76,42.49,4560548.0,189394610.0
2016-06-28,42.67,46.29,42.5,45.56,8414772.0,373211848.0
2016-06-29,45.28,46.23,44.26,44.77,3514958.0,157560376.0
2016-06-30,45.18,46.05,44.66,45.58,4138502.0,186273820.0
2016-07-01,45.48,47.29,44.78,44.91,2709877.0,123060823.0
2016-07-04,43.93,45.18,42.95,44.56,4573798.0,200743840.0
2016-07-05,44.21,45.35,44.09,44.4,2574954.0,114505293.0
2016-07-06,44.8,45.78,44.48,45.17,2101118.0,94736077.0
2016-07-07,44.98,47.77,44.68,47.63,3765924.0,173019844.0
2016-07-08,47.8,51.3,47.49,49.84,4529839.0,222756416.0
2016-07-11,49.91,51.82,48.9,49.45,4246119.0,213650142.0
2016-07-12,50.28,50.28,46.4,49.52,3878611.0,185553628.0
2016-07-13,49.1,49.51,47.98,48.28,2253080.0,108404693.0
2016-07-14,48.3,48.55,47.49,47.95,1252180.0,59702170.0
2016-07-15,48.07,49.2,47.49,48.19,2062867.0,99130206.0
2016-07-18,48.68,48.9,45.95,46.69,2543077.0,118042236.0
2016-07-19,47.29,47.37,46.03,46.49,1362027.0,62827671.0
2016-07-20,47.43,48.22,46.49,47.91,1978785.0,93942573.0
2016-07-21,47.84,48.27,47.49,47.62,872493.0,41489223.0
2016-07-22,48.1,48.1,47.24,47.49,729453.0,34457497.0
2016-07-25,46.81,49.05,46.81,47.98,2568878.0,122796030.0
2016-07-26,47.98,48.76,47.98,48.72,1659211.0,80148332.0
2016-07-27,47.8,48.72,45.4,47.93,2568438.0,121287700.0
2016-07-28,47.29,48.4,46.33,47.32,1527465.0,71561227.0
2016-07-29,47.45,47.77,45.49,46.16,1489650.0,68577487.0
2016-08-01,46.51,46.51,44.16,44.78,1138791.0,50659570.0
2016-08-02,45.08,45.08,44.42,44.82,700089.0,31157030.0
2016-08-03,45.23,45.38,44.47,44.82,622836.0,27791959.0
2016-08-04,45.08,45.13,44.07,44.77,764500.0,33796720.0
2016-08-05,44.78,46.89,44.47,46.8,1497513.0,68400608.0
2016-08-08,46.74,47.28,46.29,46.88,685442.0,31890976.0
2016-08-09,46.34,47.77,46.34,46.99,776609.0,36337780.0
2016-08-10,47.69,47.69,45.83,45.89,990639.0,45772534.0
2016-08-11,45.99,46.28,45.57,45.75,421416.0,19200255.0
2016-08-12,45.97,46.47,45.28,46.04,439370.0,20008354.0
2016-08-15,46.05,47.03,45.59,46.68,850996.0,39409065.0
2016-08-16,47.18,47.18,46.68,46.91,931724.0,43475392.0
2016-08-17,46.94,46.94,45.53,46.39,1504746.0,68796848.0
2016-08-18,46.27,46.27,45.3,45.33,1232124.0,55823859.0
2016-08-19,45.53,46.88,45.48,46.83,1485197.0,68268636.0
2016-08-22,46.79,47.18,46.34,46.71,1273135.0,59210411.0
2016-08-23,47.29,51.31,47.29,48.79,2606189.0,127416769.0
2016-08-24,48.7,49.48,47.06,49.42,3311303.0,158380657.0
2016-08-25,45.78,47.89,45.28,46.46,3478066.0,159474232.0
2016-08-26,46.23,46.89,45.48,45.86,1638640.0,74869426.0
2016-08-29,45.48,46.07,45.48,45.78,825300.0,37567545.0
2016-08-30,45.78,46.23,45.74,45.87,846312.0,38739954.0
2016-08-31,45.87,46.29,45.68,45.88,1108221.0,50582389.0
2016-09-01,46.08,46.08,45.38,45.64,573120.0,26022789.0
2016-09-02,45.9,45.9,44.94,45.44,692241.0,31256439.0
2016-09-05,45.45,45.78,44.83,44.95,1129146.0,50744517.0
2016-09-06,45.56,45.76,44.59,45.44,647887.0,28981611.0
2016-09-07,45.45,45.78,44.8,45.19,695401.0,31244223.0
2016-09-08,45.76,45.8,45.28,45.78,896479.0,40651966.0
2016-09-09,45.77,45.78,44.78,44.99,1625608.0,72821548.0
2016-09-12,44.72,44.72,42.76,43.77,1215089.0,52978572.0
2016-09-13,43.96,44.71,43.27,44.63,833956.0,36382208.0
2016-09-14,45.08,46.27,44.67,45.44,1543395.0,70266336.0
2016-09-19,45.28,46.29,45.08,46.29,1198155.0,54435676.0
2016-09-20,46.88,46.88,45.78,46.77,1337434.0,61840386.0
2016-09-21,47.29,47.29,46.31,46.38,550281.0,25552552.0
2016-09-22,46.46,47.49,46.46,47.11,1818633.0,85259425.0
2016-09-23,46.29,47.29,46.29,46.74,502645.0,23358078.0
2016-09-26,46.79,47.09,46.26,46.28,575110.0,26633359.0
2016-09-27,45.47,46.17,44.98,45.73,638686.0,28874621.0
2016-09-28,45.73,45.93,44.98,45.12,635669.0,28615094.0
2016-09-29,45.12,45.73,44.58,44.66,567896.0,25444729.0
2016-09-30,44.27,45.14,44.27,44.91,448985.0,20047229.0
2016-10-10,45.43,48.35,45.19,48.29,2662726.0,124080146.0
2016-10-11,48.3,48.93,47.29,48.29,1868738.0,89437198.0
2016-10-12,47.8,49.44,47.8,49.33,1954266.0,95487313.0
2016-10-13,49.3,49.96,48.3,48.67,1539134.0,74665544.0
2016-10-14,48.33,49.59,48.33,49.29,1523932.0,74275075.0
2016-10-17,49.67,49.81,47.29,48.05,1627189.0,78101586.0
2016-10-18,47.41,48.79,47.41,48.59,872400.0,41926605.0
2016-10-19,48.4,48.8,47.9,48.14,825695.0,39616152.0
2016-10-20,48.29,48.65,47.88,48.03,643407.0,30858774.0
2016-10-21,47.95,49.96,47.95,49.28,2056577.0,100566009.0
2016-10-24,48.9,49.45,48.3,49.19,1205899.0,58698625.0
2016-10-25,48.85,50.4,48.85,49.61,1204172.0,59677711.0
2016-10-26,49.61,50.32,49.38,49.94,1676000.0,83400470.0
2016-10-27,49.92,50.19,49.1,49.94,1599019.0,79183632.0
2016-10-28,50.11,50.94,49.01,50.63,2212430.0,110290000.0
2016-10-31,50.31,50.38,49.48,49.69,1874765.0,92692298.0
2016-11-01,49.76,51.32,49.71,51.16,3024007.0,152746707.0
2016-11-02,50.93,51.17,50.17,50.31,2775353.0,139332570.0
2016-11-03,50.26,51.02,49.61,50.78,1939321.0,96952150.0
2016-11-04,50.61,50.61,49.86,49.99,1841472.0,91911242.0
2016-11-07,50.21,52.13,50.21,51.59,3718600.0,190553483.0
2016-11-08,52.07,52.98,51.13,51.45,2916089.0,150606870.0
2016-11-09,51.23,51.82,50.03,51.01,2307527.0,116683346.0
2016-11-10,51.05,52.78,51.05,52.62,2506279.0,130090169.0
2016-11-11,52.73,57.42,52.44,55.66,4268271.0,232783150.0
2016-11-14,55.66,57.25,54.89,55.71,3214415.0,180268411.0
2016-11-15,55.09,55.63,54.54,55.22,2453499.0,133986431.0
2016-11-16,55.29,58.36,54.91,57.96,3807099.0,216608450.0
2016-11-17,57.77,57.99,56.57,57.31,1888308.0,107529819.0
2016-11-23,63.05,63.05,62.7,63.05,5260030.0,329580576.0
2016-11-24,62.26,62.26,59.37,60.46,13887717.0,834885940.0
2016-11-25,59.66,66.51,59.61,62.01,19970027.0,1273143735.0
2016-11-28,62.72,68.21,62.37,65.47,22228826.0,1462466149.0
2016-11-29,63.5,64.7,60.07,61.81,15556051.0,967302171.0
2016-11-30,61.78,62.77,59.68,60.66,10257202.0,620358831.0
2016-12-01,60.62,64.03,59.35,59.68,12499145.0,768715155.0
2016-12-02,57.36,58.35,55.34,55.41,10243512.0,579938548.0
2016-12-05,54.45,57.07,54.45,55.97,5078504.0,283153427.0
2016-12-06,55.95,56.33,55.06,55.16,3874330.0,214226646.0
2016-12-07,55.39,58.29,55.39,57.61,10180855.0,576963577.0
2016-12-08,57.05,57.3,52.62,54.12,9929310.0,542066228.0
2016-12-09,53.93,55.22,53.51,54.14,5534306.0,299252776.0
2016-12-12,54.23,54.64,49.31,49.73,6441858.0,331360118.0
2016-12-13,49.1,51.06,48.51,50.74,4361128.0,216499653.0
2016-12-14,50.19,51.82,49.45,49.77,4468133.0,224106422.0
2016-12-15,49.3,51.32,49.19,50.3,4089482.0,205109964.0
2016-12-16,50.42,52.93,50.42,51.91,6104023.0,315604515.0
2016-12-19,51.61,52.62,51.12,52.16,3757365.0,193981580.0
2016-12-20,52.22,52.22,50.11,50.63,3624984.0,183433102.0
2016-12-21,50.81,51.36,49.38,50.26,3710065.0,184736700.0
2016-12-22,50.31,51.09,49.62,50.55,2878100.0,144301503.0
2016-12-23,50.32,54.0,50.3,52.46,6797448.0,349959358.0
2016-12-26,51.81,52.5,51.02,52.16,4460634.0,229734558.0
2016-12-27,52.21,53.29,51.83,52.94,5088785.0,266507472.0
2016-12-28,52.55,53.91,52.35,53.27,4548726.0,240788657.0
2016-12-29,52.84,53.21,50.72,50.8,4480056.0,229862090.0
2016-12-30,50.8,51.22,50.21,50.56,2032260.0,102165441.0
2017-01-03,50.76,51.28,50.67,51.1,1522300.0,77078133.0
2017-01-04,51.42,52.69,50.81,52.05,3442419.0,177227549.0
2017-01-05,52.47,52.47,50.37,50.39,3349465.0,170117804.0
2017-01-06,50.23,50.58,47.59,47.84,4148551.0,201898537.0
2017-01-09,47.57,48.65,46.79,47.13,3799987.0,180637000.0
2017-01-10,47.15,48.19,47.15,48.06,2131997.0,100760377.0
2017-01-11,47.69,48.18,47.15,47.19,1569900.0,74401799.0
2017-01-12,47.54,48.26,47.24,47.31,1571482.0,74494400.0
2017-01-13,47.34,47.63,45.64,46.01,2174781.0,100083527.0
2017-01-16,45.48,45.98,41.42,41.99,2557060.0,110068917.0
2017-01-17,41.94,43.41,40.69,43.33,2423861.0,102065874.0
2017-01-18,43.17,43.17,42.02,42.22,1124800.0,47475735.0
2017-01-19,42.06,43.25,40.9,42.25,1422367.0,60043884.0
2017-01-20,41.97,43.25,41.81,42.92,1583660.0,67444304.0
2017-01-23,43.16,43.69,42.94,43.17,1413025.0,60727911.0
2017-01-24,43.17,44.07,43.04,43.16,1168225.0,50393425.0
2017-01-25,43.07,44.76,42.76,44.37,2295519.0,100484803.0
2017-01-26,44.07,44.44,43.88,44.14,1388519.0,60902752.0
2017-02-03,44.52,45.08,43.97,44.05,968984.0,42733462.0
2017-02-06,43.97,44.75,43.45,44.55,1403347.0,61597611.0
2017-02-07,44.45,44.53,43.77,43.99,1097118.0,48066036.0
2017-02-08,43.95,44.15,43.34,44.12,1090800.0,47416984.0
2017-02-09,44.16,46.89,43.99,45.67,3885032.0,175922077.0
2017-02-10,45.68,45.78,44.85,45.12,1517600.0,68082856.0
2017-02-13,45.35,46.64,45.08,45.98,2607900.0,119350390.0
2017-02-14,45.98,46.58,45.78,46.12,1700720.0,78187360.0
2017-02-15,45.89,46.44,45.48,45.73,2073773.0,95011279.0
2017-02-16,45.71,46.03,45.64,45.96,1028280.0,46809669.0
2017-02-17,45.75,46.17,44.47,44.62,1219804.0,54726716.0
2017-02-20,44.67,44.84,44.07,44.39,933428.0,41138827.0
2017-02-21,44.37,46.05,43.72,45.76,1643170.0,74252199.0
2017-02-22,45.76,46.65,45.41,45.7,1504469.0,68740561.0
2017-02-23,45.9,46.39,45.4,45.87,3201193.0,146264102.0
2017-02-24,45.64,45.99,45.08,45.81,2373750.0,107553254.0
2017-02-27,45.98,45.98,45.03,45.28,1366944.0,61645213.0
2017-02-28,45.44,45.64,45.23,45.46,975274.0,44030754.0
2017-03-01,45.48,46.2,45.28,45.9,2928890.0,133465238.0
2017-03-02,45.88,45.88,44.27,44.37,3137003.0,139717626.0
2017-03-03,44.23,45.17,43.99,44.98,1718252.0,76595362.0
2017-03-06,44.98,45.62,44.95,45.43,1445305.0,65146637.0
2017-03-07,45.38,45.58,45.08,45.36,1173299.0,52803296.0
2017-03-08,45.33,45.7,45.18,45.36,1448204.0,65434796.0
2017-03-09,45.37,45.94,45.25,45.56,2228685.0,100880675.0
2017-03-10,45.54,47.8,45.3,47.06,5022006.0,233105699.0
2017-03-13,46.78,46.99,46.09,46.71,3000225.0,138704894.0
2017-03-14,46.76,47.69,46.4,46.67,2907993.0,135833592.0
2017-03-15,46.5,46.61,45.89,46.06,1719297.0,78832985.0
2017-03-16,46.49,47.26,46.29,47.03,2284770.0,106174045.0
2017-03-17,47.03,48.3,46.69,47.21,3746992.0,176840237.0
2017-03-20,47.1,48.3,47.1,47.92,3500602.0,166140910.0
2017-03-21,48.12,48.59,47.52,48.16,1997605.0,95143962.0
2017-03-22,47.88,48.06,47.12,47.72,1872530.0,88519958.0
2017-03-23,47.76,48.24,46.99,47.99,2321814.0,110189542.0
2017-03-24,47.98,48.2,47.19,47.45,1908783.0,90053619.0
2017-03-27,47.47,47.47,46.48,46.52,1747756.0,81185808.0
2017-03-28,46.62,46.94,46.29,46.31,1186886.0,54899927.0
2017-03-29,46.49,46.53,44.69,44.78,1631900.0,74093731.0
2017-03-30,44.78,44.99,41.57,42.2,3245845.0,138175915.0
2017-03-31,42.39,43.04,42.08,42.72,1424493.0,60059280.0
2017-04-05,42.87,43.6,42.34,43.47,1176363.0,50486992.0
2017-04-06,43.36,43.86,43.19,43.81,1270722.0,54977339.0
2017-04-07,44.21,44.21,41.71,41.8,3595383.0,152002533.0
2017-04-10,41.15,41.15,39.14,39.21,2965854.0,116523400.0
2017-04-11,38.72,39.76,38.72,39.66,1549422.0,60734413.0
2017-04-12,39.04,40.05,38.94,39.33,814615.0,32053375.0
2017-04-13,39.24,39.72,39.24,39.39,654404.0,25658871.0
2017-04-14,39.29,40.12,39.1,39.3,1045065.0,41036950.0
2017-04-17,39.06,39.25,38.32,38.42,1184054.0,45486912.0
2017-04-18,38.45,39.04,38.05,38.12,942666.0,36127161.0
2017-04-19,38.16,38.48,37.71,38.37,679689.0,25751376.0
2017-04-20,38.61,38.72,38.25,38.43,710821.0,27154614.0
2017-04-21,38.43,38.73,38.03,38.28,509206.0,19389364.0
2017-04-24,38.24,38.24,36.9,37.06,777433.0,28727622.0
2017-04-25,37.09,37.46,37.04,37.14,432400.0,15989413.0
2017-04-26,37.04,38.01,36.85,37.82,589383.0,22094995.0
2017-04-27,37.85,38.54,36.93,38.36,887435.0,33341908.0
2017-04-28,37.73,38.66,37.73,38.52,514673.0,19692825.0
2017-05-02,38.34,38.89,38.34,38.53,357393.0,13696528.0
2017-05-03,38.69,38.89,38.44,38.58,468268.0,17976259.0
2017-05-04,38.59,38.59,37.44,38.18,645487.0,24397714.0
2017-05-05,38.18,40.14,37.7,39.06,1275830.0,49539850.0
2017-05-08,39.04,39.62,38.26,38.36,868297.0,33729373.0
2017-05-09,37.76,38.16,36.23,37.29,930400.0,34317174.0
2017-05-10,37.24,38.1,37.04,37.12,682581.0,25523319.0
2017-05-11,36.32,37.02,35.42,36.61,964193.0,34657327.0
2017-05-12,36.61,36.97,36.13,36.6,536602.0,19493775.0
2017-05-15,36.83,36.93,36.35,36.57,457300.0,16601432.0
2017-05-16,36.45,37.43,35.72,37.39,1228150.0,44680532.0
2017-05-17,38.34,40.04,38.34,39.12,2541342.0,98872840.0
2017-05-18,38.44,39.54,38.34,39.22,1340150.0,51912641.0
2017-05-19,39.29,39.59,38.54,38.89,856435.0,33117062.0
2017-05-22,38.51,38.85,37.26,37.47,926341.0,35025823.0
2017-05-23,37.73,37.92,35.92,36.38,927541.0,33771604.0
2017-05-24,35.72,36.83,35.72,36.55,668452.0,24243308.0
2017-05-25,36.8,37.88,36.27,37.01,1429788.0,20126506.0
2017-05-26,36.09,36.7,34.7,35.33,4328620.0,57831615.0
2017-05-31,35.41,35.98,34.25,34.33,2086366.0,27808643.0
2017-06-01,34.2,34.2,30.91,30.91,7809929.0,93868974.0
2017-06-02,30.09,31.33,28.15,30.04,5181560.0,58479683.0
2017-06-05,29.46,30.49,29.46,30.36,3067740.0,35083482.0
2017-06-06,30.17,30.99,29.91,30.91,2249579.0,26049128.0
2017-06-07,31.12,32.67,30.62,32.35,4710407.0,57284083.0
2017-06-08,32.35,32.8,31.96,32.25,3363660.0,41241446.0
2017-06-09,32.22,32.22,31.22,31.64,2186780.0,26256398.0
2017-06-12,31.64,31.7,30.14,30.51,2088393.0,24339609.0
2017-06-13,30.43,31.14,30.09,30.96,1690920.0,19738959.0
2017-06-14,30.96,31.57,30.54,30.86,1798461.0,21284578.0
2017-06-15,30.96,32.3,30.96,32.17,4265860.0,51649873.0
2017-06-16,32.17,32.56,31.51,31.7,2878600.0,34849423.0
2017-06-19,30.78,31.22,30.22,31.17,3786443.0,44310222.0
2017-06-20,31.22,32.22,31.22,31.75,3737032.0,45279780.0
2017-06-21,31.57,32.01,30.78,31.14,3191820.0,37924636.0
2017-06-22,31.3,31.46,30.25,30.3,2251965.0,26545481.0
2017-06-23,30.09,30.72,29.99,30.57,1737590.0,20052391.0
2017-06-26,30.38,30.99,30.2,30.72,1423921.0,16598508.0
2017-06-27,30.75,31.14,30.36,30.59,1104931.0,12900098.0
2017-06-28,30.88,30.88,30.22,30.28,1182780.0,13652105.0
2017-06-29,30.41,30.62,30.28,30.33,876820.0,10138994.0
2017-06-30,30.46,30.62,30.12,30.46,1042180.0,12044647.0
2017-07-03,31.04,31.2,29.46,30.93,1585187.0,18623188.0
2017-07-04,30.91,31.22,30.78,30.96,1134280.0,13341073.0
2017-07-05,31.01,31.12,30.8,31.04,1526001.0,17980388.0
2017-07-06,31.04,31.17,30.86,31.04,1684437.0,19856454.0
2017-07-07,31.14,31.14,30.78,30.99,1743486.0,20469370.0
2017-07-10,31.04,31.04,30.36,30.64,1882304.0,21932087.0
2017-07-11,30.91,31.09,30.38,30.54,1314877.0,15363511.0
2017-07-12,30.43,30.54,28.99,29.54,2082542.0,23426620.0
2017-07-13,29.62,30.07,29.41,29.64,1624540.0,18313254.0
2017-07-14,29.67,29.88,29.22,29.3,1246677.0,13890131.0
2017-07-17,29.3,29.3,26.38,26.46,3470322.0,36267293.0
2017-07-18,26.46,27.25,26.09,26.78,2475862.0,25075318.0
2017-07-19,26.46,27.04,26.3,26.96,1377840.0,14004235.0
2017-07-20,26.96,27.75,26.8,27.15,1548063.0,16114135.0
2017-07-21,27.36,28.3,26.91,27.8,2599290.0,27324361.0
2017-07-24,27.75,28.2,27.3,27.78,1514444.0,15930315.0
2017-07-25,27.78,28.59,27.46,28.2,2052135.0,22006813.0
2017-07-26,28.2,28.49,27.73,27.88,1023954.0,10855083.0
2017-07-27,27.91,28.49,27.54,28.28,1610085.0,17183200.0
2017-07-28,28.09,28.43,28.01,28.2,895875.0,9608522.0
2017-07-31,28.2,28.46,28.07,28.2,938781.0,10057248.0
2017-08-01,28.36,28.36,27.75,27.96,1328196.0,14100838.0
2017-08-02,27.96,28.09,27.09,27.17,2357424.0,24557599.0
2017-08-03,27.17,27.59,27.04,27.52,1389135.0,14448362.0
2017-08-04,27.51,27.78,27.44,27.54,1207820.0,12681838.0
2017-08-07,27.57,27.96,27.41,27.62,2293604.0,24143445.0
2017-08-08,27.62,28.15,27.52,27.91,2104558.0,22191512.0
2017-08-09,27.96,28.07,27.59,27.67,1727953.0,18260982.0
2017-08-10,27.65,27.73,26.75,26.99,2025460.0,20880874.0
2017-08-11,26.86,26.99,26.49,26.65,1479161.0,15004377.0
2017-08-14,26.8,27.09,26.59,27.07,1299423.0,13292952.0
2017-08-15,27.09,27.44,26.91,27.41,2076378.0,21477688.0
2017-08-16,27.41,27.96,27.17,27.86,3513584.0,36862180.0
2017-08-17,27.99,27.99,27.59,27.83,2106460.0,22220151.0
2017-08-18,27.65,27.96,27.57,27.75,1447561.0,15279714.0
2017-08-21,27.75,28.07,27.49,28.01,1880396.0,19900082.0
2017-08-22,27.93,28.17,27.54,27.67,1705100.0,18032623.0
2017-08-23,27.75,28.7,27.62,27.88,4083493.0,43661673.0
2017-08-24,28.36,28.36,27.49,27.83,2318520.0,24447770.0
2017-08-25,27.73,28.51,27.38,28.12,3057259.0,32596702.0
2017-08-28,27.91,28.59,27.91,28.51,2513179.0,27059068.0
2017-08-29,28.33,28.8,28.33,28.43,2047200.0,22223699.0
2017-08-30,28.43,30.86,28.33,30.41,5456951.0,60883788.0
2017-08-31,29.72,30.17,29.54,29.83,4820144.0,54591101.0
2017-09-01,29.8,30.14,29.46,29.62,2728951.0,30844075.0
2017-09-04,29.59,30.07,29.09,29.83,2917611.0,32775333.0
2017-09-05,29.99,30.04,29.41,29.75,1429242.0,16108420.0
2017-09-06,29.67,29.86,29.43,29.8,1410218.0,15877584.0
2017-09-07,29.75,31.3,29.75,30.62,5432309.0,63395429.0
2017-09-08,30.62,30.93,30.41,30.93,3416174.0,39930449.0
2017-09-11,30.96,33.14,30.96,32.51,6705850.0,82457681.0
2017-09-12,32.51,34.2,32.12,34.14,8719244.0,110753700.0
2017-09-13,34.46,35.2,33.41,34.14,6151989.0,80193166.0
2017-09-14,33.54,34.04,33.04,33.46,4702983.0,59930016.0
2017-09-15,33.7,33.83,32.88,33.64,3037760.0,38427831.0
2017-09-18,33.64,34.2,33.41,34.09,2334462.0,29979436.0
2017-09-19,33.96,34.33,33.41,33.62,2276160.0,29192674.0
2017-09-20,33.62,34.93,33.04,34.91,5192462.0,67594892.0
2017-09-21,35.43,36.3,34.2,34.27,5418252.0,72114224.0
2017-09-22,33.83,33.93,32.96,33.49,3188200.0,40522909.0
2017-09-25,33.72,34.12,32.99,33.38,2408405.0,30817492.0
2017-09-26,33.41,33.83,33.06,33.41,1259860.0,16023222.0
2017-09-27,33.72,33.72,33.25,33.49,1135149.0,14428400.0
2017-09-28,33.46,33.46,31.88,31.93,2505134.0,30989009.0
2017-09-29,31.91,34.98,31.91,34.46,5226967.0,66733179.0
2017-10-09,34.64,35.64,34.59,35.2,5142924.0,68776532.0
2017-10-10,35.3,35.48,34.41,34.72,4109724.0,54381840.0
2017-10-11,34.59,35.2,34.27,34.33,2604426.0,34236138.0
2017-10-12,34.27,34.41,33.17,34.2,2503356.0,32098882.0
2017-10-13,34.25,34.51,33.77,34.06,1190040.0,15404484.0
2017-10-16,33.67,34.33,33.01,33.3,2342704.0,30045699.0
2017-10-17,33.17,33.93,32.46,33.64,2315970.0,29256118.0
2017-10-18,33.64,34.01,32.91,32.99,1068580.0,13613390.0
2017-10-19,33.01,33.38,32.09,32.46,2125020.0,26374760.0
2017-10-20,32.49,32.91,32.09,32.75,1904038.0,23580706.0
2017-10-23,32.75,33.14,32.51,33.06,1396580.0,17356639.0
2017-10-24,33.12,33.12,32.49,32.56,936460.0,11639012.0
2017-10-25,33.67,34.98,33.01,34.12,3476089.0,45054010.0
2017-10-26,33.83,33.85,33.04,33.64,1628354.0,20745711.0
2017-10-27,33.67,34.2,32.91,32.99,2183746.0,27840556.0
2017-10-30,32.72,33.09,31.83,31.91,1687800.0,20669966.0
2017-10-31,32.09,32.35,31.04,32.12,2918260.0,35362849.0
2017-11-01,32.17,32.22,31.88,32.09,600413.0,7317287.0
2017-11-02,32.09,32.22,31.2,31.49,1451040.0,17426047.0
2017-11-03,31.49,32.2,31.04,31.99,1837905.0,22028091.0
2017-11-06,31.91,32.04,31.49,32.01,1170661.0,14152582.0
2017-11-07,31.96,31.96,31.17,31.72,1366903.0,16392353.0
2017-11-08,31.83,32.49,31.57,31.75,1689440.0,20620045.0
2017-11-09,31.75,31.96,31.43,31.8,1363408.0,16376601.0
2017-11-10,31.88,31.96,31.3,31.36,1565760.0,18733640.0
2017-11-13,31.25,31.91,31.17,31.67,2290473.0,27578783.0
2017-11-14,31.75,34.83,31.57,34.43,5494718.0,69395296.0
2017-11-15,34.2,34.8,33.41,34.12,5600583.0,72786160.0
2017-11-16,33.88,34.3,33.49,33.67,2084870.0,26865881.0
2017-11-17,33.54,35.35,33.51,34.22,5939588.0,77972905.0
2017-11-20,34.46,37.14,34.27,36.43,12465562.0,169840671.0
2017-11-21,35.59,36.09,35.14,35.91,6703962.0,91030195.0
2017-11-22,35.51,36.25,35.14,36.06,5724810.0,77816921.0
2017-11-23,35.93,35.93,33.14,33.96,7134765.0,94039872.0
2017-11-24,33.41,34.41,33.27,33.8,2315940.0,29934402.0
2017-11-27,31.04,31.04,30.43,30.43,1497900.0,17374773.0
2017-11-28,27.38,28.93,27.38,27.7,7701992.0,81758397.0
2017-11-29,27.3,28.38,26.62,28.01,5924140.0,61546577.0
2017-11-30,27.62,28.15,27.36,28.04,3531434.0,37322704.0
2017-12-01,28.01,28.12,27.46,27.93,2517004.0,26609797.0
2017-12-04,27.3,27.83,26.88,27.07,2667486.0,27635452.0
2017-12-05,27.59,27.59,24.73,25.25,3912240.0,38711114.0
2017-12-06,25.38,25.78,24.8,25.52,2930140.0,27956457.0
2017-12-07,25.33,25.44,24.96,25.33,2539972.0,24310781.0
2017-12-08,25.28,25.67,25.12,25.57,2234517.0,21637155.0
2017-12-11,25.62,26.09,25.38,25.83,1990820.0,19484857.0
2017-12-12,25.78,25.99,25.41,25.52,1124980.0,10950180.0
2017-12-13,25.3,25.91,25.3,25.78,957860.0,9351102.0
2017-12-14,25.73,26.73,25.46,26.59,2432044.0,24389430.0
2017-12-15,26.54,26.67,26.04,26.28,1110253.0,11111032.0
2017-12-18,26.38,26.38,25.83,25.99,610500.0,6072521.0
2017-12-19,26.04,26.83,26.04,26.25,740080.0,7426606.0
2017-12-20,26.3,27.02,25.78,26.88,2893720.0,29214889.0
2017-12-21,27.59,28.88,26.75,26.8,2715780.0,28114433.0
2017-12-22,26.75,27.3,26.3,26.91,1324860.0,13510477.0
2017-12-25,26.86,26.86,25.96,26.02,1763100.0,17566859.0
2017-12-26,25.78,26.2,25.46,26.04,1102820.0,10835306.0
2017-12-27,26.15,26.15,25.44,25.52,1357645.0,13293859.0
2017-12-28,25.52,25.57,24.73,25.25,2873408.0,27367892.0
2018-03-29,22.73,25.23,22.73,24.3,20740460.0,184035239.0
2018-03-30,23.41,23.52,22.83,23.2,14816771.0,130493072.0
2018-04-02,22.91,23.36,22.83,23.23,7419984.0,65161862.0
2018-04-03,22.78,23.15,22.7,23.09,4573982.0,39827118.0
2018-04-04,23.09,23.12,22.65,22.7,3189720.0,27861982.0
2018-04-09,22.52,23.12,22.31,22.99,3176624.0,27626599.0
2018-04-10,23.15,23.28,22.86,23.15,3114228.0,27282076.0
2018-04-11,23.15,23.28,22.96,23.04,2726027.0,23965920.0
2018-04-12,23.07,23.23,22.94,23.04,2083980.0,18257989.0
2018-04-13,23.12,23.2,22.94,22.96,1564240.0,13695186.0
2018-04-16,22.91,23.2,22.78,22.99,2747404.0,24002262.0
2018-04-17,22.91,22.99,21.91,22.28,3087682.0,26590157.0
2018-04-18,22.28,22.86,21.7,22.81,3207420.0,27204955.0
2018-04-19,22.81,22.83,22.49,22.67,1916030.0,16496305.0
2018-04-20,22.54,22.75,22.1,22.1,1520620.0,12981335.0
2018-04-23,22.23,22.33,21.89,22.18,1531268.0,12837334.0
2018-04-24,22.04,22.49,22.04,22.23,2590649.0,21872031.0
2018-04-25,22.12,22.41,22.1,22.23,1631880.0,13805451.0
2018-04-26,22.2,22.31,21.86,21.96,1158980.0,9740548.0
2018-04-27,22.28,22.36,22.04,22.18,1568494.0,13120210.0
2018-05-02,22.15,22.44,22.02,22.18,874781.0,7308150.0
2018-05-03,22.28,23.8,21.96,23.32,3939016.0,34124769.0
2018-05-04,22.84,23.32,22.84,22.95,2227312.0,19352046.0
2018-05-07,22.95,23.45,22.95,23.4,2079235.0,18285115.0
2018-05-08,23.42,23.42,23.13,23.37,1925991.0,16871213.0
2018-05-09,23.37,23.95,23.13,23.77,2850912.0,25345532.0
2018-05-10,24.01,25.18,23.87,24.64,4850286.0,44942656.0
2018-05-11,24.64,25.2,24.38,24.62,2885848.0,26874748.0
2018-05-14,24.62,24.75,24.19,24.48,2035332.0,18671545.0
2018-05-15,24.7,25.23,24.43,24.94,2187670.0,20427312.0
2018-05-16,24.94,24.94,24.11,24.41,1734344.0,15997820.0
2018-05-17,24.59,24.67,24.09,24.19,984698.0,8989283.0
2018-05-18,24.19,24.3,23.9,24.22,1044120.0,9492191.0
2018-05-21,24.38,24.83,24.35,24.38,1816440.0,16803403.0
2018-05-22,24.57,24.57,24.03,24.11,1092360.0,9947883.0
2018-05-23,24.11,24.27,23.9,23.9,885920.0,8027157.0
2018-05-24,23.9,24.48,23.9,24.09,1761348.0,15994050.0
2018-05-25,24.09,24.64,24.09,24.43,2189608.0,20147507.0
2018-05-28,24.43,25.1,24.11,25.07,2662148.0,24700329.0
2018-05-29,25.15,25.44,24.78,24.91,2543860.0,24046481.0
2018-05-30,24.46,25.15,24.3,24.48,2492720.0,23122388.0
2018-05-31,24.51,25.52,24.41,25.47,2396000.0,22619885.0
2018-06-01,25.49,25.71,24.86,25.44,2213440.0,21105703.0
2018-06-19,23.87,23.87,22.89,22.89,1761800.0,15414121.0
2018-06-20,20.61,20.61,20.61,20.61,1383800.0,10738288.0
2018-06-21,18.54,20.42,18.54,18.54,5994700.0,42411369.0
2018-06-22,18.0,18.93,17.69,18.88,2980275.0,20849520.0
2018-06-25,18.88,19.62,18.88,19.41,1942156.0,14142793.0
2018-06-26,18.91,19.39,18.51,19.23,1345860.0,9589017.0
2018-06-27,19.23,19.49,18.46,18.48,1523774.0,10787981.0
2018-06-28,18.62,18.88,18.06,18.09,1263560.0,8814821.0
2018-06-29,18.3,18.75,18.14,18.56,1113462.0,7742850.0
2018-07-02,18.54,18.83,17.71,17.98,1403081.0,9596286.0
2018-07-03,18.06,18.51,17.61,17.93,2561695.0,17375464.0
2018-07-04,17.93,17.98,16.25,16.68,3225569.0,20649510.0
2018-07-05,16.46,17.1,16.46,16.62,1642087.0,10383206.0
2018-07-06,16.92,17.58,16.23,17.29,2239960.0,14328990.0
2018-07-09,17.18,17.66,17.0,17.47,1527943.0,10055805.0
2018-07-10,17.63,17.66,17.34,17.63,895040.0,5904334.0
2018-07-11,17.71,17.95,17.13,17.93,1829617.0,12144031.0
2018-07-12,17.74,18.48,17.66,18.11,1535760.0,10487328.0
2018-07-13,18.35,19.92,17.95,19.92,3902101.0,28175543.0
2018-07-16,19.92,20.13,19.28,19.49,4341413.0,32040460.0
2018-07-17,19.15,19.41,18.91,19.12,2623197.0,18792393.0
2018-07-18,19.09,19.41,18.91,18.91,1821393.0,13103032.0
2018-07-19,18.93,19.39,18.7,18.75,1708171.0,12201464.0
2018-07-20,18.91,20.63,18.8,20.63,5624504.0,43252031.0
2018-07-23,20.98,22.15,20.98,22.09,7905313.0,64314731.0
2018-07-24,21.64,22.02,21.32,21.64,4953930.0,40293236.0
2018-07-25,21.59,22.25,21.51,21.78,3278803.0,26962452.0
2018-07-26,21.59,22.09,21.46,21.56,2213112.0,18034015.0
2018-07-27,21.46,21.83,21.41,21.59,1333055.0,10838334.0
2018-07-30,21.91,22.09,20.9,21.01,1497960.0,11983002.0
2018-07-31,20.69,21.25,20.66,21.14,1407080.0,11138293.0
2018-08-01,21.48,22.04,21.06,21.35,1745200.0,14155482.0
2018-08-02,21.25,21.32,20.0,20.55,1854060.0,14328839.0
2018-08-03,20.69,21.4,20.32,20.45,871740.0,6806133.0
2018-08-06,21.32,21.48,19.94,20.1,1194120.0,9231249.0
2018-08-07,19.78,20.66,19.78,20.21,971180.0,7371732.0
2018-08-08,20.0,21.99,20.0,21.35,3144772.0,25051279.0
2018-08-09,21.64,22.25,21.11,21.35,3289589.0,26765016.0
2018-08-10,21.32,21.48,20.9,21.19,1164512.0,9249417.0
2018-08-13,20.45,20.95,20.32,20.74,1122820.0,8727487.0
2018-08-14,20.58,21.16,20.58,20.98,906480.0,7087643.0
2018-08-15,21.14,21.25,20.1,20.69,978600.0,7619812.0
2018-08-16,20.66,20.95,19.92,20.32,594660.0,4572806.0
2018-08-17,20.63,20.63,20.13,20.48,696440.0,5337994.0
2018-08-20,20.61,20.61,20.34,20.5,557232.0,4297315.0
2018-08-21,20.9,21.19,20.58,20.69,519432.0,4063181.0
2018-08-22,20.5,21.51,20.5,21.43,2731033.0,21867425.0
2018-08-23,21.56,21.78,20.18,20.63,2143053.0,16812910.0
2018-08-24,20.45,20.63,20.05,20.1,1007534.0,7656236.0
2018-08-27,20.1,20.58,20.1,20.45,775500.0,5939319.0
2018-08-28,20.45,20.48,20.02,20.29,755620.0,5739516.0
2018-08-29,20.37,20.45,18.88,19.15,1865080.0,13798954.0
2018-08-30,18.99,19.65,18.93,19.36,717880.0,5180647.0
2018-08-31,17.42,19.09,17.42,17.79,4720180.0,31401527.0
2018-09-03,17.71,17.71,16.39,17.13,2066440.0,13139139.0
2018-09-04,16.97,17.26,16.86,17.05,1164900.0,7499616.0
2018-09-05,17.21,17.74,17.0,17.05,1086920.0,7092681.0
2018-09-06,17.53,17.53,17.02,17.18,632800.0,4096140.0
2018-09-07,17.23,17.53,17.16,17.53,714900.0,4668153.0
2018-09-10,17.53,17.71,17.16,17.21,735180.0,4822089.0
2018-09-11,17.32,17.58,17.21,17.45,505420.0,3303500.0
2018-09-12,17.55,18.19,17.29,17.63,1314680.0,8751046.0
2018-09-13,18.0,18.03,17.29,17.55,676780.0,4465456.0
2018-09-14,17.79,17.9,17.13,17.26,567420.0,3720308.0
2018-09-17,17.45,17.45,16.78,16.81,579300.0,3704763.0
2018-09-18,17.26,17.26,16.62,17.08,735320.0,4676110.0
2018-09-19,17.26,17.39,16.86,17.08,1311994.0,8447816.0
2018-09-20,17.21,17.85,17.1,17.55,1590960.0,10497488.0
2018-09-21,17.26,17.74,17.23,17.55,1215700.0,7966904.0
2018-09-25,17.5,17.53,17.13,17.26,936480.0,6094392.0
2018-09-26,17.32,17.63,17.13,17.39,1341500.0,8755373.0
2018-09-27,17.5,17.5,16.68,16.84,1188432.0,7584273.0
2018-09-28,17.18,17.47,16.73,17.08,1603700.0,10287220.0
2018-10-08,16.76,16.94,16.41,16.78,1280140.0,7997509.0
2018-10-09,16.76,16.89,16.36,16.55,834040.0,5196051.0
2018-10-10,16.52,16.55,16.09,16.28,1115200.0,6830702.0
2018-10-11,16.04,16.04,14.66,14.66,1181260.0,6789038.0
2018-10-12,14.93,16.09,14.45,15.06,4054590.0,22882718.0
2018-10-15,14.61,15.19,14.45,14.79,1588240.0,8868815.0
2018-10-16,14.79,15.96,14.31,14.87,2404560.0,13363836.0
2018-10-17,15.0,15.0,14.55,14.74,879100.0,4897355.0
2018-10-18,14.82,14.82,14.15,14.34,1060829.0,5758702.0
2018-10-19,13.81,15.03,13.81,14.79,1664989.0,9156966.0
2018-10-22,14.95,15.85,14.82,15.56,3787880.0,21803254.0
2018-10-23,15.48,15.51,15.03,15.32,2158620.0,12365122.0
2018-10-24,15.19,15.54,15.0,15.27,1554300.0,8915773.0
2018-10-25,14.95,15.19,14.77,15.08,1556200.0,8767746.0
2018-10-26,15.27,15.27,14.82,15.0,1693660.0,9561083.0
2018-10-29,14.98,15.27,14.61,14.74,977740.0,5460499.0
2018-10-30,14.85,15.24,14.53,15.03,2721200.0,15232975.0
2018-10-31,15.19,15.51,14.71,15.4,3133640.0,17995124.0
2018-11-01,15.38,15.72,15.11,15.35,2227660.0,12953937.0
2018-11-02,15.48,16.28,15.48,15.8,3324040.0,19808077.0
2018-11-05,15.8,16.65,15.7,16.41,4236380.0,25959958.0
2018-11-06,16.23,16.7,16.09,16.44,1266480.0,7810700.0
2018-11-07,16.52,17.13,16.33,16.73,1746580.0,11034328.0
2018-11-08,16.86,17.13,16.6,16.7,2539720.0,16061259.0
2018-11-09,16.7,16.73,16.46,16.6,1417351.0,8854389.0
2018-11-12,16.62,17.77,16.62,17.26,3283620.0,21278734.0
2018-11-13,16.81,18.3,16.81,18.14,3016510.0,20358703.0
