2012-07-31,16.0,16.77,15.65,16.42,19818984.0,322702144.0
2012-08-01,16.02,16.23,15.66,15.95,11462129.0,182527520.0
2012-08-02,15.95,17.19,15.95,16.72,16047747.0,268337184.0
2012-08-03,16.51,17.36,16.46,17.03,14167427.0,239725632.0
2012-08-06,16.8,17.08,16.53,16.98,11503382.0,193032544.0
2012-08-07,16.99,17.18,16.55,16.83,8951969.0,150418528.0
2012-08-08,16.74,17.0,16.1,16.31,8724613.0,143781616.0
2012-08-09,16.3,17.88,16.29,17.4,25977768.0,450059904.0
2012-08-10,17.21,17.7,17.01,17.23,13571353.0,234990208.0
2012-08-13,17.32,17.62,17.03,17.34,11701603.0,203095616.0
2012-08-14,17.29,17.71,17.11,17.58,16596740.0,290299200.0
2012-08-15,17.54,17.66,16.41,16.52,15459966.0,261517088.0
2012-08-16,16.38,16.5,15.98,16.25,7724992.0,125541968.0
2012-08-17,16.48,16.75,16.3,16.51,7042866.0,116289976.0
2012-08-20,16.29,16.84,16.16,16.74,6330142.0,105049032.0
2012-08-21,16.62,16.89,16.59,16.72,6921802.0,115656840.0
2012-08-22,16.67,16.8,16.32,16.51,5594530.0,92354768.0
2012-08-23,16.45,17.28,16.41,17.07,10710416.0,181222160.0
2012-08-24,16.99,17.24,16.52,16.55,8448426.0,142786112.0
2012-08-27,16.2,16.38,16.05,16.08,5025620.0,81253176.0
2012-08-28,15.96,16.3,15.85,16.09,5190842.0,83497896.0
2012-08-29,15.97,16.26,15.83,15.95,4757450.0,76270016.0
2012-08-30,15.8,16.18,15.25,15.61,6266734.0,98321904.0
2012-08-31,15.48,15.63,15.21,15.33,4521985.0,69479552.0
2012-09-03,15.3,15.61,15.26,15.55,3632165.0,56242208.0
2012-09-04,15.55,15.64,15.24,15.57,4475518.0,69064240.0
2012-09-05,15.48,15.96,15.42,15.76,4742796.0,74631664.0
2012-09-06,15.63,15.95,15.63,15.84,3224410.0,51062528.0
2012-09-07,16.03,16.47,15.9,16.21,8038688.0,130134680.0
2012-09-10,16.21,16.66,16.16,16.31,6094553.0,100025168.0
2012-09-11,16.2,16.53,16.06,16.42,5326768.0,86957616.0
2012-09-12,16.53,16.8,16.26,16.6,6727740.0,111304544.0
2012-09-13,16.5,16.51,15.98,16.01,5042856.0,82051376.0
2012-09-14,16.2,16.42,15.97,16.26,4756538.0,77113792.0
2012-09-17,16.2,16.3,15.58,15.65,5012047.0,79298328.0
2012-09-18,15.55,15.83,15.51,15.61,2445703.0,38352112.0
2012-09-19,15.66,15.82,15.55,15.72,2221961.0,34812200.0
2012-09-20,15.69,15.69,15.3,15.31,3648187.0,56323132.0
2012-09-21,15.33,15.65,15.25,15.48,3049799.0,47260096.0
2012-09-24,15.27,15.7,15.23,15.67,2822366.0,43833268.0
2012-09-25,15.61,15.92,15.51,15.57,2754381.0,43364284.0
2012-09-26,15.52,15.56,14.43,14.53,5921935.0,88191928.0
2012-09-27,14.45,14.85,14.23,14.75,5992882.0,87214352.0
2012-09-28,14.5,15.05,14.43,14.95,5085866.0,75259184.0
2012-10-08,14.97,15.04,14.59,14.7,3604641.0,53089248.0
2012-10-09,14.76,15.16,14.74,15.07,5238991.0,78482840.0
2012-10-10,14.96,15.16,14.84,15.14,3798215.0,57017552.0
2012-10-11,15.0,15.09,14.79,14.8,3321902.0,49519808.0
2012-10-12,14.8,15.58,14.8,15.29,7162029.0,109601608.0
2012-10-15,15.11,15.37,14.92,15.17,3707843.0,55940292.0
2012-10-16,15.15,15.18,14.87,14.92,2999314.0,44962680.0
2012-10-17,14.99,15.07,14.82,14.91,3177224.0,47476048.0
2012-10-18,14.9,15.22,14.9,15.17,4402195.0,66442796.0
2012-10-19,15.75,16.45,15.55,15.64,13608604.0,216116720.0
2012-10-22,15.39,15.95,15.31,15.85,6702915.0,105195360.0
2012-10-23,15.75,15.85,15.52,15.56,4217706.0,65987896.0
2012-10-24,15.4,15.49,14.96,14.98,4973132.0,75893064.0
2012-10-25,14.96,15.04,14.6,14.66,4617922.0,68366792.0
2012-10-26,14.66,14.85,14.61,14.79,3047217.0,44795616.0
2012-10-29,14.8,14.85,14.42,14.54,2256926.0,32790192.0
2012-10-30,14.51,14.86,14.51,14.84,3050887.0,45035996.0
2012-10-31,14.15,14.15,13.63,13.96,7553541.0,105222272.0
2012-11-01,13.9,14.4,13.82,14.15,4977489.0,70431240.0
2012-11-02,14.12,14.23,13.94,14.11,3302148.0,46544776.0
2012-11-05,14.1,14.19,14.01,14.11,2070312.0,29190796.0
2012-11-06,14.12,14.27,14.04,14.25,3251157.0,46079328.0
2012-11-07,14.25,14.28,14.07,14.11,2231532.0,31570098.0
2012-11-08,14.04,14.04,13.33,13.36,4255455.0,58223904.0
2012-11-09,13.35,13.49,13.28,13.31,2003857.0,26786068.0
2012-11-12,13.31,13.43,13.28,13.41,1671190.0,22328004.0
2012-11-13,13.35,13.35,12.97,12.97,2731269.0,35741960.0
2012-11-14,12.99,13.2,12.91,13.13,1688689.0,22066068.0
2012-11-15,13.03,13.05,12.64,12.66,2119695.0,27245022.0
2012-11-16,12.66,12.78,12.62,12.74,1906239.0,24196590.0
2012-11-19,12.74,13.1,12.68,13.07,1796310.0,23094532.0
2012-11-20,13.1,13.16,12.83,12.85,1520532.0,19711668.0
2012-11-21,12.93,13.35,12.81,13.31,3414181.0,44912444.0
2012-11-22,13.2,13.33,13.1,13.15,1919597.0,25303376.0
2012-11-23,13.15,13.34,13.12,13.14,1858028.0,24606826.0
2012-11-26,13.1,13.15,12.77,12.82,1735349.0,22508368.0
2012-11-27,12.71,12.8,12.29,12.32,2343610.0,29262248.0
2012-11-28,12.29,12.33,11.94,12.01,1989232.0,23980680.0
2012-11-29,12.22,12.34,11.98,12.0,2096127.0,25457420.0
2012-11-30,11.9,12.22,11.81,12.17,1507930.0,18233462.0
2012-12-03,12.1,12.3,11.72,11.78,1342641.0,16184700.0
2012-12-04,11.7,11.88,11.29,11.75,3651124.0,42007312.0
2012-12-05,11.67,12.5,11.53,12.25,4808902.0,58338160.0
2012-12-06,12.18,12.3,12.05,12.1,2227358.0,27062068.0
2012-12-07,12.13,12.54,12.03,12.5,4500208.0,55610584.0
2012-12-10,12.51,12.82,12.43,12.75,4776275.0,60499272.0
2012-12-11,12.69,12.78,12.53,12.58,3397788.0,42997824.0
2012-12-12,12.57,12.83,12.53,12.7,2890301.0,36574300.0
2012-12-13,12.69,12.69,12.36,12.37,2736759.0,34143704.0
2012-12-14,12.33,13.14,12.33,12.98,6593765.0,84803616.0
2012-12-17,12.99,13.8,12.97,13.38,9060823.0,121985592.0
2012-12-18,13.4,13.76,13.31,13.45,5364726.0,72495248.0
2012-12-19,13.27,13.65,13.27,13.5,3323359.0,44745348.0
2012-12-20,13.4,14.05,13.36,13.91,6291393.0,86760848.0
2012-12-21,13.91,14.27,13.72,14.08,6904445.0,96854272.0
2012-12-24,14.01,14.37,13.87,14.0,4737863.0,66691184.0
2012-12-25,13.95,14.78,13.83,14.49,8641101.0,123975376.0
2012-12-26,14.4,15.09,14.32,15.02,9446673.0,139644368.0
2012-12-27,15.15,15.2,14.33,14.36,9005951.0,132840672.0
2012-12-28,14.3,14.68,14.13,14.54,5866009.0,84664544.0
2012-12-31,14.62,15.45,14.62,15.37,10551726.0,160205120.0
2013-01-04,15.75,15.8,15.2,15.35,10059805.0,155209552.0
2013-01-07,15.2,15.84,15.05,15.79,8221270.0,128390864.0
2013-01-08,15.78,16.06,15.51,15.82,7559068.0,119600016.0
2013-01-09,15.8,15.89,15.3,15.46,6580294.0,102529160.0
2013-01-10,15.4,15.68,15.18,15.57,4602973.0,71026544.0
2013-01-11,15.6,15.67,15.04,15.09,5809833.0,89289160.0
2013-01-14,15.07,15.64,15.03,15.56,6887167.0,106327632.0
2013-01-15,15.57,16.13,15.57,16.02,8272678.0,131977344.0
2013-01-16,16.11,16.65,15.97,16.37,13446940.0,220430784.0
2013-01-17,16.3,16.35,15.94,16.08,5959719.0,96090432.0
2013-01-18,16.15,17.1,16.11,17.0,11118968.0,185288096.0
2013-01-21,17.07,17.27,16.78,17.12,6915685.0,117410104.0
2013-01-22,17.03,17.16,16.16,16.38,7812504.0,129998592.0
2013-01-23,16.38,16.56,15.92,16.28,5636848.0,91470376.0
2013-01-24,16.3,16.56,15.01,15.52,8219900.0,130301280.0
2013-01-25,15.32,15.58,15.32,15.41,3042908.0,47023140.0
2013-01-28,15.54,16.06,15.45,15.99,5361411.0,85211192.0
2013-01-29,16.05,16.39,15.95,16.19,4584486.0,74236968.0
2013-01-30,16.19,16.35,15.76,16.22,5379844.0,86591296.0
2013-01-31,16.02,17.08,16.02,16.83,8917578.0,147969280.0
2013-02-01,16.68,16.92,16.55,16.89,5118021.0,85702632.0
2013-02-04,17.1,17.19,16.78,17.01,7346844.0,124932656.0
2013-02-05,16.9,16.92,16.12,16.49,7495869.0,123418512.0
2013-02-06,16.42,17.37,16.41,16.73,10299279.0,174454080.0
2013-02-07,15.51,15.54,15.06,15.09,22599512.0,342495328.0
2013-02-08,14.98,15.16,14.83,15.0,9297398.0,139542096.0
2013-02-18,15.02,15.12,14.9,15.09,5971604.0,89722648.0
2013-02-19,15.11,15.12,14.72,14.72,6773499.0,100686296.0
2013-02-20,14.78,14.94,14.69,14.92,4642791.0,68823472.0
2013-02-21,14.88,15.03,14.7,14.8,5517057.0,82028600.0
2013-02-22,14.8,14.85,14.6,14.63,4222043.0,61964332.0
2013-02-25,14.69,14.74,14.59,14.71,2619989.0,38416600.0
2013-02-26,14.61,14.65,14.25,14.29,4962056.0,71863440.0
2013-02-27,14.3,14.42,14.0,14.05,3793463.0,53819576.0
2013-02-28,14.16,14.4,14.04,14.4,3826138.0,54529784.0
2013-03-01,14.49,14.49,14.31,14.43,3165050.0,45508644.0
2013-03-04,14.3,14.3,13.68,13.7,4399415.0,61571208.0
2013-03-05,13.71,13.96,13.67,13.95,2659603.0,36734892.0
2013-03-06,13.94,14.17,13.81,14.11,3886775.0,54397096.0
2013-03-07,14.08,14.58,14.01,14.41,6367851.0,91455184.0
2013-03-08,14.4,14.45,14.16,14.18,2858071.0,40821064.0
2013-03-11,14.19,14.28,14.11,14.2,1840056.0,26092264.0
2013-03-12,14.18,14.3,13.2,13.7,3349157.0,46512016.0
2013-03-13,13.47,13.69,13.33,13.44,1864363.0,25070938.0
2013-03-14,13.36,13.56,13.36,13.47,1486695.0,20021686.0
2013-03-15,13.43,13.64,13.25,13.39,2238601.0,30152040.0
2013-03-18,13.41,13.42,13.0,13.02,2336031.0,30734784.0
2013-03-19,13.03,13.13,12.75,13.03,1880525.0,24329126.0
2013-03-20,13.01,13.49,12.96,13.46,2795926.0,37052704.0
2013-03-21,13.45,13.74,13.4,13.68,3373760.0,45933416.0
2013-03-22,13.62,13.87,13.51,13.75,2713268.0,37234988.0
2013-03-25,13.73,13.8,13.55,13.62,1696364.0,23142900.0
2013-03-26,13.59,13.59,13.26,13.36,1824764.0,24411478.0
2013-03-27,13.3,13.6,13.3,13.4,1385983.0,18636528.0
2013-03-28,13.68,14.42,13.58,13.92,9622496.0,135065392.0
2013-03-29,13.69,14.09,13.63,14.02,4850581.0,67380344.0
2013-04-01,14.05,14.07,13.82,13.86,2753268.0,38425800.0
2013-04-02,13.82,14.06,13.32,13.41,3577255.0,49066136.0
2013-04-03,13.4,13.48,13.01,13.13,2543807.0,33401724.0
2013-04-08,12.89,13.02,12.71,13.01,1626226.0,20916444.0
2013-04-09,12.98,13.27,12.98,13.2,1254347.0,16521279.0
2013-04-10,13.18,13.18,12.91,13.05,1457170.0,18968612.0
2013-04-11,13.17,13.23,13.06,13.21,1585345.0,20874894.0
2013-04-12,13.23,13.24,12.98,13.05,1149477.0,15063663.0
2013-04-15,13.04,13.04,12.8,12.82,1162962.0,14955553.0
2013-04-16,12.66,12.99,12.5,12.94,1791451.0,22774090.0
2013-04-17,13.0,13.02,12.8,12.92,1130950.0,14165432.0
2013-04-18,12.82,13.06,12.8,13.05,831459.0,10452872.0
2013-04-19,13.07,13.44,13.01,13.38,1970837.0,25381020.0
2013-04-22,13.21,13.38,13.15,13.26,2044076.0,26263860.0
2013-04-23,13.26,13.34,12.8,12.81,1954113.0,24552168.0
2013-04-24,12.83,13.0,12.67,12.92,1961624.0,24379158.0
2013-04-25,12.93,12.93,12.6,12.67,1930151.0,23764436.0
2013-04-26,12.37,12.37,11.62,11.65,4726256.0,54223248.0
2013-05-02,11.62,11.62,11.36,11.47,1610968.0,17868224.0
2013-05-03,11.53,11.71,11.46,11.66,2002971.0,22545948.0
2013-05-06,11.67,11.79,11.59,11.79,2089270.0,23694984.0
2013-05-07,11.79,11.87,11.71,11.82,1897188.0,21672872.0
2013-05-08,11.79,11.87,11.78,11.86,1748315.0,20028196.0
2013-05-09,11.87,11.92,11.66,11.7,2269068.0,25833896.0
2013-05-10,11.62,11.85,11.61,11.84,2047773.0,23297672.0
2013-05-13,11.85,12.43,11.83,12.41,5201406.0,61549444.0
2013-05-14,12.38,12.38,12.07,12.18,2531435.0,29892552.0
2013-05-15,12.19,12.37,12.12,12.27,1866141.0,22199552.0
2013-05-16,12.26,12.54,12.14,12.39,2352612.0,28181458.0
2013-05-17,12.4,12.47,12.26,12.41,2747819.0,32904596.0
2013-05-20,12.45,12.57,12.33,12.54,2844775.0,34362088.0
2013-05-21,12.53,12.64,12.4,12.63,2839490.0,34514504.0
2013-05-22,12.62,12.66,12.41,12.51,2210667.0,26901148.0
2013-05-23,12.51,12.51,12.14,12.16,2768301.0,33014596.0
2013-05-24,12.18,12.26,12.06,12.23,2171160.0,25603128.0
2013-05-27,12.22,12.33,12.19,12.32,1838241.0,21866672.0
2013-05-28,12.29,12.5,12.19,12.49,2098450.0,25102512.0
2013-05-29,12.53,13.23,12.48,13.16,7738364.0,96632368.0
2013-05-30,13.33,14.48,13.33,14.48,24751892.0,341886784.0
2013-05-31,14.34,14.53,14.1,14.29,12536753.0,173516544.0
2013-06-03,14.38,14.44,13.83,14.08,8139373.0,111461640.0
2013-06-04,14.01,14.18,13.78,14.08,4591194.0,62117244.0
2013-06-05,14.05,14.49,14.0,14.3,5390011.0,74605408.0
2013-06-06,14.32,14.32,13.81,13.82,3640964.0,49391268.0
2013-06-07,13.8,13.85,12.65,12.92,6823935.0,86601656.0
2013-06-13,12.74,12.74,12.07,12.29,2960004.0,35312152.0
2013-06-14,12.35,12.56,12.35,12.41,2413350.0,29113184.0
2013-06-17,12.39,12.94,12.39,12.77,3089849.0,38219540.0
2013-06-18,12.85,12.87,12.34,12.67,1946454.0,23775492.0
2013-06-19,12.48,12.48,12.12,12.43,2730501.0,32428872.0
2013-06-20,12.32,12.32,11.79,11.83,3042635.0,35388440.0
2013-06-21,11.65,11.85,11.42,11.74,1834874.0,20654818.0
2013-06-24,11.99,11.99,11.04,11.29,2188624.0,24300750.0
2013-06-25,11.04,11.39,10.28,11.05,2370097.0,25029324.0
2013-06-26,11.23,11.29,10.95,11.12,1678300.0,18035856.0
2013-06-27,11.2,11.43,11.05,11.11,1900298.0,20664132.0
2013-06-28,10.99,11.22,10.73,10.99,1572077.0,16682248.0
2013-07-01,10.97,11.09,10.79,11.07,993842.0,10537816.0
2013-07-02,11.24,11.36,11.08,11.31,1895053.0,20665924.0
2013-07-03,11.29,11.3,10.96,11.21,1304154.0,14004447.0
2013-07-04,10.99,11.66,10.99,11.46,1965043.0,21673814.0
2013-07-05,11.46,11.74,11.38,11.57,2500645.0,28075260.0
2013-07-08,11.4,11.51,10.73,10.73,1927667.0,20576092.0
2013-07-09,10.73,10.84,10.42,10.63,1302850.0,13352690.0
2013-07-10,10.53,10.92,10.53,10.92,1383818.0,14415641.0
2013-07-11,10.84,11.34,10.84,11.22,2103168.0,22740574.0
2013-07-12,11.14,11.25,10.84,10.85,2099810.0,22462850.0
2013-07-15,10.75,11.02,10.74,10.97,2008720.0,21162268.0
2013-07-16,11.09,11.46,10.97,11.46,3604821.0,39377128.0
2013-07-17,11.46,11.46,11.11,11.14,2789232.0,30417074.0
2013-07-18,11.02,11.05,10.75,10.86,2322690.0,24508320.0
2013-07-19,10.86,10.95,10.65,10.68,2257302.0,23731420.0
2013-07-22,10.94,11.09,10.68,11.05,1964668.0,20810138.0
2013-07-23,12.16,12.16,12.16,12.16,3252638.0,38316076.0
2013-07-24,13.22,13.23,12.2,12.56,11516549.0,140161568.0
2013-07-25,12.45,12.57,11.74,11.93,5475753.0,64665164.0
2013-07-26,11.65,11.92,11.29,11.43,5186864.0,57876432.0
2013-07-29,11.35,11.71,11.14,11.67,2907091.0,32400064.0
2013-07-30,11.54,11.67,11.31,11.44,2079908.0,23157812.0
2013-07-31,11.42,11.54,11.27,11.29,2263993.0,24968736.0
2013-08-01,11.26,11.7,11.26,11.54,2467002.0,27450666.0
2013-08-02,11.55,11.73,11.41,11.52,3341470.0,37532172.0
2013-08-05,11.47,11.89,11.35,11.81,3406778.0,38645892.0
2013-08-06,11.73,12.98,11.7,12.3,10224345.0,124458808.0
2013-08-07,12.44,12.66,11.8,12.35,10492691.0,123560552.0
2013-08-08,12.23,12.28,11.9,12.09,7309948.0,85492360.0
2013-08-09,12.12,12.14,11.79,12.01,5628714.0,65241884.0
2013-08-12,12.03,12.53,11.9,12.44,6628467.0,79222848.0
2013-08-13,12.51,13.68,12.51,13.68,19043384.0,246383088.0
2013-08-14,13.88,14.14,13.36,13.67,17325554.0,228764080.0
2013-08-15,13.46,13.88,13.0,13.2,13785089.0,179140960.0
2013-08-16,13.04,13.38,12.96,13.26,8650699.0,110722544.0
2013-08-19,13.22,14.59,13.16,14.41,16635200.0,226761424.0
2013-08-20,14.15,14.91,14.15,14.47,13092904.0,184799104.0
2013-08-21,14.89,15.37,14.56,14.67,10659281.0,153853296.0
2013-08-22,14.45,15.46,14.35,15.24,12509744.0,183009184.0
2013-08-23,14.97,16.1,14.87,15.91,14854727.0,224312640.0
2013-08-26,15.88,16.77,15.8,16.43,11406198.0,181480640.0
2013-08-27,16.21,16.46,15.85,16.41,6906655.0,108159680.0
2013-08-28,16.21,16.22,15.69,15.77,6715413.0,103921712.0
2013-08-29,15.82,16.07,15.43,16.06,4241725.0,65146468.0
2013-08-30,15.96,16.4,15.41,15.63,5334460.0,82306512.0
2013-09-02,15.51,16.05,15.17,15.83,2923725.0,44422472.0
2013-09-03,15.82,16.2,15.58,15.97,2852680.0,44239228.0
2013-09-04,16.06,17.29,15.9,16.95,9064172.0,147088080.0
2013-09-05,17.02,17.13,16.62,17.04,4562955.0,74636640.0
2013-09-06,17.06,17.23,16.59,16.67,3194298.0,51781712.0
2013-09-09,17.13,17.45,15.87,15.88,8373472.0,134453280.0
2013-09-10,16.56,16.9,15.03,15.64,13249997.0,202887856.0
2013-11-29,17.01,17.01,14.47,15.07,17974400.0,267774624.0
2013-12-02,14.72,14.72,13.56,13.72,9746424.0,133039504.0
2013-12-03,13.43,13.78,13.41,13.71,5548962.0,73126168.0
2013-12-04,13.69,14.12,13.59,13.93,4896059.0,65748920.0
2013-12-05,13.79,13.9,13.54,13.63,3618817.0,47947708.0
2013-12-06,13.66,13.67,13.29,13.52,3407565.0,44319852.0
2013-12-09,13.48,13.71,13.48,13.68,2365007.0,31184688.0
2013-12-10,13.68,14.16,13.63,14.04,5127999.0,69104504.0
2013-12-11,14.11,14.32,13.8,14.08,3984730.0,54404472.0
2013-12-12,14.01,14.24,13.93,13.97,2712582.0,37024152.0
2013-12-13,13.96,14.14,13.64,13.86,2622324.0,35325548.0
2013-12-16,13.88,14.12,13.75,13.81,2060510.0,27781524.0
2013-12-17,13.83,13.83,13.47,13.56,1796248.0,23691904.0
2013-12-18,13.6,13.87,13.49,13.84,1406613.0,18688512.0
2013-12-19,13.83,14.16,13.78,14.0,2942020.0,40074256.0
2013-12-20,14.01,14.09,13.79,13.83,2197979.0,29692496.0
2013-12-23,13.86,13.86,13.5,13.64,1034142.0,13716736.0
2013-12-24,13.75,13.82,13.57,13.79,1676959.0,22219862.0
2013-12-25,13.79,14.14,13.71,13.83,1608158.0,21697534.0
2013-12-26,13.83,13.88,13.48,13.49,1754002.0,23126490.0
2013-12-27,13.63,13.78,13.45,13.61,1880935.0,24813848.0
2013-12-30,13.63,14.12,13.63,14.1,3086248.0,41770368.0
2013-12-31,14.15,14.47,13.93,14.45,3887748.0,53809032.0
2014-01-02,14.55,14.55,14.19,14.28,1991319.0,27793420.0
2014-01-03,14.37,15.04,13.92,14.82,5534818.0,78181072.0
2014-01-06,14.72,15.13,14.47,14.64,2652560.0,38079588.0
2014-01-07,14.57,14.94,14.37,14.71,1773286.0,25325214.0
2014-01-08,14.71,14.71,14.24,14.46,1905631.0,26713116.0
2014-01-09,14.46,14.66,13.65,13.67,2501558.0,34346648.0
2014-01-10,13.53,13.88,13.46,13.54,1465134.0,19363698.0
2014-01-13,13.43,13.68,13.12,13.13,1802526.0,23334708.0
2014-01-14,13.16,13.41,12.83,13.29,2016712.0,25479448.0
2014-01-15,13.21,13.39,13.17,13.33,1048132.0,13505120.0
2014-01-16,13.31,13.36,12.99,13.13,2062969.0,26270138.0
2014-01-17,13.09,13.13,12.98,13.04,862457.0,10900877.0
2014-01-20,12.88,13.07,12.4,12.69,2493469.0,30609330.0
2014-01-21,12.68,12.85,12.51,12.83,1426361.0,17625304.0
2014-01-22,12.83,13.27,12.76,13.05,2502940.0,31741668.0
2014-01-23,12.96,13.25,12.86,13.11,2771569.0,34936916.0
2014-01-24,13.02,13.47,13.02,13.36,2614048.0,33711152.0
2014-01-27,13.27,13.95,13.27,13.55,2571477.0,33990816.0
2014-01-28,13.54,13.95,13.54,13.89,1933918.0,25812676.0
2014-01-29,13.73,14.12,13.73,13.86,2335268.0,31490652.0
2014-01-30,13.87,13.95,13.59,13.87,1429584.0,19075054.0
2014-02-07,13.72,13.89,13.64,13.86,1559697.0,20870028.0
2014-02-10,13.93,14.29,13.69,14.14,3764243.0,51071736.0
2014-02-11,14.09,14.76,14.04,14.69,3317794.0,46329968.0
2014-02-12,14.67,14.91,14.51,14.55,3338488.0,47416664.0
2014-02-13,14.6,14.79,14.45,14.58,2265668.0,32095168.0
2014-02-14,14.58,15.35,14.48,15.31,3481523.0,50615328.0
2014-02-17,15.43,15.46,15.08,15.39,2780904.0,41257912.0
2014-02-18,15.4,15.84,15.23,15.73,2808746.0,42503808.0
2014-02-19,15.62,16.2,15.62,15.87,2930985.0,45478480.0
2014-02-20,15.87,15.97,15.29,15.47,2666178.0,40322652.0
2014-02-21,15.44,15.63,15.08,15.31,2198075.0,32693528.0
2014-02-24,15.17,15.99,14.71,15.9,4836300.0,71552712.0
2014-02-25,15.68,16.19,14.84,15.12,5765901.0,86494848.0
2014-02-26,15.12,15.68,14.64,15.44,3813752.0,56474200.0
2014-02-27,15.44,15.88,15.18,15.75,5261482.0,79355344.0
2014-02-28,15.68,15.76,14.46,15.24,13456966.0,196518976.0
2014-03-03,15.06,15.65,14.91,15.34,10114401.0,149678048.0
2014-03-04,15.26,15.72,15.21,15.32,7433189.0,110796576.0
2014-03-05,15.36,15.36,14.76,14.77,3090260.0,44967884.0
2014-03-06,14.73,14.73,14.34,14.49,2845190.0,39970992.0
2014-03-07,14.48,14.81,14.4,14.55,2444669.0,34447488.0
2014-03-10,14.45,14.58,13.84,13.91,2299642.0,31364608.0
2014-03-11,13.91,14.3,13.89,14.16,2371116.0,32375288.0
2014-03-12,14.09,14.63,13.77,14.38,4073562.0,55920988.0
2014-03-24,14.45,15.23,14.45,14.95,5925858.0,85300752.0
2014-03-25,14.67,14.96,14.6,14.81,2390177.0,34203072.0
2014-03-26,14.82,15.15,14.73,15.05,1955652.0,28264656.0
2014-03-27,15.02,15.05,14.78,14.95,1477111.0,21306500.0
2014-03-28,14.87,14.99,14.23,14.45,1865904.0,26313366.0
2014-03-31,14.45,14.45,13.62,13.93,2621486.0,35466560.0
2014-04-01,14.1,14.71,13.91,14.67,2516548.0,35168048.0
2014-04-02,14.64,14.79,14.24,14.32,1492506.0,20873354.0
2014-04-03,14.34,14.91,14.23,14.88,2361671.0,33574744.0
2014-04-04,14.73,15.35,14.73,15.18,4597321.0,67616752.0
2014-04-08,15.07,15.31,14.99,15.2,2698486.0,39715376.0
2014-04-09,15.07,15.79,15.05,15.48,3576902.0,53411076.0
2014-04-10,15.55,15.79,15.2,15.26,3451366.0,51840668.0
2014-04-11,15.25,15.58,15.18,15.29,2073488.0,30882688.0
2014-04-14,15.31,15.48,15.18,15.3,1601906.0,23766016.0
2014-04-15,15.23,15.23,14.9,14.92,1760754.0,25664556.0
2014-04-16,14.91,15.01,14.82,14.94,1101591.0,15897787.0
2014-04-17,14.87,15.02,14.66,14.79,1396447.0,20085536.0
2014-04-18,14.76,15.01,14.76,14.99,789327.0,11424781.0
2014-04-21,14.81,15.07,14.63,14.73,1286734.0,18529524.0
2014-04-22,14.65,14.91,14.5,14.79,1728396.0,24645276.0
2014-04-23,14.65,14.85,14.58,14.71,998365.0,14195696.0
2014-04-24,14.67,14.78,14.57,14.61,1494240.0,21231794.0
2014-04-25,14.74,15.48,14.65,15.09,4754296.0,69999024.0
2014-04-28,14.99,15.4,14.81,15.2,3073660.0,45208392.0
2014-04-29,15.18,15.45,15.05,15.35,3660604.0,54173664.0
2014-04-30,15.26,15.26,13.81,14.77,6635934.0,92393296.0
2014-05-05,14.45,14.67,14.38,14.56,2126018.0,29822580.0
2014-05-06,14.48,14.6,14.19,14.5,2538045.0,35487256.0
2014-05-07,14.47,14.47,13.91,13.92,2133170.0,29178104.0
2014-05-08,13.91,13.99,13.58,13.61,3144589.0,42016464.0
2014-05-09,13.61,13.62,12.88,13.25,3691521.0,47247900.0
2014-05-12,13.25,13.4,13.0,13.32,3090882.0,39614096.0
2014-05-13,13.31,13.41,13.05,13.07,2212891.0,28343592.0
2014-05-14,13.02,13.16,12.94,13.12,1894216.0,23948832.0
2014-05-15,13.11,13.14,12.69,12.73,1745329.0,21882212.0
2014-05-16,12.69,12.89,12.37,12.52,2664824.0,32328530.0
2014-05-19,12.44,12.6,12.38,12.47,1465904.0,17722564.0
2014-05-20,12.58,12.79,12.54,12.58,1702255.0,20868418.0
2014-05-21,12.62,12.74,12.53,12.69,1399304.0,17184818.0
2014-05-22,12.78,12.92,12.7,12.81,1778121.0,22157198.0
2014-05-23,12.83,12.92,12.69,12.8,1360062.0,16814372.0
2014-05-26,12.85,12.91,12.73,12.85,2160427.0,26838608.0
2014-05-27,12.85,12.88,12.71,12.74,1219420.0,15105523.0
2014-05-28,12.69,12.9,12.69,12.87,2027620.0,25223816.0
2014-05-29,12.86,12.92,12.64,12.68,2121572.0,26273672.0
2014-05-30,12.65,12.74,12.63,12.71,1344437.0,16524357.0
2014-06-03,12.79,12.83,12.49,12.81,1339270.0,16499557.0
2014-06-04,12.82,12.83,12.5,12.65,1027816.0,12589630.0
2014-06-05,12.66,12.8,12.59,12.78,909226.0,11208735.0
2014-06-06,12.78,13.05,12.78,12.97,2164817.0,27099378.0
2014-06-09,12.92,13.21,12.85,12.9,1965937.0,24812700.0
2014-06-10,12.95,12.97,12.84,12.96,1558475.0,19506450.0
2014-06-11,12.95,12.97,12.82,12.94,2383685.0,29778898.0
2014-06-12,12.91,13.05,12.81,12.94,1511616.0,18959972.0
2014-06-13,12.88,13.24,12.88,13.17,3849115.0,48844016.0
2014-06-16,13.22,13.28,13.1,13.26,2795941.0,35688868.0
2014-06-17,13.26,13.26,13.12,13.14,2085102.0,26629276.0
2014-06-18,13.14,13.2,12.77,12.78,2514947.0,31615932.0
2014-06-19,12.83,13.02,12.59,12.71,2583461.0,32083192.0
2014-06-20,12.71,12.8,12.66,12.79,1121820.0,13834878.0
2014-06-23,12.85,13.14,12.82,13.1,1685654.0,21182458.0
2014-06-24,13.07,13.32,13.01,13.28,3466440.0,44311568.0
2014-06-25,13.21,13.26,13.06,13.24,1637827.0,20918600.0
2014-06-26,13.31,13.44,13.26,13.27,2288028.0,29564112.0
2014-06-27,13.34,13.49,13.26,13.4,2460797.0,31990280.0
2014-06-30,13.45,13.52,13.31,13.41,2093166.0,27246920.0
2014-07-01,13.39,13.41,13.23,13.32,2632725.0,33960072.0
2014-07-02,13.34,13.89,13.34,13.79,4665651.0,61903872.0
2014-07-03,13.79,14.19,13.68,14.09,3945644.0,53553344.0
2014-07-04,14.11,14.29,14.02,14.08,2708989.0,37152340.0
2014-07-07,14.23,14.41,14.04,14.38,3428862.0,47296904.0
2014-07-08,14.4,14.4,14.16,14.24,1901028.0,26246896.0
2014-07-09,14.2,14.33,13.91,13.94,2815799.0,38382040.0
2014-07-10,14.14,14.14,13.88,13.97,2298828.0,31150568.0
2014-07-11,13.89,14.32,13.89,14.05,2635171.0,18042592.0
2014-07-14,13.91,13.97,13.56,13.79,5559777.0,36810576.0
2014-07-15,13.79,13.87,13.6,13.85,4109641.0,27276218.0
2014-07-16,13.85,13.93,13.43,13.58,4309292.0,28511388.0
2014-07-17,13.58,13.62,13.43,13.6,3205041.0,20906168.0
2014-07-18,13.56,13.7,13.5,13.58,2979369.0,19596994.0
2014-07-21,13.58,13.6,13.37,13.39,2576033.0,16741168.0
2014-07-22,13.37,13.66,13.37,13.56,2614863.0,17129322.0
2014-07-23,13.54,13.83,13.5,13.7,4548983.0,30062784.0
2014-07-24,13.66,13.79,13.64,13.74,4843118.0,32090930.0
2014-07-25,13.79,14.1,13.66,14.05,4880450.0,32826248.0
2014-07-28,14.1,14.8,14.01,14.78,14678959.0,102448776.0
2014-07-29,14.78,14.8,14.51,14.61,11034607.0,77905056.0
2014-07-30,14.61,14.61,14.28,14.47,6730238.0,46986164.0
2014-07-31,14.47,14.65,14.47,14.53,6040417.0,42370384.0
2014-08-01,14.59,14.59,14.35,14.37,4952987.0,34576984.0
2014-08-04,14.41,14.61,14.37,14.49,6500445.0,45567544.0
2014-08-05,14.55,14.61,14.41,14.57,6316243.0,44299268.0
2014-08-06,14.55,14.97,14.47,14.9,8978195.0,63647056.0
2014-08-07,14.8,14.97,14.65,14.72,7111924.0,50824252.0
2014-08-08,14.68,15.21,14.68,15.19,7571591.0,54861000.0
2014-08-11,15.23,16.15,15.23,15.96,11104966.0,84118368.0
2014-08-12,15.96,16.15,15.63,16.0,7389013.0,56716844.0
2014-08-13,16.12,17.18,16.04,16.23,23811288.0,189417392.0
2014-08-14,16.1,16.23,15.88,15.96,9946200.0,77059528.0
2014-08-15,15.96,16.43,15.73,16.39,10703676.0,83679624.0
2014-08-18,16.48,17.06,16.27,16.97,11444926.0,92323072.0
2014-08-19,17.02,17.04,16.56,16.73,8792869.0,71059464.0
2014-08-20,16.73,16.73,16.44,16.52,6967105.0,55750720.0
2014-08-21,16.52,16.56,16.0,16.33,5584596.0,43941080.0
2014-08-22,16.31,16.46,16.06,16.44,6079402.0,47659252.0
2014-08-25,16.41,16.87,16.35,16.64,7108229.0,57368288.0
2014-08-26,16.6,16.87,16.15,16.25,6098975.0,48710624.0
2014-08-27,16.33,16.56,16.15,16.21,4309573.0,33847456.0
2014-08-28,16.31,16.43,16.08,16.21,3695065.0,28896696.0
2014-08-29,16.19,16.77,16.19,16.7,8477197.0,68018040.0
2014-09-01,17.26,17.59,16.15,16.35,34860968.0,278241216.0
2014-09-02,16.35,16.81,16.21,16.73,24337212.0,195175392.0
2014-09-03,16.75,18.4,16.73,18.4,36995128.0,313577632.0
2014-09-04,18.65,20.06,18.4,19.31,69253584.0,639772928.0
2014-09-05,19.06,19.23,18.77,19.11,30473616.0,279054752.0
2014-09-09,19.04,19.77,18.94,19.35,28949280.0,271683424.0
2014-09-10,19.23,19.71,19.04,19.58,18142664.0,170226768.0
2014-09-11,19.6,19.71,19.11,19.21,19337706.0,180968336.0
2014-09-12,19.21,19.58,18.96,19.52,13942273.0,129732320.0
2014-09-15,19.52,21.38,19.21,20.99,34055604.0,335806464.0
2014-09-16,20.82,21.18,19.89,19.95,25235356.0,249603232.0
2014-09-17,19.95,20.16,19.23,19.81,14699459.0,139536512.0
2014-09-18,19.77,20.08,19.46,19.85,8856869.0,84642640.0
2014-09-19,19.81,21.36,19.73,20.68,23162474.0,232109216.0
2014-09-22,20.45,21.22,20.29,20.76,17694304.0,178016160.0
2014-09-23,20.64,21.11,20.49,21.09,12539757.0,126846672.0
2014-09-24,21.13,21.28,20.93,21.18,14979221.0,152642800.0
2014-09-25,21.24,21.3,20.8,20.95,11867131.0,120324392.0
2014-09-26,20.86,20.95,20.66,20.84,7623375.0,76610408.0
2014-09-29,20.82,21.01,20.76,20.97,8957797.0,90343112.0
2014-09-30,20.97,21.3,20.86,21.09,9792851.0,99901624.0
2014-10-08,21.09,21.18,20.82,21.05,9792485.0,99225024.0
2014-10-09,21.03,21.11,20.41,20.78,13019723.0,130601440.0
2014-10-10,20.7,20.72,19.77,20.18,17786268.0,174140992.0
2014-10-13,20.14,20.64,19.87,20.55,9871822.0,96444536.0
2014-10-14,20.51,20.84,20.35,20.64,10414370.0,103746824.0
2014-10-15,20.86,22.56,20.86,21.92,29582662.0,312878080.0
2014-10-16,21.73,22.02,21.22,21.24,16193737.0,169045504.0
2014-10-17,21.13,21.24,20.31,20.84,12482293.0,125276888.0
2014-10-20,21.47,21.8,21.07,21.69,15953275.0,165398752.0
2014-10-21,21.69,22.02,21.38,21.65,11425288.0,119718568.0
2014-10-22,21.82,22.11,21.18,21.28,10932451.0,114586744.0
2014-10-23,21.16,21.4,20.6,20.93,9966899.0,100876568.0
2014-10-24,20.93,21.36,20.8,20.89,8808420.0,89821440.0
2014-10-27,20.7,20.7,20.0,20.35,8562539.0,83976280.0
2014-10-28,20.45,20.76,20.33,20.7,10214190.0,101461248.0
2014-10-29,21.01,21.3,20.78,21.16,11151455.0,113413472.0
2014-10-30,21.07,21.3,20.76,20.99,9512747.0,96535256.0
2014-10-31,21.09,21.22,20.39,20.82,11491284.0,115091848.0
2014-11-03,21.03,21.26,20.82,21.26,13032674.0,132678736.0
2014-11-04,21.11,21.42,20.95,21.09,11447581.0,116992808.0
2014-11-05,21.11,21.26,20.89,20.93,6872259.0,69807912.0
2014-11-06,20.84,21.03,20.62,20.8,7652914.0,76827536.0
2014-11-07,20.84,22.89,20.8,22.19,41431960.0,438828992.0
2014-11-10,22.4,24.3,21.92,24.01,41307848.0,466649952.0
2014-11-11,24.32,25.88,23.39,24.34,38509332.0,453991296.0
2014-11-12,24.2,24.61,23.43,24.47,22075190.0,257658416.0
2014-11-13,24.28,24.53,23.64,23.7,15274118.0,177577952.0
2014-11-14,23.43,23.45,21.96,22.56,18715336.0,204191872.0
2014-11-17,22.54,24.14,22.07,23.54,15578380.0,175569760.0
2014-11-18,23.31,24.36,23.25,23.95,13811366.0,159799520.0
2014-11-19,24.22,25.48,24.05,24.22,17997280.0,214611280.0
2014-11-20,23.87,24.28,23.29,23.52,12890738.0,147044256.0
2014-11-21,23.58,23.68,23.04,23.56,8530137.0,96379824.0
2014-11-24,23.7,24.3,23.52,23.58,13145581.0,151047168.0
2014-11-25,23.6,23.93,23.2,23.85,14732652.0,166492784.0
2014-11-26,23.85,24.74,23.85,24.71,22558864.0,266573936.0
2014-11-27,24.8,25.46,24.2,24.45,18995662.0,226842720.0
2014-11-28,24.45,24.45,23.82,24.05,12661332.0,147163360.0
2014-12-01,24.07,24.24,23.39,23.87,10419029.0,119105536.0
2014-12-02,23.85,24.36,23.62,24.22,11512045.0,133995416.0
2014-12-03,24.34,24.34,23.8,24.2,11919424.0,138123296.0
2014-12-04,24.07,24.7,23.99,24.53,17260476.0,202988992.0
2014-12-05,24.43,24.51,22.77,24.26,17821162.0,203914656.0
2014-12-08,24.01,24.01,23.49,23.6,10898192.0,124631184.0
2014-12-09,23.52,23.52,21.9,22.13,18053540.0,198667888.0
2014-12-10,21.84,22.73,21.75,22.62,7708588.0,83220360.0
2014-12-11,22.62,23.52,22.38,23.1,7292772.0,81413576.0
2014-12-12,23.25,23.35,22.77,23.02,7463637.0,82740328.0
2014-12-15,23.14,23.64,22.89,23.64,9999811.0,112772304.0
2014-12-16,23.72,23.99,23.33,23.45,9751553.0,111224992.0
2014-12-17,23.39,23.41,22.54,22.69,9733925.0,107475832.0
2014-12-18,22.77,23.12,22.56,22.71,5446692.0,59978348.0
2014-12-19,22.62,22.62,21.65,22.34,9949348.0,106120520.0
2014-12-22,22.34,22.34,20.49,20.62,13160400.0,132751200.0
2014-12-23,20.55,20.97,20.29,20.41,4665562.0,46609120.0
2014-12-24,20.49,21.13,20.45,20.89,9341490.0,93587840.0
2014-12-25,21.01,21.05,20.64,20.8,6568463.0,66163648.0
2014-12-26,20.86,20.99,20.6,20.76,6387624.0,63867620.0
2014-12-29,20.84,20.84,20.16,20.24,6439251.0,63248584.0
2014-12-30,20.24,20.37,19.5,19.73,7184936.0,68855872.0
2014-12-31,19.73,20.1,19.68,20.08,3851039.0,37091928.0
2015-01-05,20.0,20.95,19.93,20.89,8714472.0,87155376.0
2015-01-06,20.89,21.38,20.49,21.34,10367087.0,104491552.0
2015-01-07,21.22,21.22,20.74,20.95,6957345.0,70438832.0
2015-01-08,20.99,21.01,20.51,20.53,6370766.0,63656696.0
2015-01-09,20.6,20.74,20.47,20.49,5480985.0,54613780.0
2015-01-12,20.1,20.39,19.81,19.83,5637968.0,54374584.0
2015-01-13,19.81,20.16,19.73,20.1,5358313.0,51424272.0
2015-01-14,20.08,20.08,19.21,19.25,9524598.0,90072808.0
2015-01-15,19.25,19.5,19.23,19.31,8532242.0,79727248.0
2015-01-16,19.46,19.71,19.27,19.68,11285139.0,106123384.0
2015-01-19,19.27,19.91,19.0,19.17,11385903.0,106871440.0
2015-01-20,19.31,19.91,19.27,19.89,9226328.0,87373856.0
2015-01-21,21.88,21.88,21.88,21.88,10498123.0,110965160.0
2015-01-22,23.39,23.78,22.56,22.81,55266404.0,616194112.0
2015-01-23,22.58,23.12,22.21,22.36,20919736.0,228388944.0
2015-01-26,22.29,22.73,22.07,22.64,14232773.0,154579552.0
2015-01-27,22.67,22.75,22.17,22.46,12208896.0,132455536.0
2015-01-28,22.36,22.64,22.21,22.42,9464217.0,102821688.0
2015-01-29,22.25,22.62,22.19,22.21,7323750.0,79041016.0
2015-01-30,22.31,22.46,21.42,21.47,10267788.0,108187616.0
2015-02-02,21.2,21.69,20.8,21.47,6869137.0,70664584.0
2015-02-03,21.63,21.84,21.32,21.71,6459408.0,67333872.0
2015-02-04,21.63,21.92,21.3,21.34,7185381.0,75151496.0
2015-02-05,21.57,21.78,21.01,21.09,6322764.0,65276212.0
2015-02-06,21.09,21.28,20.7,20.82,6356100.0,64326252.0
2015-02-09,20.8,20.99,20.57,20.66,4594633.0,46123020.0
2015-02-10,20.7,21.4,20.6,21.24,5931912.0,60379968.0
2015-02-11,21.42,21.46,21.13,21.26,3683311.0,37805492.0
2015-02-12,21.45,21.45,21.2,21.38,4214701.0,43462960.0
2015-02-13,21.45,21.86,21.38,21.59,8859522.0,92898536.0
2015-02-16,21.57,22.09,21.51,22.07,9825493.0,103261456.0
2015-02-17,22.09,22.44,22.05,22.15,7706189.0,82576928.0
2015-02-25,22.25,22.31,21.69,21.88,6240082.0,66080396.0
2015-02-26,21.92,22.23,21.75,22.21,7011714.0,74520296.0
2015-02-27,22.25,22.25,22.02,22.15,6323001.0,67583648.0
2015-03-02,22.29,23.14,22.17,23.08,20773360.0,228541904.0
2015-03-03,23.16,23.18,22.79,22.83,14355347.0,159216736.0
2015-03-04,22.83,23.7,22.79,23.64,18424244.0,208663088.0
2015-03-05,23.56,23.76,23.29,23.56,11624483.0,131647064.0
2015-03-06,23.39,23.72,22.77,22.83,13005337.0,145008160.0
2015-03-09,22.81,22.93,22.36,22.89,7567042.0,83054408.0
2015-03-10,22.89,23.64,22.77,23.56,13853794.0,156582656.0
2015-03-11,23.85,24.18,23.41,23.52,17020784.0,195471248.0
2015-03-12,23.72,23.72,22.83,23.08,10972994.0,122911800.0
2015-03-13,23.18,23.49,23.04,23.39,8721621.0,97872232.0
2015-03-16,23.85,25.73,23.85,25.73,36628528.0,449008896.0
2015-03-17,26.81,26.81,25.79,26.06,45200472.0,572542464.0
2015-03-18,26.08,28.13,25.67,27.8,34176800.0,442495104.0
2015-03-19,27.63,30.06,27.01,29.08,34543328.0,482084832.0
2015-03-20,28.15,28.92,27.74,28.55,34739692.0,474955392.0
2015-03-23,28.55,29.73,28.09,29.02,32071124.0,444535488.0
2015-03-24,28.94,28.94,26.91,28.23,28261660.0,384740160.0
2015-03-25,28.25,28.55,27.53,27.99,17983680.0,242764400.0
2015-03-26,27.74,28.28,27.43,27.66,15151641.0,203783168.0
2015-03-27,27.78,28.55,27.78,28.17,17517232.0,238848448.0
2015-03-30,28.15,28.84,28.01,28.38,21099072.0,289415648.0
2015-03-31,28.42,28.48,27.78,27.92,14709865.0,199193424.0
2015-04-01,27.92,28.25,27.84,28.19,13085208.0,177793600.0
2015-04-02,28.21,29.27,28.11,28.77,24557580.0,340605856.0
2015-04-03,28.71,30.72,28.52,30.41,35001608.0,504241312.0
2015-04-07,30.45,30.84,29.81,30.43,25805968.0,377034816.0
2015-04-08,30.57,30.64,28.88,29.37,28183234.0,402940032.0
2015-04-09,29.19,29.68,26.7,28.3,26084416.0,353658304.0
2015-04-10,28.36,29.43,28.3,29.27,20409976.0,287219552.0
2015-04-13,29.6,32.19,29.6,32.13,48271964.0,732967680.0
2015-04-14,33.12,35.33,32.7,35.33,49591700.0,822468672.0
2015-04-15,35.19,37.73,33.6,35.69,42936784.0,743232064.0
2015-04-16,35.69,37.16,33.53,36.64,33398392.0,579376704.0
2015-04-17,36.64,37.26,35.0,35.09,29348008.0,505146496.0
2015-04-20,34.53,34.53,32.81,32.87,26006950.0,421016960.0
2015-04-21,32.5,34.61,32.33,34.11,15323484.0,250447648.0
2015-04-22,34.46,36.04,33.5,35.65,21547838.0,362793536.0
2015-04-23,35.6,37.37,34.77,36.77,20560966.0,355894976.0
2015-04-24,36.77,38.03,35.75,37.1,23269736.0,415937920.0
2015-04-27,37.2,37.89,36.58,36.77,21405572.0,383123264.0
2015-04-28,36.64,37.1,33.57,34.63,19629128.0,331862560.0
2015-04-29,34.81,38.1,34.09,38.1,35720888.0,641170880.0
2015-04-30,38.1,38.41,36.98,37.77,19031710.0,345380192.0
2015-05-04,37.02,40.65,36.27,39.57,19948636.0,369346528.0
2015-05-05,39.28,40.53,36.39,37.56,18115974.0,334251936.0
2015-05-06,37.31,37.81,35.08,36.75,13195187.0,232924352.0
2015-05-07,36.14,39.18,35.69,38.76,18714284.0,335563360.0
2015-05-08,39.03,39.37,37.64,39.3,12779838.0,238166272.0
2015-05-11,39.49,40.16,38.87,40.09,13684735.0,261631072.0
2015-05-12,39.97,40.01,38.26,38.99,18580036.0,348735040.0
2015-05-13,38.68,40.01,38.08,39.28,16579011.0,311998784.0
2015-05-14,39.57,39.7,37.95,38.53,12422447.0,230025200.0
2015-05-15,38.03,38.45,37.0,37.72,10702823.0,193100768.0
2015-05-18,37.78,40.07,36.39,39.47,20777384.0,390303744.0
2015-05-19,39.99,41.28,39.59,40.61,15709349.0,306495392.0
2015-05-20,40.88,42.81,40.16,42.32,12979750.0,261527744.0
2015-05-21,42.61,46.56,42.61,46.56,18440324.0,405735808.0
2015-05-22,47.6,49.38,45.31,47.51,21077260.0,475666304.0
2015-05-25,46.35,49.82,45.93,47.7,15536556.0,360849952.0
2015-05-26,47.78,51.17,47.39,50.07,22317080.0,527652416.0
2015-05-27,50.51,53.77,48.84,53.23,19951930.0,488784032.0
2015-05-28,54.77,58.2,47.91,52.88,33427464.0,856576320.0
2015-05-29,52.79,54.04,48.59,53.04,19864104.0,502987872.0
2015-06-01,52.54,55.24,51.44,54.14,17771278.0,454671072.0
2015-06-02,53.73,55.08,52.58,54.68,23701260.0,612017856.0
2015-06-03,54.14,54.37,51.96,53.56,16224501.0,414279616.0
2015-06-04,52.96,53.15,48.2,52.94,18708480.0,458426400.0
2015-06-05,53.19,53.94,51.98,53.23,20375642.0,520825440.0
2015-06-08,53.17,58.05,52.58,56.57,31971952.0,858509440.0
2015-06-09,56.95,58.53,54.48,54.93,25190372.0,685901952.0
2015-06-10,53.62,54.66,51.96,54.31,17810096.0,461155648.0
2015-06-11,54.04,57.47,53.0,55.76,16390014.0,434628160.0
2015-06-12,56.33,59.82,56.28,59.3,28535938.0,798939264.0
2015-06-15,60.38,62.81,59.67,59.84,22718822.0,674149056.0
2015-06-16,59.96,60.31,56.53,56.59,15333651.0,428749376.0
2015-06-17,55.08,58.11,53.73,57.84,11686823.0,315536576.0
2015-06-18,57.76,58.2,55.29,55.83,9950516.0,272603264.0
2015-06-19,54.81,56.12,50.23,50.3,11057364.0,279359648.0
2015-06-23,50.63,51.81,45.27,48.59,15777776.0,360921664.0
2015-06-24,49.2,51.46,46.14,51.15,17597636.0,412410688.0
2015-06-25,50.92,54.02,48.63,50.98,17459856.0,435088928.0
2015-06-26,48.84,50.73,45.89,45.89,11318861.0,257336624.0
2015-06-29,46.93,47.8,41.3,41.3,26953420.0,549381504.0
2015-06-30,40.7,43.54,37.16,43.23,19775032.0,384354752.0
2015-07-01,43.23,44.66,38.91,38.91,17220960.0,345149472.0
2015-07-02,38.83,38.83,35.02,35.02,20088916.0,341542336.0
2015-07-13,38.53,38.53,38.53,38.53,10750300.0,199310560.0
2015-07-14,42.38,42.38,42.38,42.38,668726.0,13635323.0
2015-07-15,46.62,46.62,38.14,38.3,56803768.0,1168543232.0
2015-07-16,38.3,42.13,36.37,42.13,50169248.0,980825536.0
2015-07-17,43.19,46.35,42.79,46.35,40431744.0,890068416.0
2015-07-20,47.39,49.57,46.56,48.78,53495696.0,1240274304.0
2015-07-21,48.63,53.66,47.58,53.66,43972032.0,1096245248.0
2015-07-22,56.35,56.97,52.17,53.95,78302408.0,2067073280.0
2015-07-23,53.41,56.45,52.79,55.58,43536260.0,1153317760.0
2015-07-24,54.89,60.0,54.89,56.53,53937312.0,1473068288.0
2015-07-27,55.08,58.98,50.88,50.88,62337504.0,1669352320.0
2015-07-28,48.03,52.96,45.83,49.13,56069440.0,1315003776.0
2015-07-29,50.84,52.96,48.14,52.81,51616064.0,1256224512.0
2015-07-30,51.96,55.91,51.13,53.23,55216852.0,1425541760.0
2015-07-31,50.05,51.32,47.91,47.91,47079336.0,1114509056.0
2015-08-03,45.93,46.14,43.13,43.13,22867192.0,487027776.0
2015-08-04,42.84,47.45,42.84,47.45,32351000.0,705905536.0
2015-08-05,47.6,50.63,47.14,47.24,35826376.0,837855872.0
2015-08-06,45.1,47.14,44.37,45.06,18540656.0,406889184.0
2015-08-07,45.73,49.57,45.73,48.53,40274816.0,940096896.0
2015-08-10,48.74,51.86,47.8,51.11,45266308.0,1086663808.0
2015-08-11,51.13,54.54,50.51,52.02,45106688.0,1133660928.0
2015-08-12,51.75,53.02,50.11,50.34,30915610.0,767137024.0
2015-08-13,50.09,53.79,50.09,53.35,35047348.0,880192448.0
2015-08-14,54.87,55.43,52.02,53.25,43479408.0,1121772544.0
2015-08-17,52.38,54.43,50.94,53.94,29692950.0,750625664.0
2015-08-18,53.52,54.04,48.55,48.55,43231280.0,1056878272.0
2015-08-19,49.26,52.73,45.75,51.63,51372256.0,1238089600.0
2015-08-20,50.4,51.02,47.8,48.12,28197976.0,673167616.0
2015-08-21,46.52,47.7,43.31,43.52,27622608.0,600978816.0
2015-08-24,40.67,40.86,39.18,39.18,14966700.0,283737408.0
2015-09-10,36.66,38.97,36.54,37.1,71156392.0,428091136.0
2015-09-11,36.73,37.66,35.04,35.98,47656276.0,277095552.0
2015-09-14,36.16,38.66,32.42,33.05,84862264.0,485723232.0
2015-09-15,32.3,32.42,29.74,29.74,63231256.0,311104672.0
2015-09-16,29.43,32.67,28.0,31.61,76500880.0,372981184.0
2015-09-17,30.93,31.55,28.81,28.99,65021152.0,318013088.0
2015-09-18,29.24,30.18,28.68,29.37,34677808.0,163614912.0
2015-09-21,28.99,31.18,28.74,30.86,44700096.0,215798160.0
2015-09-22,31.18,32.55,30.68,31.11,58301680.0,294166176.0
2015-09-23,30.68,30.86,29.74,30.12,41103296.0,199802432.0
2015-09-24,30.43,32.3,30.12,31.3,54155992.0,270615712.0
2015-09-25,31.11,31.8,29.68,30.05,43534120.0,214572496.0
2015-09-28,30.05,30.43,29.12,30.18,22492464.0,107466424.0
2015-09-29,29.55,29.68,28.99,29.37,21803520.0,102635392.0
2015-09-30,29.49,29.68,28.99,29.24,15958252.0,74877136.0
2015-10-08,29.93,32.17,29.74,32.17,65450628.0,326150112.0
2015-10-09,32.8,35.42,32.3,35.42,71804520.0,394904544.0
2015-10-12,37.35,38.97,36.6,38.97,78388704.0,482443136.0
2015-10-13,41.71,41.71,38.22,39.84,225316368.0,1430394368.0
2015-10-14,38.6,40.4,38.22,39.03,108340400.0,676653120.0
2015-10-15,39.16,39.78,38.66,39.72,115472208.0,727201536.0
2015-10-16,40.09,40.47,38.84,39.97,117587400.0,748081088.0
2015-10-19,39.91,39.91,38.22,38.91,87394496.0,548269120.0
2015-10-20,38.78,40.4,38.6,39.97,95483528.0,607198784.0
2015-10-21,39.72,39.97,35.98,35.98,101566512.0,617551168.0
2015-10-22,35.54,37.22,35.35,37.1,64171512.0,376003328.0
2015-10-23,37.1,38.1,36.66,37.97,61861296.0,370819872.0
2015-10-26,38.28,38.53,37.41,37.85,57563516.0,350049440.0
2015-10-27,37.66,37.66,35.6,37.47,51931928.0,307134496.0
2015-10-28,37.47,37.97,36.73,37.1,41295904.0,247373840.0
2015-10-29,37.1,38.84,36.6,38.22,64675028.0,394320480.0
2015-10-30,37.85,38.41,36.91,37.54,39920640.0,241389280.0
2015-11-02,37.29,40.34,36.66,38.78,86827680.0,543939328.0
2015-11-03,38.66,39.66,38.28,39.28,51511408.0,322392032.0
2015-11-04,39.28,41.15,38.66,40.78,101955496.0,651355328.0
2015-11-05,40.4,40.72,39.66,39.72,82421760.0,529942880.0
2015-11-06,39.53,40.53,39.53,39.91,51869024.0,332340864.0
2015-11-09,41.78,43.9,41.46,43.02,138661728.0,955746048.0
2015-11-10,42.09,44.15,41.78,42.46,88667752.0,610103552.0
2015-11-11,41.65,44.27,41.65,43.58,93392600.0,642420160.0
2015-11-12,43.65,43.65,42.4,42.77,60282284.0,414011072.0
2015-11-13,42.02,42.52,40.9,41.03,56160368.0,374416416.0
2015-11-16,40.34,41.9,39.78,41.84,42950908.0,281326080.0
2015-11-17,41.9,43.46,41.34,41.78,61213596.0,416604288.0
2015-11-18,41.78,42.15,40.59,40.97,36405988.0,241892272.0
2015-11-19,41.03,43.34,40.9,42.77,60051408.0,405954464.0
2015-11-20,43.15,47.08,42.52,47.08,86558992.0,632902976.0
2015-11-23,49.7,51.81,48.76,51.81,179016144.0,1466199936.0
2015-11-24,53.62,53.62,49.13,51.19,224896288.0,1848119808.0
2015-11-25,50.44,52.31,49.57,51.13,123345344.0,1004088448.0
2015-11-26,50.76,51.0,48.82,49.13,96184304.0,771111616.0
2015-11-27,48.32,48.45,44.27,45.14,96793464.0,722745024.0
2015-11-30,44.96,45.77,41.15,45.45,77580696.0,549279360.0
2015-12-01,44.96,45.33,43.77,44.89,47046543.0,336656750.0
2015-12-02,45.02,46.95,44.46,45.83,58862688.0,432923616.0
2015-12-03,45.77,46.76,45.02,46.7,46820771.0,345425045.0
2015-12-04,46.45,49.13,45.83,48.7,99040992.0,761383744.0
2015-12-07,48.51,48.51,46.95,48.32,55488915.0,424272011.0
2015-12-08,47.82,47.82,45.83,45.89,51662264.0,384685504.0
2015-12-09,45.52,45.83,44.21,44.58,37604387.0,270405081.0
2015-12-10,44.58,45.45,43.96,44.4,29432104.0,211017680.0
2015-12-11,44.15,44.27,43.09,43.58,27760000.0,193975136.0
2015-12-14,43.02,44.58,42.71,44.58,23964088.0,168805056.0
2015-12-15,44.71,45.52,44.15,44.4,25345890.0,182087760.0
2015-12-16,44.77,44.96,44.15,44.27,26974108.0,191983248.0
2015-12-17,44.33,45.39,44.33,45.14,36221500.0,261043136.0
2015-12-18,45.14,45.14,44.02,44.27,33489960.0,238406672.0
2015-12-21,43.77,44.64,43.77,44.4,28073256.0,198983680.0
2015-12-22,44.46,44.83,43.96,44.58,29100431.0,207339691.0
2015-12-23,44.64,44.83,43.77,43.83,31178962.0,220725136.0
2015-12-24,43.83,44.02,42.84,43.27,24789038.0,171765424.0
2015-12-25,43.34,44.4,43.34,43.77,20634807.0,145381299.0
2015-12-28,43.96,44.08,42.71,42.71,25755561.0,178862742.0
2015-12-29,42.71,42.9,42.34,42.84,19230800.0,131197243.0
2015-12-30,43.15,43.21,42.21,42.59,18072064.0,123475674.0
2015-12-31,42.71,42.77,41.9,41.96,17044368.0,115509664.0
2016-01-04,42.09,42.09,37.91,37.97,21656366.0,138262333.0
2016-01-05,36.1,38.35,34.98,37.1,34117624.0,201016493.0
2016-01-06,37.29,38.16,37.22,38.1,23402353.0,141568470.0
2016-01-07,37.72,37.72,34.29,34.61,6285800.0,36778631.0
2016-01-08,35.85,36.66,31.99,35.35,27771386.0,156266283.0
2016-01-11,33.98,35.54,32.49,32.92,23226329.0,128050512.0
2016-01-12,33.42,33.92,32.24,32.98,16431006.0,87003028.0
2016-01-13,32.98,33.42,31.49,31.74,15506576.0,81438080.0
2016-01-14,31.18,32.49,30.3,32.36,21531614.0,108682588.0
2016-01-15,32.3,32.3,30.68,30.93,18699633.0,93993064.0
2016-01-18,30.3,31.55,29.93,30.99,13194156.0,65581436.0
2016-01-19,30.68,32.3,30.68,32.11,20875511.0,106464805.0
2016-01-20,32.11,35.35,31.86,35.35,21702370.0,120417764.0
2016-01-21,36.23,38.91,35.6,35.91,98979649.0,588793692.0
2016-01-22,36.48,37.41,33.67,36.66,64191356.0,362681174.0
2016-01-25,36.04,36.85,35.29,35.91,35735015.0,206885978.0
2016-01-26,35.1,35.17,32.3,32.3,32482505.0,175721159.0
2016-01-27,32.3,32.86,29.93,31.74,27102032.0,135401660.0
2016-01-28,31.36,31.74,29.93,29.99,16003487.0,79386458.0
2016-01-29,29.93,31.68,29.31,31.18,17978353.0,88862413.0
2016-02-01,31.43,32.86,31.24,31.86,22244432.0,113994330.0
2016-02-02,31.86,32.67,31.86,32.49,20181286.0,104631424.0
2016-02-03,32.11,32.42,31.49,32.05,13034119.0,66545391.0
2016-02-04,32.11,32.86,32.11,32.42,17234637.0,89702966.0
2016-02-05,32.67,32.92,31.99,32.05,15216149.0,79213624.0
2016-02-15,30.05,31.61,30.05,31.3,13153756.0,65297616.0
2016-02-16,31.43,32.61,31.36,32.49,21097279.0,109198342.0
2016-02-17,32.36,35.17,32.17,33.48,36554388.0,196969084.0
2016-02-18,33.67,33.86,32.92,33.23,29019125.0,154940595.0
2016-02-19,33.11,33.23,32.73,33.05,15089170.0,79749402.0
2016-02-22,33.61,34.23,33.23,34.11,31033027.0,168142265.0
2016-02-23,33.92,34.98,33.73,34.29,33192202.0,182715539.0
2016-02-24,34.23,34.6,33.11,34.04,22993818.0,125302841.0
2016-02-25,34.11,34.11,30.61,30.93,31664048.0,162891464.0
2016-02-26,31.11,31.68,30.55,31.18,18553235.0,92735830.0
2016-02-29,31.18,31.3,28.93,29.55,23819478.0,113122580.0
2016-03-01,29.68,30.37,29.37,30.24,14197785.0,68086933.0
2016-03-02,29.93,31.92,29.93,31.68,24583800.0,122299130.0
2016-03-03,31.68,34.29,31.43,32.17,40592388.0,213162605.0
2016-03-04,31.8,32.36,30.43,31.18,25900662.0,130920728.0
2016-03-07,31.49,32.98,31.49,32.17,25855821.0,133124771.0
2016-03-08,32.24,32.24,30.68,31.92,20393587.0,103172083.0
2016-03-09,31.3,31.68,30.99,31.24,12909885.0,64786284.0
2016-03-10,31.24,31.55,30.8,30.93,9848810.0,49190680.0
2016-03-11,30.8,30.99,30.3,30.74,9089542.0,44657085.0
2016-03-14,31.05,32.98,31.05,31.99,31660119.0,163310954.0
2016-03-15,32.05,32.11,31.43,31.61,11936216.0,60587976.0
2016-03-16,31.61,31.92,31.18,31.24,9706736.0,48870482.0
2016-03-17,31.18,32.73,31.18,31.99,30600024.0,156530834.0
2016-03-18,32.17,32.98,31.99,32.67,46728171.0,244210544.0
2016-03-21,32.8,33.3,32.61,33.23,39254035.0,207466753.0
2016-03-22,32.98,33.42,32.55,32.8,27091526.0,143281215.0
2016-03-23,32.86,33.36,32.61,32.98,21224187.0,112067661.0
2016-03-24,32.73,32.86,32.24,32.36,22653824.0,118126992.0
2016-03-25,32.3,32.67,32.24,32.61,14170927.0,73739850.0
2016-03-28,32.61,33.11,32.3,32.42,16805864.0,88061372.0
2016-03-29,32.36,32.55,31.49,31.86,18581632.0,95068532.0
2016-03-30,32.11,32.73,31.99,32.67,19086407.0,99220511.0
2016-03-31,32.73,32.86,32.17,32.36,17662469.0,91958042.0
2016-04-01,32.24,32.3,31.8,32.17,16354532.0,84027477.0
2016-04-05,32.17,33.05,32.11,32.98,26463172.0,138890350.0
2016-04-06,32.98,33.05,32.67,32.98,20993678.0,110568617.0
2016-04-07,33.42,36.29,33.42,34.67,83840606.0,470759025.0
2016-04-08,33.8,34.54,33.11,33.67,36502517.0,197600776.0
2016-04-11,33.98,34.61,33.86,34.23,26933016.0,147997390.0
2016-04-12,34.11,35.42,33.67,34.67,37044403.0,206088291.0
2016-04-13,34.73,35.1,34.67,34.79,32170344.0,180133155.0
2016-04-14,34.85,35.1,34.42,34.92,18326928.0,101923549.0
2016-04-15,34.85,34.85,34.36,34.54,14228771.0,78814021.0
2016-04-18,34.36,34.36,33.55,33.92,18091176.0,98046111.0
2016-04-19,34.04,34.17,33.36,33.8,14559261.0,78695787.0
2016-04-20,33.92,34.04,31.24,31.86,30155543.0,156875219.0
2016-04-21,31.74,32.67,31.49,31.92,16517452.0,84739591.0
2016-04-22,31.49,31.86,31.24,31.8,11924284.0,60395228.0
2016-04-25,31.8,33.36,31.3,33.11,24340838.0,126994196.0
2016-04-26,33.11,33.23,32.42,32.92,17200974.0,90353017.0
2016-04-27,32.67,32.92,32.17,32.36,10520000.0,55036839.0
2016-04-28,32.42,32.73,31.92,32.42,12372898.0,64229929.0
2016-04-29,32.42,32.61,32.05,32.24,6592700.0,34190948.0
2016-05-03,32.11,32.86,32.11,32.8,13183097.0,68941653.0
2016-05-04,32.92,32.92,32.55,32.67,12936452.0,67862521.0
2016-05-05,32.67,33.17,32.49,32.92,13301338.0,70129149.0
2016-05-06,33.11,33.11,31.8,31.86,16386699.0,84950127.0
2016-05-09,31.86,31.92,30.86,31.05,18006196.0,90213068.0
2016-05-10,31.05,31.49,30.99,31.18,6924427.0,34622951.0
2016-05-11,31.36,31.55,30.93,31.05,7664027.0,38326887.0
2016-05-12,30.86,30.93,29.99,30.49,8158087.0,39838231.0
2016-05-13,30.55,31.05,30.43,30.61,6753213.0,33280548.0
2016-05-16,30.55,30.55,29.18,29.99,34206537.0,162427461.0
2016-05-17,29.93,29.93,28.5,28.99,42765466.0,199708031.0
2016-05-18,28.68,28.68,27.25,27.43,29141767.0,130401633.0
2016-05-19,27.43,27.87,27.37,27.56,31524923.0,139548399.0
2016-05-20,27.37,27.43,26.94,27.37,24989660.0,108796138.0
2016-05-23,27.5,29.06,27.5,28.12,37665969.0,170458817.0
2016-05-24,28.06,28.18,27.31,27.56,21044428.0,92998123.0
2016-05-25,27.75,27.87,27.06,27.31,17110882.0,75163781.0
2016-05-26,27.68,28.31,27.43,28.0,31536051.0,140716199.0
2016-05-27,27.62,27.87,27.43,27.62,20049515.0,88875601.0
2016-05-30,27.43,27.62,27.12,27.31,17261000.0,75747872.0
2016-05-31,27.68,28.68,27.62,28.56,38863817.0,175150617.0
2016-06-01,28.68,28.74,28.31,28.43,33169867.0,151523669.0
2016-06-02,28.81,28.99,28.25,28.81,26516288.0,121583059.0
2016-06-03,29.37,29.55,28.68,29.06,24641123.0,114748722.0
2016-06-06,29.3,29.37,28.62,29.12,20873346.0,96560977.0
2016-06-07,29.3,29.3,28.81,29.12,15738613.0,73232531.0
2016-06-08,29.24,29.24,28.87,29.06,15793224.0,73694909.0
2016-06-13,28.68,29.87,28.37,28.5,29370981.0,137025670.0
2016-06-14,28.18,31.05,28.18,29.8,49045468.0,233934050.0
2016-06-15,29.31,31.05,29.06,30.55,49806297.0,242166681.0
2016-06-16,30.61,33.05,30.55,31.18,58101609.0,295338662.0
2016-06-17,31.61,31.8,30.43,30.55,34703559.0,171413969.0
2016-06-20,31.11,31.3,30.61,30.86,26977345.0,133823232.0
2016-06-21,31.49,32.05,30.61,31.18,34615472.0,173945722.0
2016-06-22,30.74,31.11,30.61,31.05,17720019.0,87603434.0
2016-06-23,30.99,30.99,30.18,30.37,19973832.0,97813821.0
2016-06-24,30.37,30.49,28.62,29.55,24443911.0,116077600.0
2016-06-27,29.55,29.99,29.12,29.93,15871667.0,75591883.0
2016-06-28,29.74,30.12,29.62,29.99,16512850.0,79031209.0
2016-06-29,30.05,30.55,29.99,30.05,15314044.0,74246780.0
2016-06-30,31.11,31.74,30.55,30.68,35747667.0,177534374.0
2016-07-01,30.55,30.68,30.05,30.24,17168886.0,83455282.0
2016-07-04,29.93,30.86,29.87,30.68,19435127.0,95139523.0
2016-07-05,30.61,31.24,30.55,31.05,28590692.0,142276953.0
2016-07-06,31.05,31.49,30.86,31.05,21695362.0,108440902.0
2016-07-07,31.18,31.49,30.55,30.8,20138569.0,99705177.0
2016-07-08,30.74,31.43,30.61,31.05,25436382.0,126829068.0
2016-07-11,30.86,31.18,30.61,30.74,16470745.0,81421019.0
2016-07-12,30.61,30.93,30.24,30.93,19285745.0,94830182.0
2016-07-13,30.93,31.18,30.8,31.18,23489134.0,116883082.0
2016-07-14,31.11,31.24,30.93,31.11,15001293.0,74767621.0
2016-07-15,31.18,31.24,30.86,30.99,9010461.0,44720320.0
2016-07-18,31.05,31.11,30.68,30.74,13565127.0,66963247.0
2016-07-19,30.74,30.74,30.43,30.74,12396022.0,60655404.0
2016-07-20,30.68,30.74,30.49,30.55,11737896.0,57514842.0
2016-07-21,30.55,30.86,30.49,30.55,12861761.0,63119399.0
2016-07-22,30.61,31.61,30.3,31.11,29147129.0,144438732.0
2016-07-25,31.11,32.68,31.11,32.11,51242358.0,262934304.0
2016-07-26,31.8,32.43,31.55,31.86,26036857.0,132696684.0
2016-07-27,31.99,32.11,29.68,29.99,39121926.0,192552720.0
2016-07-28,29.93,30.3,29.36,29.93,16973182.0,81259649.0
2016-07-29,29.93,30.11,29.55,29.55,10253168.0,48780553.0
2016-08-01,29.55,29.55,28.74,29.24,12950645.0,60151606.0
2016-08-02,29.11,29.43,29.11,29.43,6536472.0,30672274.0
2016-08-03,29.36,29.43,29.11,29.36,8118576.0,38097673.0
2016-08-04,29.36,29.61,29.18,29.55,8153707.0,38327285.0
2016-08-05,29.43,29.86,29.3,29.55,8927799.0,42333446.0
2016-08-08,29.55,29.8,29.24,29.74,9713185.0,45950160.0
2016-08-09,29.8,29.93,29.61,29.86,10328664.0,49261931.0
2016-08-10,29.93,30.43,29.61,30.18,18487413.0,88509221.0
2016-08-11,30.18,30.49,29.8,29.93,15565546.0,75131497.0
2016-08-12,29.86,30.61,29.8,30.49,19402320.0,93768198.0
2016-08-15,30.61,31.43,30.36,31.43,34298756.0,170415069.0
2016-08-16,31.36,31.86,31.24,31.74,37323708.0,188903236.0
2016-08-17,32.18,33.05,31.8,32.61,57229419.0,295744521.0
2016-08-18,32.8,32.99,32.24,32.55,41588120.0,217207845.0
2016-08-19,32.68,32.68,31.55,31.99,27293938.0,139742294.0
2016-08-22,32.18,32.55,31.68,31.99,18526797.0,94859858.0
2016-08-23,31.93,32.3,31.61,31.99,17221759.0,87957648.0
2016-08-24,31.99,32.55,31.68,31.86,19104273.0,97561132.0
2016-08-25,31.8,31.8,31.05,31.24,16683209.0,83735983.0
2016-08-26,31.49,32.05,31.18,31.74,20646807.0,104443982.0
2016-08-29,31.74,31.93,31.49,31.8,17734308.0,90104348.0
2016-08-30,31.86,31.86,31.3,31.43,16701650.0,84289069.0
2016-08-31,31.43,31.68,31.3,31.36,16532300.0,83152516.0
2016-09-01,31.36,31.43,30.74,30.99,21733900.0,108081406.0
2016-09-02,31.11,31.49,30.93,31.36,23147825.0,115821054.0
2016-09-05,31.61,31.86,31.49,31.86,26413100.0,134306765.0
2016-09-06,32.05,34.36,31.99,33.55,84678469.0,450530836.0
2016-09-07,33.43,33.99,33.3,33.74,56424219.0,304287931.0
2016-09-08,33.74,36.24,33.43,35.55,106516107.0,596116541.0
2016-09-09,35.17,36.24,34.36,35.49,71621283.0,402749936.0
2016-09-12,35.05,35.42,34.3,34.92,53822089.0,298794122.0
2016-09-13,35.05,35.92,34.24,34.42,67354244.0,378284872.0
2016-09-14,34.86,35.3,33.61,34.42,57038545.0,312684462.0
2016-09-19,34.3,35.24,34.11,34.92,47624155.0,264720401.0
2016-09-20,34.92,35.67,34.67,35.49,44481389.0,251590053.0
2016-09-21,35.67,35.67,35.05,35.42,28281083.0,159960995.0
2016-09-22,35.55,36.49,35.17,35.74,31170025.0,177981996.0
2016-09-23,36.05,36.24,35.67,35.99,35818770.0,205769207.0
2016-09-26,35.99,36.24,34.36,34.99,52261940.0,294468276.0
2016-09-27,34.74,35.49,33.99,34.55,50219628.0,277242909.0
2016-09-28,34.61,34.61,33.49,34.05,29139912.0,158504710.0
2016-09-29,34.11,35.49,33.24,33.93,65322101.0,358182840.0
2016-09-30,33.61,33.68,33.11,33.18,25313174.0,135292633.0
2016-10-10,33.24,33.68,32.8,33.55,24326388.0,129483410.0
2016-10-11,33.55,33.92,33.18,33.3,28070593.0,150527155.0
2016-10-12,33.36,33.43,32.99,33.24,19592019.0,104289905.0
2016-10-13,33.18,33.55,33.05,33.24,22393574.0,119129175.0
2016-10-14,33.49,33.61,33.11,33.43,21817273.0,116325223.0
2016-10-17,33.55,33.61,32.18,32.99,36078574.0,189442791.0
2016-10-18,32.74,33.18,32.49,33.11,20581325.0,108370720.0
2016-10-19,33.18,33.99,33.11,33.3,27531900.0,147240739.0
2016-10-20,33.24,33.36,32.86,33.18,18659431.0,98730533.0
2016-10-21,33.05,33.24,32.61,33.05,19085559.0,100416504.0
2016-10-24,33.05,33.24,32.74,33.18,19513995.0,103209225.0
2016-10-25,33.11,34.36,32.93,33.43,41649042.0,223865120.0
2016-10-26,33.68,34.36,32.8,33.3,34794314.0,185706020.0
2016-10-27,33.11,33.24,32.74,32.86,18338308.0,96494039.0
2016-10-28,33.05,33.05,32.55,32.61,16162900.0,84701618.0
2016-10-31,32.8,33.36,32.49,33.05,21624390.0,114305703.0
2016-11-01,33.05,33.3,32.74,33.24,16064795.0,84999615.0
2016-11-02,33.24,33.3,32.74,32.8,13955170.0,73535489.0
2016-11-03,32.93,32.99,32.61,32.8,14625245.0,76860341.0
2016-11-04,32.93,32.93,32.43,32.55,16728098.0,87349450.0
2016-11-07,32.61,32.61,32.24,32.36,13678716.0,70988931.0
2016-11-08,32.49,32.68,32.36,32.55,11423452.0,59549294.0
2016-11-09,32.55,32.68,31.86,32.18,16359400.0,84339394.0
2016-11-10,32.3,32.49,32.18,32.43,15021566.0,77763469.0
2016-11-11,32.55,33.05,32.43,32.93,22363489.0,117391965.0
2016-11-14,32.93,33.11,32.74,32.86,20099119.0,105767399.0
2016-11-15,32.86,32.93,32.68,32.93,14067432.0,73811331.0
2016-11-16,32.86,32.93,32.68,32.8,12495800.0,65568906.0
2016-11-17,32.8,32.8,32.49,32.61,11894008.0,62051369.0
2016-11-18,32.61,32.61,32.3,32.43,13783951.0,71599966.0
2016-11-21,32.43,32.55,32.24,32.49,9787823.0,50779406.0
2016-11-22,32.68,32.93,32.61,32.8,16259194.0,85235114.0
2016-11-23,32.8,33.11,32.68,32.99,23092965.0,121781281.0
2016-11-24,33.05,33.18,32.61,32.68,15946810.0,83852841.0
2016-11-25,32.74,32.8,32.24,32.68,13554166.0,70439310.0
2016-11-28,32.68,32.99,32.49,32.8,14126322.0,73972541.0
2016-11-29,32.68,32.8,32.36,32.43,18410300.0,95874710.0
2016-11-30,32.43,32.61,31.99,32.3,22427792.0,115649706.0
2016-12-01,32.18,32.36,32.05,32.3,11799381.0,60862431.0
2016-12-02,32.24,32.24,31.74,31.74,13779600.0,70481438.0
2016-12-05,31.61,32.74,31.43,32.55,25059697.0,128959718.0
2016-12-06,32.74,32.93,32.36,32.61,10345693.0,53986736.0
2016-12-07,32.68,32.68,32.18,32.55,9913283.0,51428923.0
2016-12-08,32.43,32.61,32.18,32.49,10272342.0,53179998.0
2016-12-09,32.43,32.61,32.11,32.24,11679844.0,60434656.0
2016-12-12,32.36,32.36,31.18,31.68,18893198.0,95778958.0
2016-12-13,31.68,31.93,31.24,31.8,9108339.0,46003556.0
2016-12-14,31.86,32.3,31.55,31.74,13061898.0,66447963.0
2016-12-15,31.68,31.8,31.36,31.61,12344598.0,62270186.0
2016-12-16,31.49,33.11,31.3,32.74,37507068.0,194024141.0
2016-12-19,32.8,32.93,32.05,32.93,16499189.0,86330939.0
2016-12-20,32.86,32.86,32.3,32.55,11160300.0,58124931.0
2016-12-21,32.55,32.74,32.36,32.61,12657700.0,65999876.0
2016-12-22,32.55,33.43,32.3,32.93,21420868.0,112864615.0
2016-12-23,32.93,32.93,32.43,32.43,8763500.0,45735091.0
2016-12-26,32.3,32.43,31.74,32.05,11423764.0,58384234.0
2016-12-27,32.05,32.11,31.8,31.99,5269433.0,26971856.0
2016-12-28,31.8,32.61,31.68,32.05,11863055.0,60660637.0
2016-12-29,31.99,32.3,31.74,31.93,7104357.0,36294713.0
2016-12-30,31.99,32.11,31.74,31.99,8551800.0,43638897.0
2017-01-03,32.05,32.18,31.93,32.11,8206408.0,42095395.0
2017-01-04,32.11,32.49,31.93,32.36,15678253.0,80997815.0
2017-01-05,32.3,32.55,32.05,32.43,16697290.0,86379696.0
2017-01-06,32.49,32.49,32.18,32.36,6934806.0,35858319.0
2017-01-09,32.3,32.43,32.18,32.36,9339500.0,48218523.0
2017-01-10,32.43,32.43,31.93,32.11,8832957.0,45453489.0
2017-01-11,32.18,32.3,31.93,32.05,9154848.0,47042187.0
2017-01-12,32.11,32.18,31.61,31.86,8991942.0,45813777.0
2017-01-13,31.86,31.86,30.43,30.61,21836701.0,108791690.0
2017-01-16,30.43,30.61,27.93,29.49,19231261.0,91334867.0
2017-01-17,29.43,29.74,28.43,29.68,14210397.0,66325638.0
2017-01-18,29.49,30.24,29.3,29.99,8513632.0,40632238.0
2017-01-23,32.49,32.49,30.43,31.05,54631960.0,273090375.0
2017-01-24,30.8,31.3,30.43,30.74,23083184.0,113454782.0
2017-01-25,30.61,31.43,30.49,30.93,13670800.0,67865469.0
2017-01-26,30.93,31.18,30.86,31.05,7874981.0,39076840.0
2017-02-03,31.24,31.68,31.11,31.36,12648795.0,63495862.0
2017-02-06,31.43,31.49,30.99,31.11,19729563.0,98501373.0
2017-02-07,31.11,31.11,30.61,30.86,21980855.0,108377840.0
2017-02-08,30.8,30.99,30.55,30.99,22474408.0,110555265.0
2017-02-09,31.05,31.24,30.86,31.05,32136559.0,159492706.0
2017-02-10,31.05,31.11,30.61,30.8,30698364.0,151214379.0
2017-02-13,30.74,31.36,30.61,31.24,35407383.0,176355629.0
2017-02-14,31.18,31.24,30.86,30.93,17685748.0,87762635.0
2017-02-15,30.93,31.11,30.8,30.8,17198001.0,85124432.0
2017-02-16,30.8,31.05,30.74,30.86,13087851.0,64717027.0
2017-02-17,30.86,30.99,30.61,30.68,15777400.0,77705949.0
2017-02-20,30.74,30.93,30.68,30.93,10726100.0,52830435.0
2017-02-21,30.86,31.3,30.86,31.24,22064720.0,109891786.0
2017-02-22,31.18,31.24,31.05,31.11,13670400.0,68098251.0
2017-02-23,31.18,31.24,31.11,31.18,13446767.0,67069681.0
2017-02-24,31.24,31.61,31.11,31.43,19643045.0,98759716.0
2017-02-27,31.43,31.49,31.05,31.11,17806514.0,89072947.0
2017-02-28,31.11,31.24,30.99,31.11,10152935.0,50506700.0
2017-03-01,31.11,31.24,30.99,31.11,12461697.0,62092549.0
2017-03-02,31.18,31.3,30.99,31.18,16108822.0,80350473.0
2017-03-03,31.18,31.36,30.99,31.3,15072388.0,75240177.0
2017-03-06,31.3,32.49,31.24,32.11,49234280.0,252305087.0
2017-03-07,31.99,32.18,31.8,31.93,17352129.0,88658948.0
2017-03-08,31.99,32.24,31.93,32.05,14928758.0,76566251.0
2017-03-09,31.99,32.49,31.55,32.11,25885636.0,131984687.0
2017-03-10,32.05,32.49,31.93,32.43,29614500.0,153110296.0
2017-03-13,32.49,32.8,32.24,32.49,45157084.0,235095938.0
2017-03-14,32.55,32.61,31.8,31.93,22190300.0,114525369.0
2017-03-15,31.93,33.92,31.86,32.86,111982125.0,588191055.0
2017-03-16,32.68,33.11,32.49,32.86,111637776.0,586266175.0
2017-03-17,32.86,32.99,32.49,32.55,39258076.0,206262550.0
2017-03-20,32.61,32.74,32.36,32.68,24687600.0,128623888.0
2017-03-21,32.61,32.68,32.11,32.18,23840052.0,123235632.0
2017-03-22,32.05,32.11,31.74,31.99,18783575.0,95975461.0
2017-03-23,31.99,32.11,31.61,31.86,14912881.0,76118875.0
2017-03-24,31.68,31.99,31.68,31.99,11849000.0,60326616.0
2017-03-27,31.93,32.11,31.55,31.99,20099681.0,102107637.0
2017-03-28,31.86,32.49,31.74,32.18,23460627.0,120737547.0
2017-03-29,32.18,32.36,31.99,32.05,14135230.0,72770042.0
2017-03-30,32.05,32.11,31.68,31.99,20739855.0,105664442.0
2017-03-31,31.99,32.86,31.8,32.24,30386699.0,157104817.0
2017-04-05,32.24,32.55,32.11,32.55,23078593.0,119801494.0
2017-04-06,32.36,32.55,32.3,32.36,14373338.0,74539517.0
2017-04-07,32.43,32.43,31.86,31.93,28789106.0,147756749.0
2017-04-10,31.8,31.8,31.11,31.24,35254688.0,177256750.0
2017-04-11,31.18,31.36,30.8,31.3,19598692.0,97559702.0
2017-04-12,31.24,31.24,30.93,31.05,10956375.0,54468801.0
2017-04-13,30.99,31.43,30.93,31.3,15075298.0,75387916.0
2017-04-14,31.3,31.55,31.05,31.43,46362717.0,232273151.0
2017-04-17,31.24,31.36,31.05,31.11,11266338.0,56198169.0
2017-04-18,30.99,31.24,30.93,30.93,9192100.0,45699189.0
2017-04-19,30.8,30.8,30.05,30.55,29194984.0,142152379.0
2017-04-20,30.49,30.61,29.99,30.11,12455950.0,60343634.0
2017-04-21,30.18,30.24,29.68,29.8,16916569.0,80813596.0
2017-04-24,29.74,29.74,28.55,29.05,12710112.0,59078619.0
2017-04-25,29.11,29.55,28.93,29.36,7482000.0,35076651.0
2017-04-26,29.3,29.55,28.99,29.43,9114654.0,42702316.0
2017-04-27,29.36,29.86,28.74,29.68,14880594.0,69806762.0
2017-04-28,29.55,31.43,29.55,31.11,45976986.0,225608278.0
2017-05-02,31.24,31.61,31.05,31.05,19370058.0,97106491.0
2017-05-03,31.05,31.3,30.93,31.24,8261614.0,41125529.0
2017-05-04,31.24,31.49,31.05,31.18,9357558.0,46808998.0
2017-05-05,31.11,31.3,30.86,30.99,9430487.0,46891752.0
2017-05-08,30.93,31.05,30.3,30.3,9306966.0,45583639.0
2017-05-09,30.3,30.55,30.24,30.55,6348799.0,30892061.0
2017-05-10,30.61,30.68,30.11,30.11,7391607.0,35960990.0
2017-05-11,30.11,30.55,29.68,30.24,23550938.0,114057259.0
2017-05-12,30.24,30.55,30.11,30.43,9788177.0,47598294.0
2017-05-15,30.43,30.55,30.11,30.3,5815388.0,28253426.0
2017-05-16,30.3,30.93,30.24,30.86,11640395.0,56985921.0
2017-05-17,30.93,31.24,30.86,31.05,21058259.0,104720428.0
2017-05-18,30.93,31.36,30.74,31.05,23670246.0,118040655.0
2017-05-19,30.93,31.3,30.93,31.24,14841311.0,73911886.0
2017-05-22,31.24,31.3,30.3,30.43,16065694.0,79124555.0
2017-05-23,30.24,30.8,30.11,30.11,34095724.0,166301150.0
2017-05-24,30.05,30.3,29.68,30.24,19915179.0,95867635.0
2017-05-25,30.18,31.24,29.74,30.61,18222272.0,88559764.0
2017-05-26,30.55,30.74,30.49,30.68,6813570.0,33399576.0
2017-05-31,31.05,31.11,30.61,30.68,8456700.0,41802495.0
2017-06-01,30.49,30.61,29.99,30.43,10699381.0,51938803.0
2017-06-02,30.3,30.49,29.99,30.43,10014700.0,48389966.0
2017-06-05,30.49,30.55,30.36,30.49,5950683.0,28999138.0
2017-06-06,30.43,30.55,30.18,30.43,6458747.0,31376299.0
2017-06-07,30.3,31.05,30.3,31.05,14880396.0,73342499.0
2017-06-08,30.99,30.99,30.8,30.86,8894742.0,43984640.0
2017-06-09,30.86,31.11,30.8,31.05,10434668.0,51676912.0
2017-06-12,30.93,30.99,30.55,30.55,8501765.0,41794387.0
2017-06-13,30.49,31.11,30.43,30.99,14016924.0,69438241.0
2017-06-14,30.99,31.43,30.86,31.3,20454007.0,101944856.0
2017-06-15,31.24,31.43,31.18,31.36,14634856.0,73353770.0
2017-06-16,31.36,31.36,31.18,31.24,8226000.0,41207190.0
2017-06-19,31.24,31.49,31.18,31.49,10976508.0,55073298.0
2017-06-20,31.43,31.61,31.24,31.3,12193234.0,61387466.0
2017-06-21,31.43,31.49,31.24,31.36,7111900.0,35683858.0
2017-06-22,31.3,31.43,30.99,30.99,9586490.0,47964201.0
2017-06-23,30.93,31.18,30.8,31.11,7496698.0,37161854.0
2017-06-26,31.11,31.61,30.99,31.61,13796518.0,69447353.0
2017-06-27,31.55,31.61,31.36,31.55,8954160.0,45104901.0
2017-06-28,31.68,32.36,31.49,31.93,27123391.0,138850293.0
2017-06-29,31.99,32.11,31.8,31.93,15383102.0,78538469.0
2017-06-30,31.86,31.93,31.55,31.8,13112287.0,66564014.0
2017-07-03,31.86,31.99,31.61,31.99,15227063.0,77577818.0
2017-07-04,31.93,33.24,31.68,32.24,36819456.0,190034305.0
2017-07-05,32.22,35.25,32.22,33.74,116134454.0,285602854.0
2017-07-06,33.05,33.6,32.5,32.91,93225945.0,223286243.0
2017-07-07,32.77,32.91,32.22,32.64,63369021.0,149553627.0
2017-07-10,32.64,33.46,32.22,33.05,64159506.0,153494335.0
2017-07-11,32.91,32.91,32.36,32.5,38091859.0,90145824.0
2017-07-12,32.36,32.5,31.81,32.09,46119299.0,107402757.0
2017-07-13,31.95,32.36,31.81,32.36,36306415.0,84535044.0
2017-07-14,32.09,32.22,31.81,31.95,33013668.0,76611925.0
2017-07-17,31.95,32.09,30.3,30.71,50287724.0,113774394.0
2017-07-18,30.85,31.26,30.71,31.26,26035938.0,58568124.0
2017-07-19,31.26,31.81,30.98,31.81,41921407.0,95846011.0
2017-07-20,31.67,32.36,31.26,31.95,52340498.0,120483992.0
2017-07-21,31.81,31.81,31.4,31.54,24829235.0,56901451.0
2017-07-24,31.54,31.81,31.4,31.67,28670419.0,65775609.0
2017-07-25,31.67,32.36,31.54,32.22,51696508.0,119859492.0
2017-07-26,32.09,32.5,31.95,32.36,52233711.0,122590019.0
2017-07-27,32.22,32.36,31.95,32.22,37838139.0,88441314.0
2017-07-28,32.09,32.22,31.81,31.95,33797006.0,78510274.0
2017-07-31,31.95,32.91,31.81,32.91,75869045.0,178457138.0
2017-08-01,32.64,33.33,32.5,32.91,76744992.0,183368959.0
2017-08-16,31.67,32.91,30.71,32.36,150855414.0,348737895.0
2017-08-17,31.95,32.09,31.67,31.95,52582033.0,121609963.0
2017-08-18,31.81,31.81,31.4,31.67,38671479.0,88734484.0
2017-08-21,31.4,31.67,31.26,31.67,37896753.0,86577172.0
2017-08-22,31.54,31.67,31.12,31.26,42046159.0,95653122.0
2017-08-23,31.26,31.26,30.85,30.98,30882152.0,69677708.0
2017-08-24,30.98,31.54,30.98,31.26,32132760.0,73059946.0
2017-08-25,31.12,31.54,31.12,31.4,26853576.0,61043642.0
2017-08-28,31.4,31.95,31.26,31.81,75288498.0,172944555.0
2017-08-29,31.67,31.81,31.4,31.54,32786876.0,75139438.0
2017-08-30,31.54,31.81,31.4,31.67,36126383.0,82999538.0
2017-08-31,31.67,31.67,31.12,31.26,59483286.0,135334703.0
2017-09-01,31.26,31.54,31.12,31.4,46664616.0,106028394.0
2017-09-04,31.4,31.4,31.12,31.26,40348704.0,91588251.0
2017-09-05,31.26,31.4,31.12,31.4,30308276.0,68641853.0
2017-09-06,31.26,31.4,31.12,31.26,35174765.0,79701547.0
2017-09-07,31.26,32.22,31.12,32.09,129782118.0,300060359.0
2017-09-08,31.95,31.95,31.67,31.95,51393581.0,118755586.0
2017-09-11,31.95,32.5,31.81,32.22,78067773.0,181778115.0
2017-09-12,32.22,32.36,31.95,32.22,53432678.0,124671827.0
2017-09-13,32.09,33.6,31.95,33.33,143755956.0,343330268.0
2017-09-14,33.33,33.88,32.91,33.6,134522970.0,325648558.0
2017-09-15,33.46,33.46,33.05,33.33,67534324.0,163240131.0
2017-09-18,33.19,33.33,32.77,32.91,59885583.0,143652146.0
2017-09-19,32.91,33.05,32.5,32.64,49660546.0,117859723.0
2017-09-20,32.64,32.77,32.36,32.77,46568354.0,110145135.0
2017-09-21,32.77,32.77,32.36,32.36,45706020.0,108036026.0
2017-09-22,32.36,32.36,32.09,32.22,30862851.0,72101967.0
2017-09-25,32.22,32.22,31.4,31.54,46959831.0,108275326.0
2017-09-26,31.54,31.81,31.4,31.67,33403120.0,76727928.0
2017-09-27,31.54,31.81,31.54,31.67,22835020.0,52437640.0
2017-09-28,31.67,31.67,31.26,31.4,40637353.0,92839809.0
2017-09-29,31.4,31.81,31.26,31.81,31297378.0,71810596.0
2017-10-09,31.81,32.22,31.54,31.95,38813381.0,89779133.0
2017-10-10,31.81,32.09,31.67,32.09,42726280.0,98778182.0
2017-10-11,32.09,32.77,31.95,32.5,65820930.0,154948877.0
2017-10-12,32.36,32.5,31.95,32.22,41814480.0,97664070.0
2017-10-13,32.22,32.22,31.81,32.22,35967624.0,83555610.0
2017-10-16,32.22,32.22,31.67,31.81,45919374.0,106328588.0
2017-10-17,31.81,32.22,31.54,32.09,42661866.0,98842458.0
2017-10-18,31.95,32.09,31.67,31.81,34584660.0,79990125.0
2017-10-19,31.81,31.81,31.26,31.4,44157698.0,100719531.0
2017-10-20,31.26,31.67,31.26,31.54,20820980.0,47607591.0
2017-10-23,31.54,31.67,31.26,31.54,30516208.0,69617636.0
2017-10-24,31.4,31.54,31.26,31.54,24603234.0,56104284.0
2017-10-25,31.4,31.67,31.26,31.54,39784770.0,90881091.0
2017-10-26,31.4,31.54,31.26,31.54,47109167.0,107348518.0
2017-10-27,31.4,31.54,31.26,31.26,31708820.0,72344767.0
2017-10-30,31.26,31.4,30.85,30.98,50579840.0,114005858.0
2017-10-31,30.85,31.26,30.85,31.26,28536940.0,64225821.0
2017-11-01,31.12,31.26,30.98,31.12,20097080.0,45396530.0
2017-11-02,30.98,31.12,30.85,30.85,29086020.0,65316042.0
2017-11-03,30.85,30.98,30.43,30.71,40731413.0,90571777.0
2017-11-06,30.57,30.85,30.3,30.85,31479573.0,69745159.0
2017-11-07,30.71,30.98,30.57,30.85,27887180.0,62256348.0
2017-11-08,30.85,30.85,30.57,30.85,23787236.0,53108980.0
2017-11-09,30.71,30.85,30.57,30.71,18737068.0,41794276.0
2017-11-10,30.71,30.85,30.57,30.85,17776159.0,39672112.0
2017-11-13,30.71,30.85,30.57,30.71,26173169.0,58378596.0
2017-11-14,30.85,30.85,30.43,30.71,28185678.0,62603979.0
2017-11-15,30.57,30.57,30.3,30.43,25150960.0,55530542.0
2017-11-16,30.43,30.57,30.3,30.57,19920393.0,44054921.0
2017-11-17,30.43,30.43,29.74,29.88,45192043.0,98597065.0
2017-11-20,29.74,29.88,28.92,29.88,35512966.0,75639361.0
2017-11-21,29.75,29.88,29.47,29.61,24290807.0,52279636.0
2017-11-22,29.61,30.85,29.33,30.57,60737683.0,132915650.0
2017-11-23,30.3,30.43,29.61,29.75,37988860.0,82792505.0
2017-11-24,29.47,29.88,29.33,29.61,29620549.0,63692686.0
2017-11-27,29.61,30.02,29.33,29.75,31875064.0,68816212.0
2017-11-28,29.61,29.75,29.33,29.75,42481558.0,91150550.0
2017-11-29,29.75,29.75,29.33,29.47,44853687.0,95957016.0
2017-11-30,29.47,29.47,29.06,29.06,47766570.0,101295261.0
2017-12-01,29.06,29.19,28.92,29.19,42535824.0,89665542.0
2017-12-04,29.06,29.19,28.64,28.78,39258918.0,82057211.0
2017-12-05,28.64,28.78,27.68,27.82,51497160.0,105523848.0
2017-12-06,27.68,28.09,27.4,27.82,54250365.0,108990602.0
2017-12-07,27.68,27.82,27.4,27.54,36403108.0,72916626.0
2017-12-08,27.54,27.82,27.4,27.68,37100961.0,74558035.0
2017-12-11,27.68,28.64,27.54,28.23,65605179.0,134177710.0
2017-12-12,28.09,28.09,27.82,27.95,27824260.0,56458037.0
2017-12-13,27.82,28.5,27.68,28.23,60908687.0,124775645.0
2017-12-14,28.23,28.23,27.95,28.23,29617040.0,60460054.0
2017-12-15,28.09,28.23,27.68,27.82,46552080.0,94337150.0
2017-12-18,27.82,27.95,27.54,27.82,23337620.0,47003646.0
2017-12-19,27.82,28.37,27.68,28.09,64528213.0,131408664.0
2017-12-20,27.95,28.09,27.4,27.68,59802658.0,120039289.0
2017-12-21,27.54,27.68,27.27,27.4,34662460.0,69106383.0
2017-12-22,27.4,27.68,27.4,27.54,26670740.0,53240204.0
2017-12-25,27.4,27.54,26.99,27.13,39732160.0,78776487.0
2017-12-26,27.13,27.95,26.99,27.68,82591231.0,165383112.0
2017-12-27,27.54,27.68,27.27,27.4,29969163.0,59656195.0
2017-12-28,27.27,27.95,27.13,27.68,49939323.0,100306397.0
2017-12-29,27.54,27.68,27.4,27.54,26893644.0,53884283.0
2018-01-02,27.54,28.09,27.54,27.95,54727628.0,110739306.0
2018-01-03,27.95,28.09,27.82,27.95,46528560.0,94408102.0
2018-01-04,27.95,28.5,27.82,28.37,69031393.0,141582386.0
2018-01-05,28.37,29.33,28.37,29.19,122676879.0,258487110.0
2018-01-08,29.19,29.19,28.64,29.06,62170935.0,130427722.0
2018-01-09,28.92,29.06,28.64,28.64,40437060.0,84425357.0
2018-01-10,28.64,29.06,28.23,29.06,58540046.0,121485161.0
2018-01-11,28.78,29.47,28.5,29.33,66995831.0,141396329.0
2018-01-12,29.06,30.02,29.06,29.61,76870652.0,165523862.0
2018-01-15,29.61,29.74,28.92,29.06,53347661.0,113324933.0
2018-01-16,29.19,29.33,29.06,29.33,37794262.0,80034993.0
2018-01-17,29.19,29.19,28.64,28.78,37308399.0,78302100.0
2018-01-18,28.78,29.06,28.78,29.06,20013040.0,42037787.0
2018-01-19,28.92,29.06,28.78,28.92,29143616.0,61235818.0
2018-01-22,29.06,30.16,28.92,29.88,107370065.0,232450084.0
2018-01-23,29.74,30.16,29.61,29.88,47349920.0,102625733.0
2018-01-24,29.88,30.02,29.61,29.88,43645440.0,94432230.0
2018-01-25,29.88,30.02,29.74,29.88,39628780.0,86047190.0
2018-01-26,29.88,30.02,29.61,29.75,36097220.0,77999209.0
2018-01-29,29.75,29.88,29.19,29.47,41908706.0,89691486.0
2018-01-30,29.33,29.47,29.06,29.33,25656745.0,54464740.0
2018-01-31,29.19,29.33,28.64,28.78,42221854.0,88541845.0
2018-02-01,28.78,29.06,27.82,28.09,52541813.0,108141783.0
2018-02-02,27.82,28.37,27.4,28.37,35689778.0,72363934.0
2018-02-05,28.09,28.37,27.82,28.09,28225652.0,57687092.0
2018-02-06,27.95,28.23,27.54,28.09,55375444.0,111813564.0
2018-02-07,28.09,28.37,27.82,28.37,48551890.0,99342118.0
2018-02-08,28.23,29.06,28.09,28.78,52461346.0,109136999.0
2018-02-09,28.5,28.64,27.68,28.23,60792320.0,123852393.0
2018-02-12,28.23,29.19,28.09,29.06,58998911.0,123317034.0
2018-02-13,29.06,29.06,28.64,28.78,48067010.0,100660512.0
2018-02-14,28.78,28.92,28.37,28.64,25364189.0,52669373.0
2018-02-22,28.64,28.92,28.64,28.92,30526060.0,63814620.0
2018-02-23,28.78,28.92,28.5,28.78,24729375.0,51435693.0
2018-02-26,28.78,29.06,28.64,29.06,40306818.0,84318760.0
2018-02-27,28.92,28.92,28.64,28.64,25471535.0,53198676.0
2018-02-28,28.64,28.92,28.5,28.78,28825860.0,60199865.0
2018-03-01,28.64,28.92,28.5,28.92,25993940.0,54275563.0
2018-03-02,28.78,28.78,28.5,28.64,23365946.0,48639986.0
2018-03-05,28.64,28.78,28.37,28.5,27184720.0,56350654.0
2018-03-06,28.5,28.78,28.37,28.78,29611033.0,61527433.0
2018-03-07,28.64,29.47,28.64,29.19,95480511.0,202193559.0
2018-03-08,29.06,30.57,28.78,30.02,138465352.0,298539218.0
2018-03-09,29.88,30.02,29.47,29.75,57870275.0,125085088.0
2018-03-12,29.74,30.43,29.61,30.02,57991880.0,126612992.0
2018-03-13,29.88,30.02,29.61,29.61,37455720.0,80993288.0
2018-03-14,29.74,29.74,29.19,29.19,39745400.0,84858758.0
2018-03-15,29.19,29.33,29.06,29.33,27700039.0,58641937.0
2018-03-16,29.19,29.33,29.06,29.06,21012680.0,44548772.0
2018-03-19,29.06,29.33,28.92,29.19,23467960.0,49624930.0
2018-03-20,29.06,29.19,28.78,29.19,22723601.0,47866700.0
2018-03-21,29.06,29.33,29.06,29.06,26299820.0,55761280.0
2018-03-22,29.06,29.19,28.78,28.92,22393891.0,47111828.0
2018-03-23,28.64,28.78,27.82,28.09,66399344.0,136624053.0
2018-03-26,27.82,28.5,27.68,28.5,32981661.0,67289939.0
2018-03-27,28.64,29.06,28.5,28.92,33619765.0,70206379.0
2018-03-28,28.64,28.78,28.5,28.5,25501653.0,53026486.0
2018-03-29,28.64,28.92,28.5,28.64,26639135.0,55481315.0
2018-03-30,28.64,28.92,28.5,28.78,23013840.0,47939386.0
2018-04-02,28.64,28.78,28.5,28.5,22307237.0,46315095.0
2018-04-03,28.37,28.5,28.23,28.5,24372613.0,50172210.0
2018-04-04,28.37,28.5,28.37,28.37,15068930.0,31104540.0
2018-04-09,28.37,28.37,28.09,28.23,22791020.0,46732354.0
2018-04-10,28.23,28.37,28.09,28.37,19938160.0,40879762.0
2018-04-11,28.37,28.5,28.23,28.37,20221697.0,41675886.0
2018-04-12,28.37,28.37,28.09,28.23,15938900.0,32666326.0
2018-04-13,28.23,28.37,28.09,28.09,16469760.0,33662390.0
2018-04-16,28.09,28.23,27.95,28.23,19596700.0,39963091.0
2018-04-17,28.09,28.23,27.82,27.82,21832340.0,44332807.0
2018-04-18,27.95,28.09,27.68,27.95,20167308.0,40839779.0
2018-04-19,27.95,28.09,27.82,28.09,18054560.0,36684124.0
2018-04-20,27.95,28.09,27.4,27.4,33181969.0,66671008.0
2018-04-23,27.54,27.68,27.27,27.54,30387684.0,60555542.0
2018-04-24,27.54,27.82,27.4,27.82,24470654.0,49079568.0
2018-04-25,27.68,27.68,27.4,27.54,16650280.0,33338413.0
2018-04-26,27.54,27.68,27.27,27.4,22836980.0,45461450.0
2018-04-27,27.4,27.68,27.27,27.4,30549930.0,60848429.0
2018-05-02,27.27,27.27,26.44,26.58,62152280.0,121103517.0
2018-05-03,26.44,26.58,25.34,26.16,69756853.0,131016409.0
2018-05-04,25.89,26.03,25.61,25.89,33293235.0,62418194.0
2018-05-07,25.89,26.58,25.75,26.58,53625491.0,102396843.0
2018-05-08,26.3,26.85,26.3,26.58,27008190.0,52150804.0
2018-05-09,26.58,26.58,25.61,26.03,48059340.0,90796291.0
2018-05-10,26.03,26.03,25.2,25.61,92686145.0,171830308.0
2018-05-11,25.48,26.44,25.34,26.03,97762585.0,184681672.0
2018-05-14,25.75,25.89,25.48,25.61,36354525.0,67640942.0
2018-05-15,25.48,25.61,25.34,25.61,32289716.0,59679257.0
2018-05-16,25.48,25.48,25.2,25.34,30566320.0,56249274.0
2018-05-17,25.34,25.48,25.2,25.48,23351002.0,42966791.0
2018-05-18,25.34,25.61,25.34,25.61,19846420.0,36696107.0
2018-05-21,25.61,26.03,25.48,26.03,42006780.0,78831247.0
2018-05-22,25.89,26.03,25.48,25.89,31490893.0,58763680.0
2018-05-23,25.75,25.89,25.48,25.61,23212080.0,43153377.0
2018-05-24,25.48,25.61,25.34,25.48,20399040.0,37722763.0
2018-05-25,25.34,25.48,25.2,25.34,18784360.0,34561741.0
2018-05-28,25.2,25.48,25.06,25.2,27813010.0,50921287.0
2018-05-29,25.06,25.2,24.51,24.79,47721952.0,85808079.0
2018-05-30,24.65,24.65,23.96,24.1,48369324.0,85603577.0
2018-05-31,24.1,24.37,23.82,24.1,31909162.0,55922007.0
2018-06-01,23.96,23.96,23.41,23.69,44626094.0,76487981.0
2018-06-04,23.55,23.69,23.41,23.69,21078859.0,36061465.0
2018-06-05,23.55,24.1,23.41,24.1,34146197.0,59013083.0
2018-06-06,23.96,24.24,23.82,24.24,31282579.0,54584348.0
2018-06-07,24.24,24.37,23.96,24.37,31258380.0,54883849.0
2018-06-08,24.24,24.24,23.82,23.96,38022781.0,66391950.0
2018-06-11,24.1,24.24,23.82,24.24,33024778.0,57649414.0
2018-06-12,24.1,24.24,23.68,24.24,63685223.0,110843676.0
2018-06-13,24.1,24.1,23.68,23.96,28519540.0,49354633.0
2018-06-14,23.96,24.1,23.68,24.1,30388657.0,52752218.0
2018-06-15,24.1,24.24,23.82,24.1,32162735.0,55402356.0
2018-06-19,23.96,24.1,21.87,22.98,61433610.0,101832949.0
2018-06-20,22.57,22.84,22.15,22.57,64824600.0,104191302.0
2018-06-21,22.71,23.26,22.57,22.98,65232446.0,107061329.0
2018-06-22,22.71,23.4,22.01,23.26,57240918.0,93827505.0
2018-06-25,23.26,23.68,23.12,23.4,37273847.0,62585650.0
2018-06-26,23.26,23.68,22.98,23.54,37803993.0,63544101.0
2018-06-27,23.54,23.82,23.4,23.82,42184400.0,71486521.0
2018-06-28,23.82,23.96,23.26,23.96,33649831.0,57058507.0
2018-06-29,23.82,24.24,23.4,24.1,38522360.0,66082399.0
2018-07-02,23.96,24.38,23.82,24.1,32093607.0,55710871.0
2018-07-03,23.96,24.24,23.82,24.24,25588780.0,44230969.0
2018-07-04,24.1,24.66,23.96,24.24,37157160.0,64738266.0
2018-07-05,24.24,24.38,23.54,23.68,26673840.0,45904968.0
2018-07-06,23.54,23.82,22.71,23.68,42956740.0,71736886.0
2018-07-09,23.54,23.82,23.4,23.82,20117920.0,34180947.0
2018-07-10,23.82,24.1,23.68,24.1,20771320.0,35673263.0
2018-07-11,23.96,23.96,23.4,23.68,21364600.0,36195375.0
2018-07-12,23.54,24.1,23.54,24.1,19452928.0,33396081.0
2018-07-13,24.1,24.38,23.96,24.38,21231612.0,36787376.0
2018-07-16,24.24,24.38,24.1,24.24,15159820.0,26299073.0
2018-07-17,24.24,24.24,23.82,24.24,14611059.0,25203317.0
2018-07-18,24.24,24.24,23.96,24.1,12032560.0,20827677.0
2018-07-19,24.1,24.1,23.68,23.82,11668960.0,19970875.0
2018-07-20,23.68,24.1,23.54,23.96,22169540.0,37986816.0
2018-07-23,23.96,24.1,23.68,24.1,18800284.0,32330019.0
2018-07-24,23.96,24.38,23.96,24.38,46127620.0,80230987.0
2018-07-25,24.24,25.21,24.1,24.8,56938223.0,100346577.0
2018-07-26,24.52,25.77,24.52,25.35,85332765.0,154663624.0
2018-07-27,25.07,25.35,24.93,24.93,29801100.0,53665264.0
2018-07-30,24.93,25.21,24.66,25.21,37962340.0,67895412.0
2018-07-31,25.07,25.63,24.8,25.49,42572218.0,77062706.0
2018-08-01,25.35,25.35,24.93,25.21,27184800.0,49156786.0
2018-08-02,25.07,25.07,24.38,24.8,42254366.0,74744069.0
2018-08-03,24.8,24.8,24.38,24.66,19200803.0,33900408.0
2018-08-06,24.52,24.66,24.24,24.66,24503949.0,42988858.0
2018-08-07,24.66,25.07,24.38,25.07,31374894.0,55862406.0
2018-08-08,24.93,25.07,24.8,24.93,16578900.0,29612730.0
2018-08-09,24.93,25.21,24.8,25.07,31257534.0,56210139.0
2018-08-10,25.07,25.49,24.8,25.49,36113253.0,65218349.0
2018-08-13,25.21,25.35,24.93,25.35,27719420.0,49974602.0
2018-08-14,25.21,25.35,25.07,25.21,11249160.0,20302244.0
2018-08-15,25.21,25.21,24.8,25.07,17186202.0,30841326.0
2018-08-16,24.93,25.07,24.52,24.93,16266715.0,28996190.0
2018-08-17,24.93,25.07,24.66,24.93,15029660.0,26807929.0
2018-08-20,24.8,25.07,24.66,25.07,17997470.0,32070912.0
2018-08-21,25.07,25.21,24.8,25.07,24601450.0,44122248.0
2018-08-22,25.07,25.07,24.66,24.8,15215128.0,27079170.0
2018-08-23,24.66,24.93,24.66,24.93,22406036.0,39921078.0
2018-08-24,24.8,24.93,24.66,24.93,15319660.0,27271415.0
2018-08-27,24.8,25.21,24.66,25.21,44369816.0,79562872.0
2018-08-28,25.07,25.21,24.93,25.07,13231950.0,23763881.0
2018-08-29,25.07,25.07,24.8,25.07,11011680.0,19730707.0
2018-08-30,25.07,25.07,24.38,24.8,23841540.0,42389470.0
2018-08-31,24.52,24.8,24.38,24.66,14566055.0,25678245.0
2018-09-03,24.52,24.8,24.24,24.8,22397994.0,39415006.0
2018-09-04,24.66,24.93,24.52,24.8,28074220.0,49949433.0
2018-09-05,24.8,24.8,24.24,24.24,14777040.0,26020961.0
2018-09-06,24.24,24.52,24.1,24.24,16415300.0,28696019.0
2018-09-07,24.24,24.52,24.24,24.38,14591093.0,25503236.0
2018-09-10,24.38,24.38,23.96,24.24,15450543.0,26773184.0
2018-09-11,24.1,24.38,23.96,24.38,22083733.0,38262089.0
2018-09-12,24.24,24.24,23.96,24.1,9957560.0,17235934.0
2018-09-13,24.1,24.24,23.82,23.96,13238900.0,22826836.0
2018-09-14,23.96,24.1,23.82,24.1,14948240.0,25688733.0
2018-09-17,23.96,23.96,23.54,23.68,11087140.0,18870338.0
2018-09-18,23.68,23.82,23.54,23.82,17076260.0,29047693.0
2018-09-19,23.68,24.1,23.54,23.96,20764220.0,35623310.0
2018-09-20,23.96,24.1,23.82,24.1,12411688.0,21319037.0
2018-09-21,24.1,24.24,23.82,23.96,26831080.0,46328271.0
2018-09-25,23.96,24.1,23.68,24.1,19862740.0,34110621.0
2018-09-26,23.96,24.1,23.82,23.96,19699380.0,33889762.0
2018-09-27,23.96,23.96,23.4,23.54,21410002.0,36467085.0
2018-09-28,23.54,23.96,23.54,23.82,15385595.0,26257475.0
2018-10-08,23.68,23.82,23.4,23.54,17336300.0,29343841.0
2018-10-09,23.4,23.68,23.4,23.54,11449532.0,19316180.0
2018-10-10,23.4,23.68,23.4,23.54,13517626.0,22830353.0
2018-10-11,23.4,23.54,22.29,22.84,45569182.0,74378132.0
2018-10-12,22.57,22.57,21.87,22.57,39301470.0,62707891.0
2018-10-15,22.43,22.57,21.87,22.15,19646140.0,31388328.0
2018-10-16,22.01,22.15,21.31,21.59,34128532.0,53082979.0
2018-10-17,21.59,21.87,21.31,21.87,23341291.0,36216682.0
2018-10-18,22.15,22.57,21.73,22.15,44616503.0,71034984.0
2018-10-19,21.87,22.15,21.31,22.15,47139120.0,73713716.0
2018-10-22,22.15,22.98,22.01,22.84,62397038.0,101029147.0
2018-10-23,22.71,22.71,22.01,22.29,30845712.0,49526799.0
2018-10-24,22.15,22.57,21.87,22.43,31102001.0,49584712.0
2018-10-25,21.87,22.15,21.59,22.15,31388120.0,49319473.0
2018-10-26,22.15,22.43,22.01,22.43,37709236.0,60179169.0
2018-10-29,22.15,22.29,22.01,22.29,22477914.0,35697385.0
2018-10-30,22.15,23.26,21.87,22.71,51571627.0,82962327.0
2018-10-31,22.43,22.84,22.29,22.71,45677862.0,74010172.0
2018-11-01,22.57,22.84,22.43,22.57,35699640.0,58049945.0
2018-11-02,22.57,22.98,22.43,22.98,41591387.0,68056894.0
2018-11-05,22.84,22.98,22.57,22.71,29123700.0,47542399.0
2018-11-06,22.71,22.71,22.29,22.57,30294520.0,48881919.0
2018-11-07,22.57,22.84,22.43,22.57,26543294.0,43130536.0
2018-11-08,22.71,23.54,22.43,22.84,50779154.0,83716346.0
2018-11-09,22.71,22.71,22.43,22.57,27176234.0,44102691.0
2018-11-12,22.57,23.26,22.43,23.26,46739740.0,76946219.0
2018-11-13,22.98,24.38,22.84,24.1,109791634.0,188003138.0
