2015-03-03,12.72,15.26,12.72,15.26,42000.0,638126.0
2015-03-04,16.79,16.79,16.79,16.79,17800.0,298862.0
2015-03-05,18.47,18.47,18.47,18.47,14300.0,264121.0
2015-03-06,20.32,20.32,20.32,20.32,60300.0,1225296.0
2015-03-09,22.35,22.35,22.35,22.35,825801.0,18456652.0
2015-03-10,23.87,23.87,22.51,22.82,29217480.0,675128384.0
2015-03-11,21.7,24.88,21.6,23.59,21317848.0,489618528.0
2015-03-12,23.12,23.49,21.7,21.75,15028708.0,335853280.0
2015-03-13,21.75,22.32,21.5,21.89,7555311.0,165454336.0
2015-03-16,22.1,22.79,22.09,22.5,7914406.0,177316480.0
2015-03-17,22.68,22.85,22.2,22.63,8553427.0,192110848.0
2015-03-18,22.55,24.89,22.55,24.89,14136434.0,337416288.0
2015-03-19,26.88,26.93,25.29,25.9,19108484.0,500615136.0
2015-03-20,24.6,25.56,24.4,25.14,12383084.0,309960384.0
2015-03-23,25.16,25.69,24.8,25.3,7792510.0,196938624.0
2015-03-24,25.53,26.06,24.5,25.47,9352311.0,237425200.0
2015-03-25,25.1,25.9,24.91,25.45,7185525.0,182194256.0
2015-03-26,25.35,25.91,24.8,25.01,8096599.0,204553024.0
2015-03-27,24.8,25.24,24.3,25.08,5460392.0,134729408.0
2015-03-30,25.0,25.25,24.6,24.78,3689759.0,91626672.0
2015-03-31,24.51,25.09,24.5,24.61,4125207.0,101676736.0
2015-04-01,24.59,25.1,24.36,25.06,5673770.0,140345856.0
2015-04-02,25.1,25.68,24.89,25.25,5959605.0,150550784.0
2015-04-03,25.21,26.15,25.0,26.1,10092058.0,257831200.0
2015-04-07,26.0,26.78,25.8,26.66,9224804.0,242242112.0
2015-04-08,26.77,28.0,26.28,27.23,9358366.0,254075152.0
2015-04-09,27.0,27.43,25.59,26.15,6649555.0,174569952.0
2015-04-10,26.05,26.68,25.73,26.4,5497917.0,145215264.0
2015-04-13,26.63,28.28,26.27,27.99,9091145.0,249282320.0
2015-04-14,27.65,29.5,27.5,29.35,9971111.0,282469088.0
2015-04-15,29.2,30.23,27.78,28.29,8044994.0,233013776.0
2015-04-16,28.28,29.33,27.2,28.37,5642197.0,160660400.0
2015-04-17,28.3,28.59,27.6,27.72,5114136.0,143197952.0
2015-04-20,27.38,27.4,25.63,25.71,6723525.0,178431472.0
2015-04-21,25.7,26.85,25.7,26.62,3582622.0,94450696.0
2015-04-22,26.8,27.38,26.72,27.09,4148279.0,112443456.0
2015-04-23,27.37,27.49,26.67,27.11,4052002.0,109450968.0
2015-04-24,27.0,27.02,26.25,26.79,4023799.0,107395088.0
2015-04-27,26.85,27.76,26.76,27.68,5976562.0,162938272.0
2015-04-28,27.88,28.75,26.89,27.26,6435271.0,179172784.0
2015-04-29,27.01,27.88,26.29,27.44,4522804.0,123745960.0
2015-04-30,27.3,28.5,27.3,27.56,5289502.0,148107024.0
2015-05-04,27.62,27.83,27.0,27.29,3391744.0,92705120.0
2015-05-05,27.5,28.68,26.81,28.4,9335271.0,261490272.0
2015-05-06,28.15,29.99,27.47,28.63,10457964.0,303918016.0
2015-05-07,28.3,28.4,25.85,25.99,7052729.0,189216320.0
2015-05-08,26.12,26.99,26.1,26.91,4615578.0,122430776.0
2015-05-11,27.38,29.6,26.9,29.12,10532383.0,300726272.0
2015-05-12,29.4,30.86,29.02,30.3,12396416.0,371092992.0
2015-05-13,29.86,32.96,29.5,31.97,10770248.0,341350560.0
2015-05-14,32.0,35.17,32.0,35.17,10751283.0,364102336.0
2015-05-15,36.17,38.69,36.17,38.69,10013037.0,378607520.0
2015-05-18,41.5,41.96,38.5,40.61,14896186.0,599610112.0
2015-05-19,40.86,41.48,37.5,39.37,11562561.0,453423488.0
2015-05-20,39.35,43.31,38.84,43.13,10083517.0,426195104.0
2015-05-21,43.11,45.0,41.11,43.49,8630847.0,370461472.0
2015-05-22,43.2,44.6,41.05,43.83,10422674.0,447670112.0
2015-05-25,42.75,47.98,42.0,46.2,9124796.0,410263104.0
2015-05-26,46.1,50.82,45.45,50.82,8545124.0,417292416.0
2015-05-27,52.8,55.9,52.0,55.9,6262140.0,341895488.0
2015-05-28,61.48,61.49,55.01,55.73,10757151.0,650684864.0
2015-05-29,54.77,59.45,50.16,53.58,12798959.0,687664576.0
2015-06-01,52.3,53.95,49.8,51.2,10250282.0,524860320.0
2015-06-02,50.99,53.18,49.4,51.77,7784256.0,399751744.0
2015-06-03,52.6,53.5,50.0,50.74,6312873.0,324213984.0
2015-06-04,48.88,50.0,45.67,45.7,7476250.0,347860224.0
2015-06-05,46.98,47.27,44.0,45.17,7394743.0,337163552.0
2015-06-08,45.3,47.49,45.29,46.05,7309892.0,339146400.0
2015-06-09,46.21,48.0,45.5,47.35,5215040.0,244106912.0
2015-06-10,46.88,50.99,46.08,49.35,7769306.0,378067776.0
2015-06-11,48.7,51.0,48.1,50.1,6828812.0,339762592.0
2015-06-12,50.18,50.39,47.5,47.93,6887387.0,335656128.0
2015-06-15,46.99,47.0,43.14,43.14,6873831.0,303550912.0
2015-06-16,41.62,42.48,39.83,40.86,5020112.0,205188112.0
2015-06-17,40.7,43.4,40.37,42.66,3430082.0,142677904.0
2015-06-18,42.35,42.35,40.0,40.13,3147095.0,129836808.0
2015-06-19,38.8,39.87,36.16,37.98,3644792.0,137373920.0
2015-06-23,38.49,39.9,37.01,39.75,3488483.0,135373776.0
2015-06-24,40.3,41.35,39.76,40.51,3181606.0,129164352.0
2015-06-25,40.55,40.61,36.87,37.27,2875341.0,111280600.0
2015-06-26,36.1,36.18,33.54,33.54,2661862.0,91315264.0
2015-06-29,34.17,34.42,30.19,30.19,3364930.0,105084992.0
2015-06-30,29.08,33.09,27.17,32.51,5631552.0,165271216.0
2015-07-01,31.99,33.41,29.26,29.26,4353808.0,138926032.0
2015-07-02,29.81,30.07,26.33,26.34,4181815.0,116637792.0
2015-07-03,26.27,27.57,23.76,24.55,4225256.0,106207920.0
2015-07-06,27.0,27.0,22.57,24.16,4349641.0,108530384.0
2015-07-07,22.94,23.96,21.75,21.75,2458587.0,54433340.0
2015-07-08,19.57,19.57,19.57,19.57,865800.0,16900416.0
2015-07-09,17.65,21.53,17.65,21.53,5490120.0,111827664.0
2015-07-10,23.06,23.68,23.06,23.68,1959536.0,45886888.0
2015-07-13,26.05,26.05,24.06,26.05,5466381.0,141611040.0
2015-07-14,27.07,28.66,26.18,28.66,8371826.0,234605648.0
2015-07-15,27.57,28.48,25.79,25.79,5836667.0,154899520.0
2015-07-16,24.34,27.57,23.81,26.72,5339199.0,139132672.0
2015-07-17,26.37,29.36,26.3,28.8,4582671.0,127775040.0
2015-07-20,28.84,30.06,27.88,28.67,6153915.0,176942352.0
2015-07-21,27.88,29.58,27.23,29.12,7731687.0,219016144.0
2015-07-22,28.71,29.56,28.12,28.87,6080039.0,175358640.0
2015-07-23,29.01,31.75,28.58,31.75,9933416.0,301833984.0
2015-07-24,32.25,32.85,30.08,30.51,10784439.0,342846208.0
2015-07-27,29.38,31.42,27.46,27.46,6057523.0,178056400.0
2015-07-28,24.73,27.67,24.72,25.07,6135857.0,156673008.0
2015-07-29,25.72,27.57,24.47,27.57,5927933.0,153949200.0
2015-07-30,27.57,29.63,27.08,27.7,7178683.0,202585376.0
2015-07-31,27.24,30.08,26.87,29.08,7950794.0,227786784.0
2015-08-03,29.88,31.99,29.09,31.99,18917890.0,594349248.0
2015-08-04,32.89,33.97,29.08,33.07,21863376.0,700195072.0
2015-08-05,31.77,34.89,31.16,33.7,17060700.0,567267264.0
2015-08-06,32.32,33.06,30.58,31.01,10756957.0,341685600.0
2015-08-07,30.84,33.09,30.84,32.05,8548502.0,274037888.0
2015-08-10,32.03,34.08,32.03,33.55,10258730.0,336093952.0
2015-08-11,33.09,34.05,32.65,32.88,8303558.0,275138752.0
2015-08-12,32.17,32.84,30.76,30.91,6011365.0,191138000.0
2015-08-13,30.76,32.07,30.76,32.05,4623158.0,145555184.0
2015-08-14,32.59,32.79,31.77,32.13,5390724.0,173036688.0
2015-08-17,32.07,32.07,30.63,31.31,5041684.0,156271520.0
2015-08-18,31.28,31.99,28.19,28.19,5933108.0,179126528.0
2015-08-19,26.57,29.08,25.43,28.73,5188025.0,140928240.0
2015-08-20,28.07,28.54,26.97,27.06,3367883.0,93192560.0
2015-08-21,26.56,26.87,24.36,24.5,4293758.0,109479024.0
2015-08-24,23.56,23.61,22.05,22.05,2522143.0,56208736.0
2015-08-25,19.84,21.03,19.84,19.84,3322730.0,66669656.0
2015-08-26,20.1,21.55,18.55,19.97,7066983.0,142552640.0
2015-08-27,20.55,21.31,19.57,21.22,5123731.0,105164688.0
2015-08-28,21.58,22.95,20.87,22.71,6741371.0,145439008.0
2015-08-31,22.46,22.46,20.55,20.7,4215542.0,90555312.0
2015-09-01,20.2,20.45,18.63,18.63,3763221.0,72046120.0
2015-09-02,17.65,19.43,17.32,17.63,3481680.0,63068056.0
2015-09-07,18.25,19.15,18.13,18.46,3185966.0,59183100.0
2015-09-08,18.35,20.3,18.18,20.3,4904737.0,95097712.0
2015-09-09,20.86,22.28,20.86,22.2,6736163.0,144424000.0
2015-09-10,21.64,22.16,21.06,21.09,4656472.0,100602016.0
2015-09-11,21.46,22.14,21.31,21.74,4076370.0,88191992.0
2015-09-14,21.83,22.0,19.56,19.56,4356000.0,89898800.0
2015-09-15,18.73,19.55,17.83,18.06,3542729.0,65541004.0
2015-09-16,18.54,19.86,18.4,19.86,3676505.0,70121960.0
2015-09-17,20.05,21.36,19.62,19.86,5404043.0,110441424.0
2015-09-18,20.34,21.85,19.9,21.85,5519877.0,115218360.0
2015-09-21,21.66,23.33,21.14,22.84,6328549.0,142232384.0
2015-09-22,22.46,23.07,21.76,22.68,6000701.0,134577216.0
2015-09-23,22.08,23.04,22.02,22.61,5116713.0,115303384.0
2015-09-24,22.63,23.46,22.47,22.52,4803268.0,109781432.0
2015-09-25,22.17,22.23,20.88,21.21,4347190.0,93727008.0
2015-09-28,21.11,22.53,21.06,22.41,3511824.0,76952944.0
2015-09-29,21.95,22.21,21.76,21.87,2414587.0,52881724.0
2015-09-30,22.05,22.27,21.65,22.24,2716411.0,59821700.0
2015-10-08,23.46,23.56,22.76,23.12,4183145.0,96698216.0
2015-10-09,23.06,24.72,22.76,24.36,6383535.0,152758752.0
2015-10-12,24.77,26.35,24.29,25.84,7618770.0,191054432.0
2015-10-13,25.57,26.88,25.08,26.27,6133601.0,159084896.0
2015-10-14,25.94,26.57,25.02,25.12,6249998.0,160043600.0
2015-10-15,24.93,26.28,24.9,26.05,4848467.0,124380216.0
2015-10-16,26.25,26.46,25.42,26.07,6038622.0,156016832.0
2015-10-19,25.87,26.37,25.21,25.87,5590670.0,143878112.0
2015-10-20,26.22,28.46,26.09,28.46,9756275.0,267251488.0
2015-10-21,29.95,31.3,27.55,28.52,16768433.0,493183456.0
2015-10-22,28.58,31.36,27.89,31.36,18514688.0,568178176.0
2015-10-23,31.48,32.88,30.38,32.02,16017590.0,506372416.0
2015-10-26,31.66,31.66,29.69,30.23,11244745.0,342052800.0
2015-10-27,29.18,30.44,28.11,30.27,8113995.0,235814544.0
2015-10-28,29.66,29.98,28.28,28.88,5340551.0,156203328.0
2015-10-29,29.43,29.68,28.12,28.6,3393266.0,97423144.0
2015-10-30,28.63,28.76,27.45,28.02,3937727.0,110663024.0
2015-11-02,26.87,29.33,26.83,28.32,4768775.0,135077536.0
2015-11-03,28.28,29.27,27.89,29.12,4345215.0,124738312.0
2015-11-04,29.47,30.66,29.28,30.49,5686344.0,170496384.0
2015-11-05,30.15,30.88,29.29,29.67,5732846.0,171198944.0
2015-11-06,29.59,31.05,29.58,30.94,5305656.0,161458848.0
2015-11-09,30.66,32.96,30.09,32.17,7852401.0,248333136.0
2015-11-10,31.59,32.73,31.13,31.59,5899178.0,187203952.0
2015-11-11,31.3,34.74,31.3,34.74,9324179.0,310758656.0
2015-11-12,35.52,38.1,34.79,37.2,12924249.0,463477088.0
2015-11-13,36.1,36.58,33.48,33.55,9478363.0,328784928.0
2015-11-16,32.27,34.69,32.19,34.34,6241278.0,211262416.0
2015-11-17,34.84,35.44,32.99,33.08,5647684.0,192446096.0
2015-11-18,33.19,33.67,31.59,31.79,3760911.0,121227152.0
2015-11-19,31.95,34.21,31.95,33.67,4701431.0,155441488.0
2015-11-20,33.79,34.58,33.33,33.76,5446333.0,184937520.0
2015-11-23,33.6,34.99,33.48,33.8,4160761.0,141702144.0
2015-11-24,33.89,36.76,33.8,36.01,7308299.0,255509744.0
2015-11-25,35.7,35.79,34.96,35.6,5429145.0,191692976.0
2015-11-26,35.68,37.1,34.42,34.78,6231272.0,222682992.0
2015-11-27,34.29,34.79,31.3,31.59,5003119.0,165891520.0
2015-11-30,31.64,33.05,29.78,32.96,4919654.0,156457152.0
2015-12-01,32.59,34.64,32.57,33.11,5649975.0,189627919.0
2015-12-02,32.59,33.04,30.39,31.66,3205022.0,101011704.0
2015-12-03,31.94,32.83,31.94,32.48,3170628.0,102286045.0
2015-12-04,32.45,33.59,31.97,32.56,4248742.0,139098240.0
2015-12-07,33.09,33.28,32.39,32.78,3296426.0,107359049.0
2015-12-08,32.52,32.52,31.08,31.75,2653566.0,84596728.0
2015-12-09,31.18,32.28,31.18,31.52,2628823.0,83538584.0
2015-12-10,31.46,31.77,30.28,30.53,3861007.0,118713232.0
2015-12-11,30.54,31.0,30.19,30.58,1670914.0,50958068.0
2015-12-14,30.58,32.39,30.54,32.21,3695844.0,116461016.0
2015-12-15,32.08,33.32,31.95,32.87,4101550.0,134740896.0
2015-12-16,33.03,33.77,32.67,33.09,4063114.0,134396192.0
2015-12-17,33.15,35.4,33.14,35.33,7392569.0,254664480.0
2015-12-18,35.56,38.85,35.33,36.59,13175526.0,492659840.0
2015-12-21,36.54,36.9,35.09,35.94,6924263.0,247216464.0
2015-12-22,35.71,36.49,35.4,36.23,4213988.0,150471868.0
2015-12-23,35.9,36.41,34.79,34.92,4330113.0,154317440.0
2015-12-24,34.68,35.4,33.51,35.31,3813216.0,130473992.0
2015-12-25,34.69,36.08,34.69,35.2,3024474.0,106740000.0
2015-12-28,35.3,36.16,33.77,33.82,4173362.0,145269995.0
2015-12-29,33.82,34.64,33.59,34.62,2459050.0,84112187.0
2015-12-30,34.71,35.48,34.19,35.4,3289452.0,115476398.0
2015-12-31,35.45,35.81,33.89,34.17,2780367.0,96038571.0
2016-01-04,33.69,34.07,30.75,30.75,2916845.0,92971142.0
2016-01-05,28.16,30.38,27.77,28.96,4014361.0,115768284.0
2016-01-06,28.73,29.85,28.68,29.77,3036761.0,88710109.0
2016-01-07,29.18,29.18,26.79,26.8,668400.0,18581588.0
2016-01-08,27.57,27.88,24.58,26.57,2999591.0,79721627.0
2016-01-11,25.52,26.26,23.91,23.91,2682874.0,66715622.0
2016-01-12,24.11,24.67,22.72,24.25,1920523.0,46009406.0
2016-01-13,24.27,24.76,23.06,23.09,1868916.0,44881785.0
2016-01-14,22.3,24.29,22.06,24.2,2155544.0,50068595.0
2016-01-15,24.27,25.37,23.94,24.2,3558096.0,86921069.0
2016-01-18,23.86,25.1,23.29,24.8,2337497.0,56970090.0
2016-01-19,24.6,25.81,24.47,25.59,2752146.0,68896209.0
2016-01-20,25.46,26.17,25.1,25.75,2636346.0,67540890.0
2016-01-21,24.93,25.92,23.96,23.97,2235809.0,56203658.0
2016-01-22,24.36,25.01,23.96,24.77,1870025.0,45771548.0
2016-01-25,25.06,25.34,24.58,24.95,1533850.0,38339648.0
2016-01-26,24.56,24.62,22.45,22.45,2065100.0,48373881.0
2016-01-27,22.86,23.06,20.61,21.95,2084097.0,45360650.0
2016-01-28,21.73,22.01,20.17,20.66,1257090.0,26785427.0
2016-01-29,20.92,22.05,20.57,21.73,1449025.0,31010777.0
2016-02-01,21.73,22.39,21.45,22.05,1743057.0,38181691.0
2016-02-02,22.34,22.99,22.06,22.74,1848288.0,41802004.0
2016-02-03,22.48,22.74,21.06,22.55,1584194.0,35183328.0
2016-02-04,22.96,23.26,22.66,23.13,1881713.0,43203676.0
2016-02-05,23.13,23.33,22.74,22.85,1492899.0,34222622.0
2016-02-15,21.38,23.04,21.36,22.62,1413400.0,31351112.0
2016-02-16,22.71,23.89,22.71,23.81,2224171.0,52067042.0
2016-02-17,23.81,24.23,23.37,24.2,2237997.0,53346975.0
2016-02-18,24.3,24.56,23.76,23.89,2281200.0,54642548.0
2016-02-19,23.93,24.11,23.66,24.0,1652498.0,39409072.0
2016-02-22,24.25,24.71,24.18,24.69,1969994.0,47998135.0
2016-02-23,24.67,25.56,24.59,25.47,3848776.0,97075652.0
2016-02-24,25.17,25.27,24.43,25.0,2454748.0,60877766.0
2016-02-25,25.06,25.06,22.5,22.5,2460647.0,57865334.0
2016-02-26,23.05,23.05,21.61,22.27,1602749.0,35806588.0
2016-02-29,22.26,22.38,20.09,20.27,1976254.0,40617688.0
2016-03-01,20.55,21.14,19.89,20.88,1471937.0,30219416.0
2016-03-03,22.96,22.96,22.96,22.96,276584.0,6333774.0
2016-03-04,24.07,25.06,23.67,23.99,5952490.0,144224875.0
2016-03-07,23.61,24.86,23.58,24.49,4400007.0,106753797.0
2016-03-08,24.07,24.07,22.06,23.81,3908391.0,90171170.0
2016-03-09,23.06,23.31,22.22,22.72,1881672.0,42957873.0
2016-03-10,23.02,23.74,22.76,22.87,2008949.0,46514486.0
2016-03-11,22.51,22.71,21.88,22.32,2027274.0,45026300.0
2016-03-14,22.74,23.76,22.32,23.45,3764176.0,87142096.0
2016-03-15,23.26,23.54,22.51,22.83,3080359.0,70626292.0
2016-03-16,23.14,23.24,22.16,22.37,1783899.0,40217333.0
2016-03-17,22.63,23.44,22.46,23.39,3327718.0,76427057.0
2016-03-18,23.49,24.73,23.48,24.42,5788596.0,140025317.0
2016-03-21,24.7,25.33,24.53,25.1,5820177.0,144344405.0
2016-03-22,24.77,25.19,24.47,24.91,4731549.0,117204350.0
2016-03-23,24.58,26.95,24.58,26.62,8018125.0,207386965.0
2016-03-24,26.27,28.05,25.88,26.72,9159960.0,247174660.0
2016-03-25,26.24,27.25,25.87,26.46,5780562.0,153111134.0
2016-03-28,26.58,27.46,25.89,26.05,3892389.0,103804076.0
2016-03-29,25.97,26.25,24.87,24.97,3758593.0,95197037.0
2016-03-30,25.42,26.73,25.32,26.71,4293813.0,111391731.0
2016-03-31,27.07,27.35,26.34,26.48,4872398.0,130297439.0
2016-04-01,26.32,27.2,26.12,27.15,5184659.0,138414368.0
2016-04-05,27.27,28.28,26.75,28.0,6220647.0,171363683.0
2016-04-06,27.88,28.88,27.61,28.39,6185458.0,174261015.0
2016-04-07,28.65,29.37,27.93,28.02,7092887.0,203770476.0
2016-04-08,27.57,27.88,26.97,27.56,4625585.0,126385629.0
2016-04-11,27.95,28.53,27.78,27.93,3810312.0,107001265.0
2016-04-12,27.98,28.02,26.77,27.17,3908431.0,106221557.0
2016-04-13,27.56,27.95,27.27,27.43,4138512.0,114229623.0
2016-04-14,27.74,28.18,27.36,28.14,3462455.0,95753544.0
2016-04-15,28.07,28.09,27.6,27.74,2779009.0,77049600.0
2016-04-18,27.57,27.57,26.72,26.95,2992350.0,80781465.0
2016-04-19,27.15,27.26,26.5,26.85,2781570.0,74430819.0
2016-04-20,26.99,27.07,24.62,25.0,4493196.0,114744824.0
2016-04-21,24.98,25.26,24.65,24.7,2482933.0,61871762.0
2016-04-22,24.57,25.27,24.48,25.23,2399238.0,59858777.0
2016-04-25,25.07,25.27,24.74,25.2,1557073.0,38823649.0
2016-04-26,25.07,25.47,24.75,25.45,2924338.0,73174003.0
2016-04-27,25.47,26.02,25.42,25.53,2853782.0,72981327.0
2016-04-28,25.42,25.57,24.67,25.32,2308911.0,57833020.0
2016-04-29,25.17,25.52,24.96,25.27,1589627.0,40069280.0
2016-05-03,25.23,26.07,25.0,26.04,3309126.0,84742852.0
2016-05-04,26.04,26.4,25.78,26.23,3082138.0,80371676.0
2016-05-05,26.15,26.82,25.98,26.8,3608470.0,95204185.0
2016-05-06,26.8,27.43,25.78,25.8,5412993.0,144312247.0
2016-05-09,25.07,25.71,24.53,24.62,3152043.0,78125227.0
2016-05-10,24.64,25.01,24.57,24.68,1459851.0,36073270.0
2016-05-11,24.88,24.97,23.99,24.05,2016410.0,49127762.0
2016-05-12,23.56,23.86,23.13,23.82,1658536.0,38917614.0
2016-05-13,23.84,24.16,23.3,23.46,1499769.0,35556443.0
2016-05-16,23.46,24.36,23.29,24.27,1792378.0,42593628.0
2016-05-17,24.27,24.5,23.72,24.05,1498595.0,35997239.0
2016-05-18,23.82,23.98,22.97,23.25,1740450.0,40618869.0
2016-05-19,23.14,23.86,23.14,23.3,1275307.0,29977353.0
2016-05-20,23.22,23.8,23.06,23.75,1171106.0,27436634.0
2016-05-23,23.84,24.36,23.84,24.25,1685342.0,40618820.0
2016-05-24,24.25,24.25,23.54,23.81,1383816.0,32848057.0
2016-05-25,24.07,24.18,23.66,23.91,1285678.0,30714809.0
2016-05-26,23.86,24.01,23.11,23.96,1420190.0,33399461.0
2016-05-27,23.94,24.21,23.71,24.05,2031859.0,48668730.0
2016-05-30,23.86,24.27,23.67,23.94,1452762.0,34712587.0
2016-05-31,23.84,25.27,23.84,25.19,3875961.0,95810350.0
2016-06-01,25.31,25.66,25.2,25.52,3716767.0,94206944.0
2016-06-02,25.66,26.77,25.66,26.64,5511859.0,145525424.0
2016-06-03,26.75,27.14,26.27,27.0,5280744.0,140727905.0
2016-06-06,27.02,27.22,26.39,26.64,3177656.0,84541190.0
2016-06-07,26.66,28.45,26.66,28.07,6975344.0,192133221.0
2016-06-08,28.05,28.05,27.1,27.59,4752814.0,130484869.0
2016-06-13,26.95,26.97,24.97,25.0,5023600.0,131082402.0
2016-06-14,25.0,25.66,24.77,25.48,2402995.0,60768422.0
2016-06-15,24.97,26.75,24.87,26.58,3944353.0,103270799.0
2016-06-16,27.67,27.95,26.79,27.05,5194812.0,141460483.0
2016-06-17,27.12,29.21,27.12,28.44,7827171.0,220030701.0
2016-06-20,28.48,28.68,27.48,28.37,5328262.0,148814733.0
2016-06-21,28.38,28.68,26.99,27.27,5627935.0,156172703.0
2016-06-22,27.77,28.02,26.79,27.8,4644577.0,63499888.0
2016-06-23,27.15,27.35,26.49,26.69,9285867.0,123795247.0
2016-06-24,26.37,27.25,24.78,26.34,8322381.0,109051479.0
2016-06-27,25.9,27.11,25.88,26.99,7579353.0,100319114.0
2016-06-28,26.67,27.35,26.43,27.27,8061350.0,108051365.0
2016-06-29,27.27,27.57,26.87,27.01,5862001.0,78915608.0
2016-06-30,27.09,28.12,26.99,27.96,10357706.0,141866832.0
2016-07-01,27.69,27.91,26.77,26.81,12947629.0,175304286.0
2016-07-04,26.32,27.63,26.32,27.23,8273712.0,111412998.0
2016-07-05,27.17,27.51,26.75,27.23,7423353.0,99994597.0
2016-07-06,27.25,29.22,27.07,28.6,20866071.0,293570027.0
2016-07-07,28.48,29.93,28.08,29.73,25199417.0,365532947.0
2016-07-08,29.32,29.67,28.88,29.02,18151823.0,263181982.0
2016-07-11,29.02,29.59,28.68,29.08,11359593.0,164603822.0
2016-07-12,28.9,29.32,28.24,29.26,10652944.0,152632459.0
2016-07-13,29.26,29.67,28.82,29.18,10004685.0,145446905.0
2016-07-14,29.26,29.26,28.64,28.9,6348488.0,91038697.0
2016-07-15,28.94,29.02,28.36,28.56,6210923.0,88344834.0
2016-07-18,28.56,28.66,27.88,28.02,5793857.0,81010543.0
2016-07-19,28.08,28.52,27.93,28.46,5042986.0,70835770.0
2016-07-20,28.46,29.67,28.18,28.92,11274529.0,162373093.0
2016-07-21,29.16,29.55,28.88,29.02,10234548.0,148508142.0
2016-07-22,28.98,29.08,28.34,28.36,7078302.0,100477233.0
2016-07-25,28.2,29.36,28.2,29.32,10890946.0,156255316.0
2016-07-26,29.18,29.67,28.98,29.41,9186487.0,133829789.0
2016-07-27,29.34,29.5,26.87,27.01,14123893.0,196794705.0
2016-07-28,27.05,27.39,26.23,26.63,6897002.0,91938009.0
2016-07-29,26.81,26.93,26.3,26.57,3498001.0,46162112.0
2016-08-01,26.37,26.41,25.26,25.7,5073650.0,64621237.0
2016-08-02,25.06,26.02,25.06,25.96,2808398.0,36031139.0
2016-08-03,25.84,26.04,25.72,26.0,2775094.0,35711304.0
2016-08-04,26.0,26.27,25.82,26.14,2809823.0,36404994.0
2016-08-05,26.47,26.47,25.68,25.76,2940892.0,37977461.0
2016-08-08,25.58,26.14,25.12,26.08,3546239.0,45162142.0
2016-08-09,26.02,26.43,25.96,26.32,3054052.0,39791099.0
2016-08-10,26.41,26.73,26.16,26.29,3595919.0,47270720.0
2016-08-11,26.0,26.29,25.54,25.6,2997580.0,38555693.0
2016-08-12,25.6,25.86,25.32,25.82,3053636.0,38830947.0
2016-08-15,25.76,26.53,25.68,26.51,4493666.0,58540725.0
2016-08-16,26.57,26.77,26.3,26.51,4382742.0,57703975.0
2016-08-17,26.51,27.07,26.43,26.77,3854607.0,51106845.0
2016-08-18,26.91,26.97,26.49,26.57,3858010.0,51211641.0
2016-08-19,26.36,26.73,26.32,26.61,3373837.0,44480258.0
2016-08-22,26.63,26.73,25.96,26.0,2788990.0,36453061.0
2016-08-23,26.1,26.32,25.68,25.82,2834900.0,36644402.0
2016-08-24,25.92,26.89,25.92,26.55,6119079.0,80701276.0
2016-08-25,26.39,26.53,25.88,26.16,4148811.0,53815469.0
2016-08-26,26.23,26.81,26.12,26.55,4075078.0,53669409.0
2016-08-29,26.49,26.77,26.49,26.75,3073859.0,40707628.0
2016-08-30,26.85,26.93,26.53,26.73,3560700.0,47230171.0
2016-08-31,26.71,26.83,26.39,26.73,2423097.0,32091996.0
2016-09-01,26.73,26.87,26.3,26.34,3393490.0,44883172.0
2016-09-02,26.39,26.61,26.23,26.3,2982381.0,39142974.0
2016-09-05,26.34,26.81,26.34,26.65,3456392.0,45808051.0
2016-09-06,26.75,27.05,26.41,26.95,4948805.0,65968617.0
2016-09-07,27.03,27.11,26.71,26.77,4299530.0,57532850.0
2016-09-08,26.73,27.33,26.71,27.31,4525701.0,60750674.0
2016-09-09,27.31,27.33,26.81,26.83,4369867.0,58709243.0
2016-09-12,26.36,26.36,25.56,25.62,4368244.0,56406933.0
2016-09-13,25.8,26.0,25.46,25.8,2660172.0,33966468.0
2016-09-14,25.58,25.9,25.38,25.74,2413990.0,30753836.0
2016-09-19,25.8,26.36,25.68,26.16,2562298.0,33157706.0
2016-09-20,26.16,26.27,25.88,25.98,1826875.0,23599915.0
2016-09-21,25.88,26.27,25.88,26.1,1805900.0,23453128.0
2016-09-22,26.27,26.37,26.04,26.08,1961644.0,25527268.0
2016-09-23,26.12,26.45,26.1,26.16,2416889.0,31513111.0
2016-09-26,26.34,26.34,25.2,25.24,3343400.0,42721382.0
2016-09-27,25.22,25.64,25.22,25.6,1575299.0,19878233.0
2016-09-28,25.56,25.84,25.56,25.72,1446513.0,18454922.0
2016-09-29,25.72,25.82,25.52,25.6,1790626.0,22821986.0
2016-09-30,25.62,25.76,25.52,25.7,1456660.0,18569826.0
2016-10-10,25.86,26.29,25.8,26.18,3090089.0,40007940.0
2016-10-11,26.29,26.29,25.98,26.18,3046058.0,39545671.0
2016-10-12,26.14,26.71,26.0,26.69,4602902.0,60312123.0
2016-10-13,26.57,26.67,26.41,26.55,2983152.0,39298302.0
2016-10-14,26.53,26.53,26.16,26.37,2073979.0,27095935.0
2016-10-17,26.39,26.65,26.06,26.12,2616205.0,34335482.0
2016-10-18,26.12,26.61,26.08,26.59,2997515.0,39304061.0
2016-10-19,26.57,26.71,26.23,26.45,2595594.0,34171645.0
2016-10-20,26.49,27.23,26.32,27.09,7282180.0,97250209.0
2016-10-21,26.87,27.17,26.36,26.69,5169625.0,68651583.0
2016-10-24,26.67,26.93,26.47,26.77,3545599.0,47116332.0
2016-10-25,26.77,27.07,26.69,26.95,3398185.0,45460863.0
2016-10-26,26.89,26.93,26.55,26.63,3699146.0,49060273.0
2016-10-27,26.51,26.85,26.51,26.83,2676172.0,35541176.0
2016-10-28,26.91,27.03,26.59,26.71,3423370.0,45579342.0
2016-10-31,26.53,26.53,25.76,26.16,4190751.0,54407266.0
2016-11-01,26.16,26.34,25.9,26.34,5059786.0,65600142.0
2016-11-02,26.18,26.47,26.02,26.16,4309702.0,56095412.0
2016-11-03,26.1,26.53,26.02,26.41,4346083.0,56807233.0
2016-11-04,26.47,27.67,26.37,27.63,18296404.0,247593587.0
2016-11-07,27.77,28.12,27.09,27.35,11889044.0,161935239.0
2016-11-08,27.31,27.47,27.07,27.43,6970790.0,94415609.0
2016-11-09,27.25,27.41,26.41,26.85,7643874.0,102110591.0
2016-11-10,27.13,27.51,26.89,27.37,7674041.0,103962475.0
2016-11-11,27.27,27.75,27.21,27.43,8011023.0,109135818.0
2016-11-14,27.43,28.04,27.43,27.69,8512729.0,117278827.0
2016-11-15,27.67,28.3,27.37,28.28,10883802.0,150783518.0
2016-11-16,28.36,28.48,27.91,27.98,9335568.0,130790563.0
2016-11-17,27.82,28.14,27.59,28.06,5774065.0,80186101.0
2016-11-18,27.96,28.08,27.53,27.61,5344339.0,73823117.0
2016-11-21,27.67,27.91,27.51,27.65,4400337.0,60531590.0
2016-11-22,27.73,30.41,27.67,29.12,24775338.0,362816407.0
2016-11-23,29.02,29.08,28.32,28.52,14641522.0,208434203.0
2016-11-24,28.52,29.24,28.38,28.62,12041865.0,172101025.0
2016-11-25,28.6,28.96,27.77,28.52,8172155.0,115130491.0
2016-11-28,28.42,28.58,28.0,28.14,5798322.0,81507843.0
2016-11-29,28.22,28.38,27.27,27.69,6833138.0,94547524.0
2016-11-30,27.65,27.77,27.23,27.45,3539431.0,48333474.0
2016-12-01,27.47,27.61,27.27,27.53,3382055.0,46133427.0
2016-12-02,27.53,27.65,26.53,26.55,5102214.0,68378171.0
2016-12-05,26.45,26.93,26.2,26.65,2399250.0,31764327.0
2016-12-06,26.79,26.87,26.53,26.73,2172363.0,28812807.0
2016-12-07,26.65,27.09,26.65,27.05,2243889.0,29948850.0
2016-12-08,27.11,27.11,26.37,26.47,2257499.0,30135038.0
2016-12-09,26.55,26.73,26.16,26.41,2953012.0,38776677.0
2016-12-12,26.25,26.47,24.41,24.51,5851686.0,73500488.0
2016-12-13,24.53,24.88,24.23,24.64,2736375.0,33319531.0
2016-12-14,24.66,24.68,24.01,24.13,3368956.0,40685109.0
2016-12-15,24.15,24.66,24.05,24.47,2381020.0,28880613.0
2016-12-16,24.49,24.9,24.37,24.84,2713151.0,33323927.0
2016-12-19,24.84,25.0,24.59,24.75,2087041.0,25694868.0
2016-12-20,25.16,25.16,24.75,24.9,2283348.0,28291757.0
2016-12-21,24.8,25.42,24.8,25.3,2327091.0,29150776.0
2016-12-22,25.36,25.48,25.06,25.28,1798584.0,22530259.0
2016-12-23,25.42,25.42,24.73,24.75,1871363.0,23258154.0
2016-12-26,24.75,25.12,24.37,24.98,2408684.0,29444734.0
2016-12-27,24.88,25.26,24.8,24.98,1818689.0,22644220.0
2016-12-28,24.82,25.2,24.82,24.88,1901470.0,23647754.0
2016-12-29,24.92,25.14,24.73,24.8,1941516.0,24027832.0
2016-12-30,24.86,25.02,24.75,24.86,1613930.0,19942268.0
2017-01-03,25.08,25.5,24.9,25.44,3226664.0,40486660.0
2017-01-04,25.3,25.7,25.16,25.6,2938544.0,37158195.0
2017-01-05,25.52,25.66,25.38,25.58,2301502.0,29208820.0
2017-01-06,25.58,25.78,25.2,25.28,2620270.0,33223569.0
2017-01-09,25.28,25.68,25.2,25.6,2274098.0,28798193.0
2017-01-10,25.92,25.92,25.38,25.42,2281632.0,29091824.0
2017-01-11,25.52,25.74,25.12,25.14,2309251.0,29145203.0
2017-01-12,25.14,25.26,24.64,24.66,1682006.0,20862494.0
2017-01-13,24.7,24.86,24.09,24.11,2830681.0,34331129.0
2017-01-16,24.35,24.35,21.9,22.5,3723948.0,42652262.0
2017-01-17,22.62,22.96,22.12,22.92,2388417.0,26829261.0
2017-01-18,22.88,23.14,22.54,22.92,1727562.0,19722744.0
2017-01-19,22.94,22.94,22.5,22.52,1198982.0,13527887.0
2017-01-20,22.56,23.33,22.56,23.14,1779520.0,20364007.0
2017-01-23,23.27,23.85,23.02,23.73,2139775.0,25067890.0
2017-01-24,23.71,24.07,23.59,23.67,2102305.0,24912715.0
2017-01-25,23.73,24.05,23.57,24.01,1513170.0,18004984.0
2017-01-26,23.93,24.25,23.85,23.91,1334325.0,15898321.0
2017-02-03,23.91,23.91,23.35,23.61,1271922.0,14874220.0
2017-02-06,23.55,24.29,23.51,24.21,1919647.0,22893754.0
2017-02-07,24.23,24.29,23.99,24.13,1195290.0,14320079.0
2017-02-08,24.01,24.47,23.95,24.43,1196583.0,14438731.0
2017-02-09,24.43,24.82,24.43,24.47,1711400.0,20963879.0
2017-02-10,24.59,24.75,24.45,24.53,1373763.0,16784678.0
2017-02-13,24.66,24.86,24.41,24.61,1997885.0,24487741.0
2017-02-14,24.8,24.8,24.41,24.51,1446011.0,17622024.0
2017-02-15,24.41,24.59,23.89,23.99,2634598.0,31766021.0
2017-02-16,24.11,24.41,23.97,24.13,2059846.0,24740800.0
2017-02-17,24.01,24.33,23.77,23.85,2106605.0,25169974.0
2017-02-20,23.79,24.31,23.79,24.29,2360853.0,28199481.0
2017-02-21,24.41,24.55,24.11,24.37,3803615.0,45792419.0
2017-02-22,24.49,24.51,24.15,24.29,3103160.0,37468661.0
2017-02-23,24.29,24.68,24.21,24.49,3060112.0,37050108.0
2017-02-24,24.49,24.59,24.39,24.55,2184087.0,26592495.0
2017-02-27,24.61,24.66,24.15,24.15,2190684.0,26453271.0
2017-02-28,24.17,24.27,24.11,24.23,2130896.0,25602855.0
2017-03-01,24.23,24.47,24.17,24.29,2443000.0,29543338.0
2017-03-02,24.53,24.53,24.17,24.21,1940975.0,23456420.0
2017-03-03,24.21,24.37,24.03,24.33,2260402.0,27182779.0
2017-03-06,24.27,24.84,24.25,24.8,3756633.0,46031713.0
2017-03-07,24.82,25.04,24.66,25.02,3134275.0,38626648.0
2017-03-08,24.94,25.0,24.61,24.7,2322387.0,28594647.0
2017-03-09,24.55,25.1,24.55,24.94,3599518.0,44477592.0
2017-03-10,24.92,24.92,24.37,24.49,2724660.0,33278950.0
2017-03-13,24.47,25.82,24.31,25.4,5646953.0,70102108.0
2017-03-14,24.92,27.49,24.92,26.65,18638088.0,244609673.0
2017-03-15,26.18,26.49,25.68,26.3,13625433.0,176236547.0
2017-03-16,26.1,26.87,26.02,26.69,11055564.0,144798903.0
2017-03-17,26.57,27.47,26.39,26.41,14981459.0,200463432.0
2017-03-20,26.18,26.34,25.62,26.0,8928323.0,115033823.0
2017-03-21,25.94,26.1,25.76,26.04,5058037.0,65108712.0
2017-03-22,25.78,25.92,25.2,25.52,5386671.0,68290150.0
2017-03-23,25.58,25.66,24.92,25.34,5215542.0,65598226.0
2017-03-24,25.26,25.44,25.08,25.4,4073889.0,51117354.0
2017-03-27,25.42,26.04,25.4,26.02,6517681.0,83444175.0
2017-03-28,25.92,26.08,25.46,25.58,4055814.0,51805765.0
2017-03-29,25.5,25.68,24.98,25.06,4702091.0,58898380.0
2017-03-30,25.02,25.12,23.95,24.07,5055060.0,61457394.0
2017-03-31,24.07,24.49,24.07,24.41,2402639.0,29030398.0
2017-04-05,24.45,25.12,24.35,24.76,3093115.0,38044242.0
2017-04-06,24.76,25.08,24.68,24.76,2930410.0,36117857.0
2017-04-07,24.82,25.04,24.61,24.71,3073493.0,37904678.0
2017-04-10,24.45,24.73,23.95,24.05,3737555.0,44859121.0
2017-04-11,24.15,24.33,23.59,24.21,3897290.0,46394321.0
2017-04-12,24.15,24.15,23.67,23.73,2941875.0,34933483.0
2017-04-13,23.55,23.93,23.55,23.77,1729744.0,20444699.0
2017-04-14,23.67,23.85,23.07,23.12,3205339.0,37161207.0
2017-04-17,22.94,23.02,22.2,22.56,2651432.0,29808211.0
2017-04-18,22.7,22.7,22.32,22.58,1799552.0,20162315.0
2017-04-19,22.36,22.52,21.92,22.34,3135220.0,34483701.0
2017-04-20,22.34,22.6,21.96,22.22,2014091.0,22233606.0
2017-04-21,22.22,22.34,22.0,22.04,1600796.0,17603985.0
2017-04-24,22.0,22.0,20.77,20.79,2503292.0,26425183.0
2017-04-25,20.89,21.13,20.79,21.01,1239856.0,12920727.0
2017-04-26,21.01,21.27,20.93,21.23,1290604.0,13567162.0
2017-04-27,21.13,21.41,20.23,21.31,2814020.0,29142817.0
2017-04-28,21.41,21.48,21.17,21.33,1575555.0,16696078.0
2017-05-02,21.43,21.7,21.33,21.54,1602524.0,17165424.0
2017-05-03,21.54,21.8,21.41,21.7,1573065.0,16875306.0
2017-05-04,21.7,21.88,21.43,21.6,1303319.0,14042483.0
2017-05-05,21.54,21.82,21.33,21.45,1247248.0,13398641.0
2017-05-08,21.37,21.54,20.57,20.65,1754400.0,18368720.0
2017-05-09,20.65,21.05,20.45,20.95,1317671.0,13572273.0
2017-05-10,21.01,21.19,20.73,20.75,1453797.0,15152642.0
2017-05-11,20.55,20.87,20.13,20.65,1858691.0,18921666.0
2017-05-12,20.57,20.69,20.23,20.49,1648586.0,16752362.0
2017-05-15,20.49,20.75,20.23,20.47,1994141.0,20294955.0
2017-05-16,20.31,21.11,20.15,21.11,2568258.0,26308908.0
2017-05-17,21.03,21.5,20.93,21.03,2583261.0,27289637.0
2017-05-18,20.85,21.68,20.81,21.52,2660530.0,28292189.0
2017-05-19,21.54,21.7,21.19,21.5,1678290.0,17842872.0
2017-05-22,21.54,21.58,20.57,20.75,2471300.0,25932894.0
2017-05-23,20.73,20.73,19.12,19.28,3186189.0,31842802.0
2017-05-24,19.22,19.64,19.14,19.6,1846981.0,17787764.0
2017-05-25,19.68,20.05,19.16,19.89,1939584.0,18891251.0
2017-05-26,19.84,20.03,19.76,19.82,1265192.0,12498887.0
2017-05-31,20.25,20.25,19.78,19.82,1370516.0,13628622.0
2017-06-01,19.68,19.76,18.76,18.78,1982119.0,18953744.0
2017-06-02,18.76,19.1,18.15,18.84,2677687.0,24784820.0
2017-06-05,18.56,19.1,18.54,19.08,1604718.0,15114540.0
2017-06-06,19.06,19.08,18.76,19.06,1232269.0,11611497.0
2017-06-07,19.12,19.74,18.89,19.7,2165132.0,20771195.0
2017-06-08,19.68,19.97,19.46,19.62,1967690.0,19180251.0
2017-06-09,19.52,19.93,19.36,19.56,1761677.0,17010524.0
2017-06-12,19.56,19.62,18.87,19.06,1386305.0,13235277.0
2017-06-13,19.02,19.52,18.91,19.44,1822770.0,17389779.0
2017-06-14,19.44,19.68,19.34,19.62,1531058.0,14796975.0
2017-06-15,19.46,20.19,19.46,20.01,2411133.0,23771271.0
2017-06-16,20.01,20.21,19.82,19.93,1293611.0,12745363.0
2017-06-19,19.93,20.17,19.82,20.15,1687042.0,16726655.0
2017-06-20,20.17,20.63,20.17,20.27,2252619.0,22735907.0
2017-06-21,20.33,20.37,19.93,20.15,1585143.0,15767861.0
2017-06-22,20.13,22.17,20.13,22.17,24257934.0,263621876.0
2017-06-23,22.01,22.43,21.36,21.46,18753336.0,202441040.0
2017-06-26,21.63,22.03,21.44,21.83,11089061.0,119035617.0
2017-06-27,21.65,21.73,20.96,21.16,11385367.0,119857137.0
2017-06-28,21.04,21.28,20.92,21.16,6249300.0,65239485.0
2017-06-29,21.1,21.75,21.0,21.63,9012708.0,95618681.0
2017-06-30,21.38,21.5,20.98,21.04,6131067.0,64379610.0
2017-07-03,21.12,21.42,20.68,21.36,5440541.0,56431863.0
2017-07-04,21.24,21.59,21.04,21.52,4840621.0,51007539.0
2017-07-05,21.52,21.69,21.26,21.67,5801355.0,61705922.0
2017-07-06,21.57,21.67,21.28,21.46,5423460.0,57562550.0
2017-07-07,21.57,22.86,21.48,22.43,13873558.0,152728043.0
2017-07-10,22.15,22.25,21.67,21.83,8037305.0,87186206.0
2017-07-11,21.87,21.87,21.26,21.3,4771000.0,50608922.0
2017-07-12,21.24,21.4,20.63,20.98,4478350.0,46251425.0
2017-07-13,20.96,21.34,20.94,21.18,2971388.0,31071778.0
2017-07-14,21.22,21.22,20.55,20.57,3378100.0,34722987.0
2017-07-17,20.33,20.39,18.51,18.55,5941119.0,56269327.0
2017-07-18,18.77,19.54,18.61,19.24,3677634.0,34635368.0
2017-07-19,19.14,19.58,19.04,19.54,3053266.0,29169421.0
2017-07-20,19.54,19.89,19.38,19.48,2782833.0,27050041.0
2017-07-21,19.82,21.16,19.8,20.33,7226551.0,73565638.0
2017-07-24,20.09,20.35,19.84,20.33,3961278.0,39362588.0
2017-07-25,20.25,20.47,20.03,20.27,2728873.0,27303810.0
2017-07-26,20.23,20.45,19.99,20.29,2457473.0,24462098.0
2017-07-27,20.33,21.24,20.07,21.0,6620219.0,67895023.0
2017-07-28,20.84,21.22,20.74,20.82,3663043.0,37903571.0
2017-07-31,20.84,21.18,20.63,20.92,3054449.0,31578825.0
2017-08-01,20.88,21.04,20.57,20.71,3011500.0,30944778.0
2017-08-02,20.7,20.8,20.03,20.09,3556200.0,35847351.0
2017-08-03,20.13,20.53,19.87,20.19,2391941.0,23872839.0
2017-08-04,20.03,20.33,20.01,20.09,1713505.0,17076420.0
2017-08-07,20.11,20.29,19.95,20.11,1988642.0,19784610.0
2017-08-08,20.03,20.51,20.03,20.49,2267125.0,22783113.0
2017-08-09,20.49,20.61,20.31,20.41,1919323.0,19400733.0
2017-08-10,20.43,20.55,19.89,20.11,2384541.0,23856198.0
2017-08-11,20.03,20.09,19.56,19.64,2709524.0,26463901.0
2017-08-14,19.72,20.11,19.64,20.05,2322400.0,22930660.0
2017-08-15,20.01,20.49,20.01,20.35,2870496.0,28882563.0
2017-08-16,20.37,20.78,20.15,20.63,3883400.0,39296730.0
2017-08-17,20.45,21.79,20.43,21.34,9385429.0,98408425.0
2017-08-18,21.02,21.14,20.86,20.92,4484104.0,46503250.0
2017-08-21,20.84,21.44,20.84,21.26,3684766.0,38581110.0
2017-08-22,21.26,21.34,20.82,20.92,2982700.0,30946618.0
2017-08-23,20.9,21.34,20.84,20.86,3342802.0,34904016.0
2017-08-24,20.84,21.14,20.53,20.74,2716537.0,27914563.0
2017-08-25,20.66,21.14,20.66,21.06,2804600.0,29071009.0
2017-08-28,21.44,21.5,21.06,21.32,4839030.0,50850712.0
2017-08-29,21.1,21.34,21.04,21.16,3180145.0,33242241.0
2017-08-30,21.14,21.38,21.06,21.18,3480200.0,36517001.0
2017-08-31,21.26,21.65,21.2,21.52,5352040.0,56781155.0
2017-09-01,21.59,21.65,21.28,21.59,4510782.0,47896546.0
2017-09-04,21.59,22.39,21.46,22.05,8334846.0,90844669.0
2017-09-05,22.05,22.31,21.85,22.23,6000920.0,65568559.0
2017-09-06,22.05,22.21,21.67,22.07,5050348.0,54804237.0
2017-09-07,22.09,22.41,21.61,21.69,5984121.0,64989493.0
2017-09-08,21.61,21.79,21.38,21.75,4063257.0,43326695.0
2017-09-11,21.73,22.62,21.63,22.54,8676926.0,95548749.0
2017-09-12,22.54,22.68,22.19,22.33,6664145.0,73716670.0
2017-09-13,22.23,22.43,22.11,22.27,3223756.0,35453107.0
2017-09-14,22.35,22.35,21.69,21.85,4497612.0,49055480.0
2017-09-15,21.85,22.05,21.63,21.69,2803979.0,30132650.0
2017-09-18,21.81,22.01,21.69,21.99,2450871.0,26462824.0
2017-09-19,21.97,22.05,21.48,21.67,2518800.0,27130465.0
2017-09-20,21.67,21.87,21.5,21.85,2201537.0,23645244.0
2017-09-21,21.83,22.33,21.77,21.85,4070525.0,44466355.0
2017-09-22,21.77,21.83,21.4,21.81,2812637.0,30069440.0
2017-09-25,21.81,21.93,21.14,21.36,2364000.0,25194055.0
2017-09-26,21.44,21.44,20.59,20.92,3248400.0,33716382.0
2017-09-27,20.84,21.12,20.7,21.04,1781600.0,18462150.0
2017-09-28,21.04,21.22,20.86,21.12,1606723.0,16759738.0
2017-09-29,21.04,21.55,21.04,21.52,1940635.0,20499268.0
2017-10-09,21.71,21.95,21.52,21.93,2977270.0,32005145.0
2017-10-10,21.97,22.07,21.81,22.05,2490500.0,27029815.0
2017-10-11,22.11,22.19,21.69,21.95,2576677.0,27896804.0
2017-10-12,22.03,22.11,21.69,22.09,2584760.0,28030752.0
2017-10-13,22.07,22.21,21.87,22.03,2513948.0,27406070.0
2017-10-16,22.01,22.07,21.14,21.18,3519785.0,37454093.0
2017-10-17,21.38,21.48,21.12,21.36,1345056.0,14178943.0
2017-10-18,21.42,21.44,20.86,20.98,1917389.0,20095676.0
2017-10-19,20.96,21.14,20.37,20.59,1980356.0,20244115.0
2017-10-20,20.66,20.98,20.47,20.88,1209341.0,12433258.0
2017-10-23,20.9,21.18,20.88,21.04,1166100.0,12100299.0
2017-10-24,21.06,21.06,20.49,20.74,1665800.0,17040353.0
2017-10-25,20.74,20.98,20.74,20.96,1359426.0,14024021.0
2017-10-26,20.96,21.14,20.86,21.02,1784880.0,18552885.0
2017-10-27,20.96,21.04,20.64,20.8,1509100.0,15552535.0
2017-10-30,20.78,20.78,19.85,19.91,3100057.0,30849456.0
2017-10-31,19.99,20.19,19.89,20.09,1421090.0,14093900.0
2017-11-01,20.17,20.37,20.11,20.25,1587676.0,15908459.0
2017-11-02,20.25,20.25,19.89,19.99,1514895.0,14984442.0
2017-11-03,19.99,20.27,19.8,20.01,1726600.0,17099968.0
2017-11-06,19.93,20.35,19.64,20.33,1831206.0,18217259.0
2017-11-07,20.33,20.45,20.21,20.35,1654571.0,16614295.0
2017-11-08,20.25,20.55,20.23,20.27,1786806.0,18032896.0
2017-11-09,20.29,20.49,20.25,20.47,1621140.0,16329511.0
2017-11-10,20.43,20.7,20.35,20.47,2471078.0,25096506.0
2017-11-13,20.39,20.47,20.07,20.21,1939667.0,19466443.0
2017-11-14,20.17,20.49,20.13,20.33,2179506.0,21857024.0
2017-11-15,20.25,20.31,19.85,20.07,2067700.0,20489431.0
2017-11-16,20.07,20.15,19.72,19.74,1723800.0,16998484.0
2017-11-17,19.66,19.79,18.41,18.57,4194951.0,39373725.0
2017-11-20,18.67,18.83,18.27,18.81,1769311.0,16257048.0
2017-11-21,18.81,18.91,18.41,18.61,1332000.0,12286246.0
2017-11-22,18.73,18.88,18.47,18.65,1372300.0,12660422.0
2017-11-23,18.63,18.63,17.88,17.9,2711600.0,24443375.0
2017-11-24,17.9,18.09,17.74,18.02,1472567.0,13046945.0
2017-11-27,18.0,18.09,17.72,17.92,1435910.0,12715282.0
2017-11-28,17.94,18.19,17.88,18.19,1297810.0,11555714.0
2017-11-29,18.25,18.25,17.72,17.96,1719925.0,15225403.0
2017-11-30,17.98,18.13,17.9,18.02,1189600.0,10599335.0
2017-12-01,17.94,18.21,17.94,18.11,1226267.0,10960462.0
2017-12-04,18.05,18.15,17.74,17.76,1830000.0,16282666.0
2017-12-05,17.76,17.86,16.51,16.77,3348870.0,28299877.0
2017-12-06,16.79,17.01,16.51,16.99,1691877.0,14015529.0
2017-12-07,17.07,17.07,16.75,16.81,1097130.0,9138408.0
2017-12-08,16.85,17.18,16.79,17.07,1292125.0,10870556.0
2017-12-11,17.11,17.36,16.95,17.32,1198838.0,10217915.0
2017-12-12,17.32,17.32,16.79,16.97,1115652.0,9423419.0
2017-12-13,16.87,17.24,16.87,17.2,930300.0,7867126.0
2017-12-14,17.2,17.32,17.09,17.28,972900.0,8287553.0
2017-12-15,17.38,17.44,17.16,17.26,911600.0,7787550.0
2017-12-18,17.2,17.2,16.89,17.05,1371900.0,11536102.0
2017-12-19,17.05,17.26,17.01,17.18,791800.0,6715150.0
2017-12-20,17.09,17.3,16.79,16.83,828900.0,6952536.0
2017-12-21,16.83,16.91,16.39,16.85,1043400.0,8623835.0
2017-12-22,16.89,16.97,16.75,16.83,632325.0,5267956.0
2017-12-25,16.83,16.89,16.43,16.49,858500.0,7029991.0
2017-12-26,16.49,16.77,16.39,16.73,1064025.0,8737999.0
2017-12-27,16.79,16.89,16.65,16.71,1036140.0,8593631.0
2017-12-28,16.71,16.91,16.65,16.83,1189916.0,9890344.0
2017-12-29,16.89,17.07,16.81,17.05,1105316.0,9239409.0
2018-01-02,17.09,17.11,16.81,17.03,1469000.0,12342999.0
2018-01-03,17.03,17.24,16.91,17.2,1616392.0,13667918.0
2018-01-04,17.18,18.17,17.14,17.56,4811252.0,42145663.0
2018-01-05,17.36,17.62,17.32,17.44,1635700.0,14135774.0
2018-01-08,17.44,17.48,17.07,17.22,1997747.0,16975039.0
2018-01-09,17.22,17.32,17.09,17.22,1118900.0,9511160.0
2018-01-10,17.22,17.26,16.79,16.95,1363777.0,11480538.0
2018-01-11,16.95,17.3,16.81,17.28,1349700.0,11399996.0
2018-01-12,17.28,17.5,17.14,17.18,1309000.0,11185979.0
2018-01-15,17.2,17.24,16.49,16.55,1998388.0,16528744.0
2018-01-16,16.55,16.69,16.51,16.67,1129000.0,9253560.0
2018-01-17,16.67,16.79,16.41,16.71,1441506.0,11827771.0
2018-01-18,16.67,16.73,16.55,16.65,1061847.0,8723374.0
2018-01-19,16.67,16.75,16.55,16.67,968988.0,7977441.0
2018-01-22,16.67,16.87,16.41,16.85,1532188.0,12643329.0
2018-01-23,16.85,16.97,16.69,16.83,1515687.0,12614104.0
2018-01-24,17.14,17.7,17.07,17.3,3939890.0,33882163.0
2018-01-25,17.01,17.3,16.95,17.07,2662712.0,22512363.0
2018-01-26,17.07,17.16,16.89,16.95,1646000.0,13835086.0
2018-01-29,16.95,17.01,16.59,16.69,1299899.0,10768919.0
2018-01-30,16.61,16.73,16.53,16.65,1135600.0,9334235.0
2018-01-31,16.67,16.89,16.47,16.55,1580899.0,13031371.0
2018-02-01,16.55,16.59,15.72,15.82,2654600.0,21127859.0
2018-02-02,15.78,15.88,15.38,15.6,1520438.0,11753203.0
2018-02-05,15.48,15.68,15.36,15.62,925400.0,7127509.0
2018-02-06,15.54,15.54,14.1,14.16,2585538.0,18911830.0
2018-02-07,14.38,14.67,13.86,14.28,1589772.0,11210600.0
2018-02-08,14.32,14.57,14.28,14.54,1010100.0,7223386.0
2018-02-09,14.24,14.28,13.96,14.1,1323722.0,9223364.0
2018-02-12,14.14,14.71,14.14,14.57,854300.0,6116774.0
2018-02-13,14.75,14.75,14.36,14.38,869600.0,6252007.0
2018-02-14,14.53,14.53,14.3,14.4,501000.0,3565073.0
2018-02-22,14.4,14.79,14.4,14.77,1283000.0,9251218.0
2018-02-23,14.77,14.85,14.63,14.79,1017400.0,7414295.0
2018-02-26,14.81,15.13,14.67,15.07,1244947.0,9190277.0
2018-02-27,15.13,15.31,14.93,14.99,1609600.0,12024008.0
2018-02-28,14.87,15.46,14.61,15.41,2700047.0,20179713.0
2018-03-01,15.27,15.84,15.19,15.62,3050647.0,23321439.0
2018-03-02,15.46,15.64,15.23,15.29,2235700.0,17038746.0
2018-03-05,15.21,16.45,15.17,16.25,5808811.0,45902957.0
2018-03-06,16.08,16.43,15.96,16.29,3443511.0,27422107.0
2018-03-07,16.33,16.59,15.84,15.98,3967000.0,31652522.0
2018-03-08,15.78,16.18,15.78,15.96,2862700.0,22564562.0
2018-03-09,15.94,16.53,15.84,16.49,3769447.0,30339552.0
2018-03-12,16.59,16.95,16.39,16.57,4336632.0,35688386.0
2018-03-13,16.61,16.73,16.39,16.49,2486407.0,20316289.0
2018-03-14,16.39,16.49,16.0,16.02,2449800.0,19659507.0
2018-03-15,15.94,16.1,15.64,15.96,1804507.0,14144799.0
2018-03-16,15.94,16.12,15.9,15.94,1078800.0,8532709.0
2018-03-19,15.94,16.57,15.8,16.37,2504080.0,20204765.0
2018-03-20,16.25,16.33,16.08,16.3,1577400.0,12630621.0
2018-03-21,16.3,16.51,16.08,16.16,2004900.0,16171543.0
2018-03-22,16.02,16.3,15.96,16.23,1500149.0,11941010.0
2018-03-23,15.78,15.78,14.61,14.71,3312102.0,24883078.0
2018-03-26,14.69,15.05,14.4,15.01,1632000.0,11896680.0
2018-03-27,15.11,15.78,15.11,15.56,1825378.0,13970030.0
2018-03-28,15.52,15.72,15.29,15.56,1724800.0,13256769.0
2018-03-29,15.58,16.0,15.58,15.98,2215300.0,17339624.0
2018-03-30,15.98,16.29,15.92,16.25,2023600.0,16145772.0
2018-04-02,16.18,16.69,16.14,16.57,3807900.0,31018501.0
2018-04-03,16.37,16.37,15.96,16.14,2137800.0,17108753.0
2018-04-04,16.18,16.69,15.98,16.06,2208400.0,17847569.0
2018-04-09,15.82,16.39,15.82,16.23,2268400.0,18137367.0
2018-04-10,16.33,16.89,15.92,16.77,3405400.0,27574947.0
2018-04-11,16.69,16.89,16.51,16.59,3716378.0,30641988.0
2018-04-12,16.49,16.67,16.37,16.43,2342092.0,19102432.0
2018-04-13,16.57,16.59,16.14,16.18,2008278.0,16242542.0
2018-04-16,16.08,16.3,15.98,16.3,2151100.0,17173710.0
2018-04-17,16.41,16.51,15.38,15.46,2746206.0,21502770.0
2018-04-18,15.54,16.02,15.31,15.84,2292200.0,17715997.0
2018-04-19,15.9,16.04,15.72,16.0,1454800.0,11438781.0
2018-04-20,15.94,16.12,15.5,15.54,1494300.0,11676964.0
2018-04-23,15.58,15.78,15.27,15.7,1247100.0,9606021.0
2018-04-24,15.72,16.47,15.58,16.47,3890100.0,31204017.0
2018-04-25,16.39,17.09,16.33,16.67,5406338.0,44745214.0
2018-04-26,16.51,16.73,16.33,16.47,2836932.0,23144847.0
2018-04-27,16.47,16.59,16.22,16.25,2372832.0,19213166.0
2018-05-02,16.35,17.6,16.22,17.14,8433074.0,70830250.0
2018-05-03,17.01,17.24,16.63,17.24,5434709.0,45512036.0
2018-05-04,17.01,17.11,16.57,16.61,4064102.0,33897212.0
2018-05-07,16.73,18.27,16.69,17.8,13732454.0,121834072.0
2018-05-08,17.42,17.9,17.36,17.88,9469651.0,82478643.0
2018-05-09,18.15,18.57,17.64,17.76,7708333.0,68482277.0
2018-05-10,17.76,18.13,17.6,18.09,7336501.0,64936396.0
2018-05-11,18.0,18.11,17.36,17.58,4346000.0,37881688.0
2018-05-14,17.34,17.76,17.34,17.6,2231700.0,19358505.0
2018-05-15,17.6,17.74,17.09,17.5,3216362.0,27755566.0
2018-05-16,17.38,17.62,17.22,17.36,1915200.0,16441874.0
2018-05-17,17.36,17.46,17.03,17.46,1731800.0,14802355.0
2018-05-18,17.46,17.62,17.28,17.6,1751167.0,15118028.0
2018-05-21,17.7,17.92,17.54,17.78,3331600.0,29227296.0
2018-05-22,17.76,17.8,17.34,17.56,2668300.0,23113088.0
2018-05-23,17.48,17.48,17.05,17.11,2384000.0,20427519.0
2018-05-24,17.11,17.24,16.97,17.01,2515939.0,21307869.0
2018-05-25,16.99,17.22,16.85,16.89,1787478.0,15048651.0
2018-05-28,16.99,17.05,16.55,16.83,1415200.0,11803427.0
2018-05-29,16.81,17.01,16.63,16.85,1514200.0,12616028.0
2018-05-30,16.71,16.71,16.02,16.16,2326400.0,18940141.0
2018-05-31,16.29,16.39,16.04,16.25,2080600.0,16702187.0
2018-06-01,16.18,16.29,15.68,15.86,2856739.0,22525049.0
2018-06-04,15.8,16.02,15.62,15.74,1235800.0,9646138.0
2018-06-05,15.94,16.06,15.75,16.06,1005000.0,7729419.0
2018-06-06,16.1,16.23,15.94,16.06,1238400.0,9619446.0
2018-06-07,16.21,17.68,16.21,17.68,11175230.0,94920684.0
2018-06-08,17.53,18.32,17.2,17.99,17774470.0,152904605.0
2018-06-11,17.59,17.76,17.14,17.64,8649580.0,72905365.0
2018-06-12,17.53,17.53,16.97,17.41,7359531.0,61412355.0
2018-06-13,17.28,17.39,16.73,17.02,6700329.0,54993680.0
2018-06-14,16.79,16.99,16.41,16.5,5406200.0,43552086.0
2018-06-15,16.43,16.68,15.54,15.86,5363001.0,41472330.0
2018-06-19,14.9,15.46,14.26,14.49,5105529.0,36583486.0
2018-06-20,14.45,15.05,14.41,14.97,3287766.0,23411542.0
2018-06-21,15.05,15.09,14.1,14.3,2970300.0,20850135.0
2018-06-22,14.2,14.61,13.97,14.55,1939451.0,13539364.0
2018-06-25,14.7,14.86,14.39,14.45,1864100.0,13101421.0
2018-06-26,14.28,14.65,14.03,14.63,1967600.0,13731514.0
2018-06-27,14.61,14.76,14.41,14.53,2166700.0,15243245.0
2018-06-28,14.53,14.65,14.3,14.43,1712278.0,12010788.0
2018-06-29,14.45,15.01,14.39,14.97,2935300.0,20938210.0
2018-07-02,14.92,14.97,14.45,14.63,2513500.0,17885052.0
2018-07-03,14.59,14.97,14.43,14.95,2179100.0,15490442.0
2018-07-04,14.86,14.86,14.53,14.61,1779800.0,12614409.0
2018-07-05,14.61,14.7,14.01,14.03,2190795.0,15155339.0
2018-07-06,14.01,14.45,13.87,14.03,1799000.0,12302532.0
2018-07-09,14.05,14.51,14.05,14.49,1745800.0,12128227.0
2018-07-10,14.49,14.72,14.45,14.61,1370900.0,9652888.0
2018-07-11,14.43,14.47,13.97,14.28,1641385.0,11315931.0
2018-07-12,14.24,14.78,14.22,14.74,2338185.0,16553400.0
2018-07-13,14.76,14.86,14.61,14.78,1650485.0,11749100.0
2018-07-16,14.84,14.84,14.61,14.7,986700.0,7006894.0
2018-07-17,14.72,14.76,14.47,14.72,1466085.0,10348689.0
2018-07-18,14.74,14.86,14.68,14.72,1836000.0,13098298.0
2018-07-19,14.72,14.76,14.51,14.57,1329300.0,9384751.0
2018-07-20,14.57,14.9,14.28,14.84,1942285.0,13791662.0
2018-07-23,14.86,14.99,14.7,14.99,1808945.0,13000049.0
2018-07-24,14.99,15.26,14.9,15.19,2599485.0,19004658.0
2018-07-25,15.19,15.46,15.05,15.19,2737700.0,20186724.0
2018-07-26,15.19,15.32,15.09,15.15,1950651.0,14312218.0
2018-07-27,15.15,15.26,14.97,14.97,1669385.0,12197138.0
2018-07-30,15.09,15.11,14.7,14.8,1640885.0,11786176.0
2018-07-31,14.8,14.9,14.63,14.72,1191800.0,8491416.0
2018-08-01,14.7,14.9,14.53,14.55,1416600.0,10089360.0
2018-08-02,14.59,14.65,13.91,14.14,2255600.0,15423159.0
2018-08-03,14.07,14.2,13.97,14.05,1213888.0,8265524.0
2018-08-06,13.97,14.14,13.85,13.93,934585.0,6306968.0
2018-08-07,13.87,14.28,13.87,14.28,1255000.0,8554756.0
2018-08-08,14.26,14.26,14.05,14.1,1319700.0,9009147.0
2018-08-09,13.97,14.51,13.97,14.41,1813700.0,12588870.0
2018-08-10,14.43,14.55,14.28,14.43,1090500.0,7586553.0
2018-08-13,14.3,14.57,14.1,14.51,1118600.0,7721399.0
2018-08-14,14.51,14.51,14.3,14.43,1133500.0,7888729.0
2018-08-15,14.43,14.43,14.05,14.08,1134560.0,7797078.0
2018-08-16,13.97,14.22,13.89,14.01,807300.0,5480417.0
2018-08-17,14.05,14.18,13.68,13.74,1109900.0,7469235.0
2018-08-20,13.72,13.87,13.39,13.81,1127700.0,7425967.0
2018-08-21,13.81,13.99,13.77,13.83,948100.0,6349124.0
2018-08-22,13.83,13.91,13.64,13.66,855200.0,5673264.0
2018-08-23,13.74,13.81,13.58,13.74,758500.0,5023345.0
2018-08-24,13.74,13.74,13.54,13.62,657300.0,4331154.0
2018-08-27,13.62,13.97,13.46,13.91,1357385.0,9089716.0
2018-08-28,14.01,14.03,13.89,13.93,1068200.0,7197007.0
2018-08-29,13.85,14.05,13.83,13.89,922178.0,6212792.0
2018-08-30,13.89,14.07,13.81,13.91,1728580.0,11642126.0
2018-08-31,13.93,13.93,13.39,13.47,1779678.0,11669814.0
2018-09-03,13.47,13.5,13.14,13.35,1243200.0,7958199.0
2018-09-04,13.33,13.5,13.23,13.5,1004700.0,6493796.0
2018-09-05,13.45,13.45,13.21,13.21,820100.0,5270474.0
2018-09-06,13.21,13.35,13.06,13.14,936300.0,5969496.0
2018-09-07,13.08,13.37,12.98,13.08,1313600.0,8338592.0
2018-09-10,12.96,13.04,12.85,12.85,774359.0,4839089.0
2018-09-11,12.94,12.96,12.69,12.77,831800.0,5148165.0
2018-09-12,12.9,13.02,12.79,12.9,876100.0,5463452.0
2018-09-13,13.0,13.14,12.85,12.98,727372.0,4559316.0
2018-09-14,12.98,13.0,12.69,12.77,937078.0,5825759.0
2018-09-17,12.81,12.81,12.59,12.65,796400.0,4866915.0
2018-09-18,12.69,13.06,12.65,13.04,1408463.0,8726811.0
2018-09-19,12.96,13.23,12.9,13.08,1739400.0,11016858.0
2018-09-20,13.12,13.12,12.9,13.0,1080700.0,6786482.0
2018-09-21,13.12,13.16,12.96,13.12,899778.0,5684550.0
2018-09-25,13.04,14.14,12.94,13.46,2488300.0,16150950.0
2018-09-26,13.35,13.52,13.25,13.37,1561400.0,10090668.0
2018-09-27,13.37,13.37,13.02,13.02,1360000.0,8681395.0
2018-09-28,12.96,13.19,12.96,13.1,670000.0,4239616.0
2018-10-08,12.98,12.98,12.54,12.59,1282700.0,7858984.0
2018-10-09,12.63,12.73,12.54,12.63,713300.0,4348877.0
2018-10-10,12.71,12.79,12.63,12.73,765600.0,4707944.0
2018-10-11,12.59,12.59,11.51,11.7,1463900.0,8539131.0
2018-10-12,11.63,11.72,11.14,11.63,1012000.0,5628420.0
2018-10-15,11.57,11.9,11.4,11.45,590400.0,3333742.0
2018-10-16,11.43,11.76,11.22,11.32,358900.0,1992533.0
2018-10-17,11.51,11.65,11.24,11.61,666500.0,3700323.0
2018-10-18,11.57,11.59,11.4,11.43,588100.0,3270836.0
2018-10-19,11.45,11.84,11.22,11.78,778500.0,4378421.0
2018-10-22,11.82,12.34,11.78,12.25,1934900.0,11341105.0
2018-10-23,12.15,12.23,11.88,11.94,846400.0,4941274.0
2018-10-24,11.94,12.11,11.9,11.98,831000.0,4820076.0
2018-10-25,11.45,11.92,11.45,11.92,818900.0,4617763.0
2018-10-26,11.84,12.05,11.78,11.92,726952.0,4190284.0
2018-10-29,11.88,12.07,11.76,11.82,552700.0,3185639.0
2018-10-30,11.88,11.96,11.61,11.9,682900.0,3904046.0
2018-10-31,12.01,12.28,11.9,12.13,1038452.0,6077627.0
2018-11-01,13.35,13.35,13.35,13.35,1966000.0,12680700.0
2018-11-02,14.24,14.24,13.37,13.66,11335236.0,75577332.0
2018-11-05,13.29,13.56,13.14,13.43,5520888.0,35599258.0
2018-11-06,13.43,13.43,12.94,13.08,3223288.0,20415141.0
2018-11-07,13.04,13.16,12.85,12.9,2484600.0,15605365.0
2018-11-08,12.98,13.08,12.9,13.0,2011221.0,12608229.0
2018-11-09,13.06,13.06,12.71,12.73,1617500.0,10047666.0
2018-11-12,12.65,13.04,12.63,13.02,2488420.0,15526297.0
2018-11-13,12.9,13.43,12.88,13.31,4175310.0,26572331.0
