2012-07-17,11.5,11.8,11.11,11.66,18233728.0,208726816.0
2012-07-18,11.4,11.4,10.54,10.83,10897179.0,118230480.0
2012-07-19,10.63,11.16,10.63,10.86,8311175.0,90854544.0
2012-07-20,10.75,10.84,10.52,10.58,4286864.0,45602832.0
2012-07-23,10.46,10.55,10.31,10.52,2772880.0,28901072.0
2012-07-24,10.4,10.75,10.38,10.63,2709200.0,28801326.0
2012-07-25,10.59,10.94,10.5,10.67,3232697.0,34732632.0
2012-07-26,10.57,10.78,10.42,10.51,3254123.0,34453056.0
2012-07-27,10.55,10.65,10.45,10.61,1873391.0,19758176.0
2012-07-30,10.6,10.66,10.45,10.51,1853381.0,19547806.0
2012-07-31,10.42,10.76,10.26,10.32,3530115.0,37010728.0
2012-08-01,10.34,10.63,10.34,10.6,2062617.0,21663232.0
2012-08-02,10.54,10.74,10.53,10.68,3128607.0,33318138.0
2012-08-03,10.7,10.86,10.6,10.79,3782419.0,40737424.0
2012-08-06,10.73,10.9,10.68,10.86,3083707.0,33295392.0
2012-08-07,10.86,11.13,10.8,11.02,3782439.0,41561140.0
2012-08-08,10.9,11.14,10.88,10.99,2201502.0,24211926.0
2012-08-09,10.98,11.08,10.8,11.07,1955977.0,21446560.0
2012-08-10,11.07,11.17,10.97,11.03,2048212.0,22693288.0
2012-08-13,11.03,11.09,10.75,10.82,1294445.0,14042512.0
2012-08-14,10.72,10.8,10.49,10.65,1715990.0,18204444.0
2012-08-15,10.61,10.75,10.5,10.71,1414086.0,15056570.0
2012-08-16,10.71,10.79,10.58,10.64,777202.0,8293056.0
2012-08-17,10.6,10.78,10.53,10.74,870050.0,9287773.0
2012-08-20,10.67,10.83,10.61,10.81,547734.0,5884939.0
2012-08-21,10.81,11.03,10.8,10.88,1510331.0,16536078.0
2012-08-22,10.82,10.91,10.71,10.73,668589.0,7216592.0
2012-08-23,10.7,11.06,10.7,10.91,1562923.0,17109322.0
2012-08-24,10.81,10.88,10.6,10.61,1435212.0,15337354.0
2012-08-27,10.58,10.64,10.45,10.51,753798.0,7947818.0
2012-08-28,10.43,10.74,10.43,10.71,896069.0,9530968.0
2012-08-29,10.63,10.68,10.5,10.53,392810.0,4159622.0
2012-08-30,10.25,10.57,10.21,10.49,764599.0,7935668.0
2012-08-31,10.45,10.6,10.38,10.59,537219.0,5643271.0
2012-09-03,10.58,10.78,10.51,10.73,792329.0,8473637.0
2012-09-04,10.8,10.8,10.6,10.67,647532.0,6905923.0
2012-09-05,10.6,10.82,10.59,10.72,858149.0,9204447.0
2012-09-06,10.73,10.98,10.73,10.97,1417652.0,15443904.0
2012-09-07,11.0,11.35,10.95,11.13,2642194.0,29441736.0
2012-09-10,11.08,11.17,10.93,11.07,1449844.0,15990324.0
2012-09-11,10.98,11.05,10.85,10.96,1185685.0,12936094.0
2012-09-12,10.96,11.03,10.9,11.02,1347163.0,14790317.0
2012-09-13,10.98,11.0,10.64,10.68,1702728.0,18373336.0
2012-09-14,10.71,10.78,10.48,10.55,1203463.0,12752010.0
2012-09-17,10.51,10.65,10.37,10.39,637399.0,6692854.0
2012-09-18,10.38,10.48,10.33,10.41,880664.0,9140337.0
2012-09-19,10.44,10.67,10.38,10.64,1337987.0,14053939.0
2012-09-20,10.56,10.56,10.28,10.3,710546.0,7379387.0
2012-09-21,10.27,10.36,9.27,9.39,3265213.0,31735074.0
2012-09-24,9.2,9.46,9.18,9.35,1116197.0,10438990.0
2012-09-25,9.42,9.47,9.22,9.27,525399.0,4914672.0
2012-09-26,9.35,9.35,8.98,9.07,490337.0,4502091.0
2012-09-27,9.02,9.35,9.02,9.29,1213455.0,11204893.0
2012-09-28,9.21,9.45,9.13,9.42,985481.0,9213558.0
2012-10-08,9.4,9.42,9.23,9.32,326801.0,3042905.0
2012-10-09,9.35,9.63,9.3,9.6,903929.0,8600148.0
2012-10-10,9.57,9.72,9.47,9.68,836503.0,8046111.0
2012-10-11,9.58,9.68,9.5,9.62,687368.0,6599197.0
2012-10-12,9.62,9.71,9.4,9.45,612059.0,5794664.0
2012-10-15,9.5,9.5,9.13,9.23,375820.0,3477012.0
2012-10-16,9.15,9.45,9.15,9.21,1170513.0,10851256.0
2012-10-17,9.25,9.29,9.19,9.22,482460.0,4452994.0
2012-10-18,9.24,9.4,9.22,9.36,878148.0,8195310.0
2012-10-19,9.36,9.47,9.28,9.31,742068.0,6936847.0
2012-10-22,9.29,9.37,9.25,9.36,313445.0,2917645.0
2012-10-23,9.36,9.56,9.32,9.48,1218119.0,11498546.0
2012-10-24,9.48,9.84,9.44,9.69,1744829.0,16913104.0
2012-10-25,9.64,9.65,9.45,9.46,717500.0,6850710.0
2012-10-26,9.39,9.41,9.21,9.29,784240.0,7326123.0
2012-10-29,9.41,9.48,9.25,9.42,656806.0,6187218.0
2012-10-30,9.46,9.66,9.45,9.49,1163865.0,11119222.0
2012-10-31,9.42,9.58,9.42,9.55,391313.0,3723755.0
2012-11-01,9.52,9.76,9.52,9.68,1158263.0,11238485.0
2012-11-02,9.68,9.89,9.68,9.7,942497.0,9203107.0
2012-11-05,9.63,9.73,9.23,9.37,2009730.0,18932848.0
2012-11-06,9.34,9.36,9.22,9.33,950543.0,8830310.0
2012-11-07,9.34,9.4,9.27,9.29,584317.0,5445350.0
2012-11-08,9.18,9.22,8.91,8.94,1120967.0,10199806.0
2012-11-09,8.93,9.07,8.9,8.96,635151.0,5691177.0
2012-11-12,8.96,9.02,8.9,9.02,1045090.0,9364979.0
2012-11-13,8.99,8.99,8.56,8.59,1493828.0,13004926.0
2012-11-14,8.6,8.65,8.52,8.59,808138.0,6934479.0
2012-11-15,8.57,8.63,8.5,8.5,666100.0,5710647.0
2012-11-16,8.45,8.49,8.23,8.3,750199.0,6228671.0
2012-11-19,8.29,8.42,8.21,8.41,464307.0,3860758.0
2012-11-20,8.41,8.45,8.36,8.38,374429.0,3146854.0
2012-11-21,8.38,8.56,8.34,8.53,500970.0,4234045.0
2012-11-22,8.49,8.57,8.43,8.49,600648.0,5108294.0
2012-11-23,8.46,8.78,8.43,8.65,939032.0,8117648.0
2012-11-26,8.63,8.68,8.51,8.51,559899.0,4809778.0
2012-11-27,8.51,8.51,8.13,8.2,740367.0,6105007.0
2012-11-28,8.23,8.23,7.96,8.0,433148.0,3483373.0
2012-11-29,8.0,8.03,7.92,7.96,350000.0,2792767.0
2012-11-30,8.0,8.02,7.89,8.01,829672.0,6582008.0
2012-12-03,7.93,8.0,7.73,7.78,403300.0,3186337.0
2012-12-04,7.78,8.1,7.71,8.05,996954.0,7887087.0
2012-12-05,8.05,8.42,8.01,8.3,1530129.0,12642914.0
2012-12-06,8.33,8.33,8.18,8.22,351576.0,2893081.0
2012-12-07,8.3,8.42,8.16,8.39,1075402.0,8961289.0
2012-12-10,8.49,8.5,8.28,8.45,1536687.0,12883784.0
2012-12-11,8.44,8.44,8.29,8.3,1126237.0,9398655.0
2012-12-12,8.22,8.38,8.22,8.27,451620.0,3744586.0
2012-12-13,8.27,8.3,8.11,8.13,588471.0,4835016.0
2012-12-14,8.12,8.61,8.12,8.57,2027866.0,17092368.0
2012-12-17,8.65,8.67,8.47,8.65,1809551.0,15526039.0
2012-12-18,8.59,8.79,8.59,8.69,1750572.0,15206410.0
2012-12-19,8.63,8.87,8.55,8.79,1738224.0,15199468.0
2012-12-20,8.59,9.03,8.59,8.99,1796763.0,15983674.0
2012-12-21,8.98,9.45,8.85,9.19,2136987.0,19473380.0
2012-12-24,9.12,9.22,9.08,9.15,1446166.0,13239661.0
2012-12-25,9.22,9.62,9.08,9.49,3559802.0,33345136.0
2012-12-26,9.41,10.07,9.41,10.01,4815920.0,46860296.0
2012-12-27,10.04,10.04,9.55,9.56,3859800.0,37548104.0
2012-12-28,9.5,9.77,9.35,9.58,2699412.0,25789676.0
2012-12-31,9.58,10.3,9.46,10.27,4577693.0,45241588.0
2013-01-04,10.2,10.25,9.81,10.1,4269411.0,42888936.0
2013-01-07,9.99,10.1,9.83,10.04,1596185.0,15937038.0
2013-01-08,9.98,10.21,9.88,10.08,2190550.0,22049134.0
2013-01-09,10.0,10.09,9.83,9.98,1903878.0,18993448.0
2013-01-10,9.97,10.02,9.78,9.86,2088049.0,20696256.0
2013-01-11,9.8,9.94,9.62,9.7,1895353.0,18531696.0
2013-01-14,9.67,10.03,9.65,10.0,1831793.0,18134804.0
2013-01-15,9.92,10.13,9.92,10.09,2657619.0,26701900.0
2013-01-16,10.07,10.2,9.96,10.07,2183533.0,21994866.0
2013-01-17,10.0,10.06,9.75,9.83,1678390.0,16675755.0
2013-01-18,9.83,10.03,9.75,10.02,1421999.0,14090209.0
2013-01-21,10.02,10.22,9.9,10.2,2327086.0,23321506.0
2013-01-22,10.2,10.23,9.89,9.96,1457678.0,14632980.0
2013-01-23,9.93,9.98,9.65,9.88,1388599.0,13617661.0
2013-01-24,9.89,9.97,9.08,9.14,3849559.0,36171192.0
2013-01-25,9.16,9.2,9.0,9.19,2332233.0,21221320.0
2013-01-28,9.23,9.56,9.14,9.5,2416621.0,22728970.0
2013-01-29,9.42,9.65,9.42,9.64,1599485.0,15305484.0
2013-01-30,9.66,9.86,9.58,9.78,1636794.0,15957154.0
2013-01-31,9.8,9.85,9.66,9.8,893354.0,8720014.0
2013-02-01,9.8,9.88,9.7,9.84,916201.0,8981667.0
2013-02-04,9.84,9.87,9.71,9.75,925865.0,9060810.0
2013-02-05,9.66,9.97,9.65,9.89,960975.0,9481879.0
2013-02-06,9.85,10.02,9.82,9.94,884435.0,8807992.0
2013-02-07,9.91,10.0,9.89,10.0,770369.0,7674406.0
2013-02-08,10.0,10.23,9.98,10.18,1931736.0,19592320.0
2013-02-18,10.28,10.65,10.15,10.52,3294200.0,34563024.0
2013-02-19,10.5,10.5,10.22,10.25,1737238.0,17890288.0
2013-02-20,10.3,10.42,10.18,10.42,1208619.0,12452263.0
2013-02-21,10.44,10.46,9.87,10.04,2103329.0,21179940.0
2013-02-22,9.91,10.22,9.8,9.97,1940258.0,19374248.0
2013-02-25,9.95,10.1,9.95,10.0,706847.0,7088881.0
2013-02-26,10.01,10.15,9.78,9.96,944202.0,9432545.0
2013-02-27,9.91,10.05,9.8,9.98,593981.0,5891990.0
2013-02-28,9.98,10.12,9.87,10.1,1690402.0,16874120.0
2013-03-01,10.1,10.25,9.98,10.22,1377160.0,13958987.0
2013-03-04,10.13,10.13,9.57,9.89,1585304.0,15698141.0
2013-03-05,9.71,9.97,9.71,9.9,3175727.0,31100202.0
2013-03-06,9.9,9.95,9.8,9.92,1615808.0,15967641.0
2013-03-07,9.92,9.92,9.58,9.69,2618068.0,25463604.0
2013-03-08,9.69,9.79,9.64,9.75,941863.0,9169750.0
2013-03-11,9.77,9.77,9.6,9.72,607986.0,5905434.0
2013-03-12,9.73,9.78,9.3,9.59,1748466.0,16652707.0
2013-03-13,9.52,9.55,9.27,9.44,1077305.0,10093073.0
2013-03-14,9.43,9.61,9.41,9.5,600870.0,5720071.0
2013-03-15,9.5,9.66,9.45,9.49,692487.0,6619773.0
2013-03-18,9.48,9.89,9.47,9.81,1922058.0,18742276.0
2013-03-19,9.8,10.05,9.63,10.01,2393620.0,23709800.0
2013-03-20,10.2,10.24,9.98,10.1,4096376.0,41371596.0
2013-03-21,10.1,10.22,9.98,10.08,2555688.0,25848868.0
2013-03-22,10.11,10.56,10.09,10.47,4428488.0,46017768.0
2013-03-25,10.51,10.57,10.3,10.48,2964768.0,30901840.0
2013-03-26,10.42,10.44,10.14,10.22,2203833.0,22637636.0
2013-03-27,10.2,10.36,9.98,10.1,2813102.0,28478876.0
2013-03-28,10.08,10.08,9.8,9.82,1573934.0,15562420.0
2013-03-29,9.88,9.95,9.76,9.82,1110544.0,10929749.0
2013-04-01,9.82,9.96,9.8,9.81,918677.0,9069803.0
2013-04-02,9.82,10.02,9.76,9.91,1151055.0,11396132.0
2013-04-03,9.88,9.92,9.71,9.86,773471.0,7595461.0
2013-04-08,9.72,9.83,9.46,9.73,890956.0,8574474.0
2013-04-09,9.72,9.86,9.71,9.81,664111.0,6501844.0
2013-04-10,9.81,9.84,9.58,9.66,788956.0,7639824.0
2013-04-11,9.71,9.77,9.62,9.64,543605.0,5268377.0
2013-04-12,9.65,9.7,9.57,9.62,438303.0,4216287.0
2013-04-15,9.76,9.96,9.58,9.66,986717.0,9604098.0
2013-04-16,9.49,9.65,9.35,9.63,750889.0,7119545.0
2013-04-17,9.63,9.68,9.55,9.66,501559.0,4814281.0
2013-04-18,9.6,9.68,9.5,9.64,430264.0,4144672.0
2013-04-19,9.61,9.94,9.61,9.92,1672013.0,16474478.0
2013-04-22,9.92,10.09,9.83,10.03,1917014.0,19144924.0
2013-04-23,10.0,10.01,9.78,9.82,1146522.0,11302183.0
2013-04-24,9.78,10.07,9.72,10.04,1614516.0,16029221.0
2013-04-25,10.05,10.26,10.0,10.05,3230988.0,32754224.0
2013-04-26,10.01,10.08,9.51,9.73,1838288.0,18046842.0
2013-05-02,9.6,9.79,9.6,9.75,434975.0,4215612.0
2013-05-03,9.75,10.05,9.71,10.0,1534369.0,15299921.0
2013-05-06,10.01,10.17,9.98,10.09,1919282.0,19351810.0
2013-05-07,10.09,10.09,9.96,10.08,1537392.0,15397144.0
2013-05-08,10.18,10.24,10.06,10.21,1962293.0,19942042.0
2013-05-09,10.27,10.27,10.01,10.11,1552683.0,15678002.0
2013-05-10,10.11,10.35,10.07,10.35,2639026.0,27052464.0
2013-05-13,10.44,10.45,10.29,10.36,1909531.0,19791112.0
2013-05-14,10.31,10.39,10.12,10.18,1208644.0,12319573.0
2013-05-15,10.25,10.56,10.16,10.53,2514565.0,26159704.0
2013-05-16,10.58,11.58,10.56,11.58,8732291.0,97274224.0
2013-05-17,11.8,12.59,11.58,12.11,14039266.0,167778144.0
2013-05-20,12.03,12.82,11.89,12.58,11353272.0,139697664.0
2013-05-21,12.31,12.49,12.14,12.38,6961490.0,85660904.0
2013-05-22,12.35,12.55,12.13,12.19,5266466.0,64730096.0
2013-05-23,12.14,12.35,11.9,11.93,5000556.0,60546984.0
2013-05-24,12.02,12.37,11.9,12.3,4808338.0,58532052.0
2013-05-27,12.26,12.46,12.0,12.37,4252139.0,52051140.0
2013-05-28,12.39,12.45,12.06,12.41,3626785.0,44461096.0
2013-05-29,12.4,12.76,12.11,12.16,6260773.0,78084824.0
2013-05-30,12.11,12.29,11.97,12.19,3413090.0,41374472.0
2013-05-31,12.13,12.14,11.98,11.99,2571914.0,31009156.0
2013-06-03,11.95,12.18,11.91,12.17,2111183.0,25438128.0
2013-06-04,12.16,12.5,11.95,12.49,3473339.0,42421424.0
2013-06-05,12.38,12.63,12.12,12.17,4316407.0,53426612.0
2013-06-06,12.01,12.29,11.93,12.1,2531636.0,30454542.0
2013-06-07,12.01,12.17,11.0,11.39,5130524.0,58559404.0
2013-06-13,11.03,11.5,10.68,11.03,2303312.0,25548292.0
2013-06-14,11.11,11.36,11.05,11.21,1123351.0,8238812.0
2013-06-17,11.13,11.16,10.69,10.79,3038591.0,21619180.0
2013-06-18,10.72,10.88,10.67,10.76,1901323.0,13451205.0
2013-06-19,10.78,10.78,10.15,10.44,3060853.0,20750872.0
2013-06-20,10.41,10.47,9.98,10.09,2521785.0,16903596.0
2013-06-21,9.76,9.88,9.15,9.65,3102529.0,19572546.0
2013-06-24,9.57,9.71,9.16,9.39,2746225.0,16890352.0
2013-06-25,9.33,9.79,8.71,9.44,3283834.0,20125096.0
2013-06-26,9.36,9.83,9.33,9.79,2897117.0,18324066.0
2013-06-27,9.71,9.91,9.28,9.3,2768709.0,17483298.0
2013-06-28,9.28,9.57,8.92,8.99,2819811.0,17037428.0
2013-07-01,9.01,9.12,8.84,9.06,1903415.0,11211040.0
2013-07-02,9.07,9.27,8.84,9.27,2353822.0,14033263.0
2013-07-03,9.19,9.22,8.92,9.09,1789802.0,10632765.0
2013-07-04,9.06,9.24,8.92,9.09,1724184.0,10315855.0
2013-07-05,9.1,9.35,9.03,9.33,3044173.0,18341544.0
2013-07-08,9.25,9.25,8.83,8.86,2348214.0,13874418.0
2013-07-09,8.84,8.89,8.38,8.61,2160898.0,12251863.0
2013-07-10,8.64,8.78,8.43,8.77,2781787.0,15686500.0
2013-07-11,8.77,9.1,8.73,8.95,3557729.0,20852864.0
2013-07-12,9.15,9.51,8.96,9.12,4224005.0,25678108.0
2013-07-15,9.04,9.38,8.95,9.24,3386697.0,20311120.0
2013-07-16,9.16,9.3,9.12,9.25,2607162.0,15750356.0
2013-07-17,9.24,9.73,9.18,9.6,6406014.0,40004272.0
2013-07-18,9.45,9.68,9.36,9.41,2730822.0,16951968.0
2013-07-19,9.41,9.45,8.71,8.77,4409379.0,26288838.0
2013-07-22,8.67,8.83,8.55,8.73,2342404.0,13318269.0
2013-07-23,8.75,8.95,8.69,8.9,4614394.0,26691816.0
2013-07-24,8.92,8.92,8.71,8.8,2636011.0,15196370.0
2013-07-25,8.8,8.9,8.69,8.81,2151661.0,12428741.0
2013-07-26,8.73,8.8,8.52,8.61,2018105.0,11430858.0
2013-07-29,8.6,8.6,8.2,8.28,3466444.0,18958968.0
2013-07-30,8.28,8.37,8.13,8.32,1854665.0,10050737.0
2013-07-31,8.35,8.45,8.31,8.32,1967474.0,10806233.0
2013-08-01,8.38,8.57,8.34,8.55,2391639.0,13298012.0
2013-08-02,8.57,9.12,8.49,8.89,6458126.0,37490504.0
2013-08-05,8.84,9.38,8.81,9.28,6133022.0,36805832.0
2013-08-06,9.3,9.53,9.25,9.31,6343294.0,39079484.0
2013-08-07,9.31,9.62,9.22,9.41,4480912.0,27757336.0
2013-08-08,9.31,9.51,9.28,9.36,2096065.0,12882158.0
2013-08-09,9.33,10.14,9.33,10.06,8100368.0,52395848.0
2013-08-12,10.06,10.37,9.94,10.18,8198689.0,54619232.0
2013-08-13,10.21,10.56,10.09,10.34,5083606.0,34598012.0
2013-08-14,10.37,10.58,10.02,10.17,4870283.0,32762784.0
2013-08-15,10.14,10.41,9.88,10.28,4286487.0,28602022.0
2013-08-16,10.18,10.34,9.94,9.97,3423425.0,22769532.0
2013-08-19,9.97,10.96,9.97,10.87,10638528.0,74438432.0
2013-08-20,10.82,11.13,10.66,11.01,7507003.0,53675484.0
2013-08-21,10.95,11.05,10.75,11.01,3543417.0,25404780.0
2013-08-22,11.02,11.71,10.98,11.48,7862254.0,58927896.0
2013-08-23,11.56,11.59,10.95,11.21,4538036.0,33442382.0
2013-08-26,11.11,11.59,10.85,11.53,6947168.0,51244208.0
2013-08-27,11.45,11.45,11.11,11.28,4109887.0,30422572.0
2013-08-28,11.21,11.39,10.82,11.1,3711063.0,27189182.0
2013-08-29,11.04,11.22,10.88,10.91,2667675.0,19253202.0
2013-08-30,10.98,11.71,10.91,11.51,8663713.0,64793848.0
2013-09-02,11.56,12.03,11.31,11.69,6357277.0,49037720.0
2013-09-03,11.54,11.98,11.53,11.95,4479676.0,34702540.0
2013-09-04,11.94,11.95,11.69,11.8,2904342.0,22455464.0
2013-09-05,11.68,11.74,11.16,11.51,5136975.0,38657880.0
2013-09-06,11.42,11.63,11.16,11.33,4121662.0,30592348.0
2013-09-09,11.34,11.48,11.16,11.36,3908816.0,28989020.0
2013-09-10,11.36,11.36,10.88,10.99,7834125.0,56694400.0
2013-09-11,10.91,11.07,10.82,10.99,3238237.0,23324432.0
2013-09-12,10.98,11.54,10.84,11.51,5839567.0,43353224.0
2013-09-13,11.51,11.56,11.3,11.48,3232532.0,24193424.0
2013-09-16,11.48,11.81,11.42,11.53,3684504.0,28089840.0
2013-09-17,11.43,12.44,11.36,11.98,9130111.0,72438592.0
2013-09-18,11.97,12.46,11.77,12.41,6970572.0,56072780.0
2013-09-23,12.44,12.49,12.13,12.35,4867110.0,39119976.0
2013-09-24,12.35,12.74,12.13,12.23,4589867.0,37341616.0
2013-09-25,12.18,12.35,12.01,12.18,3179890.0,25435456.0
2013-09-26,11.98,12.29,11.85,12.0,3424390.0,27130178.0
2013-09-27,12.09,12.29,11.77,12.12,3039797.0,24067048.0
2013-09-30,12.2,12.2,11.83,12.09,1502108.0,11806294.0
2013-10-08,12.12,12.2,11.97,12.16,1922997.0,15243431.0
2013-10-09,12.12,12.21,11.94,12.09,2139172.0,16909424.0
2013-10-10,12.1,12.12,11.85,12.07,1963850.0,15456426.0
2013-10-11,12.09,13.28,11.95,13.28,11164095.0,94800776.0
2013-10-14,13.28,13.49,13.0,13.08,6995570.0,60598888.0
2013-10-15,13.08,14.38,13.03,13.72,10739408.0,97183952.0
2013-10-16,13.63,13.87,13.22,13.6,6920275.0,61807172.0
2013-10-17,13.58,14.18,13.38,13.52,5756488.0,52226084.0
2013-10-18,13.11,14.57,13.11,14.3,11923377.0,110898952.0
2013-10-21,14.24,15.67,14.1,15.64,9099896.0,91175016.0
2013-10-22,15.7,16.14,14.85,14.88,14148230.0,143290400.0
2013-10-23,15.06,15.12,13.84,14.59,9803268.0,92791448.0
2013-10-24,14.42,14.74,14.25,14.3,3447012.0,32568770.0
2013-10-25,14.27,14.41,13.38,13.66,7638768.0,68531112.0
2013-10-28,13.52,13.71,12.96,13.26,5522063.0,48202776.0
2013-10-29,13.29,13.72,12.78,13.69,5598336.0,48968368.0
2013-10-30,13.54,14.07,13.46,13.9,4707460.0,42619144.0
2013-10-31,13.92,14.13,13.2,13.28,5105667.0,45859652.0
2013-11-01,13.23,13.4,12.35,12.76,5081233.0,42718996.0
2013-11-04,12.55,13.28,12.55,13.06,3277653.0,27959456.0
2013-11-05,12.97,13.61,12.68,13.48,3436708.0,29901432.0
2013-11-06,13.49,14.1,13.31,13.51,6873772.0,62098008.0
2013-11-07,13.41,13.55,13.0,13.17,3482997.0,30300756.0
2013-11-08,13.03,13.26,12.74,12.88,2162860.0,18323810.0
2013-11-11,12.9,13.25,12.78,13.19,2030503.0,17361304.0
2013-11-12,13.19,13.23,12.76,13.05,2508485.0,21362652.0
2013-11-13,13.03,13.43,12.81,13.05,2503426.0,21517348.0
2013-11-14,12.93,13.41,12.85,13.37,3009011.0,26198656.0
2013-11-15,13.2,13.75,13.2,13.4,2685481.0,23813972.0
2013-11-18,13.4,14.07,13.34,13.98,4573178.0,41366296.0
2013-11-19,13.96,14.03,13.6,13.84,6456914.0,58244524.0
2013-11-20,13.78,13.81,13.57,13.69,3784107.0,33921372.0
2013-11-21,13.69,13.69,13.41,13.57,2578781.0,22853888.0
2013-11-22,13.57,13.83,13.45,13.54,2058374.0,18238434.0
2013-11-25,13.58,13.75,13.51,13.57,3572175.0,31932210.0
2013-11-26,13.54,13.68,13.03,13.34,5705532.0,49623448.0
2013-11-27,13.29,13.34,12.94,13.23,5418451.0,46597892.0
2013-11-28,13.11,13.4,13.11,13.26,3415527.0,29801852.0
2013-11-29,13.26,13.48,13.22,13.29,2606739.0,22822258.0
2013-12-02,12.85,13.34,12.5,12.53,3299752.0,27817380.0
2013-12-03,12.47,13.45,12.36,13.26,4615522.0,39444068.0
2013-12-04,13.29,13.45,13.19,13.28,2949227.0,25716244.0
2013-12-05,13.29,13.32,13.16,13.23,1522194.0,13211838.0
2013-12-06,13.29,13.35,13.19,13.32,2524149.0,21998936.0
2013-12-09,13.4,13.64,13.26,13.61,3530113.0,31280550.0
2013-12-10,13.64,14.79,13.64,14.39,8061069.0,75947320.0
2013-12-11,14.94,15.37,14.39,14.94,12131115.0,118785344.0
2013-12-12,14.94,15.32,14.71,14.73,6033326.0,59362660.0
2013-12-13,14.73,16.2,14.56,16.2,13702395.0,141063344.0
2013-12-16,16.46,17.26,15.76,16.63,13549498.0,147692416.0
2013-12-17,17.38,17.79,15.76,15.9,14536716.0,158597760.0
2013-12-18,15.75,15.75,14.88,15.34,9819895.0,98520688.0
2013-12-19,15.46,15.78,15.24,15.46,4189554.0,42582720.0
2013-12-20,15.55,15.55,14.86,15.03,3892521.0,38687840.0
2013-12-23,14.86,15.69,14.86,15.35,3452653.0,34881968.0
2013-12-24,15.75,16.69,15.75,16.08,6762435.0,71766992.0
2013-12-25,16.1,16.69,16.01,16.42,4768030.0,51191040.0
2013-12-26,16.31,17.0,16.04,16.88,6379619.0,69901816.0
2013-12-27,16.65,17.44,16.28,17.2,5648861.0,62685800.0
2013-12-30,17.2,17.2,16.2,16.22,8056485.0,87333800.0
2013-12-31,16.22,16.62,15.92,16.25,5649685.0,60709696.0
2014-01-02,16.16,16.16,15.46,15.81,7254211.0,74664248.0
2014-01-03,15.72,15.81,15.46,15.53,2548502.0,26015578.0
2014-01-06,15.47,15.52,14.36,14.5,4577149.0,45152368.0
2014-01-07,14.12,15.08,14.1,14.63,5828328.0,55535500.0
2014-01-08,14.61,15.18,14.56,14.62,4753518.0,46423684.0
2014-01-09,14.63,15.02,14.31,14.51,4213415.0,40632832.0
2014-01-10,14.35,14.73,13.54,13.57,4832207.0,44146428.0
2014-01-13,13.45,14.12,13.43,13.95,4130648.0,37740156.0
2014-01-14,13.96,14.22,13.64,14.16,4902016.0,44934624.0
2014-01-15,13.96,14.04,13.74,13.86,2843949.0,25848100.0
2014-01-16,13.86,13.96,13.72,13.77,2508571.0,22769422.0
2014-01-17,13.72,13.98,13.43,13.92,2705555.0,24441828.0
2014-01-20,13.9,13.9,13.43,13.51,2715389.0,24302156.0
2014-01-21,13.45,13.81,13.45,13.72,1184223.0,10633851.0
2014-01-22,13.8,14.74,13.6,14.68,4155224.0,39054964.0
2014-01-23,14.65,14.71,14.28,14.42,3575193.0,33813084.0
2014-01-24,14.16,15.4,14.16,15.0,4751217.0,46412536.0
2014-01-27,14.99,15.2,14.79,15.05,3057563.0,30157918.0
2014-01-28,15.05,15.09,14.45,14.7,2274940.0,22072852.0
2014-01-29,14.77,14.86,14.36,14.53,2766803.0,26342076.0
2014-01-30,14.5,14.68,14.45,14.62,1143888.0,10926264.0
2014-02-07,14.59,14.93,14.33,14.88,2368539.0,22863972.0
2014-02-10,14.88,15.32,14.88,15.29,3432870.0,34010088.0
2014-02-11,15.29,16.11,15.29,15.79,5190862.0,53280372.0
2014-02-12,15.79,16.11,15.43,16.04,5189887.0,53872900.0
2014-02-13,16.01,16.01,15.47,15.49,4695886.0,48271280.0
2014-02-14,15.4,15.78,14.94,15.64,5816621.0,58393796.0
2014-02-17,15.7,15.86,15.12,15.46,12562419.0,126753072.0
2014-02-18,15.41,15.41,15.12,15.18,6919905.0,69115272.0
2014-02-19,15.24,15.29,14.89,15.03,5308473.0,52312432.0
2014-02-20,16.46,16.54,16.46,16.54,7235325.0,78475144.0
2014-02-21,17.23,18.11,16.54,17.96,27863888.0,314910112.0
2014-02-24,18.22,18.74,17.35,18.37,20245020.0,238891520.0
2014-02-25,18.14,18.42,16.92,17.5,16862666.0,195677856.0
2014-02-26,17.21,17.43,16.48,17.35,9780447.0,109296640.0
2014-02-27,17.36,17.52,15.86,16.36,9374915.0,104341576.0
2014-02-28,16.46,16.65,15.64,16.46,10485326.0,111808976.0
2014-03-03,16.51,17.29,16.31,17.2,10360998.0,113797648.0
2014-03-04,16.92,17.38,16.79,17.01,4332641.0,48376224.0
2014-03-05,16.92,17.45,16.31,16.95,5209860.0,58087684.0
2014-03-06,16.92,17.15,16.4,17.14,4239674.0,46684076.0
2014-03-07,17.29,17.53,16.69,16.77,6778201.0,76473584.0
2014-03-10,16.48,16.97,16.18,16.28,4833050.0,52470040.0
2014-03-11,16.1,16.56,16.02,16.4,2381942.0,25553272.0
2014-03-12,16.42,16.42,15.75,16.07,2416865.0,25377796.0
2014-03-13,16.07,16.59,15.92,16.54,2129963.0,22668594.0
2014-03-14,16.75,16.89,16.33,16.54,2276611.0,24802050.0
2014-03-17,16.77,17.2,16.5,17.09,4113918.0,45807712.0
2014-03-18,17.12,17.18,16.08,16.13,11155308.0,120759080.0
2014-03-19,16.01,16.08,15.5,15.75,6947304.0,71571488.0
2014-03-20,15.84,16.1,15.61,15.86,2897164.0,30093738.0
2014-03-21,15.86,16.11,15.56,16.01,2708325.0,28277018.0
2014-03-24,16.34,16.34,15.7,15.81,3046217.0,31855496.0
2014-03-25,15.66,16.13,15.24,15.72,8401114.0,86353616.0
2014-03-26,15.72,16.16,15.72,16.04,4833758.0,50736448.0
2014-03-27,16.39,16.43,16.07,16.24,4670876.0,49813232.0
2014-03-28,16.24,16.31,15.52,15.72,4253004.0,43964692.0
2014-03-31,15.73,15.96,15.63,15.73,2649829.0,27438900.0
2014-04-01,15.64,16.01,15.64,15.96,1673117.0,17391706.0
2014-04-02,16.07,16.07,15.26,15.44,4064860.0,41622524.0
2014-04-03,15.4,15.55,15.4,15.43,1809779.0,18345968.0
2014-04-04,15.46,16.05,15.44,15.82,2597379.0,26959168.0
2014-04-08,15.7,15.81,15.4,15.72,4342306.0,44490296.0
2014-04-09,15.75,16.31,15.75,16.3,4706856.0,49501444.0
2014-04-10,16.34,16.75,16.1,16.75,4754418.0,51543096.0
2014-04-11,16.75,16.75,16.33,16.72,3242831.0,35281484.0
2014-04-14,16.72,16.77,16.51,16.71,2102812.0,22956802.0
2014-04-15,16.63,16.71,16.25,16.25,3044125.0,32786812.0
2014-04-16,16.2,16.77,16.16,16.63,2725646.0,29626168.0
2014-04-17,16.65,16.98,16.51,16.63,2312203.0,25374490.0
2014-04-18,16.79,17.12,16.37,16.57,4916207.0,54148712.0
2014-04-21,16.39,16.74,15.96,15.98,2928041.0,31363868.0
2014-04-22,15.81,16.07,15.55,15.72,2007632.0,20759216.0
2014-04-23,15.6,15.98,15.56,15.79,1849052.0,19178738.0
2014-04-24,15.79,16.01,15.66,15.75,1293120.0,13412971.0
2014-04-25,15.78,15.78,15.24,15.31,2254649.0,22796784.0
2014-04-28,15.32,15.4,14.63,14.85,2918890.0,28770176.0
2014-04-29,14.85,15.2,14.77,15.17,1759034.0,17270764.0
2014-04-30,14.99,15.31,14.99,15.29,1178120.0,11715014.0
2014-05-05,15.29,15.82,15.14,15.7,1378928.0,14064323.0
2014-05-06,15.7,15.82,15.49,15.55,1243159.0,12753073.0
2014-05-07,15.4,15.52,15.24,15.32,946917.0,9503177.0
2014-05-08,15.24,15.52,14.06,15.21,1159349.0,11611150.0
2014-05-09,15.24,15.24,14.63,14.7,1285710.0,12492957.0
2014-05-12,14.77,15.24,14.5,15.03,1959719.0,19046892.0
2014-05-13,15.03,15.08,14.71,14.73,959504.0,9342622.0
2014-05-14,14.73,14.97,14.63,14.8,818100.0,7947908.0
2014-05-15,14.8,14.88,14.41,14.73,1007374.0,9682388.0
2014-05-16,14.76,14.76,14.19,14.27,1558318.0,14651198.0
2014-05-19,14.19,14.45,14.1,14.15,2120848.0,19772982.0
2014-05-20,14.15,14.31,13.98,14.22,1401955.0,12989791.0
2014-05-21,14.1,14.3,14.06,14.27,868040.0,8095647.0
2014-05-22,14.18,14.45,14.18,14.25,1313202.0,12340036.0
2014-05-23,14.18,14.36,14.06,14.36,1360153.0,12709396.0
2014-05-26,14.47,14.86,14.45,14.74,2564612.0,24716144.0
2014-05-27,14.76,14.76,14.57,14.59,577639.0,5552805.0
2014-05-28,14.6,14.8,14.51,14.74,1238086.0,11947368.0
2014-05-29,14.73,14.94,14.48,14.56,1169191.0,11328909.0
2014-05-30,14.59,14.74,14.24,14.33,1205149.0,11340563.0
2014-06-03,14.41,14.41,13.98,14.27,1806645.0,16732323.0
2014-06-04,14.19,14.19,13.87,14.03,1210351.0,11122056.0
2014-06-05,14.18,14.28,14.07,14.27,1151259.0,10734713.0
2014-06-06,14.33,14.73,14.25,14.48,1548648.0,14747668.0
2014-06-09,14.51,14.73,14.39,14.53,946732.0,9021649.0
2014-06-10,14.44,14.65,14.35,14.62,941195.0,8970130.0
2014-06-11,14.68,14.89,14.51,14.63,1391450.0,13410791.0
2014-06-12,14.63,14.73,14.5,14.57,922051.0,8821525.0
2014-06-13,15.24,15.92,14.89,14.94,6603872.0,65681768.0
2014-06-16,14.83,15.02,14.76,14.86,3269922.0,31877632.0
2014-06-17,14.88,15.02,14.71,14.8,1955403.0,19062014.0
2014-06-18,14.86,14.86,14.67,14.71,1610512.0,15582047.0
2014-06-19,14.63,14.79,14.03,14.21,1835954.0,17354448.0
2014-06-20,14.13,14.33,13.87,14.13,1837137.0,16873484.0
2014-06-23,14.13,14.27,14.09,14.13,1165290.0,10809790.0
2014-06-24,14.21,14.38,14.1,14.18,1691274.0,15772734.0
2014-06-25,14.19,14.25,13.86,13.93,1636521.0,14995592.0
2014-06-26,13.93,14.22,13.92,14.16,2405536.0,22187572.0
2014-06-27,14.18,14.39,14.1,14.27,2210045.0,20611020.0
2014-06-30,14.27,14.31,14.15,14.24,2147434.0,20006858.0
2014-07-01,14.25,14.61,14.24,14.54,2835754.0,26853312.0
2014-07-02,14.62,14.62,14.41,14.51,1932496.0,18387128.0
2014-07-03,14.53,14.83,14.48,14.71,2504309.0,24175688.0
2014-07-04,14.82,14.82,14.31,14.45,2072927.0,19692948.0
2014-07-07,14.42,14.48,14.09,14.33,2495874.0,23315020.0
2014-07-08,14.36,14.53,14.25,14.5,1613573.0,15061605.0
2014-07-09,14.56,14.61,14.23,14.27,1933796.0,17908232.0
2014-07-10,14.22,14.3,14.17,14.23,1347037.0,12402003.0
2014-07-11,14.23,14.36,14.13,14.23,1392752.0,12854767.0
2014-07-14,14.3,14.3,14.06,14.25,3357876.0,30816644.0
2014-07-15,14.25,15.21,14.14,15.02,11070300.0,104343344.0
2014-07-16,14.93,16.52,14.87,16.04,18268122.0,184673184.0
2014-07-17,15.72,16.68,15.46,15.66,14719565.0,150034704.0
2014-07-18,15.64,15.84,14.99,15.36,11784697.0,116911080.0
2014-07-21,15.3,15.35,15.01,15.12,3207422.0,31448932.0
2014-07-22,15.02,15.39,15.02,15.15,5862304.0,57719568.0
2014-07-23,15.16,15.44,14.87,14.91,4539436.0,44446636.0
2014-07-24,14.91,15.33,14.91,15.15,3455213.0,33991300.0
2014-07-25,15.16,15.33,15.02,15.29,2014471.0,19783926.0
2014-07-28,15.29,15.53,15.29,15.44,3169546.0,31570066.0
2014-07-29,15.44,15.55,15.29,15.36,2842458.0,28301592.0
2014-07-30,15.32,15.41,15.1,15.27,2300209.0,22666318.0
2014-07-31,15.27,15.64,15.18,15.58,3600380.0,36091744.0
2014-08-01,15.53,15.53,15.3,15.35,2272513.0,22620068.0
2014-08-04,15.35,15.52,15.3,15.5,1985734.0,19816272.0
2014-08-05,15.5,15.52,15.27,15.38,2522083.0,25085312.0
2014-08-06,15.38,15.43,15.26,15.41,1822859.0,18086788.0
2014-08-07,15.43,15.64,15.32,15.35,1693012.0,16917542.0
2014-08-08,15.38,15.46,15.3,15.38,1957079.0,19443648.0
2014-08-11,15.39,15.78,15.35,15.64,4240352.0,42828576.0
2014-08-12,15.63,15.73,15.53,15.58,2504438.0,25332828.0
2014-08-13,15.63,15.89,15.52,15.87,5551257.0,56470056.0
2014-08-14,15.87,15.9,15.61,15.67,3598986.0,36617752.0
2014-08-15,15.61,15.89,15.56,15.84,2726334.0,27754244.0
2014-08-18,16.01,16.23,15.67,15.87,8058130.0,83218280.0
2014-08-19,15.89,16.04,15.64,16.0,4976597.0,51185528.0
2014-08-20,15.9,16.27,15.73,16.14,6240294.0,64883344.0
2014-08-21,16.17,16.35,16.0,16.32,4921810.0,51653096.0
2014-08-22,16.32,16.38,15.98,16.18,3293994.0,34440504.0
2014-08-25,16.23,16.27,15.9,16.04,4107484.0,42733644.0
2014-08-26,16.09,16.29,15.84,15.98,5718548.0,59808832.0
2014-08-27,15.87,16.07,15.87,16.04,1954682.0,20211894.0
2014-08-28,15.89,16.32,15.73,15.77,3287673.0,34199400.0
2014-08-29,15.69,16.97,15.69,16.51,6660420.0,70415816.0
2014-09-01,16.46,16.94,16.11,16.46,15551612.0,163125392.0
2014-09-02,16.41,16.61,16.27,16.6,8825914.0,93972536.0
2014-09-03,16.65,16.82,16.43,16.69,7091217.0,76345696.0
2014-09-04,16.69,16.77,16.55,16.72,4367713.0,47129464.0
2014-09-05,16.82,16.92,16.43,16.66,3969374.0,42757044.0
2014-09-09,16.72,16.97,16.35,16.92,10457425.0,112825872.0
2014-09-10,16.6,17.25,16.6,17.23,8477692.0,92877048.0
2014-09-11,17.34,17.93,17.3,17.53,10195193.0,116136616.0
2014-09-12,17.43,17.82,17.36,17.64,6648793.0,75747688.0
2014-09-15,17.7,18.48,17.64,18.22,6901470.0,80399856.0
2014-09-16,18.25,18.7,17.82,18.02,9195938.0,108986848.0
2014-09-17,18.01,18.21,17.26,17.96,5416308.0,62516512.0
2014-09-18,17.93,18.11,17.62,17.9,2302593.0,26504638.0
2014-09-19,17.87,18.29,17.8,18.22,4159398.0,48837944.0
2014-09-22,18.32,18.36,17.53,17.62,2305167.0,26588432.0
2014-09-23,17.54,17.88,17.43,17.64,3954575.0,45068016.0
2014-09-24,17.56,17.87,17.3,17.84,5283457.0,60059048.0
2014-09-25,17.77,17.9,17.46,17.56,4069760.0,46438300.0
2014-09-26,17.43,17.62,17.43,17.5,2479253.0,28106944.0
2014-09-29,17.51,17.73,17.4,17.67,5142067.0,58372040.0
2014-09-30,17.68,17.96,17.57,17.95,4834707.0,55481244.0
2014-10-08,17.95,18.7,17.95,18.62,7910406.0,94335432.0
2014-10-09,18.62,19.06,18.53,18.9,8288838.0,100860808.0
2014-10-10,18.9,19.0,18.36,18.45,6152000.0,74190320.0
2014-10-13,18.36,18.7,18.24,18.56,3185622.0,38052016.0
2014-10-14,18.52,18.66,18.39,18.5,2161825.0,25889700.0
2014-10-15,18.5,18.86,18.35,18.53,2459547.0,29551788.0
2014-10-16,18.36,18.83,18.36,18.38,2827050.0,34043712.0
2014-10-17,18.39,18.66,17.28,18.11,5078175.0,58603204.0
2014-10-20,18.04,18.32,17.74,17.85,3756122.0,43779592.0
2014-10-21,17.77,17.82,17.34,17.43,3458729.0,39247024.0
2014-10-22,17.45,17.46,16.61,16.63,11549822.0,125965160.0
2014-10-23,16.61,16.66,16.27,16.57,5338649.0,56900928.0
2014-10-24,16.51,17.05,16.43,16.6,4409162.0,47787420.0
2014-10-27,16.55,16.89,16.48,16.85,2965132.0,32029424.0
2014-10-28,17.2,17.2,16.82,17.06,3988196.0,43855992.0
2014-10-29,17.14,17.46,17.05,17.31,6275735.0,70071040.0
2014-10-30,17.36,17.65,17.2,17.22,5638863.0,63523056.0
2014-10-31,17.19,17.65,17.19,17.61,4471126.0,50214568.0
2014-11-03,17.62,18.47,17.45,18.33,10071526.0,117081552.0
2014-11-04,18.33,19.51,18.24,19.14,13067403.0,161274624.0
2014-11-05,19.32,19.83,18.62,19.14,10458042.0,130157456.0
2014-11-06,19.21,19.61,18.98,19.03,5865205.0,72752272.0
2014-11-07,19.24,20.93,19.15,20.37,15694950.0,204970848.0
2014-11-10,20.57,22.41,19.86,21.95,14126535.0,195486896.0
2014-11-11,21.95,22.57,21.19,22.06,10187446.0,143908576.0
2014-11-12,21.93,22.43,21.41,22.15,7103456.0,101123672.0
2014-11-13,22.88,22.88,21.45,21.79,6981376.0,98853088.0
2014-11-14,21.78,22.57,20.88,22.54,7673706.0,107426384.0
2015-03-13,24.79,24.79,24.79,24.79,245001.0,3929816.0
2015-03-16,27.27,27.27,27.27,27.27,29039.0,512248.0
2015-03-17,29.98,29.98,29.98,29.98,257203.0,4989738.0
2015-03-18,32.98,32.98,29.82,30.36,58198316.0,1167549056.0
2015-03-19,29.58,29.66,28.61,29.46,27439764.0,518621056.0
2015-03-20,29.14,29.98,28.55,28.78,24475476.0,461069632.0
2015-03-23,28.67,29.98,28.44,29.18,23565404.0,438928768.0
2015-03-24,28.96,29.21,27.81,28.76,24210648.0,446954176.0
2015-03-25,28.59,29.0,28.05,28.8,19601152.0,361125792.0
2015-03-26,28.87,29.52,28.29,28.53,18099460.0,339050688.0
2015-03-27,28.76,28.87,27.68,28.04,15819098.0,287132224.0
2015-03-30,28.11,28.69,28.07,28.44,12420645.0,228150080.0
2015-03-31,28.53,29.63,28.25,29.0,19529832.0,367042560.0
2015-04-01,28.96,29.54,28.78,29.38,14727021.0,278513120.0
2015-04-02,29.52,29.92,28.87,29.37,15738069.0,298178624.0
2015-04-03,29.75,32.3,29.72,31.59,30360000.0,618114560.0
2015-04-07,31.53,32.18,31.08,31.68,14647263.0,299219712.0
2015-04-08,31.67,32.91,30.53,31.24,14679614.0,301125024.0
2015-04-09,31.18,31.18,28.83,29.82,12705081.0,244457600.0
2015-04-10,29.37,30.29,29.21,30.08,9703452.0,188001904.0
2015-04-13,30.56,30.56,29.6,30.39,12858320.0,250078432.0
2015-04-14,30.08,30.22,29.24,29.44,12327952.0,237821104.0
2015-04-15,28.7,28.7,26.99,27.54,19186224.0,347226688.0
2015-04-16,27.08,29.12,26.93,28.98,9933112.0,180995520.0
2015-04-17,28.59,29.83,28.47,28.5,9004580.0,169415648.0
2015-04-20,28.52,29.75,27.98,29.52,15284632.0,288919360.0
2015-04-21,30.14,30.29,28.9,29.68,12802210.0,245043312.0
2015-04-22,29.98,30.42,29.35,30.39,15687734.0,303535968.0
2015-04-23,30.91,33.43,30.91,32.12,24914234.0,520602560.0
2015-04-24,31.96,32.58,28.9,31.75,14726418.0,301680960.0
2015-04-27,31.84,32.97,31.68,31.96,15527702.0,323684448.0
2015-04-28,31.7,32.15,29.52,29.8,12953216.0,255179120.0
2015-04-29,29.77,30.88,29.06,30.74,10935405.0,211449712.0
2015-04-30,30.82,31.34,30.28,30.77,8801688.0,175723184.0
2015-05-04,30.77,31.52,30.29,30.76,6051007.0,120530704.0
2015-05-05,30.7,30.76,28.16,28.39,7798588.0,147949232.0
2015-05-06,28.58,28.98,27.2,27.67,5612086.0,103145824.0
2015-05-07,27.51,27.77,25.55,27.61,7507690.0,130191928.0
2015-05-08,27.87,29.24,27.76,28.93,8169871.0,150127056.0
2015-05-11,29.23,29.86,28.52,29.82,8513527.0,162391104.0
2015-05-12,29.91,31.19,29.6,30.42,12137955.0,241073552.0
2015-05-13,30.39,32.92,29.98,32.13,14410449.0,295566816.0
2015-05-14,32.74,33.42,31.07,32.43,12926556.0,268685888.0
2015-05-15,32.27,32.92,30.32,31.25,10101260.0,206385280.0
2015-05-18,30.76,34.37,30.42,34.37,15824917.0,335753312.0
2015-05-19,35.86,37.81,35.67,36.97,22530648.0,536195456.0
2015-05-20,37.25,38.56,36.17,36.54,15844453.0,383564672.0
2015-05-21,36.09,40.19,36.09,39.0,19029424.0,472855680.0
2015-05-22,39.41,40.19,37.87,38.41,11725827.0,292519296.0
2015-05-25,38.41,40.19,36.57,38.89,18481584.0,454779328.0
2015-05-26,39.81,40.74,37.09,40.42,13262525.0,342061760.0
2015-05-27,40.19,40.65,39.1,39.94,14483529.0,374241600.0
2015-05-28,39.81,40.46,35.95,35.97,18691652.0,465022976.0
2015-05-29,35.55,37.0,34.34,36.24,12971953.0,300869344.0
2015-06-01,36.46,39.03,36.17,38.7,13017455.0,317190272.0
2015-06-02,38.58,42.5,38.41,41.62,12684862.0,335890848.0
2015-06-03,43.12,45.7,41.75,44.08,16172740.0,462652352.0
2015-06-04,44.82,44.82,39.72,43.91,14220841.0,391014784.0
2015-06-05,45.6,46.37,42.7,44.41,14598631.0,426295424.0
2015-06-08,43.74,44.28,41.42,42.86,11881857.0,328286816.0
2015-06-09,42.35,42.81,41.14,41.89,9109052.0,246569712.0
2015-06-10,41.72,46.08,41.19,46.08,15622933.0,449271648.0
2015-06-11,46.37,47.88,45.47,46.48,12493749.0,376862368.0
2015-06-12,46.23,48.56,46.23,47.16,10337813.0,316722368.0
2015-06-15,47.17,47.17,44.3,44.33,10357563.0,304283648.0
2015-06-16,43.66,43.66,40.36,40.73,12180425.0,328440992.0
2015-06-17,40.96,42.15,37.95,41.95,11881495.0,309763744.0
2015-06-18,41.58,41.85,38.67,39.17,6577483.0,172147984.0
2015-06-19,38.18,39.34,35.26,35.26,9344045.0,223052496.0
2015-06-23,35.38,37.88,33.38,36.35,9415175.0,219026256.0
2015-06-24,36.89,37.82,35.55,37.13,8110813.0,192841744.0
2015-06-25,37.33,37.68,34.0,34.28,7199138.0,167490768.0
2015-06-26,32.57,33.06,30.85,30.85,10290977.0,209952608.0
2015-06-29,31.67,31.81,27.76,27.76,14960040.0,282607616.0
2015-06-30,27.2,29.68,24.98,29.12,16397167.0,284013120.0
2015-07-01,28.9,30.14,26.21,26.21,13996077.0,259812736.0
2015-07-02,26.21,26.97,23.59,23.59,12499154.0,198850448.0
2015-07-03,22.69,23.63,21.22,21.22,11567360.0,163251280.0
2015-07-06,23.26,23.31,19.1,19.44,17727156.0,240601936.0
2015-07-07,17.93,18.58,17.5,17.5,8740594.0,100991136.0
2015-07-09,15.75,19.24,15.75,19.24,28025866.0,322303776.0
2015-07-10,21.18,21.18,20.68,21.18,7208332.0,98730632.0
2015-07-13,23.29,23.29,22.89,23.29,16792014.0,252869216.0
2015-07-14,24.57,25.63,23.76,25.63,36554448.0,596549376.0
2015-07-15,24.88,24.88,23.06,23.06,14294646.0,220154592.0
2015-07-16,21.16,24.39,20.76,23.69,19214992.0,282380288.0
2015-07-17,23.62,26.06,23.46,25.58,15561812.0,250201920.0
2015-07-20,25.58,25.98,24.47,25.1,21571340.0,353433600.0
2015-07-21,24.67,25.97,23.96,25.91,16469292.0,267439936.0
2015-07-22,26.12,27.05,25.57,26.8,16155664.0,275328768.0
2015-07-23,26.57,27.67,26.04,27.34,13486991.0,234833488.0
2015-07-24,27.51,28.29,25.84,26.35,12959493.0,229460288.0
2015-07-27,25.5,27.36,23.73,23.73,18031448.0,300471104.0
2015-07-28,21.36,23.77,21.36,21.47,19284572.0,272909984.0
2015-07-29,22.07,22.84,19.94,22.6,17743708.0,244070912.0
2015-07-30,22.18,23.65,21.56,22.01,15988255.0,233934768.0
2015-07-31,21.36,21.99,20.11,20.82,13221917.0,181379152.0
2015-08-03,20.16,20.45,19.01,19.48,10897051.0,139274784.0
2015-08-04,19.78,21.42,19.48,21.42,15041368.0,198133280.0
2015-08-05,21.52,22.63,21.33,21.98,19467616.0,275819712.0
2015-08-06,21.18,22.4,21.18,22.01,10849601.0,153914784.0
2015-08-07,22.38,23.77,22.15,23.49,14579021.0,215439808.0
2015-08-10,23.82,25.63,23.51,25.32,17166348.0,274840960.0
2015-08-11,25.43,26.68,25.05,26.15,19683406.0,331183072.0
2015-08-12,25.97,27.11,25.35,25.57,20056100.0,340459008.0
2015-08-13,25.27,26.6,25.15,26.59,17217380.0,290645024.0
2015-08-27,23.93,23.93,23.93,23.93,633000.0,9798840.0
2015-08-28,21.53,24.71,21.53,24.57,38132608.0,557824640.0
2015-08-31,23.18,23.46,22.12,22.12,20603552.0,302032576.0
2015-09-01,21.04,21.25,19.91,19.91,14038084.0,183030592.0
2015-09-02,18.24,19.94,17.91,17.91,16513204.0,195840400.0
2015-09-07,18.39,18.98,18.08,18.39,13083563.0,156294912.0
2015-09-08,18.21,19.74,17.8,19.49,11178621.0,135389808.0
2015-09-09,19.75,21.25,19.4,20.91,17436744.0,231115744.0
2015-09-10,20.4,20.74,19.78,19.88,10164041.0,133819568.0
2015-09-11,19.71,20.65,19.58,20.5,9864743.0,128541544.0
2015-09-14,20.54,21.53,18.72,18.8,16362036.0,215845632.0
2015-09-15,18.08,18.98,16.91,17.08,11800522.0,136622352.0
2015-09-16,16.86,18.8,16.86,18.78,9828972.0,113599960.0
2015-09-17,18.78,19.97,18.33,18.52,12306494.0,152728240.0
2015-09-18,18.72,19.94,18.59,19.75,10451850.0,130803784.0
2015-09-21,19.17,20.93,19.03,20.71,9985656.0,132673568.0
2015-09-22,20.71,21.45,20.25,20.59,8212540.0,110821256.0
2015-09-23,20.25,21.38,20.17,21.0,9188010.0,124290616.0
2015-09-24,21.21,21.73,20.59,21.31,8621352.0,118621904.0
2015-09-25,21.02,21.64,19.83,20.02,6278303.0,83926472.0
2015-09-28,19.75,20.94,19.51,20.73,5814264.0,75463440.0
2015-09-29,20.12,20.63,19.92,20.03,5133478.0,67046116.0
2015-09-30,20.08,20.48,19.94,20.06,3452554.0,45111268.0
2015-10-08,20.79,22.07,20.48,21.47,12769102.0,177377696.0
2015-10-09,21.48,22.77,21.25,22.72,10166850.0,146496528.0
2015-10-12,22.75,24.65,22.74,24.05,15446450.0,239290160.0
2015-10-13,23.74,25.41,23.52,24.91,10006526.0,159481360.0
2015-10-14,24.57,25.21,23.96,24.47,9479514.0,149706112.0
2015-10-15,24.47,26.41,24.19,26.28,9651793.0,160560496.0
2015-10-16,26.27,26.85,25.5,26.29,13333692.0,224419728.0
2015-10-19,26.43,27.67,25.81,26.86,22754986.0,393989952.0
2015-10-20,27.05,27.13,25.89,26.49,9221877.0,157153504.0
2015-10-21,26.6,27.16,23.85,23.88,11567506.0,190504544.0
2015-10-22,23.96,25.04,23.63,24.87,13569820.0,214718960.0
2015-10-23,25.04,26.74,24.85,26.35,13698182.0,231218416.0
2015-10-26,27.13,29.0,26.75,27.57,21317804.0,389129856.0
2015-10-27,27.51,30.23,26.75,30.2,18591898.0,347139136.0
2015-10-28,29.83,31.92,28.36,28.56,21782096.0,425050400.0
2015-10-29,29.29,30.0,28.25,29.46,10131558.0,192483552.0
2015-10-30,29.43,29.95,28.41,28.96,11953979.0,226561984.0
2015-11-02,27.98,30.73,27.51,29.89,14196095.0,271242784.0
2015-11-03,30.19,32.88,30.14,32.43,21756184.0,448108032.0
2015-11-04,32.53,33.54,32.3,33.01,18853832.0,401410688.0
2015-11-05,32.77,35.09,32.43,34.16,16542095.0,365260064.0
2015-11-06,34.16,37.57,33.97,36.68,19409994.0,452858144.0
2015-11-09,36.15,37.39,34.31,36.23,14112496.0,330014880.0
2015-11-10,35.94,37.81,35.38,36.45,12222050.0,288673728.0
2015-11-11,35.84,37.11,34.48,35.33,15486630.0,356086880.0
2015-11-12,35.38,35.86,33.69,34.37,14327460.0,318114976.0
2015-11-13,34.0,34.41,33.29,33.91,9862861.0,216250448.0
2015-11-16,33.79,35.83,32.91,34.61,13219882.0,297440032.0
2015-11-17,35.15,35.38,33.52,34.06,13543318.0,301775936.0
2015-11-18,33.9,34.36,32.02,32.26,12161916.0,258981552.0
2015-11-19,32.13,34.59,31.53,33.9,11365959.0,241084288.0
2015-11-20,34.34,34.78,32.86,33.82,11637091.0,252712096.0
2015-11-23,33.65,34.23,33.15,33.51,8571186.0,186992320.0
2015-11-24,34.0,35.09,33.42,35.05,11735635.0,260932688.0
2015-11-25,35.67,36.74,35.01,36.41,13112385.0,303311680.0
2015-11-26,36.24,37.71,35.52,37.37,15393572.0,364882048.0
2015-11-27,37.09,37.34,33.63,34.19,13645879.0,315690848.0
2015-11-30,34.39,34.54,30.9,33.86,12369779.0,269768032.0
2015-12-01,33.48,33.8,30.88,31.82,14553059.0,304415450.0
2015-12-02,32.26,33.18,29.41,33.0,10913089.0,221428176.0
2015-12-03,32.77,34.31,32.3,33.6,6683005.0,145216559.0
2015-12-04,33.46,33.91,32.4,32.46,5910211.0,126393856.0
2015-12-07,32.58,33.55,32.15,32.98,4903074.0,104165691.0
2015-12-08,32.94,33.59,32.55,32.67,6321472.0,135538288.0
2015-12-09,32.38,32.77,31.48,31.72,6233568.0,128654846.0
2015-12-10,31.76,32.23,31.68,31.9,3496030.0,72218464.0
2015-12-11,31.76,31.95,30.99,31.13,3568552.0,72423184.0
2015-12-14,30.7,33.35,30.29,32.55,6613607.0,138662480.0
2015-12-15,32.55,33.88,32.55,33.54,4691037.0,101304952.0
2015-12-16,33.38,36.89,32.94,35.98,11921604.0,271199680.0
2015-12-17,35.64,37.6,35.55,36.51,12254566.0,292413856.0
2015-12-18,36.63,37.51,35.35,36.29,8961975.0,210120128.0
2015-12-21,36.28,37.56,35.56,37.48,8464328.0,201506080.0
2015-12-22,37.3,37.67,36.49,37.03,6905973.0,165128337.0
2015-12-23,37.02,37.17,35.55,36.2,5752775.0,135199056.0
2015-12-24,36.17,36.55,35.49,36.37,3579132.0,83453936.0
2015-12-25,36.32,39.41,36.17,39.27,9835029.0,245180610.0
2015-12-28,39.24,39.38,37.02,37.09,7867572.0,194450312.0
2015-12-29,36.96,38.16,36.34,37.95,6759404.0,163627974.0
2015-12-30,37.6,39.72,37.6,38.64,5872765.0,147742537.0
2015-12-31,39.03,39.07,37.56,38.49,5156253.0,127856196.0
2016-01-04,38.64,38.64,34.64,34.65,6509057.0,151830611.0
2016-01-05,32.69,35.09,31.22,33.59,9479122.0,203461563.0
2016-01-06,33.38,34.47,32.12,33.82,7576338.0,161942020.0
2016-01-07,33.08,33.08,30.43,30.45,1250000.0,25340817.0
2016-01-08,30.88,31.68,28.61,29.24,11102340.0,215573095.0
2016-01-11,28.24,29.15,26.32,26.32,7398053.0,130587331.0
2016-01-12,25.81,26.74,23.69,25.21,17141366.0,273392814.0
2016-01-13,25.5,26.18,23.35,23.54,9889796.0,160129690.0
2016-01-14,22.38,24.96,22.38,24.54,6966843.0,107651718.0
2016-01-15,24.27,24.64,22.72,23.25,5994259.0,91977502.0
2016-01-18,22.88,24.5,22.57,23.97,7244561.0,111442616.0
2016-01-19,24.11,26.37,23.97,26.37,11317764.0,188681278.0
2016-01-20,26.09,27.9,25.89,26.38,12534856.0,218163364.0
2016-01-21,26.38,27.13,25.13,25.24,7792582.0,133284173.0
2016-01-22,25.89,26.09,24.08,25.67,6965099.0,113707518.0
2016-01-25,27.42,28.24,27.05,28.24,14330685.0,257703636.0
2016-01-26,27.67,28.22,25.5,26.32,11679245.0,205264224.0
2016-01-27,26.27,26.72,23.69,25.75,9555799.0,154889369.0
2016-01-28,25.5,26.21,23.8,23.91,8006877.0,130313508.0
2016-01-29,23.83,25.8,23.83,25.3,11372196.0,182347877.0
2016-02-01,25.19,25.39,23.8,24.27,6992487.0,111150385.0
2016-02-02,24.27,25.67,24.27,25.16,9893473.0,161027522.0
2016-02-03,24.75,25.95,24.23,25.72,7857316.0,126815530.0
2016-02-04,25.81,26.88,25.78,26.23,8223918.0,140374812.0
2016-02-05,26.38,26.48,25.56,25.67,6292695.0,105384098.0
2016-02-15,24.71,26.12,24.61,25.8,5344623.0,87446993.0
2016-02-16,26.04,27.51,25.93,27.2,7498607.0,130835170.0
2016-02-17,27.2,28.13,26.86,27.56,8136389.0,144479259.0
2016-02-18,27.91,28.56,27.2,27.48,8876626.0,160239042.0
2016-02-19,27.33,27.82,27.09,27.51,6286169.0,111606643.0
2016-02-22,28.01,28.75,27.67,28.59,9794213.0,179571359.0
2016-02-23,28.5,28.5,27.51,27.91,7990590.0,144688150.0
2016-02-24,27.82,28.1,26.26,27.36,9870855.0,172952600.0
2016-02-25,27.13,27.17,24.62,24.64,11657276.0,194286817.0
2016-02-26,24.75,25.46,24.45,25.02,6691751.0,107776279.0
2016-02-29,24.61,24.9,23.0,23.42,7233360.0,110366700.0
2016-03-01,23.6,24.25,23.17,24.16,4459916.0,68467825.0
2016-03-02,24.11,26.11,24.08,25.72,6151905.0,100125662.0
2016-03-03,25.66,26.79,25.66,25.69,6377286.0,107822003.0
2016-03-04,25.52,25.93,24.27,24.61,4655345.0,75311132.0
2016-03-07,24.88,25.49,24.61,25.15,3471005.0,56241763.0
2016-03-08,25.27,25.27,23.59,24.95,4314804.0,68079196.0
2016-03-09,24.31,24.91,23.96,24.33,2658381.0,41878336.0
2016-03-10,24.31,24.65,23.31,23.52,4055658.0,62903075.0
2016-03-11,23.52,24.22,23.14,23.54,3858653.0,58538663.0
2016-03-14,23.89,25.02,23.77,24.73,6379498.0,101703864.0
2016-03-15,24.57,25.05,24.25,24.44,3462687.0,55108266.0
2016-03-16,24.67,24.82,24.07,24.16,2957601.0,46709319.0
2016-03-17,24.22,25.58,24.22,25.35,6307089.0,102483753.0
2016-03-18,25.73,26.69,25.46,26.43,8385210.0,141992668.0
2016-03-21,27.02,27.53,26.63,26.89,10205829.0,178663441.0
2016-03-22,26.66,27.17,26.46,26.6,6482396.0,112869616.0
2016-03-23,26.45,29.26,26.45,29.26,12039241.0,215022888.0
2016-03-24,28.84,31.5,28.53,29.85,20314059.0,394276198.0
2016-03-25,28.59,28.9,27.46,28.52,17279527.0,315578453.0
2016-03-28,28.41,29.14,27.4,27.62,11116116.0,203328994.0
2016-03-29,27.79,27.98,26.83,27.45,8977235.0,158594680.0
2016-03-30,27.96,28.24,27.42,28.18,14484558.0,261776448.0
2016-03-31,28.3,28.44,27.84,28.05,10537789.0,191404148.0
2016-04-01,27.98,28.11,27.06,27.53,7417855.0,132185941.0
2016-04-05,27.77,28.27,27.17,28.15,9211851.0,166365775.0
2016-04-06,27.98,28.36,27.61,28.16,7384949.0,133970297.0
2016-04-07,28.22,28.36,27.4,27.61,7698518.0,138310055.0
2016-04-08,27.16,27.8,27.12,27.73,5839317.0,103867690.0
2016-04-11,27.99,28.59,27.95,28.25,8523360.0,155913326.0
2016-04-12,28.08,28.41,27.59,28.08,4966764.0,90051458.0
2016-04-13,28.24,29.18,28.21,28.55,11149265.0,206732511.0
2016-04-14,28.56,29.2,28.49,29.09,7810201.0,145682656.0
2016-04-15,29.17,29.57,28.8,29.27,9137182.0,172824743.0
2016-04-18,28.9,28.95,28.21,28.33,6450698.0,118754498.0
2016-04-19,28.45,28.95,27.2,27.82,9051378.0,163256342.0
2016-04-20,27.81,28.7,25.52,26.23,9339199.0,161384824.0
2016-04-21,26.09,26.74,25.66,25.92,5473029.0,93141081.0
2016-04-22,25.52,26.23,25.39,26.11,4135591.0,69149708.0
2016-04-25,26.17,26.17,25.18,26.03,4860181.0,80605996.0
2016-04-26,25.97,26.37,25.75,26.12,2809406.0,47307132.0
2016-04-27,26.04,26.37,25.98,26.15,3551530.0,60182426.0
2016-04-28,26.15,26.68,25.83,26.29,3525866.0,59996314.0
2016-04-29,26.14,26.55,25.9,26.21,2595844.0,43923053.0
2016-05-03,26.27,26.97,25.9,26.96,6428224.0,110562777.0
2016-05-04,26.85,27.45,26.74,27.42,6837556.0,120303695.0
2016-05-05,26.69,27.43,26.69,27.28,4551968.0,79849014.0
2016-05-06,27.2,27.43,26.12,26.26,6276601.0,107815724.0
2016-05-09,25.84,26.26,24.73,25.21,6514059.0,106274955.0
2016-05-10,25.19,25.5,24.85,25.19,2327044.0,37936621.0
2016-05-11,25.58,25.58,23.51,24.34,7089510.0,111600119.0
2016-05-12,24.42,24.84,23.49,24.54,3776249.0,59219294.0
2016-05-13,24.44,24.76,24.23,24.54,2186494.0,34666594.0
2016-05-16,24.27,24.71,24.11,24.61,3260910.0,51457394.0
2016-05-17,24.61,24.67,24.3,24.45,2942329.0,46578841.0
2016-05-18,24.14,24.28,23.46,23.8,3630531.0,55762234.0
2016-05-19,23.74,24.27,23.73,23.79,2722314.0,42176920.0
2016-05-20,23.65,24.19,23.28,24.07,3057033.0,46830185.0
2016-05-23,24.14,24.62,23.99,24.5,2793519.0,43959622.0
2016-05-24,24.41,24.45,23.96,24.02,2169601.0,33876008.0
2016-05-25,24.19,24.88,24.14,24.56,3997769.0,63293307.0
2016-05-26,24.64,24.64,23.99,24.53,2485642.0,39203126.0
2016-05-27,24.57,24.57,24.14,24.34,2289720.0,36065239.0
2016-05-30,24.2,24.51,23.8,24.17,2149112.0,33649405.0
2016-05-31,24.39,25.27,24.23,25.18,6329512.0,101516689.0
2016-06-01,25.5,25.61,25.04,25.15,5750516.0,94101115.0
2016-06-02,25.04,25.22,24.93,25.15,4385152.0,71072527.0
2016-06-03,25.18,25.27,24.84,25.07,5423757.0,87830669.0
2016-06-06,25.21,25.97,25.1,25.5,7935038.0,130890284.0
2016-06-07,25.47,25.55,25.04,25.16,3400729.0,55449472.0
2016-06-08,25.19,25.35,24.68,24.96,4002650.0,64538104.0
2016-06-13,24.65,24.78,23.68,23.73,3942087.0,62244191.0
2016-06-14,23.74,24.25,23.65,24.07,2567194.0,39648790.0
2016-06-15,23.91,24.96,23.76,24.76,3417316.0,54312947.0
2016-06-16,24.9,24.9,24.42,24.65,3219590.0,50812165.0
2016-06-17,24.73,25.42,24.68,25.04,3651012.0,58822286.0
2016-06-20,25.26,25.26,24.81,25.09,2924129.0,46956579.0
2016-06-21,25.21,25.46,24.71,24.79,3486521.0,55788542.0
2016-06-22,24.76,25.03,24.57,24.93,3398227.0,54039013.0
2016-06-23,24.93,25.12,24.62,24.65,2742220.0,43623827.0
2016-06-24,24.67,24.92,23.43,24.28,4400073.0,68523604.0
2016-06-27,24.26,24.95,24.2,24.84,2920674.0,46243099.0
2016-06-28,24.82,25.95,24.67,25.93,7955765.0,130299558.0
2016-06-29,26.01,26.06,25.62,25.82,4733444.0,78297813.0
2016-06-30,26.15,27.7,26.15,26.82,10056514.0,174973008.0
2016-07-01,26.7,27.23,26.26,26.49,4374644.0,74917074.0
2016-07-04,26.37,27.32,26.06,27.23,5508465.0,95533054.0
2016-07-05,27.21,27.4,26.74,27.13,4320514.0,74866923.0
2016-07-06,27.12,27.62,26.85,27.24,4977887.0,86733273.0
2016-07-07,27.24,27.59,27.12,27.38,5241444.0,91918718.0
2016-07-08,27.46,27.7,26.85,27.24,3945603.0,68876354.0
2016-07-11,27.3,27.3,26.76,26.77,2769853.0,47956441.0
2016-07-12,26.68,26.96,25.9,26.7,6459762.0,108879376.0
2016-07-13,26.63,26.76,26.52,26.63,4466157.0,76286604.0
2016-07-14,26.91,26.91,26.56,26.65,2778744.0,47446402.0
2016-07-15,26.63,26.79,26.14,26.49,4463011.0,75259663.0
2016-07-18,26.4,27.7,26.26,27.46,7190013.0,124720750.0
2016-07-19,27.38,27.45,26.7,27.35,6077455.0,105572306.0
2016-07-20,27.18,27.3,27.04,27.12,2647028.0,46031640.0
2016-07-21,27.15,27.95,26.99,27.63,7182544.0,126362710.0
2016-07-22,27.6,28.71,27.3,27.98,7105735.0,127274599.0
2016-07-25,27.9,27.93,27.38,27.52,3069766.0,54315016.0
2016-07-26,27.52,27.85,27.46,27.79,2446332.0,43397498.0
2016-07-27,27.79,28.38,26.52,27.15,7580154.0,133982409.0
2016-07-28,27.07,27.54,26.7,27.2,2929000.0,50916891.0
2016-07-29,26.96,27.43,26.96,27.09,1455174.0,25375331.0
2016-08-01,27.09,27.09,25.75,26.62,6455930.0,108353039.0
2016-08-02,26.42,26.59,26.2,26.51,2013293.0,34038133.0
2016-08-03,26.51,26.62,26.18,26.34,3002145.0,50674264.0
2016-08-04,26.21,26.35,25.85,26.26,3059803.0,51105051.0
2016-08-05,26.15,26.35,26.04,26.14,1861344.0,31236388.0
2016-08-08,26.18,26.9,25.98,26.74,4016320.0,68513543.0
2016-08-09,26.79,27.3,26.63,27.24,4673932.0,81157183.0
2016-08-10,27.15,27.34,26.9,27.21,2110954.0,36701513.0
2016-08-11,27.07,27.26,26.79,26.81,2080644.0,36063183.0
2016-08-12,26.71,26.91,26.45,26.76,2915500.0,49765844.0
2016-08-15,26.76,27.88,26.68,27.45,6319285.0,110707421.0
2016-08-16,27.49,27.9,27.4,27.6,5143193.0,91056867.0
2016-08-17,27.57,27.76,27.4,27.66,4615561.0,81736272.0
2016-08-18,27.51,28.66,27.51,28.34,5476982.0,98865112.0
2016-08-19,28.18,29.29,28.18,28.73,7708238.0,143089890.0
2016-08-22,28.8,28.83,27.7,27.87,3385313.0,61046284.0
2016-08-23,27.85,28.19,27.48,28.12,2322013.0,41579006.0
2016-08-24,28.12,28.27,27.32,27.87,2697129.0,48256372.0
2016-08-25,27.77,27.99,27.38,27.93,2459520.0,43533414.0
2016-08-26,28.57,30.69,28.57,29.71,15954115.0,302903383.0
2016-08-29,29.49,30.14,28.96,29.88,7852174.0,149207606.0
2016-08-30,29.65,29.91,29.46,29.58,8307751.0,157824455.0
2016-08-31,29.57,29.57,29.04,29.16,3497293.0,65661273.0
2016-09-01,29.15,29.47,28.94,29.13,2856934.0,53465553.0
2016-09-02,29.02,29.77,29.02,29.47,6662102.0,125627912.0
2016-09-05,29.47,30.36,29.05,29.08,6429680.0,122582332.0
2016-09-06,29.02,31.49,28.9,30.93,10537715.0,205078394.0
2016-09-07,31.05,32.72,30.44,31.47,9026424.0,181265231.0
2016-09-08,31.44,33.5,31.36,32.8,10448936.0,219333740.0
2016-09-09,32.84,33.05,31.61,32.25,8016917.0,166137420.0
2016-09-12,31.35,32.58,30.93,32.0,6194928.0,126952013.0
2016-09-13,31.99,33.45,31.99,33.36,6034655.0,127311909.0
2016-09-14,33.31,33.31,32.45,32.69,5933126.0,124974378.0
2016-09-19,32.7,34.33,31.94,34.08,6526447.0,139504333.0
2016-09-20,33.87,35.62,33.48,33.77,12702761.0,283002160.0
2016-09-21,33.78,34.09,32.73,33.08,6587001.0,140068539.0
2016-09-22,33.23,34.01,33.22,33.44,4366856.0,94046876.0
2016-09-23,34.33,34.33,32.81,33.09,3873594.0,82643703.0
2016-09-26,32.81,33.05,31.86,31.91,4764996.0,98920342.0
2016-09-27,31.6,33.2,31.44,33.17,6093471.0,126294445.0
2016-09-28,33.22,34.06,32.61,33.22,4997375.0,106743155.0
2016-09-29,33.06,33.62,32.84,33.41,3801691.0,81051501.0
2016-09-30,33.41,34.16,33.09,33.22,3227742.0,69919411.0
2016-10-10,33.22,33.23,31.21,31.49,11127002.0,226022397.0
2016-10-11,31.35,31.6,30.86,31.49,7631268.0,152363044.0
2016-10-12,31.21,31.35,30.79,31.16,4041414.0,80393116.0
2016-10-13,31.13,31.52,30.68,30.99,3781318.0,75184016.0
2016-10-14,31.18,31.38,30.54,31.03,6143669.0,121675702.0
2016-10-17,31.19,31.95,31.05,31.67,6775755.0,137434708.0
2016-10-18,31.63,31.92,31.03,31.66,4260642.0,85891494.0
2016-10-19,31.66,31.92,30.99,31.03,5159021.0,103581483.0
2016-10-20,31.03,31.36,30.89,31.11,3273094.0,65309914.0
2016-10-21,31.14,33.05,30.29,32.63,11801192.0,238078491.0
2016-10-24,32.53,33.36,32.22,33.2,8506136.0,179451494.0
2016-10-25,33.0,35.11,32.86,34.98,9444217.0,206077593.0
2016-10-26,34.8,35.87,34.22,34.73,7597754.0,170806262.0
2016-10-27,34.69,35.11,33.86,34.95,3867129.0,85525029.0
2016-10-28,34.98,35.08,33.67,33.78,4433077.0,97001494.0
2016-10-31,33.56,34.25,33.16,33.42,3023846.0,65080482.0
2016-11-01,33.33,33.95,33.06,33.23,4583750.0,98490433.0
2016-11-02,33.23,33.95,32.61,32.81,3584161.0,75621389.0
2016-11-03,32.56,33.47,32.56,32.88,4619979.0,97894093.0
2016-11-04,32.92,33.19,32.27,32.33,4558716.0,95332347.0
2016-11-07,32.39,32.8,32.19,32.44,3846825.0,80177092.0
2016-11-08,32.53,33.38,32.45,32.95,4707930.0,99347629.0
2016-11-09,33.02,33.11,32.0,32.42,3876391.0,80954141.0
2016-11-10,32.73,34.05,32.61,33.94,7412562.0,159823054.0
2016-11-11,33.91,34.25,33.47,33.78,4516784.0,97985664.0
2016-11-14,33.69,34.25,33.39,33.89,3589733.0,77733212.0
2016-11-15,33.89,34.3,33.41,33.83,3526061.0,76604522.0
2016-11-16,33.84,34.14,33.36,33.41,2479098.0,53241525.0
2016-11-17,33.38,33.66,32.8,32.92,2566440.0,54356485.0
2016-11-18,32.84,33.0,32.63,32.88,1737099.0,36546051.0
2016-11-21,33.0,33.2,32.39,32.59,3153111.0,66027151.0
2016-11-22,32.55,32.84,32.39,32.66,2431385.0,50768269.0
2016-11-23,32.53,32.84,32.13,32.36,3634498.0,75328064.0
2016-11-24,32.38,32.56,31.49,31.69,3694890.0,75531182.0
2016-11-25,31.44,32.56,31.38,32.45,3520214.0,72582702.0
2016-11-28,32.45,32.89,31.77,32.11,3792451.0,78209393.0
2016-11-29,32.06,32.69,31.86,31.99,3224102.0,66588443.0
2016-11-30,32.14,32.14,31.22,31.94,3502090.0,70950582.0
2016-12-01,31.81,31.97,31.67,31.85,2740391.0,55914734.0
2016-12-02,31.92,32.13,31.25,31.36,1805537.0,36438997.0
2016-12-05,31.44,31.72,29.57,30.18,5549583.0,108380369.0
2016-12-06,30.19,31.11,29.93,30.66,2810923.0,54673318.0
2016-12-07,30.64,31.35,30.5,31.05,2140781.0,42477179.0
2016-12-08,31.18,31.21,30.44,31.1,2133781.0,42136800.0
2016-12-09,31.16,31.33,30.83,31.08,1400186.0,27948244.0
2016-12-12,31.08,31.13,29.08,29.55,2489413.0,47825396.0
2016-12-13,29.57,29.85,28.88,29.32,2176978.0,40677747.0
2016-12-14,29.32,29.66,28.3,28.52,2950298.0,54803763.0
2016-12-15,28.41,29.21,28.41,28.96,1678143.0,31103327.0
2016-12-16,29.02,29.64,28.94,29.3,1517543.0,28568292.0
2016-12-19,29.58,29.58,28.37,28.41,2287854.0,42267169.0
2016-12-20,28.43,29.47,28.43,29.18,4007180.0,74982573.0
2016-12-21,29.47,29.93,29.21,29.47,3813664.0,72589716.0
2016-12-22,29.61,29.88,28.88,29.04,2551698.0,48119505.0
2016-12-23,29.01,29.66,28.99,29.4,2690755.0,50752392.0
2016-12-26,29.4,29.57,28.29,28.88,3778627.0,69510328.0
2016-12-27,28.91,29.02,28.18,28.3,4393516.0,80395616.0
2016-12-28,28.41,29.02,28.3,28.69,2769729.0,50900647.0
2016-12-29,28.66,28.88,28.37,28.48,2179427.0,39948339.0
2016-12-30,28.4,28.69,28.4,28.55,2049867.0,37507275.0
2017-01-03,28.57,28.94,28.43,28.54,3901493.0,71485980.0
2017-01-04,28.62,28.76,28.19,28.55,4822948.0,87951591.0
2017-01-05,28.51,29.46,28.51,29.44,6742976.0,125046726.0
2017-01-06,29.19,29.4,28.86,29.25,4875039.0,90796657.0
2017-01-09,29.11,29.25,28.37,28.55,5601984.0,102895923.0
2017-01-10,28.55,28.69,27.38,27.59,7964843.0,142225836.0
2017-01-11,27.59,27.63,26.82,27.32,5054166.0,88105441.0
2017-01-12,27.15,27.45,26.56,26.76,4237638.0,73099343.0
2017-01-13,26.76,26.88,25.6,25.76,5244774.0,87909267.0
2017-01-16,25.89,26.15,24.46,25.42,5371855.0,88481391.0
2017-01-17,25.53,26.01,25.14,25.89,3361364.0,55049204.0
2017-01-18,25.92,26.46,25.78,26.1,2842592.0,47732857.0
2017-01-19,25.78,26.14,25.75,25.85,1880437.0,31241719.0
2017-01-20,25.76,26.6,25.75,26.49,2757413.0,46511822.0
2017-01-23,26.37,27.46,26.29,27.21,4904106.0,85213150.0
2017-01-25,27.15,28.01,26.79,27.77,6152532.0,109483633.0
2017-01-26,27.63,27.88,27.63,27.74,2305109.0,40997943.0
2017-02-03,27.88,27.88,26.99,27.73,2661153.0,47018321.0
2017-02-06,27.6,27.6,26.99,27.16,3655891.0,63808573.0
2017-02-07,27.15,27.32,26.7,27.15,3109209.0,53874621.0
2017-02-08,26.99,26.99,26.34,26.96,4085106.0,69845274.0
2017-02-09,26.96,28.02,26.85,27.91,4351623.0,76818532.0
2017-02-10,27.9,27.95,27.23,27.3,3282814.0,58274514.0
2017-02-13,27.46,27.57,27.05,27.3,2425396.0,42384926.0
2017-02-14,27.3,27.57,27.13,27.35,2539274.0,44444262.0
2017-02-15,27.18,27.43,26.62,26.66,2716572.0,47111109.0
2017-02-16,26.65,27.05,26.65,26.95,1984963.0,34168523.0
2017-02-17,27.01,27.54,26.7,27.48,2559337.0,44453455.0
2017-02-20,27.35,27.85,27.1,27.74,3801969.0,67118494.0
2017-02-21,27.85,30.41,27.85,29.6,13045088.0,244245723.0
2017-02-22,29.33,29.54,29.05,29.33,4618502.0,86556474.0
2017-02-23,29.18,30.27,29.18,29.4,5197157.0,99132967.0
2017-02-24,29.47,30.07,29.21,29.96,4774707.0,90974958.0
2017-02-27,29.66,30.94,29.46,29.52,5372715.0,104308530.0
2017-02-28,29.44,30.16,29.29,29.66,3250443.0,61920527.0
2017-03-01,29.66,30.27,29.64,29.91,3635301.0,69774795.0
2017-03-02,29.8,30.36,29.8,29.91,3127812.0,60244189.0
2017-03-03,29.96,31.0,29.8,30.38,5357917.0,104787929.0
2017-03-06,31.03,31.92,30.77,31.6,8408975.0,169801634.0
2017-03-07,31.88,32.45,31.13,31.69,8341276.0,170751000.0
2017-03-08,31.78,32.73,31.14,32.14,8551952.0,175843162.0
2017-03-09,32.03,32.59,31.6,31.67,4505406.0,92455650.0
2017-03-10,31.67,32.7,31.14,32.53,6153701.0,126871390.0
2017-03-13,32.53,33.89,32.53,33.06,12024814.0,257480827.0
2017-03-14,33.2,33.91,32.83,33.55,5715266.0,122676659.0
2017-03-15,33.53,34.28,31.52,33.64,5022993.0,108236609.0
2017-03-16,33.48,34.08,33.16,33.75,4643527.0,99845056.0
2017-03-17,33.64,33.78,32.27,32.33,6802435.0,142950282.0
2017-03-20,32.34,32.55,31.3,31.69,7498924.0,151954629.0
2017-03-21,31.81,34.86,31.7,34.53,15146019.0,329531096.0
2017-03-22,34.0,34.7,33.53,34.23,11255471.0,245865718.0
2017-03-23,34.06,35.08,34.06,34.64,8910192.0,197441721.0
2017-03-24,34.61,34.89,34.19,34.37,3544492.0,78444827.0
2017-03-27,33.94,34.62,32.86,33.34,5357721.0,114759664.0
2017-03-28,33.17,34.01,33.03,33.73,2883993.0,61999419.0
2017-03-29,33.55,33.81,32.56,32.7,3975830.0,83692746.0
2017-03-30,32.75,33.11,31.49,31.72,4151098.0,84610594.0
2017-03-31,31.75,32.09,31.28,31.64,3783726.0,76430715.0
2017-04-05,31.63,32.92,31.63,32.59,4249773.0,88668187.0
2017-04-06,32.59,33.09,32.22,32.95,3007580.0,62818491.0
2017-04-07,32.69,33.0,31.86,32.33,4325958.0,89760233.0
2017-04-10,32.45,32.45,30.93,31.19,5521193.0,110603534.0
2017-04-11,30.97,31.83,30.71,31.27,4652355.0,93345919.0
2017-04-12,31.21,31.63,30.75,31.49,2987246.0,60112119.0
2017-04-13,31.28,31.46,31.07,31.35,1392354.0,27909401.0
2017-04-14,31.38,31.52,30.63,31.03,1663668.0,33097151.0
2017-04-17,31.14,32.73,30.97,32.28,4475800.0,92395654.0
2017-04-18,32.64,33.47,31.99,33.33,6380100.0,134888327.0
2017-04-19,33.03,33.8,32.14,33.44,4128751.0,87358567.0
2017-04-20,33.48,33.64,32.7,33.41,3331492.0,71024271.0
2017-04-21,33.53,33.81,32.16,32.39,3643179.0,77094907.0
2017-04-24,31.19,31.19,29.15,29.15,5188900.0,97283848.0
2017-04-25,29.15,29.15,26.7,28.8,11022689.0,200348371.0
2017-04-26,28.79,29.16,28.41,29.02,2082234.0,38495789.0
2017-04-27,29.11,29.88,28.37,29.8,3202270.0,59753622.0
2017-04-28,30.18,30.69,29.41,29.74,2660532.0,51111498.0
2017-05-02,29.75,29.94,28.09,28.57,5347296.0,98234658.0
2017-05-03,28.55,28.77,27.3,27.66,5633406.0,100526689.0
2017-05-04,27.59,27.99,27.18,27.48,4419139.0,78051945.0
2017-05-05,27.23,27.7,26.76,26.91,3452729.0,60326911.0
2017-05-08,26.91,27.02,25.6,25.73,5577237.0,94065466.0
2017-05-09,25.89,26.34,25.09,26.21,5998140.0,99250981.0
2017-05-10,26.24,26.73,25.67,26.03,4065627.0,68568067.0
2017-05-11,25.76,26.45,25.76,26.34,2726689.0,45693886.0
2017-05-12,26.7,26.7,25.93,26.32,2106636.0,35529564.0
2017-05-15,26.42,27.07,26.42,26.74,3129601.0,53695883.0
2017-05-16,26.73,26.84,26.12,26.81,4439548.0,75132884.0
2017-05-17,26.68,27.05,26.06,26.21,5095604.0,86789806.0
2017-05-18,26.21,26.21,25.0,25.17,6866040.0,111993897.0
2017-05-19,25.25,25.43,24.81,25.23,4700791.0,75652227.0
2017-05-22,25.21,26.01,25.17,25.51,4282181.0,70424359.0
2017-05-23,25.53,25.7,24.46,24.51,4113111.0,66153084.0
2017-05-24,24.43,24.7,23.56,24.26,3311716.0,51241861.0
2017-05-25,24.36,24.92,23.79,24.68,4688961.0,73151245.0
2017-05-26,24.56,25.39,24.56,25.23,3593966.0,57929386.0
2017-05-31,25.53,25.99,24.42,24.62,3868021.0,62449866.0
2017-06-01,24.5,25.11,24.45,24.62,3302608.0,52549367.0
2017-06-02,24.71,25.36,24.36,25.28,3382138.0,54163077.0
2017-06-05,25.4,25.54,25.15,25.45,1960600.0,31895537.0
2017-06-06,25.53,25.73,25.21,25.65,1819863.0,29739446.0
2017-06-07,25.67,26.21,25.28,26.12,3146460.0,52404937.0
2017-06-08,26.15,26.31,25.78,25.93,2155443.0,35903673.0
2017-06-09,25.92,26.04,25.59,25.84,1415833.0,23356546.0
2017-06-12,25.7,25.9,24.96,25.31,2031051.0,33119181.0
2017-06-13,25.31,25.73,25.2,25.5,1898433.0,30911182.0
2017-06-14,25.5,26.03,25.43,25.81,3397544.0,56242699.0
2017-06-15,25.93,26.45,25.43,26.43,4174188.0,69829514.0
2017-06-16,26.4,26.51,26.14,26.23,1958524.0,32994341.0
2017-06-19,26.14,26.54,26.14,26.39,1976068.0,33347948.0
2017-06-20,26.52,26.66,26.17,26.29,2569440.0,43508097.0
2017-06-21,26.4,26.4,25.6,26.0,1915267.0,31839269.0
2017-06-22,25.87,26.07,25.54,25.59,1625283.0,26875982.0
2017-06-23,25.45,25.81,25.25,25.42,1491608.0,24337591.0
2017-06-26,25.28,25.9,25.28,25.85,1927344.0,31763161.0
2017-06-27,25.85,25.95,25.03,25.32,5761765.0,93730486.0
2017-06-28,25.15,25.5,25.11,25.21,2752423.0,44650168.0
2017-06-29,25.15,25.85,25.15,25.78,2898700.0,47588758.0
2017-06-30,25.9,27.93,25.78,27.79,11284527.0,195320978.0
2017-07-03,27.8,29.57,27.46,28.83,11274148.0,208765917.0
2017-07-04,29.07,29.07,27.99,28.34,4734733.0,85692108.0
2017-07-05,28.7,29.26,28.34,28.7,3540092.0,64984059.0
2017-07-06,28.87,30.2,28.49,29.49,6847204.0,129343439.0
2017-07-07,29.6,29.68,28.9,29.26,2730000.0,50849960.0
2017-07-10,29.04,29.3,28.27,28.59,3007843.0,54956761.0
2017-07-11,28.68,28.68,27.85,27.94,2142839.0,38670114.0
2017-07-12,27.87,28.43,27.22,27.96,3848221.0,68168860.0
2017-07-13,27.98,28.3,27.74,27.99,1441170.0,25841483.0
2017-07-14,27.99,28.95,27.57,28.77,3188429.0,58121547.0
2017-07-17,28.77,29.2,25.89,27.33,6282676.0,111817877.0
2017-07-18,27.19,27.93,26.79,27.79,2946009.0,51590346.0
2017-07-19,27.77,28.63,27.54,28.19,3148951.0,56713967.0
2017-07-20,28.1,28.48,27.73,27.9,2298445.0,41153095.0
2017-07-21,27.47,28.1,27.47,27.87,846300.0,15079715.0
2017-07-24,27.87,28.46,27.49,28.37,2083112.0,37180557.0
2017-07-25,28.46,29.71,28.27,28.98,7755589.0,144197407.0
2017-07-26,29.26,29.85,28.74,29.1,3634242.0,67979420.0
2017-07-27,28.99,29.66,28.99,29.15,2604150.0,48909396.0
2017-07-28,29.18,30.1,29.15,29.99,4246389.0,80542144.0
2017-07-31,29.73,29.73,27.74,28.44,14143403.0,258277381.0
2017-08-01,28.18,28.19,26.93,27.49,9376501.0,164289192.0
2017-08-02,27.49,27.57,26.96,27.07,3884724.0,67711134.0
2017-08-03,27.05,27.4,26.6,27.36,3462899.0,59783597.0
2017-08-04,27.38,27.4,26.91,26.94,2245560.0,38825120.0
2017-08-07,27.07,27.08,26.77,27.07,2106614.0,36221585.0
2017-08-08,27.07,27.1,25.82,26.08,6180003.0,103716366.0
2017-08-09,26.13,26.38,25.86,26.35,2725105.0,45609448.0
2017-08-10,26.46,26.79,26.07,26.36,4217305.0,71174714.0
2017-08-11,26.19,26.25,25.85,26.14,2820632.0,46971456.0
2017-08-14,26.14,26.6,25.89,26.46,3287239.0,55056281.0
2017-08-15,26.47,26.75,26.33,26.58,2904144.0,49172597.0
2017-08-16,26.57,26.63,26.36,26.63,1871610.0,31705407.0
2017-08-17,26.5,26.83,26.33,26.8,2752650.0,46798524.0
2017-08-18,26.58,26.77,26.47,26.66,1371700.0,23362330.0
2017-08-21,26.71,27.29,26.61,27.21,3191679.0,55312246.0
2017-08-22,27.21,27.96,27.21,27.74,3961694.0,70177560.0
2017-08-23,27.74,28.1,27.35,27.38,2500917.0,44187020.0
2017-08-24,27.25,27.38,26.83,26.97,1761044.0,30447813.0
2017-08-25,26.91,27.38,26.91,27.19,1052300.0,18307091.0
2017-08-28,27.1,27.61,27.1,27.32,2228239.0,39016340.0
2017-08-29,27.18,27.65,27.13,27.51,2293498.0,40164406.0
2017-08-30,27.51,27.54,27.18,27.25,1319000.0,23019601.0
2017-08-31,27.22,27.57,27.21,27.36,1180206.0,20650383.0
2017-09-01,27.32,27.32,26.57,26.75,3556987.0,61082475.0
2017-09-04,26.3,27.07,26.29,26.52,3737463.0,63428777.0
2017-09-05,26.54,26.71,26.3,26.33,2826093.0,47867037.0
2017-09-06,27.0,28.16,27.0,27.85,11695853.0,207050487.0
2017-09-07,27.63,27.93,27.38,27.79,5585415.0,98781582.0
2017-09-08,27.73,27.85,27.46,27.66,2904272.0,51283308.0
2017-09-11,27.55,28.12,27.46,28.09,3806018.0,67415753.0
2017-09-12,27.93,28.16,27.07,27.15,4504899.0,79441357.0
2017-09-13,27.11,27.49,26.74,27.33,3194147.0,54994653.0
2017-09-14,27.19,27.19,26.94,27.04,1428400.0,24702727.0
2017-09-15,27.1,27.54,26.85,27.15,1996941.0,34806744.0
2017-09-18,27.16,27.44,26.93,27.33,3082158.0,53831194.0
2017-09-19,27.33,27.44,26.99,27.08,1347605.0,23365644.0
2017-09-20,27.0,27.33,26.93,27.05,1263901.0,21918582.0
2017-09-21,27.07,27.24,26.86,26.9,1059400.0,18337424.0
2017-09-22,26.89,27.1,26.71,27.04,1057510.0,18187163.0
2017-09-25,26.91,27.18,26.36,26.41,2213069.0,37730484.0
2017-09-26,26.46,26.58,25.82,25.97,2506595.0,41912546.0
2017-09-27,26.04,26.44,25.99,26.27,1816411.0,30377173.0
2017-09-28,26.29,26.66,26.29,26.49,2030999.0,34384060.0
2017-09-29,26.6,26.91,26.49,26.85,1861500.0,31876453.0
2017-10-09,27.04,27.07,26.33,26.61,3038898.0,51591880.0
2017-10-10,26.49,26.72,26.29,26.72,2076411.0,35192677.0
2017-10-11,26.6,28.15,26.49,27.69,6756094.0,119325181.0
2017-10-12,27.55,27.98,27.27,27.58,2303861.0,40643814.0
2017-10-13,27.58,27.74,27.22,27.68,1913451.0,33712834.0
2017-10-16,27.63,27.68,26.6,26.85,3036400.0,52324851.0
2017-10-17,26.85,27.02,26.49,26.75,2438263.0,41529945.0
2017-10-18,26.82,26.97,26.6,26.83,1737732.0,29717149.0
2017-10-19,26.83,26.83,26.44,26.63,1060700.0,18011527.0
2017-10-20,26.44,26.88,26.44,26.8,509550.0,8690757.0
2017-10-23,26.8,27.18,26.57,27.07,2324220.0,39958375.0
2017-10-24,27.08,27.54,26.79,27.05,2873905.0,49821064.0
2017-10-25,27.0,27.82,26.94,27.8,5409875.0,95297341.0
2017-10-26,27.63,28.43,27.52,27.66,6441784.0,115019252.0
2017-10-27,27.69,28.44,27.69,28.02,4639636.0,83357757.0
2017-10-30,28.02,28.35,26.63,27.19,4572738.0,79708239.0
2017-10-31,27.38,27.46,26.99,27.35,1733611.0,30120788.0
2017-11-01,27.36,27.49,27.19,27.33,1870100.0,32621298.0
2017-11-02,27.32,27.61,26.96,27.27,2752430.0,47941158.0
2017-11-03,27.07,27.52,27.02,27.19,3424310.0,59602950.0
2017-11-06,27.08,27.46,26.88,27.44,3419449.0,59371423.0
2017-11-07,27.4,27.91,27.32,27.87,4538735.0,80331258.0
2017-11-08,27.76,29.35,27.76,29.34,9985273.0,183673844.0
2017-11-09,29.23,30.01,28.98,29.6,5386081.0,101577517.0
2017-11-10,29.65,29.7,28.9,29.29,4167280.0,77792631.0
2017-11-13,29.62,30.82,29.34,30.48,6527199.0,125856091.0
2017-11-14,30.21,30.98,29.82,30.54,4915598.0,95219946.0
2017-11-15,30.46,30.52,29.77,29.91,3696937.0,71161209.0
2017-11-16,30.01,30.24,29.45,29.9,3106200.0,59316189.0
2017-11-17,29.93,30.16,28.44,28.63,4818900.0,89768896.0
2017-11-20,28.48,28.98,27.38,28.7,3048310.0,55200749.0
2017-11-21,28.66,28.98,27.82,28.24,4008284.0,72478809.0
2017-11-22,28.34,28.54,28.01,28.24,2651660.0,47827638.0
2017-11-23,28.26,28.32,27.04,27.21,3061073.0,54186940.0
2017-11-24,27.07,27.46,26.72,27.27,2607401.0,45037945.0
2017-11-27,27.22,27.65,26.96,27.38,4084694.0,71327867.0
2017-11-28,27.44,27.86,27.22,27.68,2553700.0,44934393.0
2017-11-29,27.71,27.79,26.68,27.77,3425362.0,59749172.0
2017-11-30,27.61,27.98,27.25,27.96,2473552.0,43696957.0
2017-12-01,27.99,28.41,27.41,27.66,3170362.0,56457468.0
2017-12-04,27.61,27.94,27.05,27.18,2574200.0,44997600.0
2017-12-05,27.11,27.29,26.49,26.55,2158100.0,37123478.0
2017-12-06,26.55,27.02,26.52,26.97,1522003.0,26048023.0
2017-12-07,26.97,27.1,26.85,26.97,784061.0,13530365.0
2017-12-08,27.04,27.05,26.86,27.0,1491534.0,25701963.0
2017-12-11,26.94,27.35,26.94,27.32,1145135.0,19930377.0
2017-12-12,27.38,27.38,26.72,26.82,1785000.0,30702941.0
2017-12-13,26.82,26.99,26.69,26.96,655260.0,11248931.0
2017-12-14,26.96,27.36,26.82,27.24,2348480.0,40652419.0
2017-12-15,27.3,27.46,27.02,27.36,3233599.0,56258155.0
2017-12-18,27.38,27.71,27.08,27.69,4809754.0,84311748.0
2017-12-19,27.54,28.13,27.33,27.83,3936168.0,70144444.0
2017-12-20,27.69,28.76,27.65,28.71,5688392.0,103046576.0
2017-12-21,28.71,29.24,28.51,28.73,4328787.0,79481196.0
2017-12-22,28.74,28.91,27.98,28.09,4109439.0,74329084.0
2017-12-25,28.09,28.57,27.86,28.44,2788300.0,50503775.0
2017-12-26,28.32,29.23,28.01,29.15,4596952.0,84853931.0
2017-12-27,29.26,29.29,28.73,28.96,2766469.0,51305844.0
2017-12-28,28.95,29.54,28.66,28.96,3941909.0,73365498.0
2017-12-29,28.95,29.4,28.65,28.93,2483356.0,46006628.0
2018-01-02,29.1,30.01,28.96,29.95,5493398.0,104034954.0
2018-01-03,29.91,30.26,29.51,29.77,3673500.0,70084639.0
2018-01-04,29.79,29.81,29.1,29.35,3657900.0,68593888.0
2018-01-05,29.21,29.66,28.63,28.68,3169321.0,58441804.0
2018-01-08,28.57,30.13,28.51,30.01,6309114.0,118888893.0
2018-01-09,29.85,29.91,29.48,29.55,3078515.0,58337770.0
2018-01-10,29.68,29.87,29.13,29.48,2720809.0,51236002.0
2018-01-11,29.57,29.87,29.34,29.82,2694102.0,51135894.0
2018-01-12,29.73,29.87,29.07,29.63,3417615.0,64533242.0
2018-01-15,29.54,29.84,28.63,28.71,4085096.0,76154811.0
2018-01-16,28.63,29.27,28.34,29.2,3875148.0,71019033.0
2018-01-17,29.09,29.45,28.29,29.18,4965688.0,91098037.0
2018-01-18,29.07,29.54,28.63,29.51,3819717.0,70974911.0
2018-01-19,29.43,29.96,29.32,29.51,2940934.0,55791060.0
2018-01-22,29.38,29.45,28.77,29.23,2681700.0,49709594.0
2018-01-23,29.29,29.85,29.26,29.6,2935134.0,55505507.0
2018-01-24,29.57,30.59,29.43,30.49,5973878.0,115388359.0
2018-01-25,30.49,31.06,29.73,30.42,7091460.0,138394226.0
2018-01-26,30.12,30.32,29.32,29.37,3642029.0,69355183.0
2018-01-29,29.34,29.34,28.09,28.3,4639846.0,84578890.0
2018-01-30,28.1,28.32,27.77,27.93,1894501.0,33970308.0
2018-01-31,27.85,28.63,27.55,28.55,3974495.0,71633339.0
2018-02-01,28.57,28.71,27.35,27.58,2246389.0,40124614.0
2018-02-02,27.6,27.82,27.11,27.47,2116293.0,37093347.0
2018-02-05,27.38,28.07,26.86,27.99,1346600.0,23743041.0
2018-02-06,27.55,27.55,25.89,25.94,6742000.0,114368240.0
2018-02-07,26.3,26.55,24.05,25.21,4148261.0,67056050.0
2018-02-08,25.21,26.04,24.85,25.99,2570771.0,42303750.0
2018-02-09,25.28,25.97,24.53,24.85,2194174.0,35402581.0
2018-02-12,24.85,25.72,24.85,25.46,1131260.0,18377637.0
2018-02-13,25.52,26.1,25.03,25.38,1767644.0,28918968.0
2018-02-14,25.61,25.66,24.88,25.3,1437699.0,23172234.0
2018-02-22,25.38,26.91,25.3,26.88,3048881.0,50852943.0
2018-02-23,26.61,27.0,26.39,26.88,1836895.0,31469771.0
2018-02-26,26.88,27.27,26.52,27.16,1482798.0,25552109.0
2018-02-27,26.99,27.27,26.52,26.55,1528273.0,26221420.0
2018-02-28,26.52,27.05,26.3,26.74,1293631.0,22150819.0
2018-03-01,26.6,26.83,25.63,25.91,4654744.0,77570184.0
2018-03-02,25.83,26.05,25.53,25.97,2566452.0,42439086.0
2018-03-05,25.91,26.21,25.52,25.82,2648599.0,43631914.0
2018-03-06,25.83,26.08,25.72,26.02,1967705.0,32573568.0
2018-03-07,26.0,26.08,25.53,25.63,2315489.0,38054922.0
2018-03-08,25.63,26.08,25.55,26.0,2002099.0,33089601.0
2018-03-09,26.05,26.44,25.91,26.41,2030300.0,34034860.0
2018-03-12,26.44,27.19,26.36,26.99,3368677.0,57929377.0
2018-03-13,27.07,27.55,27.0,27.25,3351723.0,58548477.0
2018-03-14,27.15,27.22,26.82,27.0,1557560.0,26875040.0
2018-03-15,27.04,27.15,26.55,26.97,1389650.0,23851549.0
2018-03-16,27.04,27.07,26.69,26.96,747905.0,12854705.0
2018-03-19,26.83,27.27,26.6,27.21,1513850.0,26183919.0
2018-03-20,26.85,28.35,26.85,28.3,5343841.0,95480569.0
2018-03-21,28.16,28.7,28.05,28.34,3267010.0,59327437.0
2018-03-22,28.32,28.55,27.8,28.29,2703867.0,48687476.0
2018-03-23,26.77,27.77,26.77,27.27,2451100.0,42627650.0
2018-03-26,27.0,27.27,25.99,27.04,3241501.0,54813606.0
2018-03-27,27.38,28.73,27.15,28.62,3129216.0,56034647.0
2018-03-28,28.59,28.66,27.86,27.98,1680134.0,30399451.0
2018-03-29,27.96,28.38,27.79,28.09,1023507.0,18368429.0
2018-03-30,28.13,28.44,27.54,27.74,1785200.0,31823604.0
2018-04-02,27.61,28.91,27.61,28.77,3541291.0,64582305.0
2018-04-03,28.35,28.88,28.18,28.57,2490879.0,45607928.0
2018-04-04,28.4,28.88,28.35,28.35,1431300.0,26126578.0
2018-04-09,28.32,28.46,27.73,27.9,1332983.0,23857687.0
2018-04-10,28.16,28.55,27.82,28.46,1710283.0,30868641.0
2018-04-11,28.55,28.68,28.32,28.55,1541914.0,28085293.0
2018-04-12,28.51,28.9,28.01,28.52,2114075.0,38565017.0
2018-04-13,28.57,29.41,28.57,29.32,3042343.0,56745423.0
2018-04-16,29.26,29.41,28.77,29.29,1912252.0,35551707.0
2018-04-17,29.12,29.49,28.8,29.09,1830600.0,34122756.0
2018-04-18,29.09,29.32,28.16,28.76,1893200.0,34625621.0
2018-04-19,28.66,28.98,28.16,28.27,1569600.0,28651902.0
2018-04-20,28.27,28.44,27.47,27.85,2000859.0,35588430.0
2018-04-23,27.77,28.15,26.75,27.18,1613200.0,28056885.0
2018-04-24,27.16,27.69,26.79,27.35,1514500.0,26375237.0
2018-04-25,27.07,27.73,26.77,27.3,1785991.0,31022672.0
2018-04-26,27.49,28.3,26.85,28.05,2802089.0,49561208.0
2018-04-27,28.05,28.41,27.83,28.04,1766960.0,31762062.0
2018-05-02,28.4,29.95,28.32,29.71,6275592.0,117975056.0
2018-05-03,29.71,30.62,29.43,30.23,4967408.0,95503744.0
2018-05-04,30.43,30.59,29.66,29.98,3056600.0,58703675.0
2018-05-07,29.93,30.95,29.82,30.45,3354863.0,65613875.0
2018-05-08,30.51,30.82,30.04,30.31,2483085.0,48256065.0
2018-05-09,30.31,30.92,30.04,30.39,1803719.0,35227912.0
2018-05-10,30.51,31.43,30.51,31.37,3732941.0,74254872.0
2018-05-11,31.7,32.2,30.98,31.12,3597722.0,72708083.0
2018-05-14,31.12,31.28,30.4,31.26,1912244.0,37743804.0
2018-05-15,32.06,32.4,31.28,31.45,3590500.0,72855028.0
2018-05-16,31.48,33.95,31.48,33.59,9580599.0,203522135.0
2018-05-17,33.76,33.87,33.15,33.7,3418367.0,73256785.0
2018-05-18,33.83,33.98,32.86,33.31,3028028.0,64311919.0
2018-05-21,33.47,34.41,33.4,33.91,3644172.0,78839690.0
2018-05-22,33.67,34.7,33.66,33.89,2705655.0,59023632.0
2018-05-23,34.17,34.2,32.4,33.5,4984289.0,106444141.0
2018-05-24,33.94,34.19,32.43,32.69,3760510.0,80154612.0
2018-05-25,32.83,34.23,32.73,33.67,5369827.0,115683649.0
2018-05-28,34.09,35.45,33.34,35.0,5422608.0,120497964.0
2018-05-29,35.05,35.67,33.19,33.25,6285406.0,138986561.0
2018-05-30,33.48,34.58,32.53,33.5,5235522.0,112309621.0
2018-05-31,33.4,35.59,33.4,34.88,5294316.0,117449045.0
2018-06-01,34.86,36.41,34.11,34.41,5454636.0,123648398.0
2018-06-04,34.75,36.19,34.75,36.14,4186449.0,95568096.0
2018-06-05,36.2,36.77,34.81,36.67,4343364.0,100096391.0
2018-06-06,36.45,37.19,35.7,36.17,2274544.0,52701657.0
2018-06-07,36.0,36.45,35.22,36.06,2248708.0,51312830.0
2018-06-08,35.97,36.45,34.69,35.44,2158433.0,48608294.0
2018-06-11,34.88,35.36,34.44,34.59,2005805.0,44707757.0
2018-06-12,34.45,35.16,34.01,35.11,4455167.0,98800671.0
2018-06-13,35.09,35.11,33.37,33.78,3281192.0,71514085.0
2018-06-14,33.64,33.64,31.87,32.76,6319321.0,132264517.0
2018-06-15,32.94,33.33,31.48,32.09,4406007.0,90349254.0
2018-06-19,31.61,32.25,29.54,29.6,3868967.0,76169565.0
2018-06-20,29.57,31.43,29.57,31.28,4719736.0,92181547.0
2018-06-21,31.51,31.59,29.29,29.46,3881288.0,75487331.0
2018-06-22,29.73,30.6,29.23,29.79,2857008.0,54760979.0
2018-06-25,30.04,32.76,30.04,31.7,7450488.0,150737200.0
2018-06-26,31.62,31.62,30.79,30.98,4948834.0,98680128.0
2018-06-27,31.2,31.2,29.74,29.95,2957170.0,57686552.0
2018-06-28,29.88,30.9,29.88,30.37,1723791.0,33522984.0
2018-06-29,30.07,31.28,30.07,31.03,2242587.0,44172719.0
2018-07-02,31.03,31.5,29.98,30.24,2333705.0,46035955.0
2018-07-03,30.67,30.67,28.5,29.21,4091806.0,75929589.0
2018-07-04,28.75,29.8,28.72,29.77,2598399.0,48668243.0
2018-07-05,29.51,29.6,27.26,27.33,4750098.0,85418597.0
2018-07-06,27.77,28.36,26.82,27.92,3390131.0,59869701.0
2018-07-09,27.95,28.36,27.5,28.02,2111300.0,37621556.0
2018-07-10,28.24,29.02,28.02,28.27,2072181.0,37385449.0
2018-07-11,27.64,27.98,25.44,25.8,9040880.0,151253793.0
2018-07-12,25.8,28.39,25.73,28.39,7537428.0,131116783.0
2018-07-13,29.18,29.27,27.14,28.02,7112094.0,126396150.0
2018-07-16,27.67,28.0,27.37,27.55,2856100.0,50260273.0
2018-07-17,27.42,27.67,26.84,27.18,2760781.0,47745842.0
2018-07-18,27.29,28.0,27.29,27.55,2687308.0,47458345.0
2018-07-19,27.45,27.67,27.03,27.26,1514119.0,26341212.0
2018-07-20,27.0,27.56,26.68,27.44,2049568.0,35373162.0
2018-07-23,27.44,27.5,26.7,27.12,2241278.0,38517336.0
2018-07-24,27.22,28.08,26.9,27.77,3888609.0,68607177.0
2018-07-25,27.75,28.2,27.66,27.8,1815001.0,32317821.0
2018-07-26,27.8,28.33,27.23,28.11,2666470.0,47365662.0
2018-07-27,27.84,28.71,27.66,28.63,2667046.0,48147997.0
2018-07-30,28.91,29.13,28.16,28.86,2480859.0,45204445.0
2018-07-31,28.55,29.46,28.31,29.29,2820436.0,52023432.0
2018-08-01,29.43,31.53,29.0,29.48,3751332.0,71325085.0
2018-08-02,29.57,29.57,27.92,28.6,2371797.0,43237443.0
2018-08-03,28.55,28.8,26.82,27.98,4581433.0,81314602.0
2018-08-06,27.95,27.95,25.4,26.62,5624561.0,94314670.0
2018-08-07,25.96,26.59,25.25,26.53,5558831.0,91239157.0
2018-08-08,26.35,26.51,24.39,24.52,5274026.0,85416453.0
2018-08-09,24.47,25.46,24.47,25.11,2696312.0,43161521.0
2018-08-10,25.02,25.44,24.63,25.21,1433237.0,22923644.0
2018-08-13,25.16,25.54,24.79,25.41,1270100.0,20427936.0
2018-08-14,25.54,25.54,25.18,25.25,1000439.0,16140776.0
2018-08-15,25.27,25.27,24.31,24.55,2075200.0,32619902.0
2018-08-16,24.44,24.5,23.37,23.44,3526045.0,53461172.0
2018-08-17,23.81,24.06,22.53,22.67,2579207.0,38095596.0
2018-08-20,22.75,22.98,21.96,22.57,2212827.0,31609185.0
2018-08-21,22.68,23.34,22.67,23.07,2234531.0,32850196.0
2018-08-22,23.15,23.84,22.84,22.93,2409493.0,35853970.0
2018-08-23,22.93,23.39,22.75,23.28,1347013.0,19873894.0
2018-08-24,23.29,23.29,22.76,23.14,1264100.0,18563429.0
2018-08-27,23.25,23.81,23.25,23.78,1912041.0,28763678.0
2018-08-28,23.72,25.71,23.06,25.25,6208063.0,96139102.0
2018-08-29,24.63,25.8,24.5,25.77,3597285.0,57668149.0
2018-08-30,25.77,26.29,24.82,24.86,2336814.0,37810035.0
2018-08-31,24.89,25.41,24.05,25.02,3041119.0,47867580.0
2018-09-03,24.8,25.04,24.34,24.68,1544440.0,24211110.0
2018-09-04,24.68,24.78,24.03,24.2,2708464.0,41995080.0
2018-09-05,24.19,24.19,23.53,23.55,1661900.0,25242890.0
2018-09-06,23.53,24.11,23.22,23.23,1732300.0,26009226.0
2018-09-07,23.31,23.66,23.25,23.45,1386600.0,20732421.0
2018-09-10,23.45,23.69,22.71,22.82,1476932.0,21674055.0
2018-09-11,22.75,23.01,22.65,22.71,818197.0,11895028.0
2018-09-12,22.75,22.84,22.4,22.56,1104097.0,15924481.0
2018-09-13,22.68,23.0,22.23,22.65,1281104.0,18471937.0
2018-09-14,22.68,22.73,21.98,22.15,2107515.0,29906183.0
2018-09-17,21.99,22.2,21.71,21.88,1371200.0,19170621.0
2018-09-18,21.91,22.67,21.49,22.67,1642621.0,23163423.0
2018-09-19,22.81,23.18,22.59,22.9,2181026.0,31874910.0
2018-09-20,22.9,23.25,22.37,22.49,1211776.0,17542798.0
2018-09-21,22.64,23.28,22.45,22.89,2162041.0,31555792.0
2018-09-25,22.87,23.22,22.75,23.06,1031295.0,15126900.0
2018-09-26,23.06,23.23,22.9,22.96,1325991.0,19494334.0
2018-09-27,22.9,23.01,21.51,21.55,3870712.0,54436349.0
2018-09-28,21.6,22.7,21.6,22.43,2777999.0,39307726.0
2018-10-08,22.4,22.4,20.57,20.63,4875829.0,65951032.0
2018-10-09,20.72,21.05,20.25,20.39,4303921.0,56494370.0
2018-10-10,20.44,20.61,19.78,20.02,4124631.0,52712506.0
2018-10-11,19.45,19.51,18.01,18.04,13694757.0,159997281.0
2018-10-12,17.79,18.29,16.5,18.29,9992269.0,109542445.0
2018-10-15,19.34,20.13,19.34,20.13,13415813.0,171207163.0
2018-10-16,19.95,20.39,18.53,18.59,10842021.0,135596795.0
2018-10-17,19.28,19.5,18.7,18.98,4734318.0,57562690.0
2018-10-18,19.14,19.22,18.45,18.68,3797100.0,45422872.0
2018-10-19,18.32,19.28,17.9,18.95,3491330.0,41621909.0
2018-10-22,19.22,20.13,18.96,19.29,8157600.0,101798221.0
2018-10-23,19.14,19.28,17.36,17.36,12127900.0,137605687.0
2018-10-24,16.49,16.6,15.62,16.11,26307973.0,266073823.0
2018-10-25,15.31,15.77,15.23,15.72,10774318.0,106425241.0
2018-10-26,16.3,16.72,15.81,16.03,11443120.0,118364474.0
2018-10-29,16.08,16.28,15.77,15.84,6711259.0,68385103.0
2018-10-30,14.59,15.54,14.59,15.25,10912230.0,104853885.0
2018-10-31,15.23,15.7,15.17,15.4,7070109.0,69829057.0
2018-11-01,15.51,15.64,15.36,15.44,7912832.0,78140820.0
2018-11-02,15.73,16.97,15.73,16.97,14409877.0,151425879.0
2018-11-05,17.13,17.65,16.63,16.88,14616441.0,158974069.0
2018-11-06,16.97,16.99,16.47,16.75,7614129.0,80974482.0
2018-11-07,16.75,16.86,16.47,16.52,6163529.0,65437680.0
2018-11-08,16.66,16.72,16.19,16.31,4274995.0,44874532.0
2018-11-09,16.34,16.44,16.13,16.23,3816100.0,39639208.0
2018-11-12,16.31,16.86,16.19,16.8,6297319.0,66796208.0
2018-11-13,16.55,17.65,16.5,17.6,11278152.0,123890503.0
