2012-04-26,23.0,24.5,22.5,23.65,17377716.0,407416512.0
2012-04-27,23.3,24.08,23.3,23.66,9647658.0,228526016.0
2012-05-02,23.74,24.15,23.15,24.04,8481874.0,200262880.0
2012-05-03,23.73,24.16,23.56,23.82,5393637.0,128663344.0
2012-05-04,23.8,24.81,23.8,24.24,5820257.0,141963120.0
2012-05-07,24.1,24.75,23.72,24.51,3871664.0,93809328.0
2012-05-08,24.36,24.66,24.08,24.26,3173380.0,77307968.0
2012-05-09,23.91,23.95,23.5,23.61,2786845.0,66009804.0
2012-05-10,23.55,23.86,23.55,23.73,2025845.0,48060996.0
2012-05-11,23.7,24.46,23.65,24.0,3054294.0,73887520.0
2012-05-14,24.2,25.09,23.82,24.72,5264395.0,129796216.0
2012-05-15,24.55,25.38,24.43,25.36,4834512.0,120784216.0
2012-05-16,25.18,25.55,24.81,24.87,4086471.0,103338832.0
2012-05-17,24.78,25.34,24.61,25.13,1657976.0,41499592.0
2012-05-18,25.0,25.64,24.86,25.48,5531841.0,140934944.0
2012-05-21,25.45,25.58,24.01,25.01,2820229.0,70361176.0
2012-05-22,24.84,25.5,24.67,25.35,2862027.0,72360104.0
2012-05-23,25.3,25.65,25.19,25.49,2463611.0,62682500.0
2012-05-24,25.4,25.6,24.75,24.76,2661589.0,66855712.0
2012-05-25,24.67,25.14,24.15,24.44,1474579.0,36170572.0
2012-05-28,24.44,25.16,23.98,24.97,1435598.0,35209288.0
2012-05-29,24.87,25.46,24.7,25.02,1782886.0,44762672.0
2012-05-30,24.75,25.0,24.56,24.81,1250581.0,30918408.0
2012-05-31,24.8,25.44,24.67,25.21,1826170.0,45972344.0
2012-06-01,25.08,25.55,25.06,25.49,2513177.0,63880976.0
2012-06-04,25.15,25.8,25.08,25.35,2337737.0,59594600.0
2012-06-05,25.39,25.68,25.19,25.52,3089069.0,78842144.0
2012-06-06,25.54,25.64,24.86,25.23,1365254.0,34561772.0
2012-06-07,25.26,25.6,25.1,25.43,1289141.0,32679310.0
2012-06-08,25.5,25.65,24.87,25.03,1512939.0,38399856.0
2012-06-11,24.9,25.42,24.61,25.39,1229616.0,30789054.0
2012-06-12,25.15,25.57,25.11,25.41,2158549.0,55002552.0
2012-06-13,25.42,26.98,25.41,26.68,7685809.0,202636880.0
2012-06-14,26.7,27.18,26.39,26.6,4605048.0,123185456.0
2012-06-15,26.67,26.96,26.0,26.38,3419922.0,90274208.0
2012-06-18,26.29,27.14,26.29,27.01,2978752.0,80037024.0
2012-06-19,26.9,27.24,26.71,27.05,2012388.0,54305756.0
2012-06-20,27.0,27.16,26.36,26.66,2295294.0,61209380.0
2012-06-21,26.59,27.64,26.5,27.39,2738596.0,74062576.0
2012-06-25,27.22,27.58,26.71,27.31,1619392.0,44075288.0
2012-06-26,27.05,27.34,26.08,26.88,2359723.0,63317852.0
2012-06-27,26.99,27.56,26.55,27.06,2052631.0,55727692.0
2012-06-29,26.58,27.12,26.39,26.91,2019436.0,54069496.0
2012-07-02,26.91,28.0,26.82,27.98,2445287.0,67252384.0
2012-07-03,27.9,28.5,27.6,28.09,1920662.0,54274976.0
2012-07-04,28.02,28.6,27.65,27.89,1111193.0,31183832.0
2012-07-05,27.78,27.9,27.21,27.35,1861237.0,51209916.0
2012-07-06,27.39,27.77,26.86,27.63,1746184.0,47609932.0
2012-07-09,27.4,27.96,26.75,26.78,2801628.0,76576840.0
2012-07-10,26.6,27.19,26.1,26.49,1457908.0,38997108.0
2012-07-11,26.5,27.1,26.05,26.92,1692721.0,44965404.0
2012-07-12,26.8,27.48,26.72,27.4,1577097.0,43042048.0
2012-07-13,27.12,27.48,26.0,26.29,1271772.0,34194428.0
2012-07-16,26.0,26.37,25.21,25.29,1922721.0,49465808.0
2012-07-17,25.37,25.83,24.74,25.2,1855773.0,46503032.0
2012-07-18,25.19,25.68,24.74,25.62,1224411.0,30583736.0
2012-07-19,25.52,26.0,25.33,25.58,991163.0,25227492.0
2012-07-20,25.51,26.08,25.51,25.62,369786.0,9438972.0
2012-07-23,25.43,25.54,24.83,25.31,572895.0,14314089.0
2012-07-24,25.11,25.7,24.92,25.52,330684.0,8303395.0
2012-07-25,25.52,26.23,25.43,26.06,1149037.0,29612982.0
2012-07-26,25.89,26.06,25.3,25.43,1019769.0,26060868.0
2012-07-27,25.51,25.55,24.84,25.34,1275290.0,31777412.0
2012-07-30,25.23,25.48,24.62,25.31,1231569.0,30698096.0
2012-07-31,25.39,25.39,24.83,25.13,603996.0,15022969.0
2012-08-01,25.39,25.75,25.14,25.47,346641.0,8766904.0
2012-08-02,25.47,25.63,25.24,25.34,252504.0,6378573.0
2012-08-03,25.38,25.98,25.25,25.8,1380878.0,35201484.0
2012-08-06,25.56,26.71,25.53,26.54,1768293.0,46194920.0
2012-08-07,26.42,26.84,26.09,26.42,987625.0,25828700.0
2012-08-08,26.55,26.82,25.63,25.87,937577.0,24120808.0
2012-08-09,25.97,25.97,25.44,25.82,1095488.0,27955250.0
2012-08-10,25.68,26.04,25.65,25.79,438734.0,11237743.0
2012-08-13,25.79,27.27,25.73,25.91,727871.0,18877294.0
2012-08-14,25.8,26.03,24.93,25.87,727300.0,18400404.0
2012-08-15,25.4,25.94,25.03,25.53,325443.0,8272306.0
2012-08-16,25.37,25.63,25.13,25.43,391456.0,9813601.0
2012-08-17,25.33,25.48,25.05,25.25,149149.0,3737816.0
2012-08-20,25.52,25.63,25.14,25.17,291350.0,7278804.0
2012-08-21,25.23,25.86,25.13,25.45,1089383.0,27681978.0
2012-08-22,25.7,26.33,25.54,26.07,2551694.0,65812024.0
2012-08-23,26.24,26.38,25.84,26.18,1376836.0,35705936.0
2012-08-24,26.1,26.1,24.93,25.23,1151775.0,28810958.0
2012-08-27,25.06,25.13,24.73,24.81,819429.0,20230236.0
2012-08-28,24.78,25.02,24.12,24.24,876942.0,21200178.0
2012-08-29,24.24,24.24,23.16,23.67,1605573.0,37525488.0
2012-08-30,23.36,23.55,22.62,22.99,1693423.0,38704648.0
2012-08-31,22.73,23.41,22.66,22.86,1319305.0,29950164.0
2012-09-03,22.87,24.0,22.52,23.81,1509091.0,35210720.0
2012-09-04,23.82,24.15,23.52,23.61,1266936.0,29854470.0
2012-09-05,23.52,23.97,23.33,23.65,557199.0,13093032.0
2012-09-06,23.72,24.08,23.31,23.5,749531.0,17440128.0
2012-09-07,23.62,24.61,23.62,24.23,1934680.0,46401376.0
2012-09-10,24.08,24.88,24.08,24.83,1592950.0,38751716.0
2012-09-11,24.77,24.77,24.39,24.58,331246.0,8045379.0
2012-09-12,24.62,24.71,24.22,24.38,691470.0,16665649.0
2012-09-13,24.42,24.46,24.12,24.12,1216937.0,29203024.0
2012-09-14,24.16,24.37,23.92,24.16,642379.0,15316420.0
2012-09-17,24.4,24.4,23.65,24.0,415833.0,9945933.0
2012-09-18,23.97,23.97,23.21,23.74,412354.0,9656177.0
2012-09-19,23.61,23.69,22.81,23.12,2150433.0,49163240.0
2012-09-20,23.11,23.5,22.71,23.07,1016731.0,23249408.0
2012-09-21,22.92,23.36,22.51,22.78,1526119.0,34510392.0
2012-09-24,22.76,22.98,22.3,22.93,345302.0,7791159.0
2012-09-25,22.89,23.01,22.41,22.74,846762.0,19124550.0
2012-09-26,22.74,22.83,22.56,22.75,577862.0,12963360.0
2012-09-27,22.71,23.17,22.43,22.92,959428.0,21584740.0
2012-09-28,22.91,23.32,22.62,23.29,869648.0,19843152.0
2012-10-08,23.41,23.41,22.72,22.87,379193.0,8620676.0
2012-10-09,22.87,24.02,22.87,23.85,836344.0,19569928.0
2012-10-10,23.98,24.76,23.72,24.54,1557182.0,37764408.0
2012-10-11,24.42,25.08,24.4,24.74,1212496.0,29859370.0
2012-10-12,24.62,24.93,24.1,24.42,378861.0,9173712.0
2012-10-15,24.42,24.52,24.08,24.23,1052441.0,25288220.0
2012-10-16,23.83,24.98,23.83,24.52,552847.0,13435302.0
2012-10-17,24.72,24.78,24.18,24.64,947517.0,23077112.0
2012-10-18,24.45,24.73,24.45,24.61,325901.0,7940762.0
2012-10-19,24.73,24.78,24.36,24.66,289007.0,7050741.0
2012-10-22,24.61,24.78,24.38,24.72,250704.0,6128776.0
2012-10-23,24.58,24.58,23.72,24.17,284446.0,6792705.0
2012-10-24,23.8,24.34,23.46,24.14,409335.0,9759070.0
2012-10-25,23.82,23.87,22.66,22.88,1198441.0,27705904.0
2012-10-26,22.71,22.81,22.39,22.58,376326.0,8404552.0
2012-10-29,22.59,23.48,22.43,23.13,398729.0,9145898.0
2012-10-30,22.99,23.38,21.92,22.24,1246975.0,27645352.0
2012-10-31,22.23,22.23,21.9,21.99,545325.0,11877449.0
2012-11-01,22.14,22.48,22.03,22.37,1034453.0,22756636.0
2012-11-02,22.37,22.58,22.31,22.55,708413.0,15750482.0
2012-11-05,22.54,22.66,22.17,22.31,1015620.0,22452706.0
2012-11-06,22.27,22.27,21.9,22.13,547997.0,11954676.0
2012-11-07,22.13,22.18,21.94,22.03,482547.0,10529953.0
2012-11-08,21.85,21.85,20.49,21.05,1676541.0,35266528.0
2012-11-09,20.88,21.03,20.69,20.93,655788.0,13573204.0
2012-11-12,20.89,21.07,20.23,20.38,1021990.0,20769156.0
2012-11-13,20.38,20.38,20.18,20.36,617516.0,12382071.0
2012-11-14,20.39,20.67,20.3,20.46,475770.0,9672960.0
2012-11-15,20.44,20.49,20.03,20.03,476154.0,9543374.0
2012-11-16,20.03,20.29,20.03,20.23,1079614.0,21565932.0
2012-11-19,21.07,21.75,20.04,20.39,2672147.0,54392264.0
2012-11-20,20.64,20.88,20.06,20.15,2197514.0,44517416.0
2012-11-21,19.98,20.2,18.97,19.63,1670185.0,32238876.0
2012-11-22,19.29,19.46,19.2,19.32,604698.0,11566778.0
2012-11-23,19.28,19.51,19.26,19.46,516069.0,9904268.0
2012-11-26,19.44,19.57,19.1,19.29,443459.0,8451212.0
2012-11-27,19.18,19.18,17.41,17.94,1861014.0,33756316.0
2012-11-28,17.86,17.86,16.82,17.28,1374596.0,23354656.0
2012-11-29,17.21,17.36,16.95,17.06,1171630.0,19986398.0
2012-11-30,17.06,17.54,17.02,17.13,647779.0,11056651.0
2012-12-03,17.21,17.38,17.07,17.26,921799.0,15779270.0
2012-12-04,17.16,17.36,16.55,17.26,691529.0,11533085.0
2012-12-05,17.18,18.27,17.02,17.76,1351338.0,23766894.0
2012-12-06,17.76,17.76,17.44,17.68,672252.0,11731544.0
2012-12-07,17.53,18.25,17.51,18.18,1228002.0,21825632.0
2012-12-10,18.14,19.83,18.02,19.44,2094639.0,39533728.0
2012-12-11,19.18,20.18,18.97,19.72,2399196.0,46778216.0
2012-12-12,19.39,20.05,19.25,19.44,838245.0,16241580.0
2012-12-13,19.29,19.33,18.22,18.62,2226578.0,41056064.0
2012-12-14,18.3,20.18,18.3,20.16,6107913.0,116955352.0
2012-12-17,19.86,20.03,19.24,19.62,3413444.0,66192952.0
2012-12-18,19.56,19.76,19.18,19.23,1985456.0,38210720.0
2012-12-19,19.23,19.53,19.23,19.46,1072745.0,20608260.0
2012-12-20,19.29,19.83,19.1,19.58,2117922.0,40950380.0
2012-12-21,19.52,19.83,18.79,19.7,4303453.0,82433680.0
2012-12-24,19.54,19.78,19.39,19.58,2669662.0,51752912.0
2012-12-25,19.6,20.44,19.14,20.14,4814526.0,94345456.0
2012-12-26,19.99,20.84,19.86,20.8,3755873.0,76359624.0
2012-12-27,20.94,21.48,20.3,20.38,3013527.0,62285608.0
2012-12-28,20.39,20.69,20.03,20.58,1924095.0,38869848.0
2012-12-31,20.82,20.88,20.34,20.61,1921356.0,39294240.0
2013-01-04,20.84,20.84,20.09,20.17,1764621.0,35613316.0
2013-01-07,20.13,20.25,19.91,20.18,2391602.0,47526484.0
2013-01-08,20.2,21.04,19.89,20.89,4770504.0,96726936.0
2013-01-09,20.86,21.95,20.7,21.53,5681477.0,120767960.0
2013-01-10,21.36,21.99,21.32,21.55,3643389.0,77970192.0
2013-01-11,21.63,21.63,20.79,20.82,3797236.0,79364560.0
2013-01-14,20.84,21.5,20.76,21.45,4987477.0,104595528.0
2013-01-15,21.51,22.06,21.34,21.88,3670803.0,79014024.0
2013-01-16,21.88,21.9,21.19,21.43,3321425.0,70876368.0
2013-01-17,21.45,21.49,20.97,21.38,1987364.0,41717492.0
2013-01-18,21.5,21.6,20.8,21.08,4997900.0,104794344.0
2013-01-21,21.09,21.19,20.82,21.01,3344611.0,69371896.0
2013-01-22,21.01,21.15,20.29,20.38,2808253.0,57607168.0
2013-01-23,20.36,20.55,19.95,20.17,2282306.0,45726148.0
2013-01-24,20.27,20.55,19.2,19.46,3107835.0,61620412.0
2013-01-25,19.54,19.61,19.31,19.36,1538949.0,29602392.0
2013-01-28,19.38,19.76,19.36,19.74,2732424.0,52911028.0
2013-01-29,19.78,20.13,19.74,20.0,1869021.0,37025464.0
2013-01-30,20.08,20.54,19.96,20.44,2650528.0,53387416.0
2013-01-31,20.49,20.51,19.99,20.1,1666209.0,33293544.0
2013-02-01,20.18,20.97,19.98,20.83,2736581.0,55726752.0
2013-02-04,20.95,21.17,20.18,20.21,2782658.0,56645104.0
2013-02-05,20.08,20.72,19.98,20.68,1705828.0,34548576.0
2013-02-06,20.68,21.34,20.52,21.01,3002145.0,62130216.0
2013-02-07,20.98,21.28,20.79,21.07,1937583.0,40369744.0
2013-02-08,21.1,21.45,20.92,21.17,2511402.0,52684336.0
2013-02-18,21.36,21.71,21.0,21.7,3450210.0,73280264.0
2013-02-19,21.52,21.65,20.94,21.14,2151601.0,45338712.0
2013-02-20,21.09,21.8,20.92,21.74,3357092.0,70977952.0
2013-02-21,21.55,21.55,20.62,20.96,2035991.0,42724432.0
2013-02-22,20.95,21.39,20.78,20.99,1522951.0,31884662.0
2013-02-25,20.98,21.14,20.87,20.98,859634.0,17878396.0
2013-02-26,21.04,21.04,20.27,20.27,1805346.0,37026440.0
2013-02-27,20.2,20.77,20.15,20.29,1612385.0,32585736.0
2013-02-28,20.29,20.57,20.29,20.56,1736644.0,35153600.0
2013-03-01,20.54,20.54,20.06,20.27,2799598.0,56118268.0
2013-03-04,20.27,20.27,18.8,18.91,3005925.0,57780484.0
2013-03-05,19.08,19.37,18.56,19.18,4076609.0,76004496.0
2013-03-06,19.14,19.53,18.97,19.37,2467803.0,47066572.0
2013-03-07,19.32,19.49,19.16,19.36,1774949.0,33885452.0
2013-03-08,19.36,19.64,18.84,18.94,2463389.0,47134080.0
2013-03-11,18.93,18.97,18.67,18.71,2189167.0,40814064.0
2013-03-12,18.66,18.92,18.18,18.41,1919836.0,35464420.0
2013-03-13,18.39,18.44,18.16,18.25,1061219.0,19173696.0
2013-03-14,18.29,18.57,18.29,18.54,1128018.0,20645436.0
2013-03-15,18.57,18.96,18.17,18.41,1550186.0,28470256.0
2013-03-18,18.31,18.4,18.05,18.13,1028142.0,18498028.0
2013-03-19,17.89,18.27,17.83,17.93,1610252.0,28647092.0
2013-03-20,18.04,18.42,17.94,18.37,1678150.0,30340136.0
2013-03-21,18.38,18.92,18.37,18.77,2069429.0,38114760.0
2013-03-22,18.67,18.77,18.46,18.63,1515477.0,27859448.0
2013-03-25,18.67,18.87,18.54,18.83,1038719.0,19277188.0
2013-03-26,18.86,19.57,18.77,19.23,2960279.0,56300800.0
2013-03-27,19.18,19.48,18.85,19.1,1975535.0,37374428.0
2013-03-28,18.84,19.38,18.29,18.32,1727874.0,31949684.0
2013-03-29,18.21,18.38,18.07,18.14,1009465.0,18192538.0
2013-04-01,18.07,18.36,18.05,18.14,745705.0,13427278.0
2013-04-02,18.12,18.19,16.98,17.15,3265981.0,56729768.0
2013-04-03,17.16,17.24,16.39,16.54,4183340.0,68819792.0
2013-04-08,16.15,16.15,15.55,15.72,4610271.0,71855048.0
2013-04-09,15.7,15.93,15.59,15.85,4545723.0,71105736.0
2013-04-10,15.84,16.03,15.67,15.99,2489075.0,39101140.0
2013-04-11,16.06,16.2,15.95,15.97,2113828.0,33618848.0
2013-04-12,15.96,16.23,15.87,15.95,1745733.0,27729682.0
2013-04-15,15.95,15.95,15.46,15.51,1466846.0,22724376.0
2013-04-16,15.24,15.79,15.24,15.72,1162820.0,17869038.0
2013-04-17,15.74,15.95,15.65,15.95,1384164.0,21676080.0
2013-04-18,15.8,16.03,15.74,15.94,1409114.0,22200844.0
2013-04-19,15.85,16.27,15.85,16.15,3151879.0,50437264.0
2013-04-22,16.04,16.07,15.74,15.95,2299518.0,36209752.0
2013-04-23,15.97,16.02,15.44,15.45,1987466.0,30929664.0
2013-04-24,15.37,16.33,15.35,16.16,3485801.0,55456924.0
2013-04-25,16.18,16.67,15.99,16.4,3853969.0,62667648.0
2013-04-26,16.05,16.63,16.01,16.38,3473867.0,56246364.0
2013-05-02,16.36,16.96,16.36,16.66,2982209.0,49201644.0
2013-05-03,16.63,16.84,16.51,16.69,5350024.0,88667848.0
2013-05-06,16.58,16.75,16.2,16.72,5864818.0,95893088.0
2013-05-07,16.7,17.71,16.46,17.67,7743096.0,131254344.0
2013-05-08,17.56,18.25,17.41,17.92,9430311.0,167472160.0
2013-05-09,17.97,18.11,17.66,17.87,4831109.0,85413328.0
2013-05-10,17.81,18.6,17.72,18.5,6966818.0,126484192.0
2013-05-13,18.57,18.91,18.28,18.64,4937117.0,90821784.0
2013-05-14,18.64,18.65,17.79,17.87,4521839.0,80991880.0
2013-05-15,17.88,18.11,17.77,18.09,2706346.0,48174368.0
2013-05-16,17.97,18.52,17.86,18.29,3840535.0,69318928.0
2013-05-17,18.23,18.83,18.09,18.72,4522870.0,83268208.0
2013-05-20,18.81,19.38,18.68,19.01,4210340.0,79854624.0
2013-05-21,19.02,19.56,18.85,19.36,4061512.0,77846848.0
2013-05-22,19.34,19.64,19.14,19.2,4779967.0,91998504.0
2013-05-23,18.57,19.27,18.57,18.67,3271352.0,61199896.0
2013-05-24,18.69,18.94,18.45,18.74,2745541.0,50799180.0
2013-05-27,18.83,20.08,18.83,19.78,5903306.0,114733952.0
2013-05-28,19.86,19.88,19.34,19.6,4144000.0,80229400.0
2013-05-29,19.64,20.54,19.64,20.23,6005857.0,120181064.0
2013-05-30,20.18,20.34,19.92,20.27,3831685.0,76591952.0
2013-05-31,20.54,20.54,19.58,19.61,4498230.0,86789008.0
2013-06-03,19.45,19.75,19.28,19.36,2626988.0,49561296.0
2013-06-04,19.43,19.44,18.39,18.49,3502449.0,63504840.0
2013-06-05,18.46,18.75,18.12,18.73,2511837.0,45019212.0
2013-06-06,18.65,18.65,18.14,18.15,2495937.0,44471936.0
2013-06-07,18.17,18.3,17.39,17.54,3761913.0,64680848.0
2013-06-13,17.2,17.36,16.55,17.25,3238296.0,53580504.0
2013-06-14,17.25,17.65,17.16,17.43,2658163.0,44822188.0
2013-06-17,17.43,17.56,16.91,16.99,2306914.0,38752732.0
2013-06-18,17.16,17.31,16.88,17.23,1755521.0,29182736.0
2013-06-19,17.11,17.3,16.8,17.25,2309130.0,38187816.0
2013-06-20,17.11,17.29,16.9,16.95,1788012.0,29645292.0
2013-06-21,16.64,16.88,16.38,16.64,1928744.0,31212564.0
2013-06-24,16.68,16.69,15.33,15.86,3636079.0,56016672.0
2013-06-25,15.44,15.88,14.32,15.49,3305256.0,48997676.0
2013-06-26,15.49,15.56,15.15,15.54,2486917.0,37169492.0
2013-06-27,15.59,15.68,14.68,14.7,3518077.0,52071988.0
2013-06-28,14.52,14.97,14.26,14.5,3075710.0,43314156.0
2013-07-01,14.39,14.58,14.19,14.52,3049470.0,42510224.0
2013-07-02,14.54,15.29,14.27,15.27,5875321.0,83514072.0
2013-07-03,15.02,15.85,14.84,15.55,6554100.0,97550632.0
2013-07-04,15.35,15.83,15.21,15.54,3658040.0,55276600.0
2013-07-05,15.56,15.69,15.31,15.34,2367936.0,35592224.0
2013-07-08,15.23,15.9,14.47,15.79,5794941.0,85882496.0
2013-07-09,15.71,16.43,15.64,16.03,5015752.0,78115512.0
2013-07-10,15.96,16.35,15.79,16.23,2638578.0,41171608.0
2013-07-11,16.26,16.67,16.12,16.38,3459194.0,54925440.0
2013-07-12,16.38,16.63,15.93,16.01,2778859.0,43770692.0
2013-07-15,15.78,16.25,15.74,16.02,2347977.0,36414668.0
2013-07-16,16.03,16.24,15.88,16.2,1941396.0,30220604.0
2013-07-17,15.99,16.07,15.28,15.33,4308713.0,65519968.0
2013-07-18,15.32,15.32,14.84,14.9,2379355.0,34648800.0
2013-07-19,14.79,15.05,14.51,14.56,2273878.0,32715070.0
2013-07-22,14.53,14.85,14.38,14.78,1668035.0,23762604.0
2013-07-23,14.8,15.24,14.74,15.09,3022253.0,44065240.0
2013-07-24,15.02,15.04,14.58,14.86,2696176.0,38711100.0
2013-07-25,14.8,14.83,14.48,14.61,2316608.0,32907432.0
2013-07-26,14.54,14.99,14.53,14.84,2049252.0,29385432.0
2013-07-29,14.77,14.78,14.43,14.47,1631529.0,23067566.0
2013-07-30,14.51,14.68,14.33,14.53,1276489.0,17998244.0
2013-07-31,14.55,14.92,14.55,14.83,1697176.0,24301688.0
2013-08-01,14.92,15.12,14.85,15.05,2395816.0,34911596.0
2013-08-02,15.07,15.18,14.86,14.89,2884555.0,41867880.0
2013-08-05,14.89,15.17,14.81,15.15,2282019.0,33321888.0
2013-08-06,15.06,15.51,14.93,15.4,3382230.0,50003540.0
2013-08-07,15.36,15.86,15.27,15.4,4130917.0,62598932.0
2013-08-08,15.44,15.77,15.39,15.49,2829454.0,42755628.0
2013-08-09,15.55,15.63,15.13,15.38,2245018.0,33480970.0
2013-08-12,15.44,15.76,15.31,15.71,2700223.0,40814392.0
2013-08-13,15.72,15.94,15.67,15.81,2555824.0,39230568.0
2013-08-14,15.87,15.92,15.4,15.5,2964258.0,44924240.0
2013-08-15,15.28,15.45,15.06,15.09,3980829.0,58648176.0
2013-08-16,14.98,15.2,14.52,14.53,4714122.0,67834296.0
2013-08-19,14.47,14.77,14.43,14.75,2068139.0,29360876.0
2013-08-20,14.74,14.81,14.54,14.62,2129599.0,30349536.0
2013-08-21,14.61,14.78,14.53,14.78,1480802.0,21065638.0
2013-08-22,14.69,14.87,14.67,14.77,1581434.0,22674748.0
2013-08-23,14.83,14.96,14.54,14.79,2496860.0,35867824.0
2013-08-26,14.77,15.3,14.77,15.3,3270361.0,47867272.0
2013-08-27,15.3,15.43,15.18,15.37,2419853.0,35936916.0
2013-08-28,15.24,15.38,15.05,15.15,2765765.0,40804812.0
2013-08-29,15.15,15.29,14.94,15.03,1944809.0,28400848.0
2013-08-30,14.99,15.34,14.96,15.17,2657789.0,39032296.0
2013-09-02,15.18,15.38,15.0,15.35,2209343.0,32624200.0
2013-09-03,15.33,15.38,15.19,15.31,2292878.0,34046160.0
2013-09-04,15.34,15.46,15.15,15.35,2672090.0,39705652.0
2013-09-05,15.39,15.94,15.25,15.84,5372644.0,81353272.0
2013-09-06,15.77,16.77,15.69,16.35,8846391.0,139186992.0
2013-09-09,16.09,16.69,16.09,16.41,5036832.0,79747712.0
2013-09-10,16.41,16.75,16.22,16.64,4277204.0,68902864.0
2013-09-11,16.7,16.72,16.14,16.16,3612223.0,57338940.0
2013-09-12,16.18,17.67,16.09,17.64,8508429.0,141136224.0
2013-09-13,17.52,18.87,17.3,18.18,11619329.0,204947472.0
2013-09-16,18.35,18.35,17.67,17.99,5522139.0,96470184.0
2013-09-17,17.86,18.2,17.14,17.21,4124186.0,70736408.0
2013-09-18,17.16,17.5,16.98,17.39,2715135.0,45430364.0
2013-09-23,17.5,18.71,17.22,18.32,5856177.0,101679784.0
2013-09-24,18.14,18.24,17.55,17.56,4950339.0,85880136.0
2013-09-25,17.41,17.85,16.84,16.92,4536797.0,76443104.0
2013-09-26,17.21,17.41,16.69,16.79,3352076.0,55491104.0
2013-09-27,16.69,17.41,16.69,16.96,3106351.0,51285068.0
2013-09-30,16.93,16.93,16.3,16.52,3523576.0,56391228.0
2013-10-08,16.49,17.05,16.38,16.9,2533240.0,41179168.0
2013-10-09,16.87,16.88,16.51,16.81,2799755.0,45341144.0
2013-10-10,16.82,16.82,16.33,16.38,2648538.0,42475824.0
2013-10-11,16.5,16.86,16.5,16.75,3309601.0,53596204.0
2013-10-14,16.74,17.29,16.59,17.26,5273356.0,86769056.0
2013-10-15,17.25,17.25,16.8,17.07,2869091.0,47294844.0
2013-10-16,17.05,17.05,15.88,16.09,3838967.0,60866304.0
2013-10-17,16.18,16.31,15.89,16.09,1987812.0,31149508.0
2013-10-18,16.07,16.35,16.01,16.21,1383014.0,21802392.0
2013-10-21,16.21,16.8,16.0,16.75,3056784.0,48900780.0
2013-10-22,16.62,17.11,16.43,16.88,3836589.0,62608776.0
2013-10-23,16.91,16.99,16.09,16.24,2607776.0,41633796.0
2013-10-24,16.21,16.43,16.07,16.28,1291415.0,20338744.0
2013-10-25,16.29,16.43,15.71,15.73,1935831.0,30150160.0
2013-10-28,15.63,15.85,15.11,15.18,1838585.0,27418636.0
2013-10-29,15.18,15.43,14.5,14.9,2203503.0,32065352.0
2013-10-30,14.68,15.23,14.58,15.21,2140454.0,30817720.0
2013-10-31,15.1,15.1,14.91,14.92,1060103.0,15402504.0
2013-11-01,14.82,15.12,14.82,15.07,882208.0,12848448.0
2013-11-04,15.13,15.32,15.0,15.04,1139659.0,16741428.0
2013-11-05,15.05,15.19,14.76,15.18,1142968.0,16648433.0
2013-11-06,15.12,15.33,14.95,15.09,1242280.0,18275956.0
2013-11-07,14.95,15.1,14.72,14.81,1060222.0,15313423.0
2013-11-08,14.65,14.95,14.65,14.87,833211.0,11984484.0
2013-11-11,14.85,15.0,14.72,14.99,1040174.0,15024264.0
2013-11-12,14.95,15.07,14.85,15.0,1797562.0,26107228.0
2013-11-13,14.94,15.14,14.87,14.89,1521716.0,22163008.0
2013-11-14,14.89,15.2,14.78,15.13,1424647.0,20796298.0
2013-11-15,15.14,15.56,15.06,15.39,2069861.0,30909338.0
2013-11-18,15.45,15.71,15.3,15.65,2296086.0,34560332.0
2013-11-19,15.74,15.74,15.43,15.53,1746888.0,26331074.0
2013-11-20,15.59,15.63,15.48,15.59,1611147.0,24336316.0
2013-11-21,15.59,15.59,15.35,15.46,1382818.0,20725012.0
2013-11-22,15.46,15.62,15.39,15.48,1174844.0,17703908.0
2013-11-25,15.49,15.81,15.45,15.59,1519891.0,23073012.0
2013-11-26,15.71,15.71,15.47,15.63,1185306.0,17913084.0
2013-11-27,15.58,16.02,15.55,15.94,2563931.0,39384480.0
2013-11-28,15.94,16.02,15.82,15.87,2062544.0,31836586.0
2013-11-29,15.89,16.15,15.74,15.99,2266407.0,35108796.0
2013-12-02,15.51,15.77,14.59,14.88,3319076.0,48865992.0
2013-12-03,14.88,15.29,14.86,15.19,1670228.0,24482160.0
2013-12-04,15.18,15.96,15.06,15.76,3455987.0,52729044.0
2013-12-05,15.73,16.01,15.64,15.88,2252901.0,34715936.0
2013-12-06,15.99,16.14,15.62,15.7,1993988.0,30631856.0
2013-12-09,15.65,16.05,15.65,16.04,2087853.0,32208512.0
2013-12-10,16.04,16.18,15.85,15.93,1723715.0,26719476.0
2013-12-11,15.91,15.91,15.51,15.62,2075105.0,31426942.0
2013-12-12,15.56,15.77,15.47,15.6,1298063.0,19684340.0
2013-12-13,15.58,15.7,15.41,15.62,1048220.0,15849012.0
2013-12-16,15.65,15.7,15.4,15.41,1345958.0,20321976.0
2013-12-17,15.4,15.5,15.04,15.14,1784903.0,26327034.0
2013-12-18,15.11,15.25,15.07,15.17,821986.0,12095382.0
2013-12-19,15.2,15.27,14.92,14.93,1579933.0,23057882.0
2013-12-20,14.92,15.06,14.77,14.88,1357985.0,19610368.0
2013-12-23,14.9,14.94,14.68,14.86,1142874.0,16443867.0
2013-12-24,14.85,15.02,14.8,14.99,1061048.0,15402595.0
2013-12-25,14.99,15.38,14.91,15.33,2046794.0,30044658.0
2013-12-26,15.25,15.33,14.94,14.95,1294784.0,19002032.0
2013-12-27,14.94,15.34,14.9,15.25,1241376.0,18290050.0
2013-12-30,15.27,15.39,15.15,15.21,1441443.0,21355844.0
2013-12-31,15.07,15.36,15.07,15.31,1063330.0,15754438.0
2014-01-02,15.21,15.41,15.2,15.38,1020674.0,15185250.0
2014-01-03,15.35,15.35,15.01,15.16,1369644.0,20148564.0
2014-01-06,15.1,15.12,14.79,14.82,1206565.0,17525336.0
2014-01-07,14.8,15.02,14.76,14.91,773605.0,11183042.0
2014-01-08,14.98,15.2,14.82,14.99,1121199.0,16358925.0
2014-01-09,14.97,15.15,14.8,14.87,1305974.0,18911784.0
2014-01-10,14.82,14.89,14.13,14.16,2023590.0,28385528.0
2014-01-13,14.16,14.22,13.68,13.95,2270274.0,30533144.0
2014-01-14,13.89,14.08,13.78,14.05,964607.0,13031423.0
2014-01-15,14.06,14.06,13.86,13.98,1179128.0,15934138.0
2014-01-16,13.98,14.17,13.87,14.06,1438902.0,19562512.0
2014-01-17,13.91,13.96,13.69,13.82,1773066.0,23737492.0
2014-01-20,13.78,13.78,13.42,13.52,1581368.0,20821748.0
2014-01-21,13.49,13.71,13.49,13.66,787910.0,10431721.0
2014-01-22,13.67,14.1,13.67,13.99,1885609.0,25467224.0
2014-01-23,13.99,14.04,13.89,13.98,1196484.0,16236389.0
2014-01-24,13.97,14.28,13.89,14.22,1724593.0,23652988.0
2014-01-27,14.12,14.15,13.82,14.09,2774498.0,37567160.0
2014-01-28,14.01,14.27,13.99,14.26,2014772.0,27696998.0
2014-01-29,14.24,14.3,14.17,14.23,1546676.0,21342962.0
2014-01-30,14.27,14.28,14.12,14.26,1211994.0,16727726.0
2014-02-07,14.18,14.42,14.02,14.38,1171343.0,16135680.0
2014-02-10,14.4,14.71,14.38,14.64,1567340.0,22194930.0
2014-02-11,14.65,14.88,14.6,14.77,1901288.0,27257142.0
2014-02-12,14.74,15.09,14.71,15.06,1933741.0,27938082.0
2014-02-13,15.06,15.07,14.83,14.91,1619040.0,23480498.0
2014-02-14,14.99,15.28,14.89,15.24,2215964.0,32588204.0
2014-02-17,15.21,15.41,15.21,15.32,2023660.0,30049396.0
2014-02-18,15.27,15.3,15.0,15.16,1918194.0,28156450.0
2014-02-19,15.16,15.28,15.09,15.22,1783200.0,26269444.0
2014-02-20,15.22,15.65,15.11,15.33,3016588.0,45096308.0
2014-02-21,15.27,15.3,14.94,15.05,2355517.0,34525800.0
2014-02-24,15.0,15.05,14.39,14.61,2885049.0,40822096.0
2014-02-25,14.64,14.78,14.12,14.19,1984267.0,27888062.0
2014-02-26,14.1,15.61,13.86,15.28,5224820.0,74465384.0
2014-02-27,15.07,15.24,14.87,15.09,3540998.0,51691584.0
2014-02-28,15.01,15.07,14.76,14.95,1748441.0,25306116.0
2014-03-03,14.93,15.24,14.89,15.01,2225739.0,32454690.0
2014-03-04,14.94,15.56,14.59,15.46,4791344.0,70480048.0
2014-03-05,15.47,16.06,15.36,15.74,7229873.0,110935200.0
2014-03-06,15.73,16.06,15.37,15.73,3673829.0,55876188.0
2014-03-07,15.72,15.92,15.25,15.55,2590995.0,39035476.0
2014-03-10,15.27,15.43,14.8,14.81,2442628.0,35592412.0
2014-03-11,14.79,15.0,14.63,14.78,1967184.0,28170512.0
2014-03-12,14.73,14.8,14.49,14.79,1928465.0,27378736.0
2014-03-13,16.27,16.27,15.46,16.27,18364204.0,286772608.0
2014-03-14,16.07,16.63,15.88,15.97,12191247.0,191907104.0
2014-03-17,15.79,16.12,15.54,16.07,5579578.0,85696312.0
2014-03-18,15.92,16.01,15.66,15.81,4492929.0,68986936.0
2014-03-19,15.8,15.83,15.47,15.81,3089356.0,46791720.0
2014-03-20,15.67,15.79,15.13,15.25,4350671.0,65240160.0
2014-03-21,15.0,15.69,14.89,15.65,3023555.0,44889536.0
2014-03-24,15.57,15.83,15.38,15.64,2475667.0,37604040.0
2014-03-25,15.56,15.68,15.18,15.44,2841986.0,42425356.0
2014-03-26,15.45,15.51,15.26,15.43,1348910.0,20123712.0
2014-03-27,15.41,15.51,15.11,15.28,1845415.0,27325886.0
2014-03-28,15.27,15.39,14.94,15.15,1702539.0,25015370.0
2014-03-31,15.01,15.19,14.86,15.13,1176517.0,17170056.0
2014-04-01,15.05,15.24,15.04,15.23,909156.0,13378134.0
2014-04-02,15.2,15.31,14.91,15.04,1441799.0,21088148.0
2014-04-03,15.05,15.21,14.99,15.13,835018.0,12242762.0
2014-04-04,15.12,15.28,15.0,15.25,996686.0,14695832.0
2014-04-08,15.25,15.6,15.18,15.56,1986430.0,29694088.0
2014-04-09,15.63,15.63,15.3,15.43,1684363.0,25229708.0
2014-04-10,15.4,15.56,15.32,15.49,1446601.0,21679744.0
2014-04-11,15.47,15.74,15.02,15.6,5021194.0,74687944.0
2014-04-14,15.47,15.61,15.37,15.56,1721259.0,25890868.0
2014-04-15,15.56,15.56,15.19,15.21,1403770.0,20873272.0
2014-04-16,15.22,15.61,15.04,15.51,1486384.0,22058180.0
2014-04-17,15.46,15.58,15.36,15.52,1487855.0,22360984.0
2014-04-18,15.56,15.69,15.38,15.65,1845649.0,27919952.0
2014-04-21,15.5,15.76,15.47,15.59,1861243.0,28184032.0
2014-04-22,15.52,16.01,15.47,15.94,5357700.0,82200568.0
2014-04-23,15.93,16.05,15.77,16.02,3638256.0,56242304.0
2014-04-24,16.0,16.02,15.54,15.69,2673538.0,40925588.0
2014-04-25,15.27,15.27,14.42,14.44,4195292.0,60573056.0
2014-04-28,14.31,14.31,13.82,13.98,1866140.0,25352052.0
2014-04-29,13.98,14.26,13.97,14.2,1392315.0,19070984.0
2014-04-30,14.17,14.42,14.13,14.27,973048.0,13479051.0
2014-05-05,14.2,14.3,13.97,14.29,959853.0,13140515.0
2014-05-20,14.53,14.8,14.14,14.15,2080350.0,29060584.0
2014-05-21,14.14,14.14,13.76,14.0,1160451.0,15701702.0
2014-05-22,13.96,14.16,13.93,14.03,1004076.0,13701663.0
2014-05-23,14.17,14.17,13.96,14.13,555075.0,7573040.0
2014-05-26,14.13,14.27,14.09,14.23,742768.0,10210555.0
2014-05-27,14.25,14.29,14.09,14.1,742429.0,10217916.0
2014-05-28,14.1,14.17,13.96,14.13,906648.0,12380945.0
2014-05-29,14.05,14.16,13.92,14.0,881381.0,12005596.0
2014-05-30,13.93,14.05,13.92,13.99,495205.0,6724429.0
2014-06-03,13.98,14.2,13.98,14.03,750896.0,10297080.0
2014-06-04,14.04,14.04,13.91,13.96,640390.0,8669729.0
2014-06-05,13.91,14.09,13.91,14.09,538669.0,7320932.0
2014-06-06,14.09,14.2,14.03,14.15,989905.0,13574686.0
2014-06-09,14.13,14.17,14.06,14.14,437166.0,5987342.0
2014-06-10,14.15,14.25,14.04,14.21,979928.0,13477589.0
2014-06-11,14.17,14.59,14.17,14.53,2434301.0,34131628.0
2014-06-12,14.52,14.61,14.33,14.38,768238.0,10743791.0
2014-06-13,14.39,14.57,14.31,14.44,712895.0,9996595.0
2014-06-16,14.44,14.59,14.35,14.51,898316.0,12629868.0
2014-06-17,14.52,14.58,14.22,14.27,867795.0,12103260.0
2014-06-18,14.28,14.51,14.09,14.13,851930.0,11772375.0
2014-06-19,14.08,14.24,13.87,13.98,1054587.0,14340979.0
2014-06-20,13.98,14.09,13.93,14.06,399909.0,5440643.0
2014-06-23,14.04,14.18,14.03,14.12,634095.0,8683214.0
2014-06-24,14.12,14.24,14.12,14.17,919372.0,12645355.0
2014-06-25,14.25,14.25,14.0,14.11,678567.0,9140973.0
2014-06-26,14.06,14.35,14.06,14.26,1208010.0,16403596.0
2014-06-27,14.29,14.42,14.12,14.39,2131070.0,29025240.0
2014-06-30,14.5,14.53,14.3,14.4,1757738.0,24172952.0
2014-07-01,14.4,14.49,14.35,14.45,1248567.0,17184010.0
2014-07-02,14.44,14.74,14.43,14.63,1842843.0,25737112.0
2014-07-03,14.56,14.78,14.55,14.74,1733170.0,24317332.0
2014-07-04,14.78,14.78,14.52,14.61,1210826.0,16872740.0
2014-07-07,14.61,14.61,14.43,14.52,1223012.0,16934242.0
2014-07-08,14.53,14.61,14.37,14.58,919437.0,12710599.0
2014-07-09,14.52,14.65,14.46,14.55,1722945.0,23975606.0
2014-07-10,14.56,14.56,14.37,14.43,1000536.0,13808319.0
2014-07-11,14.42,14.68,14.42,14.59,999679.0,13899334.0
2014-07-14,14.57,14.84,14.57,14.83,1633070.0,23006888.0
2014-07-15,14.86,14.91,14.71,14.87,1346806.0,19023040.0
2014-07-16,14.87,14.96,14.74,14.9,1581644.0,22434704.0
2014-07-17,14.85,14.92,14.68,14.74,960935.0,13547155.0
2014-07-18,14.74,14.87,14.71,14.87,1034316.0,14644564.0
2014-07-21,14.85,14.94,14.77,14.83,936503.0,13274267.0
2014-07-22,14.82,14.96,14.78,14.92,1570308.0,22340022.0
2014-07-23,14.92,14.92,14.66,14.68,1178754.0,16641343.0
2014-07-24,14.69,14.84,14.6,14.76,894142.0,12578684.0
2014-07-25,14.78,15.03,14.74,15.0,1399080.0,19895936.0
2014-07-28,15.01,15.5,14.99,15.28,3227244.0,46893104.0
2014-07-29,15.28,15.35,15.14,15.21,1475940.0,21444614.0
2014-07-30,15.27,15.28,15.07,15.2,1368608.0,19811546.0
2014-07-31,15.22,15.27,15.1,15.26,1322471.0,19187348.0
2014-08-01,15.23,15.27,15.06,15.07,1871322.0,27066884.0
2014-08-04,15.13,15.48,15.07,15.44,3215944.0,46845288.0
2014-08-05,15.5,15.5,15.34,15.43,1652784.0,24290054.0
2014-08-06,15.37,15.87,15.34,15.76,6531495.0,97709360.0
2014-08-07,15.76,15.79,15.51,15.69,2764500.0,41290092.0
2014-08-08,15.62,15.85,15.59,15.8,1586964.0,23764900.0
2014-08-11,15.74,15.87,15.71,15.76,2248279.0,33902008.0
2014-08-12,15.73,15.73,15.48,15.55,3345197.0,49666508.0
2014-08-13,15.57,15.75,15.55,15.65,3185495.0,47539572.0
2014-08-14,15.65,15.79,15.45,15.53,3670323.0,54503540.0
2014-08-15,15.48,15.56,15.44,15.52,1856977.0,27499000.0
2014-08-18,15.5,15.69,15.49,15.68,2135286.0,31763676.0
2014-08-19,15.69,15.74,15.51,15.62,2103672.0,31404964.0
2014-08-20,15.62,15.65,15.52,15.59,2308151.0,34316800.0
2014-08-21,15.6,15.71,15.48,15.58,2115048.0,31449720.0
2014-08-22,15.52,15.66,15.51,15.65,2624205.0,39074852.0
2014-08-25,15.66,15.78,15.55,15.72,3579703.0,53570588.0
2014-08-26,15.71,15.76,15.5,15.53,2833288.0,42182848.0
2014-08-27,15.52,16.04,15.52,15.9,3898671.0,58863120.0
2014-08-28,15.89,15.91,15.69,15.87,2414143.0,36420296.0
2014-08-29,15.87,16.55,15.77,16.33,5307491.0,81213864.0
2014-09-01,16.23,16.23,15.98,15.99,6793187.0,104117888.0
2014-09-02,16.07,16.2,15.93,16.07,6707349.0,102676896.0
2014-09-03,16.09,16.18,15.97,16.1,7991683.0,122509752.0
2014-09-04,16.1,16.25,16.01,16.17,5043422.0,77674032.0
2014-09-05,16.13,16.24,15.9,16.05,6633003.0,101705744.0
2014-09-09,15.99,16.2,15.9,16.13,3846910.0,58997424.0
2014-09-10,16.07,16.12,15.85,16.07,3607521.0,55191852.0
2014-09-11,16.07,16.26,15.91,15.98,4929019.0,75715888.0
2014-09-12,15.93,16.16,15.91,16.15,3241913.0,49778520.0
2014-09-15,16.16,16.45,16.15,16.39,5626072.0,87627616.0
2014-09-16,16.39,16.39,15.79,15.86,5415976.0,83470112.0
2014-09-17,15.88,16.04,15.77,15.96,2742292.0,41658840.0
2014-09-18,15.95,16.01,15.86,15.97,1999342.0,30450884.0
2014-09-19,15.99,16.17,15.92,16.13,3131533.0,48040384.0
2014-09-22,16.15,16.3,15.94,15.97,3496056.0,53741136.0
2014-09-23,15.96,16.11,15.93,16.02,3636461.0,55600604.0
2014-09-24,15.99,16.31,15.92,16.25,5359686.0,82720056.0
2014-09-25,16.26,16.81,16.22,16.59,10252406.0,161868768.0
2014-09-26,16.55,16.88,16.49,16.61,6711908.0,107009352.0
2014-09-29,16.62,16.87,16.56,16.73,4700762.0,75022216.0
2014-09-30,16.76,17.25,16.7,16.93,5990644.0,97191440.0
2014-10-08,17.04,17.07,16.76,17.02,3729991.0,60299836.0
2014-10-09,17.03,17.04,16.56,16.78,5014687.0,80256080.0
2014-10-10,16.65,16.83,16.53,16.54,5696851.0,90651376.0
2014-10-13,16.45,16.53,16.27,16.5,4894078.0,76632624.0
2014-10-14,16.46,16.62,16.4,16.57,4323056.0,68281696.0
2014-10-15,16.57,16.73,16.49,16.71,3926953.0,62242616.0
2014-10-16,16.65,16.75,16.38,16.4,4004532.0,63422116.0
2014-10-17,16.4,16.48,15.93,16.19,4363877.0,67535328.0
2014-10-20,16.19,16.34,16.13,16.31,2243649.0,34806540.0
2014-10-21,16.35,16.6,16.26,16.5,4201344.0,66006700.0
2014-10-22,16.44,16.6,16.14,16.17,2707953.0,42457848.0
2014-10-23,16.18,16.19,15.72,15.9,3532731.0,53805476.0
2014-10-24,15.82,16.01,15.72,15.78,2177246.0,32954976.0
2014-10-27,15.87,15.99,15.78,15.9,2486121.0,37696308.0
2014-10-28,15.94,16.31,15.94,16.27,2881519.0,44527464.0
2014-10-29,16.31,16.73,16.31,16.6,4558072.0,72145776.0
2014-10-30,16.63,16.75,16.44,16.7,3667540.0,58259480.0
2014-10-31,16.7,16.84,16.55,16.69,4426200.0,70685728.0
2014-11-03,16.73,17.02,16.66,16.91,4555564.0,73515376.0
2014-11-04,16.91,17.14,16.81,16.9,4307870.0,69806064.0
2014-11-05,16.9,17.02,16.68,16.88,3768206.0,60701672.0
2014-11-06,16.85,17.02,16.67,16.99,2446171.0,39454396.0
2014-11-07,17.04,17.04,16.65,16.66,4237783.0,68155344.0
2014-11-10,16.66,16.92,16.65,16.86,2836282.0,45430200.0
2014-11-11,16.97,17.68,16.76,17.35,11847683.0,194899664.0
2014-11-12,17.23,17.65,16.95,17.59,7825105.0,129232848.0
2014-11-13,17.59,18.27,17.46,17.88,9784482.0,167363808.0
2014-11-14,17.87,17.87,17.52,17.66,3813991.0,64310216.0
2014-11-17,17.7,17.99,17.62,17.68,3216090.0,54526308.0
2014-11-18,17.5,17.78,17.2,17.28,3791414.0,63223820.0
2014-11-19,17.2,17.89,17.2,17.87,5328384.0,89791104.0
2014-11-20,17.82,17.89,17.64,17.75,2593612.0,43963936.0
2014-11-21,17.79,18.17,17.75,18.11,4724393.0,81306064.0
2014-11-24,18.41,18.41,17.91,17.94,4586384.0,79309896.0
2014-11-25,17.95,18.1,17.82,17.96,2601785.0,44555760.0
2014-11-26,17.93,18.07,17.84,17.99,5098085.0,87385104.0
2014-11-27,18.03,18.08,17.87,17.99,3392132.0,58178692.0
2014-11-28,18.05,18.25,17.7,17.8,5458376.0,93712296.0
2014-12-01,17.86,18.65,17.8,18.39,6426924.0,112352592.0
2014-12-02,18.36,18.68,18.31,18.39,3774343.0,66565876.0
2014-12-03,18.48,18.48,17.96,18.37,5211495.0,90580896.0
2014-12-04,18.34,18.61,18.22,18.38,3498082.0,61386316.0
2014-12-05,18.47,18.47,17.15,17.35,7462597.0,125447584.0
2014-12-08,17.38,17.44,17.15,17.37,5250417.0,86810872.0
2014-12-09,17.29,17.48,16.95,16.95,5023679.0,82582208.0
2014-12-10,16.95,17.48,16.95,17.47,3493098.0,57594584.0
2014-12-11,17.34,18.14,17.29,17.89,4722060.0,80045592.0
2014-12-12,17.9,19.58,17.9,19.35,9874236.0,175937056.0
2014-12-15,19.1,19.87,19.02,19.42,5959727.0,110402208.0
2014-12-16,19.42,19.74,19.2,19.41,3004409.0,55766136.0
2014-12-17,19.41,20.89,19.27,20.39,6478310.0,124618520.0
2014-12-18,20.36,20.61,19.99,20.39,3178203.0,61480516.0
2014-12-19,20.4,20.53,19.54,19.63,3869527.0,73412560.0
2014-12-22,19.59,19.61,17.75,18.32,6535169.0,115346200.0
2014-12-23,18.12,18.65,17.8,18.05,3418970.0,59637684.0
2014-12-24,18.23,18.69,18.14,18.56,2963923.0,51943528.0
2014-12-25,18.79,19.3,18.57,19.21,4912850.0,89673976.0
2014-12-26,19.24,19.24,18.86,19.05,2491183.0,45122596.0
2014-12-29,18.95,19.04,18.56,18.9,2365054.0,42543412.0
2014-12-30,20.78,20.78,18.46,18.76,5793138.0,106342872.0
2014-12-31,18.48,18.82,18.1,18.7,5094990.0,89428656.0
2015-01-05,18.7,19.04,18.4,18.8,2880752.0,51610152.0
2015-01-06,18.86,19.43,18.29,18.54,7495173.0,134000232.0
2015-01-07,18.48,18.57,18.12,18.26,4298701.0,74984048.0
2015-01-08,18.27,18.5,18.15,18.32,2462152.0,43133784.0
2015-01-09,18.25,18.44,17.97,17.98,3098145.0,53964924.0
2015-01-12,17.95,17.95,17.38,17.49,3415544.0,57504600.0
2015-01-13,17.49,17.81,17.49,17.73,2040157.0,34425136.0
2015-01-14,17.76,17.84,17.56,17.81,1558956.0,26286280.0
2015-01-15,17.84,17.93,17.5,17.87,1540034.0,26170116.0
2015-01-16,17.87,18.07,17.73,17.99,2673738.0,45721136.0
2015-01-19,17.66,17.8,16.77,17.03,3398278.0,56408076.0
2015-01-20,17.2,17.58,17.1,17.54,2755134.0,45603256.0
2015-01-21,17.51,18.36,17.36,18.35,5129822.0,88287520.0
2015-01-22,18.53,19.04,18.36,18.57,4852289.0,86430608.0
2015-01-23,18.55,18.6,18.15,18.27,3094693.0,54371704.0
2015-01-26,18.31,18.63,18.31,18.63,4121905.0,72777256.0
2015-01-27,18.64,18.99,17.56,18.82,5496530.0,97580096.0
2015-01-28,18.83,18.95,18.43,18.48,3581335.0,63763808.0
2015-01-29,18.22,18.63,18.12,18.21,3277756.0,57220828.0
2015-01-30,18.24,18.37,18.04,18.12,2963038.0,51555804.0
2015-02-02,17.91,18.17,17.61,17.68,2122300.0,36107336.0
2015-02-03,17.79,18.12,17.7,18.05,2453357.0,41946700.0
2015-02-04,18.05,18.8,18.05,18.43,6586978.0,116686336.0
2015-02-05,18.6,18.64,18.17,18.21,3836962.0,67566624.0
2015-02-06,18.23,18.53,17.99,18.1,2421806.0,42061624.0
2015-02-09,18.09,18.17,17.72,17.87,1389050.0,23750030.0
2015-02-10,17.87,18.04,17.8,18.0,1130901.0,19362596.0
2015-02-11,17.93,18.19,17.88,18.15,1584711.0,27353362.0
2015-02-12,18.18,18.33,18.08,18.15,2092220.0,36287400.0
2015-02-13,18.19,18.58,18.19,18.55,3418150.0,60340064.0
2015-02-16,18.54,18.87,18.54,18.81,2961465.0,53073708.0
2015-02-17,18.81,18.9,18.43,18.76,3733649.0,66537328.0
2015-02-25,18.85,18.88,18.54,18.62,2599778.0,46461260.0
2015-02-26,18.59,18.91,18.59,18.84,2665064.0,47784764.0
2015-02-27,18.8,19.0,18.8,18.95,2646047.0,47823604.0
2015-03-02,19.04,19.12,18.76,18.93,3372344.0,61099992.0
2015-03-03,18.93,19.15,18.78,18.82,3693453.0,67005740.0
2015-03-04,18.82,19.54,18.73,19.41,4045218.0,73997872.0
2015-03-05,19.43,21.32,19.24,20.6,12224716.0,241054848.0
2015-03-06,20.77,21.04,20.32,20.5,5009475.0,98715832.0
2015-03-09,20.39,21.12,20.11,20.88,3818854.0,75784136.0
2015-03-10,20.98,22.67,20.88,22.11,7473195.0,156704080.0
2015-03-11,21.99,22.18,21.45,21.98,4127262.0,85947296.0
2015-03-12,21.93,21.94,20.61,20.68,5206275.0,104913984.0
2015-03-13,20.73,21.58,20.61,21.09,4072417.0,81423840.0
2015-03-16,21.26,21.52,20.95,21.31,4221092.0,85453920.0
2015-03-17,21.35,21.78,21.13,21.47,3300416.0,67583760.0
2015-03-18,21.47,21.99,21.22,21.91,4367543.0,89937872.0
2015-03-19,21.84,21.97,21.52,21.78,3654931.0,75835152.0
2015-03-20,21.73,22.5,21.57,22.35,4930474.0,104113312.0
2015-03-23,22.52,23.33,22.52,23.28,6139183.0,135135840.0
2015-03-24,23.3,23.38,22.03,22.58,5800607.0,125176488.0
2015-03-25,22.5,22.8,21.89,22.38,5870182.0,124831040.0
2015-03-26,22.27,23.46,22.13,23.46,7981395.0,175981504.0
2015-03-27,23.72,23.74,23.02,23.22,4382720.0,97624536.0
2015-03-30,23.2,23.23,22.83,22.98,4116374.0,90412912.0
2015-03-31,23.02,23.67,22.69,23.39,4852333.0,106897816.0
2015-04-01,23.35,23.55,22.83,23.46,4652791.0,103229952.0
2015-04-02,23.77,23.86,22.89,23.25,4220486.0,94090752.0
2015-04-03,23.2,23.49,22.2,23.34,5397204.0,118807840.0
2015-04-07,23.35,24.16,23.31,24.1,7394493.0,167283776.0
2015-04-08,24.08,24.1,22.83,23.1,6355915.0,141821040.0
2015-04-09,23.09,23.09,21.79,22.41,5889141.0,125292776.0
2015-04-10,22.2,22.88,22.19,22.84,3717136.0,80314592.0
2015-04-13,22.99,23.82,22.88,23.43,6413740.0,142974560.0
2015-04-14,23.56,24.09,23.26,23.5,5069481.0,114844936.0
2015-04-15,23.45,23.45,22.25,22.29,4153414.0,90531672.0
2015-04-16,22.2,22.83,21.24,22.56,3404791.0,72383432.0
2015-04-17,22.57,23.29,22.42,23.16,5083426.0,110966056.0
2015-04-20,22.9,23.99,22.12,22.46,9174037.0,202880048.0
2015-04-21,22.4,23.48,22.4,23.31,4635918.0,101897672.0
2015-04-22,23.51,24.47,23.4,24.38,8296879.0,190141456.0
2015-04-23,24.54,26.27,24.27,25.61,9159689.0,220389840.0
2015-04-24,25.39,28.17,25.08,27.73,12799988.0,333176032.0
2015-04-27,27.23,27.47,26.31,26.81,9051246.0,231369936.0
2015-04-28,26.68,26.77,24.61,25.21,6561701.0,160609552.0
2015-04-29,25.21,25.92,25.04,25.86,4338790.0,106590144.0
2015-04-30,25.86,26.19,25.43,25.87,6217887.0,152759888.0
2015-05-04,25.87,27.38,25.86,27.14,6836338.0,175470448.0
2015-05-05,27.13,28.78,25.89,26.48,6456448.0,169618560.0
2015-05-06,26.28,28.0,26.28,26.48,4926112.0,127756120.0
2015-05-07,26.47,26.95,25.28,25.51,3757656.0,94343592.0
2015-05-08,25.67,28.01,25.67,27.65,5210671.0,133410944.0
2015-05-11,27.96,28.76,27.27,28.45,4924306.0,133242512.0
2015-05-12,28.48,28.75,27.59,28.29,5064449.0,136104016.0
2015-05-13,28.07,29.79,27.75,29.17,4928139.0,135430672.0
2015-05-14,29.24,29.72,28.7,28.8,4099999.0,114158280.0
2015-05-15,28.8,29.22,27.23,28.93,5304119.0,143122096.0
2015-05-18,28.83,29.78,28.06,29.22,4740955.0,131874568.0
2015-05-19,29.22,31.83,28.86,31.39,5709069.0,162287328.0
2015-05-20,31.36,33.39,30.75,31.34,6275045.0,193303360.0
2015-05-21,31.41,32.02,30.38,31.97,4487138.0,133854768.0
2015-05-22,32.23,33.38,31.85,32.47,4150585.0,128634560.0
2015-05-25,31.61,33.34,31.53,32.89,4047931.0,126711688.0
2015-05-26,32.79,33.48,32.31,32.99,5499403.0,173160944.0
2015-05-27,32.98,35.08,32.26,34.65,6346822.0,201876720.0
2015-05-28,34.35,38.12,33.93,35.51,8363517.0,297351296.0
2015-05-29,36.02,39.06,34.15,37.01,11187052.0,400337856.0
2015-06-01,37.23,40.71,37.23,40.71,8251343.0,309254048.0
2015-06-02,42.39,42.39,39.59,41.39,7531914.0,292761184.0
2015-06-03,41.0,45.47,40.3,45.47,11034452.0,448060832.0
2015-06-04,44.28,45.72,40.93,44.24,6538954.0,267433200.0
2015-06-11,48.67,48.67,48.67,48.67,185141.0,8505378.0
2015-06-12,53.53,53.53,53.53,53.53,233580.0,11802797.0
2015-06-15,58.88,58.88,57.21,58.88,8866567.0,492133504.0
2015-06-16,58.27,58.27,52.99,52.99,11640660.0,590324160.0
2015-06-17,50.85,50.88,47.7,48.46,12111214.0,552387008.0
2015-06-18,47.79,50.52,43.62,43.71,8814157.0,391215392.0
2015-06-19,43.43,45.34,39.76,41.71,7187742.0,293800896.0
2015-06-23,43.43,43.74,39.73,42.8,8812289.0,353147584.0
2015-06-24,42.79,47.03,39.54,44.83,13111181.0,525251168.0
2015-06-25,43.97,44.35,40.34,40.34,8644851.0,346608704.0
2015-06-26,38.12,38.88,36.31,36.31,4920595.0,170228944.0
2015-06-29,35.68,36.31,32.67,32.67,7826985.0,245092368.0
2015-06-30,30.19,33.97,29.41,33.08,10777824.0,322098528.0
2015-07-01,32.31,34.19,29.77,29.77,12372588.0,379832416.0
2015-07-02,29.08,30.46,26.79,27.3,11432485.0,304257952.0
2015-07-03,25.98,28.94,24.57,26.04,9268927.0,232173440.0
2015-07-06,28.65,28.65,23.43,24.96,10943830.0,264011984.0
2015-07-07,23.53,24.24,22.46,22.46,5469889.0,117448672.0
2015-07-13,24.71,24.71,24.71,24.71,858473.0,20019590.0
2015-07-14,27.18,27.18,27.18,27.18,1051600.0,26973540.0
2015-07-15,28.9,28.9,25.21,25.44,13200547.0,339395200.0
2015-07-16,25.44,26.82,24.03,25.87,7814458.0,188880768.0
2015-07-17,26.02,28.45,25.87,28.22,11787600.0,303520832.0
2015-07-20,28.22,31.04,27.42,30.75,18660136.0,510950432.0
2015-07-21,29.84,31.74,29.15,30.35,14688523.0,422694944.0
2015-07-22,30.32,31.04,29.14,30.0,9560522.0,271122400.0
2015-07-23,30.0,33.0,29.98,33.0,16330896.0,490451680.0
2015-07-24,35.89,36.31,33.37,35.08,23250448.0,769835904.0
2015-07-27,33.9,37.78,31.97,32.13,19817770.0,663571904.0
2015-07-28,29.35,33.37,28.92,30.84,13274575.0,383767424.0
2015-07-29,31.57,33.92,31.57,33.92,17193428.0,530605344.0
2015-07-30,34.3,37.31,33.69,37.16,20017862.0,683380608.0
2015-07-31,33.44,33.44,33.44,33.44,4533100.0,143064640.0
2015-08-03,30.09,30.7,30.09,30.09,5340300.0,151918496.0
2015-08-04,27.08,31.67,27.08,31.38,20479180.0,553206144.0
2015-08-05,29.97,34.09,29.68,31.77,19154398.0,577981440.0
2015-08-06,31.16,32.48,30.16,30.5,9531138.0,280296640.0
2015-08-07,31.25,31.31,30.3,30.96,11903461.0,345708320.0
2015-08-10,31.57,32.84,31.02,32.64,13235502.0,401003872.0
2015-08-11,32.83,34.62,32.23,33.15,15725973.0,495698368.0
2015-08-12,33.16,34.82,32.63,33.51,14882059.0,475626368.0
2015-08-13,33.27,33.79,31.22,33.01,13275735.0,409239616.0
2015-08-14,33.01,34.2,33.01,33.79,13082807.0,415060832.0
2015-08-17,33.43,33.56,31.58,32.95,9009862.0,276921920.0
2015-08-18,32.42,32.83,29.65,29.65,9839130.0,291378272.0
2015-08-19,28.29,30.09,26.84,29.38,9455125.0,254406080.0
2015-08-20,28.59,29.47,28.07,28.15,5901785.0,159641920.0
2015-08-21,27.83,27.83,25.33,25.57,7619681.0,190383088.0
2015-08-24,24.23,24.26,23.01,23.01,5832355.0,127713056.0
2015-08-25,20.71,21.35,20.71,20.71,10226873.0,201311232.0
2015-08-26,21.03,21.61,19.7,19.91,7838763.0,153811088.0
2015-08-27,20.66,21.61,19.5,21.18,5590539.0,109813776.0
2015-08-28,21.52,23.3,21.51,23.3,7321699.0,154616208.0
2015-08-31,23.25,24.38,22.46,23.01,7332138.0,160614752.0
2015-09-01,22.57,22.71,21.08,21.25,4644883.0,96257656.0
2015-09-02,20.34,23.38,19.49,23.38,13069438.0,282507168.0
2015-09-07,24.23,25.69,23.54,24.6,9737398.0,225083376.0
2015-09-08,24.02,26.26,23.04,25.88,6874046.0,159396144.0
2015-09-09,25.84,27.02,25.3,25.65,8033069.0,197547872.0
2015-09-10,25.3,26.37,24.91,25.35,4623363.0,112543920.0
2015-09-11,25.5,26.05,25.01,25.57,3315596.0,80102360.0
2015-09-14,25.53,26.06,23.02,23.76,5163876.0,117851080.0
2015-09-15,22.99,24.16,21.86,22.36,2727626.0,59175344.0
2015-09-16,22.76,24.6,22.76,24.6,3915482.0,87802072.0
2015-09-17,25.0,25.96,24.47,24.57,3666779.0,87695256.0
2015-09-18,24.79,25.42,24.16,25.28,2406052.0,56681596.0
2015-09-21,24.78,27.7,24.62,27.59,4465939.0,111709768.0
2015-09-22,27.76,27.76,26.5,27.08,3720441.0,95308792.0
2015-09-23,26.55,26.68,24.91,25.73,6147925.0,149686672.0
2015-09-24,25.84,26.36,25.57,26.01,2333089.0,57141592.0
2015-09-25,25.57,25.96,24.58,25.62,2883018.0,68771664.0
2015-09-28,25.49,28.13,25.21,27.25,3211178.0,81990616.0
2015-09-29,26.4,27.69,26.38,27.22,2208114.0,55991756.0
2015-09-30,27.18,27.74,26.01,26.91,1956500.0,50539384.0
2015-10-08,27.86,28.88,27.55,27.99,2421192.0,64383304.0
2015-10-09,27.86,29.03,27.56,28.94,2481057.0,66894328.0
2015-10-12,28.94,30.48,28.66,29.19,9080982.0,250954096.0
2015-10-13,28.61,29.05,28.19,28.91,4872768.0,131685648.0
2015-10-14,28.71,28.89,28.13,28.28,2106814.0,56793736.0
2015-10-15,28.27,29.77,28.19,29.45,3820509.0,105157872.0
2015-10-16,29.46,29.88,28.88,29.25,2809294.0,77354064.0
2015-10-19,29.26,29.53,27.07,28.11,4992807.0,133660744.0
2015-10-20,28.37,30.72,27.43,30.59,7572213.0,210365936.0
2015-10-21,30.05,30.36,27.52,27.56,5427201.0,149848272.0
2015-10-22,27.55,28.49,27.21,28.36,4718167.0,125163424.0
2015-10-23,28.45,29.01,28.19,28.85,4054867.0,109496880.0
2015-10-26,29.23,29.26,27.55,28.54,4521197.0,121844040.0
2015-10-27,28.56,28.56,27.02,28.45,3748562.0,98393000.0
2015-10-28,28.45,31.02,28.45,29.51,7520749.0,212273264.0
2015-10-29,29.62,30.08,28.87,29.73,5115100.0,142545024.0
2015-10-30,29.56,30.51,28.89,30.18,4210966.0,118367968.0
2015-11-02,30.07,30.07,27.56,28.67,5902769.0,161998592.0
2015-11-03,28.29,29.43,28.27,29.14,2538453.0,68949216.0
2015-11-04,29.14,30.5,28.99,30.36,4712025.0,133175584.0
2015-11-05,30.72,32.09,30.09,30.49,7374474.0,216565504.0
2015-11-06,30.51,31.36,30.19,31.0,4861891.0,141953168.0
2015-11-09,31.03,32.31,31.0,32.08,4775043.0,143495664.0
2015-11-10,31.57,32.1,31.34,31.69,4385640.0,131197984.0
2015-11-11,31.9,33.88,30.65,32.31,5984188.0,179335216.0
2015-11-12,32.06,32.26,30.72,31.33,4422235.0,131358288.0
2015-11-13,31.57,32.52,30.72,31.26,5217171.0,156621456.0
2015-11-16,30.19,31.29,29.88,31.27,3116729.0,90429328.0
2015-11-17,31.79,32.33,31.36,31.53,4743550.0,142530800.0
2015-11-18,31.34,31.47,30.3,30.33,3191807.0,93001352.0
2015-11-19,30.42,31.29,30.3,31.16,2504851.0,72924872.0
2015-11-20,31.36,32.61,31.11,32.49,4783061.0,144250240.0
2015-11-23,32.42,33.25,31.86,32.14,3704931.0,113955520.0
2015-11-24,32.04,34.95,32.04,34.46,6190537.0,194874320.0
2015-11-25,34.78,37.02,34.73,36.03,7130994.0,241410848.0
2015-11-26,36.42,37.24,36.04,36.14,5726078.0,197558384.0
2015-11-27,35.85,35.85,33.48,33.63,6751939.0,220614976.0
2015-11-30,33.17,34.37,31.15,34.04,6117434.0,191180128.0
2015-12-01,33.66,35.89,33.48,35.89,6052108.0,200395447.0
2015-12-02,36.0,36.0,32.55,34.69,3943791.0,128110840.0
2015-12-03,34.52,36.86,34.19,36.53,4528849.0,151937813.0
2015-12-04,36.02,39.38,35.49,38.92,6671917.0,233332768.0
2015-12-07,38.92,39.2,37.64,39.07,5067284.0,183859988.0
2015-12-08,39.08,41.17,37.72,39.92,7268519.0,271198208.0
2015-12-09,39.2,43.91,39.2,43.61,10286115.0,411854247.0
2015-12-10,43.17,44.28,41.37,42.07,6714990.0,270097152.0
2015-12-11,41.83,42.26,39.42,39.58,6263031.0,239356128.0
2015-12-14,39.47,40.35,39.0,39.97,5185877.0,194450880.0
2015-12-15,40.26,42.8,40.26,42.12,7761667.0,307616960.0
2015-12-16,41.69,42.34,39.8,39.84,13255801.0,506287136.0
2015-12-17,39.99,40.31,39.41,40.11,12917375.0,486031040.0
2015-12-18,39.94,40.49,39.93,40.12,7657560.0,290445856.0
2015-12-21,40.47,40.79,38.67,39.09,9735453.0,360971104.0
2015-12-22,38.99,39.92,38.67,39.47,8729087.0,324793359.0
2015-12-23,39.41,39.71,37.9,38.29,9150506.0,333714784.0
2015-12-24,37.85,38.35,36.71,37.93,8534534.0,302564800.0
2015-12-25,37.91,39.94,37.91,39.84,17229950.0,642488662.0
2015-12-28,40.26,40.57,39.2,39.95,12717969.0,478682440.0
2015-12-29,39.95,40.05,37.61,38.42,10602249.0,385687521.0
2015-12-30,38.59,38.87,36.76,37.45,12581068.0,446895304.0
2015-12-31,37.4,37.4,35.44,35.62,14589082.0,498221037.0
2016-01-04,35.31,35.31,32.06,32.06,7336631.0,230562804.0
2016-01-05,29.45,30.9,28.85,29.2,16008939.0,449854632.0
2016-01-06,29.54,32.12,29.33,32.12,14220400.0,411525781.0
2016-01-07,31.55,31.55,28.91,28.91,3311249.0,92925408.0
2016-01-08,29.68,29.98,26.64,29.03,12606765.0,345915287.0
2016-01-11,27.78,28.87,26.49,27.5,9961766.0,265034687.0
2016-01-12,27.92,28.64,27.56,28.48,6956395.0,185134555.0
2016-01-13,28.82,29.1,25.75,25.89,6630910.0,173856787.0
2016-01-14,24.96,27.76,24.35,27.38,7276221.0,182116214.0
2016-01-15,27.32,27.43,25.52,26.77,4836633.0,121813061.0
2016-01-18,26.06,27.76,25.86,27.41,4376626.0,112323328.0
2016-01-19,27.07,28.45,27.07,28.29,4697882.0,123756277.0
2016-01-20,27.89,28.25,26.62,26.97,8252665.0,213199865.0
2016-01-21,26.38,27.21,24.9,25.13,5192908.0,128924595.0
2016-01-22,25.53,25.75,23.87,24.71,6375499.0,149114083.0
2016-01-25,24.99,25.73,24.99,25.11,5175329.0,123789249.0
2016-01-26,24.91,24.91,22.6,22.69,6804606.0,152726156.0
2016-01-27,22.88,22.97,21.14,22.16,6947268.0,143393738.0
2016-01-28,22.14,24.35,21.19,22.61,9408481.0,206288688.0
2016-01-29,22.14,24.58,22.14,24.21,9882714.0,220389338.0
2016-02-01,24.31,24.31,22.94,23.46,9276917.0,205655978.0
2016-02-02,23.39,24.9,23.2,24.75,6993994.0,159008386.0
2016-02-03,24.01,24.74,23.57,24.25,5198156.0,118155608.0
2016-02-04,24.28,24.91,24.28,24.68,5465514.0,127180643.0
2016-02-05,24.88,24.89,23.83,23.99,4235136.0,96758612.0
2016-02-15,22.53,23.81,22.46,23.77,3971774.0,87027589.0
2016-02-16,23.82,24.86,23.82,24.72,6687384.0,154389250.0
2016-02-17,24.6,26.01,24.53,25.87,7750880.0,185288600.0
2016-02-18,25.97,26.17,25.07,25.3,6841425.0,164778913.0
2016-02-19,25.21,25.72,25.04,25.41,3916021.0,93784375.0
2016-02-22,25.85,25.9,25.36,25.84,5826419.0,141056030.0
2016-02-23,25.85,25.93,25.06,25.42,5117918.0,122779507.0
2016-02-24,25.32,25.43,24.47,25.1,6562830.0,154239208.0
2016-02-25,25.32,25.32,22.59,22.59,6646038.0,148300929.0
2016-02-26,22.51,22.79,21.38,22.26,8409461.0,175559042.0
2016-02-29,22.02,22.02,20.03,20.13,7496835.0,144531876.0
2016-03-01,20.13,20.59,19.6,20.46,6212505.0,118263215.0
2016-03-02,20.46,21.39,20.33,21.35,7964303.0,157069514.0
2016-03-03,21.4,21.98,21.24,21.51,7968425.0,162496429.0
2016-03-04,21.2,21.67,20.16,20.37,6910933.0,135888755.0
2016-03-07,20.59,21.14,20.55,20.82,5174617.0,101747999.0
2016-03-08,20.83,21.09,19.6,21.08,5629588.0,108149837.0
2016-03-09,20.61,20.96,20.29,20.53,4940901.0,95948391.0
2016-03-10,20.57,20.81,20.13,20.18,3974811.0,76618308.0
2016-03-11,19.99,20.64,19.88,20.34,3457171.0,66197678.0
2016-03-14,20.69,21.49,20.57,21.08,6025909.0,120301200.0
2016-03-15,21.0,21.27,20.77,20.87,4533664.0,89996659.0
2016-03-16,21.61,21.61,20.39,20.78,4192207.0,82640443.0
2016-03-17,20.88,21.61,20.72,21.31,7458601.0,149792317.0
2016-03-18,21.61,22.63,21.55,22.48,8995190.0,188159239.0
2016-03-21,22.78,23.47,22.71,23.23,7883860.0,171350172.0
2016-03-22,23.07,23.22,22.79,23.1,4842579.0,105249001.0
2016-03-23,22.99,23.72,22.73,23.61,6111331.0,134815408.0
2016-03-24,23.34,23.52,22.86,22.89,5438522.0,119003146.0
2016-03-25,22.78,23.15,22.58,23.11,4394782.0,94730939.0
2016-03-28,23.28,23.54,22.41,22.44,6998945.0,152047195.0
2016-03-29,22.45,22.67,21.79,21.98,4654246.0,97109819.0
2016-03-30,22.09,23.57,22.09,23.38,8310634.0,179374382.0
2016-03-31,23.48,24.16,23.48,23.67,6907945.0,155528373.0
2016-04-01,23.57,23.57,22.78,23.51,5828587.0,127403669.0
2016-04-05,23.51,24.22,23.31,24.17,6470364.0,146070808.0
2016-04-06,24.01,24.88,23.89,24.61,6850114.0,157708218.0
2016-04-07,24.78,24.78,23.87,23.92,6392456.0,145989672.0
2016-04-08,23.91,23.91,23.36,23.71,4798443.0,106774528.0
2016-04-11,23.95,24.64,23.95,24.19,5156743.0,118180622.0
2016-04-12,24.18,24.78,23.94,24.74,5522487.0,126342352.0
2016-04-13,24.77,25.75,24.66,24.81,8112343.0,192217966.0
2016-04-14,25.0,25.37,24.82,25.27,5973797.0,141334972.0
2016-04-15,25.32,25.39,24.96,25.15,4067939.0,96523297.0
2016-04-18,24.84,24.9,24.26,24.57,4230572.0,98054763.0
2016-04-19,24.9,24.9,24.27,24.58,4573699.0,105837330.0
2016-04-20,24.59,24.86,22.41,22.96,7955368.0,176649693.0
2016-04-21,22.95,23.18,22.25,22.44,4311801.0,93057555.0
2016-04-22,22.25,23.53,22.12,23.45,4763454.0,102572083.0
2016-04-25,23.54,24.98,22.81,24.81,8203918.0,185541428.0
2016-04-26,23.57,23.72,22.86,23.39,11706112.0,257718158.0
2016-04-27,23.31,23.31,22.62,22.78,8333238.0,180459315.0
2016-04-28,22.83,22.83,21.98,22.36,6641571.0,140211250.0
2016-04-29,22.18,22.35,21.93,22.14,5433377.0,113602815.0
2016-05-03,22.16,23.01,22.05,22.86,6806775.0,145230331.0
2016-05-04,22.73,23.07,22.41,22.87,5997060.0,129131335.0
2016-05-05,22.83,22.96,22.7,22.92,3609854.0,77823769.0
2016-05-06,23.0,23.24,21.93,21.94,7400298.0,157739409.0
2016-05-09,21.88,21.89,21.08,21.16,5732028.0,115080212.0
2016-05-10,21.16,21.35,21.08,21.2,2470284.0,49447518.0
2016-05-11,21.35,21.42,20.98,21.16,2826904.0,56628599.0
2016-05-12,20.88,21.06,20.41,21.02,3207255.0,62893319.0
2016-05-13,20.82,21.16,20.68,20.8,2561793.0,50594492.0
2016-05-16,20.74,21.14,20.68,21.11,2509131.0,49598306.0
2016-05-17,21.16,21.18,20.79,21.04,3709856.0,73432474.0
2016-05-18,20.91,20.91,20.18,20.39,4043904.0,78279668.0
2016-05-19,20.39,20.72,20.34,20.36,2983676.0,57858868.0
2016-05-20,20.18,20.66,20.07,20.64,3323883.0,63903999.0
2016-05-23,20.67,20.92,20.61,20.91,3114891.0,61062224.0
2016-05-24,20.83,20.87,20.64,20.75,2528979.0,49490664.0
2016-05-25,20.9,21.06,20.44,20.54,3184100.0,62348000.0
2016-05-26,20.49,20.71,20.18,20.63,2819337.0,54348230.0
2016-05-27,20.69,21.1,20.55,20.93,3135286.0,61716423.0
2016-05-30,20.93,21.0,20.64,20.8,1693334.0,33311726.0
2016-05-31,20.89,21.75,20.88,21.74,5716123.0,115767965.0
2016-06-01,21.74,22.12,21.63,21.86,4329408.0,89272549.0
2016-06-02,21.85,21.98,21.59,21.87,2792908.0,57384465.0
2016-06-03,21.84,22.22,21.77,22.04,3782376.0,78535242.0
2016-06-06,22.08,22.08,21.72,21.84,2672081.0,55258802.0
2016-06-07,21.92,22.43,21.92,22.35,4549577.0,95476717.0
2016-06-08,22.31,22.33,21.99,22.2,3331611.0,69624885.0
2016-06-13,21.89,22.08,21.51,21.51,3608581.0,74392063.0
2016-06-14,21.27,21.72,21.24,21.7,3483874.0,70903550.0
2016-06-15,21.32,22.3,21.12,22.0,6113490.0,121537586.0
2016-06-16,21.85,22.04,21.54,21.89,4752895.0,94338379.0
2016-06-17,21.76,22.15,21.76,21.92,3017253.0,60453023.0
2016-06-20,21.63,22.21,21.63,22.11,3263744.0,65298606.0
2016-06-21,22.2,23.06,22.1,22.81,8044601.0,165951846.0
2016-06-22,22.57,23.16,22.57,23.08,4781835.0,99438361.0
2016-06-23,23.03,23.04,22.59,22.86,3799646.0,78883894.0
2016-06-24,22.76,22.89,21.85,22.37,4350520.0,89042843.0
2016-06-27,22.26,23.25,22.18,23.16,4450892.0,92801573.0
2016-06-28,23.08,23.7,22.87,23.57,4647422.0,99105972.0
2016-06-29,23.89,23.89,23.36,23.41,4344754.0,92974468.0
2016-06-30,23.46,23.84,23.34,23.37,3642366.0,77902216.0
2016-07-01,23.47,23.69,23.21,23.35,2770415.0,59077543.0
2016-07-04,23.06,23.73,23.06,23.63,4126536.0,88388693.0
2016-07-05,23.62,23.72,23.26,23.42,6088256.0,129789001.0
2016-07-06,23.42,23.83,23.3,23.71,4522119.0,97035805.0
2016-07-07,23.72,23.89,23.41,23.81,4634390.0,99799230.0
2016-07-08,23.72,23.82,23.47,23.63,3065802.0,65919641.0
2016-07-11,23.65,23.68,23.31,23.34,4381842.0,93656990.0
2016-07-12,23.3,24.18,22.86,24.17,7071100.0,150589810.0
2016-07-13,24.13,24.45,23.99,24.28,7112917.0,156635531.0
2016-07-14,24.27,24.27,23.89,24.19,3827481.0,83888112.0
2016-07-15,24.18,24.28,23.91,23.97,2934565.0,64199025.0
2016-07-18,24.0,24.07,23.69,23.87,2668608.0,58040659.0
2016-07-19,23.8,23.94,23.58,23.8,3389095.0,73138525.0
2016-07-20,23.83,23.89,23.65,23.7,2732762.0,59076176.0
2016-07-21,23.7,23.91,23.63,23.69,3495363.0,75552981.0
2016-07-22,23.72,23.72,23.3,23.64,4369116.0,93312610.0
2016-07-25,23.48,23.84,23.45,23.55,2180163.0,46852988.0
2016-07-26,23.51,23.79,23.49,23.73,4247338.0,91412745.0
2016-07-27,23.72,23.8,22.11,22.4,6562097.0,137122188.0
2016-07-28,22.33,22.63,22.33,22.57,4012952.0,82084197.0
2016-07-29,22.57,22.64,22.09,22.16,3495035.0,71114096.0
2016-08-01,22.06,22.17,21.71,21.92,2785893.0,55568900.0
2016-08-02,21.88,22.08,21.88,22.04,1795325.0,35914339.0
2016-08-03,22.04,22.13,21.97,22.1,1803051.0,36174943.0
2016-08-04,22.1,22.15,21.87,22.1,2148790.0,43026196.0
2016-08-05,22.1,22.31,22.05,22.24,2416669.0,48803362.0
2016-08-08,22.2,22.5,21.99,22.49,2445771.0,49558589.0
2016-08-09,22.42,22.66,22.38,22.64,2450663.0,50365161.0
2016-08-10,22.64,22.75,22.37,22.45,1956746.0,40210520.0
2016-08-11,22.45,22.55,22.28,22.37,2032754.0,41459878.0
2016-08-12,22.37,22.6,22.31,22.54,1620200.0,33116436.0
2016-08-15,22.59,23.21,22.54,23.19,4282930.0,89402933.0
2016-08-16,23.25,23.39,23.09,23.3,4951265.0,104705384.0
2016-08-17,23.28,23.29,22.95,23.16,3192068.0,67162590.0
2016-08-18,23.16,23.27,22.95,23.06,2393656.0,50275400.0
2016-08-19,23.06,23.16,22.88,23.06,2158754.0,45188757.0
2016-08-22,23.14,23.14,22.79,22.92,2123231.0,44287989.0
2016-08-23,22.86,23.02,22.77,22.89,1888391.0,39318975.0
2016-08-24,22.89,22.99,22.84,22.94,1295190.0,26997452.0
2016-08-25,22.86,22.86,22.37,22.65,2425795.0,49877041.0
2016-08-26,22.73,22.91,22.6,22.69,1455613.0,30143092.0
2016-08-29,22.7,22.84,22.66,22.72,1153472.0,23862857.0
2016-08-30,22.82,23.05,22.73,23.03,2438853.0,50806262.0
2016-08-31,23.0,23.08,22.74,23.0,1992503.0,41508658.0
2016-09-01,22.97,23.26,22.93,23.0,2717102.0,57011752.0
2016-09-02,23.05,23.18,22.75,22.86,2019285.0,42200604.0
2016-09-05,22.84,23.04,22.77,22.83,1791317.0,37370320.0
2016-09-06,22.92,23.06,22.59,23.03,2881615.0,59761525.0
2016-09-07,23.03,23.42,22.97,23.03,3998030.0,84349136.0
2016-09-08,23.03,23.38,23.0,23.34,2883012.0,60965922.0
2016-09-09,23.36,23.52,23.23,23.25,3222603.0,68556303.0
2016-09-12,22.87,23.14,22.53,22.54,2974285.0,61423429.0
2016-09-13,22.65,22.72,22.52,22.64,1287063.0,26478614.0
2016-09-14,22.6,22.72,22.53,22.63,1524216.0,31344162.0
2016-09-19,22.62,22.77,22.57,22.71,1149947.0,23728269.0
2016-09-20,22.66,22.77,22.54,22.68,1081152.0,22308906.0
2016-09-21,22.66,22.76,22.6,22.68,960118.0,19801135.0
2016-09-22,22.75,23.28,22.71,23.17,3509738.0,73642675.0
2016-09-23,23.19,23.24,22.95,23.14,1969823.0,41358671.0
2016-09-26,23.1,23.15,22.66,22.71,2204436.0,45914581.0
2016-09-27,22.68,22.73,22.44,22.7,1598229.0,32835509.0
2016-09-28,22.72,22.81,22.63,22.64,1112749.0,23004593.0
2016-09-29,22.66,23.14,22.63,22.93,2039221.0,42638244.0
2016-09-30,22.86,23.13,22.84,23.03,1230855.0,25764365.0
2016-10-10,23.18,23.39,22.98,23.38,3279146.0,69294220.0
2016-10-11,23.37,24.09,23.35,23.99,6673557.0,144684079.0
2016-10-12,23.87,24.13,23.81,23.92,3329594.0,72483394.0
2016-10-13,23.86,23.98,23.57,23.69,4224663.0,91000353.0
2016-10-14,23.62,23.71,23.48,23.64,1949976.0,41833984.0
2016-10-17,23.63,23.81,23.21,23.36,2446641.0,52433804.0
2016-10-18,23.36,23.72,23.3,23.69,2079186.0,44510224.0
2016-10-19,23.63,23.77,23.53,23.63,1833007.0,39429318.0
2016-10-20,23.69,23.74,23.5,23.64,2064849.0,44388894.0
2016-10-21,23.64,23.75,23.3,23.64,1943826.0,41650758.0
2016-10-24,23.63,23.94,23.53,23.83,2885819.0,62509872.0
2016-10-25,23.87,23.94,23.68,23.8,1887730.0,40890451.0
2016-10-26,23.83,23.85,23.46,23.76,3049217.0,65496703.0
2016-10-27,23.68,23.68,23.5,23.58,1884274.0,40396480.0
2016-10-28,23.53,23.75,23.36,23.4,2701959.0,57991932.0
2016-10-31,23.29,23.43,23.05,23.31,2511977.0,53085361.0
2016-11-01,23.38,24.46,23.23,24.08,8652684.0,187714196.0
2016-11-02,24.03,24.28,23.71,23.73,6631804.0,144710580.0
2016-11-03,23.66,24.16,23.66,24.04,5782200.0,125996913.0
2016-11-04,23.98,24.39,23.93,24.34,4812810.0,105748205.0
2016-11-07,24.38,24.6,24.09,24.32,4137568.0,91670971.0
2016-11-08,24.45,24.93,24.31,24.34,6373877.0,142399899.0
2016-11-09,24.36,24.71,23.85,24.41,6529945.0,144650658.0
2016-11-10,24.79,25.08,24.43,24.94,7446246.0,167811300.0
2016-11-11,24.84,25.1,24.75,24.94,6601889.0,149819123.0
2016-11-14,24.83,25.1,24.72,24.9,4223268.0,95761202.0
2016-11-15,24.95,25.72,24.92,25.37,6501232.0,149829694.0
2016-11-16,25.34,25.38,24.9,24.93,3590386.0,81885679.0
2016-11-17,24.85,24.95,24.41,24.79,3506751.0,78654684.0
2016-11-18,24.8,25.16,24.73,24.96,3666716.0,83108856.0
2016-11-21,24.84,25.46,24.84,25.34,5788061.0,132451584.0
2016-11-22,25.59,25.59,25.11,25.29,5263997.0,121205536.0
2016-11-23,25.29,25.39,24.75,24.77,5013579.0,114257330.0
2016-11-24,24.94,24.99,24.62,24.7,3261334.0,73692996.0
2016-11-25,24.71,25.06,24.19,24.99,4398318.0,98333627.0
2016-11-28,24.99,25.21,24.91,24.93,3316142.0,75432764.0
2016-11-29,24.74,25.03,24.58,24.79,3431381.0,77531862.0
2016-11-30,24.6,24.79,24.4,24.73,3403731.0,76172431.0
2016-12-01,24.68,24.82,24.55,24.75,2840883.0,63855998.0
2016-12-02,24.75,24.97,24.09,24.38,3874000.0,86091181.0
2016-12-05,24.13,24.55,23.91,24.25,2978200.0,65698447.0
2016-12-06,24.23,24.42,24.19,24.27,1328657.0,29370627.0
2016-12-07,24.26,25.16,24.24,25.09,5895514.0,133237562.0
2016-12-08,25.15,26.05,25.14,25.31,11360457.0,264753318.0
2016-12-09,25.04,27.84,25.04,27.84,24388903.0,597686286.0
2016-12-12,27.97,29.01,26.7,27.12,30217742.0,766955660.0
2016-12-13,26.93,27.09,25.91,26.72,17113874.0,413089238.0
2016-12-14,26.71,27.95,26.02,27.23,18353991.0,450658915.0
2016-12-15,26.7,28.14,26.45,27.5,20394710.0,510419496.0
2016-12-16,27.31,27.31,26.2,26.47,20436998.0,494989647.0
2016-12-19,26.21,26.74,25.84,26.72,11136284.0,266610943.0
2016-12-20,26.62,26.62,26.04,26.25,7674339.0,183630494.0
2016-12-21,26.43,26.8,25.77,26.25,10592698.0,253075489.0
2016-12-22,25.97,26.57,25.81,26.37,8742107.0,208372698.0
2016-12-23,26.2,26.74,26.01,26.03,7408052.0,177280493.0
2016-12-26,25.94,25.94,24.74,25.65,9218567.0,212027239.0
2016-12-27,25.49,25.61,25.14,25.39,4948782.0,114200474.0
2016-12-28,25.39,25.62,25.17,25.49,4481968.0,103724052.0
2016-12-29,25.4,25.7,25.23,25.55,4118891.0,95348481.0
2016-12-30,25.55,25.75,25.09,25.17,6931575.0,159605261.0
2017-01-03,25.18,25.57,25.11,25.55,4321568.0,100016531.0
2017-01-04,25.61,25.92,25.34,25.91,5715855.0,133419631.0
2017-01-05,25.85,26.14,25.73,25.91,4844019.0,114191592.0
2017-01-06,25.83,25.83,25.28,25.31,5143242.0,119610598.0
2017-01-09,25.21,25.57,25.18,25.54,3769181.0,86955707.0
2017-01-10,25.46,25.9,25.32,25.58,4251847.0,99221515.0
2017-01-11,25.65,25.75,25.29,25.36,3592598.0,83413617.0
2017-01-12,25.38,25.54,25.28,25.37,2875409.0,66386890.0
2017-01-13,25.29,25.43,24.19,24.31,7443127.0,166487393.0
2017-01-16,24.17,24.17,21.98,22.99,6540667.0,138970543.0
2017-01-17,22.98,23.41,22.54,23.31,2612264.0,54883561.0
2017-01-18,23.31,23.49,23.09,23.27,2350826.0,49963696.0
2017-01-19,23.23,23.3,23.06,23.1,1897517.0,39981564.0
2017-01-20,23.1,23.63,22.71,23.4,2161078.0,46081854.0
2017-01-23,23.52,23.81,23.41,23.8,2014601.0,43271370.0
2017-01-24,23.66,23.74,23.49,23.54,1490782.0,31995950.0
2017-01-25,23.51,23.83,23.41,23.76,1400670.0,30115339.0
2017-01-26,23.8,24.25,23.8,23.93,1826383.0,39957390.0
2017-02-03,23.98,24.46,23.74,24.25,1900669.0,41619835.0
2017-02-06,24.18,24.49,23.97,24.47,2366560.0,52274152.0
2017-02-07,24.4,24.49,24.18,24.32,1763863.0,39010777.0
2017-02-08,24.2,24.41,23.98,24.3,2005326.0,44117642.0
2017-02-09,24.21,24.4,24.21,24.28,2129185.0,47070104.0
2017-02-10,24.35,24.47,24.26,24.36,2409223.0,53335530.0
2017-02-13,24.71,24.81,24.28,24.65,3319293.0,74338083.0
2017-02-14,24.64,24.68,24.34,24.39,2267579.0,50463823.0
2017-02-15,24.38,24.48,24.03,24.07,2262603.0,49927934.0
2017-02-16,24.02,24.26,23.98,24.21,1798012.0,39425612.0
2017-02-17,24.19,24.29,23.83,23.86,1964300.0,42956997.0
2017-02-20,23.86,24.25,23.74,24.23,2385619.0,52260670.0
2017-02-21,24.35,24.72,24.23,24.62,3627023.0,81031185.0
2017-02-22,24.63,24.7,24.42,24.59,2504715.0,55955247.0
2017-02-23,24.53,24.69,24.37,24.51,2202909.0,49022646.0
2017-02-24,24.45,24.57,24.41,24.5,1945210.0,43366401.0
2017-02-27,24.52,24.62,24.19,24.23,1962123.0,43569877.0
2017-02-28,24.23,24.41,24.15,24.4,1668936.0,36843321.0
2017-03-01,24.37,24.46,24.17,24.3,2304238.0,51033119.0
2017-03-02,24.29,24.4,23.95,23.99,2843564.0,62412768.0
2017-03-03,23.97,24.26,23.86,24.16,1862454.0,40802601.0
2017-03-06,24.14,24.46,24.09,24.46,2154016.0,47718239.0
2017-03-07,24.48,24.68,24.45,24.58,3538041.0,79067478.0
2017-03-08,24.59,24.64,24.21,24.31,2199143.0,48890437.0
2017-03-09,24.31,24.48,23.52,24.42,3015220.0,66372493.0
2017-03-10,24.4,24.43,24.15,24.18,1826937.0,40338486.0
2017-03-13,24.15,24.27,23.83,24.26,2238297.0,48987171.0
2017-03-14,24.21,24.32,24.08,24.13,1708254.0,37602815.0
2017-03-15,24.09,24.24,24.02,24.23,1270047.0,27939595.0
2017-03-16,24.27,24.6,24.27,24.52,3085920.0,68736207.0
2017-03-17,24.58,24.58,24.25,24.29,2446268.0,54419455.0
2017-03-20,24.25,24.47,24.16,24.45,2047276.0,45242624.0
2017-03-21,24.45,25.38,24.42,25.2,6531698.0,147953492.0
2017-03-22,25.02,25.1,24.73,24.95,4579714.0,103699532.0
2017-03-23,24.92,25.11,24.68,24.95,3506093.0,79495377.0
2017-03-24,24.82,25.39,24.82,25.29,4364848.0,100104434.0
2017-03-27,25.45,25.93,25.35,25.57,5007354.0,116803907.0
2017-03-28,25.4,25.57,25.07,25.25,2744652.0,63055475.0
2017-03-29,25.28,25.39,24.97,25.03,2874100.0,65835498.0
2017-03-30,24.95,25.14,24.26,24.28,3737461.0,84144249.0
2017-03-31,24.48,24.73,24.07,24.64,3282564.0,72826605.0
2017-04-05,24.62,25.17,24.19,25.03,2751045.0,62035030.0
2017-04-06,24.83,25.13,24.83,24.92,2207742.0,50083615.0
2017-04-07,25.0,25.04,24.73,24.74,1783900.0,40363836.0
2017-04-10,24.74,24.8,24.26,24.4,2502008.0,55798765.0
2017-04-11,24.42,24.57,24.04,24.45,2567430.0,56791609.0
2017-04-12,24.46,24.46,24.06,24.31,2271661.0,50129994.0
2017-04-13,24.24,24.48,24.21,24.3,1585712.0,35112351.0
2017-04-14,24.4,24.45,24.15,24.16,1792385.0,39598750.0
2017-04-17,24.18,24.29,23.42,23.83,2554574.0,55256432.0
2017-04-18,23.93,23.93,23.3,23.37,1928290.0,41615315.0
2017-04-19,23.06,23.23,22.22,22.99,2432321.0,50292095.0
2017-04-20,22.97,23.14,22.6,22.71,1662092.0,34465798.0
2017-04-21,22.71,23.14,22.71,23.06,1637211.0,34259241.0
2017-04-24,22.93,23.14,22.38,22.59,1519171.0,31414970.0
2017-04-25,22.6,23.07,22.52,23.0,1284300.0,26757629.0
2017-04-26,22.82,22.82,21.71,21.85,5686487.0,114537715.0
2017-04-27,21.65,22.04,21.2,21.87,2729573.0,53593285.0
2017-04-28,21.82,21.97,21.77,21.88,1302902.0,25912233.0
2017-05-02,21.98,22.07,21.77,21.87,1445285.0,28837853.0
2017-05-03,21.85,21.94,21.62,21.71,1459233.0,28940614.0
2017-05-04,21.65,21.86,21.33,21.54,1629306.0,32083353.0
2017-05-05,21.53,21.73,21.43,21.45,1606955.0,31582337.0
2017-05-08,21.49,21.68,21.21,21.23,1703666.0,33291526.0
2017-05-09,21.23,21.31,20.87,21.15,2153878.0,41326406.0
2017-05-10,21.21,21.25,20.34,20.36,2193727.0,41716515.0
2017-05-11,20.3,20.6,19.86,20.58,2825649.0,52117306.0
2017-05-12,20.57,20.74,20.32,20.55,1911321.0,35712921.0
2017-05-15,20.57,20.84,20.57,20.74,1175027.0,22156884.0
2017-05-16,20.75,20.97,20.43,20.94,2022433.0,38188502.0
2017-05-17,21.04,21.08,20.88,20.92,1631766.0,31131581.0
2017-05-18,20.85,20.94,20.57,20.75,1814731.0,34365188.0
2017-05-19,20.82,20.85,20.39,20.48,1610961.0,30165623.0
2017-05-22,20.51,20.66,20.19,20.28,1703297.0,31671703.0
2017-05-23,20.22,20.31,19.86,19.94,2162776.0,39468738.0
2017-05-24,19.92,20.09,19.57,20.09,1698642.0,30718912.0
2017-05-25,20.06,20.31,19.75,20.18,2140843.0,39012438.0
2017-05-26,20.18,20.28,20.11,20.16,1310854.0,24080813.0
2017-05-31,20.31,20.6,20.31,20.37,2351760.0,43708444.0
2017-06-01,20.33,20.49,20.12,20.16,2290324.0,42399478.0
2017-06-02,20.19,20.59,19.98,20.47,1773601.0,32789105.0
2017-06-05,20.48,20.91,20.45,20.82,2412368.0,45536438.0
2017-06-06,20.87,21.0,20.61,20.85,1992566.0,37800967.0
2017-06-07,20.85,21.36,20.77,21.28,2459682.0,47351521.0
2017-06-08,21.2,21.45,21.15,21.32,1868964.0,36241018.0
2017-06-09,21.32,21.41,21.16,21.39,1775905.0,34410735.0
2017-06-12,21.33,21.33,20.99,21.06,1386953.0,26685990.0
2017-06-13,21.05,21.53,21.05,21.47,1435996.0,27917006.0
2017-06-14,21.45,21.61,21.32,21.52,788978.0,15396855.0
2017-06-15,21.5,21.71,21.47,21.55,1087024.0,21344684.0
2017-06-16,21.55,21.75,21.55,21.7,863606.0,17018676.0
2017-06-19,21.76,21.87,21.58,21.8,2029866.0,40072024.0
2017-06-20,21.56,21.61,21.32,21.36,2172130.0,41085382.0
2017-06-21,21.33,21.41,21.06,21.36,1237145.0,23175144.0
2017-06-22,21.34,21.4,21.07,21.08,1114650.0,20891167.0
2017-06-23,21.08,21.19,20.71,21.15,1164923.0,21522394.0
2017-06-26,21.15,21.45,20.98,21.4,1084710.0,20367145.0
2017-06-27,21.4,21.48,21.25,21.45,1092825.0,20611918.0
2017-06-28,21.39,21.39,21.0,21.13,869968.0,16223614.0
2017-06-29,21.12,21.36,21.09,21.3,1068298.0,20028402.0
2017-06-30,21.29,21.38,21.15,21.31,622387.0,11678108.0
2017-07-03,21.3,21.54,21.19,21.54,884713.0,16683934.0
2017-07-04,21.53,21.65,20.99,21.57,906685.0,17227932.0
2017-07-05,21.56,21.82,21.5,21.72,1262140.0,24152779.0
2017-07-06,21.62,21.78,21.43,21.63,1103535.0,21049099.0
2017-07-07,21.62,22.21,21.48,21.92,1593872.0,30770467.0
2017-07-10,22.0,22.2,21.78,22.16,1699120.0,32976373.0
2017-07-11,22.12,22.16,21.65,21.65,1140030.0,22021019.0
2017-07-12,21.65,21.78,21.39,21.67,958581.0,18226636.0
2017-07-13,21.67,21.74,21.34,21.42,955720.0,18097818.0
2017-07-14,21.41,21.49,21.16,21.46,622051.0,11728325.0
2017-07-17,21.45,21.46,20.41,20.51,1959121.0,36168133.0
2017-07-18,20.71,20.74,20.32,20.53,1080647.0,19604932.0
2017-07-19,20.5,20.95,20.5,20.94,1131619.0,20698977.0
2017-07-20,20.89,21.13,20.83,20.99,1002019.0,18561860.0
2017-07-21,20.99,21.08,20.87,21.0,878959.0,16259185.0
2017-07-24,20.87,21.13,20.85,21.11,1490272.0,27609816.0
2017-07-25,21.02,21.11,20.75,20.96,1472790.0,27108522.0
2017-07-26,20.98,21.06,20.73,20.8,1038000.0,19100460.0
2017-07-27,20.8,21.14,20.65,21.11,1486568.0,27476976.0
2017-07-28,21.08,21.16,20.9,20.96,929965.0,17218019.0
2017-07-31,20.85,21.06,20.8,21.02,1315964.0,24301035.0
2017-08-01,21.05,21.18,20.94,21.02,1059011.0,19621815.0
2017-08-02,21.06,21.07,20.79,20.85,1020902.0,18838583.0
2017-08-03,20.94,20.98,20.72,20.82,1311303.0,24078815.0
2017-08-04,20.86,20.91,20.59,20.6,1637077.0,29922266.0
2017-08-07,20.54,20.73,20.53,20.69,1327573.0,24171192.0
2017-08-08,20.7,20.7,20.47,20.65,1302106.0,23637364.0
2017-08-09,20.64,20.73,20.52,20.69,1294481.0,23557047.0
2017-08-10,20.7,20.79,20.45,20.55,1404865.0,25531410.0
2017-08-11,20.41,20.53,20.31,20.37,1478206.0,26625351.0
2017-08-14,20.38,20.64,20.38,20.52,1845701.0,33419706.0
2017-08-15,20.59,20.7,20.47,20.64,1384716.0,25141893.0
2017-08-16,20.52,20.65,20.47,20.59,2064054.0,37401360.0
2017-08-17,20.55,20.68,20.53,20.63,2107809.0,38295002.0
2017-08-18,20.6,20.63,20.38,20.41,2416463.0,43651365.0
2017-08-21,20.47,20.57,20.45,20.56,2010993.0,36374510.0
2017-08-22,20.57,20.6,20.41,20.5,1490794.0,26938006.0
2017-08-23,20.55,20.55,20.37,20.4,1300500.0,23432863.0
2017-08-24,20.4,20.45,20.15,20.22,1731393.0,30993124.0
2017-08-25,20.21,20.4,20.15,20.37,1503340.0,26915440.0
2017-08-28,20.39,20.59,20.31,20.56,2310442.0,41738334.0
2017-08-29,20.57,20.63,20.46,20.48,1456908.0,26388653.0
2017-08-30,20.5,20.57,20.44,20.47,1455191.0,26284500.0
2017-08-31,20.52,20.53,20.43,20.53,1341725.0,24236254.0
2017-09-01,20.53,20.56,20.4,20.5,1849224.0,33358153.0
2017-09-04,20.5,20.6,20.41,20.6,2895716.0,52402176.0
2017-09-05,20.61,20.74,20.5,20.53,3176351.0,57774514.0
2017-09-06,20.53,20.62,20.45,20.55,1548338.0,28039887.0
2017-09-07,20.56,20.63,20.54,20.56,2466892.0,44779065.0
2017-09-08,20.56,20.64,20.49,20.57,1683600.0,30532927.0
2017-09-11,20.61,20.64,20.51,20.64,1913871.0,34759251.0
2017-09-12,20.64,20.68,20.45,20.48,2349918.0,42529478.0
2017-09-13,20.46,20.62,20.32,20.55,2130868.0,38432497.0
2017-09-14,20.55,20.59,20.36,20.41,1826518.0,32919208.0
2017-09-15,20.41,20.47,20.34,20.44,1271361.0,22861680.0
2017-09-18,20.41,20.49,20.37,20.45,1498376.0,26990629.0
2017-09-19,20.47,20.56,20.39,20.46,1894982.0,34186469.0
2017-09-20,20.44,20.49,20.35,20.41,1719751.0,30977824.0
2017-09-21,20.43,20.5,20.35,20.44,1699579.0,30625942.0
2017-09-22,20.41,20.41,20.23,20.27,1526300.0,27306439.0
2017-09-25,20.27,20.28,19.88,19.94,2301219.0,40750947.0
2017-09-26,19.94,20.01,19.86,19.95,1113149.0,19545466.0
2017-09-27,20.0,20.0,19.87,19.94,889084.0,15644084.0
2017-09-28,19.9,19.95,19.86,19.87,1109687.0,19467107.0
2017-09-29,19.9,20.0,19.86,19.94,900902.0,15836256.0
2017-10-09,20.1,20.23,20.02,20.19,1752867.0,31120871.0
2017-10-10,20.11,20.35,20.09,20.34,1683614.0,30015040.0
2017-10-11,20.34,20.49,20.29,20.35,2125563.0,38243337.0
2017-10-12,20.4,20.43,20.23,20.37,1427193.0,25556386.0
2017-10-13,20.32,20.41,20.31,20.39,1188843.0,21362052.0
2017-10-16,20.41,20.44,20.03,20.09,1430921.0,25483396.0
2017-10-17,20.05,20.14,20.05,20.1,634646.0,11244601.0
2017-10-18,20.1,20.27,20.05,20.11,1021518.0,18160562.0
2017-10-19,20.09,20.12,19.87,19.89,2575038.0,45275365.0
2017-10-20,19.86,20.11,19.85,20.09,1041194.0,18362516.0
2017-10-23,20.13,20.26,20.06,20.26,1414757.0,25158694.0
2017-10-24,20.19,20.27,19.98,20.1,1235723.0,21900236.0
2017-10-25,20.05,20.35,20.04,20.32,1454747.0,25938118.0
2017-10-26,20.31,20.32,20.14,20.31,1272757.0,22730927.0
2017-10-27,20.34,20.34,20.16,20.2,990417.0,17677519.0
2017-10-30,20.18,20.26,19.53,19.73,1569622.0,27455478.0
2017-10-31,19.55,19.78,19.52,19.72,1533988.0,26584023.0
2017-11-01,19.62,19.87,19.62,19.75,941602.0,16414200.0
2017-11-02,19.73,19.76,19.44,19.48,1581744.0,27235304.0
2017-11-03,19.48,19.51,18.95,19.09,1789325.0,30171034.0
2017-11-06,19.03,19.27,18.99,19.17,1089111.0,18343715.0
2017-11-07,19.17,19.23,19.02,19.08,1323216.0,22309312.0
2017-11-08,19.09,19.25,19.09,19.14,1326022.0,22408809.0
2017-11-09,19.12,19.22,19.03,19.19,1404754.0,23671528.0
2017-11-10,19.18,19.18,18.92,18.95,2221173.0,37183644.0
2017-11-13,18.99,19.0,18.59,18.64,2510296.0,41439105.0
2017-11-14,18.64,18.66,18.36,18.39,1970773.0,32106262.0
2017-11-15,18.36,18.43,18.27,18.37,1219680.0,19746652.0
2017-11-16,18.35,18.45,18.26,18.37,1696695.0,27467978.0
2017-11-17,18.32,18.36,17.61,17.84,2697149.0,42681676.0
2017-11-20,17.68,17.68,17.44,17.61,1577868.0,24404590.0
2017-11-21,17.6,17.6,17.27,17.36,3415756.0,52397403.0
2017-11-22,17.35,17.5,17.14,17.44,4406661.0,67393170.0
2017-11-23,17.44,17.48,17.17,17.19,1880613.0,28625585.0
2017-11-24,17.15,17.27,16.89,17.16,1378300.0,20848557.0
2017-11-27,17.16,17.16,16.84,16.92,2283001.0,34140193.0
2017-11-28,16.88,17.0,16.84,16.94,2026803.0,30270494.0
2017-11-29,16.96,16.99,16.63,16.73,2670150.0,39446897.0
2017-11-30,16.71,16.79,16.61,16.72,1144700.0,16866494.0
2017-12-01,16.73,16.99,16.73,16.97,1588349.0,23652110.0
2017-12-04,16.92,16.97,16.51,16.54,1724829.0,25437951.0
2017-12-05,16.54,16.64,15.79,15.9,2948188.0,41857660.0
2017-12-06,15.88,16.04,15.73,15.99,1799492.0,25216638.0
2017-12-07,15.99,16.21,15.92,16.05,1874010.0,26543864.0
2017-12-08,16.07,16.94,16.06,16.74,10354523.0,152015915.0
2017-12-11,16.67,16.81,16.51,16.75,2478484.0,36435599.0
2017-12-12,16.74,16.75,16.46,16.47,1223555.0,17914616.0
2017-12-13,16.46,16.49,16.2,16.41,1202784.0,17338610.0
2017-12-14,16.35,16.65,16.22,16.51,1479113.0,21342775.0
2017-12-15,16.42,16.55,16.33,16.42,1065200.0,15436909.0
2017-12-18,16.42,16.49,16.11,16.25,981762.0,14100720.0
2017-12-19,16.25,16.54,16.22,16.47,1678367.0,24330713.0
2017-12-20,16.34,16.55,16.34,16.35,1039766.0,15066525.0
2017-12-21,16.31,16.41,16.13,16.38,895326.0,12858668.0
2017-12-22,16.34,16.42,16.25,16.38,833695.0,12006189.0
2017-12-25,16.29,16.45,16.05,16.13,834228.0,11910058.0
2017-12-26,16.11,16.26,16.05,16.25,654099.0,9323009.0
2017-12-27,16.23,16.38,16.16,16.23,631128.0,9053374.0
2017-12-28,16.2,16.47,16.2,16.35,1075114.0,15524056.0
2017-12-29,16.35,16.5,16.35,16.41,897575.0,12998375.0
2018-01-02,16.42,16.7,16.42,16.52,2770407.0,40400419.0
2018-01-03,16.52,16.73,16.5,16.67,1799703.0,26400769.0
2018-01-04,16.57,16.68,16.52,16.67,2004906.0,29358704.0
2018-01-05,16.58,16.82,16.58,16.74,1740597.0,25623299.0
2018-01-08,16.7,16.76,16.59,16.74,1135723.0,16693430.0
2018-01-09,16.76,17.28,16.76,17.07,3504586.0,52897119.0
2018-01-10,16.94,16.99,16.63,16.67,1896890.0,28031172.0
2018-01-11,16.61,16.8,16.56,16.77,1457919.0,21519477.0
2018-01-12,16.76,16.81,16.58,16.74,1510237.0,22253175.0
2018-01-15,16.59,16.71,15.9,15.96,2614590.0,37502580.0
2018-01-16,15.99,16.21,15.96,16.15,1546639.0,21927196.0
2018-01-17,16.14,16.34,16.0,16.11,2985388.0,42481262.0
2018-01-18,16.08,16.27,16.07,16.24,1275286.0,18191271.0
2018-01-19,16.2,16.46,16.16,16.35,1980735.0,28563558.0
2018-01-22,16.3,16.37,16.13,16.34,1514070.0,21710601.0
2018-01-23,16.31,16.46,16.3,16.42,1136261.0,16425523.0
2018-01-24,16.34,16.45,16.29,16.42,1750907.0,25269262.0
2018-01-25,16.45,16.57,16.35,16.43,2107282.0,30578722.0
2018-01-26,16.43,16.47,16.34,16.37,1278593.0,18487379.0
2018-01-29,16.37,16.47,16.23,16.31,1472820.0,21258672.0
2018-01-30,16.3,16.7,16.24,16.65,3067455.0,44714555.0
2018-01-31,16.56,17.1,16.48,16.84,6824331.0,101274428.0
2018-02-01,16.74,16.77,15.16,15.23,8756225.0,122041319.0
2018-02-02,15.15,15.3,14.48,15.13,3443139.0,45216192.0
2018-02-05,14.87,15.28,14.86,15.23,1371580.0,18273705.0
2018-02-06,14.76,15.08,14.61,14.81,2428293.0,31816449.0
2018-02-07,14.9,15.07,14.65,14.97,1541839.0,20248486.0
2018-02-08,14.97,15.41,14.95,15.33,1643194.0,21989421.0
2018-02-09,15.12,15.24,14.76,15.06,2613327.0,34652021.0
2018-02-12,15.05,15.49,15.05,15.4,1160184.0,15690462.0
2018-02-13,15.36,15.52,15.33,15.44,973938.0,13260409.0
2018-02-14,15.45,15.49,15.32,15.44,673487.0,9159795.0
2018-02-22,15.42,15.54,15.4,15.47,1070084.0,14605371.0
2018-02-23,15.52,15.52,15.31,15.36,1029990.0,13966142.0
2018-02-26,15.35,15.56,15.32,15.54,1665001.0,22665817.0
2018-02-27,15.52,15.58,15.36,15.43,1125400.0,15330895.0
2018-02-28,15.37,15.56,15.2,15.52,1989946.0,27004111.0
2018-03-01,15.42,15.64,15.35,15.62,1318983.0,18014828.0
2018-03-02,15.54,15.7,15.46,15.67,1797800.0,24718316.0
2018-03-05,15.71,15.71,15.42,15.49,1060284.0,14510762.0
2018-03-06,15.65,15.66,15.47,15.64,967999.0,13307616.0
2018-03-07,15.56,15.7,15.48,15.52,1331060.0,18284351.0
2018-03-08,15.49,15.57,15.47,15.55,1051883.0,14390779.0
2018-03-09,15.55,15.83,15.46,15.79,2655133.0,36608601.0
2018-03-12,15.79,15.89,15.71,15.88,2493120.0,34795450.0
2018-03-13,15.77,15.84,15.71,15.78,1912617.0,26608725.0
2018-03-14,15.79,15.86,15.57,15.6,1645565.0,22750109.0
2018-03-15,15.55,15.61,15.18,15.33,2250028.0,30448364.0
2018-03-16,15.36,15.44,15.31,15.33,1176901.0,15956716.0
2018-03-19,15.35,15.42,15.25,15.32,1043394.0,14122725.0
2018-03-20,15.28,15.29,15.11,15.27,1350120.0,18101566.0
2018-03-21,15.27,15.53,15.22,15.32,1829044.0,24850221.0
2018-03-22,15.3,15.45,15.25,15.36,1130857.0,15333776.0
2018-03-23,15.1,15.1,14.48,14.89,3176586.0,41407519.0
2018-03-26,14.59,14.89,14.53,14.89,974963.0,12686046.0
2018-03-27,14.97,15.19,14.93,15.1,1374536.0,18272143.0
2018-03-28,15.08,15.12,14.95,15.03,725444.0,9613214.0
2018-03-29,15.08,15.15,15.03,15.11,1036120.0,13783136.0
2018-03-30,15.15,15.21,15.11,15.2,1066420.0,14251808.0
2018-04-02,15.22,15.32,15.11,15.18,1092616.0,14665878.0
2018-04-03,15.07,15.07,14.91,14.96,1137692.0,15027509.0
2018-04-04,15.06,15.31,14.99,15.06,1192727.0,15928787.0
2018-04-09,15.05,15.27,14.96,15.11,1008527.0,13449334.0
2018-04-10,15.07,15.2,14.98,15.18,1015249.0,13526652.0
2018-04-11,15.2,15.3,15.2,15.29,1277610.0,17163684.0
2018-04-12,15.29,15.55,15.22,15.39,2283525.0,31116849.0
2018-04-13,15.39,15.53,15.3,15.32,797214.0,10793142.0
2018-04-16,15.31,15.31,15.01,15.07,1386141.0,18447977.0
2018-04-17,15.11,15.13,14.87,14.95,2042213.0,26970335.0
2018-04-18,15.06,15.08,14.81,14.99,975451.0,12850822.0
2018-04-19,14.94,15.07,14.93,15.02,662205.0,8758149.0
2018-04-20,15.02,15.02,14.74,14.87,848102.0,11113507.0
2018-04-23,14.96,14.96,14.55,14.69,914406.0,11834722.0
2018-04-24,14.69,14.95,14.69,14.94,692940.0,9078674.0
2018-04-25,14.87,15.42,14.81,15.23,1857396.0,24871599.0
2018-04-26,15.25,15.31,14.99,15.08,1448096.0,19368092.0
2018-04-27,15.14,15.35,15.1,15.29,1492068.0,20061571.0
2018-05-02,15.29,15.5,15.21,15.32,1094897.0,14803355.0
2018-05-03,15.32,15.61,15.12,15.53,2165112.0,29389172.0
2018-05-04,15.53,15.82,15.42,15.57,1752072.0,24074852.0
2018-05-07,15.58,15.79,15.45,15.67,1881124.0,25979458.0
2018-05-08,15.69,15.99,15.61,15.88,2297532.0,32072603.0
2018-05-09,15.9,15.9,15.74,15.81,1546582.0,21562936.0
2018-05-10,15.82,16.0,15.79,15.89,1701896.0,23833310.0
2018-05-11,15.88,15.92,15.66,15.7,1131900.0,15722219.0
2018-05-14,15.71,15.87,15.58,15.63,1360665.0,18817459.0
2018-05-15,15.62,15.94,15.6,15.92,1870406.0,26139512.0
2018-05-16,15.96,16.5,15.77,16.39,4680550.0,67049803.0
2018-05-17,16.3,16.84,16.24,16.46,7406084.0,108688137.0
2018-05-18,16.48,16.68,16.24,16.54,2530472.0,36709126.0
2018-05-21,16.56,16.81,16.37,16.47,3582686.0,52325379.0
2018-05-22,16.46,16.5,16.24,16.42,2087191.0,30083795.0
2018-05-23,16.42,16.59,16.32,16.36,1874885.0,27181723.0
2018-05-24,16.35,16.48,15.94,16.07,3473506.0,49344763.0
2018-05-25,16.07,16.49,16.05,16.38,2902788.0,41681395.0
2018-05-28,16.38,16.47,16.17,16.34,1759246.0,25257506.0
2018-05-29,16.33,17.16,16.17,16.64,4591674.0,67605732.0
2018-05-30,16.52,16.67,16.17,16.32,3468835.0,49953245.0
2018-05-31,16.39,17.39,16.17,17.17,6900130.0,103044189.0
2018-06-01,16.96,17.1,16.5,16.86,4435372.0,65665163.0
2018-06-04,16.8,16.89,16.52,16.84,2435306.0,35845308.0
2018-06-05,16.84,17.08,16.65,17.01,4476464.0,66637100.0
2018-06-06,16.97,16.97,16.46,16.54,3386251.0,47932179.0
2018-06-07,16.56,16.63,15.98,16.12,3521782.0,48726364.0
2018-06-08,16.04,16.17,15.54,15.65,3016654.0,40569444.0
2018-06-11,15.59,15.73,15.4,15.47,1879831.0,24835244.0
2018-06-12,15.53,15.64,15.21,15.57,1897977.0,24952878.0
2018-06-13,15.53,15.53,15.12,15.14,1609871.0,21003074.0
2018-06-14,15.06,15.29,14.91,15.0,1326318.0,17089059.0
2018-06-15,14.97,15.23,14.68,14.77,2380494.0,30078222.0
2018-06-19,14.52,14.68,13.52,14.01,3047505.0,36583618.0
2018-06-20,13.93,14.09,13.85,13.99,1362427.0,16205124.0
2018-06-21,13.99,14.12,13.8,13.95,1381620.0,16404932.0
2018-06-22,13.87,14.07,13.79,14.06,1722531.0,20455381.0
2018-06-25,14.16,14.16,13.34,13.95,3389199.0,39713187.0
2018-06-26,13.56,13.9,13.51,13.85,1394208.0,16335860.0
2018-06-27,13.85,13.98,13.67,13.78,1160855.0,13685460.0
2018-06-28,13.72,13.86,13.62,13.75,1082277.0,12648005.0
2018-06-29,13.75,14.07,13.74,13.99,1633401.0,19342848.0
2018-07-02,13.96,14.05,13.42,13.52,1676000.0,19632549.0
2018-07-03,13.54,13.8,13.4,13.78,1252100.0,14550622.0
2018-07-04,13.85,13.85,13.48,13.53,1225014.0,14171530.0
2018-07-05,13.51,13.55,13.07,13.1,1629983.0,18436362.0
2018-07-06,13.11,13.34,12.86,13.18,1237301.0,13864677.0
2018-07-09,13.32,13.46,13.1,13.41,909733.0,10312771.0
2018-07-10,13.41,13.48,13.33,13.47,873642.0,9981516.0
2018-07-11,13.37,13.37,12.99,13.19,1158603.0,12997934.0
2018-07-12,13.1,13.53,13.1,13.45,1044679.0,11944826.0
2018-07-13,13.46,13.53,13.4,13.51,814795.0,9344991.0
2018-07-16,13.46,13.56,13.42,13.48,669443.0,7683570.0
2018-07-17,13.45,13.49,13.35,13.49,586120.0,6692174.0
2018-07-18,13.44,13.66,13.44,13.53,1286339.0,14844981.0
2018-07-19,13.48,13.54,13.34,13.37,618500.0,7059444.0
2018-07-20,13.37,13.53,13.25,13.48,861628.0,9845030.0
2018-07-23,13.48,13.67,13.39,13.65,1256898.0,14531411.0
2018-07-24,13.6,14.01,13.58,13.98,1983971.0,23414041.0
2018-07-25,13.95,14.08,13.89,13.96,1164500.0,13855023.0
2018-07-26,13.95,14.07,13.86,14.05,1514751.0,18031957.0
2018-07-27,14.07,14.2,13.86,13.96,1317060.0,15694165.0
2018-07-30,14.0,14.0,13.62,13.68,1600363.0,18725204.0
2018-07-31,13.73,13.79,13.55,13.74,1137976.0,13247170.0
2018-08-01,13.74,13.8,13.39,13.49,1577173.0,18262127.0
2018-08-02,13.47,13.52,13.06,13.46,2108996.0,23851956.0
2018-08-03,13.38,13.62,13.28,13.55,1048630.0,12042568.0
2018-08-06,13.8,13.82,13.46,13.56,2207401.0,25630519.0
2018-08-07,13.65,13.81,13.39,13.8,1473400.0,17112984.0
2018-08-08,13.78,13.8,13.59,13.66,1234500.0,14394744.0
2018-08-09,13.68,13.94,13.6,13.84,1334167.0,15742830.0
2018-08-10,13.82,13.96,13.72,13.84,1445295.0,17010664.0
2018-08-13,13.78,13.88,13.59,13.85,1018030.0,11906884.0
2018-08-14,13.74,13.88,13.68,13.76,1032410.0,12098177.0
2018-08-15,13.8,13.81,13.55,13.65,882452.0,10278673.0
2018-08-16,13.59,13.65,13.34,13.54,657057.0,7560132.0
2018-08-17,13.59,13.63,13.21,13.33,937442.0,10698936.0
2018-08-20,13.44,13.44,13.19,13.39,792200.0,8977142.0
2018-08-21,13.44,13.66,13.29,13.55,883500.0,10175231.0
2018-08-22,13.6,13.62,13.47,13.55,323773.0,3731064.0
2018-08-23,13.53,13.61,13.41,13.55,511374.0,5889840.0
2018-08-24,13.53,13.6,13.51,13.56,525375.0,6061990.0
2018-08-27,13.58,13.78,13.51,13.74,826948.0,9633018.0
2018-08-28,13.76,13.84,13.65,13.72,752580.0,8800279.0
2018-08-29,13.72,13.74,13.56,13.56,581300.0,6740505.0
2018-08-30,13.55,13.58,13.41,13.42,505916.0,5809755.0
2018-08-31,13.39,13.45,13.21,13.39,644900.0,7316668.0
2018-09-03,13.26,13.51,13.15,13.34,688142.0,7786254.0
2018-09-04,13.42,13.61,13.26,13.53,742919.0,8535455.0
2018-09-05,13.54,13.61,13.44,13.48,520400.0,5978311.0
2018-09-06,13.33,13.47,13.29,13.31,417902.0,4761689.0
2018-09-07,13.38,13.49,13.25,13.37,579125.0,6590580.0
2018-09-10,13.34,13.34,13.06,13.06,536300.0,6032838.0
2018-09-11,13.08,13.31,13.01,13.17,1101831.0,12349592.0
2018-09-12,13.18,13.66,13.14,13.47,1655986.0,18917843.0
2018-09-13,13.59,13.59,13.37,13.41,816002.0,9339403.0
2018-09-14,13.47,13.49,13.06,13.2,1560800.0,17613692.0
2018-09-17,13.15,13.25,13.08,13.13,439200.0,4920267.0
2018-09-18,13.14,13.47,12.93,13.38,1778200.0,20025106.0
2018-09-19,13.41,13.51,13.31,13.46,1011893.0,11561064.0
2018-09-20,13.47,13.47,13.28,13.34,706182.0,8032037.0
2018-09-21,13.4,13.58,13.35,13.49,1166252.0,13364500.0
2018-09-25,13.39,13.49,13.39,13.45,513116.0,5871080.0
2018-09-26,13.48,13.52,13.41,13.48,644341.0,7396273.0
2018-09-27,13.44,13.46,13.27,13.35,709836.0,8076524.0
2018-09-28,13.27,13.42,13.26,13.41,537924.0,6125684.0
2018-10-08,13.37,13.37,13.05,13.14,731241.0,8223061.0
2018-10-09,13.14,13.22,13.05,13.11,484893.0,5419474.0
2018-10-10,13.18,13.21,13.05,13.2,580700.0,6500454.0
2018-10-11,13.03,13.03,12.12,12.31,1804412.0,19236363.0
2018-10-12,12.3,12.3,11.64,11.88,1915158.0,19396927.0
2018-10-15,11.92,11.99,11.66,11.8,1587656.0,16003386.0
2018-10-16,11.77,11.92,11.44,11.47,1449200.0,14372464.0
2018-10-17,11.63,11.63,11.4,11.59,1035400.0,10169137.0
2018-10-18,11.45,11.5,11.31,11.37,771700.0,7488710.0
2018-10-19,11.25,11.6,11.06,11.57,1065311.0,10320616.0
2018-10-22,11.58,12.1,11.56,11.94,1574600.0,15924126.0
2018-10-23,11.86,12.06,11.67,11.72,985300.0,9904855.0
2018-10-24,11.69,11.87,11.67,11.7,596236.0,5968156.0
2018-10-25,11.46,11.6,11.39,11.6,840001.0,8227180.0
2018-10-26,11.65,11.84,11.65,11.83,1008001.0,10094465.0
2018-10-29,11.88,11.9,11.65,11.73,633800.0,6339972.0
2018-10-30,11.66,11.94,11.65,11.83,852095.0,8564333.0
2018-10-31,11.74,11.98,11.73,11.9,757536.0,7669819.0
2018-11-01,11.92,12.07,11.87,11.88,1145852.0,11673676.0
2018-11-02,11.94,12.11,11.9,12.1,1642256.0,16805506.0
2018-11-05,12.07,12.14,11.98,12.07,1224356.0,12563350.0
2018-11-06,12.05,12.15,11.96,12.12,983259.0,10078826.0
2018-11-07,12.17,12.17,11.98,12.0,837749.0,8603231.0
2018-11-08,12.03,12.11,11.96,11.97,1180100.0,12093306.0
2018-11-09,11.96,11.98,11.86,11.93,678200.0,6891113.0
2018-11-12,11.93,12.25,11.86,12.21,1690297.0,17462479.0
2018-11-13,12.06,12.79,12.05,12.74,4538664.0,48510133.0
