2012-09-06,11.27,12.08,10.92,11.76,70973496.0,815833792.0
2012-09-07,11.65,12.4,11.16,11.75,56049284.0,657175808.0
2012-09-10,11.5,12.08,11.38,11.97,42123408.0,492240384.0
2012-09-11,11.8,12.28,11.5,11.61,32290406.0,382255552.0
2012-09-12,11.78,11.84,11.2,11.35,21883796.0,249974864.0
2012-09-13,11.3,11.54,11.18,11.25,15595738.0,176867760.0
2012-09-14,11.32,11.37,10.94,11.01,17631096.0,196478816.0
2012-09-17,10.92,10.92,9.91,10.02,22285040.0,230581296.0
2012-09-18,9.91,10.12,9.82,9.99,10019463.0,99867056.0
2012-09-19,10.0,10.07,9.84,10.01,7267284.0,72425136.0
2012-09-20,9.99,9.99,9.38,9.4,11380720.0,110126504.0
2012-09-21,9.4,9.49,9.16,9.19,9350500.0,87112808.0
2012-09-24,9.07,9.24,9.02,9.19,6372222.0,58261344.0
2012-09-25,9.15,9.27,8.8,8.92,7263839.0,65994072.0
2012-09-26,8.88,8.96,8.42,8.47,9786358.0,84227096.0
2012-09-27,8.4,8.78,8.38,8.66,9953362.0,85713688.0
2012-09-28,8.65,8.76,8.56,8.75,8145547.0,70748672.0
2012-10-08,8.75,8.95,8.66,8.7,6091134.0,53491608.0
2012-10-09,8.81,9.5,8.78,9.23,16077347.0,147253664.0
2012-10-10,9.13,9.24,9.0,9.22,9183283.0,83818912.0
2012-10-11,9.16,9.16,8.82,8.85,8834590.0,79371000.0
2012-10-12,8.87,8.97,8.71,8.89,5925143.0,52562056.0
2012-10-15,8.93,8.93,8.74,8.84,3091317.0,27227320.0
2012-10-16,8.8,8.9,8.74,8.76,5163067.0,45485536.0
2012-10-17,8.79,8.82,8.65,8.72,3942718.0,34439712.0
2012-10-18,8.72,8.95,8.7,8.92,6789921.0,60025680.0
2012-10-19,8.88,8.96,8.83,8.85,4386504.0,38970548.0
2012-10-22,8.79,8.85,8.68,8.8,3555304.0,31145972.0
2012-10-23,8.8,8.85,8.7,8.73,3880417.0,34034440.0
2012-10-24,8.66,8.75,8.61,8.64,3399373.0,29513094.0
2012-10-25,8.68,8.74,8.52,8.53,3423169.0,29564278.0
2012-10-26,8.53,8.55,8.14,8.19,5631276.0,46773136.0
2012-10-29,8.19,8.25,8.14,8.2,2248667.0,18442898.0
2012-10-30,8.17,8.31,8.16,8.24,3065748.0,25236512.0
2012-10-31,8.24,8.25,8.12,8.19,3145421.0,25723622.0
2012-11-01,8.19,8.35,8.16,8.31,4927967.0,40865496.0
2012-11-02,8.3,8.4,8.29,8.35,3453732.0,28807368.0
2012-11-05,8.35,8.39,8.32,8.34,2565560.0,21432020.0
2012-11-06,8.35,8.37,8.07,8.19,3805924.0,31104956.0
2012-11-07,8.18,8.4,8.15,8.28,4035035.0,33438372.0
2012-11-08,8.2,8.21,8.04,8.05,3632313.0,29515574.0
2012-11-09,8.04,8.04,7.82,7.85,4487488.0,35441980.0
2012-11-12,7.8,7.9,7.76,7.87,3426858.0,26843100.0
2012-11-13,7.84,7.87,7.67,7.71,3532253.0,27316290.0
2012-11-14,7.67,7.97,7.65,7.9,5821576.0,45811448.0
2012-11-15,7.83,7.88,7.61,7.62,4507302.0,34882016.0
2012-11-16,7.66,7.84,7.62,7.71,3931961.0,30421738.0
2012-11-19,7.65,7.85,7.63,7.8,2793056.0,21577328.0
2012-11-20,7.83,7.86,7.7,7.73,2491639.0,19340076.0
2012-11-21,7.81,8.14,7.81,7.99,9421533.0,75196376.0
2012-11-22,7.89,8.07,7.81,7.97,5791282.0,46016140.0
2012-11-23,7.96,8.03,7.88,7.93,3907340.0,31064098.0
2012-11-26,7.9,7.95,7.7,7.71,3608898.0,28112426.0
2012-11-27,7.65,7.7,7.2,7.22,5341032.0,39481768.0
2012-11-28,7.2,7.28,7.1,7.12,2928305.0,21025092.0
2012-11-29,7.19,7.2,6.95,6.96,3031717.0,21499916.0
2012-11-30,7.01,7.08,6.91,7.01,2531724.0,17738194.0
2012-12-03,7.0,7.08,6.79,6.81,2453266.0,17141854.0
2012-12-04,6.81,6.94,6.67,6.92,3271319.0,22207106.0
2012-12-05,6.87,7.24,6.84,7.16,6212425.0,44260196.0
2012-12-06,7.15,7.26,7.13,7.18,4986481.0,35880728.0
2012-12-07,7.17,7.38,7.17,7.37,6684407.0,48695448.0
2012-12-10,7.39,7.55,7.3,7.49,7918698.0,58706128.0
2012-12-11,7.44,7.47,7.34,7.35,5726764.0,42314944.0
2012-12-12,7.33,7.38,7.19,7.32,4779841.0,34816568.0
2012-12-13,7.29,7.6,7.24,7.4,7556948.0,56216640.0
2012-12-14,7.38,7.88,7.37,7.8,13781944.0,105400568.0
2012-12-17,7.75,7.87,7.67,7.8,9650398.0,75030928.0
2012-12-18,7.77,7.84,7.63,7.68,7976316.0,61535400.0
2012-12-19,7.68,7.75,7.64,7.68,4091793.0,31507750.0
2012-12-20,7.67,7.94,7.6,7.84,10523067.0,82010424.0
2012-12-21,7.83,8.1,7.71,8.03,13249375.0,104930216.0
2012-12-24,7.95,8.06,7.89,7.97,7040675.0,56109764.0
2012-12-25,7.92,8.77,7.92,8.77,23482724.0,199439376.0
2012-12-26,8.97,9.65,8.94,9.65,43526612.0,404062240.0
2012-12-27,9.66,9.85,9.36,9.43,35511712.0,340696800.0
2012-12-28,9.4,9.63,9.2,9.44,22829150.0,215827872.0
2012-12-31,9.45,9.45,9.07,9.21,17485304.0,161155648.0
2013-01-04,9.23,9.42,9.12,9.23,14724072.0,136872704.0
2013-01-07,9.15,9.41,9.13,9.38,12314031.0,114509856.0
2013-01-08,9.32,9.63,9.23,9.41,18212896.0,171737440.0
2013-01-09,9.38,9.63,9.22,9.43,13005593.0,122686016.0
2013-01-10,9.48,9.53,9.25,9.4,10144089.0,95367800.0
2013-01-11,9.39,9.4,9.0,9.03,11770047.0,108023248.0
2013-01-14,8.78,9.32,8.78,9.29,12051436.0,110462208.0
2013-01-15,9.24,9.51,9.24,9.48,11672970.0,109552848.0
2013-01-16,9.46,10.27,9.38,9.81,20547732.0,202188352.0
2013-01-17,9.7,9.88,9.32,9.37,11270113.0,107494104.0
2013-01-18,9.37,9.61,9.3,9.6,8195540.0,77768128.0
2013-01-21,9.6,9.94,9.54,9.91,11236465.0,109806232.0
2013-01-22,9.9,10.5,9.68,10.2,21282722.0,215388032.0
2013-01-23,10.27,10.85,10.21,10.61,23360204.0,246142240.0
2013-01-24,10.75,10.81,9.8,9.99,18972524.0,194414496.0
2013-01-25,9.91,10.24,9.82,10.03,8678689.0,87080008.0
2013-01-28,10.02,10.2,9.92,10.19,8152549.0,82074424.0
2013-01-29,10.2,10.25,10.0,10.06,7664974.0,77163608.0
2013-01-30,10.1,10.12,9.72,9.85,9151907.0,90507296.0
2013-01-31,9.84,10.24,9.77,10.21,8007644.0,80531392.0
2013-02-01,10.21,10.34,10.06,10.12,7737499.0,78818960.0
2013-02-04,10.18,10.19,9.85,9.89,5774465.0,57422796.0
2013-02-05,9.88,9.92,9.73,9.9,4461937.0,43855180.0
2013-02-06,9.93,9.97,9.47,9.54,10931842.0,105586216.0
2013-02-07,9.52,9.63,9.21,9.5,7965742.0,74835016.0
2013-02-08,9.43,9.64,9.41,9.56,4754723.0,45473272.0
2013-02-18,9.61,9.74,9.52,9.71,5580620.0,53797232.0
2013-02-19,9.71,9.77,9.5,9.52,3577272.0,34383504.0
2013-02-20,9.41,9.65,9.41,9.64,2863684.0,27411340.0
2013-02-21,9.6,9.6,9.3,9.38,4201195.0,39659200.0
2013-02-22,9.34,9.41,9.19,9.24,3666126.0,34066592.0
2013-02-25,9.0,9.11,8.85,9.01,7288622.0,65370096.0
2013-02-26,8.96,9.02,8.86,8.91,5283889.0,47178228.0
2013-02-27,8.9,8.97,8.83,8.93,2869989.0,25566072.0
2013-02-28,8.9,9.11,8.9,9.1,4730268.0,42626292.0
2013-03-01,9.14,9.15,8.96,9.03,4114515.0,37232328.0
2013-03-04,9.01,9.02,8.35,8.44,5896079.0,50986328.0
2013-03-05,8.38,8.55,8.37,8.54,3372853.0,28506916.0
2013-03-06,8.53,8.68,8.47,8.66,3843337.0,33010196.0
2013-03-07,8.67,8.67,8.51,8.6,3259992.0,27972008.0
2013-03-08,8.61,8.63,8.45,8.46,2463500.0,21003612.0
2013-03-11,8.49,8.61,8.42,8.58,2565698.0,21875540.0
2013-03-12,8.55,8.82,8.53,8.77,7684881.0,66901516.0
2013-03-13,8.8,8.8,8.58,8.67,3132416.0,27269888.0
2013-03-14,8.67,8.75,8.61,8.67,2379136.0,20629414.0
2013-03-15,8.75,9.17,8.72,8.95,11146202.0,100351472.0
2013-03-18,8.92,9.08,8.8,9.01,5550667.0,49714928.0
2013-03-19,9.01,9.11,8.72,9.1,6006364.0,53861816.0
2013-03-20,9.08,9.2,8.98,9.15,7729384.0,70463696.0
2013-03-21,9.17,9.47,9.14,9.23,8151507.0,75821968.0
2013-03-22,9.26,9.27,9.14,9.17,4264454.0,39165616.0
2013-03-25,9.18,9.25,9.02,9.09,3565153.0,32418408.0
2013-03-26,9.09,9.14,8.67,8.74,5499429.0,48350224.0
2013-03-27,8.73,8.86,8.6,8.68,4000693.0,34931748.0
2013-03-28,8.61,8.61,8.01,8.06,5492812.0,45616836.0
2013-03-29,8.11,8.15,7.98,8.03,3648714.0,29425744.0
2013-04-01,8.04,8.18,8.04,8.11,1918102.0,15567546.0
2013-04-02,8.12,8.2,8.0,8.01,2324557.0,18787228.0
2013-04-03,8.01,8.06,7.73,7.82,2986458.0,23513244.0
2013-04-08,7.62,7.71,7.38,7.7,2500547.0,18829634.0
2013-04-09,7.76,7.86,7.68,7.8,2263669.0,17567248.0
2013-04-10,7.81,7.81,7.61,7.75,2313068.0,17823466.0
2013-04-11,7.8,7.81,7.66,7.7,1701920.0,13161035.0
2013-04-12,7.69,7.72,7.61,7.64,1197351.0,9166240.0
2013-04-15,7.64,7.74,7.6,7.72,1531081.0,11732804.0
2013-04-16,7.66,7.86,7.62,7.84,2152074.0,16714567.0
2013-04-17,7.85,7.88,7.76,7.84,1566552.0,12248039.0
2013-04-18,7.8,7.88,7.72,7.86,1595567.0,12487944.0
2013-04-19,7.86,8.01,7.83,7.97,3520065.0,27959974.0
2013-04-22,7.91,7.94,7.81,7.84,2696291.0,21183432.0
2013-04-23,7.84,7.89,7.51,7.52,2853175.0,21880768.0
2013-04-24,7.57,7.67,7.51,7.6,2357217.0,17843720.0
2013-04-25,7.62,7.62,7.35,7.35,3211699.0,23928112.0
2013-04-26,7.4,7.45,7.34,7.38,1936708.0,14298707.0
2013-05-02,7.38,7.39,7.28,7.36,1289452.0,9467726.0
2013-05-03,7.38,7.54,7.33,7.51,1988603.0,14886311.0
2013-05-06,7.51,7.67,7.48,7.66,2483541.0,18802680.0
2013-05-07,7.65,7.73,7.58,7.71,2273850.0,17405032.0
2013-05-08,7.69,7.74,7.61,7.69,1995895.0,15311209.0
2013-05-09,7.7,7.7,7.49,7.62,2528571.0,19180148.0
2013-05-10,7.64,7.84,7.59,7.83,4061667.0,31466338.0
2013-05-13,7.86,8.07,7.83,7.93,4524650.0,36056344.0
2013-05-14,7.9,7.9,7.65,7.7,3027101.0,23478996.0
2013-05-15,7.69,7.78,7.69,7.77,1734794.0,13418722.0
2013-05-16,7.79,7.96,7.75,7.95,3830778.0,30285320.0
2013-05-17,7.95,8.1,7.89,8.09,4003030.0,32056438.0
2013-05-20,8.13,8.2,8.03,8.13,3758256.0,30470348.0
2013-05-21,8.13,8.17,8.03,8.16,3905937.0,31561578.0
2013-05-22,8.14,8.26,8.1,8.18,4214907.0,34488564.0
2013-05-23,8.16,8.25,7.97,7.98,4161621.0,33656716.0
2013-05-24,7.99,8.11,7.92,8.08,3228903.0,25850592.0
2013-05-27,8.06,8.15,8.02,8.14,3472507.0,28122124.0
2013-05-28,8.18,8.43,8.11,8.39,7705150.0,64063040.0
2013-05-29,8.35,8.45,8.32,8.35,4104372.0,34368184.0
2013-05-30,8.31,8.75,8.3,8.69,8172382.0,69704688.0
2013-05-31,8.76,8.76,8.5,8.52,5007927.0,43021788.0
2013-06-03,8.47,8.54,8.3,8.35,3704007.0,31057396.0
2013-06-04,8.38,8.38,8.11,8.19,3583999.0,29431418.0
2013-06-05,8.15,8.21,8.07,8.14,2160055.0,17551968.0
2013-06-06,8.15,8.17,8.02,8.03,1620781.0,13119823.0
2013-06-07,8.03,8.1,7.75,7.76,1961196.0,15485537.0
2013-06-13,7.74,7.74,7.38,7.49,1657240.0,12420521.0
2013-06-14,7.49,7.59,7.48,7.53,1606806.0,12114044.0
2013-06-17,7.47,7.57,7.4,7.5,1701787.0,12758836.0
2013-06-18,7.54,7.58,7.45,7.54,1271031.0,9561513.0
2013-06-19,7.49,7.5,7.26,7.42,1602820.0,11807028.0
2013-06-20,7.4,7.4,7.12,7.14,1576119.0,11470948.0
2013-06-21,7.09,7.22,6.91,7.18,1982323.0,14005345.0
2013-06-24,7.17,7.17,6.66,6.71,2276234.0,15708316.0
2013-06-25,6.68,6.84,6.4,6.76,2596934.0,17287492.0
2013-06-26,6.8,6.97,6.69,6.95,2056279.0,13993859.0
2013-06-27,7.01,7.03,6.74,6.78,1558797.0,10489427.0
2013-06-28,6.77,6.92,6.69,6.84,1103130.0,7321507.0
2013-07-01,6.87,6.94,6.82,6.93,1028020.0,6901860.0
2013-07-02,6.94,7.03,6.85,7.01,1318305.0,8899425.0
2013-07-03,6.97,7.01,6.82,6.89,1455003.0,9769192.0
2013-07-04,6.91,7.08,6.82,7.04,1953405.0,13317170.0
2013-07-05,7.04,7.13,7.01,7.08,2272758.0,15649158.0
2013-07-08,7.0,7.0,6.73,6.74,2930272.0,19596188.0
2013-07-09,6.75,7.02,6.65,6.94,4115389.0,27507820.0
2013-07-10,6.88,7.33,6.86,7.27,6435950.0,44762672.0
2013-07-11,7.23,7.62,7.21,7.49,7353785.0,53265384.0
2013-07-12,7.41,7.7,7.26,7.64,8435520.0,61451948.0
2013-07-15,7.59,8.09,7.51,7.91,8856096.0,67413328.0
2013-07-16,7.91,8.18,7.74,8.03,7982819.0,61893568.0
2013-07-17,7.98,8.15,7.87,7.99,7810050.0,61148116.0
2013-07-18,7.93,8.05,7.79,7.95,6523642.0,50519152.0
2013-07-19,7.89,7.91,7.5,7.83,7521801.0,56921544.0
2013-07-22,7.6,7.75,7.55,7.66,7078796.0,52576536.0
2013-07-23,7.67,7.83,7.5,7.78,5430104.0,40761620.0
2013-07-24,7.7,7.75,7.53,7.56,3555696.0,26388168.0
2013-07-25,7.56,7.74,7.53,7.66,3039366.0,22693020.0
2013-07-26,7.55,7.76,7.51,7.74,2926550.0,21851562.0
2013-07-29,7.7,8.0,7.61,7.97,6604130.0,50824188.0
2013-07-30,8.04,8.04,7.62,7.79,3712385.0,28376680.0
2013-07-31,7.83,7.88,7.6,7.61,3789775.0,28421090.0
2013-08-01,7.62,7.73,7.51,7.71,3167987.0,23683034.0
2013-08-02,7.72,7.97,7.67,7.94,4897216.0,37439944.0
2013-08-05,7.91,8.04,7.88,7.95,3862551.0,29935828.0
2013-08-06,7.94,8.01,7.86,7.96,3076305.0,23825748.0
2013-08-07,7.95,8.26,7.92,8.05,8262350.0,65297160.0
2013-08-08,7.98,8.09,7.88,7.93,4225303.0,32765608.0
2013-08-09,7.93,8.04,7.79,7.92,2753988.0,21279948.0
2013-08-12,7.91,8.06,7.85,8.03,3754695.0,29107056.0
2013-08-13,8.04,8.11,7.96,8.1,3567435.0,27985904.0
2013-08-14,8.08,8.26,7.95,7.98,4554322.0,35987024.0
2013-08-15,7.92,8.02,7.78,7.81,3308717.0,25475684.0
2013-08-16,7.79,7.98,7.57,7.59,2831132.0,21517256.0
2013-08-19,7.54,7.71,7.46,7.67,2051945.0,15228499.0
2013-08-20,7.6,7.72,7.59,7.6,1635527.0,12187042.0
2013-08-21,7.6,7.69,7.57,7.66,1387318.0,10332748.0
2013-08-22,7.67,7.71,7.59,7.61,1322858.0,9865930.0
2013-08-23,7.61,7.69,7.39,7.47,2847304.0,20870504.0
2013-08-26,7.49,7.69,7.47,7.66,2556143.0,18933924.0
2013-08-27,7.69,8.36,7.67,8.33,11731034.0,92753808.0
2013-08-28,8.25,8.28,8.03,8.12,8306368.0,66033560.0
2013-08-29,8.08,8.7,8.04,8.5,13023883.0,107566360.0
2013-08-30,8.5,9.35,8.46,8.95,21793948.0,190322816.0
2013-09-02,9.04,9.07,8.08,8.35,11932351.0,97858704.0
2013-09-03,8.27,8.33,8.13,8.27,6033881.0,48450240.0
2013-09-04,8.25,8.43,8.22,8.29,5719681.0,46378576.0
2013-09-05,8.29,8.29,7.97,8.01,6881890.0,53962032.0
2013-09-06,8.0,8.16,7.92,8.1,6019104.0,47384016.0
2013-09-09,8.11,8.43,8.06,8.33,7733706.0,62619948.0
2013-09-10,8.3,8.64,8.27,8.51,9768158.0,80809824.0
2013-09-11,8.54,8.8,8.29,8.35,7667933.0,63505240.0
2013-09-12,8.38,8.42,8.24,8.31,4765176.0,38620432.0
2013-09-13,8.27,8.32,8.15,8.2,3679942.0,29479854.0
2013-09-16,8.21,8.37,8.19,8.36,3585519.0,28987488.0
2013-09-17,8.37,8.37,8.16,8.18,2928887.0,23592592.0
2013-09-18,8.23,8.25,8.1,8.16,2219246.0,17709748.0
2013-09-23,8.16,8.28,8.08,8.27,2761572.0,22108380.0
2013-09-24,8.27,8.29,8.1,8.18,3706181.0,29517966.0
2013-09-25,8.16,8.18,7.88,7.92,4901662.0,38220080.0
2013-09-26,7.92,7.97,7.7,7.72,2861853.0,21804070.0
2013-09-27,7.68,7.85,7.66,7.85,2297628.0,17383554.0
2013-09-30,7.86,8.02,7.85,7.88,2262188.0,17456784.0
2013-10-08,7.89,8.04,7.79,7.96,2411019.0,18726696.0
2013-10-09,7.95,8.3,7.95,8.27,6045311.0,48272852.0
2013-10-10,8.29,8.33,8.11,8.16,3649766.0,29101940.0
2013-10-11,8.15,8.33,8.15,8.32,4498054.0,36134812.0
2013-10-14,8.32,8.34,8.24,8.31,3804849.0,30747906.0
2013-10-15,8.3,8.31,8.19,8.29,3335766.0,26824152.0
2013-10-16,8.32,8.39,8.15,8.29,4363035.0,35292704.0
2013-10-17,8.29,8.38,8.22,8.3,3162802.0,25595744.0
2013-10-18,8.32,8.38,8.23,8.37,4059043.0,33002800.0
2013-10-21,8.5,8.54,8.38,8.45,4762097.0,39245972.0
2013-10-22,8.4,8.64,8.39,8.44,4748853.0,39446796.0
2013-10-23,8.42,8.51,8.14,8.2,4326295.0,34914768.0
2013-10-24,8.16,8.33,8.13,8.22,1957774.0,15716474.0
2013-10-25,8.22,8.28,8.03,8.03,2043780.0,16267333.0
2013-10-28,8.08,8.08,7.93,8.07,1974460.0,15388463.0
2013-10-29,8.18,8.25,7.91,8.2,4344240.0,34115552.0
2013-10-30,8.21,8.45,8.2,8.45,6118925.0,49929308.0
2013-10-31,8.48,8.51,8.34,8.49,4685367.0,38540416.0
2013-11-01,8.46,8.52,8.34,8.47,3457670.0,28418408.0
2013-11-04,8.51,8.66,8.46,8.61,7273471.0,60928160.0
2013-11-05,8.6,8.6,8.34,8.46,5160066.0,42458896.0
2013-11-06,8.44,8.52,8.36,8.38,3337149.0,27467644.0
2013-11-07,8.36,8.66,8.34,8.64,8588187.0,71742512.0
2013-11-08,8.65,8.65,8.21,8.21,6727784.0,55214560.0
2013-11-11,8.13,8.15,7.97,8.09,3087631.0,24250756.0
2013-11-12,8.09,8.46,8.05,8.44,3574049.0,28670028.0
2013-11-13,8.36,8.62,8.31,8.43,6189597.0,51236104.0
2013-11-14,8.32,8.61,8.31,8.55,5412651.0,44917304.0
2013-11-15,8.61,8.81,8.5,8.65,9956054.0,84002920.0
2013-11-18,8.62,8.87,8.62,8.76,8024807.0,68351848.0
2013-11-19,8.78,8.95,8.68,8.7,6912384.0,59267964.0
2013-11-20,8.72,8.88,8.59,8.87,6811119.0,58160568.0
2013-11-21,8.81,8.99,8.74,8.87,5772813.0,49965532.0
2013-11-22,8.93,9.16,8.71,8.74,8526758.0,74662880.0
2013-11-25,8.74,9.47,8.64,9.26,12697516.0,113703136.0
2013-11-26,9.33,9.47,9.18,9.29,11611286.0,105718864.0
2013-11-27,9.3,9.37,9.16,9.29,6653221.0,60223376.0
2013-11-28,9.29,9.42,9.21,9.36,6937380.0,62922448.0
2013-11-29,9.36,9.64,9.31,9.36,9595816.0,88666496.0
2013-12-02,9.13,9.17,8.43,8.57,9944998.0,85346600.0
2013-12-03,8.46,8.9,8.44,8.87,4927615.0,41964956.0
2013-12-04,8.81,9.19,8.78,9.01,6893619.0,60711268.0
2013-12-05,8.99,9.01,8.85,8.93,3835298.0,33326272.0
2013-12-06,8.92,9.01,8.88,8.95,2589171.0,22569796.0
2013-12-09,8.99,9.16,8.92,9.11,3805199.0,33519990.0
2013-12-10,9.11,9.22,9.08,9.15,3677836.0,32803846.0
2013-12-11,9.11,9.15,8.77,8.87,4074593.0,35472528.0
2013-12-12,8.86,8.91,8.8,8.87,2179903.0,18824784.0
2013-12-13,8.86,8.88,8.73,8.85,2042606.0,17574980.0
2013-12-16,8.82,8.9,8.53,8.61,2939384.0,24888532.0
2013-12-17,8.59,8.69,8.51,8.67,2342451.0,19649536.0
2013-12-18,8.68,8.74,8.62,8.68,1441557.0,12212205.0
2013-12-19,8.7,8.74,8.51,8.52,1889599.0,15876200.0
2013-12-20,8.51,8.56,8.27,8.39,3028398.0,24808686.0
2013-12-23,8.38,8.49,8.29,8.37,1693144.0,13820183.0
2013-12-24,8.4,8.48,8.34,8.41,1699308.0,13939142.0
2013-12-25,8.41,8.5,8.38,8.49,1358496.0,11175739.0
2013-12-26,8.5,8.51,8.33,8.37,1993906.0,16308143.0
2013-12-27,8.38,8.57,8.33,8.53,1924633.0,15939010.0
2013-12-30,8.54,8.63,8.48,8.59,2188840.0,18260336.0
2013-12-31,8.51,8.6,8.45,8.56,1546256.0,12834607.0
2014-01-02,8.56,8.56,8.43,8.5,1649265.0,13636038.0
2014-01-03,8.47,8.49,8.29,8.32,3209013.0,26110504.0
2014-01-06,8.31,8.35,8.27,8.28,1891304.0,15291869.0
2014-01-07,8.22,8.35,8.15,8.27,1719441.0,13838443.0
2014-01-08,8.23,8.34,8.15,8.2,1374038.0,11042688.0
2014-01-09,8.16,8.24,7.64,7.79,2235874.0,17484424.0
2014-01-10,7.71,7.89,7.47,7.48,2701352.0,19986656.0
2014-01-13,7.52,7.6,7.45,7.55,1083451.0,7950889.0
2014-01-14,7.56,7.68,7.54,7.66,1046880.0,7777933.0
2014-01-15,7.62,7.68,7.59,7.65,1036778.0,7719528.0
2014-01-16,7.65,7.7,7.59,7.7,1489708.0,11124007.0
2014-01-17,7.67,7.67,7.5,7.52,1141804.0,8418626.0
2014-01-20,7.45,7.56,7.45,7.53,883262.0,6465039.0
2014-01-21,7.51,7.63,7.51,7.61,889709.0,6591629.0
2014-01-22,7.61,7.85,7.61,7.82,1953990.0,14833822.0
2014-01-23,7.75,7.84,7.75,7.81,1579935.0,12005689.0
2014-01-24,7.79,7.95,7.75,7.88,1857846.0,14293096.0
2014-01-27,7.81,7.94,7.81,7.88,1204116.0,9250547.0
2014-01-28,7.85,8.16,7.84,8.05,2680049.0,20979800.0
2014-01-29,8.1,8.82,7.99,8.63,7750036.0,64206592.0
2014-01-30,8.61,9.08,8.41,8.97,7939088.0,68631720.0
2014-02-07,9.02,9.46,9.02,9.4,18549200.0,168154816.0
2014-02-10,9.6,10.34,9.6,10.19,25277772.0,251530656.0
2014-02-11,10.22,10.33,9.9,10.26,15501853.0,153100416.0
2014-02-12,10.18,10.67,10.02,10.46,15035784.0,151901856.0
2014-02-13,10.48,11.08,10.09,10.11,14419408.0,148005776.0
2014-02-14,10.24,10.36,10.03,10.27,9951779.0,99200232.0
2014-02-17,10.15,10.37,9.89,10.26,25173420.0,247395280.0
2014-02-18,10.15,10.29,9.95,10.07,16958156.0,167495120.0
2014-02-19,10.46,10.94,10.1,10.47,34600864.0,356809152.0
2014-02-20,10.27,10.51,9.8,9.92,16745667.0,164292016.0
2014-02-21,9.99,9.99,9.62,9.71,9963190.0,94638176.0
2014-02-24,9.68,9.85,9.42,9.78,6775775.0,63695524.0
2014-02-25,9.98,9.98,9.38,9.47,7682334.0,72553328.0
2014-02-26,9.38,9.61,9.19,9.49,6472963.0,59344008.0
2014-02-27,9.56,9.57,8.98,9.07,7054633.0,64516352.0
2014-02-28,9.06,9.26,8.92,9.17,5416129.0,48047632.0
2014-03-03,9.15,9.79,9.11,9.65,7913145.0,73640352.0
2014-03-04,9.59,10.0,9.5,10.0,9856020.0,94547656.0
2014-03-05,9.96,10.02,9.8,9.95,5444628.0,52595276.0
2014-03-06,9.87,10.0,9.72,9.84,3437847.0,32925712.0
2014-03-07,9.85,10.02,9.67,9.71,3817662.0,36476796.0
2014-03-10,9.61,9.7,8.87,9.01,6138375.0,55180768.0
2014-03-11,9.01,9.1,8.7,9.05,4954136.0,43015984.0
2014-03-12,8.97,9.18,8.85,9.11,2934129.0,25825108.0
2014-03-13,9.09,9.2,9.04,9.13,2012447.0,17866066.0
2014-03-14,9.08,9.32,9.04,9.14,2841887.0,25491592.0
2014-03-17,9.11,9.19,9.05,9.17,4456223.0,39629288.0
2014-03-18,9.14,9.49,9.13,9.43,5238580.0,47633548.0
2014-03-19,9.42,9.42,9.03,9.23,4060436.0,36263840.0
2014-03-20,9.28,9.38,9.06,9.07,3857395.0,34738540.0
2014-03-21,9.05,9.25,8.9,9.22,2834009.0,25161588.0
2014-03-24,9.28,9.6,9.23,9.46,5624725.0,51767472.0
2014-03-25,9.43,9.51,9.38,9.43,3455016.0,31842864.0
2014-03-26,9.4,9.49,9.38,9.41,2949078.0,27101152.0
2014-03-27,9.38,9.54,9.31,9.42,4233348.0,38914192.0
2014-03-28,9.42,9.49,9.14,9.17,3493067.0,31879092.0
2014-03-31,9.16,9.18,9.0,9.07,1648430.0,14605296.0
2014-04-01,9.04,9.24,9.01,9.23,1408245.0,12560057.0
2014-04-02,9.22,9.44,9.22,9.29,2092008.0,19080956.0
2014-04-03,9.29,9.53,9.29,9.42,2970256.0,27308492.0
2014-04-04,9.42,9.62,9.42,9.6,4273011.0,39701900.0
2014-04-08,9.59,9.78,9.51,9.68,4923997.0,46393352.0
2014-04-09,9.68,9.74,9.57,9.6,3449665.0,32457104.0
2014-04-10,9.62,9.65,9.43,9.46,5498288.0,51121024.0
2014-04-11,9.34,9.52,9.34,9.5,2818592.0,25987506.0
2014-04-14,9.54,9.66,9.54,9.61,3107080.0,29039040.0
2014-04-15,9.59,9.92,9.57,9.79,6427292.0,61199168.0
2014-04-16,9.83,9.9,9.6,9.7,4448933.0,42189256.0
2014-04-17,9.7,9.99,9.68,9.78,6879912.0,66211280.0
2014-04-18,9.78,9.93,9.69,9.91,4487971.0,42997028.0
2014-04-21,9.85,9.87,9.5,9.54,5254125.0,49668040.0
2014-04-22,9.54,9.57,9.33,9.47,3550210.0,32654390.0
2014-04-23,9.43,9.49,9.25,9.3,3409547.0,31083656.0
2014-04-24,9.13,9.29,9.06,9.08,3123908.0,27897834.0
2014-04-25,9.06,9.19,8.97,9.02,2571517.0,22757204.0
2014-04-28,9.02,9.06,8.72,8.74,1989919.0,17120824.0
2014-04-29,8.78,8.85,8.73,8.83,1148973.0,9849156.0
2014-04-30,8.87,9.21,8.82,9.16,2285909.0,20303620.0
2014-05-05,9.15,9.27,9.04,9.21,1920998.0,17214000.0
2014-05-06,9.23,9.23,9.06,9.12,1771051.0,15814667.0
2014-05-07,9.08,9.11,8.89,8.91,1489126.0,13043921.0
2014-05-08,8.91,9.1,8.83,8.92,893657.0,7839242.0
2014-05-09,8.92,8.96,8.78,8.84,1227897.0,10600165.0
2014-05-12,8.92,9.08,8.88,9.06,1527564.0,13423588.0
2014-05-13,9.02,9.08,8.98,9.06,976898.0,8607872.0
2014-05-14,9.06,9.12,9.04,9.07,741407.0,6549951.0
2014-05-15,9.12,9.18,8.9,8.97,1373629.0,11899077.0
2014-05-16,8.97,9.14,8.82,8.92,1828003.0,15745286.0
2014-05-19,8.92,8.92,8.78,8.81,931249.0,7887527.0
2014-05-20,8.88,9.46,8.86,9.08,5916923.0,52191024.0
2014-05-21,9.13,9.14,8.9,9.07,3183167.0,27551994.0
2014-05-22,9.01,9.12,8.97,9.05,1814867.0,15768188.0
2014-05-23,9.08,9.13,8.98,9.08,1435259.0,12458052.0
2014-05-26,9.08,9.11,9.03,9.09,1629765.0,14165875.0
2014-05-27,9.09,9.15,8.93,8.95,1909830.0,16556752.0
2014-05-28,8.92,9.04,8.89,9.03,1839120.0,15780456.0
2014-05-29,9.04,9.27,9.01,9.02,3421087.0,29902300.0
2014-05-30,8.97,9.06,8.85,8.94,1876535.0,16052644.0
2014-06-03,8.94,9.06,8.94,8.97,1573066.0,13586884.0
2014-06-04,9.0,9.0,8.68,8.8,2171649.0,18334224.0
2014-06-05,8.79,8.89,8.76,8.87,799480.0,6773421.0
2014-06-06,8.87,8.91,8.72,8.76,1561772.0,13158234.0
2014-06-09,8.72,8.83,8.71,8.78,744791.0,6266245.0
2014-06-10,8.82,8.84,8.71,8.83,1291113.0,10876734.0
2014-06-11,8.85,8.86,8.7,8.82,1984281.0,16729809.0
2014-06-12,8.83,8.84,8.76,8.79,1726423.0,14564804.0
2014-06-13,8.79,8.92,8.79,8.9,4079853.0,34638732.0
2014-06-16,8.9,8.99,8.87,8.99,2984116.0,25580936.0
2014-06-17,8.94,8.98,8.84,8.87,1867314.0,15932368.0
2014-06-18,8.81,8.91,8.74,8.76,1501640.0,12698244.0
2014-06-19,8.76,8.83,8.29,8.34,3220948.0,26223692.0
2014-06-20,8.35,8.45,8.31,8.44,2028214.0,16289241.0
2014-06-23,8.43,8.87,8.4,8.83,3740475.0,30988872.0
2014-06-24,8.77,9.37,8.71,9.04,11869309.0,102907512.0
2014-06-25,9.04,9.25,8.95,9.05,5654833.0,49152100.0
2014-06-26,8.98,9.21,8.95,9.11,9919444.0,86534368.0
2014-06-27,9.24,9.88,9.05,9.73,23444876.0,211220848.0
2014-06-30,9.89,10.08,9.65,9.99,24647372.0,233182768.0
2014-07-01,9.81,10.07,9.52,9.94,22040890.0,207104832.0
2014-07-02,10.08,10.3,9.61,9.96,23566282.0,225195392.0
2014-07-03,9.99,10.11,9.46,9.56,23620712.0,220201312.0
2014-07-04,9.51,9.6,9.06,9.08,27530762.0,242918736.0
2014-07-07,9.06,9.24,9.02,9.18,9949211.0,87190312.0
2014-07-08,9.18,9.19,9.02,9.13,7728406.0,67550848.0
2014-07-09,9.14,9.14,8.77,8.79,10639078.0,91298080.0
2014-07-10,8.79,8.9,8.78,8.89,4931124.0,41758916.0
2014-07-11,8.88,9.02,8.88,8.97,4487163.0,38514588.0
2014-07-14,8.93,9.08,8.88,9.08,4754389.0,40974648.0
2014-07-15,9.09,9.1,8.98,9.03,4400769.0,38124456.0
2014-07-16,9.03,9.13,8.99,9.04,4258139.0,36968704.0
2014-07-17,9.02,9.03,8.82,8.87,4282983.0,36438076.0
2014-07-18,8.87,8.94,8.83,8.88,2254999.0,19226548.0
2014-07-21,8.88,8.94,8.77,8.79,3111058.0,26288752.0
2014-07-22,8.82,8.95,8.74,8.91,2808657.0,23875036.0
2014-07-23,8.89,8.91,8.74,8.76,4039999.0,34066328.0
2014-07-24,8.77,8.84,8.73,8.77,2855551.0,24002676.0
2014-07-25,8.78,8.88,8.77,8.87,3415606.0,28893700.0
2014-07-28,8.92,9.03,8.88,9.01,6201826.0,53278328.0
2014-07-29,9.02,9.11,8.96,9.07,5634010.0,48877328.0
2014-07-30,9.07,9.11,9.01,9.08,5475679.0,47549040.0
2014-07-31,9.07,9.19,9.02,9.17,6516801.0,56923996.0
2014-08-01,9.13,9.23,9.06,9.08,5649762.0,49457592.0
2014-08-04,9.08,9.18,9.05,9.17,6232356.0,54532572.0
2014-08-05,9.19,9.5,9.19,9.48,17213454.0,154665664.0
2014-08-06,9.45,9.46,9.3,9.37,9115618.0,81863288.0
2014-08-07,9.37,9.41,9.17,9.19,8419849.0,74942792.0
2014-08-08,9.21,9.4,9.21,9.33,6115854.0,54608224.0
2014-08-11,9.36,9.47,9.35,9.43,7472250.0,67404840.0
2014-08-12,9.43,9.47,9.32,9.46,6817120.0,61245716.0
2014-08-13,9.43,9.47,9.31,9.36,6195040.0,55690004.0
2014-08-14,9.38,9.91,9.32,9.7,21567884.0,200542592.0
2014-08-15,9.66,9.96,9.58,9.83,14457441.0,135634960.0
2014-08-18,9.8,10.28,9.71,10.16,26147260.0,252079248.0
2014-08-19,10.12,10.25,9.91,10.0,15649750.0,150845376.0
2014-08-20,9.99,10.2,9.94,10.04,12957056.0,125153720.0
2014-08-21,10.06,10.18,9.76,9.97,9709012.0,92628864.0
2014-08-22,9.96,10.49,9.9,10.38,23058016.0,225566464.0
2014-08-25,10.39,10.61,10.31,10.39,19680060.0,197256192.0
2014-08-26,10.34,10.37,9.77,9.79,15823401.0,152371840.0
2014-08-27,9.79,9.86,9.63,9.69,8300456.0,77357304.0
2014-08-28,9.7,9.94,9.69,9.86,8897215.0,83559088.0
2014-08-29,9.83,9.83,9.56,9.77,5897855.0,54994512.0
2014-09-01,9.82,10.05,9.72,9.98,7133060.0,67795616.0
2014-09-02,10.05,10.39,9.98,10.27,11222305.0,110111792.0
2014-09-03,10.25,10.49,10.2,10.28,13930210.0,137942368.0
2014-09-04,10.34,11.31,10.32,11.31,44024932.0,464223232.0
2014-09-05,11.48,12.3,11.35,12.02,44104644.0,499149472.0
2014-09-09,11.9,12.23,11.7,12.2,23045640.0,264193856.0
2014-09-10,12.05,12.7,11.95,12.21,36973204.0,436789984.0
2014-09-11,12.21,12.82,12.05,12.49,26041818.0,308730752.0
2014-09-12,12.42,13.36,12.29,13.1,26867032.0,331457760.0
2014-09-15,13.31,13.79,12.82,13.18,29638232.0,374939648.0
2014-09-16,13.1,13.25,12.34,12.43,34421928.0,416314816.0
2014-09-17,12.47,12.97,12.4,12.8,18608804.0,226078960.0
2014-09-18,12.68,12.97,12.5,12.79,13454278.0,164541872.0
2014-09-19,12.76,13.0,12.63,12.73,9658654.0,118384016.0
2014-09-22,12.68,13.36,12.68,13.1,22377922.0,280491872.0
2014-09-23,13.07,13.8,12.95,13.55,18218060.0,233462144.0
2014-09-24,13.46,13.72,13.36,13.63,11210394.0,145474576.0
2014-09-25,13.58,13.61,13.04,13.19,14862162.0,190219376.0
2014-09-26,13.22,13.4,12.86,13.24,12570902.0,158121792.0
2014-09-29,13.3,13.38,13.1,13.22,10120585.0,128283776.0
2014-09-30,13.26,13.42,13.16,13.28,7201116.0,91693608.0
2014-10-08,13.31,13.34,12.87,13.04,11060634.0,138252144.0
2014-10-09,13.06,13.08,12.69,12.79,13424219.0,165378800.0
2014-10-10,12.75,13.06,12.71,12.87,9364050.0,115930040.0
2014-10-13,12.86,13.11,12.5,13.1,10157912.0,124932384.0
2014-10-14,13.06,13.13,12.82,12.95,7489285.0,93145624.0
2014-10-15,12.95,13.63,12.81,13.46,17748864.0,226856688.0
2014-10-16,13.47,14.15,13.32,13.55,19957316.0,264048368.0
2014-10-17,13.57,14.15,12.61,13.6,15550043.0,203271792.0
2014-10-20,13.72,13.98,13.07,13.44,13004629.0,166425056.0
2014-10-21,13.33,13.9,12.91,12.93,9280227.0,117137512.0
2014-10-22,12.87,12.99,12.37,12.44,10823018.0,131281896.0
2014-10-23,12.43,12.66,12.15,12.62,6950082.0,82296264.0
2014-10-24,12.57,13.04,12.52,12.84,9878816.0,121719512.0
2014-10-27,12.76,13.31,12.54,13.0,6384848.0,79537784.0
2014-10-28,13.08,13.33,13.0,13.22,7782432.0,98211176.0
2014-10-29,13.23,14.55,13.04,14.55,23497716.0,311635104.0
2014-10-30,14.55,15.25,14.3,14.96,28159800.0,401201760.0
2014-10-31,15.03,15.03,14.5,14.66,14260955.0,200622992.0
2014-11-03,14.71,15.24,14.48,15.12,19541804.0,279019744.0
2014-11-04,15.34,15.68,14.35,14.44,26652856.0,384160032.0
2014-11-05,14.24,14.86,13.78,14.59,20096308.0,274294720.0
2014-11-06,14.34,14.55,14.09,14.28,12470221.0,170551840.0
2014-11-07,14.3,14.92,14.11,14.76,20028612.0,278299360.0
2014-11-10,14.75,15.46,14.51,15.34,32393826.0,469064384.0
2014-11-11,15.31,15.31,13.81,13.82,27071232.0,373594208.0
2014-11-12,13.87,13.87,13.23,13.46,16721437.0,215730400.0
2014-11-13,13.41,13.67,12.86,13.19,15355283.0,193478608.0
2014-11-14,13.09,13.37,12.87,13.25,8279217.0,104361104.0
2014-11-17,13.29,13.65,13.04,13.45,8948732.0,114955712.0
2014-11-18,13.57,13.81,13.33,13.49,7545443.0,97829024.0
2014-11-19,13.49,13.59,13.04,13.04,13524847.0,171604768.0
2014-11-20,12.98,13.29,12.88,13.04,8784450.0,110032776.0
2014-11-21,12.98,13.18,12.98,13.1,7890684.0,98736192.0
2014-11-24,13.18,13.36,13.09,13.29,11024326.0,139622928.0
2014-11-25,13.23,13.46,13.11,13.44,13553271.0,172393520.0
2014-11-26,13.47,13.49,13.18,13.35,12162633.0,155003664.0
2014-11-27,13.43,13.83,13.37,13.77,22037016.0,288006336.0
2014-11-28,13.86,14.47,13.83,13.97,23749932.0,320724960.0
2014-12-01,14.18,14.24,13.28,13.34,20935174.0,275239904.0
2014-12-02,13.29,13.48,13.14,13.35,17565286.0,223377312.0
2014-12-03,13.35,13.36,13.07,13.28,14329960.0,180785056.0
2014-12-04,13.25,13.44,13.12,13.38,15820438.0,200936256.0
2014-12-05,13.36,13.38,12.42,12.53,29016838.0,353838272.0
2014-12-08,12.61,12.92,12.37,12.63,17049460.0,206905648.0
2014-12-09,12.63,12.77,12.13,12.18,23533664.0,281865376.0
2014-12-10,12.17,12.63,11.96,12.62,16766602.0,197646800.0
2014-12-11,12.61,13.3,12.48,13.15,23586944.0,294299008.0
2014-12-12,13.15,13.38,12.97,13.31,17004200.0,214870400.0
2014-12-15,13.32,13.64,13.23,13.36,16788788.0,215756368.0
2014-12-16,13.43,13.45,13.06,13.15,12249119.0,154511456.0
2014-12-17,13.15,13.4,12.75,13.06,15384600.0,192881840.0
2014-12-18,12.86,13.76,12.63,13.65,31586332.0,407028448.0
2014-12-19,13.57,14.24,13.41,14.2,46167888.0,617137984.0
2014-12-22,14.12,14.12,12.78,12.78,27990708.0,354553952.0
2014-12-23,12.72,12.72,12.0,12.37,11907152.0,140977152.0
2014-12-24,12.43,12.71,12.26,12.52,7961306.0,95483536.0
2014-12-25,12.54,12.66,12.4,12.59,8989511.0,107773904.0
2014-12-26,12.58,12.82,12.39,12.79,11730937.0,141191600.0
2014-12-29,12.9,12.9,12.12,12.23,15591721.0,185500672.0
2014-12-30,12.13,12.31,11.52,11.58,15557102.0,176499088.0
2014-12-31,11.54,11.74,11.36,11.61,9133791.0,100987104.0
2015-01-05,11.68,11.88,11.49,11.81,8230700.0,92192840.0
2015-01-06,11.81,12.34,11.72,12.16,11408353.0,132450320.0
2015-01-07,12.17,12.25,11.96,12.06,6626916.0,76633840.0
2015-01-08,12.0,12.4,11.7,12.1,12386580.0,143147248.0
2015-01-09,12.01,12.24,11.9,11.91,8949119.0,103785688.0
2015-01-12,11.79,11.8,11.38,11.42,8963991.0,99060808.0
2015-01-13,11.33,11.64,11.33,11.61,4217510.0,46459472.0
2015-01-14,11.63,11.64,11.46,11.54,4151300.0,45952992.0
2015-01-15,11.52,11.67,11.52,11.65,4010950.0,44584064.0
2015-01-16,11.62,11.74,11.6,11.69,5498288.0,61492996.0
2015-01-19,11.52,11.69,11.01,11.21,7780644.0,84901608.0
2015-01-20,11.22,11.65,11.22,11.64,7073488.0,77475512.0
2015-01-21,11.72,12.32,11.64,12.17,13708389.0,158022864.0
2015-01-22,12.19,12.26,12.01,12.21,9417785.0,109673096.0
2015-01-23,12.24,12.35,12.01,12.11,9906339.0,115695608.0
2015-01-26,12.1,12.34,12.03,12.32,9644278.0,112706232.0
2015-01-27,12.4,12.58,12.06,12.53,14558383.0,172213600.0
2015-01-28,12.52,12.52,12.23,12.29,9327791.0,110437696.0
2015-01-29,12.13,12.64,12.09,12.46,13062767.0,155081040.0
2015-01-30,12.38,12.5,12.11,12.18,6506496.0,76809040.0
2015-02-02,12.05,12.1,11.92,11.93,4776056.0,54906376.0
2015-02-03,12.01,12.13,11.91,12.11,4644810.0,53453424.0
2015-02-04,12.13,12.15,11.81,11.84,5568267.0,64004708.0
2015-02-05,11.96,12.02,11.85,11.88,4390415.0,50173844.0
2015-02-06,11.85,12.07,11.52,11.65,5210877.0,59014660.0
2015-02-09,11.57,11.79,11.53,11.65,3701164.0,41329784.0
2015-02-10,11.65,11.88,11.65,11.77,4559673.0,51257264.0
2015-02-11,11.87,11.87,11.64,11.69,4690471.0,52855536.0
2015-02-12,11.71,11.81,11.65,11.78,4437522.0,49898060.0
2015-02-13,11.8,12.04,11.8,12.02,6611687.0,75607912.0
2015-02-16,12.02,12.24,12.01,12.19,5617370.0,65507720.0
2015-02-17,12.22,12.36,12.17,12.3,6745629.0,79302800.0
2015-02-25,12.3,12.37,12.09,12.18,4244606.0,49646716.0
2015-02-26,12.36,12.76,12.31,12.52,13485953.0,162340720.0
2015-02-27,12.5,12.59,12.43,12.55,8039624.0,96376792.0
2015-03-02,12.59,12.74,12.45,12.73,10486647.0,126636864.0
2015-03-03,12.7,12.78,12.44,12.48,10213408.0,123538048.0
2015-03-04,12.49,12.63,12.39,12.62,9805580.0,117578864.0
2015-03-05,12.65,12.65,12.45,12.55,8494063.0,101916712.0
2015-03-06,12.59,12.6,12.34,12.47,8401308.0,100683912.0
2015-03-09,12.48,12.66,12.28,12.65,8892994.0,106385488.0
2015-03-10,12.69,13.66,12.69,13.38,36854992.0,465162112.0
2015-03-11,13.36,13.97,13.14,13.8,34825004.0,454714976.0
2015-03-12,13.66,13.68,13.32,13.4,16476302.0,212508912.0
2015-03-13,13.49,14.08,13.4,13.93,21526852.0,286175776.0
2015-03-16,13.98,14.28,13.7,14.16,24697128.0,332209696.0
2015-03-17,14.14,14.76,14.08,14.5,27772718.0,384494464.0
2015-03-18,14.55,14.74,14.3,14.58,20067210.0,278448064.0
2015-03-19,14.46,14.57,14.26,14.42,16271521.0,224421888.0
2015-03-20,14.41,14.7,14.41,14.6,16729511.0,233889056.0
2015-03-23,14.75,14.88,14.44,14.61,18024852.0,251705952.0
2015-03-24,14.54,14.62,13.74,14.18,22860392.0,310961408.0
2015-03-25,14.11,14.2,13.8,14.19,16906220.0,226412896.0
2015-03-26,14.23,14.87,14.02,14.6,25740360.0,360169984.0
2015-03-27,14.64,15.12,14.51,14.9,21417314.0,306659648.0
2015-03-30,15.29,15.32,14.87,14.96,18265418.0,262746208.0
2015-03-31,14.95,15.63,14.75,15.29,24148462.0,351996832.0
2015-04-01,15.28,15.96,15.22,15.72,25010976.0,376923936.0
2015-04-02,15.8,16.11,15.45,15.75,18576584.0,280291776.0
2015-04-03,15.75,16.03,15.59,15.96,21065326.0,319788224.0
2015-04-07,16.06,16.28,15.91,16.05,17897660.0,274950464.0
2015-04-08,16.13,16.13,15.49,15.62,19687766.0,296131808.0
2015-04-09,15.66,15.74,14.88,15.32,18413540.0,268270496.0
2015-04-10,15.11,16.1,15.11,16.05,20849930.0,315539168.0
2015-04-13,16.12,17.66,16.11,17.66,28687836.0,477054784.0
2015-04-14,17.89,18.37,17.45,17.72,28988266.0,496472480.0
2015-04-15,17.69,17.69,16.49,16.66,16811416.0,274742304.0
2015-04-16,16.47,17.41,15.82,17.07,17795200.0,286574368.0
2015-04-17,17.27,18.45,17.27,17.59,28291050.0,482429760.0
2015-04-20,17.65,18.09,16.85,17.14,22191460.0,371204800.0
2015-04-21,17.03,17.85,16.7,17.69,18347364.0,304892768.0
2015-04-22,17.79,18.05,17.7,17.94,19419920.0,332411168.0
2015-04-23,17.99,18.26,17.66,18.02,16697465.0,286883776.0
2015-04-24,17.73,19.06,17.32,18.83,26283108.0,464301184.0
2015-04-27,18.9,20.66,18.89,19.61,32151600.0,604935040.0
2015-04-28,18.45,18.82,17.65,17.65,44736268.0,770473792.0
2015-04-29,17.22,17.63,16.57,17.36,22108036.0,362728064.0
2015-04-30,17.3,17.96,17.18,17.41,16121593.0,272000928.0
2015-05-04,17.39,17.39,16.7,17.09,17243352.0,279415552.0
2015-05-05,17.05,17.05,16.04,16.07,17323252.0,274315936.0
2015-05-06,16.18,16.33,15.39,15.62,15858867.0,242693968.0
2015-05-07,15.62,15.81,15.22,15.32,12229225.0,181199376.0
2015-05-08,15.58,15.84,15.33,15.79,12463126.0,186266784.0
2015-05-11,16.03,16.36,15.79,16.34,17560560.0,271483040.0
2015-05-12,16.35,16.68,16.08,16.49,17082724.0,268558720.0
2015-05-13,16.46,16.65,16.13,16.56,18315654.0,287749472.0
2015-05-14,16.43,16.88,16.22,16.7,18589116.0,295008448.0
2015-05-15,16.65,16.65,15.96,16.04,15298292.0,238000000.0
2015-05-18,15.97,16.28,15.66,16.27,16092753.0,247604176.0
2015-05-19,16.21,16.88,16.21,16.8,20541456.0,325905664.0
2015-05-20,16.81,17.47,16.7,16.93,21733404.0,355843520.0
2015-05-21,16.92,17.84,16.8,17.63,24819180.0,416298368.0
2015-05-22,17.72,18.07,17.17,17.94,37324820.0,633706560.0
2015-05-25,17.79,18.65,17.67,18.55,36545172.0,641038912.0
2015-05-26,18.6,19.81,18.26,19.66,45296332.0,820447680.0
2015-05-27,19.83,20.03,19.29,19.44,35027728.0,656570752.0
2015-05-28,19.37,20.04,17.5,17.5,39733864.0,730758272.0
2015-05-29,17.32,17.84,16.33,17.2,25875998.0,425209696.0
2015-06-01,17.48,18.92,17.28,18.92,30566642.0,533849664.0
2015-06-02,18.92,20.35,18.79,19.57,53772348.0,1011711168.0
2015-06-03,19.27,21.07,19.2,20.88,46723848.0,896080000.0
2015-06-04,20.83,21.28,18.8,20.24,37410532.0,723575424.0
2015-06-05,20.62,21.02,20.04,20.72,30742040.0,607730688.0
2015-06-08,20.66,21.92,20.45,21.68,42793856.0,872715648.0
2015-06-09,21.38,21.62,20.58,20.82,23111116.0,466154944.0
2015-06-10,20.35,22.59,20.06,21.99,28728056.0,585883456.0
2015-06-11,21.81,24.19,21.58,24.19,34429108.0,756355776.0
2015-06-12,24.42,25.03,23.4,24.12,31511108.0,731181632.0
2015-06-15,24.12,24.32,22.95,23.16,24019808.0,539947392.0
2015-06-16,22.73,22.73,20.87,21.2,17931168.0,374907008.0
2015-06-17,21.2,22.8,21.09,22.48,19039584.0,399481824.0
2015-06-18,22.47,24.01,21.94,22.2,17890200.0,397023040.0
2015-06-19,21.37,22.12,20.43,21.24,15541873.0,318707264.0
2015-06-23,20.87,21.77,19.19,21.56,14435642.0,290567520.0
2015-06-24,21.72,22.18,20.56,21.81,18026420.0,371234944.0
2015-06-25,21.82,21.85,20.04,20.33,12530452.0,254371680.0
2015-06-26,19.58,19.58,18.3,18.3,15442009.0,275028032.0
2015-06-29,18.88,18.93,16.47,16.47,19838634.0,322894336.0
2015-06-30,15.46,17.55,14.82,17.36,27240198.0,415886016.0
2015-07-01,17.22,18.03,15.65,15.91,18641726.0,307686880.0
2015-07-02,15.85,16.09,14.33,14.33,18619772.0,265539840.0
2015-07-03,13.57,14.71,12.9,12.9,20292720.0,257847936.0
2015-07-06,14.19,14.19,11.61,11.61,24094904.0,289905024.0
2015-07-07,11.06,11.06,10.45,10.45,14579489.0,148630288.0
2015-07-08,9.4,9.4,9.4,9.4,4560100.0,41086500.0
2015-07-09,8.51,10.34,8.51,10.34,24780754.0,228955632.0
2015-07-10,10.96,11.38,10.68,11.38,10544058.0,112901536.0
2015-07-13,12.5,12.51,12.0,12.51,21423800.0,254441584.0
2015-07-14,12.83,13.72,12.57,13.1,34246056.0,426560320.0
2015-07-15,12.65,12.97,11.79,11.79,18810220.0,217023200.0
2015-07-16,11.67,12.64,10.72,12.12,15989994.0,180203264.0
2015-07-17,12.26,13.28,12.04,13.21,15672760.0,190678528.0
2015-07-20,13.21,13.99,13.15,13.78,21236928.0,273983200.0
2015-07-21,13.32,13.92,13.2,13.67,16360652.0,212209472.0
2015-07-22,13.67,14.64,13.67,14.48,27459740.0,369688000.0
2015-07-23,14.47,15.15,14.37,14.93,21944196.0,307168000.0
2015-07-24,14.93,15.31,14.26,14.45,19906980.0,279836832.0
2015-07-27,14.15,14.73,13.0,13.0,19807704.0,262284304.0
2015-07-28,12.25,13.18,11.7,12.84,23141928.0,267827248.0
2015-07-29,13.03,13.89,12.63,13.79,17873286.0,223335760.0
2015-07-30,13.84,14.2,13.32,13.43,19172968.0,253199680.0
2015-07-31,13.18,13.55,12.72,12.97,10525818.0,131632704.0
2015-08-03,12.66,12.97,11.67,11.68,17439510.0,199714416.0
2015-08-04,11.85,12.85,11.67,12.85,16867258.0,196860864.0
2015-08-05,12.68,13.28,12.49,12.58,14444264.0,176066176.0
2015-08-06,12.22,12.98,12.1,12.66,10265621.0,123381016.0
2015-08-07,12.83,13.55,12.82,13.47,15164606.0,191399088.0
2015-08-10,13.73,14.59,13.73,14.48,18125206.0,244504208.0
2015-08-11,14.53,15.04,14.15,14.63,22963736.0,315962784.0
2015-08-12,14.26,14.74,14.05,14.13,14030580.0,191503456.0
2015-08-13,14.13,14.82,14.05,14.8,13403673.0,183027808.0
2015-08-14,14.84,15.15,14.63,14.85,13688206.0,192942752.0
2015-08-17,14.58,15.52,14.38,15.49,18873396.0,268569216.0
2015-08-18,15.54,15.93,13.94,13.95,23297480.0,327259904.0
2015-08-19,13.5,14.52,13.0,14.31,14704847.0,191269744.0
2015-08-20,14.21,14.94,13.74,13.77,13351059.0,181145952.0
2015-08-21,13.44,13.84,12.73,12.78,10996346.0,138479168.0
2015-08-24,12.12,12.12,11.5,11.5,7157700.0,78660768.0
2015-08-25,10.35,10.71,10.35,10.35,18666406.0,183539152.0
2015-08-26,10.35,10.72,9.32,9.34,26791824.0,254631472.0
2015-08-27,9.61,9.92,8.73,9.74,23275352.0,208880576.0
2015-08-28,10.03,10.62,9.8,10.57,22937752.0,219249520.0
2015-08-31,10.49,10.49,10.04,10.12,15206674.0,148088432.0
2015-09-01,10.14,10.14,9.25,9.32,12953566.0,117878768.0
2015-09-02,8.9,9.81,8.71,9.19,11516547.0,101344200.0
2015-09-07,9.43,9.94,9.4,9.57,12923104.0,118095848.0
2015-09-08,9.59,10.33,9.41,10.28,12593776.0,117723920.0
2015-09-09,10.35,10.94,10.28,10.91,21513096.0,216645472.0
2015-09-10,10.56,10.87,10.39,10.4,15658631.0,157093792.0
2015-09-11,10.41,10.69,10.3,10.56,9978848.0,99484928.0
2015-09-14,10.67,10.76,9.51,9.52,14613804.0,138011168.0
2015-09-15,9.4,9.57,8.82,8.96,8762033.0,76538872.0
2015-09-16,9.03,9.86,9.03,9.86,11561850.0,103467456.0
2015-09-17,9.81,10.24,9.64,9.68,11646799.0,109583512.0
2015-09-18,9.8,10.07,9.56,9.94,9503848.0,88144384.0
2015-09-21,9.82,10.39,9.73,10.35,11967972.0,114293728.0
2015-09-22,10.28,10.54,10.21,10.32,13148751.0,128713720.0
2015-09-23,10.14,10.22,9.83,9.91,10742409.0,102210184.0
2015-09-24,10.0,10.38,10.0,10.28,10919554.0,105470664.0
2015-09-25,10.15,10.28,9.69,9.79,9113907.0,85942016.0
2015-09-28,9.93,9.99,9.69,9.98,5578015.0,52144364.0
2015-09-29,9.76,9.88,9.57,9.64,6191155.0,56856684.0
2015-09-30,9.71,9.79,9.61,9.75,4750676.0,43667216.0
2015-10-08,10.22,10.37,10.09,10.31,11975562.0,116270832.0
2015-10-09,10.19,10.54,10.19,10.51,12432931.0,122245856.0
2015-10-12,10.59,11.08,10.46,10.93,21977408.0,225290048.0
2015-10-13,10.76,11.24,10.75,11.15,15917305.0,166145504.0
2015-10-14,11.09,11.1,10.78,10.83,12870075.0,133114504.0
2015-10-15,10.76,11.24,10.75,11.23,14700866.0,153393840.0
2015-10-16,11.31,11.7,10.98,11.57,21768286.0,233157920.0
2015-10-19,11.6,11.6,11.1,11.27,15843201.0,170782816.0
2015-10-20,11.3,11.49,11.08,11.45,14489118.0,155171520.0
2015-10-21,11.54,11.66,10.49,10.55,22608152.0,239594352.0
2015-10-22,10.65,11.61,10.49,11.61,34439520.0,367123296.0
2015-10-23,12.2,12.35,11.62,12.23,40749360.0,464240544.0
2015-10-26,12.36,13.46,12.15,13.0,44499572.0,542759616.0
2015-10-27,12.66,12.83,12.03,12.71,29482292.0,347632192.0
2015-10-28,12.57,13.37,12.34,12.51,29790844.0,362288416.0
2015-10-29,12.9,13.27,12.6,13.01,28668684.0,351565824.0
2015-10-30,12.89,12.93,12.35,12.72,20638734.0,247205536.0
2015-11-02,12.68,12.89,11.83,11.89,25462984.0,298821920.0
2015-11-03,12.0,12.3,11.61,12.07,18057648.0,204142368.0
2015-11-04,12.02,12.76,12.02,12.74,21987296.0,259458448.0
2015-11-05,12.68,12.92,12.47,12.75,26613528.0,320091488.0
2015-11-06,12.82,13.18,12.76,13.14,22851064.0,281334080.0
2015-11-09,12.9,13.31,12.82,13.18,18737154.0,231710368.0
2015-11-10,13.05,13.17,12.89,12.98,17953022.0,221210048.0
2015-11-11,12.99,13.15,12.91,13.05,13644056.0,168083376.0
2015-11-12,13.1,13.12,12.68,12.8,18563756.0,225360944.0
2015-11-13,12.7,12.76,12.46,12.47,11939951.0,142221136.0
2015-11-16,12.19,12.72,12.14,12.7,8520473.0,100139008.0
2015-11-17,12.75,13.34,12.75,12.99,25596612.0,315978944.0
2015-11-18,13.01,13.18,12.7,12.8,14431958.0,177608176.0
2015-11-19,12.75,13.16,12.75,13.15,14420757.0,176947392.0
2015-11-20,13.2,13.38,12.96,13.18,20915530.0,261095280.0
2015-11-23,13.23,13.57,13.08,13.38,22573720.0,284842880.0
2015-11-24,13.38,13.41,12.84,13.26,17616972.0,218366304.0
2015-11-25,13.27,13.36,13.1,13.32,18398038.0,230813088.0
2015-11-26,13.4,13.88,13.05,13.86,28565984.0,363753152.0
2015-11-27,13.58,13.69,12.47,12.53,25521528.0,318476608.0
2015-11-30,12.57,12.82,11.73,12.72,18390598.0,217025184.0
2015-12-01,13.0,13.18,12.72,12.83,19349496.0,237637752.0
2015-12-02,12.68,12.68,11.98,12.49,13408309.0,157157168.0
2015-12-03,12.42,12.73,12.39,12.72,9660747.0,115251660.0
2015-12-04,12.72,12.97,12.53,12.9,13282346.0,160725792.0
2015-12-07,12.92,13.13,12.89,13.03,12793797.0,157747203.0
2015-12-08,12.94,12.95,12.42,12.46,10398211.0,124324592.0
2015-12-09,12.46,12.52,12.25,12.3,7590421.0,88837016.0
2015-12-10,12.37,12.59,12.25,12.35,7900961.0,93183304.0
2015-12-11,12.34,12.43,12.09,12.21,6212150.0,71983776.0
2015-12-14,12.2,12.61,12.09,12.59,7241294.0,85086736.0
2015-12-15,12.59,12.77,12.51,12.61,6631282.0,79303944.0
2015-12-16,12.64,12.85,12.58,12.64,9972241.0,120112680.0
2015-12-17,12.74,13.13,12.71,13.11,14153472.0,173663376.0
2015-12-18,13.05,13.17,12.87,12.99,10386959.0,128079120.0
2015-12-21,12.97,13.33,12.97,13.21,13219675.0,164476752.0
2015-12-22,13.28,13.41,13.05,13.28,12088271.0,151131669.0
2015-12-23,13.21,13.39,13.0,13.1,13316612.0,167275968.0
2015-12-24,13.07,13.16,12.77,13.0,7909149.0,96746384.0
2015-12-25,12.97,13.23,12.97,13.22,7196332.0,89278393.0
2015-12-28,13.24,13.41,12.79,12.81,12037592.0,150063267.0
2015-12-29,12.82,13.19,12.78,13.17,8753168.0,107729710.0
2015-12-30,13.27,13.46,13.13,13.31,13365194.0,168239942.0
2015-12-31,13.31,13.48,12.99,13.12,14939419.0,188366279.0
2016-01-04,13.09,13.09,11.84,11.85,10861029.0,129259759.0
2016-01-05,11.58,12.02,11.22,11.78,13454476.0,148011184.0
2016-01-06,11.82,11.98,11.54,11.93,9963280.0,111455900.0
2016-01-07,11.79,11.8,10.73,10.75,2778100.0,29386500.0
2016-01-08,11.04,11.23,10.46,10.88,10510651.0,108476667.0
2016-01-11,10.8,10.8,9.79,9.8,13191084.0,128651836.0
2016-01-12,9.9,10.02,9.7,9.91,6855831.0,64190771.0
2016-01-13,10.0,10.08,9.53,9.59,6278585.0,58856232.0
2016-01-14,9.61,9.99,9.38,9.95,7965429.0,73869075.0
2016-01-15,9.87,10.0,9.43,9.6,6413883.0,59305489.0
2016-01-18,9.38,9.88,9.38,9.75,5943806.0,54474570.0
2016-01-19,9.71,10.07,9.7,10.02,10552233.0,98945907.0
2016-01-20,9.93,10.08,9.79,9.84,9831830.0,92404901.0
2016-01-21,9.66,9.93,9.41,9.43,7879851.0,72358332.0
2016-01-22,9.53,9.65,9.38,9.59,6865628.0,61847201.0
2016-01-25,9.69,9.8,9.6,9.71,6303686.0,57886120.0
2016-01-26,9.61,9.63,8.82,8.83,8466397.0,74268439.0
2016-01-27,8.95,8.95,8.42,8.79,6953690.0,57326645.0
2016-01-28,8.68,8.86,8.46,8.53,4664439.0,38408203.0
2016-01-29,8.51,9.24,8.51,8.98,7017719.0,59181259.0
2016-02-01,8.98,9.13,8.88,9.03,6933053.0,59277406.0
2016-02-02,8.98,9.35,8.98,9.33,5694460.0,49873941.0
2016-02-03,9.23,9.33,9.06,9.26,4197578.0,36572858.0
2016-02-04,9.27,9.43,9.25,9.38,6449355.0,57158756.0
2016-02-05,9.38,9.48,9.28,9.34,4616551.0,41089489.0
2016-02-15,9.03,9.37,8.94,9.26,4745052.0,41222833.0
2016-02-16,9.33,9.74,9.33,9.63,8634456.0,78162823.0
2016-02-17,9.58,9.77,9.51,9.72,7559137.0,68988567.0
2016-02-18,9.74,9.79,9.59,9.64,6963891.0,63828341.0
2016-02-19,9.61,9.74,9.57,9.69,4104994.0,37549816.0
2016-02-22,9.77,9.92,9.72,9.91,8381362.0,78016010.0
2016-02-23,9.9,9.91,9.7,9.77,6399152.0,59442667.0
2016-02-24,9.72,9.87,9.62,9.82,5365947.0,49658330.0
2016-02-25,9.8,9.82,8.84,8.87,9467578.0,83668937.0
2016-02-26,8.98,9.05,8.81,8.99,6138639.0,52016277.0
2016-02-29,8.9,8.97,8.44,8.54,7227328.0,58567644.0
2016-03-01,8.55,8.8,8.53,8.73,6117080.0,50084938.0
2016-03-02,8.71,9.17,8.7,9.14,7744243.0,65667330.0
2016-03-03,9.13,9.38,9.11,9.19,8155467.0,71408744.0
2016-03-04,9.17,9.25,8.85,9.01,9205918.0,78897005.0
2016-03-07,9.05,9.24,9.05,9.23,6659117.0,57902853.0
2016-03-08,9.26,9.43,8.85,9.4,9506872.0,82352184.0
2016-03-09,9.18,9.52,9.09,9.37,7809195.0,68336442.0
2016-03-10,9.3,9.39,9.06,9.09,6785075.0,59379064.0
2016-03-11,9.03,9.14,8.93,9.11,5362050.0,45935318.0
2016-03-14,9.22,9.5,9.17,9.37,8284087.0,73564547.0
2016-03-15,9.38,9.68,9.35,9.44,8678135.0,78094437.0
2016-03-16,9.46,9.56,9.18,9.3,6362039.0,56401329.0
2016-03-17,9.33,9.61,9.32,9.58,7782847.0,69957267.0
2016-03-18,9.59,9.91,9.56,9.82,15806563.0,146215740.0
2016-03-21,9.91,10.01,9.83,10.0,14927038.0,140003233.0
2016-03-22,9.89,9.97,9.82,9.87,8804167.0,82450456.0
2016-03-23,9.86,9.92,9.78,9.9,7093523.0,66246804.0
2016-03-24,9.8,10.41,9.72,10.09,19533208.0,186667950.0
2016-03-25,9.99,10.2,9.89,10.08,9842266.0,93814912.0
2016-03-28,10.08,10.16,9.81,9.88,11418906.0,108411422.0
2016-03-29,9.9,9.9,9.58,9.64,7510051.0,69078673.0
2016-03-30,9.71,9.95,9.7,9.93,6942328.0,64620721.0
2016-03-31,9.97,10.23,9.92,10.09,11203523.0,107058863.0
2016-04-01,10.01,10.05,9.78,9.97,7544753.0,70890074.0
2016-04-05,9.95,10.31,9.93,10.29,11944822.0,115318279.0
2016-04-06,10.24,10.34,10.15,10.27,9362826.0,90766794.0
2016-04-07,10.28,10.39,10.14,10.16,10918130.0,106220008.0
2016-04-08,10.03,10.11,9.9,9.99,6706776.0,63444630.0
2016-04-11,10.05,10.32,10.05,10.31,10594096.0,102794133.0
2016-04-12,10.29,10.29,10.11,10.21,5788279.0,55854454.0
2016-04-13,10.29,10.63,10.27,10.53,14979901.0,148485408.0
2016-04-14,10.56,10.58,10.38,10.55,7058158.0,70009185.0
2016-04-15,10.56,10.61,10.41,10.58,8581252.0,85258622.0
2016-04-18,10.55,10.55,10.35,10.43,7212240.0,71213655.0
2016-04-19,10.46,10.46,10.14,10.22,12750004.0,123989035.0
2016-04-20,10.23,10.28,9.48,9.65,13458926.0,126003537.0
2016-04-21,9.61,9.75,9.56,9.57,6447314.0,58985845.0
2016-04-22,9.53,9.64,9.45,9.63,4982261.0,45091075.0
2016-04-25,9.56,9.61,9.38,9.57,5249393.0,47098777.0
2016-04-26,9.71,9.9,9.66,9.89,10258412.0,95008584.0
2016-04-27,9.89,9.94,9.76,9.78,8495649.0,79223138.0
2016-04-28,9.81,10.09,9.77,10.03,12145983.0,114282304.0
2016-04-29,9.95,10.02,9.92,9.98,6517475.0,61475843.0
2016-05-03,9.94,10.31,9.91,10.29,9675754.0,93109273.0
2016-05-04,10.26,10.4,10.2,10.28,8841741.0,86222925.0
2016-05-05,10.25,10.51,10.22,10.41,9726076.0,95653001.0
2016-05-06,10.45,10.46,9.93,9.94,16417145.0,157942491.0
2016-05-09,9.82,9.88,9.64,9.71,9981927.0,92027763.0
2016-05-10,9.77,10.01,9.69,9.91,9215684.0,85808286.0
2016-05-11,9.92,10.02,9.78,9.9,9166352.0,86093441.0
2016-05-12,9.72,9.82,9.57,9.79,8445771.0,77692865.0
2016-05-13,9.78,9.94,9.63,9.72,6702941.0,62243786.0
2016-05-16,9.68,9.9,9.63,9.89,6919776.0,64069847.0
2016-05-17,9.84,9.94,9.74,9.88,6597413.0,61581939.0
2016-05-18,9.83,9.84,9.45,9.55,7526286.0,68595397.0
2016-05-19,9.59,9.69,9.55,9.57,4647011.0,42336721.0
2016-05-20,9.47,9.63,9.41,9.62,4748547.0,42921745.0
2016-05-23,9.65,9.77,9.62,9.74,5654783.0,52003491.0
2016-05-24,9.74,9.75,9.56,9.62,4920219.0,44848783.0
2016-05-25,9.68,9.74,9.59,9.63,5470646.0,50067845.0
2016-05-26,9.66,9.69,9.46,9.63,6264085.0,56752764.0
2016-05-27,9.61,9.74,9.59,9.7,4778741.0,43779698.0
2016-05-30,9.61,9.72,9.59,9.66,3715345.0,33962593.0
2016-05-31,9.7,10.04,9.68,10.02,11276093.0,105864320.0
2016-06-01,10.03,10.12,9.98,10.03,9263056.0,88070281.0
2016-06-02,10.03,10.09,9.99,10.08,6689135.0,63554745.0
2016-06-03,10.08,10.34,10.03,10.25,12478513.0,120624226.0
2016-06-06,10.29,10.3,10.05,10.13,9722451.0,93458489.0
2016-06-07,10.08,10.18,10.02,10.14,5753824.0,55019111.0
2016-06-08,10.13,10.24,10.04,10.17,7043263.0,67757390.0
2016-06-13,10.04,10.08,9.61,9.64,9521733.0,89082944.0
2016-06-14,9.61,9.73,9.61,9.72,4859031.0,44523770.0
2016-06-15,9.63,10.08,9.63,10.07,8820637.0,83101766.0
2016-06-16,10.02,10.21,9.99,10.09,7516905.0,71907126.0
2016-06-17,10.13,10.27,10.11,10.21,8795550.0,84814454.0
2016-06-20,10.26,10.26,10.09,10.23,5507264.0,52393123.0
2016-06-21,10.28,10.4,10.1,10.14,7791794.0,74730052.0
2016-06-22,10.13,10.49,10.12,10.48,11950684.0,115557708.0
2016-06-23,10.46,10.59,10.32,10.51,12014022.0,117334114.0
2016-06-24,10.54,10.54,10.19,10.45,14286586.0,138900795.0
2016-06-27,10.4,10.74,10.36,10.69,13043730.0,128894244.0
2016-06-28,10.63,10.87,10.57,10.69,15144841.0,151653604.0
2016-06-29,10.71,10.74,10.59,10.71,10429519.0,103854057.0
2016-06-30,10.76,10.77,10.6,10.65,7751867.0,77234236.0
2016-07-01,10.7,10.76,10.57,10.61,6822002.0,67923225.0
2016-07-04,10.58,10.91,10.5,10.85,11530924.0,116215904.0
2016-07-05,10.87,11.01,10.8,10.94,10246680.0,104564593.0
2016-07-06,10.94,10.95,10.83,10.93,8416905.0,85699729.0
2016-07-07,10.88,11.07,10.82,10.91,9021449.0,92107046.0
2016-07-08,10.92,10.95,10.82,10.9,6259277.0,63699581.0
2016-07-11,10.89,10.99,10.82,10.84,8436787.0,85900510.0
2016-07-12,10.83,10.91,10.64,10.91,11145052.0,112450109.0
2016-07-13,10.91,11.06,10.89,10.95,9824854.0,100591786.0
2016-07-14,10.94,11.19,10.9,11.1,10861801.0,112312136.0
2016-07-15,11.13,11.13,10.93,10.97,9120870.0,93756970.0
2016-07-18,10.93,10.97,10.78,10.86,7958055.0,80674326.0
2016-07-19,10.85,10.89,10.77,10.89,6829802.0,69062538.0
2016-07-20,10.86,10.97,10.8,10.88,6424580.0,65292549.0
2016-07-21,10.89,11.01,10.83,10.93,7773258.0,79397690.0
2016-07-22,10.96,10.96,10.75,10.76,7762545.0,78520044.0
2016-07-25,10.77,10.88,10.76,10.82,4874370.0,49276358.0
2016-07-26,10.82,11.08,10.81,11.07,11472641.0,117802240.0
2016-07-27,11.07,11.21,10.58,10.63,15878023.0,161210774.0
2016-07-28,10.63,10.76,10.58,10.73,7789029.0,77640157.0
2016-07-29,10.7,10.81,10.58,10.67,8091227.0,80718417.0
2016-08-01,10.64,10.71,10.41,10.5,7196153.0,70702864.0
2016-08-02,10.49,10.62,10.47,10.61,4185906.0,41259708.0
2016-08-03,10.58,10.69,10.54,10.67,4698996.0,46686344.0
2016-08-04,10.67,10.76,10.59,10.74,4753566.0,47379141.0
2016-08-05,10.74,10.77,10.67,10.67,4347886.0,43509854.0
2016-08-08,10.65,10.8,10.6,10.79,5042236.0,50444387.0
2016-08-09,10.78,11.12,10.76,11.11,16682329.0,171682039.0
2016-08-10,11.08,11.16,10.94,11.02,9642306.0,99287566.0
2016-08-11,10.98,11.07,10.82,10.84,7625096.0,77825276.0
2016-08-12,10.83,11.03,10.81,11.02,6728985.0,68544178.0
2016-08-15,11.01,11.28,10.98,11.25,17518992.0,182758395.0
2016-08-16,11.29,11.34,11.16,11.25,11361368.0,119329273.0
2016-08-17,11.25,11.38,11.19,11.29,10383431.0,109488897.0
2016-08-18,11.31,11.48,11.17,11.22,9697408.0,102223052.0
2016-08-19,11.24,11.26,11.12,11.23,5505605.0,57534834.0
2016-08-22,11.21,11.26,11.14,11.16,5359468.0,56033097.0
2016-08-23,11.13,11.32,11.13,11.22,6609487.0,69249016.0
2016-08-24,11.19,11.27,11.14,11.16,5038252.0,52741568.0
2016-08-25,11.14,11.16,11.01,11.09,7899863.0,81633362.0
2016-08-26,11.22,11.54,11.22,11.33,19063384.0,202931194.0
2016-08-29,11.24,11.52,11.24,11.45,13956913.0,148854957.0
2016-08-30,11.41,11.46,11.17,11.22,13221675.0,139169012.0
2016-08-31,11.22,11.27,11.16,11.24,6422793.0,67253828.0
2016-09-01,11.26,11.38,11.1,11.11,9261100.0,97220818.0
2016-09-02,11.08,11.14,11.03,11.11,6724661.0,69648691.0
2016-09-05,11.11,11.18,11.09,11.14,5305801.0,55149036.0
2016-09-06,11.13,11.32,11.03,11.32,8595640.0,89771559.0
2016-09-07,11.3,11.37,11.26,11.32,9349314.0,98953363.0
2016-09-08,11.33,11.42,11.27,11.4,8369329.0,88656433.0
2016-09-09,11.41,11.45,11.25,11.26,7005289.0,74205851.0
2016-09-12,11.06,11.22,10.9,10.91,10564766.0,108942283.0
2016-09-13,11.02,11.06,10.93,11.04,4641498.0,47657776.0
2016-09-14,11.01,11.06,10.95,10.95,3790210.0,38956999.0
2016-09-19,10.97,11.06,10.96,11.04,3387922.0,34874424.0
2016-09-20,11.04,11.1,11.03,11.06,3764103.0,38884408.0
2016-09-21,11.06,11.16,11.05,11.1,3513564.0,36451123.0
2016-09-22,11.18,11.23,11.1,11.12,4984743.0,51979274.0
2016-09-23,11.14,11.18,11.09,11.12,3549393.0,36857400.0
2016-09-26,11.12,11.13,10.82,10.83,5717590.0,58598946.0
2016-09-27,10.89,10.94,10.81,10.93,3194030.0,32437960.0
2016-09-28,10.96,11.02,10.91,10.94,2996046.0,30654759.0
2016-09-29,10.97,11.08,10.95,11.05,3656279.0,37716247.0
2016-09-30,11.05,11.13,11.01,11.11,3378829.0,34924291.0
2016-10-10,11.14,11.99,11.11,11.81,24808266.0,268873734.0
2016-10-11,11.69,11.87,11.62,11.8,19786000.0,216673322.0
2016-10-12,11.65,11.77,11.62,11.68,8417011.0,91911310.0
2016-10-13,11.68,11.82,11.65,11.71,9813143.0,107503602.0
2016-10-14,11.65,11.7,11.48,11.61,7462387.0,80651157.0
2016-10-17,11.6,11.69,11.41,11.47,6732072.0,72603919.0
2016-10-18,11.47,11.71,11.46,11.68,8096546.0,87815891.0
2016-10-19,11.69,11.73,11.61,11.65,6063686.0,66053111.0
2016-10-20,11.64,11.87,11.63,11.71,9339860.0,102488057.0
2016-10-21,11.69,11.72,11.47,11.6,6954065.0,75353548.0
2016-10-24,11.6,11.69,11.52,11.64,8329219.0,90522647.0
2016-10-25,11.65,11.73,11.62,11.69,5904306.0,64441521.0
2016-10-26,11.72,12.11,11.69,12.02,25200531.0,279506355.0
2016-10-27,11.94,11.97,11.74,11.79,12847603.0,141838349.0
2016-10-28,11.79,11.84,11.63,11.68,7156214.0,78228801.0
2016-10-31,11.67,11.68,11.53,11.64,5083403.0,55134403.0
2016-11-01,11.63,11.71,11.61,11.7,6195070.0,67531340.0
2016-11-02,11.68,11.79,11.56,11.6,7865838.0,85790872.0
2016-11-03,11.63,11.89,11.57,11.73,11161707.0,122732383.0
2016-11-04,11.69,11.76,11.58,11.64,8675152.0,94476537.0
2016-11-07,11.65,11.72,11.61,11.66,4804263.0,52326046.0
2016-11-08,11.72,11.81,11.69,11.76,8605808.0,94467595.0
2016-11-09,11.77,11.96,11.62,11.72,12596493.0,138799340.0
2016-11-10,11.82,12.0,11.8,11.96,13191658.0,146884195.0
2016-11-11,11.95,12.14,11.88,12.07,13178497.0,147874941.0
2016-11-14,12.0,12.26,11.96,12.13,13817739.0,156139644.0
2016-11-15,12.48,12.7,12.16,12.16,20509178.0,236245749.0
2016-11-16,12.16,12.29,12.1,12.16,10279415.0,116837388.0
2016-11-17,12.22,12.38,12.13,12.19,11215032.0,128278258.0
2016-11-18,12.12,12.12,11.99,12.04,10848144.0,122002703.0
2016-11-21,12.01,12.15,11.9,12.13,8079093.0,90908340.0
2016-11-22,12.13,12.23,12.09,12.21,8685426.0,98509156.0
2016-11-23,12.21,12.23,11.95,11.98,10079749.0,113679451.0
2016-11-24,11.97,12.04,11.87,11.93,7506772.0,83923643.0
2016-11-25,11.97,12.02,11.74,12.01,8761621.0,97217084.0
2016-11-28,12.03,12.13,11.97,12.07,8229734.0,92751588.0
2016-11-29,12.05,12.1,11.94,11.98,8877597.0,99622751.0
2016-11-30,11.94,12.03,11.76,11.79,9433798.0,104607677.0
2016-12-01,11.79,11.89,11.74,11.81,6027923.0,66532347.0
2016-12-02,11.81,11.86,11.57,11.58,7152285.0,78105214.0
2016-12-05,11.47,11.69,11.47,11.57,4716304.0,50996276.0
2016-12-06,11.56,11.66,11.55,11.58,3312992.0,35868798.0
2016-12-07,11.6,11.7,11.56,11.69,4205638.0,45671162.0
2016-12-08,11.72,11.73,11.62,11.64,4546965.0,49629180.0
2016-12-09,11.62,11.93,11.61,11.83,8100668.0,89104177.0
2016-12-12,11.87,11.9,11.18,11.23,11156121.0,119743171.0
2016-12-13,11.19,11.32,11.08,11.23,5222023.0,54706773.0
2016-12-14,11.26,11.29,11.01,11.03,5887891.0,61292257.0
2016-12-15,11.02,11.21,11.01,11.1,4550500.0,47208314.0
2016-12-16,11.1,11.33,11.1,11.27,4055703.0,42556666.0
2016-12-19,11.28,11.34,11.13,11.29,3962223.0,41676335.0
2016-12-20,11.29,11.42,11.27,11.36,5323323.0,56498186.0
2016-12-21,11.37,11.52,11.35,11.49,5216697.0,55691933.0
2016-12-22,11.47,11.5,11.4,11.46,3454797.0,36925652.0
2016-12-23,11.4,11.5,11.28,11.29,4072539.0,43277013.0
2016-12-26,11.27,11.48,11.13,11.47,5386848.0,56850507.0
2016-12-27,12.42,12.61,12.02,12.16,45400015.0,523046068.0
2016-12-28,12.05,12.15,11.72,11.83,24070039.0,267497258.0
2016-12-29,11.73,11.89,11.66,11.68,14867506.0,163303070.0
2016-12-30,11.69,11.73,11.56,11.62,10993070.0,119582535.0
2017-01-03,11.65,11.84,11.63,11.78,10724843.0,117747665.0
2017-01-04,11.81,11.85,11.72,11.83,9553175.0,105244482.0
2017-01-05,11.79,12.02,11.74,11.98,15736697.0,174902865.0
2017-01-06,11.97,12.1,11.86,11.99,12063830.0,134768897.0
2017-01-09,11.95,12.05,11.89,12.03,9060910.0,101496166.0
2017-01-10,12.02,12.03,11.85,11.87,8513053.0,94819298.0
2017-01-11,11.86,11.89,11.71,11.74,7792858.0,85902792.0
2017-01-12,11.73,11.8,11.62,11.69,6196121.0,67723862.0
2017-01-13,11.69,11.72,11.45,11.47,7197086.0,77678017.0
2017-01-16,11.38,11.46,10.65,11.07,9573821.0,99609298.0
2017-01-17,11.01,11.2,10.93,11.17,4523096.0,46804483.0
2017-01-18,11.16,11.26,11.1,11.19,3560854.0,37248772.0
2017-01-19,11.18,11.18,11.05,11.09,2771054.0,28762061.0
2017-01-20,11.05,11.28,11.03,11.24,3523100.0,36889378.0
2017-01-23,11.22,11.35,11.21,11.32,3549348.0,37466767.0
2017-01-24,11.28,11.35,11.24,11.34,2966066.0,31291289.0
2017-01-25,11.35,11.43,11.3,11.4,4016952.0,42706603.0
2017-01-26,11.4,11.46,11.39,11.42,2880525.0,30730516.0
2017-02-03,11.39,11.46,11.28,11.29,2694000.0,28519611.0
2017-02-06,11.29,11.45,11.29,11.43,3297110.0,35008718.0
2017-02-07,11.42,11.48,11.34,11.4,3555749.0,37840823.0
2017-02-08,11.32,11.5,11.32,11.49,4967933.0,53041699.0
2017-02-09,11.49,11.58,11.46,11.58,5452500.0,58762554.0
2017-02-10,11.62,11.87,11.58,11.8,12263396.0,134856603.0
2017-02-13,11.78,11.8,11.69,11.73,6718809.0,73697081.0
2017-02-14,11.73,11.81,11.71,11.74,4572651.0,50175221.0
2017-02-15,11.73,11.88,11.48,11.61,8240200.0,90298415.0
2017-02-16,11.58,11.8,11.58,11.78,6345918.0,69461717.0
2017-02-17,11.77,11.87,11.71,11.72,8299426.0,91408090.0
2017-02-20,11.72,11.89,11.72,11.89,7191934.0,79383724.0
2017-02-21,11.98,11.99,11.84,11.93,8308095.0,92344522.0
2017-02-22,11.9,12.02,11.86,12.0,8397927.0,93712667.0
2017-02-23,11.99,11.99,11.84,11.89,6469370.0,71895581.0
2017-02-24,11.88,11.95,11.83,11.93,4891934.0,54387469.0
2017-02-27,11.93,11.96,11.74,11.82,5021686.0,55666802.0
2017-02-28,11.83,11.86,11.76,11.84,4635474.0,51124381.0
2017-03-01,11.86,11.95,11.79,11.9,6319978.0,70250640.0
2017-03-02,11.9,11.93,11.74,11.77,5284416.0,58402492.0
2017-03-03,11.76,11.78,11.64,11.73,4503592.0,49202987.0
2017-03-06,11.73,11.98,11.68,11.97,7007880.0,77524814.0
2017-03-07,11.96,12.03,11.93,12.01,10466070.0,117157309.0
2017-03-08,11.99,12.03,11.86,11.94,5881328.0,65567132.0
2017-03-09,11.93,11.94,11.77,11.78,6244389.0,68863438.0
2017-03-10,11.79,11.85,11.77,11.78,3597915.0,39631234.0
2017-03-13,11.78,11.86,11.63,11.85,4800181.0,52807458.0
2017-03-14,11.84,11.84,11.7,11.8,6038897.0,66416208.0
2017-03-15,11.77,11.82,11.73,11.8,3249682.0,35744554.0
2017-03-16,11.8,11.92,11.8,11.89,7425369.0,82343843.0
2017-03-17,11.9,11.93,11.78,11.85,6170125.0,68364145.0
2017-03-20,11.82,11.88,11.79,11.88,4249552.0,46962585.0
2017-03-21,11.87,11.97,11.84,11.95,6008145.0,66918706.0
2017-03-22,11.85,11.88,11.67,11.85,6771407.0,74551618.0
2017-03-23,11.83,11.9,11.78,11.87,6228485.0,68981675.0
2017-03-24,11.86,12.07,11.82,12.05,17359182.0,194329329.0
2017-03-27,12.07,12.18,12.01,12.08,13100288.0,147946304.0
2017-03-28,12.1,12.11,11.97,12.09,7203120.0,80966005.0
2017-03-29,12.08,12.55,12.05,12.18,25481800.0,293183887.0
2017-03-30,12.21,12.49,11.78,11.84,22262050.0,253212336.0
2017-03-31,11.83,11.88,11.49,11.63,14620480.0,159415767.0
2017-04-05,11.66,12.25,11.65,12.12,13792208.0,154196179.0
2017-04-06,12.11,12.28,12.02,12.12,11211042.0,127176116.0
2017-04-07,12.12,12.21,12.02,12.08,8801079.0,99612623.0
2017-04-10,12.08,12.39,12.0,12.29,12569845.0,143610893.0
2017-04-11,12.23,12.38,12.02,12.36,12468140.0,142263088.0
2017-04-12,12.26,12.37,12.11,12.14,8179072.0,93504477.0
2017-04-13,12.15,12.61,12.1,12.43,12987655.0,150366009.0
2017-04-14,12.45,12.81,12.21,12.28,20350124.0,238745204.0
2017-04-17,12.15,12.15,11.78,11.96,13559202.0,151264327.0
2017-04-18,11.95,12.05,11.8,11.81,7423217.0,82564075.0
2017-04-19,11.81,11.81,11.37,11.67,8162819.0,88290975.0
2017-04-20,11.63,11.73,11.52,11.67,4730791.0,51359028.0
2017-04-21,11.67,11.72,11.43,11.46,4563612.0,49301992.0
2017-04-24,11.4,11.46,11.2,11.27,5294356.0,55922436.0
2017-04-25,11.28,11.36,11.12,11.22,4653913.0,48951118.0
2017-04-26,11.22,11.35,11.13,11.18,3601616.0,37839527.0
2017-04-27,11.13,11.22,10.81,11.2,5892381.0,60534813.0
2017-04-28,11.3,11.6,11.3,11.53,7243205.0,77841917.0
2017-05-02,11.46,11.64,11.43,11.48,4667347.0,50289494.0
2017-05-03,11.51,11.67,11.47,11.65,5021085.0,54377922.0
2017-05-04,11.62,11.69,11.5,11.61,3857006.0,41874247.0
2017-05-05,11.57,11.61,11.39,11.4,3210900.0,34451032.0
2017-05-08,11.35,11.47,11.3,11.32,2770363.0,29454005.0
2017-05-09,11.26,11.5,11.25,11.49,3010447.0,32012408.0
2017-05-10,11.49,11.56,11.2,11.22,4273351.0,45648360.0
2017-05-11,11.13,11.4,11.05,11.37,4945604.0,52004208.0
2017-05-12,11.36,11.4,11.07,11.27,5216800.0,54733789.0
2017-05-15,11.25,11.36,11.21,11.25,3366100.0,35440213.0
2017-05-16,11.27,11.5,11.1,11.49,5461214.0,57704509.0
2017-05-17,11.46,11.58,11.43,11.5,4091480.0,43985267.0
2017-05-18,11.39,11.51,11.37,11.42,2552605.0,27282509.0
2017-05-19,11.41,11.62,11.41,11.5,4910536.0,52938868.0
2017-05-22,11.5,11.58,11.21,11.23,4413752.0,46965194.0
2017-05-23,11.27,11.28,10.87,10.91,5406934.0,55949408.0
2017-05-24,10.86,11.03,10.77,10.93,3979449.0,40452248.0
2017-05-25,10.93,11.19,10.86,11.12,5123700.0,52757162.0
2017-05-26,11.19,11.19,11.09,11.14,2315141.0,24091273.0
2017-05-31,11.26,11.34,11.04,11.06,5055000.0,52824237.0
2017-06-01,11.05,11.07,10.81,10.89,3956544.0,40476767.0
2017-06-02,10.89,11.03,10.79,11.02,3170443.0,32315499.0
2017-06-05,11.03,11.29,10.99,11.26,6120228.0,63997812.0
2017-06-06,11.29,11.37,11.19,11.3,2959471.0,31203837.0
2017-06-07,11.33,11.47,11.25,11.45,3715578.0,39588499.0
2017-06-08,11.46,11.51,11.38,11.48,3972112.0,42458540.0
2017-06-09,11.48,11.54,11.41,11.49,2408910.0,25753863.0
2017-06-12,11.48,11.54,11.41,11.43,4709431.0,50596372.0
2017-06-13,11.4,11.55,11.39,11.54,4233746.0,45539390.0
2017-06-14,11.71,11.8,11.56,11.58,6522994.0,69488658.0
2017-06-15,11.58,11.67,11.53,11.6,4488954.0,47496295.0
2017-06-16,11.6,11.62,11.47,11.56,3076712.0,32382468.0
2017-06-19,11.56,11.75,11.53,11.73,4208445.0,44765635.0
2017-06-20,11.73,11.75,11.67,11.74,3290086.0,35197658.0
2017-06-21,11.76,11.85,11.7,11.84,4311020.0,46340726.0
2017-06-22,11.84,11.87,11.57,11.6,3645367.0,39119700.0
2017-06-23,11.6,11.8,11.53,11.73,4276541.0,45514359.0
2017-06-26,11.73,11.98,11.71,11.96,6392455.0,69437306.0
2017-06-27,11.92,12.09,11.92,11.96,4609254.0,50541956.0
2017-06-28,11.91,11.98,11.85,11.95,3670586.0,39881773.0
2017-06-29,11.95,12.03,11.85,11.87,3934977.0,42714208.0
2017-06-30,11.85,11.92,11.76,11.91,4636523.0,50089116.0
2017-07-03,11.9,12.15,11.86,12.11,7130057.0,78508190.0
2017-07-04,12.12,12.18,12.02,12.13,4902238.0,54144069.0
2017-07-05,12.12,12.25,12.05,12.23,5641467.0,62651577.0
2017-07-06,12.24,12.32,12.15,12.3,5565851.0,62198986.0
2017-07-07,12.31,12.44,12.25,12.42,6059616.0,68361881.0
2017-07-10,12.41,12.45,12.05,12.25,9834166.0,109897991.0
2017-07-11,12.33,12.47,12.09,12.13,9482609.0,106698396.0
2017-07-12,12.09,12.23,11.9,12.1,7257937.0,79822528.0
2017-07-13,12.07,12.21,12.04,12.1,6762700.0,74811891.0
2017-07-14,12.1,12.48,12.1,12.45,10545044.0,118934751.0
2017-07-17,12.46,12.48,11.95,11.98,12407284.0,137978737.0
2017-07-18,11.92,12.15,11.91,12.14,6861347.0,75299397.0
2017-07-19,12.07,12.76,12.07,12.7,15880973.0,181481666.0
2017-07-20,12.7,12.81,12.56,12.66,9088644.0,104903696.0
2017-07-21,12.58,13.11,12.54,13.01,16088327.0,190190876.0
2017-07-24,13.05,13.87,13.05,13.3,31249551.0,383392507.0
2017-07-25,13.15,13.29,12.91,13.05,17826207.0,212559975.0
2017-07-26,13.04,13.3,12.81,12.98,16742707.0,198824022.0
2017-07-27,12.95,13.2,12.78,13.18,15812481.0,187489222.0
2017-07-28,13.04,13.12,12.87,12.9,9764903.0,115514791.0
2017-07-31,12.84,13.11,12.75,13.04,13181038.0,155848891.0
2017-08-01,13.02,13.3,13.0,13.1,15788633.0,189494741.0
2017-08-02,13.11,13.14,12.76,12.78,11740969.0,137839171.0
2017-08-03,12.71,12.88,12.67,12.86,8822230.0,102955522.0
2017-08-04,12.86,12.99,12.77,12.79,8203522.0,96265359.0
2017-08-07,12.79,13.14,12.73,13.13,9219198.0,108978256.0
2017-08-08,13.07,13.14,12.86,12.96,7983682.0,94475772.0
2017-08-09,12.93,13.03,12.87,13.0,6729800.0,79565058.0
2017-08-10,13.0,13.46,12.92,13.38,22060233.0,265961577.0
2017-08-11,13.26,13.31,12.61,12.81,15411879.0,183875737.0
2017-08-14,12.75,12.99,12.68,12.96,8075961.0,94828263.0
2017-08-15,12.95,13.05,12.84,13.02,5559631.0,65726106.0
2017-08-16,13.03,13.03,12.87,12.88,5299700.0,62550678.0
2017-08-17,12.87,13.0,12.79,12.99,8846290.0,103898816.0
2017-08-18,12.88,13.26,12.8,13.14,10596589.0,126448629.0
2017-08-21,13.15,13.35,13.07,13.18,8593196.0,103365354.0
2017-08-22,13.18,13.27,12.84,12.94,6530788.0,77811917.0
2017-08-23,12.9,12.96,12.67,12.7,8892270.0,103675675.0
2017-08-24,12.67,12.76,12.54,12.55,4070381.0,47052528.0
2017-08-25,12.56,12.82,12.56,12.76,4054799.0,47057508.0
2017-08-28,12.76,13.18,12.76,13.15,9322082.0,110633962.0
2017-08-29,13.29,13.35,13.02,13.07,8115439.0,97307623.0
2017-08-30,13.13,13.34,13.04,13.29,13776972.0,166458435.0
2017-08-31,13.33,13.39,13.15,13.29,7264423.0,87901974.0
2017-09-01,13.29,13.55,13.27,13.31,10734764.0,131194357.0
2017-09-04,13.26,13.62,13.11,13.61,12697979.0,154680263.0
2017-09-05,13.59,13.59,13.38,13.39,7428970.0,91302305.0
2017-09-06,13.33,13.38,13.21,13.34,6989294.0,84712066.0
2017-09-07,13.35,13.37,12.99,13.02,13169427.0,158220024.0
2017-09-08,13.04,13.17,13.02,13.14,5970948.0,71427465.0
2017-09-11,13.1,13.29,13.04,13.28,6439645.0,77431782.0
2017-09-12,13.25,13.31,13.16,13.21,5565845.0,67215369.0
2017-09-13,13.16,13.26,13.07,13.14,4600066.0,55202588.0
2017-09-14,13.16,13.29,13.13,13.24,5430137.0,65514585.0
2017-09-15,13.21,13.23,13.0,13.01,6720335.0,80114566.0
2017-09-18,12.99,13.06,12.94,13.04,3495800.0,41527102.0
2017-09-19,13.04,13.11,12.99,13.02,4316257.0,51363662.0
2017-09-20,13.01,13.15,13.0,13.14,4270783.0,51019991.0
2017-09-21,13.12,13.17,12.98,12.99,3966741.0,47324294.0
2017-09-22,12.96,13.03,12.87,12.99,3636519.0,42971418.0
2017-09-25,12.96,13.03,12.67,12.72,4417700.0,51808831.0
2017-09-26,12.71,12.77,12.6,12.66,3464000.0,40052240.0
2017-09-27,12.65,12.86,12.65,12.82,3570823.0,41651701.0
2017-09-28,12.8,12.86,12.62,12.67,2674500.0,31105408.0
2017-09-29,12.71,12.9,12.71,12.87,3253301.0,38129982.0
2017-10-09,12.94,12.99,12.78,12.84,4458600.0,52390215.0
2017-10-10,12.84,12.89,12.73,12.86,6662414.0,77833383.0
2017-10-11,12.88,13.01,12.81,12.99,6580908.0,77612803.0
2017-10-12,12.99,13.01,12.78,12.84,4194700.0,49331103.0
2017-10-13,12.84,12.88,12.76,12.8,4890100.0,57115452.0
2017-10-16,12.82,12.86,12.48,12.49,7588600.0,87443772.0
2017-10-17,12.5,12.54,12.38,12.48,4248700.0,48311600.0
2017-10-18,12.48,12.55,12.16,12.22,5155133.0,58223696.0
2017-10-19,12.23,12.31,12.07,12.12,4390038.0,48673756.0
2017-10-20,12.12,12.42,12.12,12.39,4095269.0,46002795.0
2017-10-23,12.39,12.49,12.31,12.39,3005747.0,33995337.0
2017-10-24,12.37,12.5,12.32,12.45,2874757.0,32529872.0
2017-10-25,12.48,12.59,12.42,12.57,3453427.0,39417464.0
2017-10-26,12.9,13.05,12.87,12.94,13293692.0,157061965.0
2017-10-27,12.93,13.02,12.89,12.98,6394590.0,75624039.0
2017-10-30,12.98,13.13,12.8,12.91,6540261.0,77041159.0
2017-10-31,12.89,13.11,12.78,13.09,6879179.0,81116987.0
2017-11-01,13.07,13.43,13.03,13.24,14303895.0,173405679.0
2017-11-02,13.23,13.26,12.95,13.0,7047319.0,84255635.0
2017-11-03,13.01,13.24,12.96,13.12,7740425.0,92602019.0
2017-11-06,13.1,13.2,12.8,13.04,8548044.0,101000096.0
2017-11-07,13.01,13.43,12.83,13.41,12787628.0,154267447.0
2017-11-08,13.35,13.37,13.21,13.23,9873939.0,119681519.0
2017-11-09,13.17,13.43,13.13,13.41,8007709.0,97068896.0
2017-11-10,13.39,13.41,13.21,13.33,9154602.0,110904631.0
2017-11-13,13.34,13.58,13.27,13.45,10231424.0,125648610.0
2017-11-14,13.39,13.43,13.06,13.17,9400244.0,113432128.0
2017-11-15,13.11,13.22,13.04,13.07,5598032.0,67059000.0
2017-11-16,13.04,13.35,13.02,13.33,8109962.0,97852141.0
2017-11-17,13.31,13.41,12.59,12.72,12527374.0,148077545.0
2017-11-20,12.62,12.72,12.41,12.71,6388514.0,73123179.0
2017-11-21,12.69,12.74,12.45,12.57,6348900.0,72952500.0
2017-11-22,12.59,12.83,12.57,12.66,6269038.0,72588476.0
2017-11-23,12.66,12.67,12.21,12.3,6670873.0,75658914.0
2017-11-24,12.24,12.32,12.18,12.29,4263225.0,47681598.0
2017-11-27,12.2,12.36,12.11,12.13,3824000.0,42702367.0
2017-11-28,12.2,12.35,12.13,12.33,3120358.0,34828827.0
2017-11-29,12.33,12.47,12.25,12.46,3746321.0,42241361.0
2017-11-30,12.44,12.45,12.22,12.25,3641187.0,40981397.0
2017-12-01,12.23,12.76,12.22,12.68,10482312.0,120288224.0
2017-12-04,12.59,12.74,12.54,12.59,3719305.0,42848857.0
2017-12-05,12.59,12.71,12.34,12.47,4988164.0,56964455.0
2017-12-06,12.41,12.53,12.22,12.49,4702581.0,53032832.0
2017-12-07,12.46,12.6,12.42,12.52,3310411.0,37772306.0
2017-12-08,12.5,12.66,12.47,12.62,3506055.0,40297406.0
2017-12-11,12.58,12.73,12.53,12.73,3288194.0,37971796.0
2017-12-12,12.69,12.71,12.6,12.6,2640301.0,30473676.0
2017-12-13,12.58,12.77,12.58,12.74,2607437.0,30156027.0
2017-12-14,12.73,12.88,12.6,12.84,5277796.0,61351683.0
2017-12-15,12.82,12.93,12.71,12.76,3421823.0,40055506.0
2017-12-18,12.73,12.91,12.68,12.89,3606172.0,42228952.0
2017-12-19,12.89,12.95,12.84,12.89,2683994.0,31566704.0
2017-12-20,12.89,12.9,12.65,12.8,3156998.0,36777931.0
2017-12-21,12.81,12.81,12.58,12.69,4333445.0,50206378.0
2017-12-22,12.67,13.06,12.62,13.0,7146965.0,84292992.0
2017-12-25,12.93,13.1,12.9,12.96,4280223.0,50757782.0
2017-12-26,12.95,13.1,12.91,13.09,4244641.0,50410624.0
2017-12-27,13.12,13.26,12.58,12.64,10392977.0,122375496.0
2017-12-28,12.56,12.68,12.42,12.52,5885536.0,67377898.0
2017-12-29,12.58,12.65,12.46,12.62,4419731.0,50600252.0
2018-01-02,12.6,12.69,12.49,12.67,6123701.0,70536022.0
2018-01-03,12.67,12.99,12.61,12.93,8557885.0,100281316.0
2018-01-04,12.9,13.06,12.88,13.02,7475951.0,88494770.0
2018-01-05,13.01,13.25,12.92,13.21,10132201.0,121328422.0
2018-01-08,13.26,13.26,13.1,13.18,7232566.0,86926913.0
2018-01-09,13.17,13.2,13.02,13.15,6616903.0,79082702.0
2018-01-10,13.17,13.37,12.95,13.36,10812008.0,129824531.0
2018-01-11,13.3,13.35,13.11,13.15,8424793.0,101588042.0
2018-01-12,13.15,13.5,13.07,13.38,13255592.0,161330079.0
2018-01-15,13.35,13.35,12.86,12.98,11567500.0,138095595.0
2018-01-16,12.91,13.04,12.88,12.99,6938539.0,82017776.0
2018-01-17,13.01,13.02,12.64,12.76,8953451.0,104445720.0
2018-01-18,12.71,12.88,12.68,12.82,4720996.0,55051301.0
2018-01-19,12.83,12.99,12.76,12.9,5554026.0,65260406.0
2018-01-22,12.9,13.53,12.87,13.45,16765393.0,203909777.0
2018-01-23,13.47,13.52,13.31,13.48,12173669.0,149079965.0
2018-01-24,13.5,13.86,13.45,13.59,21807204.0,272509194.0
2018-01-25,13.56,14.44,13.56,14.1,29051674.0,373035681.0
2018-01-26,14.12,14.22,13.92,14.15,17018085.0,218202619.0
2018-01-29,14.12,14.41,13.92,14.02,16084005.0,207207102.0
2018-01-30,14.06,14.27,13.87,14.09,12175130.0,156358955.0
2018-01-31,13.97,14.05,13.65,13.84,13893832.0,175334614.0
2018-02-01,13.92,14.07,13.16,13.35,19446100.0,240814404.0
2018-02-02,13.22,13.4,12.93,13.36,13370997.0,160572325.0
2018-02-05,13.15,13.52,13.06,13.51,11035387.0,134329581.0
2018-02-06,13.21,13.41,12.25,12.36,16175340.0,191177886.0
2018-02-07,12.6,12.69,11.84,12.12,14389218.0,161771785.0
2018-02-08,12.13,12.33,12.07,12.24,6550583.0,73067727.0
2018-02-09,11.8,11.93,11.08,11.38,12632524.0,133258319.0
2018-02-12,11.43,11.76,11.43,11.67,5965076.0,63107773.0
2018-02-13,11.67,11.89,11.62,11.64,5746910.0,61597428.0
2018-02-14,11.66,11.75,11.56,11.71,2682556.0,28558379.0
2018-02-22,11.84,12.02,11.76,11.98,5195400.0,56425159.0
2018-02-23,11.98,12.01,11.8,11.95,4935968.0,53654199.0
2018-02-26,11.95,12.19,11.88,12.14,6671346.0,73332516.0
2018-02-27,12.16,12.16,11.96,11.97,4902653.0,53888752.0
2018-02-28,11.9,12.11,11.78,12.07,5376600.0,58675604.0
2018-03-01,11.95,12.19,11.92,12.16,5450837.0,60108663.0
2018-03-02,12.05,12.11,11.93,11.98,4537694.0,49779707.0
2018-03-05,11.92,12.04,11.82,11.91,4794515.0,52075734.0
2018-03-06,11.91,12.11,11.78,12.08,6324479.0,68809696.0
2018-03-07,12.08,12.08,11.93,11.95,4111219.0,44965317.0
2018-03-08,11.96,12.01,11.9,11.98,3462862.0,37779708.0
2018-03-09,11.99,12.14,11.95,12.11,4610476.0,50768318.0
2018-03-12,12.12,12.34,12.09,12.33,6523784.0,72991906.0
2018-03-13,12.3,12.33,12.18,12.21,4469400.0,49904836.0
2018-03-14,12.19,12.35,12.19,12.24,4319556.0,48404286.0
2018-03-15,12.22,12.22,11.96,12.03,4779810.0,52636730.0
2018-03-16,12.05,12.11,12.0,12.01,2953220.0,32482567.0
2018-03-19,12.0,12.02,11.88,11.97,2665544.0,29104280.0
2018-03-20,11.95,12.2,11.9,12.19,4061121.0,44676719.0
2018-03-21,12.22,12.22,11.85,11.89,7345096.0,80935368.0
2018-03-22,11.86,11.93,11.7,11.74,5365847.0,57827360.0
2018-03-23,11.4,11.48,10.86,10.97,9115142.0,93518133.0
2018-03-26,10.95,11.09,10.74,11.08,4774991.0,47573047.0
2018-03-27,11.2,11.34,11.16,11.27,4623704.0,47438759.0
2018-03-28,11.17,11.22,11.07,11.13,3271166.0,33273060.0
2018-03-29,11.12,11.33,11.12,11.29,3213227.0,32957363.0
2018-03-30,11.3,11.39,11.28,11.3,3393300.0,35055017.0
2018-04-02,11.28,11.34,11.21,11.3,4120615.0,42469917.0
2018-04-03,11.12,11.3,11.04,11.28,4570800.0,46393238.0
2018-04-04,11.24,11.32,11.17,11.17,3257010.0,33410642.0
2018-04-09,11.12,11.14,10.96,11.1,3784454.0,38209684.0
2018-04-10,11.07,11.21,11.05,11.21,3694656.0,37516785.0
2018-04-11,11.22,11.35,11.17,11.33,4661979.0,48006680.0
2018-04-12,11.3,11.44,11.24,11.42,4715921.0,48848938.0
2018-04-13,11.41,11.42,11.27,11.3,3033649.0,31343676.0
2018-04-16,11.61,12.43,11.52,11.87,30041798.0,329792276.0
2018-04-17,11.53,11.73,11.21,11.28,21148950.0,220078095.0
2018-04-18,11.32,11.4,10.99,11.31,8759456.0,89758079.0
2018-04-19,11.27,11.38,11.21,11.27,4998837.0,51405314.0
2018-04-20,11.24,11.32,11.03,11.06,4708674.0,47946050.0
2018-04-23,11.13,11.21,10.98,11.07,3340373.0,33744315.0
2018-04-24,11.07,11.27,11.07,11.27,3404213.0,34754937.0
2018-04-25,11.2,11.38,11.16,11.37,3755654.0,38548768.0
2018-04-26,11.37,11.44,11.12,11.14,3403775.0,34905137.0
2018-04-27,11.24,11.29,11.14,11.28,3226005.0,33022486.0
2018-05-02,11.29,11.55,11.29,11.43,8086925.0,84527143.0
2018-05-03,11.38,11.67,11.32,11.61,7198658.0,75487978.0
2018-05-04,11.61,11.67,11.47,11.65,8076802.0,85282874.0
2018-05-07,11.65,11.69,11.57,11.66,6093757.0,64721571.0
2018-05-08,11.67,11.7,11.57,11.68,6095321.0,64749827.0
2018-05-09,11.68,11.77,11.47,11.52,10657356.0,112711424.0
2018-05-10,11.55,11.55,11.4,11.48,10087679.0,105508102.0
2018-05-11,11.46,11.64,11.46,11.56,8538612.0,90176031.0
2018-05-14,11.55,11.58,11.45,11.46,5497600.0,57770092.0
2018-05-15,11.48,11.6,11.41,11.6,5299599.0,55587767.0
2018-05-16,11.54,11.57,11.45,11.46,4481454.0,46999317.0
2018-05-17,11.46,11.5,11.39,11.42,4026358.0,42001478.0
2018-05-18,11.44,11.56,11.4,11.55,4327796.0,45390785.0
2018-05-21,11.61,11.76,11.56,11.7,6102694.0,65016425.0
2018-05-22,11.63,11.69,11.54,11.68,7078480.0,75037924.0
2018-05-23,11.63,11.75,11.6,11.64,5233841.0,55760279.0
2018-05-24,11.66,11.7,11.6,11.67,3789289.0,40282646.0
2018-05-25,11.62,11.66,11.51,11.55,4774518.0,50337216.0
2018-05-28,11.5,11.56,11.41,11.52,4126636.0,43314731.0
2018-05-29,11.48,11.76,11.47,11.75,7125925.0,75823221.0
2018-05-30,11.56,11.68,11.3,11.33,7386542.0,77757965.0
2018-05-31,11.39,11.61,11.39,11.58,4186941.0,44009388.0
2018-06-01,11.48,12.05,11.48,11.78,8701230.0,93559367.0
2018-06-04,11.77,12.14,11.77,12.14,10226150.0,112161155.0
2018-06-05,12.18,12.18,12.0,12.15,7216717.0,79474748.0
2018-06-06,12.07,12.12,12.01,12.08,3762342.0,41410835.0
2018-06-07,12.1,12.24,12.01,12.03,5901757.0,65165267.0
2018-06-08,12.11,12.21,11.82,11.95,5944834.0,64960189.0
2018-06-11,11.79,11.89,11.7,11.84,3886882.0,41836649.0
2018-06-12,11.84,12.05,11.7,12.03,5082190.0,55184791.0
2018-06-13,11.97,12.16,11.85,11.87,5026611.0,55191011.0
2018-06-14,11.82,11.95,11.78,11.87,3459725.0,37396747.0
2018-06-15,11.81,11.87,11.56,11.65,4627400.0,49388668.0
2018-06-19,11.53,11.65,10.93,11.13,7737804.0,79484061.0
2018-06-20,11.1,11.43,11.06,11.33,3751500.0,38563540.0
2018-06-21,11.34,11.38,11.09,11.12,3639000.0,37258739.0
2018-06-22,11.12,11.33,11.09,11.32,4615300.0,47331114.0
2018-06-25,11.35,11.4,10.8,10.83,6895405.0,67051337.0
2018-06-26,10.71,10.85,10.53,10.82,2926640.0,27425387.0
2018-06-27,10.86,11.01,10.8,10.87,2898500.0,27672038.0
2018-06-28,10.82,10.93,10.79,10.82,1688600.0,16053481.0
2018-06-29,10.82,11.03,10.82,11.0,2202140.0,21114126.0
2018-07-02,11.02,11.02,10.77,10.79,2201700.0,20981025.0
2018-07-03,10.77,10.92,10.69,10.9,2230400.0,21076807.0
2018-07-04,10.85,10.88,10.63,10.64,1748600.0,16423453.0
2018-07-05,10.63,10.71,10.18,10.2,3909390.0,35582772.0
2018-07-06,10.24,10.38,10.05,10.28,2292890.0,20602758.0
2018-07-09,10.3,10.55,10.28,10.52,2286516.0,20826160.0
2018-07-10,10.53,10.54,10.42,10.51,1930374.0,17705331.0
2018-07-11,10.39,10.39,10.12,10.22,2443488.0,21923357.0
2018-07-12,10.2,10.48,10.2,10.42,2305945.0,20974969.0
2018-07-13,10.39,10.46,10.37,10.46,1292949.0,11806379.0
2018-07-16,10.46,10.54,10.42,10.54,1400700.0,12870908.0
2018-07-17,10.61,10.61,10.44,10.53,1327017.0,12201387.0
2018-07-18,10.6,10.6,10.46,10.48,1522184.0,14024584.0
2018-07-19,10.43,10.47,10.31,10.34,1524400.0,13861033.0
2018-07-20,10.31,10.51,10.29,10.47,1400758.0,12785187.0
2018-07-23,10.47,10.62,10.45,10.61,2101584.0,19404902.0
2018-07-24,10.62,10.77,10.58,10.76,2604734.0,24430157.0
2018-07-25,10.76,10.76,10.67,10.69,1894733.0,17758880.0
2018-07-26,10.72,10.76,10.66,10.72,1908494.0,17898042.0
2018-07-27,10.69,10.76,10.66,10.75,1852700.0,17374047.0
2018-07-30,10.75,10.79,10.69,10.74,1880370.0,17684127.0
2018-07-31,10.74,10.74,10.64,10.67,2220870.0,20764667.0
2018-08-01,10.68,10.76,10.53,10.54,1944071.0,18165423.0
2018-08-02,10.51,10.51,10.19,10.3,2453901.0,22174803.0
2018-08-03,10.28,10.37,10.23,10.28,1301600.0,11731790.0
2018-08-06,10.22,10.3,10.05,10.1,2157654.0,19251169.0
2018-08-07,10.06,10.36,10.06,10.36,1919601.0,17193119.0
2018-08-08,10.37,10.37,10.14,10.15,1728500.0,15530665.0
2018-08-09,10.12,10.42,10.12,10.38,2090084.0,18914436.0
2018-08-10,10.38,10.45,10.34,10.4,1092985.0,9942554.0
2018-08-13,10.34,10.37,10.22,10.36,1712062.0,15429612.0
2018-08-14,10.29,10.39,10.29,10.38,1200384.0,10872219.0
2018-08-15,10.34,10.39,10.23,10.27,1387400.0,12530739.0
2018-08-16,10.19,10.27,10.09,10.19,1423600.0,12682420.0
2018-08-17,10.23,10.27,10.05,10.07,1253224.0,11137359.0
2018-08-20,10.09,10.19,10.05,10.18,933200.0,8253413.0
2018-08-21,10.16,10.29,10.14,10.27,1404843.0,12600903.0
2018-08-22,10.26,10.28,10.19,10.21,680090.0,6079142.0
2018-08-23,10.19,10.23,10.14,10.21,1038160.0,9270933.0
2018-08-24,10.18,10.23,10.14,10.2,810773.0,7232796.0
2018-08-27,10.26,10.42,10.23,10.38,1676532.0,15219376.0
2018-08-28,10.39,10.46,10.37,10.42,1551439.0,14157054.0
2018-08-29,10.42,10.53,10.42,10.46,2134900.0,19598420.0
2018-08-30,10.44,10.51,10.36,10.36,1445824.0,13213162.0
2018-08-31,10.34,10.4,10.28,10.38,1087024.0,9853986.0
2018-09-03,10.3,10.38,10.18,10.31,1688170.0,15172763.0
2018-09-04,10.32,10.42,10.24,10.36,1396773.0,12650716.0
2018-09-05,10.35,10.35,10.15,10.16,1539304.0,13818059.0
2018-09-06,10.18,10.24,10.11,10.14,1201770.0,10705859.0
2018-09-07,10.14,10.31,10.14,10.18,1021500.0,9135696.0
2018-09-10,10.18,10.21,10.13,10.13,1060002.0,9433700.0
2018-09-11,10.13,10.19,10.07,10.13,947308.0,8387608.0
2018-09-12,10.1,10.15,10.05,10.12,948574.0,8391570.0
2018-09-13,10.16,10.23,10.07,10.19,1391539.0,12368752.0
2018-09-14,10.2,10.21,10.12,10.12,893600.0,7946041.0
2018-09-17,10.12,10.13,9.87,9.89,2172200.0,19017568.0
2018-09-18,9.9,9.98,9.82,9.96,1989712.0,17252457.0
2018-09-19,9.97,10.07,9.91,10.04,1769062.0,15498793.0
2018-09-20,10.03,10.07,9.99,10.03,1005600.0,8827976.0
2018-09-21,10.16,10.2,10.06,10.19,2187462.0,19426099.0
2018-09-25,10.16,10.19,10.1,10.13,1289700.0,11446855.0
2018-09-26,10.13,10.2,10.11,10.15,1434491.0,12758280.0
2018-09-27,10.15,10.45,10.09,10.28,3842914.0,34476786.0
2018-09-28,10.28,10.32,10.16,10.26,3560149.0,31942082.0
2018-10-08,10.1,10.1,9.91,9.93,2397300.0,20970533.0
2018-10-09,9.94,10.03,9.93,9.97,867085.0,7583699.0
2018-10-10,10.04,10.04,9.94,9.96,877526.0,7666425.0
2018-10-11,9.79,9.79,9.15,9.18,3551900.0,29452673.0
2018-10-12,9.13,9.23,9.01,9.18,1996425.0,15963620.0
2018-10-15,9.19,9.23,8.91,8.97,1541843.0,12347819.0
2018-10-16,9.01,9.06,8.84,8.88,1215042.0,9530606.0
2018-10-17,8.99,9.03,8.79,8.95,1052504.0,8222670.0
2018-10-18,8.85,8.91,8.77,8.77,1282300.0,9902794.0
2018-10-19,8.68,8.93,8.61,8.92,1405903.0,10835575.0
2018-10-22,8.97,9.38,8.95,9.3,2622303.0,21137373.0
2018-10-23,9.3,9.33,9.06,9.11,2032300.0,16381011.0
2018-10-24,9.07,9.24,9.07,9.17,1177400.0,9461405.0
2018-10-25,8.93,9.17,8.9,9.13,1449736.0,11453639.0
2018-10-26,9.14,9.35,9.14,9.27,1462166.0,11861527.0
2018-10-29,10.15,10.15,9.49,9.5,6870165.0,59158398.0
2018-10-30,9.45,9.78,9.39,9.59,3531541.0,29572332.0
2018-10-31,9.5,9.67,9.49,9.59,2834700.0,23742407.0
2018-11-01,9.63,9.73,9.56,9.58,3331096.0,28153219.0
2018-11-02,9.66,9.78,9.66,9.73,2486728.0,21136424.0
2018-11-05,9.66,9.75,9.57,9.66,1990806.0,16811088.0
2018-11-06,9.66,9.7,9.57,9.67,1931600.0,16284677.0
2018-11-07,9.63,9.71,9.57,9.57,1544800.0,13033819.0
2018-11-08,9.62,9.65,9.51,9.51,1266513.0,10615451.0
2018-11-09,9.51,9.51,9.41,9.42,1348401.0,11164306.0
2018-11-12,9.46,9.59,9.4,9.59,1452867.0,12131535.0
2018-11-13,9.54,9.74,9.43,9.73,2631101.0,22286569.0
