2014-12-03,24.02,28.83,24.02,28.83,48000.0,1379992.0
2014-12-04,31.71,31.71,31.71,31.71,21600.0,684936.0
2014-12-05,34.88,34.88,34.88,34.88,39500.0,1377760.0
2014-12-08,38.37,38.37,38.37,38.37,64500.0,2474865.0
2014-12-09,42.21,42.21,42.21,42.21,235900.0,9957339.0
2014-12-10,46.43,46.43,38.2,42.69,17725968.0,752063552.0
2014-12-11,40.0,42.45,39.0,40.7,9727145.0,395805856.0
2014-12-12,40.69,41.84,39.6,39.62,6803110.0,274226240.0
2014-12-15,38.7,38.74,37.5,37.73,6292527.0,238276224.0
2014-12-16,37.5,38.15,37.41,37.57,3604871.0,135751472.0
2014-12-17,37.4,37.4,35.71,35.8,5846194.0,211952848.0
2014-12-18,35.85,36.19,35.01,35.12,3853253.0,136921568.0
2014-12-19,35.13,35.33,32.72,33.08,5331318.0,178700800.0
2014-12-22,32.87,32.89,29.77,29.77,5266766.0,161135840.0
2014-12-23,29.64,32.75,29.21,32.75,8298884.0,267697488.0
2014-12-24,32.7,33.85,32.0,33.27,7640900.0,251919024.0
2014-12-25,32.96,33.0,31.35,32.24,5271875.0,169281808.0
2014-12-26,31.9,33.04,31.71,31.99,3238946.0,104591816.0
2014-12-29,31.74,31.99,30.8,31.27,2907832.0,90883136.0
2014-12-30,31.02,32.65,31.02,31.62,3005648.0,95640640.0
2014-12-31,31.49,31.5,30.53,31.02,2458497.0,76151488.0
2015-01-05,31.0,31.4,30.5,31.19,2062599.0,63842452.0
2015-01-06,30.92,32.19,30.66,31.92,3275891.0,103419624.0
2015-01-07,31.92,31.92,31.01,31.33,2255228.0,70693280.0
2015-01-08,31.08,31.69,30.9,30.97,2036471.0,63773916.0
2015-01-09,30.8,31.15,30.54,30.61,2010622.0,61914220.0
2015-01-12,30.47,30.47,29.51,29.52,1966159.0,58689928.0
2015-01-13,29.55,30.11,29.5,29.88,1310308.0,39168760.0
2015-01-14,29.8,29.99,29.33,29.4,1476754.0,43776360.0
2015-01-15,29.43,30.28,29.4,29.74,1582401.0,47313288.0
2015-01-16,29.7,30.28,29.68,30.17,1777900.0,53516108.0
2015-01-19,29.8,31.23,29.51,30.52,3451610.0,105570472.0
2015-01-27,32.15,33.57,31.69,33.57,9340849.0,306959328.0
2015-01-28,34.01,34.74,33.06,33.25,8777296.0,298828128.0
2015-01-29,32.65,32.69,31.82,31.85,3973827.0,127337560.0
2015-01-30,31.8,32.29,31.32,31.52,2149618.0,68240648.0
2015-02-02,31.25,31.99,30.7,31.91,1927216.0,60726544.0
2015-02-03,31.95,32.26,31.52,32.08,2060333.0,65744500.0
2015-02-04,32.07,32.15,31.21,31.3,2166600.0,68600736.0
2015-02-05,31.56,31.58,30.54,30.6,2069147.0,63998520.0
2015-02-06,30.55,30.7,29.82,29.86,1680723.0,50590816.0
2015-02-09,29.8,30.13,29.78,29.88,848103.0,25400458.0
2015-02-10,29.95,29.99,29.72,29.91,946272.0,28241028.0
2015-02-11,30.0,30.3,30.0,30.13,1013662.0,30556130.0
2015-02-12,30.13,30.77,30.13,30.66,1716946.0,52408732.0
2015-02-13,30.8,31.24,30.75,31.19,1586120.0,49252624.0
2015-02-16,31.38,31.51,31.0,31.22,1225600.0,38206284.0
2015-02-17,31.47,31.48,31.13,31.16,1133399.0,35370056.0
2015-02-25,31.15,31.2,30.61,30.61,1026099.0,31574518.0
2015-02-26,30.5,31.1,30.5,31.08,1141900.0,35117688.0
2015-02-27,31.0,31.3,30.82,31.17,1358196.0,42171984.0
2015-03-02,31.21,31.88,31.13,31.81,2238339.0,70392880.0
2015-03-03,31.77,31.77,31.05,31.07,2097386.0,65713120.0
2015-03-04,31.07,31.36,30.91,31.32,1663080.0,51766904.0
2015-03-05,31.36,31.99,31.16,31.97,3289351.0,103858016.0
2015-03-06,31.91,32.28,31.45,31.53,2177532.0,69269232.0
2015-03-09,31.5,31.5,31.03,31.32,1291310.0,40290912.0
2015-03-10,31.36,31.58,31.2,31.32,1280813.0,40239324.0
2015-03-11,31.33,31.5,30.76,30.85,1709979.0,53274408.0
2015-03-12,30.7,30.94,30.45,30.54,1572800.0,48199564.0
2015-03-13,30.67,31.01,30.54,31.0,1450988.0,44685216.0
2015-03-16,31.2,31.9,31.13,31.85,2621739.0,82906056.0
2015-03-17,31.88,32.22,31.68,31.92,3307957.0,105563368.0
2015-03-18,32.09,32.94,31.87,32.86,4633304.0,150232720.0
2015-03-19,32.89,33.23,32.57,33.15,4630448.0,152773904.0
2015-03-20,33.2,33.44,32.96,33.1,3473273.0,115164744.0
2015-03-23,33.15,33.35,32.91,33.35,3421946.0,113444856.0
2015-03-24,33.35,33.4,32.22,32.69,3900551.0,127862496.0
2015-03-25,32.78,34.49,32.5,34.3,6386497.0,214839808.0
2015-03-26,34.28,34.28,33.12,33.73,4033008.0,136217248.0
2015-03-27,33.64,34.18,33.57,33.78,2315289.0,78446104.0
2015-03-30,33.71,34.19,33.55,33.8,2771320.0,93606888.0
2015-03-31,33.8,33.94,33.53,33.6,2797985.0,94432536.0
2015-04-01,33.54,33.91,33.5,33.83,2575719.0,86912064.0
2015-04-02,33.92,34.95,33.77,34.83,5373157.0,185345584.0
2015-04-03,34.72,36.7,34.61,36.2,6212284.0,223487472.0
2015-04-07,36.97,38.57,36.97,37.94,7033838.0,265458128.0
2015-04-08,37.0,37.0,35.87,36.33,6748054.0,246276384.0
2015-04-09,36.42,36.42,34.01,35.5,4476542.0,157476336.0
2015-04-10,35.28,37.5,34.88,36.78,4327680.0,157660704.0
2015-04-13,36.54,38.49,36.54,38.16,5668847.0,215342336.0
2015-04-14,38.2,38.39,36.86,37.03,4362894.0,164089392.0
2015-04-15,36.98,36.99,35.0,35.27,3536354.0,126579232.0
2015-04-16,34.9,36.3,34.5,35.68,2973228.0,105492848.0
2015-04-17,35.9,36.37,35.67,35.95,3535686.0,127255592.0
2015-04-20,35.92,35.92,34.51,34.55,3890091.0,136910448.0
2015-04-21,34.51,35.69,34.28,35.64,2639374.0,92944128.0
2015-04-22,35.73,37.0,35.73,36.83,3981904.0,145522144.0
2015-04-23,37.13,37.15,36.35,36.78,4024925.0,147742464.0
2015-04-24,36.2,36.77,35.83,36.55,3269168.0,118772880.0
2015-04-27,36.88,37.78,36.55,37.5,5162345.0,191624848.0
2015-04-28,37.8,37.89,35.78,35.99,4143552.0,151737232.0
2015-04-29,35.75,36.95,35.58,36.93,3049574.0,111537720.0
2015-04-30,37.02,37.71,36.81,36.9,4421651.0,165090480.0
2015-05-04,37.19,37.56,36.57,37.47,3315319.0,122973120.0
2015-05-05,37.46,37.47,35.78,36.0,3508997.0,128204424.0
2015-05-06,35.94,36.18,34.8,35.04,2633796.0,94013952.0
2015-05-07,34.99,35.04,33.61,33.86,1926814.0,66113564.0
2015-07-21,37.23,37.23,35.26,37.23,4596180.0,169285136.0
2015-07-22,38.56,40.95,37.85,40.95,10459750.0,415743840.0
2015-07-23,42.59,44.03,41.55,41.57,12262346.0,520746208.0
2015-07-24,41.77,43.16,40.16,40.25,9357047.0,387624736.0
2015-07-27,38.57,40.14,36.23,36.23,7256752.0,278328640.0
2015-07-28,33.13,35.13,32.6,33.47,6274053.0,210404944.0
2015-07-29,33.53,36.81,33.18,36.74,5542206.0,192096208.0
2015-07-30,35.95,37.65,35.2,36.22,5920510.0,214991184.0
2015-07-31,35.1,37.16,34.81,35.56,4190609.0,149477568.0
2015-08-03,35.13,37.09,34.84,36.49,4596113.0,165090672.0
2015-08-04,36.75,38.34,36.15,38.31,5881877.0,219231280.0
2015-08-05,37.36,38.86,37.16,37.81,5041865.0,190588192.0
2015-08-06,37.15,37.96,36.76,37.25,3186324.0,118390744.0
2015-08-07,37.05,39.11,37.05,38.69,4964677.0,189719600.0
2015-08-10,38.7,40.63,38.7,40.12,6048794.0,239253120.0
2015-08-11,39.65,40.34,39.36,39.7,4924989.0,195265584.0
2015-08-12,39.41,40.14,37.96,38.18,4739855.0,185496672.0
2015-08-13,37.85,38.86,37.73,38.81,3739362.0,142896288.0
2015-08-14,38.86,39.16,38.23,38.75,3376018.0,129938544.0
2015-08-17,38.29,38.65,37.5,37.81,2878406.0,108530480.0
2015-08-18,37.77,38.14,34.03,34.07,3989688.0,144055840.0
2015-08-19,33.59,35.09,32.14,35.04,3476494.0,117923808.0
2015-08-20,34.36,35.39,33.76,33.98,2407699.0,82926176.0
2015-08-21,33.64,33.64,30.95,31.35,2566588.0,83196416.0
2015-08-24,30.13,30.43,28.21,28.21,2839400.0,81272760.0
2015-08-25,26.09,27.69,25.39,25.39,3645276.0,95369152.0
2015-08-26,25.81,27.82,25.42,26.31,4508489.0,119402640.0
2015-08-27,27.01,27.98,26.43,27.96,3305160.0,89306312.0
2015-08-28,27.91,29.3,27.17,29.07,5062309.0,141299568.0
2015-08-31,28.5,28.5,26.76,26.87,3041259.0,83691512.0
2015-09-01,26.87,26.87,25.13,25.21,2208857.0,56623368.0
2015-09-02,24.1,26.11,24.02,24.84,2362536.0,59029436.0
2015-09-07,25.15,26.19,25.15,25.49,2047615.0,52476960.0
2015-09-08,25.11,27.06,25.1,27.02,2426538.0,63139336.0
2015-09-09,26.91,28.06,26.66,27.82,3391109.0,92590560.0
2015-09-10,27.3,27.68,26.99,27.0,2040691.0,55473088.0
2015-09-11,26.99,27.46,26.59,26.98,1355720.0,36479592.0
2015-09-14,27.06,27.1,24.28,24.28,2737559.0,68478064.0
2015-09-15,23.78,24.6,23.41,24.01,1642980.0,39396832.0
2015-09-16,24.09,26.41,24.09,26.33,2626779.0,65555232.0
2015-09-17,25.7,26.44,25.22,25.24,2636237.0,67848376.0
2015-09-18,25.35,25.55,24.88,25.28,1134836.0,28502736.0
2015-09-21,25.01,26.26,24.94,26.21,1780101.0,45647760.0
2015-09-22,27.35,27.35,26.29,26.48,2269577.0,60479068.0
2015-09-23,26.07,26.99,25.65,26.72,1724872.0,44938680.0
2015-09-24,26.99,27.07,26.46,26.92,1432307.0,38265636.0
2015-09-25,26.85,26.85,25.09,25.74,1628698.0,42038404.0
2015-09-28,25.4,26.69,25.4,26.48,1162307.0,30191304.0
2015-09-29,26.09,26.22,25.72,25.73,1183135.0,30591452.0
2015-09-30,25.9,26.24,25.71,25.98,685334.0,17725692.0
2015-10-08,26.8,27.09,26.51,26.89,1696931.0,45349096.0
2015-10-09,26.77,27.57,26.66,27.1,1992431.0,53924436.0
2015-10-12,27.23,28.4,27.23,28.25,3471705.0,96485312.0
2015-10-13,28.01,28.14,27.69,28.03,1992522.0,55468096.0
2015-10-14,28.02,28.29,27.61,27.62,1924303.0,53574468.0
2015-10-15,27.44,28.54,27.43,28.46,2596196.0,72684504.0
2015-10-16,28.5,28.7,28.03,28.61,2845509.0,80556784.0
2015-10-19,28.52,28.73,27.97,28.22,2050915.0,58000444.0
2015-10-20,28.21,28.85,27.89,28.76,2068579.0,58611924.0
2015-10-21,28.73,29.12,26.41,27.08,3080245.0,85926392.0
2015-10-22,27.16,27.83,26.72,27.62,2142666.0,58431232.0
2015-10-23,27.76,28.33,27.51,28.3,1993913.0,55526340.0
2015-10-26,28.54,29.0,28.19,28.74,2806927.0,80127688.0
2015-10-27,28.61,29.03,27.63,28.86,2393641.0,67738000.0
2015-10-28,28.27,28.81,27.92,28.11,2732150.0,77328632.0
2015-10-29,28.12,28.48,27.82,28.31,1666765.0,46815232.0
2015-10-30,28.33,28.55,27.81,28.48,1998714.0,56313992.0
2015-11-02,28.41,29.92,28.02,29.07,4316345.0,125904144.0
2015-11-03,29.14,30.42,28.73,30.26,3813500.0,113236328.0
2015-11-04,30.26,31.11,29.92,30.95,4113626.0,125477520.0
2015-11-05,30.53,31.79,30.53,31.0,4658773.0,145401584.0
2015-11-06,31.17,34.0,30.68,33.14,6182986.0,200881824.0
2015-11-09,33.69,35.64,33.69,35.28,7650039.0,265032048.0
2015-11-10,35.13,35.13,33.95,34.26,4778421.0,163989008.0
2015-11-11,34.26,35.62,33.79,35.59,5332908.0,185658928.0
2015-11-12,35.95,38.05,34.91,36.93,6887896.0,247783216.0
2015-11-13,36.15,36.15,33.44,33.52,4920218.0,169813088.0
2015-11-16,32.28,33.72,32.03,33.58,2426778.0,79926096.0
2015-11-17,34.04,34.56,32.93,32.95,2409840.0,80980384.0
2015-11-18,32.92,33.49,32.13,32.26,1663410.0,54165952.0
2015-11-19,32.56,33.48,32.28,33.45,1803887.0,59089392.0
2015-11-20,33.84,33.84,33.03,33.41,2006058.0,66712780.0
2015-11-23,33.42,35.2,33.06,34.53,3941424.0,134633040.0
2015-11-24,34.53,36.15,34.36,36.02,4231550.0,149677824.0
2015-11-25,36.16,36.6,35.36,36.03,3620454.0,129781160.0
2015-11-26,36.18,36.66,34.94,34.99,3392060.0,121033352.0
2015-11-27,34.94,34.94,31.75,32.49,3083663.0,103801080.0
2015-11-30,32.93,34.17,31.68,33.92,2987205.0,97860544.0
2015-12-01,33.6,34.99,33.13,34.38,3103796.0,106092397.0
2015-12-02,33.74,34.7,32.01,33.48,2241957.0,75311416.0
2015-12-03,33.23,34.59,33.13,34.38,2146094.0,72860481.0
2015-12-04,34.13,34.63,33.48,34.07,1988566.0,67747992.0
2015-12-07,34.14,34.38,33.48,34.33,1627842.0,55059277.0
2015-12-08,34.23,34.23,33.3,33.89,1917193.0,64420280.0
2015-12-09,34.14,35.44,33.95,34.44,4011908.0,139043168.0
2015-12-10,33.94,34.02,33.14,33.23,2714691.0,90782616.0
2015-12-11,33.22,33.22,32.24,32.39,1707711.0,55263884.0
2015-12-14,32.13,32.87,31.91,32.86,1168920.0,37775344.0
2015-12-15,32.86,33.44,32.7,33.01,1514907.0,49891624.0
2015-12-16,33.21,33.88,33.0,33.73,1998637.0,66695192.0
2015-12-17,34.14,35.13,34.0,34.76,3340815.0,114965792.0
2015-12-18,35.02,35.63,34.14,35.12,2868894.0,99757584.0
2015-12-21,35.92,35.92,34.94,35.05,3112658.0,109488616.0
2015-12-22,35.25,35.34,34.75,35.11,2176313.0,75821495.0
2015-12-23,35.11,35.32,34.62,34.84,2537674.0,88542384.0
2015-12-24,34.94,35.24,34.24,35.1,1650982.0,57141980.0
2015-12-25,35.24,35.64,35.04,35.35,2499666.0,87904787.0
2015-12-28,35.56,35.6,33.85,34.0,2968207.0,103447645.0
2015-12-29,34.01,34.95,33.87,34.81,1690548.0,57754468.0
2015-12-30,34.94,34.95,34.27,34.61,1608622.0,55396409.0
2015-12-31,34.78,35.03,33.84,33.88,1562950.0,53527612.0
2016-01-04,33.88,33.88,30.63,30.78,1641350.0,53599383.0
2016-01-05,29.82,31.11,29.42,30.72,1815096.0,55020511.0
2016-01-06,30.77,31.4,30.52,31.35,1423511.0,43928205.0
2016-01-07,31.02,31.02,28.5,28.66,399900.0,11853931.0
2016-01-08,29.42,30.02,27.8,28.95,1424651.0,41328318.0
2016-01-11,29.0,29.0,26.27,26.31,1953494.0,53604316.0
2016-01-12,26.48,27.0,25.65,26.49,1206279.0,31790363.0
2016-01-13,26.8,26.96,25.71,25.81,1006486.0,26608889.0
2016-01-14,25.1,26.96,24.91,26.82,969817.0,25175967.0
2016-01-15,26.81,27.04,25.58,26.07,1092310.0,28765059.0
2016-01-18,25.4,26.85,25.29,26.63,1003417.0,26356115.0
2016-01-19,26.39,27.59,26.36,27.49,1402815.0,37751824.0
2016-01-20,27.41,27.49,26.61,26.99,1254985.0,33847421.0
2016-01-21,26.57,27.31,26.11,26.35,1013072.0,27003020.0
2016-01-22,26.47,27.89,26.09,27.38,1275264.0,34086233.0
2016-01-25,27.61,27.99,27.37,27.93,1146627.0,31526425.0
2016-01-26,27.62,28.41,25.65,26.02,1566295.0,42313466.0
2016-01-27,26.51,26.51,24.3,25.61,1330617.0,33550947.0
2016-01-28,25.29,26.91,24.95,25.11,1062750.0,27221488.0
2016-01-29,25.1,26.0,25.0,25.8,1326929.0,33913959.0
2016-02-01,25.6,25.79,24.87,25.21,861834.0,21821938.0
2016-02-02,25.11,26.09,25.11,26.05,982318.0,25327909.0
2016-02-03,25.8,28.66,25.63,27.52,2083174.0,56684895.0
2016-02-04,27.31,28.01,27.01,27.69,1577318.0,43139778.0
2016-02-05,27.61,27.81,26.93,27.0,969922.0,26384893.0
2016-02-15,25.95,26.71,25.68,26.38,721035.0,18819426.0
2016-02-16,26.72,27.47,26.51,27.31,932634.0,25252096.0
2016-02-17,27.18,27.58,27.0,27.48,1157796.0,31489463.0
2016-02-18,27.32,28.46,27.32,27.81,1880668.0,52076122.0
2016-02-19,27.71,27.89,27.16,27.68,1114087.0,30625938.0
2016-02-22,27.96,28.36,27.73,28.17,1196240.0,33429624.0
2016-02-23,28.01,28.1,27.48,27.74,1074963.0,29765427.0
2016-02-24,27.6,27.88,26.86,27.47,1254927.0,34168227.0
2016-02-25,27.46,27.5,24.9,25.01,1999896.0,52000792.0
2016-02-26,25.14,25.45,24.6,25.09,959287.0,23975085.0
2016-02-29,25.05,25.05,23.29,23.7,1588934.0,37862854.0
2016-03-01,23.96,24.49,23.61,24.27,847108.0,20244573.0
2016-03-02,24.12,25.48,24.12,25.45,1261918.0,31295805.0
2016-03-03,25.4,25.92,25.11,25.43,1266476.0,32075594.0
2016-03-04,25.35,27.31,25.03,25.58,1749687.0,44959410.0
2016-03-07,25.96,26.11,25.57,25.88,1121412.0,28850551.0
2016-03-08,25.86,25.86,24.7,25.64,925839.0,23276097.0
2016-03-09,25.19,25.2,24.8,24.94,528890.0,13175398.0
2016-03-10,25.1,25.35,24.6,24.67,699640.0,17357949.0
2016-03-11,24.54,25.1,24.36,24.84,609415.0,14972649.0
2016-03-14,25.1,25.94,24.9,25.59,1032360.0,26298614.0
2016-03-15,25.43,25.8,25.25,25.52,702511.0,17840877.0
2016-03-16,25.61,25.79,24.7,24.82,1082646.0,26949451.0
2016-03-17,24.82,25.64,24.72,25.56,1164234.0,29350626.0
2016-03-18,25.54,26.61,25.5,26.51,1801884.0,46850548.0
2016-03-21,26.51,26.98,26.34,26.93,2145746.0,56918319.0
2016-03-22,26.72,26.77,26.45,26.5,1196400.0,31710253.0
2016-03-23,26.5,26.95,26.41,26.9,1432923.0,38132648.0
2016-03-24,26.9,27.31,26.31,26.52,1713861.0,45778694.0
2016-03-25,26.52,26.77,26.39,26.75,850791.0,22517423.0
2016-03-28,27.01,27.11,26.42,26.47,1098750.0,29353837.0
2016-03-29,26.42,26.5,25.8,25.92,963963.0,25101687.0
2016-03-30,26.14,26.87,26.09,26.8,974486.0,25730317.0
2016-03-31,26.91,27.76,26.86,27.16,1594526.0,43500218.0
2016-04-01,28.2,29.88,28.11,28.66,4736446.0,136217380.0
2016-04-05,27.92,29.41,27.89,29.37,3766994.0,107494853.0
2016-04-06,28.92,29.3,28.45,28.96,1940835.0,55863583.0
2016-04-07,28.97,29.37,28.61,28.62,1629602.0,46833612.0
2016-04-08,28.13,28.52,27.52,27.89,2001583.0,55437360.0
2016-04-11,27.99,28.92,27.99,28.88,1951011.0,55397806.0
2016-04-12,28.78,29.82,28.42,29.64,3589730.0,104566588.0
2016-04-13,29.64,29.96,28.94,29.43,2935890.0,86239294.0
2016-04-14,29.62,29.77,29.03,29.71,2308035.0,67356057.0
2016-04-15,29.72,30.62,29.4,29.94,2318368.0,69381625.0
2016-04-18,29.7,29.72,28.11,28.81,1593696.0,45992136.0
2016-04-19,28.95,29.22,28.54,28.84,1028315.0,29502242.0
2016-04-20,28.84,29.07,26.59,26.99,1941836.0,53359943.0
2016-04-21,27.06,27.55,26.75,27.04,1175428.0,31781813.0
2016-04-22,26.89,27.92,26.62,27.9,1296239.0,35568257.0
2016-04-25,28.29,28.43,27.71,28.25,1149289.0,32199813.0
2016-04-26,28.18,28.41,27.76,28.33,1081272.0,30217673.0
2016-04-27,28.4,28.66,28.02,28.09,1403475.0,39642324.0
2016-04-28,27.26,27.61,26.89,27.33,1942489.0,52530842.0
2016-04-29,26.91,27.68,26.66,27.51,1233556.0,33446197.0
2016-05-03,27.48,28.22,27.08,28.14,1822751.0,50584376.0
2016-05-11,27.46,27.46,25.87,26.02,1860932.0,48852910.0
2016-05-12,25.55,25.55,24.42,25.2,948507.0,23670353.0
2016-05-13,24.99,25.74,24.9,25.28,708032.0,17915433.0
2016-05-16,25.3,25.61,24.98,25.6,678447.0,17139497.0
2016-05-17,25.68,26.29,25.65,25.81,831650.0,21498798.0
2016-05-18,25.81,25.81,24.6,25.2,806964.0,20207377.0
2016-05-19,25.1,25.77,25.1,25.23,676963.0,17148589.0
2016-05-20,25.1,25.45,24.6,25.39,654670.0,16400053.0
2016-05-23,25.41,25.98,25.39,25.93,932843.0,23945520.0
2016-05-24,25.9,25.9,25.19,25.37,609300.0,15436706.0
2016-05-25,25.59,25.8,25.3,25.51,650048.0,16541351.0
2016-05-26,25.48,25.62,25.05,25.56,750941.0,18936595.0
2016-05-27,25.76,25.89,25.5,25.71,832751.0,21359538.0
2016-05-30,25.45,26.2,25.2,25.88,893967.0,23001571.0
2016-05-31,26.09,26.85,25.9,26.74,1560561.0,41288085.0
2016-06-01,26.92,28.07,26.71,27.64,2108372.0,57104155.0
2016-06-02,27.19,27.99,27.19,27.67,1330128.0,36373996.0
2016-06-03,27.34,27.86,27.32,27.61,1195740.0,32824528.0
2016-06-06,27.9,27.9,27.43,27.71,853266.0,23437892.0
2016-06-07,27.6,28.09,27.48,27.88,1103272.0,30444714.0
2016-06-08,27.93,27.99,27.42,27.75,970073.0,26744509.0
2016-06-13,27.29,27.54,26.3,26.31,1018921.0,27530295.0
2016-06-14,26.39,26.63,26.29,26.54,1002838.0,26358881.0
2016-06-15,26.32,27.46,26.14,27.43,1956725.0,52981910.0
2016-06-16,27.43,27.45,26.99,27.3,1340432.0,36355544.0
2016-06-17,27.5,27.7,27.19,27.29,1073624.0,29335188.0
2016-06-20,27.19,28.09,27.14,28.01,1877810.0,52046246.0
2016-06-21,28.23,28.46,27.61,27.74,1487283.0,41423928.0
2016-06-22,27.98,28.81,27.59,28.77,2380563.0,66915704.0
2016-06-23,28.87,29.27,28.14,29.16,2596628.0,74282597.0
2016-06-24,28.7,29.15,27.79,28.92,1947894.0,55768338.0
2016-06-27,28.74,29.7,28.74,29.57,2504450.0,72832767.0
2016-06-28,29.42,29.8,29.16,29.7,2216828.0,65117087.0
2016-06-29,29.62,30.12,29.38,29.75,3463411.0,102819796.0
2016-06-30,29.84,29.96,29.01,29.77,3474602.0,101396713.0
2016-07-01,29.51,29.53,29.18,29.22,1707962.0,49774724.0
2016-07-04,28.98,29.51,28.81,29.31,2304334.0,66850201.0
2016-07-05,29.29,29.38,28.93,29.19,1569165.0,45356182.0
2016-07-06,29.16,29.84,28.98,29.64,2753560.0,80651441.0
2016-07-07,29.53,30.38,29.43,29.79,2745265.0,81455532.0
2016-07-08,29.9,30.14,29.61,29.63,1712710.0,50753296.0
2016-07-11,29.64,29.94,28.89,29.06,1947425.0,56868424.0
2016-07-12,29.13,29.22,28.3,29.13,1687855.0,48389080.0
2016-07-13,29.2,29.48,29.03,29.26,1214585.0,35320737.0
2016-07-14,29.33,31.25,29.03,31.0,5052098.0,153208543.0
2016-07-15,31.15,31.44,30.73,30.96,3425101.0,105665331.0
2016-07-18,30.74,30.74,30.14,30.22,2301072.0,69227425.0
2016-07-19,30.23,30.69,30.04,30.56,1752188.0,52806785.0
2016-07-20,30.39,30.64,30.04,30.21,1282794.0,38700370.0
2016-07-21,30.14,30.39,29.9,30.06,1205172.0,36019676.0
2016-07-22,30.04,30.06,29.11,29.21,1725449.0,50593993.0
2016-07-25,29.21,29.48,29.09,29.24,718621.0,20856845.0
2016-07-26,29.25,29.61,29.04,29.45,1056186.0,30834017.0
2016-07-27,29.45,30.32,28.52,29.1,2871015.0,84167481.0
2016-07-28,28.95,29.39,28.22,28.62,1586164.0,45414021.0
2016-07-29,28.74,29.59,28.62,29.32,1322595.0,38311216.0
2016-08-01,29.13,29.61,29.13,29.52,1423322.0,41513386.0
2016-08-02,29.52,31.04,29.33,30.77,3006822.0,90977167.0
2016-08-03,30.71,31.04,30.19,30.73,1735917.0,52733397.0
2016-08-04,30.73,31.23,30.46,30.83,1486151.0,45377405.0
2016-08-05,30.83,31.22,30.25,30.64,1376223.0,42034488.0
2016-08-08,30.69,31.11,30.39,31.02,1076761.0,32842819.0
2016-08-09,30.94,31.35,30.65,31.16,1206707.0,37113183.0
2016-08-10,31.15,31.3,30.72,30.73,1087340.0,33332001.0
2016-08-11,30.84,31.05,30.14,30.21,1028130.0,31074108.0
2016-08-12,30.17,30.56,30.07,30.42,548381.0,16475241.0
2016-08-15,30.55,31.07,30.36,30.83,1197921.0,36523698.0
2016-08-16,30.83,30.98,30.45,30.54,936361.0,28480290.0
2016-08-17,30.55,30.93,30.29,30.89,1035605.0,31446898.0
2016-08-18,30.94,31.75,30.77,31.65,2142697.0,66517241.0
2016-08-19,31.6,31.71,31.07,31.41,1262429.0,39271951.0
2016-08-22,31.43,31.71,30.94,31.36,1028436.0,32016897.0
2016-08-23,31.54,31.65,30.89,31.18,832506.0,25896565.0
2016-08-24,31.12,32.23,30.86,31.7,1831747.0,57803744.0
2016-08-25,31.35,31.61,30.77,31.18,1460517.0,45016487.0
2016-08-26,30.64,31.19,30.51,30.97,1607551.0,49167612.0
2016-08-29,30.94,31.29,30.79,31.15,651936.0,20139292.0
2016-12-19,34.26,34.26,34.26,34.26,145082.0,4931337.0
2016-12-20,37.69,37.69,37.69,37.69,2440782.0,91260839.0
2016-12-21,37.57,39.21,36.09,36.59,8035500.0,296892463.0
2016-12-22,35.78,36.12,34.79,35.37,4556173.0,159615120.0
2016-12-23,34.76,35.06,32.8,33.11,4099310.0,137911410.0
2016-12-26,32.96,33.23,32.23,33.16,2502330.0,81181379.0
2016-12-27,33.02,33.55,32.46,33.35,2537355.0,83296266.0
2016-12-28,33.06,33.36,31.92,32.15,2036136.0,66008513.0
2016-12-29,32.05,33.75,31.97,33.69,3609473.0,119165602.0
2016-12-30,33.35,34.42,32.74,33.68,2183991.0,71837663.0
2017-01-03,33.18,33.67,32.96,33.43,1426025.0,47117419.0
2017-01-04,33.16,33.5,32.62,33.31,1663407.0,54519389.0
2017-01-05,33.14,33.22,32.85,32.86,1097887.0,35911390.0
2017-01-06,32.96,32.96,31.43,31.46,1725070.0,55057192.0
2017-01-09,31.3,31.47,30.81,31.19,991151.0,30522910.0
2017-01-10,31.19,31.65,30.9,31.11,1126200.0,34936891.0
2017-01-11,31.15,31.22,30.21,30.31,1206278.0,36609363.0
2017-01-12,30.12,30.73,29.96,30.11,733771.0,22030425.0
2017-01-13,30.11,30.38,29.8,30.15,1080999.0,32362822.0
2017-01-16,29.94,30.22,27.95,29.54,1525368.0,44148178.0
2017-01-17,29.31,29.77,28.66,29.72,974245.0,28362217.0
2017-01-18,29.72,29.86,29.28,29.59,594877.0,17505023.0
2017-01-19,29.82,30.09,29.36,29.94,504675.0,14989959.0
2017-01-20,30.23,30.23,29.68,30.16,651925.0,19449542.0
2017-01-23,30.14,30.82,30.02,30.17,624424.0,18729853.0
2017-01-24,30.23,30.34,29.82,29.94,448781.0,13348875.0
2017-01-25,29.82,30.16,29.77,29.96,304072.0,9060861.0
2017-01-26,29.8,30.4,29.79,30.34,330000.0,9875217.0
2017-02-03,30.33,30.44,29.75,29.88,323980.0,9634939.0
2017-02-06,30.09,31.43,29.93,31.35,1333768.0,40895295.0
2017-02-07,31.39,31.39,30.92,31.07,433748.0,13382376.0
2017-02-08,30.95,31.6,30.94,31.56,693513.0,21597163.0
2017-02-09,31.27,31.79,31.27,31.34,768873.0,24012541.0
2017-02-10,31.52,31.52,30.94,31.0,602696.0,18694068.0
2017-02-13,30.94,31.39,30.82,31.2,683221.0,21069682.0
2017-02-14,31.2,31.4,30.97,31.32,472597.0,14645761.0
2017-02-15,31.33,31.38,30.73,30.81,518259.0,15928804.0
2017-02-16,30.94,31.04,30.55,30.65,541433.0,16455328.0
2017-02-17,30.5,31.14,30.27,30.87,646588.0,19683876.0
2017-02-20,30.74,30.78,29.44,29.52,1476279.0,43746237.0
2017-02-21,29.55,30.7,29.53,30.62,1349311.0,40575185.0
2017-02-22,30.62,31.23,30.62,30.9,849328.0,26076553.0
2017-02-23,30.9,31.2,30.77,30.88,785904.0,24168947.0
2017-02-24,30.84,31.66,30.8,31.64,1043542.0,32447763.0
2017-02-27,31.83,32.56,31.56,32.11,1691371.0,53896978.0
2017-02-28,32.11,32.73,31.4,31.6,1196795.0,37742267.0
2017-03-01,31.45,32.45,31.45,32.43,1029377.0,32534841.0
2017-03-02,32.91,33.56,32.54,33.06,2217991.0,72844534.0
2017-03-03,31.71,32.35,31.71,32.34,1194646.0,37913833.0
2017-03-06,32.25,33.03,31.94,33.02,1061988.0,34451076.0
2017-03-07,32.88,33.15,32.31,32.82,882147.0,28624631.0
2017-03-08,32.75,32.81,31.75,31.82,1055939.0,33672836.0
2017-03-09,31.93,32.22,31.56,31.97,750593.0,23816475.0
2017-03-10,31.95,32.74,31.87,32.66,1183119.0,37933936.0
2017-03-13,32.55,32.55,32.08,32.23,1006395.0,32206729.0
2017-03-14,32.35,33.1,31.43,32.87,3840591.0,122968164.0
2017-03-15,32.94,32.95,32.26,32.84,3145271.0,101896014.0
2017-03-16,32.18,36.12,32.15,36.12,8100841.0,279611951.0
2017-03-17,37.9,38.33,35.3,36.65,9187049.0,334703434.0
2017-03-20,36.29,36.3,34.91,35.31,3141462.0,110282080.0
2017-03-21,35.08,35.18,34.07,34.62,2525476.0,86779527.0
2017-03-22,34.13,34.62,33.97,34.06,2133426.0,72468974.0
2017-03-23,34.06,35.28,33.8,35.21,3736956.0,128147507.0
2017-03-24,34.96,35.23,34.48,34.7,1995685.0,68921458.0
2017-03-27,34.38,35.35,34.05,34.78,2100805.0,72256700.0
2017-03-28,34.45,35.07,34.15,34.62,1674047.0,57415159.0
2017-03-29,34.37,34.77,33.62,34.63,1602058.0,54302484.0
2017-03-30,34.24,36.65,34.03,34.55,4036562.0,137853875.0
2017-03-31,34.27,35.88,33.36,35.46,3179439.0,108594809.0
2017-04-05,36.79,37.09,34.25,35.33,6644849.0,230584578.0
2017-04-06,34.92,35.88,34.07,35.0,5510577.0,189709802.0
2017-04-07,34.99,34.99,32.25,32.99,5782763.0,191379658.0
2017-04-10,32.3,32.66,30.86,31.23,2667484.0,83308016.0
2017-04-11,31.3,31.52,30.35,31.17,1626361.0,49671324.0
2017-04-12,30.86,31.55,30.82,31.11,1266954.0,39195358.0
2017-04-13,31.14,31.75,28.0,28.98,6015708.0,172330392.0
2017-04-14,28.28,28.41,27.83,28.13,2838859.0,79305737.0
2017-04-17,27.83,28.11,27.62,28.09,1023884.0,28304957.0
2017-04-18,28.16,28.21,27.53,27.56,802692.0,22323788.0
2017-04-19,27.52,27.98,27.32,27.8,992074.0,27164682.0
2017-04-20,27.8,27.93,27.45,27.85,1070600.0,29461402.0
2017-04-21,27.95,27.95,27.48,27.65,461100.0,12647550.0
2017-04-24,27.55,27.57,26.71,26.95,501700.0,13452725.0
2017-04-25,27.2,27.72,26.96,27.64,874228.0,23698025.0
2017-04-26,27.87,27.92,27.03,27.81,746262.0,20240153.0
2017-04-27,27.85,28.01,27.22,27.9,775075.0,21178682.0
2017-04-28,27.79,28.21,27.72,28.16,1004946.0,27825173.0
2017-05-02,27.93,28.16,27.64,27.97,557842.0,15419568.0
2017-05-03,28.03,28.03,27.83,27.98,521001.0,14399729.0
2017-05-04,27.98,28.22,27.72,27.91,484959.0,13398163.0
2017-05-05,27.63,28.08,27.56,27.83,664507.0,18258039.0
2017-05-08,27.91,27.91,25.19,26.82,1455317.0,39078338.0
2017-05-09,26.72,26.9,26.41,26.79,870500.0,22859620.0
2017-05-10,26.78,26.9,25.9,26.41,580284.0,15222432.0
2017-05-11,26.22,26.34,25.11,26.02,1259693.0,31878610.0
2017-05-12,26.02,26.02,25.52,25.82,585106.0,14887029.0
2017-05-15,25.74,25.74,25.32,25.38,780892.0,19706861.0
2017-05-16,25.48,25.73,25.29,25.7,1492541.0,37520924.0
2017-05-17,25.7,26.29,25.65,26.04,1360564.0,34890051.0
2017-05-18,25.75,26.03,25.69,25.71,649638.0,16575868.0
2017-05-19,25.7,25.79,25.19,25.48,921346.0,23220688.0
2017-05-22,25.48,25.52,24.48,24.52,877993.0,21682092.0
2017-05-23,24.68,24.68,23.25,23.33,1420023.0,33383736.0
2017-05-24,23.25,23.25,22.71,23.17,1408964.0,32014422.0
2017-05-25,23.24,23.44,22.67,23.36,1151070.0,26240609.0
2017-05-26,23.44,23.48,23.26,23.35,880855.0,20344820.0
2017-05-31,23.47,24.07,23.35,23.38,1051276.0,24659182.0
2017-06-01,23.24,23.27,22.29,22.34,1161407.0,26186339.0
2017-06-02,22.05,22.93,21.79,22.79,1369844.0,30105550.0
2017-06-05,22.79,23.07,22.71,22.98,1049253.0,23732468.0
2017-06-06,22.95,23.03,22.76,23.02,645841.0,14617711.0
2017-06-07,22.87,23.86,22.87,23.7,1024945.0,23818621.0
2017-06-08,23.77,24.15,23.47,23.68,911052.0,21445845.0
2017-06-09,23.58,23.68,23.35,23.54,900378.0,20891400.0
2017-06-12,23.45,23.47,23.08,23.18,998700.0,22975502.0
2017-06-13,23.18,23.96,23.02,23.84,935173.0,21883847.0
2017-06-14,23.88,24.18,23.73,24.01,1152147.0,27357915.0
2017-06-15,24.03,24.74,23.94,24.52,1289672.0,31195961.0
2017-06-16,24.63,24.63,24.23,24.36,884860.0,21310814.0
2017-06-19,24.44,24.74,24.29,24.68,966592.0,23464038.0
2017-06-20,24.89,25.52,24.74,25.02,1509823.0,37584860.0
2017-06-21,25.02,25.29,24.89,25.15,889444.0,22010808.0
2017-06-22,25.09,25.09,24.12,24.16,1030680.0,25174912.0
2017-06-23,23.94,24.51,23.8,24.47,936809.0,22457909.0
2017-06-26,24.48,24.85,24.35,24.81,599042.0,14594581.0
2017-06-27,24.84,25.08,24.58,24.68,657222.0,16114125.0
2017-06-28,24.63,24.63,24.21,24.31,545351.0,13140356.0
2017-06-29,24.21,24.88,24.21,24.79,705682.0,17236036.0
2017-06-30,24.68,24.97,24.53,24.75,648140.0,15852774.0
2017-07-03,24.68,25.24,24.68,25.14,866200.0,21339863.0
2017-07-04,25.14,25.21,24.9,24.99,751930.0,18589030.0
2017-07-05,25.04,25.39,24.9,25.3,973414.0,24273339.0
2017-07-06,25.31,25.46,24.84,25.02,975119.0,24195278.0
2017-07-07,25.12,25.37,24.89,25.3,797882.0,19855376.0
2017-07-10,25.18,25.21,24.87,24.94,840841.0,20779312.0
2017-07-11,24.94,25.04,24.18,24.25,856911.0,20802888.0
2017-07-12,24.25,24.45,23.51,23.98,928400.0,21868025.0
2017-07-13,23.82,24.23,23.74,24.03,676769.0,15972099.0
2017-07-14,24.03,24.16,23.69,23.76,592928.0,13976211.0
2017-07-17,23.72,23.72,22.27,22.29,1301501.0,29323779.0
2017-07-18,22.27,22.83,22.16,22.71,790225.0,17573797.0
2017-07-19,22.71,23.15,22.29,23.04,799385.0,18127430.0
2017-07-20,23.03,23.47,22.9,23.15,638642.0,14669346.0
2017-07-21,23.04,23.73,22.95,23.46,979576.0,22720460.0
2017-07-24,23.22,23.63,23.12,23.52,589259.0,13648394.0
2017-07-25,23.38,23.56,23.17,23.4,697302.0,16086373.0
2017-07-26,23.47,23.6,23.08,23.28,451217.0,10411363.0
2017-07-27,23.34,23.96,23.12,23.8,845125.0,19763545.0
2017-07-28,23.87,23.98,23.67,23.86,825208.0,19433860.0
2017-07-31,23.63,24.28,23.63,24.26,1218309.0,28926421.0
2017-08-01,24.18,24.23,23.96,24.07,794012.0,18898286.0
2017-08-02,23.9,24.1,23.75,23.77,783141.0,18505785.0
2017-08-03,23.68,26.05,23.68,25.11,1904481.0,46025951.0
2017-08-04,25.04,26.05,24.4,25.08,2063225.0,50562224.0
2017-08-07,24.98,25.25,24.48,25.1,1123791.0,27625539.0
2017-08-08,25.12,25.12,24.34,24.41,2100127.0,50975744.0
2017-08-09,24.41,24.88,24.15,24.51,1871932.0,45149248.0
2017-08-10,24.27,24.27,23.79,23.8,1132115.0,26849390.0
2017-08-11,23.65,23.8,22.88,22.96,946440.0,21895350.0
2017-08-14,22.98,23.44,22.98,23.37,810476.0,18607135.0
2017-08-15,23.41,23.6,23.29,23.48,470773.0,10926959.0
2017-08-16,23.55,23.86,23.49,23.75,638009.0,14937958.0
2017-08-17,24.03,24.29,23.95,24.24,1070404.0,25516516.0
2017-08-18,24.16,24.2,24.03,24.13,723055.0,17219642.0
2017-08-21,24.16,24.46,24.07,24.38,548795.0,13166423.0
2017-08-22,24.45,24.45,24.08,24.13,648361.0,15508995.0
2017-08-23,24.16,24.26,24.03,24.16,545666.0,13030953.0
2017-08-24,24.0,24.38,24.0,24.23,762008.0,18259138.0
2017-08-25,23.79,24.58,23.55,24.58,2739811.0,65629388.0
2017-08-28,24.4,25.68,24.4,25.28,2569502.0,63513428.0
2017-08-29,25.44,25.8,25.01,25.69,1594138.0,39852015.0
2017-08-30,25.41,25.97,25.11,25.66,1323428.0,33347374.0
2017-08-31,25.9,27.81,25.72,27.14,6844908.0,181495725.0
2017-09-01,26.97,27.81,26.71,27.18,5328670.0,142291294.0
2017-09-04,26.75,27.69,26.69,27.16,3101439.0,83146779.0
2017-09-05,27.3,28.33,26.91,27.04,6310056.0,170767302.0
2017-09-06,26.49,27.25,26.16,26.29,4365551.0,114293917.0
2017-09-07,25.9,26.65,25.9,26.06,2199700.0,56784138.0
2017-09-08,26.29,27.21,25.42,25.66,3823850.0,98908106.0
2017-09-11,25.85,26.26,25.71,26.01,1940721.0,49780520.0
2017-09-12,26.3,26.45,25.39,25.48,2338452.0,59567960.0
2017-09-13,25.48,25.64,25.17,25.55,1176451.0,29543463.0
2017-09-14,25.6,25.95,25.39,25.92,1429721.0,36272771.0
2017-09-15,25.91,25.92,25.55,25.55,978100.0,24805013.0
2017-09-18,25.44,25.67,25.18,25.33,1251600.0,31349128.0
2017-09-19,25.33,25.52,25.11,25.13,861700.0,21544825.0
2017-09-20,25.07,25.37,25.02,25.24,692079.0,17246336.0
2017-09-21,25.37,25.57,25.29,25.31,873979.0,21963994.0
2017-09-22,25.31,25.31,24.82,25.0,800782.0,19768923.0
2017-09-25,25.0,25.11,24.38,24.49,676440.0,16562765.0
2017-09-26,24.54,24.68,24.39,24.43,397891.0,9635576.0
2017-09-27,24.44,24.71,24.44,24.66,454721.0,11048086.0
2017-09-28,24.7,24.98,24.5,24.61,468447.0,11425181.0
2017-09-29,24.96,24.96,24.68,24.91,528147.0,12958655.0
2017-10-09,25.09,25.23,25.01,25.08,494500.0,12282945.0
2017-10-10,24.9,25.49,24.9,25.48,768979.0,19286939.0
2017-10-11,25.55,25.75,25.38,25.6,874236.0,22102964.0
2017-10-12,25.61,25.78,25.14,25.31,896820.0,22582152.0
2017-10-13,25.57,25.6,25.22,25.55,719100.0,18093898.0
2017-10-16,25.52,25.68,24.9,24.96,724300.0,18046453.0
2017-10-17,24.97,25.31,24.83,25.19,414500.0,10299521.0
2017-10-18,25.1,25.38,24.92,24.94,436600.0,10860028.0
2017-10-19,25.34,25.34,24.37,24.39,710400.0,17417265.0
2017-10-20,24.18,24.56,24.18,24.53,344012.0,8306182.0
2017-10-23,24.57,24.87,24.43,24.84,411091.0,10033662.0
2017-10-24,24.88,24.88,24.66,24.73,360246.0,8816693.0
2017-10-25,24.81,25.57,24.8,25.55,1130301.0,28261285.0
2017-10-26,25.47,25.59,25.29,25.36,746867.0,18762687.0
2017-10-27,24.9,25.23,24.86,24.95,1038330.0,25646403.0
2017-10-30,24.91,24.91,23.98,24.17,852281.0,20483582.0
2017-10-31,24.17,24.41,23.98,24.03,629691.0,15006400.0
2017-11-01,23.97,24.23,23.48,23.79,739427.0,17446555.0
2017-11-02,23.61,23.82,23.28,23.33,671821.0,15543669.0
2017-11-03,23.33,23.44,23.05,23.18,521200.0,11950813.0
2017-11-06,23.2,23.36,22.84,23.24,753412.0,17194966.0
2017-11-07,23.24,23.36,23.02,23.34,423753.0,9706894.0
2017-11-08,23.45,23.53,23.28,23.43,578884.0,13389528.0
2017-11-09,23.42,23.49,23.22,23.32,501210.0,11544470.0
2017-11-10,23.32,23.33,23.02,23.16,549354.0,12566223.0
2017-11-13,23.13,23.15,22.41,22.71,861300.0,19394898.0
2017-11-14,22.71,22.72,22.27,22.29,834163.0,18521456.0
2017-11-15,22.34,22.56,22.26,22.4,528267.0,11689842.0
2017-11-16,22.4,22.45,22.24,22.26,434194.0,9582838.0
2017-11-17,22.26,22.26,20.84,21.0,827038.0,17687352.0
2017-11-20,21.0,21.02,20.47,20.95,569659.0,11685565.0
2017-11-21,20.94,21.0,20.64,20.65,419600.0,8638592.0
2017-11-22,20.72,20.84,20.23,20.34,679300.0,13761032.0
2017-11-23,20.34,20.52,20.11,20.19,640900.0,12863935.0
2017-11-24,20.19,20.39,20.14,20.25,510501.0,10223657.0
2017-11-27,20.25,20.38,20.11,20.15,339200.0,6785863.0
2017-11-28,20.15,20.6,20.15,20.53,446914.0,9016861.0
2017-11-29,20.54,20.54,19.95,20.1,653825.0,13000168.0
2017-11-30,20.08,20.23,19.88,20.14,395900.0,7882842.0
2017-12-01,20.07,20.34,19.94,20.24,486141.0,9718029.0
2017-12-04,20.3,20.42,19.88,19.9,627700.0,12506144.0
2017-12-05,19.85,19.85,18.74,18.88,1030599.0,19510990.0
2017-12-06,18.81,19.32,18.47,19.31,683491.0,12819311.0
2017-12-07,19.28,19.41,19.07,19.14,289293.0,5505462.0
2017-12-08,19.14,19.42,19.1,19.4,318100.0,6080160.0
2017-12-11,19.39,19.48,19.31,19.45,324899.0,6239614.0
2017-12-12,19.45,19.53,19.12,19.18,296200.0,5658267.0
2017-12-13,19.1,19.42,18.66,19.39,391001.0,7464374.0
2017-12-14,19.27,19.48,19.27,19.45,332400.0,6377273.0
2017-12-15,19.35,19.5,19.17,19.32,341400.0,6516012.0
2017-12-18,19.41,19.42,18.76,19.13,379000.0,7194055.0
2017-12-19,19.22,19.36,19.07,19.35,457600.0,8722119.0
2017-12-20,19.32,19.34,19.02,19.08,399800.0,7594771.0
2017-12-21,18.95,19.18,18.76,19.05,444302.0,8342261.0
2017-12-22,19.1,19.15,18.87,18.91,276201.0,5188195.0
2017-12-25,18.71,18.94,18.31,18.4,552000.0,10107805.0
2017-12-26,18.5,18.79,18.33,18.68,490762.0,8979817.0
2017-12-27,18.53,18.77,18.53,18.66,338200.0,6240491.0
2017-12-28,18.55,18.92,18.54,18.7,347800.0,6438335.0
2017-12-29,18.78,18.92,18.73,18.9,361655.0,6720933.0
2018-01-02,18.92,19.83,18.92,19.63,1132363.0,21864449.0
2018-01-03,19.42,19.71,19.42,19.63,617992.0,11955573.0
2018-01-04,19.59,19.75,19.52,19.71,434787.0,8436071.0
2018-01-05,19.68,19.73,19.45,19.56,447600.0,8647298.0
2018-01-08,19.56,19.66,19.32,19.39,255401.0,4893419.0
2018-01-09,19.4,20.13,19.33,20.01,1013193.0,19764310.0
2018-01-10,19.94,20.01,19.53,19.62,609381.0,11887970.0
2018-01-11,19.48,19.96,19.48,19.84,434575.0,8479076.0
2018-01-12,19.85,20.11,19.76,20.03,627736.0,12378503.0
2018-01-15,20.13,20.13,19.03,19.23,692199.0,13356148.0
2018-01-16,19.09,19.56,19.09,19.53,528551.0,10090113.0
2018-01-17,19.3,19.83,19.3,19.75,675694.0,13103011.0
2018-01-18,19.75,19.89,19.63,19.77,286700.0,5597894.0
2018-01-19,19.68,20.09,19.68,19.99,548140.0,10790592.0
2018-01-22,19.98,20.0,19.64,19.76,559648.0,10955979.0
2018-01-23,19.73,19.83,19.42,19.61,841000.0,16285022.0
2018-01-24,19.52,19.73,19.34,19.7,477300.0,9263411.0
2018-01-25,19.58,19.9,19.58,19.84,499200.0,9772662.0
2018-01-26,19.9,19.9,19.42,19.46,568400.0,11031926.0
2018-01-29,21.03,21.41,20.84,21.41,2029000.0,42745308.0
2018-01-30,23.07,23.07,21.93,22.32,5754130.0,127631996.0
2018-01-31,22.29,24.55,22.16,24.55,7569000.0,180273686.0
2018-02-01,24.07,24.07,22.71,23.19,5312258.0,123093934.0
2018-02-02,22.76,24.45,22.36,23.29,4669257.0,108104802.0
2018-02-05,22.47,23.37,22.28,23.28,3067635.0,68869475.0
2018-02-06,22.5,23.06,20.95,21.05,2542891.0,56130986.0
2018-02-07,21.65,22.2,20.85,21.93,2505015.0,53719488.0
2018-02-08,21.63,22.05,21.41,21.6,2042301.0,43816043.0
2018-02-09,20.72,21.21,19.73,20.04,2378068.0,48016546.0
2018-02-12,20.23,20.84,20.2,20.75,1214448.0,24605442.0
2018-02-13,20.89,20.98,20.32,20.63,937701.0,19127175.0
2018-02-14,20.43,20.69,20.42,20.57,568868.0,11565941.0
2018-02-22,20.69,21.79,20.58,21.64,1490631.0,31144510.0
2018-02-23,21.49,22.49,21.37,22.31,1734294.0,37483344.0
2018-02-26,22.56,22.73,22.09,22.67,1472861.0,32631632.0
2018-02-27,22.48,23.27,22.38,22.98,1474166.0,33415684.0
2018-02-28,22.71,23.25,22.61,22.83,942684.0,21270998.0
2018-03-01,22.61,23.23,22.61,23.01,653820.0,14830400.0
2018-03-02,22.95,24.34,22.87,24.32,1809158.0,42537348.0
2018-03-05,24.28,24.48,23.93,24.38,1148120.0,27510043.0
2018-03-06,24.42,24.68,24.11,24.42,875470.0,21057254.0
2018-03-07,24.43,25.57,24.23,25.54,1970125.0,48966634.0
2018-03-08,25.47,25.84,25.09,25.8,1919662.0,48323502.0
2018-03-09,24.28,24.47,23.5,23.97,4434359.0,105133125.0
2018-03-12,23.88,24.06,23.52,23.68,3170957.0,74273511.0
2018-03-13,23.84,24.08,23.15,23.29,2070537.0,48504487.0
2018-03-14,23.5,23.74,23.07,23.13,1314977.0,30340776.0
2018-03-15,23.14,23.79,22.95,23.66,1554959.0,35933614.0
2018-03-16,23.62,23.62,23.0,23.16,1160902.0,26759251.0
2018-03-19,23.19,23.25,22.57,22.79,1290200.0,28999250.0
2018-03-20,22.61,23.15,22.46,22.89,776368.0,17513540.0
2018-03-21,23.01,23.27,22.58,22.6,1073400.0,24380285.0
2018-03-22,22.65,23.0,22.44,22.49,741368.0,16583758.0
2018-03-23,22.16,22.16,20.54,20.75,1454000.0,30509454.0
2018-03-26,20.64,21.25,20.25,21.23,773423.0,15944139.0
2018-03-27,21.25,21.99,21.25,21.87,1167334.0,24950881.0
2018-03-28,21.51,21.96,21.38,21.62,754662.0,16164129.0
2018-03-29,21.53,22.11,21.53,21.95,849407.0,18374081.0
2018-03-30,21.89,22.21,21.65,22.09,913602.0,19873601.0
2018-04-02,22.05,22.81,21.95,22.71,1396568.0,31066578.0
2018-04-03,23.47,23.73,22.75,23.07,3392082.0,78038544.0
2018-04-04,23.16,23.25,22.19,22.22,2039166.0,45443189.0
2018-04-09,22.12,22.69,21.83,22.61,1100135.0,24461898.0
2018-04-10,22.65,22.65,22.16,22.35,1116704.0,24653470.0
2018-04-11,22.46,22.61,22.35,22.47,1071202.0,23834614.0
2018-04-12,22.48,23.06,22.36,22.86,2030705.0,45684437.0
2018-04-13,22.88,22.88,21.77,22.2,1288813.0,28560078.0
2018-04-16,21.86,22.2,21.46,21.76,929500.0,19994991.0
2018-04-17,21.65,22.11,21.55,21.76,614750.0,13303002.0
2018-04-18,21.98,22.0,20.89,21.78,1101816.0,23343810.0
2018-04-19,21.53,21.75,21.27,21.52,1059121.0,22484563.0
2018-04-20,21.59,21.59,20.39,20.73,1208200.0,25193929.0
2018-04-23,20.7,20.91,20.1,20.65,1035091.0,21015335.0
2018-04-24,20.69,21.1,20.68,21.07,679885.0,14089142.0
2018-04-25,21.17,21.39,20.9,21.27,626647.0,13055992.0
2018-04-26,21.37,21.71,20.5,20.67,740995.0,15195186.0
2018-04-27,20.88,21.11,20.68,20.97,736500.0,15068684.0
2018-05-02,20.95,21.06,20.5,20.57,549506.0,11143304.0
2018-05-03,20.66,21.9,20.45,21.82,1654010.0,34623719.0
2018-05-04,21.61,22.26,21.6,22.08,1291174.0,27821630.0
2018-05-07,22.1,22.36,21.92,22.21,1359210.0,29540774.0
2018-05-08,22.33,22.66,22.14,22.49,1540173.0,33913851.0
2018-05-09,22.48,22.99,21.94,22.97,1635203.0,36262432.0
2018-05-10,22.73,23.23,22.73,23.15,1513790.0,34150185.0
2018-05-11,23.15,23.15,22.68,22.71,1233291.0,27711526.0
2018-05-14,22.71,23.02,22.45,22.8,971710.0,21647740.0
2018-05-15,22.93,22.99,22.61,22.98,1020919.0,22828800.0
2018-05-16,22.98,23.41,22.36,23.15,2097174.0,47460168.0
2018-05-17,23.32,24.65,23.29,24.08,3428116.0,80725148.0
2018-05-18,23.72,23.95,23.04,23.35,2184973.0,50278575.0
2018-05-21,23.5,23.85,23.25,23.63,1457395.0,33751833.0
2018-05-22,23.63,24.09,23.46,24.05,1397660.0,32654244.0
2018-05-23,24.05,24.05,23.05,23.11,1064400.0,24558025.0
2018-05-24,23.34,23.58,23.01,23.4,1066200.0,24430020.0
2018-05-25,23.25,23.75,22.96,23.43,1082200.0,24901952.0
2018-05-28,23.04,23.43,22.63,22.91,1464836.0,33043219.0
2018-05-29,22.93,23.54,22.73,22.91,1303490.0,29616715.0
2018-05-30,22.73,23.04,21.92,22.45,1617490.0,35550705.0
2018-05-31,22.7,24.67,22.39,24.45,3520569.0,82495552.0
2018-06-01,24.33,24.46,23.55,23.85,2319723.0,54690116.0
2018-06-04,23.9,24.08,22.73,22.95,2911340.0,66270056.0
2018-06-05,23.02,23.98,22.81,23.95,2732603.0,62956331.0
2018-06-06,23.85,24.83,23.59,24.5,3142924.0,74710922.0
2018-06-07,24.57,24.57,23.58,23.64,2260542.0,53186260.0
2018-06-08,23.75,23.9,22.99,23.15,1424485.0,32833924.0
2018-06-11,23.24,23.8,22.84,22.91,1146754.0,26227252.0
2018-06-12,23.02,23.24,22.23,22.86,1877766.0,41594545.0
2018-06-13,22.68,22.79,21.94,21.98,1854584.0,40554746.0
2018-06-14,21.92,22.25,21.83,22.1,741964.0,16047300.0
2018-06-15,22.15,22.15,20.85,20.98,1634060.0,34171640.0
2018-06-19,20.4,20.88,19.25,19.67,1444544.0,28410229.0
2018-06-20,19.46,20.06,19.46,19.84,1081600.0,21008551.0
2018-06-21,19.87,19.96,19.16,19.2,1063424.0,20385275.0
2018-06-22,19.06,19.35,18.58,19.32,1144301.0,21416043.0
2018-06-25,19.37,19.81,19.37,19.5,1097877.0,21037422.0
2018-06-26,19.07,19.88,19.07,19.84,817427.0,15753207.0
2018-06-27,19.98,20.17,19.63,19.83,764795.0,14968457.0
2018-06-28,19.83,19.94,19.16,19.29,747800.0,14360623.0
2018-06-29,19.45,20.21,19.37,20.07,784949.0,15225569.0
2018-07-02,20.23,20.23,19.37,19.52,970109.0,18840757.0
2018-07-03,19.56,20.18,19.56,20.1,988682.0,19252102.0
2018-07-04,20.1,20.29,19.84,19.9,871900.0,17115215.0
2018-07-05,19.96,19.97,19.06,19.29,889300.0,16965492.0
2018-07-06,19.47,19.47,18.65,19.15,1088000.0,20521229.0
2018-07-09,19.25,19.52,19.06,19.51,1088552.0,20637398.0
2018-07-10,19.57,19.85,19.43,19.75,950400.0,18262991.0
2018-07-11,19.4,19.44,18.85,19.11,937465.0,17639475.0
2018-07-12,19.16,19.83,19.16,19.79,1036965.0,19899932.0
2018-07-13,20.37,20.39,19.71,19.86,2110117.0,41403128.0
2018-07-16,19.85,19.87,19.57,19.73,1223518.0,23637813.0
2018-07-17,19.79,19.93,19.62,19.89,1234966.0,23974440.0
2018-07-18,19.95,20.25,19.77,19.93,1558192.0,30638118.0
2018-07-19,19.83,20.02,19.46,19.61,772681.0,14956406.0
2018-07-20,19.67,19.81,19.28,19.75,823033.0,15816183.0
2018-07-23,19.83,19.99,19.7,19.99,914717.0,17816052.0
2018-07-24,19.86,20.34,19.86,20.27,1290600.0,25533978.0
2018-07-25,20.22,20.72,20.13,20.29,1041300.0,20794733.0
2018-07-26,20.14,20.48,20.08,20.16,713200.0,14138290.0
2018-07-27,20.16,20.25,19.88,20.07,752604.0,14791940.0
2018-07-30,19.92,20.15,19.2,19.46,1267457.0,24358848.0
2018-07-31,19.45,19.55,19.33,19.44,611334.0,11659556.0
2018-08-01,19.47,19.55,19.01,19.03,920200.0,17388503.0
2018-08-02,19.2,19.2,17.53,17.98,1752000.0,31084120.0
2018-08-03,18.07,18.09,17.58,17.59,936101.0,16377985.0
2018-08-06,17.58,17.58,16.65,16.99,1871035.0,31170732.0
2018-08-07,16.78,17.21,16.56,17.18,1033708.0,17189500.0
2018-08-08,17.17,17.18,16.57,16.64,966008.0,16011588.0
2018-08-09,16.76,17.12,16.64,16.95,1031180.0,17170682.0
2018-08-10,16.97,17.25,16.94,17.12,722908.0,12139582.0
2018-08-13,17.07,17.49,16.77,17.46,959196.0,16145886.0
2018-08-14,17.33,17.43,17.2,17.27,710689.0,12062019.0
2018-08-15,17.22,17.4,16.95,17.02,620700.0,10421736.0
2018-08-16,16.82,17.0,16.64,16.87,608201.0,10041655.0
2018-08-17,16.92,17.06,16.22,16.26,941514.0,15366955.0
2018-08-20,16.3,16.64,16.13,16.61,765454.0,12277835.0
2018-08-21,16.57,16.91,16.45,16.76,654300.0,10742489.0
2018-08-22,16.8,17.01,16.72,16.78,539132.0,8923034.0
2018-08-23,16.83,17.2,16.66,17.03,647800.0,10799355.0
2018-08-24,16.94,17.19,16.89,16.97,469840.0,7828924.0
2018-08-27,17.08,17.59,16.96,17.55,980870.0,16670308.0
2018-08-28,17.56,17.91,17.28,17.79,1260501.0,21767166.0
2018-08-29,17.29,17.32,16.99,17.04,1483906.0,24867347.0
2018-08-30,17.02,17.09,16.42,16.49,1018037.0,16696706.0
2018-08-31,16.37,16.68,16.26,16.61,786800.0,12714986.0
2018-09-03,16.7,16.84,16.51,16.72,1175738.0,19196093.0
2018-09-04,16.72,16.8,16.44,16.72,917700.0,14994158.0
2018-09-05,16.65,16.69,16.26,16.28,780390.0,12615629.0
2018-09-06,16.3,16.43,16.19,16.32,635311.0,10175826.0
2018-09-07,16.36,16.48,15.99,16.09,1131900.0,18005237.0
2018-09-10,16.02,16.09,15.54,15.61,970676.0,14963078.0
2018-09-11,15.62,15.79,15.46,15.76,563554.0,8643418.0
2018-09-12,15.62,15.96,15.6,15.8,587300.0,9114843.0
2018-09-13,16.05,16.14,15.81,16.01,724433.0,11345514.0
2018-09-14,16.14,16.14,15.81,15.87,667500.0,10419324.0
2018-09-17,15.78,15.81,15.44,15.44,656259.0,10026992.0
2018-09-18,15.44,15.67,15.3,15.67,883289.0,13432158.0
2018-09-19,15.55,15.97,15.5,15.88,943701.0,14607176.0
2018-09-20,15.86,15.93,15.68,15.69,722400.0,11173577.0
2018-09-21,15.75,16.07,15.68,16.0,1536581.0,23976262.0
2018-09-25,16.0,16.0,15.75,15.83,774100.0,12016846.0
2018-09-26,15.75,15.98,15.73,15.8,1081444.0,16849238.0
2018-09-27,15.85,15.87,15.6,15.61,1156556.0,17842609.0
2018-09-28,15.5,15.8,15.5,15.78,927621.0,14271902.0
2018-10-08,15.65,15.66,15.18,15.21,1164000.0,17571075.0
2018-10-09,15.32,15.36,15.17,15.25,669800.0,10017411.0
2018-10-10,15.29,15.4,15.18,15.32,617200.0,9260532.0
2018-10-11,14.76,14.88,13.95,14.02,1639798.0,23001587.0
2018-10-12,13.79,14.17,13.46,14.13,1048417.0,14275101.0
2018-10-15,13.86,13.96,13.56,13.75,1303082.0,17584237.0
2018-10-16,13.52,13.75,13.17,13.27,1021905.0,13471552.0
2018-10-17,13.39,13.52,12.96,13.3,951993.0,12382031.0
2018-10-18,13.23,13.23,12.96,12.98,798757.0,10228733.0
2018-10-19,12.75,13.24,12.74,13.17,895265.0,11462596.0
2018-10-22,13.3,13.93,13.26,13.84,1646289.0,22064251.0
2018-10-23,13.84,13.91,13.44,13.55,1125448.0,15100115.0
2018-10-24,13.48,13.76,13.48,13.64,719600.0,9625231.0
2018-10-25,13.23,13.74,13.15,13.68,1128154.0,14831229.0
2018-10-26,13.68,13.96,13.56,13.57,1316680.0,17726092.0
2018-10-29,13.44,13.55,13.15,13.31,1024514.0,13415606.0
2018-10-30,13.2,13.6,13.08,13.48,1235600.0,16194706.0
2018-10-31,13.64,13.88,13.56,13.76,1511268.0,20396672.0
2018-11-01,13.96,13.96,13.65,13.67,1626003.0,22059159.0
2018-11-02,13.95,14.07,13.78,14.06,1850563.0,25278304.0
2018-11-05,14.07,14.51,14.02,14.51,2410507.0,33741060.0
2018-11-06,14.38,14.38,14.1,14.29,1446803.0,20206934.0
2018-11-07,14.31,14.55,14.21,14.32,1503510.0,21142216.0
2018-11-08,14.45,14.53,14.18,14.18,848509.0,11938189.0
2018-11-09,14.16,14.77,14.13,14.47,1427089.0,20199276.0
2018-11-12,14.53,15.09,14.43,15.02,1568606.0,22705207.0
2018-11-13,14.81,15.94,14.75,15.77,4122735.0,62792238.0
