2014-01-24,12.72,15.26,12.6,15.26,72871600.0,1008157760.0
2014-01-27,14.5,14.77,13.73,13.76,47561240.0,671783232.0
2014-01-28,13.55,13.68,13.06,13.21,23744652.0,315271488.0
2014-01-29,13.08,13.19,12.53,12.66,21073286.0,269806720.0
2014-01-30,12.58,12.58,11.81,11.99,15127868.0,183448928.0
2014-02-07,11.71,12.23,11.64,12.16,10408502.0,124677568.0
2014-02-10,12.1,12.57,11.99,12.45,15886312.0,195776160.0
2014-02-11,12.36,12.73,12.08,12.47,17558980.0,218018816.0
2014-02-12,12.51,13.65,12.38,13.55,31775272.0,420029664.0
2014-02-13,13.4,13.84,12.96,12.99,19072364.0,253952320.0
2014-02-14,12.85,13.75,12.85,13.63,21521476.0,290332800.0
2014-02-17,13.69,14.18,13.35,13.98,25004160.0,345083008.0
2014-02-18,14.0,15.38,13.75,15.38,29594140.0,440783552.0
2014-02-19,15.7,16.53,14.81,15.64,50165464.0,794239232.0
2014-02-20,15.2,15.95,14.81,15.1,25310216.0,389200576.0
2014-02-21,14.76,15.01,14.05,14.29,19201988.0,277366944.0
2014-02-24,14.27,14.97,14.0,14.77,13825425.0,201342368.0
2014-02-25,14.8,14.85,13.29,13.48,19100408.0,268453280.0
2014-02-26,13.29,13.3,12.52,13.12,10717003.0,138678064.0
2014-02-27,13.0,13.55,12.82,12.89,9915012.0,130427712.0
2014-02-28,12.8,13.74,12.64,13.64,12908887.0,171658720.0
2014-03-03,13.61,14.88,13.5,14.73,18726520.0,268178976.0
2014-03-04,14.5,15.98,14.33,14.89,26576682.0,401331104.0
2014-03-05,14.65,14.83,14.05,14.19,12847097.0,184533392.0
2014-03-06,14.16,15.52,14.07,15.18,20465798.0,303694080.0
2014-03-07,15.04,15.1,14.2,14.6,15141390.0,221838160.0
2014-03-10,14.27,14.59,13.68,13.81,10126984.0,142847856.0
2014-03-11,13.81,14.47,13.74,14.14,9685842.0,137287728.0
2014-03-12,14.03,14.28,13.2,13.65,10228064.0,139656544.0
2014-03-13,13.55,13.69,13.3,13.58,6072517.0,81967040.0
2014-03-14,13.43,13.8,13.35,13.47,4316119.0,58439116.0
2014-03-17,13.38,13.69,13.31,13.64,4454961.0,60360584.0
2014-03-18,13.66,13.95,13.6,13.63,5727521.0,78849120.0
2014-03-19,13.6,13.6,13.08,13.2,6613787.0,87475400.0
2014-03-20,13.22,13.26,12.75,12.76,5672705.0,73687408.0
2014-03-21,12.7,13.2,12.6,13.14,5181988.0,67018520.0
2014-03-24,13.06,13.17,12.88,12.96,4946609.0,64222752.0
2014-03-25,12.83,12.97,12.68,12.8,3882250.0,49686244.0
2014-03-26,12.85,12.89,12.73,12.84,2955675.0,37862464.0
2014-03-27,12.8,12.87,12.29,12.34,5012312.0,62855600.0
2014-03-28,12.28,12.67,12.16,12.37,4575508.0,56899872.0
2014-03-31,12.35,12.43,11.89,12.01,3637487.0,43960584.0
2014-04-01,11.98,12.25,11.93,12.21,2561956.0,31173520.0
2014-04-02,12.22,12.55,12.2,12.52,4281750.0,52925360.0
2014-04-03,12.56,12.79,12.35,12.5,4445824.0,55910204.0
2014-04-04,12.4,12.65,12.35,12.51,2678740.0,33419100.0
2014-04-08,12.44,12.8,12.36,12.65,3905819.0,49233028.0
2014-04-09,12.66,12.76,12.53,12.68,3952070.0,49975144.0
2014-04-10,12.66,12.74,12.48,12.55,4409625.0,55604980.0
2014-04-11,12.5,12.5,12.17,12.19,3984792.0,48848784.0
2014-04-14,12.07,12.3,11.99,12.23,2665994.0,32383112.0
2014-04-15,12.21,12.23,12.04,12.16,2609826.0,31658388.0
2014-04-16,12.2,12.23,12.1,12.2,1750743.0,21313876.0
2014-04-17,12.25,12.43,12.21,12.3,3427246.0,42312740.0
2014-04-18,12.3,12.39,12.25,12.29,1857450.0,22846816.0
2014-04-21,12.24,12.46,12.1,12.17,3751345.0,46161968.0
2014-04-22,12.1,12.19,11.7,11.95,4629667.0,54984872.0
2014-04-23,11.87,11.98,11.77,11.79,2215702.0,26278012.0
2014-04-24,11.75,11.84,11.64,11.68,2156727.0,25296504.0
2014-04-25,11.64,11.75,11.34,11.38,2472194.0,28609372.0
2014-04-28,11.35,11.36,10.51,10.6,4008123.0,43018848.0
2014-04-29,10.62,10.89,10.61,10.86,2468937.0,26644068.0
2014-04-30,10.86,10.93,10.76,10.82,1392352.0,15080518.0
2014-05-05,10.83,11.1,10.81,11.1,2242110.0,24583736.0
2014-05-06,11.08,11.48,11.0,11.35,3396746.0,38492752.0
2014-05-07,11.21,11.66,11.13,11.39,3948366.0,44961364.0
2014-05-08,11.35,11.4,11.08,11.1,2660219.0,29922708.0
2014-05-09,11.06,11.16,10.75,10.82,2213434.0,24163396.0
2014-05-12,11.03,11.31,10.91,11.25,2503625.0,27838572.0
2014-05-13,11.25,11.4,11.13,11.19,2063471.0,23207996.0
2014-05-14,11.2,11.27,11.1,11.17,1254968.0,13997318.0
2014-05-15,11.22,11.22,10.9,10.9,1856639.0,20546602.0
2014-05-16,10.9,10.94,10.66,10.78,1717485.0,18545280.0
2014-05-19,10.85,10.85,10.72,10.83,1200836.0,12961211.0
2014-05-20,10.9,11.68,10.9,11.15,4983757.0,56507160.0
2014-05-21,11.01,11.27,10.9,11.24,2265650.0,25139024.0
2014-05-22,11.19,11.36,11.14,11.14,1898321.0,21332380.0
2014-05-23,11.11,11.29,11.11,11.27,1472880.0,16512916.0
2014-05-26,11.34,11.38,11.22,11.3,1791794.0,20216944.0
2014-05-27,11.32,11.32,11.19,11.2,1462177.0,16438175.0
2014-05-28,11.2,11.29,11.09,11.25,2051006.0,22969656.0
2014-05-29,11.25,11.28,11.1,11.11,1674992.0,18702308.0
2014-05-30,11.13,11.18,10.91,10.98,1886670.0,20786172.0
2014-06-03,11.02,11.11,10.98,10.99,1113297.0,12297184.0
2014-06-04,11.0,11.0,10.84,10.98,1165076.0,12697208.0
2014-06-05,10.91,11.1,10.91,11.08,1449965.0,15973130.0
2014-06-06,11.12,11.37,11.12,11.22,2983921.0,33473828.0
2014-06-09,11.2,11.22,11.02,11.03,1648605.0,18352140.0
2014-06-10,11.03,11.28,11.03,11.27,2667064.0,29815224.0
2014-06-11,11.25,11.32,11.15,11.25,1755778.0,19699928.0
2014-06-12,11.24,11.32,11.2,11.23,1939447.0,21815008.0
2014-06-13,11.22,11.35,11.15,11.32,3214806.0,36247028.0
2014-06-16,11.32,12.22,11.27,11.91,10208158.0,119865784.0
2014-06-17,11.8,11.86,11.6,11.62,4825426.0,56487316.0
2014-06-18,11.58,12.03,11.55,11.77,5396325.0,63802308.0
2014-06-19,11.78,12.39,11.7,12.24,12978322.0,157858496.0
2014-06-20,12.0,12.58,11.98,12.54,11883653.0,146978672.0
2014-06-23,12.63,12.64,12.22,12.44,10357574.0,123786240.0
2014-06-24,12.4,12.43,12.02,12.2,7322734.0,86064040.0
2014-06-25,12.19,12.63,12.19,12.52,8338787.0,100163440.0
2014-06-26,12.57,13.32,12.46,13.04,15262010.0,191298352.0
2014-06-27,13.1,14.05,12.86,13.7,19253800.0,248950256.0
2014-06-30,13.7,13.7,13.13,13.21,12497709.0,160187376.0
2014-07-01,13.19,13.44,12.97,13.31,7989743.0,101505088.0
2014-07-02,13.23,13.26,12.93,13.06,6007896.0,75590000.0
2014-07-03,13.02,13.07,12.88,12.94,5061990.0,63236784.0
2014-07-04,12.98,13.22,12.93,13.05,4839857.0,61082656.0
2014-07-07,13.03,13.1,12.55,12.67,5823980.0,71320952.0
2014-07-08,12.69,12.71,12.33,12.65,4953872.0,59826336.0
2014-07-09,12.61,12.69,12.29,12.3,4785945.0,57514360.0
2014-07-10,12.26,12.48,12.24,12.3,3187906.0,37959032.0
2014-07-11,12.25,12.44,12.25,12.38,2470799.0,29436366.0
2014-07-14,12.4,12.73,12.4,12.71,4353635.0,52943928.0
2014-07-15,12.68,12.8,12.45,12.51,3631067.0,44022540.0
2014-07-16,12.45,12.55,12.1,12.13,4166108.0,49315492.0
2014-07-17,12.2,12.24,12.1,12.23,1869150.0,21909956.0
2014-07-18,12.24,12.28,12.17,12.19,1732906.0,20401296.0
2014-07-21,12.16,12.17,11.89,11.92,2441740.0,28208780.0
2014-07-22,11.92,12.11,11.92,12.04,1870638.0,21716216.0
2014-07-23,12.08,12.22,11.95,11.98,2183830.0,25383880.0
2014-07-24,11.97,12.06,11.81,11.88,2839409.0,32550980.0
2014-07-25,11.87,12.07,11.86,12.05,2157996.0,24885980.0
2014-07-28,12.08,12.3,12.08,12.3,3901741.0,46016640.0
2014-07-29,12.33,12.38,12.22,12.29,3575679.0,42391056.0
2014-07-30,12.29,12.43,12.18,12.43,3642692.0,43233904.0
2014-07-31,12.39,12.49,12.36,12.47,3011399.0,36102356.0
2014-08-01,12.42,12.45,12.14,12.17,3699610.0,43899708.0
2014-08-04,12.15,12.4,12.15,12.38,2696602.0,31982112.0
2014-08-05,12.42,12.62,12.3,12.62,4835944.0,58072032.0
2014-08-06,12.6,12.6,12.45,12.52,3377507.0,40671616.0
2014-08-07,12.46,12.56,12.29,12.29,2974992.0,35618424.0
2014-08-08,12.3,12.51,12.3,12.41,2945856.0,35309888.0
2014-08-11,12.41,12.65,12.41,12.6,5105920.0,61980984.0
2014-08-12,12.62,12.64,12.47,12.55,3085210.0,37241440.0
2014-08-13,12.6,12.64,12.41,12.54,3187997.0,38439224.0
2014-08-14,12.5,12.59,12.45,12.46,3267345.0,39450292.0
2014-08-15,12.46,12.49,12.39,12.46,3445685.0,41364040.0
2014-08-18,12.49,12.8,12.48,12.79,7027878.0,85819904.0
2014-08-19,13.0,13.0,12.61,12.71,6185177.0,75984656.0
2014-08-20,12.72,12.91,12.64,12.85,5943054.0,73340608.0
2014-08-21,12.76,12.89,12.54,12.7,4128245.0,50509000.0
2014-08-22,12.68,12.95,12.63,12.89,4620265.0,56878552.0
2014-08-25,12.86,13.21,12.68,13.06,7629158.0,95577960.0
2014-08-26,13.0,13.04,12.52,12.57,5317955.0,65439484.0
2014-08-27,12.57,12.63,12.48,12.55,3306479.0,40004240.0
2014-08-28,12.54,12.61,12.29,12.3,3490800.0,41770972.0
2014-08-29,12.29,12.48,12.25,12.44,2159597.0,25734390.0
2014-09-01,12.4,12.59,12.4,12.57,2656972.0,32030792.0
2014-09-02,12.6,12.85,12.6,12.77,4200533.0,51452220.0
2014-09-03,12.77,12.86,12.66,12.78,4367182.0,53701984.0
2014-09-04,13.49,13.88,13.09,13.33,17851682.0,229423424.0
2014-09-05,13.38,13.58,13.08,13.26,10205226.0,130628688.0
2014-09-09,13.26,13.43,13.1,13.37,7936147.0,101571464.0
2014-09-10,13.26,13.32,13.16,13.27,5343326.0,68145728.0
2014-09-11,13.28,13.37,13.07,13.1,7083869.0,90340944.0
2014-09-12,13.05,13.25,13.03,13.23,4358070.0,55263768.0
2014-09-15,13.23,13.33,13.11,13.32,6689074.0,85228704.0
2014-09-16,13.28,13.31,12.76,12.86,7291587.0,91851072.0
2014-09-17,12.8,12.91,12.71,12.88,3656394.0,45137592.0
2014-09-18,12.94,12.94,12.78,12.87,2630623.0,32567704.0
2014-09-19,12.87,12.96,12.86,12.93,3048630.0,37952784.0
2014-09-22,12.9,12.94,12.65,12.67,3377445.0,41502644.0
2014-09-23,12.7,12.9,12.67,12.88,3058209.0,37755788.0
2014-09-24,12.88,13.08,12.79,13.07,4687555.0,58530200.0
2014-09-25,13.08,13.19,12.92,12.97,4374972.0,55073720.0
2014-09-26,12.94,13.11,12.9,13.1,3124043.0,39210296.0
2014-09-29,13.17,13.33,13.12,13.33,6074627.0,77504776.0
2014-09-30,13.29,13.34,13.21,13.3,4206387.0,53814884.0
2014-10-08,13.3,13.36,13.23,13.36,5053004.0,64770976.0
2014-10-09,13.36,13.4,13.11,13.26,5130484.0,65573292.0
2014-10-10,13.19,13.27,13.05,13.11,4095616.0,51917152.0
2014-10-13,13.05,13.25,13.02,13.24,3369745.0,42665872.0
2014-10-14,13.22,13.32,13.07,13.11,3506928.0,44630140.0
2014-10-15,13.08,13.17,12.97,13.13,2780968.0,35058716.0
2014-10-16,13.1,13.31,13.02,13.2,4915055.0,62590960.0
2014-10-17,13.08,13.44,12.7,13.37,11455966.0,145554592.0
2014-10-20,13.44,13.76,13.37,13.65,13493192.0,176665120.0
2014-10-21,13.82,14.46,13.8,13.91,18700130.0,253072272.0
2014-10-22,13.92,14.41,13.64,14.34,20335808.0,276607072.0
2014-10-23,14.07,14.27,13.6,13.61,12932666.0,173806416.0
2014-10-24,13.49,13.88,13.36,13.38,8087360.0,106461344.0
2014-10-27,13.27,13.92,13.03,13.89,9111583.0,118474256.0
2014-10-28,13.89,14.37,13.78,14.16,13114627.0,178905984.0
2014-10-29,14.11,14.36,13.85,14.31,16188081.0,220773184.0
2014-10-30,14.22,14.95,14.13,14.66,18080218.0,255758176.0
2014-10-31,14.54,14.61,14.2,14.38,8881491.0,122925208.0
2014-11-03,14.47,14.7,14.24,14.41,7675849.0,106815552.0
2014-11-04,14.37,14.37,14.07,14.16,5880335.0,80378536.0
2014-11-05,14.13,14.82,13.91,14.67,9760944.0,135568224.0
2014-11-06,14.53,14.98,14.53,14.87,9542202.0,135861248.0
2014-11-07,14.87,15.13,14.34,14.41,9448766.0,134502352.0
2014-11-10,14.42,14.69,14.12,14.67,9310886.0,128958000.0
2014-11-11,14.67,14.69,13.79,13.92,8700196.0,119112128.0
2014-11-12,13.8,14.4,13.78,14.36,5871122.0,80288608.0
2014-11-13,14.23,15.39,14.11,14.84,13308363.0,190699040.0
2014-11-14,14.65,14.82,14.06,14.4,6917808.0,96262888.0
2014-11-17,14.4,14.65,14.11,14.37,4308378.0,59942404.0
2014-11-18,14.28,14.53,14.17,14.49,4732290.0,65338568.0
2014-11-19,14.41,14.51,14.28,14.42,3898672.0,54085864.0
2014-11-20,14.33,14.62,14.28,14.59,4917648.0,68390784.0
2014-11-21,14.57,14.76,14.47,14.69,5929926.0,83863480.0
2014-11-24,14.79,14.79,14.56,14.74,6806174.0,96264200.0
2014-11-25,14.67,14.76,14.52,14.7,6294509.0,88794528.0
2014-11-26,14.68,15.01,14.66,14.81,6031946.0,86287816.0
2014-11-27,14.81,14.98,14.58,14.68,6031472.0,85898136.0
2014-11-28,14.69,14.71,14.35,14.45,6065263.0,84519984.0
2014-12-01,14.45,14.45,14.08,14.12,5637262.0,77175736.0
2014-12-02,14.12,14.4,14.12,14.35,4286603.0,59198728.0
2014-12-03,14.35,14.37,14.07,14.36,5868326.0,80315720.0
2014-12-04,14.32,14.51,14.26,14.44,5827672.0,80976848.0
2014-12-05,14.37,14.37,13.66,13.92,7670259.0,103727096.0
2014-12-08,13.9,14.19,13.7,14.08,4790210.0,64903816.0
2014-12-09,13.9,14.87,13.86,14.38,13744547.0,191158944.0
2014-12-10,14.38,15.32,14.38,15.27,13906919.0,201021840.0
2014-12-11,15.36,16.8,15.04,16.39,19153212.0,295575232.0
2014-12-12,16.08,17.31,16.03,16.53,13964769.0,224052064.0
2014-12-15,16.51,17.22,16.45,16.81,9166284.0,148822000.0
2014-12-16,16.79,17.9,16.79,17.43,11086424.0,186525808.0
2014-12-17,17.45,19.17,17.18,19.17,13831606.0,247283488.0
2014-12-18,19.09,19.66,18.47,18.66,9008032.0,163703152.0
2014-12-19,18.41,18.87,17.57,18.38,7930276.0,139356832.0
2014-12-22,18.33,18.34,16.87,17.49,9540333.0,160353664.0
2014-12-23,17.36,17.74,16.63,17.02,7730661.0,127072216.0
2014-12-24,17.02,17.99,16.97,17.89,5805796.0,97578256.0
2014-12-25,17.86,18.8,17.84,18.53,6515261.0,116219272.0
2014-12-26,18.38,18.8,17.97,18.31,4250345.0,75124608.0
2014-12-29,18.66,18.66,18.16,18.39,3409059.0,60315184.0
2014-12-30,18.38,18.47,16.81,16.94,6069592.0,102437584.0
2014-12-31,16.93,17.76,16.63,17.39,3784737.0,62591016.0
2015-01-05,17.35,17.78,17.13,17.33,4621315.0,77765680.0
2015-01-06,17.33,17.63,17.18,17.23,3632392.0,60615912.0
2015-01-07,17.22,18.41,17.22,18.32,5166491.0,88886688.0
2015-01-08,17.95,19.29,17.93,18.6,5840416.0,105207496.0
2015-01-09,18.68,19.82,18.57,19.06,5896735.0,109567904.0
2015-01-20,20.97,20.97,20.75,20.97,15439622.0,311996320.0
2015-01-21,22.63,23.06,22.11,23.06,21495704.0,473671296.0
2015-01-22,24.49,25.32,22.48,22.92,32142952.0,728615488.0
2015-01-23,22.83,24.8,21.94,23.25,26143760.0,584775232.0
2015-01-26,24.18,25.57,23.34,25.57,13072338.0,311047424.0
2015-01-27,27.15,28.14,26.56,28.14,30918730.0,824800768.0
2015-01-28,27.7,28.5,26.46,26.71,22750544.0,602517888.0
2015-01-29,26.37,27.19,25.63,25.77,13462358.0,340938816.0
2015-01-30,25.73,26.59,24.85,24.97,12724325.0,314960768.0
2015-02-02,24.68,26.25,24.67,24.98,12919901.0,317306688.0
2015-02-03,25.21,26.45,24.85,25.79,11758564.0,291243936.0
2015-02-04,25.42,26.53,25.21,26.41,13728233.0,344877152.0
2015-02-05,25.84,26.07,25.02,25.32,9531057.0,235457824.0
2015-02-06,24.94,26.25,24.18,25.73,9500237.0,234226992.0
2015-02-09,25.22,25.77,23.16,23.16,14403549.0,332663456.0
2015-02-10,23.36,24.14,22.73,24.04,7233449.0,164930256.0
2015-02-11,23.83,24.9,23.34,24.71,7393874.0,172113600.0
2015-02-12,24.38,25.63,24.38,25.1,5791230.0,140121776.0
2015-02-13,25.09,25.36,24.77,25.33,4007033.0,96914216.0
2015-02-16,25.37,25.84,24.69,25.66,5175810.0,126667312.0
2015-02-17,25.34,26.56,25.34,26.16,5400674.0,135716736.0
2015-02-25,26.46,26.55,25.32,25.59,3130226.0,77696336.0
2015-02-26,25.48,25.51,24.5,25.39,4223232.0,101796864.0
2015-02-27,25.3,25.64,24.63,25.46,4930005.0,119195872.0
2015-03-02,25.94,27.39,25.92,26.92,10952634.0,283602208.0
2015-03-03,26.48,27.84,26.32,27.28,7937401.0,208775632.0
2015-03-04,26.7,30.01,26.7,30.01,6935159.0,189791584.0
2015-03-05,30.72,32.68,29.16,30.4,9858857.0,292387968.0
2015-03-06,29.93,31.41,28.73,28.88,7688166.0,222361968.0
2015-03-09,28.03,30.09,28.01,29.63,5109342.0,144680944.0
2015-03-10,29.6,30.8,29.36,30.4,5311025.0,154706640.0
2015-03-11,30.45,31.35,29.76,30.52,5611899.0,166046848.0
2015-03-12,30.41,31.05,29.1,30.04,4808466.0,139207712.0
2015-03-13,30.09,32.15,30.08,31.78,4564155.0,137082272.0
2015-03-16,32.16,34.95,31.96,34.95,9352754.0,306422592.0
2015-03-17,35.48,36.31,33.2,35.02,7534404.0,256005824.0
2015-03-18,34.34,35.12,32.68,34.06,15128529.0,488195296.0
2015-03-19,33.72,33.72,30.82,33.01,9941265.0,314775552.0
2015-03-20,32.53,34.19,32.04,34.07,11505187.0,371741600.0
2015-03-23,35.74,35.8,34.03,34.25,9678216.0,323559968.0
2015-03-24,34.24,34.93,33.19,34.89,7830250.0,258345664.0
2015-03-25,34.86,37.35,34.17,36.69,7820483.0,267505456.0
2015-03-26,36.21,36.62,34.42,34.99,5077938.0,173864608.0
2015-03-27,34.8,35.8,34.58,35.57,2869098.0,97664912.0
2015-03-30,35.17,36.9,34.78,35.98,5820970.0,201436768.0
2015-03-31,35.29,36.11,34.72,35.45,4521260.0,154548528.0
2015-04-01,35.48,37.53,35.46,36.85,6012294.0,210890384.0
2015-04-02,36.94,39.43,36.31,37.54,6037761.0,220514768.0
2015-04-03,37.97,38.39,37.05,37.9,3391881.0,123516928.0
2015-04-07,37.9,38.39,36.99,37.94,4345967.0,158412336.0
2015-04-08,37.97,39.42,37.04,38.38,5381498.0,197892576.0
2015-04-09,38.38,38.91,34.54,38.63,5990231.0,212414800.0
2015-04-10,38.7,39.84,37.48,39.03,4399153.0,165946144.0
2015-04-13,39.2,42.9,39.2,42.84,5819748.0,233231872.0
2015-04-14,42.84,47.08,42.84,44.33,5644867.0,245649920.0
2015-04-15,44.2,44.33,41.5,44.15,4176744.0,172562368.0
2015-04-16,43.89,48.57,41.76,48.57,5166110.0,230498400.0
2015-04-17,48.76,50.75,47.26,47.95,5744336.0,268730464.0
2015-04-20,46.75,49.08,45.13,47.55,4753233.0,214197920.0
2015-04-21,49.03,49.65,44.23,47.95,8753366.0,390592512.0
2015-04-22,46.91,47.93,45.19,45.67,11127227.0,494970144.0
2015-04-23,45.19,46.11,43.47,46.02,8218604.0,352537696.0
2015-04-24,45.14,46.72,43.78,45.98,9273432.0,407411200.0
2015-04-27,46.1,46.43,44.61,45.94,5177336.0,227848384.0
2015-04-28,45.65,46.11,43.37,43.68,3774388.0,160833184.0
2015-04-29,43.77,45.68,43.17,45.39,3441177.0,148588272.0
2015-04-30,45.13,49.47,45.08,48.29,6378092.0,289970656.0
2015-05-04,47.99,49.29,46.83,49.0,3988655.0,185504784.0
2015-05-05,48.56,49.62,47.36,48.18,3483682.0,162831856.0
2015-05-06,48.04,49.44,46.87,48.13,3106050.0,145218832.0
2015-05-07,47.99,48.04,45.84,47.88,2933805.0,133741336.0
2015-05-08,47.73,48.52,46.69,48.08,4302978.0,198734752.0
2015-05-11,48.1,50.68,48.1,50.28,5742445.0,274437280.0
2015-05-12,50.3,54.13,49.81,52.83,6461810.0,324576768.0
2015-05-13,52.66,54.83,50.84,51.6,6010809.0,303302688.0
2015-05-14,51.59,51.73,49.6,51.02,4070929.0,198283632.0
2015-05-15,49.85,53.1,49.28,52.58,5358821.0,267039888.0
2015-05-18,54.99,56.55,52.46,55.91,7464199.0,393312608.0
2015-05-22,61.51,61.51,59.15,61.51,2545231.0,150608960.0
2015-05-25,67.44,67.54,59.97,60.86,8975044.0,535596192.0
2015-05-26,61.09,65.88,60.18,65.43,7353327.0,441780128.0
2015-05-27,64.32,71.97,63.29,68.86,7742159.0,511479200.0
2015-05-28,67.96,70.2,63.37,63.49,4744513.0,304422720.0
2015-05-29,61.22,64.88,59.46,62.22,6314644.0,380587136.0
2015-06-01,61.22,66.67,61.22,65.36,3716115.0,230843504.0
2015-06-02,64.95,66.17,63.6,64.74,3607194.0,225442544.0
2015-06-03,64.36,69.52,60.85,62.78,6627895.0,403641888.0
2015-06-04,62.74,62.85,56.5,58.6,7200077.0,416609024.0
2015-06-05,59.71,63.27,58.93,61.83,7169058.0,423202624.0
2015-06-08,61.73,65.36,59.11,61.82,9664078.0,578176128.0
2015-06-09,61.78,66.51,60.18,62.79,12368684.0,751728896.0
2015-06-10,61.87,65.24,61.22,62.22,9980357.0,605252160.0
2015-06-11,62.05,62.56,59.14,61.09,6472869.0,378203296.0
2015-06-12,60.88,65.38,58.63,62.73,13003581.0,775920128.0
2015-06-15,62.84,63.8,61.11,61.13,3964132.0,235655184.0
2015-06-16,60.05,60.22,55.06,56.57,5096493.0,282904992.0
2015-06-17,56.57,58.92,51.76,56.99,11365783.0,603879104.0
2015-06-18,56.3,58.25,54.14,54.95,4526094.0,242971808.0
2015-06-19,53.6,56.28,51.13,52.45,4918581.0,251444784.0
2015-06-23,53.1,57.36,51.62,55.5,10489881.0,551502784.0
2015-06-24,55.53,58.4,55.48,56.62,10795305.0,588163200.0
2015-06-25,56.78,56.89,51.62,53.34,5090512.0,264516352.0
2015-06-26,51.29,51.62,48.01,48.01,3601906.0,169956496.0
2015-06-29,49.01,49.85,43.22,43.22,7524306.0,318395296.0
2015-06-30,38.9,46.81,38.9,43.57,14027068.0,567608320.0
2015-07-01,43.57,46.92,40.15,41.31,15311213.0,658607680.0
2015-07-02,40.17,42.65,37.18,37.18,9777137.0,359047776.0
2015-07-03,37.0,38.79,33.47,33.52,14626451.0,494837984.0
2015-07-13,36.87,36.87,36.87,36.87,1829438.0,64670632.0
2015-07-14,40.56,40.56,38.59,39.85,19249316.0,737508160.0
2015-07-15,37.23,38.59,35.86,35.86,6402930.0,224956640.0
2015-07-16,35.86,37.54,32.28,36.52,14942255.0,501471200.0
2015-07-17,36.81,40.05,35.47,40.05,19967850.0,731394240.0
2015-07-20,40.57,43.28,39.11,42.44,19317820.0,764861376.0
2015-07-21,41.07,45.34,40.89,43.14,15600120.0,646853504.0
2015-07-22,42.55,43.99,40.72,42.6,12792507.0,517236640.0
2015-07-23,42.53,45.88,41.52,45.67,16259197.0,687043008.0
2015-07-24,45.88,47.45,43.59,44.06,13324784.0,582564992.0
2015-07-27,42.42,44.0,39.66,39.66,8624787.0,344065952.0
2015-07-28,35.98,40.15,35.7,36.02,12642058.0,446237248.0
2015-07-29,36.71,39.56,33.37,39.33,19624356.0,692745536.0
2015-07-30,39.0,42.63,38.18,39.58,17519332.0,683421248.0
2015-07-31,38.78,41.19,38.78,40.65,14295349.0,548191424.0
2015-08-03,41.71,41.71,37.92,40.02,13690865.0,520365120.0
2015-08-04,39.75,41.28,38.13,40.8,10102325.0,386518400.0
2015-08-05,40.15,40.99,37.92,38.22,6775962.0,255569136.0
2015-08-06,36.5,37.52,35.44,35.8,6060095.0,211161168.0
2015-08-07,35.86,36.88,35.86,36.63,4977401.0,173713184.0
2015-08-10,37.52,40.3,36.86,39.83,8026945.0,295711424.0
2015-08-11,39.73,41.51,39.11,40.52,9093198.0,354102176.0
2015-08-12,39.73,41.19,38.6,38.9,6435684.0,247454656.0
2015-08-13,38.6,40.67,37.31,39.83,6245999.0,230954304.0
2015-08-14,40.5,40.5,39.24,39.33,5246537.0,200096208.0
2015-08-17,39.27,43.12,38.8,42.78,9388176.0,366072928.0
2015-08-18,42.97,43.45,38.5,38.5,10152071.0,399600256.0
2015-08-19,35.73,39.26,34.94,38.79,6551806.0,232920880.0
2015-08-20,38.56,39.92,37.31,38.4,6455316.0,240139616.0
2015-08-21,37.63,38.43,35.25,37.74,5178559.0,183370112.0
2015-08-24,35.5,36.5,33.97,33.97,4097766.0,134415120.0
2015-08-25,30.57,31.96,30.57,30.57,4372454.0,129164416.0
2015-08-26,30.72,31.08,27.51,27.51,6613047.0,181298720.0
2015-08-27,27.11,29.67,24.76,27.49,5834891.0,148337616.0
2015-08-28,27.61,29.82,26.72,29.74,7295903.0,198555520.0
2015-08-31,29.19,29.19,27.11,27.51,4591815.0,124946864.0
2015-09-01,27.0,27.0,24.76,24.76,3334710.0,80505776.0
2015-09-02,22.3,24.58,22.29,23.62,6239920.0,137633760.0
2015-09-07,23.98,24.95,23.15,23.18,3664713.0,84806936.0
2015-09-08,23.29,23.98,21.69,23.87,4057050.0,89018080.0
2015-09-09,24.36,26.04,23.76,25.95,6579233.0,156508000.0
2015-09-10,25.03,26.59,24.82,25.65,5493518.0,136099040.0
2015-09-11,25.33,25.61,24.59,25.39,3296008.0,79562696.0
2015-09-14,25.65,25.89,22.86,23.1,4481671.0,101623864.0
2015-09-15,22.0,22.4,20.79,20.79,3778769.0,76826120.0
2015-09-16,20.84,22.87,20.46,22.87,4004390.0,83144904.0
2015-09-17,22.42,23.5,21.85,22.47,4373538.0,95156816.0
2015-09-18,22.31,22.87,21.93,22.63,2516146.0,54223904.0
2015-09-21,22.06,23.64,21.92,23.57,2968205.0,65704280.0
2015-09-22,24.14,25.93,24.14,25.93,4509384.0,109880392.0
2015-09-23,26.23,26.75,25.5,26.2,10672099.0,266894000.0
2015-09-24,27.23,27.56,26.05,26.6,5716031.0,146309488.0
2015-09-25,26.07,26.49,24.01,24.09,4321797.0,103688792.0
2015-09-28,24.42,26.5,24.35,26.5,5551522.0,138676864.0
2015-09-29,26.64,27.39,25.81,26.5,7744690.0,198147152.0
2015-09-30,26.13,26.41,24.92,25.78,3882768.0,95646600.0
2015-10-08,26.38,27.92,26.07,27.34,4787849.0,124562360.0
2015-10-09,27.5,28.67,26.91,28.53,4635932.0,124731760.0
2015-10-12,28.03,30.66,27.93,29.57,4042346.0,115173576.0
2015-10-13,29.41,30.5,29.2,29.73,3230486.0,92527960.0
2015-10-14,29.3,31.47,29.21,31.23,5648435.0,165807072.0
2015-10-15,30.76,31.97,30.24,31.62,6659121.0,199029296.0
2015-10-16,31.74,33.37,31.31,31.61,6098669.0,188646240.0
2015-10-19,32.33,34.77,32.33,34.77,9616346.0,318074560.0
2015-10-20,33.99,34.83,32.96,34.35,6644336.0,215818448.0
2015-10-21,34.31,34.92,30.92,30.92,5628899.0,176370288.0
2015-10-22,29.78,32.02,29.78,31.68,5576744.0,165930784.0
2015-10-23,31.4,33.89,31.4,33.27,4563030.0,142574576.0
2015-10-26,33.29,34.73,32.38,34.18,5303919.0,169847984.0
2015-10-27,33.58,34.06,32.02,33.45,3939986.0,125588928.0
2015-10-28,33.48,33.88,31.45,31.77,2818359.0,88604952.0
2015-10-29,31.82,33.32,30.88,32.31,3759312.0,116776104.0
2015-10-30,32.24,33.15,31.08,32.24,3427541.0,106432960.0
2015-11-02,31.29,33.14,30.53,31.83,2631633.0,81567952.0
2015-11-03,31.95,32.32,31.29,32.02,1542385.0,47159528.0
2015-11-04,32.02,34.36,32.01,34.32,4392091.0,141758352.0
2015-11-05,34.32,36.92,33.72,34.28,7763611.0,259543232.0
2015-11-06,34.28,36.29,33.85,36.28,5655025.0,193158064.0
2015-11-09,35.87,37.43,35.87,36.99,3847177.0,135569232.0
2015-11-10,36.92,40.69,36.29,40.69,6206906.0,233410656.0
2015-11-11,40.69,42.03,39.41,41.57,4704705.0,183187616.0
2015-11-12,41.61,42.43,40.8,41.43,3993911.0,159991200.0
2015-11-13,41.09,41.3,38.06,39.35,3614004.0,137748160.0
2015-11-23,43.28,43.28,40.67,41.92,7935077.0,320607520.0
2015-11-24,41.4,41.4,38.79,40.14,4121449.0,156719360.0
2015-11-25,39.89,41.24,39.63,40.72,2938602.0,113889224.0
2015-11-26,40.44,43.25,40.26,41.15,3075051.0,123340656.0
2015-11-27,40.68,40.83,37.59,38.02,2414308.0,90978176.0
2015-11-30,37.98,38.59,34.22,35.98,4647230.0,157538656.0
2015-12-01,34.92,37.52,34.83,35.85,3395027.0,116650084.0
2015-12-02,35.83,35.83,32.8,33.57,2893402.0,94363472.0
2015-12-03,33.58,35.75,33.58,35.06,2535553.0,84586246.0
2015-12-04,35.06,35.46,33.89,34.72,2519403.0,84218112.0
2015-12-07,34.97,37.01,34.76,36.55,3100504.0,107034919.0
2015-12-08,36.08,36.08,34.42,34.97,2674427.0,90480144.0
2015-12-09,34.94,35.95,33.89,35.28,1985869.0,66896140.0
2015-12-10,34.94,36.06,34.78,34.87,1699746.0,57955452.0
2015-12-11,34.81,34.81,32.85,33.3,2645403.0,85203400.0
2015-12-14,33.16,34.1,32.58,34.05,1976291.0,63112312.0
2015-12-15,34.31,35.29,34.06,34.85,1916898.0,63979660.0
2015-12-16,35.02,35.93,35.02,35.57,2544615.0,86609072.0
2015-12-17,35.51,38.85,35.51,37.68,4508075.0,161559712.0
2015-12-18,37.33,38.04,36.5,37.09,2950104.0,104925664.0
2015-12-21,36.73,37.4,35.81,37.09,1841542.0,64606988.0
2015-12-22,37.02,39.41,36.71,38.89,3605663.0,131896233.0
2015-12-23,39.0,40.68,38.9,39.3,5339170.0,204352496.0
2015-12-24,38.43,39.28,37.57,38.16,2282059.0,83479360.0
2015-12-25,38.39,39.61,38.18,38.59,1543526.0,57489282.0
2015-12-28,39.11,39.42,37.18,37.34,1990781.0,73290501.0
2015-12-29,37.42,37.9,36.19,37.29,1812280.0,63830215.0
2015-12-30,37.44,37.81,36.8,37.3,2022578.0,72310114.0
2015-12-31,37.32,37.9,36.26,36.95,2157123.0,76732382.0
2016-01-04,36.46,37.21,33.32,33.38,1467975.0,49810039.0
2016-01-05,31.23,33.93,31.23,32.48,2471380.0,76880972.0
2016-01-06,32.87,33.45,32.48,33.37,1423913.0,45204736.0
2016-01-07,32.64,33.06,30.03,30.1,331112.0,9975957.0
2016-01-08,30.36,32.26,27.12,30.37,2757286.0,79972970.0
2016-01-11,29.63,29.72,27.33,27.33,2073185.0,56198661.0
2016-01-12,27.33,27.95,25.7,27.11,2373286.0,61466494.0
2016-01-13,27.62,28.04,26.99,27.14,1932041.0,50842120.0
2016-01-14,26.2,28.41,25.76,28.22,1783258.0,46553223.0
2016-01-15,28.16,29.17,26.28,27.39,2165874.0,57739443.0
2016-01-18,26.59,28.68,25.78,27.52,1627598.0,43288584.0
2016-01-19,27.46,28.78,27.46,28.76,1839416.0,49558006.0
2016-01-20,28.34,29.09,28.02,28.32,1203571.0,32826244.0
2016-01-21,27.69,28.66,26.76,27.72,1471657.0,39096729.0
2016-01-22,27.64,28.02,26.41,27.42,1554761.0,40697883.0
2016-01-25,27.22,27.93,27.11,27.51,1644207.0,43336328.0
2016-01-26,26.86,27.08,24.76,24.87,2489661.0,61128192.0
2016-01-27,24.79,25.01,22.39,24.59,2092374.0,46635098.0
2016-01-28,23.46,23.78,22.14,22.19,1466563.0,32295794.0
2016-01-29,21.52,23.2,21.52,22.83,1412854.0,30636594.0
2016-02-01,23.98,24.1,22.71,23.65,1982512.0,44197982.0
2016-02-02,23.68,24.51,23.68,24.31,1039865.0,24205510.0
2016-02-03,23.98,24.24,23.35,23.91,1126013.0,25798463.0
2016-02-04,24.43,26.23,24.0,25.47,1769091.0,43189512.0
2016-02-05,25.65,26.54,25.51,25.95,1648082.0,41204772.0
2016-02-15,24.4,26.06,24.4,25.6,2233093.0,53318237.0
2016-02-16,25.6,27.91,25.55,27.85,2211897.0,57209677.0
2016-02-17,28.0,28.0,27.03,27.75,1392996.0,36582035.0
2016-02-18,27.84,28.84,27.7,28.22,2744711.0,74265755.0
2016-02-19,27.83,29.23,27.83,28.76,1920393.0,52738270.0
2016-02-22,28.97,30.65,28.97,30.0,1542330.0,44233417.0
2016-02-23,29.93,30.57,29.3,30.14,1226383.0,35340419.0
2016-02-24,30.03,30.53,28.57,29.91,2282015.0,64314773.0
2016-02-25,29.82,29.82,26.92,26.92,1838100.0,49906627.0
2016-02-26,26.92,27.9,25.03,26.95,2487499.0,62506167.0
2016-02-29,25.9,25.9,24.26,24.27,2128967.0,50157011.0
2016-03-01,24.19,25.31,23.55,24.95,1602514.0,37529367.0
2016-03-02,24.82,26.54,24.51,26.53,2418768.0,59287274.0
2016-03-03,26.28,27.53,26.1,26.58,2459210.0,63693579.0
2016-03-04,26.78,27.01,24.19,24.87,1837285.0,44823867.0
2016-03-07,24.87,26.02,24.87,25.27,1686537.0,41044196.0
2016-03-08,25.04,25.04,23.79,24.87,1858322.0,43634950.0
2016-03-09,24.51,25.34,23.53,24.88,1449346.0,34236494.0
2016-03-10,24.38,25.55,24.38,24.41,978017.0,23430701.0
2016-03-11,24.13,24.61,23.83,24.39,759175.0,17625841.0
2016-03-14,24.66,26.16,24.66,25.53,1792619.0,44108645.0
2016-03-15,25.76,27.3,25.45,27.19,2345773.0,58823476.0
2016-03-16,26.94,27.11,26.09,26.39,1526627.0,38937602.0
2016-03-17,26.75,27.74,26.12,27.53,2505494.0,65209234.0
2016-03-18,27.53,29.06,27.53,28.36,2301781.0,63052487.0
2016-03-21,28.38,29.88,28.38,29.85,2625420.0,73458542.0
2016-03-22,29.64,29.85,28.69,29.22,2332843.0,65385663.0
2016-03-23,29.0,29.4,28.17,29.31,2231200.0,61399983.0
2016-03-24,29.06,29.31,28.23,28.26,1773406.0,48740981.0
2016-03-25,28.21,29.04,27.98,28.51,1398003.0,38473902.0
2016-03-28,28.67,31.18,28.67,28.95,3111981.0,88261253.0
2016-03-29,28.16,28.95,27.41,27.7,2369352.0,63722788.0
2016-03-30,28.18,28.82,27.81,28.72,2023779.0,55036310.0
2016-03-31,28.68,29.9,28.68,28.91,2321952.0,65112660.0
2016-04-01,28.72,29.15,27.98,28.33,1634358.0,44428099.0
2016-04-05,28.31,29.7,28.17,29.62,2382550.0,66711588.0
2016-04-06,29.65,30.18,29.36,30.15,2709200.0,77737578.0
2016-04-07,30.13,31.29,29.87,31.19,4216478.0,124445365.0
2016-04-08,31.2,31.2,29.84,30.07,4410547.0,129334280.0
2016-04-11,30.35,31.08,30.35,30.87,3198401.0,93984831.0
2016-04-12,30.89,31.05,29.13,29.45,3087588.0,88416989.0
2016-04-13,29.51,30.18,29.36,29.45,3406379.0,97199640.0
2016-04-14,29.54,29.93,29.36,29.82,2478202.0,70283792.0
2016-04-15,30.07,30.07,29.11,29.57,3444846.0,97573428.0
2016-04-18,29.11,29.34,28.39,28.65,1963672.0,53983533.0
2016-04-19,28.89,29.18,28.22,28.36,2228946.0,61147925.0
2016-04-20,28.75,28.84,25.53,26.6,4076110.0,104888102.0
2016-04-21,26.49,26.49,25.91,26.36,2163468.0,54310947.0
2016-04-22,26.07,26.78,25.77,26.73,1962375.0,49547725.0
2016-04-25,27.51,27.99,26.45,27.42,3149289.0,82249631.0
2016-04-26,28.29,28.29,27.03,27.55,3207797.0,84927820.0
2016-04-27,27.32,27.62,26.64,26.71,3023492.0,78746448.0
2016-04-28,26.58,27.19,25.95,26.41,3029289.0,76672472.0
2016-04-29,26.07,26.33,25.95,26.08,2628950.0,65732890.0
2016-05-03,26.12,27.24,26.0,27.17,2966670.0,76115178.0
2016-05-04,26.91,27.38,26.81,27.1,1839718.0,47849664.0
2016-05-05,27.11,28.07,26.89,27.96,3342688.0,88222216.0
2016-05-06,27.98,28.11,26.71,26.76,3481800.0,91548121.0
2016-05-09,26.2,26.53,25.53,25.71,2004348.0,49914108.0
2016-05-10,25.68,25.96,25.5,25.86,1902486.0,46899007.0
2016-05-11,26.07,26.29,25.55,25.77,1210961.0,30073305.0
2016-05-12,25.62,26.07,24.35,25.64,1696577.0,40941579.0
2016-05-13,25.55,26.04,25.04,25.36,1352171.0,33144539.0
2016-05-16,25.62,25.62,24.83,25.16,2458369.0,59086501.0
2016-05-17,25.2,25.23,24.61,25.03,2054681.0,49114636.0
2016-05-18,24.73,24.82,23.58,23.99,2151926.0,49870419.0
2016-05-19,23.98,24.89,23.81,24.25,1405293.0,32860304.0
2016-05-20,23.78,24.3,23.73,24.21,1256726.0,29004350.0
2016-05-23,24.32,25.01,24.32,24.91,1907664.0,45276769.0
2016-05-24,24.74,24.9,24.3,24.45,1102430.0,25929027.0
2016-05-25,24.61,25.09,24.43,24.49,1254307.0,29766205.0
2016-05-26,24.56,25.03,23.98,24.92,1679749.0,39487980.0
2016-05-27,24.89,25.82,24.82,25.58,3417811.0,83462973.0
2016-05-30,25.55,26.47,25.24,26.08,2936180.0,73274009.0
2016-05-31,26.0,27.1,25.91,27.09,4082326.0,102948572.0
2016-06-01,27.15,27.25,26.84,26.99,2815883.0,71626838.0
2016-06-02,27.37,27.38,26.95,27.33,2724161.0,69822924.0
2016-06-03,28.07,28.13,27.17,27.38,3374521.0,87764611.0
2016-06-06,27.24,27.43,27.02,27.11,1881660.0,48189225.0
2016-06-07,27.12,27.3,26.66,27.19,2158668.0,54780382.0
2016-06-08,27.22,27.38,26.98,27.11,1571053.0,40218819.0
2016-06-13,26.74,26.74,25.58,26.0,2209736.0,54645969.0
2016-06-14,26.0,26.36,25.79,26.22,1239667.0,30403767.0
2016-06-15,26.09,27.1,25.55,26.84,2533846.0,63545949.0
2016-06-16,26.85,26.97,25.95,26.09,2333775.0,57970333.0
2016-06-17,26.0,26.61,26.0,26.43,1998752.0,49652779.0
2016-06-20,26.43,26.53,26.0,26.39,1060077.0,26269654.0
2016-06-21,26.45,26.81,25.79,26.05,1282507.0,31930822.0
2016-06-22,26.0,26.38,25.89,26.3,1451931.0,35713436.0
2016-06-23,26.47,26.73,26.19,26.35,2178337.0,54318631.0
2016-06-24,26.58,26.74,24.2,25.7,3757389.0,91510755.0
2016-06-27,25.55,25.98,25.26,25.87,2648261.0,64097023.0
2016-06-28,25.79,26.35,25.36,26.31,2952644.0,71803086.0
2016-06-29,26.18,26.43,25.79,26.03,2016616.0,49496396.0
2016-06-30,26.03,26.74,25.91,26.46,3705211.0,92047919.0
2016-07-01,26.52,26.74,26.24,26.31,2952699.0,73505538.0
2016-07-04,26.18,26.53,25.68,26.37,3524886.0,87019662.0
2016-07-05,26.38,26.53,26.21,26.41,2647705.0,65788516.0
2016-07-06,26.38,27.0,26.14,26.95,3541888.0,88358654.0
2016-07-07,26.92,27.48,26.67,27.34,4781119.0,121873478.0
2016-07-08,27.28,27.71,26.84,26.85,3363654.0,86261896.0
2016-07-11,26.74,27.44,26.53,26.55,3341773.0,84843098.0
2016-07-12,26.51,26.95,25.98,26.89,3227123.0,80465743.0
2016-07-13,27.04,27.25,26.72,27.15,3100516.0,78832172.0
2016-07-14,27.34,28.05,27.08,27.45,4656519.0,120783054.0
2016-07-15,27.21,27.42,27.06,27.21,2033970.0,52118718.0
2016-07-18,27.17,27.89,27.0,27.5,3415755.0,88469479.0
2016-07-19,27.43,29.59,27.41,29.4,10546884.0,284643910.0
2016-07-20,29.08,29.08,28.45,28.75,5734907.0,155113124.0
2016-07-21,28.66,29.1,28.31,28.86,4639515.0,125412285.0
2016-07-22,28.67,28.93,28.34,28.37,3023547.0,81492098.0
2016-07-25,28.55,28.72,28.08,28.45,2467559.0,66109156.0
2016-07-26,28.8,29.16,28.37,28.49,3650763.0,98750960.0
2016-07-27,28.34,28.37,26.04,26.22,6429800.0,164596495.0
2016-07-28,26.21,26.48,25.5,25.91,2633241.0,64276661.0
2016-07-29,25.5,25.93,25.31,25.47,2060613.0,49664127.0
2016-08-01,25.36,25.86,25.18,25.62,1977412.0,47654718.0
2016-08-02,25.62,25.79,25.36,25.69,1478468.0,35670731.0
2016-08-03,25.7,25.96,25.48,25.67,1478704.0,35733773.0
2016-08-04,25.64,25.85,25.46,25.77,1473897.0,35577304.0
2016-08-05,25.77,25.84,25.5,25.55,1472452.0,35645104.0
2016-08-08,24.41,25.64,24.38,25.62,1930068.0,45649924.0
2016-08-09,25.54,25.85,25.48,25.81,1368454.0,33171171.0
2016-08-10,25.84,27.06,25.68,26.88,5124026.0,128619285.0
2016-08-11,26.9,27.46,26.53,26.9,3545484.0,90472330.0
2016-08-12,27.02,27.23,26.59,27.0,2417492.0,61482095.0
2016-08-15,27.15,28.28,27.15,28.25,5630128.0,147346591.0
2016-08-16,28.12,28.44,27.72,28.35,3898616.0,102854193.0
2016-08-17,28.22,28.6,27.8,27.97,2596646.0,69010460.0
2016-08-18,27.69,28.89,27.69,28.38,3864338.0,103222166.0
2016-08-19,28.39,28.64,27.92,28.0,2286671.0,60778447.0
2016-08-22,27.91,27.96,27.18,27.35,2648622.0,68639670.0
2016-08-23,27.23,27.75,27.06,27.27,1923223.0,49723480.0
2016-08-24,27.37,27.93,26.74,27.05,1857886.0,47821828.0
2016-08-25,27.15,27.45,26.54,27.27,2411733.0,61602278.0
2016-08-26,27.27,27.86,27.15,27.74,1672558.0,43346778.0
2016-08-29,27.59,27.91,27.01,27.34,1967199.0,50882111.0
2016-08-30,27.42,27.64,26.89,26.99,2177362.0,55696959.0
2016-08-31,27.25,27.34,26.69,27.16,1274764.0,32544222.0
2016-09-01,27.16,27.22,26.71,26.72,1065233.0,27111345.0
2016-09-02,26.86,26.99,26.21,26.33,1687780.0,42032011.0
2016-09-05,26.35,26.73,26.21,26.34,1947783.0,48624422.0
2016-09-06,26.49,26.91,25.76,26.86,1657079.0,41283439.0
2016-09-07,26.83,27.0,26.34,26.56,1164271.0,29372733.0
2016-09-08,26.55,27.07,26.49,26.69,1502657.0,37952234.0
2016-09-09,26.69,26.85,26.51,26.53,1065230.0,26761557.0
2016-09-12,25.82,26.28,25.68,25.7,1633287.0,39981597.0
2016-09-13,25.76,26.11,25.49,25.7,1331616.0,32331705.0
2016-09-14,25.7,25.85,25.48,25.58,1759780.0,42511115.0
2016-09-19,25.58,26.19,25.58,26.13,1489952.0,36218519.0
2016-09-20,25.98,26.23,25.8,25.97,1460666.0,35860170.0
2016-09-21,26.0,26.87,26.0,26.68,2918611.0,73185098.0
2016-09-22,26.74,27.07,26.53,26.74,1687422.0,42591366.0
2016-09-23,26.75,27.68,26.75,27.45,3506131.0,90697409.0
2016-09-26,27.82,28.65,27.28,27.42,3227602.0,84459853.0
2016-09-27,27.09,27.42,26.7,27.1,1746434.0,44527610.0
2016-09-28,27.23,27.59,26.72,27.03,1177850.0,29876268.0
2016-09-29,27.15,27.49,26.71,27.23,1274456.0,32505068.0
2016-09-30,27.22,27.48,26.85,27.46,1313870.0,33889629.0
2016-10-10,27.59,27.78,27.43,27.74,1634687.0,42546713.0
2016-10-11,27.82,27.84,27.59,27.75,814518.0,21249780.0
2016-10-12,27.75,28.06,27.34,27.72,1477726.0,38469758.0
2016-10-13,27.73,28.26,27.6,27.72,1342765.0,35122017.0
2016-10-14,27.71,28.21,27.38,28.2,2919201.0,77134209.0
2016-10-17,28.19,28.83,27.88,28.1,4612651.0,123372239.0
2016-10-18,28.02,28.39,27.89,28.32,1885449.0,50005380.0
2016-10-19,28.32,28.57,28.05,28.42,2542289.0,67810732.0
2016-10-20,28.3,28.82,28.3,28.59,3581437.0,96447342.0
2016-10-21,28.34,28.57,27.56,28.04,2024092.0,53554631.0
2016-10-24,27.97,29.16,27.9,28.88,3859139.0,104642189.0
2016-10-25,28.9,29.13,28.73,29.11,2405594.0,65551990.0
2016-10-26,29.59,30.3,28.99,30.29,4535236.0,127138756.0
2016-10-27,30.01,30.83,29.77,30.43,3035034.0,86569669.0
2016-10-28,30.34,31.82,30.16,31.19,4860304.0,143370497.0
2016-10-31,31.2,31.6,29.81,29.98,5348321.0,154083564.0
2016-11-01,30.22,30.46,29.61,30.12,3365134.0,94933340.0
2016-11-02,29.93,30.07,29.62,29.66,2046247.0,57521931.0
2016-11-03,29.5,29.95,29.28,29.81,2793468.0,78013667.0
2016-11-04,29.95,30.02,29.61,29.89,1455725.0,40901832.0
2016-11-07,29.69,30.73,29.69,30.02,2223436.0,63539418.0
2016-11-08,29.98,30.4,29.93,30.07,1244705.0,35242772.0
2016-11-09,30.07,30.29,28.92,29.45,2581291.0,71907638.0
2016-11-10,29.66,29.74,29.46,29.62,1552728.0,43268933.0
2016-11-11,29.62,29.91,29.27,29.41,2290126.0,63563320.0
2016-11-14,29.43,30.02,28.74,29.68,4583572.0,126773285.0
2016-11-15,29.93,30.88,29.75,29.91,4535358.0,128942810.0
2016-11-16,30.56,30.56,29.94,30.23,2251633.0,64092694.0
2016-11-17,30.23,30.23,29.47,29.69,1741186.0,48813534.0
2016-11-18,29.69,30.12,29.52,29.71,1504204.0,42172452.0
2016-11-21,30.32,30.32,29.55,29.71,2015727.0,56686173.0
2016-11-22,29.74,30.35,29.61,30.07,2177563.0,61632400.0
2016-11-23,30.54,31.41,30.15,30.56,4740674.0,136879919.0
2016-11-24,30.53,31.29,30.09,30.16,3291085.0,95204053.0
2016-11-25,29.71,30.2,29.06,29.16,3171372.0,88746079.0
2016-11-28,29.49,29.99,29.18,29.2,3438373.0,95477229.0
2016-11-29,29.13,30.4,29.1,30.15,4581999.0,128169696.0
2016-11-30,30.03,30.23,29.77,30.04,2376593.0,67118607.0
2016-12-01,29.84,30.99,29.84,30.49,3372524.0,97189694.0
2016-12-02,30.46,31.15,29.93,30.62,4227054.0,122109573.0
2016-12-05,30.84,32.65,30.36,32.09,8201030.0,243868892.0
2016-12-06,31.78,32.26,31.31,32.23,6032387.0,180547663.0
2016-12-07,32.23,32.9,31.89,32.68,4732547.0,144910687.0
2016-12-08,32.26,33.27,32.26,32.56,4167272.0,128787422.0
2016-12-09,32.47,32.8,31.48,32.64,5070967.0,154237272.0
2017-04-19,29.38,29.38,29.38,29.38,257500.0,7127600.0
2017-04-20,26.43,26.43,26.43,26.43,145200.0,3616932.0
2017-04-21,23.84,25.44,23.79,23.79,11699192.0,264415494.0
2017-04-24,23.0,23.81,21.42,23.73,8195268.0,172131344.0
2017-04-25,22.39,23.58,22.39,23.1,6394745.0,138261224.0
2017-04-26,22.82,23.8,22.67,23.51,5827684.0,128251705.0
2017-04-27,23.56,23.86,22.83,23.35,3163429.0,69400848.0
2017-04-28,23.48,23.82,23.32,23.71,3419646.0,75965634.0
2017-05-02,23.71,23.87,23.38,23.57,1893800.0,41984208.0
2017-05-03,23.67,23.67,23.14,23.36,1889252.0,41491067.0
2017-05-04,23.35,23.38,22.67,22.9,2263523.0,49089542.0
2017-05-05,22.91,23.56,22.68,23.43,2401311.0,52384798.0
2017-05-08,23.34,25.04,23.03,24.16,5309111.0,120927109.0
2017-05-09,23.77,24.57,23.06,24.29,2727375.0,61367685.0
2017-05-10,23.92,24.37,23.72,23.81,1982445.0,44951579.0
2017-05-11,23.76,23.77,22.31,23.43,2365627.0,51845727.0
2017-05-12,23.39,23.52,22.73,22.96,1614217.0,34973161.0
2017-05-15,22.99,23.43,22.84,23.21,1231570.0,26824287.0
2017-05-16,23.21,23.33,22.53,23.26,1382013.0,30058376.0
2017-05-17,23.03,23.75,22.99,23.32,1659113.0,36624345.0
2017-05-18,22.83,23.74,22.83,23.5,1908007.0,42110825.0
2017-05-19,23.57,23.85,22.99,23.33,1353228.0,29697719.0
2017-05-22,22.92,23.35,22.55,23.16,1630396.0,35121090.0
2017-05-23,23.11,23.12,21.34,22.69,3105542.0,65291879.0
2017-05-24,22.29,22.69,21.86,22.4,1178578.0,24833399.0
2017-05-25,22.39,22.61,22.09,22.39,2032981.0,42936002.0
2017-05-26,22.17,22.61,22.17,22.54,1413679.0,29884855.0
2017-05-31,22.6,22.87,22.16,22.22,1313029.0,27804804.0
2017-06-01,22.22,22.22,21.28,21.57,2561227.0,52475634.0
2017-06-02,21.36,21.69,21.13,21.55,1242048.0,25010410.0
2017-06-05,21.55,21.86,21.33,21.75,1611309.0,32895483.0
2017-06-06,21.75,21.75,21.23,21.61,1885044.0,38092984.0
2017-06-07,21.55,23.48,21.39,22.96,3699277.0,78574798.0
2017-06-08,22.54,23.88,22.5,23.81,4349297.0,96518802.0
2017-06-09,23.92,24.52,23.76,24.22,2899370.0,66127230.0
2017-06-12,23.77,24.49,23.77,24.24,2040596.0,46535239.0
2017-06-13,24.24,24.75,23.88,24.5,2687690.0,62131639.0
2017-06-14,24.37,24.73,24.12,24.15,1776133.0,40815376.0
2017-06-15,24.14,24.36,23.94,24.05,1963718.0,44618944.0
2017-06-16,24.04,24.31,23.84,23.85,2615877.0,59489774.0
2017-06-19,24.09,24.41,23.61,24.07,3075782.0,69805893.0
2017-06-20,24.08,24.22,23.72,24.06,2173734.0,48969793.0
2017-06-21,24.06,24.54,23.87,24.18,2511926.0,57173644.0
2017-06-22,24.76,24.76,23.62,23.72,2981500.0,67908937.0
2017-06-23,23.22,23.93,23.2,23.53,1758601.0,39102503.0
2017-06-26,23.54,23.72,22.98,23.54,2711926.0,60075296.0
2017-06-27,23.51,23.93,23.48,23.73,827937.0,18560963.0
2017-06-28,23.89,24.56,23.14,23.5,4276106.0,95689776.0
2017-06-29,24.18,24.2,23.6,23.62,2739236.0,61531136.0
2017-06-30,23.67,24.03,23.35,23.73,2351568.0,52704291.0
2017-07-03,23.76,24.2,23.64,23.84,4074790.0,91706259.0
2017-07-04,23.77,24.49,23.77,24.43,7662692.0,173996614.0
2017-07-05,24.47,25.67,24.41,25.2,7598626.0,180170693.0
2017-07-06,25.47,25.76,25.15,25.49,7552435.0,180664517.0
2017-07-07,25.36,25.82,25.36,25.69,6668805.0,160918299.0
2017-07-10,25.69,26.33,25.69,25.81,3641309.0,89126797.0
2017-07-11,25.77,26.09,24.88,25.31,4776682.0,114748049.0
2017-07-12,25.06,25.41,24.97,25.27,1798681.0,42606409.0
2017-07-13,25.25,25.33,24.97,25.27,2515400.0,59516773.0
2017-07-14,25.32,25.32,24.73,25.26,4285078.0,98905506.0
2017-07-17,24.99,25.18,22.82,24.43,1531945.0,34632441.0
2017-07-18,24.42,24.62,23.97,24.6,942772.0,21316505.0
2017-07-19,24.15,24.75,24.15,24.52,1485214.0,33501369.0
2017-07-20,24.48,24.66,24.12,24.5,2096586.0,47135034.0
2017-07-21,24.35,24.53,24.12,24.33,1690795.0,38072704.0
2017-07-24,24.34,24.5,24.14,24.43,1611000.0,36181043.0
2017-07-25,24.26,24.45,23.73,24.26,2797500.0,62207367.0
2017-07-26,24.01,24.78,23.96,24.43,2664801.0,60218066.0
2017-07-27,24.4,24.59,24.11,24.43,2282443.0,51573645.0
2017-07-28,24.48,24.55,24.23,24.36,3609300.0,81483798.0
2017-07-31,24.22,24.42,24.05,24.23,1454700.0,32648454.0
2017-08-01,24.22,24.4,24.02,24.1,856651.0,19157975.0
2017-08-02,23.97,24.09,23.18,23.36,1723418.0,37455218.0
2017-08-03,23.2,23.59,23.13,23.58,2209401.0,47862977.0
2017-08-04,23.34,23.64,23.08,23.59,2479150.0,53648993.0
2017-08-07,23.55,23.55,23.19,23.55,2267680.0,49149013.0
2017-08-08,23.47,23.66,23.19,23.26,2485343.0,53944972.0
2017-08-09,23.2,23.31,22.82,23.26,1694400.0,36171783.0
2017-08-10,23.26,23.33,22.82,23.31,3961200.0,84252897.0
2017-08-11,23.31,23.53,22.93,23.16,4610600.0,99395063.0
2017-08-14,22.93,23.26,22.77,23.21,6588600.0,139315015.0
2017-08-15,23.14,23.57,22.94,23.49,4406101.0,95293305.0
2017-08-16,23.5,23.54,23.23,23.41,2591699.0,56099344.0
2017-08-17,23.43,23.53,22.89,23.41,7747701.0,165071478.0
2017-08-18,23.17,23.46,23.09,23.35,1130100.0,24314348.0
2017-08-21,23.32,24.28,23.16,24.19,4863801.0,106953330.0
2017-08-22,23.93,24.88,23.93,24.4,4865812.0,110210090.0
2017-08-23,24.14,24.65,24.04,24.46,3198700.0,72286335.0
2017-08-24,24.48,24.48,24.01,24.33,5052488.0,112738446.0
2017-08-25,24.32,25.0,24.16,24.81,4512387.0,103190358.0
2017-08-28,24.76,24.77,24.28,24.33,2575400.0,58095188.0
2017-08-29,24.27,24.3,23.62,24.0,5647371.0,124317857.0
2017-08-30,23.8,24.55,23.67,24.3,5349817.0,119790468.0
2017-08-31,24.28,24.68,23.58,23.73,3589400.0,79444037.0
2017-09-01,23.52,23.8,23.49,23.53,1274602.0,27777877.0
2017-09-07,23.72,23.72,22.5,23.55,4189651.0,89818297.0
2017-09-08,23.58,23.69,23.04,23.49,4467985.0,96150120.0
2017-09-11,23.42,23.68,23.07,23.5,2165900.0,46897227.0
2017-09-12,23.45,23.54,23.15,23.43,2495598.0,53843353.0
2017-09-13,23.26,23.74,23.13,23.69,2072110.0,44951882.0
2017-09-14,23.56,23.75,23.45,23.58,2233212.0,48680223.0
2017-09-15,23.47,23.64,23.26,23.56,1180441.0,25609544.0
2017-09-18,23.5,23.61,23.43,23.58,905600.0,19673992.0
2017-09-19,23.57,23.59,23.39,23.45,1388800.0,30156248.0
2017-09-20,23.4,23.5,23.28,23.32,884300.0,19073878.0
2017-09-21,23.32,23.33,23.06,23.14,788900.0,16915857.0
2017-09-22,23.13,23.34,22.73,23.25,2384065.0,50645357.0
2017-09-25,23.06,23.55,23.03,23.25,1533263.0,32983476.0
2017-09-26,23.22,23.35,22.96,23.29,2081401.0,44626595.0
2017-09-27,23.22,23.6,23.16,23.39,1842278.0,39884949.0
2017-09-28,23.39,23.55,23.16,23.32,1238838.0,26724607.0
2017-09-29,23.18,23.35,23.06,23.18,1082300.0,23173726.0
2017-10-09,23.25,23.34,23.09,23.19,1193546.0,25555229.0
2017-10-10,23.09,23.21,23.0,23.13,1352501.0,28871251.0
2017-10-11,23.11,23.13,22.91,23.01,1337600.0,28447326.0
2017-10-12,23.01,23.17,22.92,23.08,1482648.0,31589514.0
2017-10-13,23.08,23.09,22.91,22.99,1503300.0,31923659.0
2017-10-16,23.06,23.06,22.5,22.74,1901492.0,40108282.0
2017-10-17,22.69,22.8,22.48,22.78,2297395.0,48065978.0
2017-10-18,22.77,22.77,22.5,22.62,1550900.0,32416008.0
2017-10-19,22.6,22.63,22.28,22.61,2686600.0,55685411.0
2017-10-20,22.56,22.99,22.43,22.62,2351500.0,49389103.0
2017-10-23,22.62,22.93,22.48,22.59,1251499.0,26183546.0
2017-10-24,22.5,22.6,22.34,22.51,1049600.0,21781606.0
2017-10-25,22.47,22.6,22.3,22.54,1272100.0,26342987.0
2017-10-26,22.37,22.48,22.32,22.46,996072.0,20596967.0
2017-10-27,22.35,22.49,22.23,22.4,3121843.0,64631120.0
2017-10-30,22.34,22.35,21.95,22.13,1828200.0,37390530.0
2017-10-31,22.15,22.38,21.97,22.14,1214047.0,24919958.0
2017-11-01,22.11,22.32,22.05,22.2,787441.0,16162645.0
2017-11-02,22.18,22.24,21.98,22.16,690880.0,14107176.0
2017-11-03,22.05,22.18,21.9,22.07,789850.0,16070117.0
2017-11-06,22.06,22.06,21.71,21.97,714700.0,14446556.0
2017-11-07,21.91,21.97,21.81,21.91,639741.0,12934123.0
2017-11-08,21.91,22.15,21.8,21.85,1556665.0,31577400.0
2017-11-09,21.85,21.89,21.67,21.83,1514202.0,30507012.0
2017-11-10,21.96,22.03,21.71,21.96,2459367.0,49876324.0
2017-11-13,22.0,22.74,21.94,22.36,3205304.0,66396716.0
2017-11-14,22.39,22.67,22.21,22.35,1475950.0,30537396.0
2017-11-15,22.18,22.34,21.84,21.85,1339800.0,27226833.0
2017-11-16,21.69,22.15,21.12,21.83,2376464.0,47583514.0
2017-11-17,21.63,21.72,21.17,21.6,2014100.0,39925820.0
2017-11-20,21.63,21.63,21.2,21.3,2540540.0,50115276.0
2017-11-21,21.42,21.42,21.06,21.19,2228100.0,43659279.0
2017-11-22,21.14,21.2,20.52,20.74,5795962.0,111349562.0
2017-11-23,20.64,20.64,18.93,19.23,3534851.0,63803443.0
2017-11-24,19.23,19.31,18.39,19.25,2020292.0,35619586.0
2017-11-27,19.15,19.9,18.95,19.54,2130240.0,38382991.0
2017-11-28,19.6,19.91,19.47,19.63,817618.0,14903580.0
2017-11-29,19.57,19.7,19.34,19.58,444700.0,8001716.0
2017-11-30,19.39,19.63,19.04,19.54,808300.0,14463792.0
2017-12-01,19.43,19.8,19.28,19.58,874861.0,15849849.0
2017-12-04,19.58,19.58,19.25,19.34,443301.0,7927666.0
2017-12-05,19.34,19.41,19.06,19.29,1018100.0,18122294.0
2017-12-06,19.27,19.58,19.16,19.34,629576.0,11277034.0
2017-12-07,19.63,19.73,19.16,19.3,435000.0,7738352.0
2017-12-08,19.25,19.5,19.2,19.34,504500.0,9046250.0
2017-12-11,19.31,19.31,19.05,19.11,1006500.0,17794476.0
2017-12-12,19.06,19.15,18.12,18.53,2742626.0,46998822.0
2017-12-13,18.55,18.57,18.29,18.41,813276.0,13838681.0
2017-12-14,18.31,18.43,18.07,18.41,1001960.0,16928121.0
2017-12-15,18.32,18.58,17.85,18.55,1307027.0,22177816.0
2017-12-18,18.4,18.55,18.28,18.36,821118.0,13954956.0
2017-12-19,18.36,18.52,18.3,18.44,819439.0,13918835.0
2017-12-20,18.52,18.52,18.04,18.36,1321100.0,22254436.0
2017-12-21,18.23,18.36,18.13,18.32,562400.0,9492249.0
2017-12-22,18.28,18.34,18.2,18.28,471201.0,7960481.0
2017-12-25,18.25,18.38,17.63,18.04,1601112.0,26733319.0
2017-12-26,17.99,18.73,17.96,18.66,1861107.0,31646332.0
2017-12-27,18.57,18.93,18.49,18.68,1328298.0,23027729.0
2017-12-28,18.8,19.47,18.4,19.21,1655233.0,28954021.0
2017-12-29,19.36,19.36,19.04,19.15,1149395.0,20325640.0
2018-01-02,19.18,19.31,18.69,19.11,1586126.0,27852188.0
2018-01-03,18.94,19.12,18.9,18.95,1532432.0,26938793.0
2018-01-04,18.93,19.86,18.59,19.59,3866885.0,69383788.0
2018-01-05,19.59,20.39,19.39,19.57,4519636.0,82985003.0
2018-01-08,19.56,20.15,19.2,19.99,3483609.0,63752834.0
2018-01-09,19.99,19.99,19.57,19.81,2565600.0,46764261.0
2018-01-10,19.81,19.88,19.43,19.66,2527642.0,45739231.0
2018-01-11,19.65,19.65,19.47,19.47,1083264.0,19515748.0
2018-01-12,19.47,19.63,19.16,19.36,2089730.0,37469020.0
2018-01-15,19.36,19.73,19.15,19.66,3575201.0,64608665.0
2018-01-16,19.66,20.14,19.48,20.11,4434185.0,81007287.0
2018-01-17,20.1,20.11,19.63,19.98,2624407.0,48199718.0
2018-01-18,19.98,20.54,19.81,20.53,2911226.0,54664736.0
2018-01-19,20.55,22.59,20.44,22.59,10772372.0,222322326.0
2018-01-22,24.34,24.66,21.27,21.7,10574009.0,220511475.0
2018-01-23,21.7,23.36,21.42,22.48,7515128.0,154759958.0
2018-01-24,22.48,22.71,21.74,21.82,5619673.0,115622202.0
2018-01-25,21.82,22.12,21.52,21.63,2273901.0,45724533.0
2018-01-26,21.63,22.08,21.53,21.82,1627293.0,32936206.0
2018-01-29,21.87,22.28,21.44,22.18,3622701.0,73258076.0
2018-01-30,22.21,23.64,22.09,23.25,7101314.0,150333195.0
2018-01-31,23.26,23.43,22.5,23.11,3524326.0,74793537.0
2018-02-01,23.11,23.19,22.47,22.8,3346600.0,70130752.0
2018-02-02,22.71,22.71,21.67,22.12,9637027.0,195179746.0
2018-02-05,22.11,22.49,21.96,22.14,2065600.0,42531632.0
2018-02-06,21.88,22.49,20.44,21.62,4842225.0,96791651.0
2018-02-07,21.62,22.18,21.14,21.42,3106900.0,62252001.0
2018-02-08,21.6,22.71,21.37,22.05,3275083.0,66931207.0
2018-02-09,21.96,23.8,21.63,23.59,3825220.0,79363714.0
2018-02-12,23.59,24.32,23.13,23.55,3588152.0,78269359.0
2018-02-13,23.55,24.64,23.2,23.98,4852771.0,107992856.0
2018-02-14,23.98,24.45,23.74,24.07,2615523.0,58492511.0
2018-02-22,23.75,26.48,23.75,25.94,7163632.0,168834724.0
2018-02-23,25.95,26.16,24.96,25.01,4110900.0,97445151.0
2018-02-26,25.2,25.64,24.27,24.71,8346636.0,190664633.0
2018-02-27,24.66,24.88,24.35,24.4,3137985.0,71426939.0
2018-02-28,24.49,24.77,24.32,24.48,1847631.0,41813127.0
2018-03-01,24.48,24.72,24.23,24.41,2765800.0,62593231.0
2018-03-02,24.41,24.64,24.27,24.4,1407201.0,31759561.0
2018-03-05,24.4,24.86,24.35,24.57,2077185.0,47145119.0
2018-03-06,24.58,25.64,24.12,25.08,4240158.0,97710096.0
2018-03-07,25.08,25.72,24.9,24.94,2537000.0,59224794.0
2018-03-08,24.98,25.67,24.75,24.77,2498543.0,57876239.0
2018-03-09,25.25,25.25,24.43,24.78,2493300.0,57119361.0
2018-03-12,24.86,24.99,24.23,24.64,3077508.0,69819692.0
2018-03-13,24.64,24.96,24.5,24.52,1580001.0,36029995.0
2018-03-14,24.55,24.82,24.37,24.43,1041900.0,23663704.0
2018-03-15,24.36,25.42,24.23,25.14,3023062.0,69445481.0
2018-03-16,25.13,25.67,25.06,25.13,2132801.0,49961904.0
2018-03-19,25.13,25.75,25.06,25.48,1725688.0,40681187.0
2018-03-20,25.48,25.66,25.21,25.48,827200.0,19483528.0
2018-03-21,25.48,25.67,25.2,25.46,1258900.0,29707089.0
2018-03-22,25.41,25.66,25.11,25.15,625100.0,14649550.0
2018-03-23,24.88,25.42,24.6,24.78,1553600.0,35608964.0
2018-03-26,24.77,25.19,24.55,25.06,1056300.0,24293376.0
2018-03-27,25.11,25.74,25.06,25.53,1502501.0,35281027.0
2018-03-28,25.46,26.29,25.39,25.82,1558776.0,37093110.0
2018-03-29,25.82,26.19,25.82,25.89,756227.0,18178160.0
2018-03-30,25.89,27.95,25.89,26.39,2847980.0,70032720.0
2018-04-02,26.75,27.04,26.34,26.76,810324.0,20021238.0
2018-04-03,26.66,26.9,26.5,26.62,972409.0,24037736.0
2018-04-04,26.63,27.03,26.53,26.61,952200.0,23553536.0
2018-04-09,26.61,26.73,26.24,26.26,1091562.0,26793799.0
2018-04-10,26.26,26.55,26.21,26.34,650109.0,15836974.0
2018-04-11,26.26,26.93,26.26,26.76,1546708.0,38120415.0
2018-04-12,26.76,26.96,26.65,26.79,1378639.0,34238350.0
2018-04-13,26.79,27.0,26.7,26.78,1027166.0,25487892.0
2018-04-16,26.57,26.85,26.45,26.8,1047141.0,25786934.0
2018-04-17,26.83,26.83,26.17,26.4,1751800.0,42744301.0
2018-04-18,26.4,26.76,26.29,26.41,890900.0,21795066.0
2018-04-19,26.41,26.86,26.31,26.68,854000.0,21008439.0
2018-04-20,26.68,26.77,26.5,26.7,733138.0,18060466.0
2018-04-23,26.67,26.85,26.43,26.55,1243641.0,30629122.0
2018-04-24,26.48,26.8,26.48,26.67,1030164.0,25374601.0
2018-04-25,26.67,26.99,26.5,26.79,1260701.0,31166447.0
2018-04-26,26.79,26.89,26.66,26.7,601941.0,14888471.0
2018-04-27,26.7,26.89,26.57,26.68,879600.0,21737413.0
2018-05-02,26.68,26.88,26.68,26.88,661394.0,16385173.0
2018-05-03,26.88,27.0,26.77,26.86,1034714.0,25714199.0
2018-05-04,26.86,26.93,26.62,26.82,420200.0,10416782.0
2018-05-07,26.82,27.55,26.82,27.39,1804501.0,45365298.0
2018-05-08,27.42,27.91,27.32,27.73,1979401.0,50577681.0
2018-05-09,27.8,28.48,27.68,27.85,1662964.0,43149701.0
2018-05-10,27.91,28.18,27.58,27.9,1786200.0,46048259.0
2018-05-11,27.8,27.91,27.7,27.9,779807.0,20046090.0
2018-05-14,27.9,28.12,27.48,27.91,1432743.0,36897268.0
2018-05-15,27.91,27.91,27.64,27.7,674100.0,17303070.0
2018-05-16,27.69,28.1,27.63,27.79,1066669.0,27489515.0
2018-05-17,27.76,27.82,27.44,27.66,1085514.0,27691095.0
2018-05-18,27.65,27.8,27.37,27.78,585200.0,14953769.0
2018-05-21,27.78,27.83,27.29,27.45,1236715.0,31436156.0
2018-05-22,27.45,27.68,27.45,27.58,914868.0,23322512.0
2018-05-23,27.62,27.67,27.52,27.61,708110.0,18065922.0
2018-05-24,27.64,27.69,27.37,27.53,1051191.0,26753126.0
2018-05-25,27.57,27.57,27.27,27.28,513552.0,13014770.0
2018-05-28,27.28,27.41,27.17,27.19,400501.0,10082017.0
2018-05-29,27.19,27.46,27.07,27.09,835700.0,21070219.0
2018-05-30,27.09,27.37,26.91,26.95,1011762.0,25298273.0
2018-05-31,26.95,27.48,26.85,26.99,1085592.0,27100344.0
2018-06-01,26.99,27.14,25.66,25.66,2242973.0,54179258.0
2018-06-04,26.52,26.53,25.68,26.06,999500.0,24083344.0
2018-06-05,26.12,27.95,26.07,27.79,2496510.0,62869023.0
2018-06-06,27.78,28.08,27.63,27.9,1586868.0,40814959.0
2018-06-07,27.77,29.16,27.77,28.97,2677055.0,70610416.0
2018-06-08,28.97,28.98,28.38,28.64,1951780.0,51662962.0
2018-06-11,28.66,29.82,28.64,29.38,4167380.0,112723921.0
2018-06-12,29.63,29.75,29.2,29.73,3087089.0,83939881.0
2018-06-13,29.7,29.73,29.31,29.42,1733149.0,47204084.0
2018-06-14,29.44,31.26,26.48,26.48,8288818.0,221819903.0
2018-06-15,23.83,23.83,23.83,23.83,1153100.0,25402793.0
2018-06-19,21.45,21.45,21.45,21.45,2568000.0,50923440.0
2018-06-20,19.31,19.31,19.31,19.31,346300.0,6181455.0
2018-06-21,17.38,17.38,17.38,17.38,210300.0,3379521.0
2018-06-22,15.67,15.67,15.67,15.67,170500.0,2427920.0
2018-06-25,14.11,14.19,14.11,14.11,27021800.0,346431146.0
2018-06-26,12.7,13.37,12.7,12.7,42033629.0,486852329.0
2018-06-27,12.7,12.8,12.13,12.42,20749862.0,234687353.0
2018-06-28,12.23,12.45,11.25,11.34,22953409.0,246131777.0
2018-06-29,11.39,11.76,11.31,11.58,16085055.0,169316575.0
2018-07-02,11.62,12.73,11.5,12.39,27495696.0,303837974.0
2018-07-03,12.21,12.58,11.96,12.45,19473044.0,216892469.0
2018-07-04,12.29,13.08,12.05,12.33,19910984.0,226018992.0
2018-07-05,12.26,12.26,11.41,11.64,16143971.0,173083781.0
2018-07-06,11.64,11.88,11.01,11.5,14505023.0,151245183.0
2018-07-09,11.6,11.66,11.37,11.59,9764900.0,102036781.0
2018-07-10,11.55,11.58,11.08,11.29,11845862.0,121455751.0
2018-07-11,11.03,11.07,10.16,10.21,17322783.0,165594232.0
2018-07-12,10.34,11.24,10.25,11.24,16424884.0,163750191.0
2018-07-13,11.55,11.56,10.68,10.83,17770226.0,179906971.0
2018-07-16,11.13,11.39,10.96,11.18,15349657.0,155851372.0
2018-07-17,11.23,11.67,11.02,11.34,15636198.0,161151026.0
2018-07-18,11.44,12.29,11.44,11.57,20618198.0,221919400.0
2018-07-19,11.62,11.78,11.04,11.17,12203499.0,124443907.0
2018-07-20,11.16,11.3,10.95,11.15,7074857.0,71571366.0
2018-07-23,10.83,11.1,10.68,10.93,7919661.0,78373467.0
2018-07-24,11.04,11.26,10.8,11.16,8437360.0,84815767.0
2018-07-25,11.12,11.72,11.11,11.5,14062306.0,145449420.0
2018-07-26,11.5,12.04,11.28,11.62,17440566.0,184665115.0
2018-07-27,11.6,11.78,11.18,11.35,10560765.0,109544519.0
2018-07-30,11.11,11.31,10.32,10.85,14562851.0,142369508.0
2018-07-31,10.68,10.89,10.61,10.71,5344751.0,52190379.0
2018-08-01,10.72,10.81,10.29,10.32,7109700.0,67852038.0
2018-08-02,10.22,10.28,9.37,9.64,9182700.0,81360863.0
2018-08-03,9.58,10.34,9.38,9.71,12386598.0,110125287.0
2018-08-06,9.63,9.83,9.36,9.41,6639499.0,57709750.0
2018-08-07,9.47,9.64,9.26,9.6,6452399.0,55722557.0
2018-08-08,9.61,9.68,9.08,9.2,7372900.0,62788503.0
2018-08-09,9.11,9.4,8.97,9.27,7819200.0,65883580.0
2018-08-10,9.27,9.38,9.16,9.25,6047259.0,50851253.0
2018-08-13,9.08,9.29,9.02,9.25,6016054.0,50007354.0
2018-08-14,9.26,9.66,9.18,9.3,8420354.0,71804607.0
2018-08-15,9.3,9.37,8.99,9.1,6397100.0,53134713.0
2018-08-16,8.99,9.0,8.5,8.74,6922900.0,55483258.0
2018-08-17,8.79,8.86,8.23,8.33,8921398.0,68994661.0
2018-08-20,8.29,8.35,7.96,8.21,6482601.0,48050036.0
2018-08-21,8.16,8.29,8.13,8.24,4469600.0,33430967.0
2018-08-22,8.23,8.33,8.02,8.04,4454600.0,32971412.0
2018-08-23,8.07,8.18,8.04,8.09,3903701.0,28743568.0
2018-08-24,8.11,8.46,8.06,8.17,8139100.0,60963745.0
2018-08-27,8.24,8.3,8.13,8.27,6429400.0,48075389.0
2018-08-28,8.3,8.33,8.1,8.17,5965162.0,44503091.0
2018-08-29,8.19,8.27,8.08,8.1,4696600.0,34805024.0
2018-08-30,8.1,8.13,7.88,7.91,4656976.0,33861325.0
2018-08-31,7.63,7.68,7.29,7.38,9002377.0,60970290.0
2018-09-03,7.33,7.66,7.29,7.51,8071739.0,54689565.0
2018-09-04,7.49,7.94,7.49,7.79,9686287.0,68071354.0
2018-09-05,7.72,8.2,7.72,7.91,10646761.0,77472639.0
2018-09-06,7.9,8.02,7.62,7.72,7120404.0,50475806.0
2018-09-07,7.77,8.31,7.75,8.24,12214780.0,89187067.0
2018-09-10,8.29,8.57,8.05,8.08,14715437.0,110672508.0
2018-09-11,8.16,8.19,7.84,8.04,7745273.0,56376039.0
2018-09-12,8.01,8.21,7.88,7.96,6125225.0,44711038.0
2018-09-13,8.04,8.08,7.83,7.92,5286693.0,38162433.0
2018-09-14,7.92,8.04,7.75,7.77,5358257.0,38416097.0
2018-09-17,7.76,7.76,7.55,7.63,4084305.0,28373377.0
2018-09-18,7.66,8.2,7.61,8.08,9866911.0,71303457.0
2018-09-19,8.02,8.2,8.0,8.07,7830396.0,57519339.0
2018-09-20,8.14,8.32,7.98,8.16,8423301.0,62184195.0
2018-09-21,8.28,8.55,8.12,8.18,12698439.0,95542243.0
2018-09-25,7.92,7.98,7.85,7.92,7144209.0,51374798.0
2018-09-26,7.94,8.0,7.88,7.9,5884503.0,42456419.0
2018-09-27,7.91,7.95,7.58,7.59,6960647.0,49213390.0
2018-09-28,7.62,7.73,7.57,7.68,4767067.0,33141061.0
2018-10-08,7.33,7.55,7.33,7.39,4619113.0,31112376.0
2018-10-09,7.41,7.5,7.34,7.44,3121913.0,21027939.0
2018-10-10,7.44,7.47,6.98,7.14,8730291.0,56889271.0
2018-10-11,6.78,6.93,6.43,6.43,8112023.0,48691237.0
2018-10-12,6.36,6.37,5.79,6.02,9344453.0,51518673.0
2018-10-15,6.01,6.27,5.97,6.0,6819084.0,38013276.0
2018-10-16,6.03,6.6,6.0,6.6,10833573.0,63736835.0
2018-10-17,7.25,7.26,7.1,7.26,6511182.0,42857083.0
2018-10-18,7.99,7.99,6.98,6.98,29089797.0,201393095.0
2018-10-19,6.72,6.91,6.38,6.66,22234482.0,134808206.0
2018-10-22,6.71,7.08,6.71,6.93,18594056.0,116271056.0
2018-10-23,6.89,7.57,6.75,7.04,19178828.0,123175629.0
2018-10-24,6.85,6.99,6.72,6.81,12547872.0,78088160.0
2018-10-25,6.48,6.59,6.33,6.59,11154997.0,65533132.0
2018-10-26,6.68,6.7,6.47,6.47,8241132.0,49408449.0
2018-10-29,6.37,6.42,6.14,6.24,7776080.0,44529577.0
2018-10-30,6.25,6.37,6.15,6.31,7952293.0,45412601.0
2018-10-31,6.24,6.44,6.24,6.39,7427292.0,42981752.0
2018-11-01,6.42,6.53,6.35,6.37,7594693.0,44389165.0
2018-11-02,6.45,6.8,6.45,6.65,11733459.0,70509422.0
2018-11-05,6.68,7.1,6.68,6.86,14698301.0,91886787.0
2018-11-06,6.74,6.92,6.68,6.91,8712026.0,53645931.0
2018-11-07,6.88,7.15,6.88,6.92,12212080.0,77836574.0
2018-11-08,6.98,7.19,6.85,7.01,10725722.0,68644176.0
2018-11-09,6.99,7.13,6.89,7.09,7492055.0,47780805.0
2018-11-12,7.04,7.36,6.99,7.34,10177388.0,66485772.0
2018-11-13,7.19,8.08,7.18,8.08,10359699.0,73463451.0
