2014-12-30,17.94,21.53,17.94,21.53,38100.0,819575.0
2014-12-31,23.68,23.68,23.68,23.68,16900.0,400192.0
2015-01-05,26.05,26.05,26.05,26.05,21200.0,552260.0
2015-01-06,28.66,28.66,28.66,28.66,24400.0,699304.0
2015-01-07,31.53,31.53,31.53,31.53,71200.0,2244936.0
2015-01-08,34.68,34.68,34.68,34.68,289700.0,10046796.0
2015-01-09,38.15,38.15,38.15,38.15,1374630.0,52442136.0
2015-01-12,38.15,41.97,37.3,41.97,17831488.0,701099712.0
2015-01-13,40.0,46.0,39.5,42.49,12304520.0,524103968.0
2015-01-14,41.5,44.7,41.3,41.63,7775789.0,332166528.0
2015-01-15,42.0,45.79,42.0,44.48,9397937.0,419926720.0
2015-01-16,44.02,47.39,43.8,46.47,8404355.0,381742784.0
2015-01-19,44.8,49.78,42.62,43.97,8970546.0,418464736.0
2015-01-20,44.1,47.4,44.1,47.31,6268755.0,287248448.0
2015-01-21,47.53,49.5,46.0,47.43,6194822.0,292434048.0
2015-01-22,46.51,48.3,46.51,47.1,4057032.0,191575008.0
2015-01-23,46.71,48.28,45.01,46.87,5258373.0,244773504.0
2015-01-26,46.11,48.16,46.11,47.15,3464977.0,163771600.0
2015-01-27,46.91,48.15,45.77,46.84,3208564.0,150655776.0
2015-01-28,46.4,51.52,46.11,51.52,4847797.0,239520032.0
2015-01-29,51.94,52.93,50.2,51.26,6091792.0,314519392.0
2015-01-30,50.51,51.2,47.03,47.13,3247927.0,159050912.0
2015-02-02,42.42,42.42,42.42,42.42,606600.0,25731972.0
2015-02-03,40.66,46.45,40.66,45.66,8563471.0,370984448.0
2015-02-04,44.6,45.38,43.75,43.97,5871261.0,260366288.0
2015-02-05,44.11,46.98,43.3,44.22,5493892.0,247523632.0
2015-02-06,43.87,43.87,40.5,40.99,4593318.0,191751568.0
2015-02-09,40.1,41.5,38.6,38.83,2947783.0,117454288.0
2015-02-10,38.97,40.49,38.3,40.47,2314094.0,92491496.0
2015-02-11,40.12,42.0,40.08,41.22,2656397.0,109418320.0
2015-02-12,41.2,45.34,41.17,44.47,4935378.0,216786320.0
2015-02-13,44.9,46.15,44.65,45.43,3922206.0,177788224.0
2015-02-16,45.1,46.86,43.92,45.99,3622051.0,164832704.0
2015-02-17,46.05,46.42,44.76,45.2,2265291.0,102752608.0
2015-02-25,44.95,45.75,43.43,43.96,1831553.0,80865896.0
2015-02-26,43.96,44.85,43.6,44.46,1462207.0,64702036.0
2015-02-27,44.47,45.45,43.85,45.03,1844147.0,82475264.0
2015-03-02,44.94,46.8,44.6,46.43,2733720.0,125128904.0
2015-03-03,46.09,46.09,44.14,44.4,2912307.0,131663104.0
2015-03-04,44.0,45.23,43.85,45.04,1855643.0,82940512.0
2015-03-05,44.8,45.92,44.33,45.76,2378462.0,107339520.0
2015-03-06,45.51,45.85,43.99,44.06,1742454.0,77898256.0
2015-03-09,43.2,43.87,42.24,43.44,1405295.0,60694880.0
2015-03-10,43.44,45.2,43.44,44.87,1596896.0,70996760.0
2015-03-11,44.89,44.89,43.71,43.98,1550090.0,68626296.0
2015-03-12,43.6,44.53,42.65,43.28,1371747.0,59621868.0
2015-03-13,43.48,46.8,43.48,46.12,3199739.0,145246256.0
2015-03-16,46.81,50.55,46.81,49.68,4058028.0,199054736.0
2015-03-17,49.77,49.93,48.67,49.19,2842078.0,139975264.0
2015-03-18,48.8,54.11,48.51,54.11,2904876.0,153902864.0
2015-03-19,55.75,58.49,55.01,56.46,4216271.0,238405376.0
2015-03-20,57.59,61.0,55.62,58.33,3801401.0,222759184.0
2015-03-23,57.98,62.39,57.5,61.88,3481710.0,209121824.0
2015-03-24,61.98,61.98,57.71,60.2,4224857.0,252340544.0
2015-03-25,59.7,64.34,59.2,61.87,3565717.0,221435904.0
2015-03-26,59.06,60.45,55.88,57.02,2828877.0,164921472.0
2015-03-27,56.28,58.49,56.28,57.77,1485443.0,85537840.0
2015-03-30,56.72,57.98,55.0,56.11,1656892.0,93235424.0
2015-03-31,56.1,57.7,55.9,57.0,1384535.0,78935680.0
2015-04-01,56.9,57.99,56.4,57.8,1505102.0,86428960.0
2015-04-02,58.28,60.18,58.01,59.03,1966238.0,116400776.0
2015-04-03,58.51,59.58,58.05,59.57,1941039.0,114443168.0
2015-04-07,59.85,65.05,59.81,64.99,3155851.0,198272160.0
2015-04-08,65.28,68.59,61.88,66.16,3034042.0,198804832.0
2015-04-09,65.2,65.29,60.05,64.14,2408015.0,151986640.0
2015-04-10,64.69,65.89,63.0,65.73,2096988.0,136363280.0
2015-04-13,64.0,69.73,63.0,66.2,3248559.0,211982464.0
2015-04-14,66.5,66.99,64.0,64.11,1963196.0,128663008.0
2015-04-15,63.41,63.41,57.8,57.99,2109081.0,128742888.0
2015-04-16,58.0,61.95,58.0,60.03,1556921.0,93955728.0
2015-04-17,59.8,60.35,58.1,58.19,1987762.0,117128912.0
2015-04-20,57.51,58.67,56.33,56.52,1511253.0,87172072.0
2015-04-21,56.9,62.17,56.9,62.17,2284381.0,137275584.0
2015-04-22,62.3,67.69,62.3,64.2,2470371.0,160806400.0
2015-04-23,64.5,64.99,63.06,64.34,1779202.0,114200760.0
2015-04-24,62.94,70.35,62.5,69.53,4101092.0,277857344.0
2015-04-27,68.99,72.5,67.6,68.59,2746910.0,190346192.0
2015-04-28,68.5,69.1,62.72,64.15,2568539.0,167109456.0
2015-04-29,64.0,68.0,63.0,67.13,2117569.0,139929792.0
2015-04-30,66.88,70.0,66.0,66.07,2597705.0,176074752.0
2015-05-04,65.8,66.0,63.5,65.1,1337164.0,86584736.0
2015-05-05,65.49,65.5,62.55,63.43,1243950.0,79810768.0
2015-05-06,64.48,67.58,63.67,65.01,2356878.0,155115376.0
2015-05-07,63.8,64.14,61.0,62.11,2102864.0,131570480.0
2015-05-08,63.5,68.32,63.02,68.32,3338460.0,221752640.0
2015-05-11,69.6,75.15,67.0,75.15,3642582.0,257866176.0
2015-05-12,78.87,79.9,73.01,77.52,4181156.0,322640768.0
2015-05-13,74.5,78.73,73.51,76.64,2582946.0,196852208.0
2015-05-14,76.2,82.88,75.75,79.97,2846825.0,225813616.0
2015-05-15,78.0,80.48,75.02,77.78,2165724.0,168420000.0
2015-05-18,77.75,84.0,77.31,83.65,2410795.0,197013888.0
2015-05-19,83.65,88.54,80.91,82.5,2223820.0,185767888.0
2015-05-20,82.3,88.5,81.5,84.24,2028935.0,173478944.0
2015-05-21,84.23,86.2,82.0,84.58,2078446.0,174231216.0
2015-05-22,86.0,87.77,79.58,83.55,2305917.0,190063104.0
2015-05-25,80.8,84.8,80.2,84.2,2062222.0,170698704.0
2015-05-26,85.0,92.53,84.2,90.19,3207388.0,287247264.0
2015-05-27,89.0,99.08,87.01,98.11,3582090.0,333167104.0
2015-05-28,97.0,106.5,91.0,92.3,3672841.0,369845920.0
2015-05-29,92.5,97.48,87.1,94.22,2663894.0,248347440.0
2015-06-01,93.62,95.98,92.0,94.95,1925196.0,181316704.0
2015-06-02,98.21,98.86,94.7,97.31,1912962.0,185038656.0
2015-06-03,97.0,97.0,91.58,93.84,1745023.0,164299024.0
2015-06-04,93.88,94.5,84.46,88.46,2359088.0,206735072.0
2015-06-05,90.3,92.45,87.46,89.27,1520016.0,136787152.0
2015-06-08,90.0,90.49,82.0,82.51,1832525.0,155236000.0
2015-06-09,82.91,85.3,81.78,85.14,3245062.0,269942592.0
2015-06-10,83.44,88.45,82.02,86.73,2281675.0,196310464.0
2015-06-11,86.56,87.32,85.09,86.51,1720202.0,147828592.0
2015-06-12,86.15,90.99,86.15,89.81,2662190.0,236684000.0
2015-06-15,90.0,96.0,81.2,82.65,4949749.0,417259008.0
2015-06-16,80.04,83.0,74.89,75.82,2527157.0,196822560.0
2015-06-17,76.5,79.49,75.4,78.9,1747072.0,135033072.0
2015-06-18,79.19,81.19,74.51,75.02,1630133.0,127574224.0
2015-06-19,73.7,73.7,67.52,67.52,1520704.0,107629256.0
2015-06-23,68.09,70.5,64.02,70.35,1730197.0,118670736.0
2015-06-24,71.4,73.4,69.26,71.39,1667606.0,119212272.0
2015-06-25,71.6,72.03,66.08,66.88,1470584.0,102601040.0
2015-06-26,65.3,65.3,60.19,60.19,1988354.0,123361448.0
2015-06-29,62.0,62.0,54.17,54.17,1895206.0,107273992.0
2015-06-30,52.23,59.59,48.75,59.51,3621679.0,196912528.0
2015-07-01,58.0,61.97,54.23,54.27,2433463.0,143657632.0
2015-07-02,53.01,55.6,49.5,50.04,2272620.0,118746688.0
2015-07-03,48.67,51.98,45.11,47.51,2259398.0,108983784.0
2015-07-06,52.26,52.26,42.76,42.76,4062821.0,187046752.0
2015-07-07,40.01,40.01,38.48,38.48,1168700.0,45360416.0
2015-07-08,34.63,34.63,34.63,34.63,311300.0,10780319.0
2015-07-13,38.09,38.09,38.09,38.09,103300.0,3934697.0
2015-07-14,41.9,41.9,41.9,41.9,29810.0,1249039.0
2015-07-15,46.09,46.09,43.19,43.35,7851916.0,355273632.0
2015-07-16,39.59,47.6,39.59,45.98,4453485.0,197260784.0
2015-07-17,46.1,50.58,45.48,50.57,4018492.0,195363952.0
2015-07-20,50.48,55.63,49.8,55.63,4905942.0,259867056.0
2015-07-21,56.1,60.1,55.0,57.13,3938795.0,228174464.0
2015-07-22,56.01,59.6,55.56,58.31,2956747.0,170625904.0
2015-07-23,58.6,63.9,57.25,61.8,2847394.0,172211136.0
2015-07-24,61.2,64.29,59.0,60.76,3137101.0,194725392.0
2015-07-27,58.5,61.38,54.68,54.68,2432058.0,142254640.0
2015-07-28,49.21,52.35,49.21,49.21,4347067.0,216338576.0
2015-07-29,49.5,52.22,44.51,52.0,5291965.0,255277168.0
2015-07-30,51.0,53.9,49.86,50.16,4505208.0,232935296.0
2015-07-31,48.0,50.7,46.58,47.35,2709413.0,130916648.0
2015-08-03,46.43,47.37,43.02,44.97,2754523.0,124312368.0
2015-08-04,45.21,49.47,45.21,49.47,3724412.0,178892000.0
2015-08-05,49.61,51.67,48.66,49.51,3498937.0,175365408.0
2015-08-06,48.0,51.28,47.41,49.66,2693671.0,133025736.0
2015-08-07,50.46,53.74,49.7,53.6,3658319.0,189987632.0
2015-08-10,53.87,57.36,53.18,56.24,3421199.0,186480384.0
2015-08-11,55.58,56.74,54.19,55.21,2874760.0,159689104.0
2015-08-12,55.18,56.48,53.65,53.98,2598468.0,143184368.0
2015-08-13,53.97,58.69,53.68,58.39,3392491.0,189208496.0
2015-08-14,58.42,61.1,56.59,56.77,3428582.0,200416320.0
2015-08-17,56.98,58.17,56.02,57.21,2347554.0,133334856.0
2015-08-18,57.61,58.16,51.49,51.49,2805424.0,154064336.0
2015-08-19,49.06,53.17,46.44,52.3,2998326.0,148646448.0
2015-08-20,51.66,54.97,50.86,51.02,2294248.0,120700800.0
2015-08-21,49.15,51.06,46.35,46.62,1806076.0,87863904.0
2015-08-24,44.11,44.93,41.95,41.95,1209100.0,51270784.0
2015-08-25,37.76,40.12,37.76,37.76,1859247.0,71183152.0
2015-08-26,38.22,40.63,36.29,37.26,2971027.0,114603000.0
2015-08-27,38.62,39.63,36.32,39.34,1964297.0,75398952.0
2015-08-28,39.98,43.12,39.35,42.46,2045277.0,82989296.0
2015-08-31,41.63,41.63,38.54,38.77,1847140.0,74091904.0
2015-09-01,37.7,38.72,34.9,34.9,2239441.0,79489360.0
2015-09-02,32.77,36.25,32.1,32.73,1797027.0,61035520.0
2015-09-07,33.89,35.44,33.41,34.42,1800286.0,61930712.0
2015-09-08,33.61,37.8,33.11,37.27,1976696.0,70075048.0
2015-09-09,37.62,39.73,37.33,39.37,2486914.0,96150304.0
2015-09-10,38.4,39.05,38.12,38.18,1542373.0,59286680.0
2015-09-11,38.32,40.11,38.18,39.68,1976196.0,77472632.0
2015-09-14,40.05,40.68,35.71,35.71,1775896.0,67489696.0
2015-09-15,33.71,35.11,32.14,32.49,2016952.0,67798080.0
2015-09-16,32.95,35.74,32.95,35.74,1604889.0,54769936.0
2015-09-17,35.74,39.32,35.03,37.02,3082424.0,116112496.0
2015-09-18,38.43,40.72,37.35,40.72,3996770.0,156152608.0
2015-09-21,40.44,42.17,39.63,42.15,3867037.0,158508256.0
2015-09-22,42.03,42.26,40.18,41.3,3141549.0,129801448.0
2015-09-23,40.19,42.63,40.18,41.69,2843236.0,117890728.0
2015-09-24,41.65,43.02,41.13,41.73,1992886.0,83519760.0
2015-09-25,41.35,41.98,38.57,39.02,2403641.0,96264576.0
2015-09-28,38.32,42.13,38.32,42.01,2055858.0,83071840.0
2015-09-29,41.12,41.78,40.42,41.54,1885226.0,77403016.0
2015-09-30,41.46,42.02,40.53,41.5,1453635.0,60197800.0
2015-10-08,43.13,45.04,42.13,44.32,2388794.0,104185912.0
2015-10-09,44.02,44.57,43.52,44.15,1976124.0,86740024.0
2015-10-12,44.25,47.65,44.25,46.96,2180989.0,100834992.0
2015-10-13,46.65,48.76,46.3,48.71,2281297.0,108924200.0
2015-10-14,48.11,48.61,46.91,47.14,2035804.0,96704872.0
2015-10-15,46.47,51.83,46.37,51.59,3255301.0,160482560.0
2015-10-16,51.14,51.83,49.66,51.13,2579021.0,130435048.0
2015-10-19,51.16,51.29,48.76,50.18,1840419.0,91958728.0
2015-10-20,50.67,53.06,49.92,52.63,2435735.0,126605600.0
2015-10-21,52.26,52.58,47.36,47.46,3241046.0,161963136.0
2015-10-22,47.65,50.04,47.64,49.47,2479223.0,121073640.0
2015-10-23,50.16,53.82,50.06,53.07,3599641.0,186894784.0
2015-10-26,53.68,57.42,51.87,55.71,3031623.0,165694176.0
2015-10-27,54.37,57.13,52.23,56.79,2317104.0,126573496.0
2015-10-28,56.68,56.68,53.05,54.05,1681197.0,92411528.0
2015-10-29,54.49,55.17,52.67,53.54,1648431.0,88707640.0
2015-10-30,53.47,56.98,51.75,55.11,2967997.0,161376672.0
2015-11-02,53.27,60.61,53.27,58.97,4102106.0,240792352.0
2015-11-03,58.69,63.3,58.29,61.33,3580427.0,216468096.0
2015-11-04,62.18,67.33,60.98,66.15,3246542.0,205805488.0
2015-11-05,65.51,72.23,65.34,67.98,3520721.0,240252800.0
2015-11-06,66.71,70.22,66.71,69.37,2977702.0,202349328.0
2015-11-09,68.22,76.31,68.02,76.31,3573773.0,260688096.0
2015-11-10,76.56,83.15,74.24,78.94,3592728.0,281684032.0
2015-11-11,77.35,85.27,76.68,84.4,3414448.0,276805184.0
2015-11-12,85.26,85.47,80.26,83.0,3943848.0,325901664.0
2015-11-13,80.25,82.2,74.7,74.7,4668971.0,358820800.0
2015-11-16,71.85,82.17,71.85,82.17,3973350.0,312829920.0
2015-11-17,83.57,88.48,82.45,82.9,4287775.0,368729088.0
2015-11-18,81.91,84.77,76.24,81.19,2646273.0,212963312.0
2015-11-19,81.26,89.31,81.26,89.31,3246209.0,279657984.0
2015-11-20,93.25,98.23,90.39,98.23,4087143.0,387196704.0
2015-11-23,96.31,105.24,94.8,99.63,3735691.0,368215904.0
2015-11-24,102.83,109.59,102.44,109.59,2838253.0,305817056.0
2015-11-25,119.37,119.37,105.34,113.59,4492501.0,503141056.0
2015-11-26,110.8,113.56,104.73,107.49,2853797.0,310668864.0
2015-11-27,105.32,109.95,97.32,101.76,3087340.0,317933824.0
2015-11-30,103.13,110.83,98.33,109.44,3516710.0,364490496.0
2015-12-01,107.34,108.19,98.5,98.5,2750595.0,283393728.0
2015-12-02,94.3,96.17,89.29,91.08,3379200.0,310128288.0
2015-12-03,92.3,95.28,91.2,94.63,2209876.0,206638699.0
2015-12-04,94.97,96.64,90.51,91.9,2358028.0,221325840.0
2015-12-07,94.71,101.09,93.05,100.92,3135795.0,301519506.0
2015-12-08,98.31,105.34,95.48,101.22,2989677.0,300148800.0
2015-12-09,102.33,110.55,102.33,107.9,3291528.0,354418659.0
2015-12-10,105.37,112.86,101.84,108.35,2943679.0,314991904.0
2015-12-11,106.96,113.75,100.33,101.42,1853026.0,196969104.0
2015-12-14,97.31,105.29,93.92,104.44,1925566.0,187171664.0
2015-12-15,104.19,110.15,101.33,105.21,1439399.0,153815536.0
2015-12-16,106.03,115.43,106.03,114.29,2308063.0,255743232.0
2015-12-17,113.46,125.35,111.86,120.19,2222247.0,261608432.0
2015-12-18,118.88,124.9,116.57,116.94,1377587.0,165118896.0
2015-12-21,117.58,124.4,112.86,115.16,1403688.0,165422032.0
2015-12-22,113.86,114.37,108.37,113.27,2239324.0,247657635.0
2015-12-23,111.34,116.27,110.45,111.73,1790232.0,203325664.0
2015-12-24,108.35,114.85,107.67,114.36,1577457.0,176731360.0
2015-12-25,113.76,114.45,102.99,108.18,2482510.0,268173010.0
2015-12-28,108.18,108.35,101.83,102.59,1652018.0,172361860.0
2015-12-29,101.12,103.3,96.31,98.79,1944973.0,190527208.0
2015-12-30,99.42,102.82,96.53,98.79,2937705.0,292097978.0
2015-12-31,99.26,101.02,94.5,98.13,1816553.0,175947897.0
2016-01-04,95.54,97.66,88.32,88.32,1689687.0,155295413.0
2016-01-05,82.26,90.79,80.46,86.71,2122758.0,183238683.0
2016-01-06,87.61,90.09,83.43,89.69,2214716.0,192472962.0
2016-01-07,86.27,88.29,80.72,80.72,486800.0,41300737.0
2016-01-08,84.27,88.27,76.25,82.5,4604668.0,382867918.0
2016-01-11,78.99,83.27,74.29,74.3,2439914.0,190998749.0
2016-01-12,75.24,76.42,72.83,73.33,2519787.0,187180712.0
2016-01-13,73.17,74.24,66.0,66.0,3036839.0,210662852.0
2016-01-14,62.7,71.13,61.7,69.9,3362879.0,224753891.0
2016-01-15,68.22,69.43,64.76,65.81,2627831.0,175349579.0
2016-01-18,65.03,71.13,63.2,69.59,2880988.0,196508159.0
2016-01-19,68.73,74.11,68.18,73.96,2694665.0,192235940.0
2016-01-20,72.62,73.23,70.53,71.03,3523024.0,252306171.0
2016-01-21,70.62,74.54,69.22,70.08,2746257.0,197353282.0
2016-01-22,70.08,72.22,68.02,71.25,2787792.0,195541627.0
2016-01-25,72.23,74.32,70.38,71.76,1907983.0,138085689.0
2016-01-26,70.82,70.82,64.59,64.62,2015899.0,135725683.0
2016-01-27,65.21,67.14,64.55,66.22,3176908.0,207312212.0
2016-01-28,66.25,68.11,60.9,61.03,2048365.0,133203998.0
2016-01-29,60.21,66.36,57.18,64.67,1998340.0,124427633.0
2016-02-01,63.2,64.08,59.19,60.68,2010183.0,123838190.0
2016-02-02,61.2,66.75,60.69,65.23,2039772.0,131964755.0
2016-02-03,64.21,66.14,63.38,65.52,1332227.0,85599295.0
2016-02-04,66.14,71.68,66.14,68.08,2131282.0,147210633.0
2016-02-05,69.2,70.73,67.09,67.25,1094667.0,74816631.0
2016-02-15,63.7,66.97,63.25,66.2,1209565.0,78578686.0
2016-02-16,67.03,71.73,67.0,70.31,1794485.0,125466087.0
2016-02-17,70.22,71.93,68.23,71.86,2077067.0,145774498.0
2016-02-18,71.23,71.89,69.67,70.17,1937554.0,136679892.0
2016-02-19,69.25,72.78,69.25,71.4,1698834.0,120374552.0
2016-02-22,72.83,73.74,70.06,71.37,2651003.0,188839277.0
2016-02-23,71.21,71.23,67.98,69.18,1878349.0,129993756.0
2016-02-24,69.1,69.56,62.67,65.95,3147581.0,204757486.0
2016-02-25,65.1,65.19,59.36,59.36,2903483.0,178628995.0
2016-02-26,59.9,61.17,56.2,58.35,2002848.0,117919622.0
2016-02-29,57.43,57.58,52.51,52.51,1675005.0,89310988.0
2016-03-01,52.42,52.95,48.62,52.16,3523232.0,179256504.0
2016-03-02,51.63,54.67,51.24,54.17,3949463.0,209748719.0
2016-03-03,54.37,59.59,54.37,59.59,5016302.0,290812714.0
2016-03-04,58.41,59.97,53.89,54.15,4829513.0,273253591.0
2016-03-07,54.32,57.78,54.28,55.33,3133253.0,175658917.0
2016-03-08,55.18,55.36,50.16,54.69,2763462.0,145713593.0
2016-03-09,52.15,54.52,51.16,52.47,1691490.0,89294021.0
2016-03-10,52.46,53.54,51.74,52.24,1415376.0,74240501.0
2016-03-11,51.16,54.05,50.23,53.05,1938329.0,101541009.0
2016-03-14,54.24,58.36,54.05,56.72,3584882.0,203457677.0
2016-03-15,56.18,56.67,54.7,54.77,2344470.0,129753871.0
2016-03-16,55.99,56.18,52.99,53.8,1871271.0,101744548.0
2016-03-17,54.16,57.88,53.68,57.84,3278082.0,184464294.0
2016-03-18,57.85,63.63,57.36,63.63,5459201.0,333264259.0
2016-03-21,65.16,66.87,64.21,66.27,4355705.0,284886574.0
2016-03-22,65.22,66.36,63.77,65.16,2227853.0,144439344.0
2016-03-23,65.21,70.6,64.31,70.07,3936279.0,265260314.0
2016-03-24,68.12,70.25,67.57,68.9,4040938.0,277513468.0
2016-03-25,67.39,69.21,65.91,67.65,2347687.0,157594017.0
2016-03-28,67.93,71.75,65.21,65.7,3525003.0,240398257.0
2016-03-29,65.7,65.95,62.08,63.29,3663776.0,232264496.0
2016-03-30,61.8,66.1,60.37,65.76,5725502.0,360288573.0
2016-03-31,65.21,67.71,64.03,64.08,4105392.0,270015652.0
2016-04-01,63.2,63.66,60.8,62.49,3333823.0,206033403.0
2016-04-05,61.8,66.81,61.8,65.99,3894724.0,251325913.0
2016-04-06,65.51,67.08,64.34,66.0,3153852.0,206765116.0
2016-04-07,67.8,69.22,64.86,65.32,4641377.0,309779537.0
2016-04-08,64.23,64.29,62.52,63.73,2749038.0,173657737.0
2016-04-11,64.11,66.56,64.11,65.61,2827302.0,185029507.0
2016-04-12,65.41,66.71,63.7,65.55,2541511.0,164609049.0
2016-04-13,65.79,69.82,65.79,67.08,4449066.0,300170352.0
2016-04-14,67.37,68.67,66.36,68.39,2903820.0,195557577.0
2016-04-15,68.22,69.66,67.22,68.2,2895360.0,197530761.0
2016-04-18,66.75,66.75,64.81,65.07,2468521.0,160972208.0
2016-04-19,65.69,65.99,64.24,65.26,1809221.0,117372009.0
2016-04-20,65.71,66.39,58.74,58.74,3794447.0,232482195.0
2016-04-21,58.1,58.69,55.18,55.85,2198524.0,126087740.0
2016-04-22,55.56,57.4,54.9,57.33,1829660.0,102795735.0
2016-04-25,57.08,57.08,55.18,56.27,1502390.0,83948209.0
2016-04-26,56.18,57.38,55.78,57.26,1394411.0,78936481.0
2016-04-27,56.18,57.17,55.63,56.12,1793388.0,100718363.0
2016-04-28,55.88,57.77,53.37,57.19,2698895.0,149259510.0
2016-04-29,56.26,56.68,55.01,55.49,1894336.0,105576260.0
2016-05-03,55.48,60.16,54.72,59.96,2561759.0,146246390.0
2016-05-04,59.09,60.3,58.44,58.88,2222953.0,131388488.0
2016-05-05,58.87,59.77,57.78,59.39,1525775.0,89706633.0
2016-05-06,59.19,59.75,53.7,54.29,2920164.0,165212675.0
2016-05-09,53.17,53.17,51.68,52.32,1953166.0,102120824.0
2016-05-10,52.05,54.15,51.92,52.95,1554237.0,82432370.0
2016-05-11,53.42,53.82,51.84,52.3,1255434.0,66079772.0
2016-05-12,51.66,52.72,50.36,52.17,1121667.0,57759336.0
2016-05-13,52.14,52.87,50.74,51.17,1386207.0,71447653.0
2016-05-16,51.52,52.62,50.91,52.3,1357463.0,69804050.0
2016-05-17,52.18,53.76,51.37,53.03,1928641.0,100970984.0
2016-05-18,52.27,52.45,50.86,51.81,1633012.0,83738425.0
2016-05-19,51.97,54.66,51.87,53.19,2566544.0,137039894.0
2016-05-20,52.28,54.77,52.18,54.53,1863343.0,99900842.0
2016-05-23,55.08,56.68,54.53,55.66,2045600.0,113347695.0
2016-05-24,55.28,56.03,54.62,55.5,1599068.0,87948477.0
2016-05-25,56.08,57.28,54.18,55.16,1584321.0,88707634.0
2016-05-26,54.83,56.68,53.83,56.4,1606950.0,88400389.0
2016-05-27,56.38,56.69,55.86,56.2,1152389.0,64698712.0
2016-05-30,55.34,56.68,55.18,55.73,993015.0,55375025.0
2016-05-31,55.78,61.31,55.78,61.31,4146296.0,247101633.0
2016-06-01,62.07,62.78,60.99,61.53,2990773.0,183551081.0
2016-06-02,61.56,63.78,61.53,62.86,2052497.0,128136564.0
2016-06-03,62.9,63.85,61.77,62.61,2115611.0,132601325.0
2016-06-06,62.6,63.41,62.21,62.85,1457945.0,91261532.0
2016-06-07,62.61,64.26,62.2,64.06,2017164.0,126906834.0
2016-06-08,63.6,64.21,62.4,63.26,1618713.0,102205604.0
2016-06-13,62.14,62.8,56.93,56.93,2121738.0,127013551.0
2016-06-14,56.48,57.69,56.18,57.3,1046894.0,59578981.0
2016-06-15,57.17,61.42,56.39,60.55,1576500.0,94186544.0
2016-06-16,60.7,61.68,60.07,60.85,1387148.0,84240519.0
2016-06-17,61.15,63.6,61.15,61.92,1401319.0,87495921.0
2016-06-20,62.7,64.81,61.41,63.87,1817839.0,114886579.0
2016-06-21,64.42,65.31,62.0,62.51,1694802.0,106872270.0
2016-06-22,62.1,64.18,62.1,64.11,1593900.0,100544923.0
2016-06-23,63.91,68.72,63.71,67.58,3200050.0,214201902.0
2016-06-24,67.69,67.81,63.2,66.75,2606049.0,172856160.0
2016-06-27,65.41,71.03,65.39,69.2,4622656.0,319869624.0
2016-06-28,69.72,71.73,69.22,70.11,3047660.0,214090859.0
2016-06-29,70.56,70.63,68.73,69.29,2062058.0,142730136.0
2016-06-30,70.23,70.62,68.6,69.22,1614906.0,111581577.0
2016-07-01,69.31,71.2,68.51,68.55,1776372.0,123419039.0
2016-07-04,67.35,70.22,66.83,68.91,1888199.0,130087113.0
2016-07-05,69.41,69.97,67.7,68.7,2488266.0,169746285.0
2016-07-06,68.31,70.37,67.84,69.62,1919708.0,132322555.0
2016-07-07,69.41,73.42,68.91,71.78,2442484.0,172026553.0
2016-07-08,71.63,72.37,70.43,71.14,1620698.0,115029940.0
2016-07-11,70.8,71.17,68.91,70.01,1954795.0,135821331.0
2016-07-12,69.73,76.96,66.81,74.71,3839082.0,274303822.0
2016-07-13,74.44,78.97,74.14,76.86,2310455.0,174505872.0
2016-07-14,76.36,76.46,74.8,75.36,1130326.0,84973115.0
2016-07-15,75.65,77.36,74.83,74.87,965032.0,72732887.0
2016-07-18,74.44,75.95,73.45,74.29,991194.0,73860157.0
2016-07-19,75.29,75.44,73.84,74.96,688816.0,51184274.0
2016-07-20,74.83,76.96,74.76,76.3,1049661.0,79089779.0
2016-07-21,76.2,79.58,74.95,77.67,1593230.0,122023339.0
2016-07-22,78.2,80.43,76.55,78.44,2169080.0,170033004.0
2016-07-25,81.48,81.48,73.09,73.33,3019417.0,227105924.0
2016-07-26,73.22,76.03,70.65,75.33,2080537.0,152629862.0
2016-07-27,75.45,76.41,71.22,72.29,1936499.0,141460981.0
2016-07-28,72.97,73.6,68.61,72.19,1706815.0,120973847.0
2016-07-29,72.19,72.92,70.43,70.74,684035.0,48495716.0
2016-08-01,68.91,71.93,68.41,71.43,1127087.0,78303018.0
2016-08-02,72.43,72.43,69.92,72.06,647515.0,45687159.0
2016-08-03,72.23,72.23,71.07,71.99,488133.0,34747117.0
2016-08-04,71.79,72.94,71.46,72.84,757800.0,54460466.0
2016-08-05,72.45,73.44,72.03,72.5,443170.0,32024075.0
2016-08-08,72.38,73.44,71.77,72.94,450621.0,32563969.0
2016-08-09,72.99,73.44,72.46,73.37,523156.0,37950159.0
2016-08-10,73.42,75.42,72.83,73.4,627314.0,45796886.0
2016-08-11,74.04,74.04,71.43,71.72,517300.0,37343586.0
2016-08-12,71.62,71.62,69.92,70.89,495957.0,34807216.0
2016-08-15,71.17,73.75,70.52,73.5,1144770.0,82597440.0
2016-08-16,73.56,74.74,73.25,74.35,1032700.0,76130666.0
2016-08-17,74.35,75.4,73.8,74.33,1100631.0,81605391.0
2016-08-18,73.49,74.32,73.44,73.63,446565.0,32765826.0
2016-08-19,74.04,74.04,73.04,73.11,417500.0,30451314.0
2016-08-22,72.7,73.72,70.85,70.91,536250.0,38220178.0
2016-08-23,70.62,72.23,69.41,71.36,409275.0,29071790.0
2016-08-24,71.61,71.71,70.51,70.77,336136.0,23781073.0
2016-08-25,71.22,71.22,69.93,70.3,390679.0,27298894.0
2016-08-26,70.87,71.33,69.92,70.31,401400.0,28229690.0
2016-08-29,70.22,70.95,70.18,70.61,236500.0,16578256.0
2016-08-30,70.92,73.03,70.42,72.27,683010.0,48540223.0
2016-08-31,72.83,73.8,71.64,73.6,688613.0,49695287.0
2016-09-01,72.53,73.83,72.53,72.64,339670.0,24724870.0
2016-09-02,72.14,72.86,71.83,71.89,289710.0,20797195.0
2016-09-05,71.47,74.85,71.47,74.71,1512546.0,110834866.0
2016-09-06,74.38,75.45,73.76,74.71,710147.0,52605825.0
2016-09-07,74.43,75.03,74.02,74.04,506652.0,37504822.0
2016-09-08,74.07,74.92,73.86,74.33,308828.0,22835981.0
2016-09-09,74.33,74.64,72.31,74.36,868224.0,63530878.0
2016-09-12,73.32,74.14,72.24,72.29,416377.0,30174151.0
2016-09-13,72.29,73.14,72.29,72.71,591395.0,42788594.0
2016-09-14,72.69,73.51,72.43,73.42,578524.0,42036873.0
2016-09-19,73.82,74.29,72.97,74.26,1067575.0,78187167.0
2016-09-20,74.07,77.76,73.85,74.71,2157789.0,162535697.0
2016-09-21,74.39,75.15,74.04,74.28,574500.0,42541549.0
2016-09-22,74.43,75.11,73.96,74.27,409683.0,30346101.0
2016-09-23,74.64,74.88,72.46,72.95,599778.0,44069581.0
2016-09-26,72.83,72.83,69.59,70.17,909599.0,63907084.0
2016-09-27,69.44,70.67,68.01,70.19,926688.0,63644158.0
2016-09-28,70.19,70.42,69.41,69.56,1008550.0,69890167.0
2016-09-29,69.67,70.42,68.41,70.03,356964.0,24725737.0
2016-09-30,69.76,70.41,69.32,70.23,407192.0,28255620.0
2016-10-10,70.92,72.89,70.27,72.51,618438.0,44146558.0
2016-10-11,72.55,72.88,71.93,72.57,433220.0,31142814.0
2016-10-12,72.44,72.83,71.74,72.17,230400.0,16517643.0
2016-10-13,72.14,72.89,71.54,72.43,394770.0,28281952.0
2016-10-14,71.97,73.24,71.59,72.76,763400.0,55120972.0
2016-10-17,74.97,74.97,72.13,72.36,572200.0,41936019.0
2016-10-18,71.45,72.8,71.43,72.74,343300.0,24652023.0
2016-10-19,72.62,72.94,72.03,72.22,260100.0,18723546.0
2016-10-20,72.21,72.63,71.91,72.17,266949.0,19157161.0
2016-10-21,72.05,72.43,70.12,70.82,1421236.0,99668739.0
2016-10-24,70.42,73.88,70.42,73.36,864612.0,62472614.0
2016-10-25,73.44,74.17,72.83,73.25,446244.0,32608171.0
2016-10-26,73.14,74.12,73.04,73.84,802048.0,58784528.0
2016-10-27,73.74,75.23,73.35,74.33,917200.0,67954753.0
2016-10-28,74.64,74.88,73.97,74.25,575538.0,42555456.0
2016-10-31,73.89,75.62,73.88,75.6,1095142.0,81675102.0
2016-11-01,75.63,78.79,75.63,77.88,1495667.0,115861629.0
2016-11-02,77.81,79.42,77.35,77.81,941125.0,73121793.0
2016-11-03,77.56,78.66,77.52,77.98,1093570.0,85147726.0
2016-11-04,78.56,79.73,77.97,79.44,1670506.0,130501927.0
2016-11-07,79.95,84.92,79.45,81.49,2473597.0,202133624.0
2016-11-08,82.14,84.69,81.51,84.39,1623876.0,135186555.0
2016-11-09,83.72,85.95,81.49,85.08,1397049.0,117645559.0
2016-11-10,84.89,89.53,84.8,89.47,1700160.0,148712502.0
2016-11-11,89.47,91.57,88.56,88.82,1910900.0,171505852.0
2016-11-14,87.9,87.9,83.51,83.99,1938837.0,164180018.0
2016-11-15,83.99,86.01,82.37,85.75,1483289.0,123902855.0
2016-11-16,85.51,88.33,85.07,85.15,1223754.0,104984008.0
2016-11-17,85.9,86.11,83.58,85.99,743685.0,62749939.0
2016-11-18,86.21,87.88,85.99,86.93,878608.0,75956170.0
2016-11-21,87.02,87.56,86.17,87.35,889211.0,76807541.0
2016-11-22,86.92,91.18,86.87,89.66,1778294.0,157586561.0
2016-11-23,89.41,89.99,87.65,89.02,1037703.0,91516248.0
2016-11-24,89.02,90.9,88.03,90.71,1129968.0,101363470.0
2016-11-25,90.4,93.56,89.53,93.55,2433120.0,223252001.0
2016-11-28,96.58,99.39,90.62,91.22,2566364.0,242665558.0
2016-11-29,89.41,98.34,88.98,97.9,2573598.0,244566005.0
2016-11-30,97.9,99.99,96.47,98.32,2048509.0,201164441.0
2016-12-01,98.08,100.1,96.2,98.9,1708738.0,167418653.0
2016-12-02,98.9,99.24,94.56,96.54,1633800.0,157941770.0
2016-12-05,95.77,97.08,94.69,96.87,833233.0,79973914.0
2016-12-06,96.93,97.68,95.92,96.6,635200.0,61156203.0
2016-12-07,96.09,96.88,93.26,95.18,399704.0,37636903.0
2016-12-08,94.56,96.15,92.15,95.03,847300.0,79382317.0
2016-12-09,95.21,97.58,93.95,95.38,777600.0,74175513.0
2016-12-12,95.38,95.57,90.31,92.84,996294.0,92036531.0
2016-12-13,91.55,93.36,83.56,87.38,3391218.0,286457018.0
2016-12-14,86.52,88.51,82.4,87.25,1882756.0,160151460.0
2016-12-15,86.51,90.02,85.51,89.56,987530.0,86999091.0
2016-12-16,91.23,91.55,89.31,90.56,578900.0,51672114.0
2016-12-19,90.54,90.82,89.03,89.64,312973.0,27947829.0
2016-12-20,89.93,91.71,88.92,91.57,1280198.0,114926508.0
2016-12-21,91.25,91.55,90.04,91.38,381410.0,34543874.0
2016-12-22,90.74,92.55,90.06,91.98,740600.0,67300873.0
2016-12-23,91.55,92.55,91.39,92.18,511866.0,46730409.0
2016-12-26,92.04,92.25,88.55,90.59,299753.0,26998994.0
2016-12-27,89.58,91.14,89.24,90.37,407372.0,36435752.0
2016-12-28,91.11,91.11,89.01,89.52,292100.0,26004620.0
2016-12-29,89.52,90.34,88.62,89.03,308268.0,27290040.0
2016-12-30,89.89,90.94,88.35,90.74,530650.0,47308862.0
2017-01-03,90.52,91.33,89.58,90.64,378529.0,34050686.0
2017-01-04,91.14,91.55,90.42,91.46,571771.0,51911435.0
2017-01-05,91.39,93.56,90.69,92.75,409601.0,37726681.0
2017-01-06,93.03,97.08,92.73,95.56,723646.0,68667453.0
2017-01-09,94.62,96.38,94.62,96.03,385700.0,36725235.0
2017-01-10,95.96,97.58,95.3,97.18,412325.0,39536173.0
2017-01-11,96.59,97.05,93.57,95.44,320150.0,30319209.0
2017-01-12,95.44,95.89,93.96,95.25,574956.0,54246803.0
2017-01-13,95.77,97.18,95.07,96.75,1558818.0,149032228.0
2017-01-16,96.76,97.38,87.52,93.02,1406269.0,131734815.0
2017-01-17,92.05,94.54,89.04,93.3,1165520.0,107804833.0
2017-01-18,93.26,93.26,89.87,90.45,421400.0,38349419.0
2017-01-19,90.5,92.6,87.95,91.52,1059622.0,94289071.0
2017-01-20,91.05,91.05,89.43,90.01,751150.0,67324341.0
2017-01-23,89.45,91.25,88.53,89.75,639500.0,57151447.0
2017-01-24,90.14,92.55,87.62,90.54,788950.0,70543576.0
2017-01-25,91.04,91.04,89.64,89.84,876600.0,78671531.0
2017-01-26,89.84,90.54,89.07,90.21,505900.0,45141361.0
2017-02-03,90.42,90.42,88.43,90.23,418250.0,37181288.0
2017-02-06,89.53,90.43,89.16,90.35,525600.0,46957980.0
2017-02-07,89.85,90.5,89.3,90.38,349600.0,31265146.0
2017-02-08,90.23,90.31,89.67,89.86,618372.0,55348461.0
2017-02-09,90.04,90.26,89.23,89.94,466300.0,41606140.0
2017-02-10,89.93,92.55,89.56,92.51,959532.0,87402480.0
2017-02-13,92.51,94.55,92.51,94.49,811814.0,75830132.0
2017-02-14,94.49,95.06,93.39,94.44,495124.0,46465943.0
2017-02-15,94.52,95.07,94.06,94.59,726300.0,68297169.0
2017-02-16,94.06,94.56,93.06,93.94,811432.0,75676508.0
2017-02-17,92.58,94.56,92.45,93.89,620299.0,57586415.0
2017-02-20,93.96,93.96,90.64,93.5,427116.0,39530549.0
2017-02-21,93.5,93.73,92.55,92.95,748663.0,69419188.0
2017-02-22,92.63,93.16,91.85,93.03,591762.0,54521990.0
2017-02-23,93.11,93.2,92.56,93.05,367970.0,34007757.0
2017-02-24,93.03,93.71,92.6,93.54,1149870.0,106546705.0
2017-02-27,93.86,95.57,93.16,95.01,1252800.0,118208737.0
2017-02-28,94.56,96.42,94.06,96.14,1423071.0,135191637.0
2017-03-03,97.88,99.72,86.53,95.69,2784354.0,262215689.0
2017-03-06,94.7,96.0,94.06,94.88,1694175.0,159766385.0
2017-03-07,94.93,94.94,92.25,93.12,1107239.0,102818761.0
2017-03-08,92.61,93.23,91.56,92.67,957000.0,88141793.0
2017-03-09,92.55,92.66,88.53,91.83,950586.0,85766613.0
2017-03-10,93.36,95.17,92.25,94.32,1157135.0,107894599.0
2017-03-13,94.3,94.54,92.55,94.22,693186.0,64690257.0
2017-03-14,93.67,95.48,93.67,94.08,775776.0,72936101.0
2017-03-15,93.55,94.54,93.36,93.62,851700.0,79571542.0
2017-03-16,93.88,97.25,93.65,95.81,2479545.0,236238510.0
2017-03-17,96.58,99.09,94.06,97.63,4604138.0,441367275.0
2017-03-20,97.78,99.8,97.69,98.59,3876848.0,381110577.0
2017-03-21,98.19,99.57,94.95,98.93,5115059.0,492439804.0
2017-03-22,97.38,98.18,95.97,96.25,3364429.0,323284237.0
2017-03-23,96.12,96.64,87.82,96.09,6289700.0,581738032.0
2017-03-24,94.47,95.22,93.17,93.83,2659500.0,249514223.0
2017-03-27,94.06,94.77,92.66,94.38,2178938.0,203426771.0
2017-03-28,94.52,95.06,92.79,94.69,2412236.0,226579846.0
2017-03-29,94.67,95.97,93.44,94.67,2186684.0,205374507.0
2017-03-30,95.57,96.36,93.48,95.23,2339782.0,221074281.0
2017-03-31,93.66,95.5,91.55,94.8,1890300.0,176199668.0
2017-04-05,95.77,96.38,94.56,96.22,2226911.0,211422587.0
2017-04-06,96.57,97.97,96.07,97.5,3466983.0,335095733.0
2017-04-07,102.36,107.24,97.57,107.24,19188508.0,499010578.0
2017-04-10,96.6,100.71,96.52,96.52,26078161.0,628042305.0
2017-04-11,89.11,96.0,86.89,93.14,20956484.0,471753130.0
2017-04-12,93.14,94.14,83.83,83.83,16911082.0,372936375.0
2017-04-13,76.77,80.6,75.44,77.7,68217501.0,1283956911.0
2017-04-14,73.39,76.45,70.44,71.78,32566719.0,591668670.0
2017-04-17,70.12,70.93,64.64,66.98,33036437.0,552679153.0
2017-04-18,67.18,67.87,65.61,66.13,16648915.0,275299844.0
2017-04-19,65.69,66.42,63.59,66.17,19569015.0,314880770.0
2017-04-20,65.69,66.17,63.07,63.76,15587271.0,250017997.0
2017-04-21,63.96,64.08,60.45,60.94,18260352.0,280671007.0
2017-04-24,60.57,60.81,56.46,59.93,18218445.0,264247288.0
2017-04-25,59.56,61.26,59.04,60.53,15285913.0,229281885.0
2017-04-26,60.33,61.54,59.2,61.02,14531174.0,218386155.0
2017-04-27,60.81,64.36,58.92,63.15,20686382.0,317846702.0
2017-04-28,62.02,63.47,61.62,62.51,14213815.0,219790455.0
2017-05-02,61.9,62.67,59.65,59.85,9676893.0,146996064.0
2017-05-03,59.28,63.59,59.28,63.35,18130848.0,277717120.0
2017-05-04,62.79,64.0,61.66,63.15,16692095.0,260071211.0
2017-05-05,62.63,65.13,62.51,62.95,17008328.0,268649043.0
2017-05-08,62.99,63.67,60.98,61.62,12514650.0,194343653.0
2017-05-09,60.57,62.63,58.64,62.51,12150800.0,183259055.0
2017-05-10,62.1,63.03,60.05,60.81,10648050.0,163221570.0
2017-05-11,60.09,60.25,57.43,58.92,9220800.0,134830519.0
2017-05-12,58.64,59.6,57.02,57.91,8772387.0,126817655.0
2017-05-15,59.77,61.58,59.04,59.12,10860558.0,162103434.0
2017-05-16,57.27,59.65,56.54,59.48,12270846.0,176812009.0
2017-05-17,58.84,60.17,58.56,59.32,10897848.0,160427122.0
2017-05-18,58.56,60.13,57.79,58.92,8865700.0,129573484.0
2017-05-19,58.31,58.92,57.27,57.35,6514848.0,93664477.0
2017-05-22,57.35,57.95,53.6,54.2,10351524.0,143824749.0
2017-05-23,54.81,57.23,54.57,56.42,14498500.0,202241853.0
2017-05-24,56.42,56.62,54.57,55.74,8726500.0,119913055.0
2017-05-25,55.49,55.49,52.51,54.04,9659680.0,129393607.0
2017-05-26,53.6,54.33,53.2,53.64,5445500.0,72508515.0
2017-05-31,54.61,54.93,52.63,52.83,4899000.0,65241661.0
2017-06-01,52.83,52.83,47.55,47.55,9816262.0,122003373.0
2017-06-02,46.02,47.07,42.8,44.69,26960889.0,293509578.0
2017-06-05,43.73,45.98,43.56,45.38,15127100.0,168477263.0
2017-06-06,44.94,46.02,44.53,45.54,9348500.0,105093399.0
2017-06-07,45.94,50.09,45.26,50.09,22477485.0,269240040.0
2017-06-08,50.17,51.06,48.92,49.21,18056100.0,223105906.0
2017-06-09,48.92,49.45,47.55,48.64,10978984.0,131771319.0
2017-06-12,47.92,48.72,46.39,46.51,10459100.0,123004254.0
2017-06-13,47.23,48.24,46.59,47.72,8157932.0,96701739.0
2017-06-14,47.72,49.17,47.72,48.36,11280600.0,135542349.0
2017-06-15,48.44,50.98,48.04,49.77,15182505.0,187909894.0
2017-06-16,49.97,51.02,49.25,49.81,10993447.0,136514264.0
2017-06-19,49.97,53.16,49.37,51.5,16228900.0,206647669.0
2017-06-20,51.71,52.63,49.57,49.81,15114807.0,191792754.0
2017-06-21,49.93,51.1,48.4,50.86,12864344.0,158344148.0
2017-06-22,50.78,52.15,48.56,48.76,13840403.0,173657264.0
2017-06-23,48.52,49.33,47.03,48.88,8762700.0,105203691.0
2017-06-26,48.6,50.34,48.48,49.53,7656948.0,93894531.0
2017-06-27,49.89,50.34,49.29,49.61,5176000.0,63855805.0
2017-06-28,49.93,50.3,48.97,49.25,6148069.0,75843477.0
2017-06-29,49.65,50.01,48.92,49.21,5718280.0,70006183.0
2017-06-30,49.05,49.49,48.72,48.92,5055500.0,61466113.0
2017-07-03,49.25,49.49,48.64,48.92,3937725.0,47822316.0
2017-07-04,49.17,50.3,48.88,49.69,6885682.0,84612590.0
2017-07-05,49.21,49.69,48.88,49.57,5389010.0,65950538.0
2017-07-06,49.61,50.22,49.09,49.41,6146483.0,75650744.0
2017-07-07,49.45,49.81,48.97,49.05,5682737.0,69298741.0
2017-07-10,49.13,49.17,46.95,47.15,9960001.0,117928734.0
2017-07-11,46.99,47.35,45.22,45.42,8410098.0,96397292.0
2017-07-12,45.3,45.86,43.93,45.62,7326758.0,81439167.0
2017-07-13,45.62,45.62,44.73,44.94,3647437.0,40758296.0
2017-07-14,44.98,45.5,44.53,44.77,3876774.0,43222587.0
2017-07-17,44.49,44.77,40.3,40.5,9626860.0,100802670.0
2017-07-18,39.98,41.27,39.94,41.07,4552159.0,45975675.0
2017-07-19,40.7,41.43,40.3,41.11,4266387.0,43206280.0
2017-07-20,41.11,41.71,40.87,41.31,3915199.0,40206903.0
2017-07-21,41.31,41.59,40.95,41.03,2358566.0,24097787.0
2017-07-24,40.74,40.99,40.1,40.34,7203400.0,72200449.0
2017-07-25,40.34,40.78,40.18,40.34,4163948.0,41776523.0
2017-07-26,40.38,40.74,39.7,39.94,4578800.0,45727488.0
2017-07-27,39.9,41.71,39.49,41.63,8888663.0,90279928.0
2017-07-28,41.47,41.59,40.87,40.87,4684526.0,47800117.0
2017-07-31,40.87,41.47,40.78,41.07,3314241.0,33832350.0
2017-08-01,41.11,41.35,40.74,41.07,3132900.0,31898136.0
2017-08-02,41.07,42.88,40.91,41.71,7633314.0,79580113.0
2017-08-03,41.43,42.4,41.11,41.59,5364130.0,55467327.0
2017-08-04,41.27,42.23,41.27,41.39,3859089.0,39922597.0
2017-08-07,41.27,41.87,41.15,41.31,3489756.0,35871810.0
2017-08-08,41.39,42.23,41.03,41.99,5435636.0,56095335.0
2017-08-09,42.11,42.48,41.71,41.79,4394245.0,45905417.0
2017-08-10,41.87,42.07,40.42,40.99,4920450.0,50393413.0
2017-08-11,40.7,41.19,40.5,40.74,3556838.0,35985678.0
2017-08-14,40.82,44.17,40.78,42.88,9174535.0,96729100.0
2017-08-15,43.0,43.0,42.07,42.6,5272614.0,55464225.0
2017-08-16,42.64,45.06,42.23,44.45,11903194.0,130052852.0
2017-08-17,46.35,47.88,45.26,47.31,19124384.0,220957227.0
2017-08-18,46.14,47.11,45.86,45.9,9037833.0,103807020.0
2017-08-21,45.9,46.3,45.58,46.02,5528404.0,62969181.0
2017-08-22,45.62,46.14,45.34,45.54,5546117.0,62882138.0
2017-08-23,44.98,45.22,44.33,44.53,5103843.0,56655043.0
2017-08-24,44.33,44.94,43.56,43.73,4561714.0,49758541.0
2017-08-25,43.56,45.06,43.56,44.9,4950784.0,54637780.0
2017-08-28,44.98,46.1,44.77,45.46,8100066.0,91633270.0
2017-08-29,45.46,46.1,45.06,45.34,5941400.0,67190330.0
2017-08-30,45.14,45.74,44.85,45.06,4798600.0,53904175.0
2017-08-31,45.02,45.26,44.37,44.9,3711800.0,41215464.0
2017-09-01,44.9,45.66,44.77,45.5,4677310.0,52508215.0
2017-09-04,45.74,47.39,45.18,47.07,10470564.0,120854209.0
2017-09-05,46.79,46.87,45.74,45.9,6984530.0,80025776.0
2017-09-06,45.78,46.27,45.18,46.14,4928004.0,55970472.0
2017-09-07,46.14,49.81,45.86,47.68,16317226.0,194985592.0
2017-09-08,47.03,52.43,47.03,52.43,28890037.0,363144325.0
2017-09-11,53.84,53.96,51.59,52.59,26834127.0,349628955.0
2017-09-12,52.99,53.44,51.06,51.66,16388772.0,210999416.0
2017-09-13,51.22,52.27,51.1,51.83,8742198.0,111980859.0
2017-09-14,51.22,51.87,50.58,50.82,7675000.0,97582486.0
2017-09-15,50.58,51.95,49.97,51.18,7796770.0,99047962.0
2017-09-18,51.18,51.91,50.38,51.87,6349841.0,80351571.0
2017-09-19,51.83,52.63,51.38,51.62,8622758.0,111604707.0
2017-09-20,50.7,51.06,49.21,50.17,10453078.0,129917584.0
2017-09-21,50.01,50.38,49.65,49.77,4562799.0,56651438.0
2017-09-22,49.45,50.17,49.05,50.13,3742352.0,46095241.0
2017-09-25,49.97,50.58,49.49,49.61,3544016.0,43939775.0
2017-09-26,49.57,53.56,49.29,52.43,14988299.0,192834051.0
2017-09-27,52.71,53.03,51.42,52.55,10651318.0,137950417.0
2017-09-28,51.79,55.17,51.75,54.57,20198241.0,269032661.0
2017-09-29,54.0,55.7,53.4,53.76,14507316.0,195565585.0
2017-10-09,54.0,54.57,52.43,54.33,10788499.0,143117857.0
2017-10-10,53.03,55.49,53.03,54.77,12252898.0,166114922.0
2017-10-11,54.2,54.93,53.24,53.52,8230432.0,110180778.0
2017-10-12,53.24,53.84,52.67,53.04,5050000.0,66583896.0
2017-10-13,53.24,54.37,52.87,53.12,5235600.0,69690131.0
2017-10-16,52.71,52.99,49.37,49.41,10307902.0,129682068.0
2017-10-17,49.41,50.17,48.84,48.97,3869800.0,47505106.0
2017-10-18,49.17,49.53,47.43,47.72,6189800.0,74006479.0
2017-10-19,47.15,48.2,47.15,48.08,4035879.0,47811726.0
2017-10-20,48.0,48.6,47.63,48.56,2508978.0,30002543.0
2017-10-23,48.92,48.92,48.12,48.4,1996699.0,23967123.0
2017-10-24,48.52,48.52,47.19,47.88,2806050.0,33234473.0
2017-10-25,47.88,50.78,47.55,49.85,6638106.0,81708906.0
2017-10-26,49.29,49.97,49.17,49.41,3364095.0,41278076.0
2017-10-27,49.25,50.46,49.17,49.89,4585200.0,56879276.0
2017-10-30,49.37,49.53,45.14,46.87,8172204.0,94613549.0
2017-10-31,46.71,46.75,45.62,46.39,3484999.0,40004771.0
2017-11-01,46.35,46.91,46.06,46.3,2427300.0,27952006.0
2017-11-02,46.02,46.23,44.53,44.77,3620800.0,40746182.0
2017-11-03,44.85,45.34,44.81,45.14,2377773.0,26572343.0
2017-11-06,44.73,45.9,44.73,45.9,1775031.0,20026899.0
2017-11-07,46.1,46.51,45.34,45.66,1989500.0,22574386.0
2017-11-08,45.78,46.14,45.46,45.98,2912996.0,33099366.0
2017-11-09,45.9,49.21,45.62,47.63,7551669.0,89950565.0
2017-11-10,47.15,47.76,46.63,46.99,4539772.0,53092107.0
2017-11-13,46.71,46.83,45.94,46.23,3277014.0,37569914.0
2017-11-14,46.14,46.95,45.54,45.66,3491200.0,40073098.0
2017-11-15,45.94,46.1,44.73,45.06,2757600.0,30894698.0
2017-11-16,44.94,45.38,44.61,44.69,2327700.0,25996045.0
2017-11-17,44.61,45.06,43.04,43.24,4100100.0,44344688.0
2017-11-20,43.24,44.17,42.92,43.89,3062303.0,33159401.0
2017-11-21,44.13,44.81,43.73,44.33,2428732.0,26698772.0
2017-11-22,44.33,44.37,43.4,43.77,3360479.0,36484679.0
2017-11-23,43.6,43.6,42.31,42.4,3314200.0,35112063.0
2017-11-24,42.4,42.92,42.31,42.76,1581900.0,16730573.0
2017-11-27,42.6,42.84,41.71,41.71,2267248.0,23634300.0
2017-11-28,42.88,45.9,42.76,45.9,16788095.0,190261031.0
2017-11-29,44.33,45.5,44.17,45.22,12609148.0,140615621.0
2017-11-30,44.29,45.14,43.93,44.69,7177648.0,79366500.0
2017-12-01,44.25,44.61,43.2,44.45,6022400.0,65862694.0
2017-12-04,44.17,45.02,43.73,44.77,5551000.0,61352017.0
2017-12-05,44.73,44.73,41.83,42.92,6166027.0,66281841.0
2017-12-06,42.36,43.85,42.15,43.52,4017040.0,42900272.0
2017-12-07,43.32,43.73,42.76,43.04,2422240.0,26024845.0
2017-12-08,42.96,44.29,42.6,43.81,3716127.0,40187203.0
2017-12-11,45.26,46.3,44.53,44.9,7440426.0,83592035.0
2017-12-12,44.81,44.9,43.56,43.69,4009100.0,43984800.0
2017-12-13,43.52,44.05,43.32,43.81,2272100.0,24662993.0
2017-12-14,43.85,43.85,42.84,43.44,2175100.0,23352684.0
2017-12-15,43.32,43.85,43.16,43.48,2324200.0,25078248.0
2017-12-18,43.32,44.41,43.04,44.33,3032546.0,32892496.0
2017-12-19,44.17,45.34,43.97,44.53,3648733.0,40497946.0
2017-12-20,44.25,46.3,44.13,45.46,9655594.0,109354105.0
2017-12-21,45.02,46.27,44.73,45.9,6912765.0,78617382.0
2017-12-22,45.58,46.67,45.54,46.59,5961457.0,68415832.0
2017-12-25,46.79,47.07,45.38,45.94,4724680.0,53901656.0
2017-12-26,45.54,48.36,45.22,47.35,7389230.0,85929692.0
2017-12-27,48.28,48.4,45.86,47.43,9469031.0,111761182.0
2017-12-28,47.92,47.92,46.55,46.63,4639660.0,54193377.0
2017-12-29,46.63,47.35,45.94,46.27,3664263.0,42368557.0
2018-01-02,46.27,47.31,45.86,46.83,2680000.0,31033548.0
2018-01-03,46.67,47.63,46.14,47.27,3752600.0,43721785.0
2018-01-04,47.39,49.61,46.06,46.14,7754630.0,90745338.0
2018-01-05,46.02,46.83,45.66,46.43,6921500.0,79423502.0
2018-01-08,46.14,46.27,45.66,45.74,4154100.0,47240595.0
2018-01-09,45.66,46.91,45.66,46.39,7022406.0,80819052.0
2018-01-10,45.98,46.35,45.14,45.7,3300300.0,37409540.0
2018-01-11,45.74,46.14,44.57,45.82,3950293.0,44458332.0
2018-01-12,45.58,45.82,44.65,44.69,3232853.0,36144497.0
2018-01-15,46.14,46.35,44.61,44.81,6630540.0,74565513.0
2018-01-16,43.6,44.33,43.36,44.01,3005364.0,32705780.0
2018-01-17,43.77,44.57,43.77,44.29,1862100.0,20409571.0
2018-01-18,44.01,44.53,43.6,43.97,2289660.0,25029266.0
2018-01-19,43.65,44.01,42.76,42.84,3748233.0,40258915.0
2018-01-22,42.68,44.05,42.4,43.52,2564964.0,27610772.0
2018-01-23,43.52,43.85,43.0,43.56,1975557.0,21260783.0
2018-01-24,43.4,43.93,42.88,43.6,2599800.0,28049972.0
2018-01-25,43.28,43.85,43.24,43.24,2263256.0,24435516.0
2018-01-26,43.08,43.69,43.04,43.16,2179056.0,23446342.0
2018-01-29,43.2,43.4,41.55,41.67,4223936.0,44273881.0
2018-01-30,41.71,42.23,41.55,41.63,2008295.0,20860901.0
2018-01-31,41.67,41.87,40.26,40.3,4705000.0,47477261.0
2018-02-01,40.34,41.11,37.88,40.78,4133597.0,40563303.0
2018-02-02,39.49,41.87,39.09,41.35,5673844.0,56967172.0
2018-02-05,40.3,41.71,39.86,41.59,4323400.0,43597486.0
2018-02-06,40.7,41.03,39.09,39.9,3130600.0,31246717.0
2018-02-07,40.38,40.66,39.37,40.14,3026283.0,30250182.0
2018-02-08,40.1,40.46,39.7,40.26,1494311.0,14935478.0
2018-02-09,39.62,39.62,38.08,39.09,2890289.0,27846985.0
2018-02-12,39.09,40.02,38.49,39.49,2176265.0,21287749.0
2018-02-13,39.62,39.7,38.93,39.01,1604300.0,15689890.0
2018-02-14,39.01,39.37,38.69,38.97,1029413.0,9960296.0
2018-02-22,39.01,39.78,39.01,39.45,1440588.0,14094173.0
2018-02-23,39.58,39.7,39.25,39.41,1693092.0,16563976.0
2018-02-26,39.41,40.54,39.29,40.46,3271823.0,32411578.0
2018-02-27,40.22,41.47,40.1,41.07,3738278.0,37957500.0
2018-02-28,40.66,41.23,40.26,40.87,2715075.0,27428200.0
2018-03-01,40.42,43.24,40.42,42.52,7462289.0,77978258.0
2018-03-02,42.23,43.36,41.91,42.88,8273840.0,87689589.0
2018-03-05,42.72,43.2,42.2,42.84,4098900.0,43267322.0
2018-03-06,43.16,43.4,42.52,42.76,3755480.0,39943626.0
2018-03-07,42.88,42.92,42.15,42.27,3248777.0,34154691.0
2018-03-08,41.27,41.91,40.87,41.31,7234578.0,74043295.0
2018-03-09,41.19,43.16,40.78,43.08,12489273.0,130089992.0
2018-03-12,42.64,44.49,42.32,43.48,12940134.0,139346220.0
2018-03-21,42.94,45.76,42.94,44.26,12099503.0,118994470.0
2018-03-22,43.71,48.16,43.71,47.35,15137992.0,153986129.0
2018-03-23,45.85,51.44,45.44,47.17,20479514.0,216660602.0
2018-03-26,46.35,49.12,42.48,49.07,15077790.0,155203834.0
2018-03-27,49.98,53.62,48.26,52.75,27387064.0,309199530.0
2018-03-28,52.26,57.48,51.57,56.21,36708243.0,440376541.0
2018-03-29,55.44,58.52,53.07,54.62,29019417.0,353981252.0
2018-03-30,53.62,57.3,53.62,56.66,38038459.0,466975608.0
2018-04-02,56.25,57.39,54.39,54.98,34606620.0,426151709.0
2018-04-03,53.57,54.8,52.39,53.12,18433139.0,216586181.0
2018-04-04,53.62,54.8,52.39,53.39,15515366.0,183112472.0
2018-04-09,50.48,52.3,49.53,51.03,22683462.0,254457909.0
2018-04-10,51.3,52.66,49.66,52.3,17433703.0,196050603.0
2018-04-11,52.03,55.89,51.8,55.12,26365960.0,313771421.0
2018-04-12,54.44,55.75,53.84,55.39,20520008.0,248314557.0
2018-04-13,55.21,56.44,54.07,55.75,19024095.0,233063738.0
2018-04-16,55.66,61.34,55.03,61.34,48608709.0,638199940.0
2018-04-17,62.71,63.16,55.44,57.53,37543382.0,489722107.0
2018-04-18,57.71,61.16,54.21,59.75,30886972.0,390724054.0
2018-04-19,58.62,62.07,57.39,57.62,38381154.0,502863963.0
2018-04-20,57.48,58.48,53.84,54.34,33036135.0,404319326.0
2018-04-23,54.89,54.98,49.57,51.57,26264552.0,299503355.0
2018-04-24,50.57,53.62,50.03,53.21,21485039.0,245011072.0
2018-04-25,52.44,53.84,51.57,51.71,15008910.0,173623884.0
2018-04-26,51.57,53.98,50.8,52.53,21602694.0,251596899.0
2018-04-27,52.39,53.3,50.53,50.76,13316376.0,150342834.0
2018-05-02,50.89,51.12,47.62,48.12,15400022.0,165822693.0
2018-05-03,48.39,50.3,47.12,49.94,13146434.0,141327112.0
2018-05-04,49.39,50.26,47.98,48.16,12150482.0,131115066.0
2018-05-07,48.39,50.26,48.39,50.07,11825800.0,129216840.0
2018-05-08,50.66,50.76,49.53,50.57,10006550.0,110270372.0
2018-05-09,50.21,51.26,50.21,50.53,8208987.0,91415382.0
2018-05-10,51.01,51.01,49.07,49.48,9628330.0,103264899.0
2018-05-11,49.53,49.81,48.23,48.37,7397290.0,78012282.0
2018-05-14,48.42,48.65,46.47,46.61,10514010.0,107405536.0
2018-05-15,46.66,47.77,46.66,47.68,7939515.0,80978761.0
2018-05-16,47.45,48.0,46.57,46.75,8109269.0,82645132.0
2018-05-17,46.75,47.72,46.71,47.03,5739666.0,58532198.0
2018-05-18,46.98,47.45,45.41,46.75,8209703.0,82230346.0
2018-05-21,47.45,47.95,46.98,47.68,7677251.0,78812235.0
2018-05-22,48.0,48.28,47.4,48.19,8327955.0,85958249.0
2018-05-23,47.95,48.79,47.22,47.82,8872904.0,91790251.0
2018-05-24,47.63,47.91,47.17,47.22,4508774.0,46215624.0
2018-05-25,46.98,47.4,45.97,46.01,6824016.0,68572328.0
2018-05-28,45.97,47.22,45.59,46.29,5393997.0,54231481.0
2018-08-28,46.29,47.45,41.66,42.31,21582061.0,200879588.0
2018-08-29,41.66,46.52,41.48,45.78,29229252.0,286997070.0
2018-08-30,43.51,44.44,41.66,41.71,18941536.0,175777999.0
2018-08-31,41.15,45.18,41.15,42.03,11313093.0,104534704.0
2018-09-03,41.66,42.03,39.35,41.06,9433227.0,82970959.0
2018-09-04,40.87,41.8,40.55,41.15,7858044.0,69997953.0
2018-09-05,41.29,42.49,40.92,40.97,9130574.0,82471329.0
2018-09-06,40.97,42.22,40.73,41.66,8421610.0,75854598.0
2018-09-07,42.03,42.22,40.18,40.97,7027956.0,62614697.0
2018-09-10,40.78,41.52,40.64,40.83,4089558.0,36204350.0
2018-09-11,40.55,40.97,39.72,39.99,4722466.0,41167408.0
2018-09-12,40.18,40.32,39.48,39.95,4496497.0,38724574.0
2018-09-13,40.04,40.64,38.88,39.99,5544097.0,47663887.0
2018-09-14,40.23,40.23,39.25,39.62,5140178.0,43984228.0
2018-09-17,39.62,39.62,36.75,36.98,7220611.0,58724647.0
2018-09-18,39.3,39.3,38.19,38.47,9797758.0,81914291.0
2018-09-19,38.33,39.48,38.0,39.11,8130844.0,68057537.0
2018-09-20,38.98,39.35,38.14,38.33,5916490.0,49321294.0
2018-09-21,38.56,38.98,38.19,38.79,5277793.0,44056928.0
2018-09-25,38.79,40.04,38.51,39.25,5921511.0,50407428.0
2018-09-26,39.11,39.58,38.6,39.39,5463671.0,46214934.0
2018-09-27,39.11,39.3,38.19,38.19,4477436.0,37460817.0
2018-09-28,38.42,39.21,38.1,39.11,5782364.0,48532677.0
2018-10-08,39.11,41.98,38.65,40.46,14044640.0,123112250.0
2018-10-09,40.41,41.8,40.09,41.34,9705635.0,86333993.0
2018-10-10,41.06,41.43,40.32,41.43,7803257.0,69002942.0
2018-10-11,40.27,40.97,37.31,38.1,10006916.0,84510017.0
2018-10-12,37.96,39.21,36.52,39.21,7392398.0,61154473.0
2018-10-15,39.35,39.58,38.05,38.05,6490040.0,54652494.0
2018-10-16,38.14,38.51,35.64,36.48,6387063.0,51286765.0
2018-10-17,36.98,37.86,36.1,37.59,7537097.0,60674144.0
2018-10-18,37.49,37.49,36.38,36.8,5755337.0,45780463.0
2018-10-19,36.1,38.28,35.73,38.0,9748036.0,78974407.0
2018-10-22,38.37,40.92,38.1,40.23,11065633.0,94416895.0
2018-10-23,40.13,40.64,39.48,39.81,9541500.0,82472837.0
2018-10-24,39.76,40.27,39.44,39.85,5837250.0,50204926.0
2018-10-25,38.65,39.11,37.96,38.7,7383140.0,61354638.0
2018-10-26,39.39,39.53,38.65,39.11,5136785.0,43418222.0
2018-10-29,38.7,39.07,37.87,38.37,3904402.0,32484962.0
2018-10-30,38.19,38.74,37.03,38.47,4891421.0,40111276.0
2018-10-31,38.37,39.16,38.19,39.11,6877699.0,57478539.0
2018-11-01,39.44,40.41,39.21,39.3,8956292.0,76966403.0
2018-11-02,40.18,40.36,39.35,40.23,10842771.0,93422734.0
2018-11-05,40.41,40.97,39.67,40.32,9311644.0,80912375.0
2018-11-06,40.32,40.32,39.25,39.81,5937565.0,50830452.0
2018-11-07,39.85,40.78,39.72,40.04,8304326.0,72205130.0
2018-11-08,40.46,40.64,39.25,39.48,5373889.0,46322911.0
2018-11-09,39.21,40.41,39.02,40.09,6324497.0,54616077.0
2018-11-12,40.13,41.43,39.9,41.34,8858928.0,78322642.0
2018-11-13,40.83,43.37,40.27,43.05,13153480.0,120288669.0
