2015-02-17,16.78,16.78,16.78,16.78,82000.0,1375960.0
2015-02-25,18.46,18.46,18.46,18.46,23600.0,435656.0
2015-02-26,20.31,20.31,20.31,20.31,28700.0,582897.0
2015-02-27,22.34,22.34,22.34,22.34,234400.0,5236496.0
2015-03-02,24.57,24.57,24.57,24.57,531300.0,13054041.0
2015-03-03,27.03,27.03,25.32,27.03,32848708.0,873235328.0
2015-03-04,25.3,26.18,24.33,25.73,22709040.0,578828544.0
2015-03-05,25.01,25.5,24.53,24.63,13163805.0,327023168.0
2015-03-06,24.61,25.88,24.21,24.26,10729347.0,267980096.0
2015-03-09,22.88,23.46,22.32,22.68,9420324.0,213687200.0
2015-03-10,22.71,22.97,22.42,22.93,5900258.0,134062064.0
2015-03-11,22.91,22.91,22.13,22.29,7200015.0,161349632.0
2015-03-12,22.3,22.43,21.61,21.78,6243868.0,136813152.0
2015-03-13,21.9,22.49,21.77,22.32,5312394.0,118172624.0
2015-03-16,22.41,23.59,22.41,23.06,7308952.0,167967120.0
2015-03-17,22.97,23.12,22.81,23.04,5763458.0,132220840.0
2015-03-18,23.03,23.38,22.8,23.23,6133649.0,141374000.0
2015-03-19,23.3,23.87,23.03,23.56,7461255.0,175161136.0
2015-03-20,23.5,23.61,23.16,23.3,5848691.0,136339232.0
2015-03-23,23.38,23.47,23.18,23.43,5612980.0,131006952.0
2015-03-24,23.45,23.8,23.0,23.42,6975031.0,163640272.0
2015-03-25,23.5,24.4,23.44,24.21,9947245.0,237068960.0
2015-03-26,24.0,24.0,23.33,23.53,6574222.0,155524192.0
2015-03-27,23.53,23.72,23.2,23.43,4265725.0,99971360.0
2015-03-30,23.46,23.76,23.39,23.69,5138816.0,121247208.0
2015-03-31,23.72,23.77,23.33,23.59,5189962.0,122260048.0
2015-04-01,23.55,24.14,23.46,23.94,6557869.0,155770864.0
2015-04-02,23.95,24.46,23.8,24.44,7769960.0,187450528.0
2015-04-03,24.2,24.65,24.03,24.57,8205093.0,200119648.0
2015-04-07,24.66,27.03,24.6,27.03,20084764.0,532893312.0
2015-04-08,27.4,29.7,26.03,29.15,24898562.0,677827136.0
2015-04-09,28.49,28.66,27.05,27.64,14698048.0,409705856.0
2015-04-10,27.39,28.5,27.09,27.69,9697625.0,269857312.0
2015-04-13,27.53,28.3,27.05,27.8,9213645.0,255062832.0
2015-04-14,27.59,28.19,27.18,27.34,8353722.0,231740496.0
2015-04-15,27.1,27.1,25.32,25.37,8135704.0,212459344.0
2015-04-16,25.35,26.38,24.82,26.18,5990750.0,153527664.0
2015-04-17,26.38,26.48,26.0,26.06,6400714.0,167869584.0
2015-04-20,26.16,26.16,25.0,25.06,6088561.0,155361392.0
2015-04-21,25.02,25.98,25.0,25.81,5256754.0,134423136.0
2015-04-22,25.88,26.59,25.88,26.42,5852004.0,154325040.0
2015-04-23,26.68,26.75,26.02,26.26,5311278.0,139503856.0
2015-04-24,25.8,28.06,25.7,27.7,11497268.0,311139328.0
2015-04-27,27.8,27.88,27.05,27.3,7622849.0,208246176.0
2015-04-28,27.5,27.5,25.75,25.89,6020664.0,157705120.0
2015-04-29,26.29,27.71,26.21,27.31,8836992.0,238564736.0
2015-04-30,27.76,30.04,27.76,28.35,14520612.0,418455904.0
2015-05-04,29.07,30.23,28.22,29.8,12468568.0,365051328.0
2015-05-05,29.23,29.88,28.2,28.32,7677021.0,220186736.0
2015-05-06,28.71,30.72,28.5,29.6,11279457.0,332073504.0
2015-05-07,29.23,29.64,27.99,28.33,6206261.0,177702864.0
2015-05-08,28.42,30.02,28.37,30.0,7492211.0,215715408.0
2015-05-11,30.43,32.27,29.53,31.93,11038191.0,343402496.0
2015-05-12,32.07,33.65,31.52,31.77,12494602.0,401663680.0
2015-05-13,31.13,34.94,30.8,34.94,13066757.0,433324032.0
2015-05-14,35.12,38.28,35.12,36.26,12152129.0,441955680.0
2015-05-15,35.68,38.2,34.78,37.05,9943900.0,359380864.0
2015-05-18,36.29,40.29,36.08,39.7,9598696.0,368358528.0
2015-05-19,38.8,41.65,37.79,39.41,9700246.0,375273792.0
2015-05-20,39.1,41.02,38.09,38.36,9894528.0,387559904.0
2015-05-21,38.15,38.2,36.69,37.82,9354741.0,346243296.0
2015-05-22,38.32,40.46,37.89,40.07,10338287.0,399360032.0
2015-05-25,39.91,42.29,38.31,40.96,10557342.0,425883456.0
2015-05-26,40.56,45.05,39.76,45.05,11772598.0,502042880.0
2015-05-27,45.35,49.55,44.04,49.55,12827128.0,601401408.0
2015-05-28,52.38,54.51,44.59,45.17,17943252.0,946333632.0
2015-05-29,44.34,49.15,40.8,46.51,16075082.0,719686080.0
2015-06-01,46.56,46.86,44.54,45.66,11517236.0,520582528.0
2015-06-02,45.45,45.6,42.61,44.12,10561039.0,459929184.0
2015-06-03,44.04,48.07,43.1,46.34,9443837.0,429554784.0
2015-06-24,41.7,46.34,41.7,43.08,11682062.0,502754624.0
2015-06-25,41.33,42.81,38.78,38.78,8573207.0,343480128.0
2015-06-26,36.73,36.73,34.9,34.9,4485365.0,156945264.0
2015-06-29,34.87,34.87,31.41,31.41,4854350.0,153824160.0
2015-06-30,28.43,32.75,28.27,32.19,8702850.0,262659344.0
2015-07-01,31.24,33.94,28.97,29.05,8661258.0,274094784.0
2015-07-02,29.23,30.12,26.15,26.15,7698405.0,210679712.0
2015-07-03,24.19,26.95,23.54,23.54,7756072.0,187347664.0
2015-07-06,25.9,25.9,21.57,22.97,9633266.0,229219536.0
2015-07-07,21.76,22.75,20.67,20.67,5662568.0,118996088.0
2015-07-08,18.6,19.65,18.6,18.6,5657976.0,105420160.0
2015-07-14,20.47,20.47,20.47,20.47,19400.0,394014.0
2015-07-15,22.51,22.51,22.51,22.51,1118691.0,24991556.0
2015-07-16,20.76,24.76,20.35,24.76,18968432.0,445380864.0
2015-07-17,25.23,27.24,25.21,27.24,13091850.0,344799936.0
2015-07-20,28.21,29.96,27.41,29.94,14251677.0,408565760.0
2015-07-21,28.8,31.46,28.42,29.61,12138665.0,364665984.0
2015-07-22,29.52,31.04,28.77,30.39,10240358.0,303968896.0
2015-07-23,29.11,32.71,28.7,31.45,16775941.0,503641280.0
2015-07-24,30.74,31.73,29.73,30.1,12239554.0,376369248.0
2015-07-27,28.72,30.26,27.09,27.09,8583912.0,246167760.0
2015-07-28,25.16,27.11,24.38,24.59,9990815.0,249724000.0
2015-07-29,25.48,27.05,24.62,27.05,8040610.0,204932832.0
2015-07-30,27.39,29.19,27.05,27.92,10635606.0,298170592.0
2015-07-31,27.2,29.73,26.76,28.58,9201593.0,259720096.0
2015-08-03,27.71,29.21,26.0,26.95,7749109.0,211783696.0
2015-08-04,27.11,29.23,26.83,29.19,7869825.0,219186896.0
2015-08-05,28.72,29.73,27.92,28.84,9258646.0,264942336.0
2015-08-06,27.82,28.61,27.26,27.74,5297774.0,147071552.0
2015-08-07,28.01,28.72,28.0,28.61,6486068.0,183317408.0
2015-08-10,29.02,30.43,28.22,29.98,9080349.0,265450640.0
2015-08-11,29.93,30.49,29.65,29.87,8418983.0,251426304.0
2015-08-12,29.48,29.73,28.51,28.56,7293837.0,210584688.0
2015-08-13,28.48,29.22,28.23,29.21,4599405.0,131155024.0
2015-08-14,29.3,31.02,29.28,30.39,9617259.0,287885056.0
2015-08-17,30.23,30.23,29.0,29.65,6705498.0,196927424.0
2015-08-18,29.54,30.61,26.69,26.69,7496682.0,214090256.0
2015-08-19,25.58,27.4,24.04,26.82,7094392.0,180178848.0
2015-08-20,26.5,26.5,24.84,24.9,4671112.0,119644968.0
2015-08-21,24.39,25.4,23.41,23.6,4234068.0,102818624.0
2015-08-24,22.2,22.95,21.24,21.24,3080869.0,65918672.0
2015-08-25,19.13,20.34,19.12,19.12,4400199.0,84791808.0
2015-08-26,19.65,20.89,18.66,19.85,7655020.0,151236880.0
2015-08-27,20.51,21.36,19.75,21.17,5733496.0,116934584.0
2015-08-28,21.36,22.76,20.66,22.53,7297856.0,155835584.0
2015-08-31,21.97,22.07,20.28,20.29,4601536.0,97125392.0
2015-09-01,19.57,19.91,18.64,18.82,4724785.0,89846336.0
2015-09-02,17.64,19.75,17.14,18.11,3599979.0,66480032.0
2015-09-07,18.77,19.5,18.41,18.88,3021545.0,57066360.0
2015-09-08,18.88,20.66,18.46,20.4,3796921.0,73649640.0
2015-09-09,20.34,21.36,20.34,21.15,5294206.0,110091488.0
2015-09-10,20.76,22.05,20.37,20.75,5139485.0,108533552.0
2015-09-11,20.96,21.1,20.35,20.76,3369791.0,69204448.0
2015-09-14,20.86,21.06,18.68,18.68,3552205.0,68999352.0
2015-09-15,17.68,18.63,17.66,17.76,3588421.0,64291216.0
2015-09-16,17.85,19.53,17.84,19.53,3521836.0,65479856.0
2015-09-17,19.53,20.15,18.86,18.98,4843447.0,93930000.0
2015-09-18,19.15,19.53,18.8,19.32,2495866.0,47401296.0
2015-09-21,18.98,20.46,18.98,20.34,3905372.0,76794584.0
2015-09-22,20.37,21.02,20.14,20.71,4513053.0,92394680.0
2015-09-23,20.28,20.62,20.04,20.39,3495253.0,70551848.0
2015-09-24,20.41,21.06,20.41,20.88,2910473.0,60093260.0
2015-09-25,20.91,20.91,19.57,19.72,2819596.0,56550444.0
2015-09-28,19.85,20.48,19.55,20.38,1641810.0,32813072.0
2015-09-29,20.02,20.12,19.67,19.79,1478483.0,29189616.0
2015-09-30,19.9,20.66,19.85,20.45,2103477.0,42396140.0
2015-10-08,21.28,21.67,20.88,21.41,4178473.0,88483328.0
2015-10-09,21.41,21.64,21.07,21.58,3601785.0,76400912.0
2015-10-12,21.76,22.96,21.62,22.68,4745979.0,105362104.0
2015-10-13,22.45,23.18,22.29,22.94,4335765.0,97665416.0
2015-10-14,22.88,23.48,22.57,22.85,4871672.0,111685904.0
2015-10-15,22.78,23.73,22.7,23.54,3906122.0,89990544.0
2015-10-16,23.63,23.73,22.76,23.47,4188087.0,96946944.0
2015-10-19,23.53,23.56,22.61,22.87,3814228.0,87573056.0
2015-10-20,22.7,23.43,22.68,23.38,3474694.0,79816904.0
2015-10-21,23.48,23.84,21.39,21.41,5480093.0,124109624.0
2015-10-22,21.28,22.44,21.28,22.27,2931874.0,63785464.0
2015-10-23,22.37,23.1,22.28,23.03,3140547.0,70743216.0
2015-10-26,23.29,23.98,23.29,23.58,4654278.0,109158648.0
2015-10-27,23.53,23.95,22.47,23.91,3890152.0,89674240.0
2015-10-28,23.63,25.36,23.58,24.14,5507144.0,133949224.0
2015-10-29,24.47,25.85,23.89,25.3,6066481.0,150181680.0
2015-10-30,25.09,26.5,24.37,25.81,6081377.0,152333248.0
2015-11-02,25.07,27.37,24.4,26.52,7628191.0,200972528.0
2015-11-03,26.39,29.01,25.91,28.48,9953585.0,270753088.0
2015-11-04,28.22,29.53,27.71,29.09,12725891.0,360282048.0
2015-11-05,29.12,29.12,27.82,28.06,8996949.0,253385408.0
2015-11-06,28.37,29.38,28.06,28.99,8486794.0,240309968.0
2015-11-09,28.47,30.21,27.92,29.43,9605967.0,278856512.0
2015-11-10,28.97,29.65,28.42,28.81,5970314.0,171944608.0
2015-11-11,28.9,30.53,28.48,30.31,7647838.0,226277520.0
2015-11-12,30.23,33.25,30.23,32.64,9650333.0,303018720.0
2015-11-13,31.95,32.51,29.71,29.88,8530532.0,261296688.0
2015-11-16,28.97,30.27,28.55,30.14,4600488.0,135111680.0
2015-11-17,30.52,31.23,29.01,29.16,5498634.0,165039296.0
2015-11-18,28.93,29.51,28.25,28.35,3395146.0,97176760.0
2015-11-19,28.35,29.5,28.35,29.49,3086840.0,88761552.0
2015-11-20,29.63,30.74,29.63,30.41,4646513.0,139609312.0
2015-11-23,30.27,31.42,30.09,30.34,4385293.0,133820280.0
2015-11-24,29.94,31.8,29.94,31.75,5924048.0,182607744.0
2015-11-25,31.96,32.75,31.44,31.77,6386175.0,202868224.0
2015-11-26,32.1,34.95,31.47,34.2,9897677.0,323972416.0
2015-11-27,33.05,35.84,32.82,34.31,12517641.0,430383232.0
2015-11-30,34.71,36.28,32.25,35.75,10753625.0,371106144.0
2015-12-01,35.44,36.78,33.26,34.49,8918934.0,312024698.0
2015-12-09,34.16,34.16,31.51,31.7,6230727.0,199857583.0
2015-12-10,31.51,32.6,31.1,31.6,4512310.0,143713920.0
2015-12-11,31.24,32.22,31.05,31.43,2605246.0,81743616.0
2015-12-14,31.3,32.15,30.28,32.13,3049065.0,94166168.0
2015-12-15,32.19,33.02,32.14,32.5,2911112.0,94132368.0
2015-12-16,32.7,33.89,32.38,33.22,3770037.0,124048448.0
2015-12-17,33.56,35.07,33.56,34.97,4836131.0,164251856.0
2015-12-18,34.76,35.77,34.07,34.31,4450505.0,153950688.0
2015-12-21,34.06,34.82,33.76,34.35,2914237.0,98820032.0
2015-12-22,34.31,35.52,34.31,35.08,3206923.0,111337715.0
2015-12-23,38.59,38.59,36.61,36.78,11606082.0,436890944.0
2015-12-25,35.68,36.48,35.38,35.56,6702621.0,238588669.0
2015-12-28,35.55,35.82,33.54,33.57,5965932.0,205135680.0
2015-12-29,33.41,34.55,33.36,34.5,3206594.0,107925704.0
2015-12-30,34.55,34.74,33.86,34.3,2725245.0,92588776.0
2015-12-31,34.34,34.56,33.26,33.27,2265677.0,76110319.0
2016-01-04,33.11,33.24,29.94,29.94,3314172.0,102976091.0
2016-01-05,28.32,30.2,27.36,29.02,3650597.0,105170322.0
2016-01-06,29.18,30.03,29.02,29.75,2630182.0,77197494.0
2016-01-07,29.16,29.16,26.78,26.78,686200.0,18891973.0
2016-01-08,27.47,28.57,25.2,26.93,3073221.0,82502982.0
2016-01-11,26.57,26.57,24.24,24.24,3026682.0,75794505.0
2016-01-12,24.39,24.72,23.76,24.27,2190275.0,52845716.0
2016-01-13,24.49,24.97,23.78,23.82,2442332.0,59510724.0
2016-01-14,22.7,24.84,22.52,24.74,2592503.0,62055884.0
2016-01-15,24.62,24.73,22.68,23.03,2424682.0,57597301.0
2016-01-18,22.2,23.98,22.2,23.68,2039009.0,47275637.0
2016-01-19,23.73,24.78,23.48,24.69,2261816.0,54486539.0
2016-01-20,24.68,25.58,24.43,25.17,2811795.0,69805776.0
2016-01-21,24.65,25.39,23.23,23.4,2295920.0,56325750.0
2016-01-22,24.18,24.38,23.42,24.27,1880665.0,44858235.0
2016-01-25,24.49,25.11,24.4,24.9,1802027.0,44425378.0
2016-01-26,24.55,24.65,22.48,22.66,2240500.0,52747374.0
2016-01-27,22.73,23.14,21.15,22.5,2252843.0,49586817.0
2016-01-28,22.13,22.37,20.52,20.61,1612611.0,34550784.0
2016-01-29,20.42,21.91,20.42,21.68,1691993.0,35828732.0
2016-02-01,21.77,22.19,21.16,21.69,1487909.0,32168127.0
2016-02-02,21.87,22.9,21.75,22.66,1573250.0,35167829.0
2016-02-03,22.32,22.99,22.11,22.87,1358667.0,30309070.0
2016-02-04,22.85,23.78,22.85,23.55,1928041.0,44717795.0
2016-02-05,23.6,24.5,23.6,23.89,1758610.0,41933231.0
2016-02-15,22.73,23.65,22.52,23.36,1587213.0,36503280.0
2016-02-16,23.46,24.45,23.4,24.33,1783125.0,42701883.0
2016-02-17,24.35,24.87,23.98,24.55,2085669.0,50649075.0
2016-02-18,24.74,24.85,24.19,24.31,2417874.0,58708701.0
2016-02-19,24.09,24.44,24.04,24.32,1966196.0,47286500.0
2016-02-22,24.79,25.69,24.64,25.58,3344761.0,84073864.0
2016-02-23,25.65,26.08,25.2,25.89,2981388.0,75912571.0
2016-02-24,25.79,28.48,25.68,28.1,7424174.0,202044455.0
2016-02-25,27.91,27.91,25.29,25.89,5072444.0,132928696.0
2016-02-26,25.89,27.89,25.7,27.84,4759336.0,126908054.0
2016-02-29,27.24,28.4,25.86,27.79,4289106.0,114212812.0
2016-03-01,28.08,30.11,27.86,29.24,12780932.0,367211512.0
2016-03-02,28.22,30.73,27.41,29.93,11895239.0,342329638.0
2016-03-03,29.51,31.68,29.02,30.51,10052485.0,304268393.0
2016-03-04,30.54,31.07,28.22,29.04,7249022.0,213237120.0
2016-03-07,29.02,29.97,28.83,29.16,4300205.0,125431747.0
2016-03-08,28.87,29.02,27.21,28.43,4150973.0,115415248.0
2016-03-09,27.62,28.2,27.32,27.52,2672672.0,73429348.0
2016-03-10,27.71,30.12,27.56,29.14,6412294.0,184042929.0
2016-03-11,28.9,30.53,28.6,30.14,8409778.0,249431910.0
2016-03-14,30.79,32.69,30.33,31.82,10897184.0,339630308.0
2016-03-15,31.32,31.84,30.45,30.67,7107290.0,219506513.0
2016-03-16,30.74,30.94,28.83,29.21,7347208.0,216859947.0
2016-03-17,29.53,31.73,29.23,31.4,9664453.0,290568213.0
2016-03-18,31.36,33.84,31.36,33.39,12051244.0,389353862.0
2016-03-21,33.94,35.83,32.9,35.65,10938501.0,369212068.0
2016-03-22,34.87,39.21,34.72,38.12,17935522.0,669490113.0
2016-03-23,37.8,40.11,37.36,39.15,14171233.0,540025089.0
2016-03-24,38.3,42.96,37.84,40.31,14601244.0,585206966.0
2016-03-25,40.53,41.82,39.3,41.28,12410731.0,500299345.0
2016-03-28,41.2,42.75,40.29,42.48,10951980.0,451370595.0
2016-03-29,42.1,42.29,38.4,39.64,14796248.0,590946781.0
2016-03-30,41.64,43.6,41.52,43.6,8119474.0,344594986.0
2016-03-31,47.96,47.96,44.98,47.96,27764822.0,1315457061.0
2016-04-01,45.65,47.7,44.17,47.13,23288874.0,1068935080.0
2016-04-05,46.66,50.09,46.66,48.13,25277511.0,1206042417.0
2016-04-06,50.06,52.94,49.03,52.94,26608315.0,457738910.0
2016-04-07,53.79,58.24,51.85,52.06,115520169.0,2091419520.0
2016-04-08,49.12,51.79,47.12,49.3,68533877.0,1098113568.0
2016-04-11,49.42,49.7,47.45,48.33,50649222.0,806548835.0
2016-04-12,47.48,48.21,44.87,45.84,48143036.0,731072731.0
2016-04-13,46.09,47.0,45.48,45.91,42297396.0,642731876.0
2016-04-19,45.87,46.63,44.09,44.78,29366780.0,436969061.0
2016-04-20,44.97,45.09,40.3,40.39,37666458.0,522843371.0
2016-04-21,40.17,40.51,38.29,38.81,26941949.0,350926629.0
2016-04-22,39.42,42.69,39.11,42.69,54436680.0,749290689.0
2016-04-25,40.93,41.72,39.42,41.2,35504867.0,475770935.0
2016-04-26,40.93,42.87,40.63,41.81,35994512.0,497057308.0
2016-04-27,41.51,41.54,40.27,40.6,25647522.0,344965232.0
2016-04-28,40.63,41.36,38.96,41.05,25428781.0,335993993.0
2016-04-29,40.57,40.87,39.81,39.96,14767402.0,196219126.0
2016-05-03,39.72,40.84,39.14,40.81,22108249.0,293840657.0
2016-05-04,40.63,42.42,40.27,41.14,27941450.0,382682640.0
2016-05-05,40.93,42.15,40.36,41.78,25516650.0,347513689.0
2016-05-06,41.57,42.05,39.42,39.48,24872936.0,332837132.0
2016-05-09,39.11,39.11,35.63,35.99,19728442.0,240050254.0
2016-05-10,36.11,36.72,35.78,36.57,12263594.0,146722160.0
2016-05-11,36.84,37.11,35.48,35.9,11343992.0,135352644.0
2016-05-12,35.78,35.78,33.96,34.96,14567119.0,166326696.0
2016-05-13,34.66,35.38,33.99,34.59,10022340.0,114750499.0
2016-05-16,34.17,35.17,34.17,35.17,10608303.0,121884752.0
2016-05-17,35.11,35.32,34.47,34.96,12370469.0,142557970.0
2016-05-18,34.35,34.53,32.75,33.14,13912673.0,154007034.0
2016-05-19,33.35,34.11,33.2,33.5,11679535.0,129982176.0
2016-05-20,33.11,33.9,32.44,33.78,10561099.0,116263155.0
2016-05-23,33.66,34.32,33.5,34.11,12272894.0,137742203.0
2016-05-24,33.69,34.02,33.17,33.47,9297582.0,103057865.0
2016-05-25,33.93,34.11,33.2,33.41,8832526.0,98127703.0
2016-05-26,33.62,36.32,33.59,35.51,26546462.0,303110016.0
2016-05-27,35.05,35.23,34.26,34.38,16681502.0,191106158.0
2016-05-30,33.96,34.17,33.41,33.72,8903790.0,99206571.0
2016-05-31,33.72,35.41,33.72,35.17,19665584.0,225521580.0
2016-06-01,35.2,38.02,34.9,36.29,27633084.0,333590691.0
2016-06-02,36.02,37.57,35.66,36.99,20655908.0,250999244.0
2016-06-03,37.02,37.35,36.38,36.6,15780242.0,190728085.0
2016-06-06,36.87,37.41,36.48,37.08,15022259.0,183289342.0
2016-06-07,36.99,36.99,36.02,36.32,18713813.0,223914194.0
2016-06-08,36.29,36.29,35.23,35.53,12505790.0,146971091.0
2016-06-13,34.87,35.14,32.69,32.81,15438982.0,173343750.0
2016-06-14,32.62,33.35,32.47,32.78,9440125.0,102012835.0
2016-06-15,32.44,34.72,31.99,34.17,16708678.0,185746865.0
2016-06-16,33.96,34.17,33.38,33.59,11371472.0,126456469.0
2016-06-17,33.72,34.44,33.44,33.69,10629176.0,118960184.0
2016-06-20,33.41,34.72,33.14,34.05,10907258.0,122330123.0
2016-06-21,34.02,36.38,34.02,35.63,31728572.0,371159486.0
2016-06-22,35.2,36.81,34.9,36.32,25766965.0,306026611.0
2016-06-23,35.9,37.45,35.69,36.14,21838761.0,262435625.0
2016-06-24,36.08,36.35,33.35,34.9,20287297.0,234630959.0
2016-06-27,34.02,35.56,34.02,35.48,12141826.0,140674841.0
2016-06-28,35.2,36.05,34.9,36.02,17751330.0,208499444.0
2016-06-29,36.08,36.32,35.72,35.87,13764303.0,163292876.0
2016-06-30,35.99,36.63,35.56,36.54,17296807.0,205669044.0
2016-07-01,36.6,36.84,35.75,36.02,13550484.0,161571965.0
2016-07-04,35.44,36.66,35.35,36.54,15286814.0,182980357.0
2016-07-05,36.69,36.72,36.02,36.32,12315100.0,147594181.0
2016-07-06,36.26,37.02,36.08,36.93,19606902.0,236999890.0
2016-07-07,37.05,37.05,35.96,36.38,15585557.0,187226327.0
2016-07-08,36.54,38.96,36.29,38.11,38642682.0,481030096.0
2016-07-11,38.2,39.26,37.63,37.78,27401336.0,347994231.0
2016-07-12,37.78,38.11,36.51,37.81,18257538.0,225041815.0
2016-07-13,37.63,38.38,37.57,37.84,16091939.0,201433820.0
2016-07-14,37.87,38.23,37.26,37.72,13211683.0,163972462.0
2016-07-15,37.45,37.84,37.02,37.17,9958989.0,122717389.0
2016-07-18,36.69,37.72,36.66,36.81,14007828.0,171815898.0
2016-07-19,36.99,37.05,36.23,36.81,12978161.0,156415332.0
2016-07-20,36.6,37.02,36.6,36.81,9138479.0,111006842.0
2016-07-21,36.75,40.48,36.54,40.48,56414515.0,733011357.0
2016-07-22,40.75,42.42,39.84,41.75,63569870.0,863348250.0
2016-07-25,40.93,45.94,40.72,45.94,79916056.0,1185578348.0
2016-07-26,45.94,45.94,43.96,45.42,61898108.0,919054667.0
2016-07-27,44.27,44.99,40.93,41.33,56807046.0,801109912.0
2016-07-28,41.17,45.45,40.63,45.45,56079387.0,793786365.0
2016-07-29,45.45,48.48,44.81,47.27,78761754.0,1215808510.0
2016-08-01,46.09,46.09,42.66,44.51,44497597.0,656715842.0
2016-08-02,44.72,48.88,43.42,47.66,65138083.0,1001206180.0
2016-08-03,46.75,50.7,46.09,48.48,73110590.0,1170204290.0
2016-08-04,47.51,50.0,47.24,47.63,53693932.0,854699637.0
2016-08-05,47.3,49.09,46.18,47.63,48827875.0,769104553.0
2016-08-08,46.45,47.54,44.97,45.72,44188438.0,669521767.0
2016-08-09,45.48,50.3,45.18,50.3,74348642.0,1194401648.0
2016-08-10,50.85,50.88,48.91,49.12,62889845.0,1027777904.0
2016-08-11,48.57,52.76,47.66,50.12,90133495.0,1494770875.0
2016-08-12,49.03,50.91,48.57,50.0,50974169.0,834547976.0
2016-08-15,49.48,53.36,49.12,51.33,68718933.0,1166773053.0
2016-08-16,50.63,52.64,50.27,51.58,55836742.0,950160583.0
2016-08-17,51.03,52.06,49.66,51.45,47930321.0,803596708.0
2016-08-18,50.97,53.55,50.94,51.63,53214149.0,918426180.0
2016-08-19,50.91,52.58,50.66,51.0,37528354.0,637912538.0
2016-08-22,50.63,51.21,48.78,48.88,37771649.0,619135308.0
2016-08-23,48.85,49.82,48.06,48.76,24607200.0,396707641.0
2016-08-24,48.54,49.06,47.27,47.72,26687764.0,421193804.0
2016-08-25,47.12,47.12,46.03,46.69,21148518.0,324807564.0
2016-08-26,47.0,48.18,46.69,47.09,21963406.0,344026089.0
2016-08-29,46.94,48.09,46.51,47.72,17973402.0,282771825.0
2016-08-30,47.66,48.15,47.12,47.33,12894936.0,201858623.0
2016-08-31,47.3,48.82,45.75,48.24,29582491.0,460495288.0
2016-09-01,47.88,48.78,47.27,47.51,26396465.0,418500951.0
2016-09-02,46.69,47.27,46.09,46.21,18883647.0,289772010.0
2016-09-05,46.33,47.12,45.66,45.84,13700600.0,208913445.0
2016-09-06,45.94,46.09,44.51,45.91,18862715.0,281267518.0
2016-09-07,46.39,47.91,46.39,46.97,27863400.0,433885232.0
2016-09-08,46.39,47.03,45.81,46.12,15365368.0,234033413.0
2016-09-09,45.94,48.03,45.94,46.84,30316503.0,472582301.0
2016-09-12,45.33,46.42,44.87,44.94,18804079.0,281992079.0
2016-09-13,45.18,49.36,45.15,48.78,51549360.0,811919932.0
2016-09-14,47.94,48.36,46.21,46.42,31769888.0,492123830.0
2016-09-19,46.42,48.0,46.06,47.0,21979354.0,340489963.0
2016-09-20,46.63,47.78,46.39,46.75,17801032.0,275386176.0
2016-09-21,46.39,46.81,45.97,46.15,12665108.0,193107319.0
2016-09-22,46.36,46.57,45.94,46.24,11869963.0,181172497.0
2016-09-23,46.27,46.39,45.03,45.09,15694760.0,234816059.0
2016-09-26,44.3,44.87,42.33,42.45,17681900.0,253277536.0
2016-09-27,42.42,42.99,42.21,42.99,9247578.0,129986177.0
2016-09-28,42.87,43.33,42.57,42.84,6368022.0,90215675.0
2016-09-29,42.9,43.21,42.3,42.39,6891593.0,96955379.0
2016-09-30,42.39,42.42,41.99,42.3,5878928.0,81794527.0
2016-10-10,42.9,43.24,42.54,43.21,8246831.0,116856160.0
2016-10-11,43.21,43.54,42.9,43.48,9619575.0,137142054.0
2016-10-12,43.24,44.54,42.93,44.18,14624898.0,212226843.0
2016-10-13,43.96,44.18,43.36,43.69,9152072.0,131957584.0
2016-10-14,43.75,43.99,42.66,43.02,8155247.0,115923733.0
2016-10-17,43.02,43.27,42.45,42.63,7571912.0,106965099.0
2016-10-18,42.45,43.21,42.45,43.18,8609010.0,121847158.0
2016-10-19,43.3,43.6,42.72,42.96,7888621.0,112171054.0
2016-10-20,42.93,43.27,42.78,43.24,8648300.0,122878018.0
2016-10-21,43.3,43.6,42.63,42.9,9100762.0,129213647.0
2016-10-24,42.9,43.09,42.51,42.96,8619789.0,121883012.0
2016-10-25,42.96,43.15,42.72,42.93,7671399.0,108533237.0
2016-10-26,43.05,43.09,41.84,42.09,13521451.0,188562041.0
2016-10-27,41.78,42.36,41.72,42.3,8135056.0,112699771.0
2016-10-28,42.05,42.33,41.57,41.63,7721082.0,106435322.0
2016-10-31,41.54,41.54,40.93,41.11,6098660.0,82758234.0
2016-11-01,40.99,43.81,40.99,43.27,25605622.0,363259305.0
2016-11-02,42.84,43.05,42.15,42.42,14963417.0,210097071.0
2016-11-03,42.17,42.57,41.69,42.21,12342091.0,171411515.0
2016-11-04,42.21,42.42,41.75,41.87,7367290.0,102008243.0
2016-11-07,41.6,41.78,40.51,40.81,20253269.0,273301562.0
2016-11-08,40.84,41.42,40.78,40.96,7480315.0,101228548.0
2016-11-09,40.96,41.11,40.08,40.33,9189189.0,122971257.0
2016-11-10,40.72,41.05,40.66,40.78,7407607.0,99722979.0
2016-11-11,40.87,40.96,40.39,40.93,8920029.0,119571460.0
2016-11-14,40.93,41.51,40.78,41.2,9572780.0,130055739.0
2016-11-15,41.3,41.39,40.84,41.36,7935415.0,107638528.0
2016-11-16,41.63,44.69,41.45,43.48,44048145.0,630164604.0
2016-11-17,43.12,43.12,42.15,42.51,19901344.0,279407406.0
2016-11-18,42.6,43.02,41.99,42.21,14767748.0,206616936.0
2016-11-21,42.08,42.69,41.93,42.24,9135883.0,127105431.0
2016-11-22,42.24,43.48,42.02,42.99,17920525.0,253842697.0
2016-11-23,42.93,42.93,41.99,42.12,12620566.0,176705470.0
2016-11-24,42.12,42.39,41.39,41.45,9454145.0,130350471.0
2016-11-25,41.11,41.57,40.33,41.51,8552478.0,115465195.0
2016-11-28,41.51,41.84,41.27,41.45,5408500.0,74025059.0
2016-11-29,41.27,41.45,40.51,40.57,8318000.0,112041310.0
2016-11-30,40.36,40.87,40.27,40.72,5031761.0,67352307.0
2016-12-01,40.72,40.93,40.42,40.69,5034443.0,67505411.0
2016-12-02,40.57,41.39,40.48,40.54,8124538.0,109604959.0
2016-12-05,40.51,41.93,40.27,41.02,10011486.0,135916203.0
2016-12-06,41.02,41.36,40.69,40.84,5069000.0,68287514.0
2016-12-07,40.84,40.87,40.33,40.78,5249158.0,70229244.0
2016-12-08,40.78,40.93,40.45,40.66,4430500.0,59395856.0
2016-12-09,40.66,40.69,40.08,40.2,5676494.0,75502763.0
2016-12-12,40.2,40.2,36.41,36.69,12294779.0,155044919.0
2016-12-13,36.51,36.96,35.96,36.66,6624364.0,79708832.0
2016-12-14,36.69,37.41,36.14,36.26,5124860.0,62019071.0
2016-12-15,35.99,36.93,35.87,36.57,4858655.0,58602851.0
2016-12-16,36.78,36.87,36.45,36.75,4316265.0,52214000.0
2016-12-19,36.93,37.02,36.6,36.75,3731035.0,45273883.0
2016-12-20,36.81,36.84,36.32,36.51,3534282.0,42483329.0
2016-12-21,36.57,36.99,36.51,36.81,3838913.0,46508977.0
2016-12-22,36.87,36.87,36.41,36.6,3622306.0,43696706.0
2016-12-23,36.6,36.75,36.29,36.35,3545430.0,42699370.0
2016-12-26,36.08,36.26,34.99,35.99,4798011.0,56167737.0
2016-12-27,35.66,36.11,35.66,35.84,2738138.0,32401817.0
2016-12-28,35.84,38.57,35.53,37.29,14121195.0,172809445.0
2016-12-29,37.29,37.29,36.54,36.6,7675462.0,93328572.0
2016-12-30,36.63,37.02,36.48,36.6,3723200.0,45021481.0
2017-01-03,36.84,36.99,36.63,36.84,3726824.0,45264660.0
2017-01-04,36.93,37.26,36.63,37.17,6096630.0,74297904.0
2017-01-05,37.14,37.72,37.02,37.23,5893390.0,72632794.0
2017-01-06,37.17,38.99,36.78,37.45,10617658.0,132532443.0
2017-01-09,36.99,37.9,36.9,37.6,5521049.0,68185393.0
2017-01-10,37.6,38.05,37.17,37.66,6312671.0,78336648.0
2017-01-11,37.57,37.9,36.99,37.05,5275761.0,64971163.0
2017-01-12,36.84,37.14,36.14,36.29,5059300.0,61182597.0
2017-01-13,36.29,36.63,35.78,35.84,3902469.0,46495201.0
2017-01-16,35.78,36.02,32.26,34.08,7511062.0,85020598.0
2017-01-17,33.78,34.44,32.93,34.23,4588058.0,51090153.0
2017-01-18,33.9,34.2,33.84,33.96,2215424.0,24828133.0
2017-01-19,33.84,34.38,33.5,34.05,2937524.0,32939344.0
2017-01-20,33.93,34.53,33.9,34.35,3085806.0,34916449.0
2017-01-23,34.35,35.11,34.35,34.75,2736488.0,31400279.0
2017-01-24,34.78,35.14,34.72,34.78,2612576.0,30093108.0
2017-01-25,34.75,35.53,34.59,35.51,4812994.0,55929483.0
2017-01-26,35.23,35.84,35.23,35.84,3684685.0,43373594.0
2017-02-03,35.84,36.35,35.44,36.02,3135639.0,37167994.0
2017-02-06,35.99,36.38,35.6,36.38,3989820.0,47501327.0
2017-02-07,36.38,37.9,36.17,37.35,10647068.0,130949044.0
2017-02-08,37.14,37.41,36.72,37.32,6017012.0,73517796.0
2017-02-09,37.29,37.72,37.05,37.51,6762094.0,83487872.0
2017-02-10,37.32,37.69,37.05,37.14,5478300.0,67232896.0
2017-02-13,37.05,37.41,36.78,37.14,4246708.0,51939044.0
2017-02-14,37.14,37.6,36.9,37.14,4786600.0,58785788.0
2017-02-15,37.11,37.11,36.05,36.35,5969708.0,72252006.0
2017-02-16,36.32,39.33,36.32,37.99,17379770.0,218033094.0
2017-02-17,37.75,38.33,36.99,37.14,9214888.0,114224105.0
2017-02-20,37.26,37.48,36.72,37.26,5373802.0,65796874.0
2017-02-21,37.29,38.17,37.23,37.75,6898600.0,85945820.0
2017-02-22,37.87,38.02,37.54,37.9,4974900.0,61917506.0
2017-02-23,38.05,38.81,37.84,38.2,9092992.0,114932856.0
2017-02-24,38.29,38.29,37.6,38.11,6195945.0,77285899.0
2017-02-27,38.66,38.99,37.78,37.87,6581900.0,83274843.0
2017-02-28,37.69,38.17,37.6,37.87,3557457.0,44297093.0
2017-03-01,37.9,37.99,37.48,37.57,4675100.0,58103360.0
2017-03-02,37.51,37.81,37.23,37.29,5056999.0,62457465.0
2017-03-03,37.02,38.05,37.02,37.87,6976871.0,86602126.0
2017-03-06,37.75,38.29,37.66,38.17,5398135.0,67761954.0
2017-03-07,38.17,38.42,37.84,38.17,4476068.0,56186556.0
2017-03-08,38.17,38.66,37.9,38.26,5903924.0,74559920.0
2017-03-09,37.99,38.2,37.29,37.35,5141424.0,63692749.0
2017-03-10,37.35,37.51,36.78,36.84,5863859.0,71685424.0
2017-03-13,36.87,37.29,36.6,37.26,4350521.0,53012028.0
2017-03-14,37.17,37.57,36.99,37.08,3367598.0,41316791.0
2017-03-15,37.02,37.08,36.72,36.81,2995822.0,36423730.0
2017-03-16,36.87,37.29,36.87,37.23,3849800.0,47165285.0
2017-03-17,37.23,37.41,36.69,36.78,4984300.0,60804395.0
2017-03-20,36.66,36.93,36.57,36.87,2947600.0,35688587.0
2017-03-21,36.87,37.08,36.75,36.84,2575976.0,31329298.0
2017-03-22,36.78,36.78,36.08,36.26,5432881.0,65089203.0
2017-03-23,36.32,36.32,35.32,35.78,5177883.0,61274103.0
2017-03-24,35.66,36.17,35.57,36.02,3358436.0,39718266.0
2017-03-27,36.08,36.29,36.02,36.14,2469124.0,29434814.0
2017-03-28,36.17,38.14,36.17,37.45,13888195.0,171723348.0
2017-03-29,37.23,37.93,37.02,37.26,9986377.0,123482579.0
2017-03-30,36.84,37.17,35.78,35.78,8448769.0,100883232.0
2017-03-31,35.78,36.08,35.05,35.35,5685972.0,66504037.0
2017-04-05,35.41,36.17,35.41,36.02,3456827.0,40915460.0
2017-04-06,35.99,36.02,35.6,35.72,3513761.0,41457769.0
2017-04-07,35.48,35.93,35.48,35.78,2725703.0,32094983.0
2017-04-10,35.81,35.84,35.17,35.2,4086000.0,47653736.0
2017-04-11,35.17,35.17,34.44,34.99,5117145.0,58704889.0
2017-04-12,35.02,35.23,34.66,34.93,2745400.0,31671426.0
2017-04-13,34.96,35.17,34.87,34.96,2569104.0,29667392.0
2017-04-14,34.96,35.14,34.23,34.32,3251785.0,37092105.0
2017-04-17,34.32,34.32,33.35,33.66,3184185.0,35486763.0
2017-04-18,33.66,33.96,33.41,33.44,2721645.0,30156014.0
2017-04-19,33.56,33.56,32.53,32.99,2841370.0,30825263.0
2017-04-20,32.99,33.41,32.96,33.17,2112700.0,23104046.0
2017-04-21,33.53,33.53,32.69,32.72,1745100.0,19009319.0
2017-04-24,32.75,32.9,31.53,31.59,3048700.0,32069298.0
2017-04-25,31.53,32.02,31.47,31.62,2004900.0,20992288.0
2017-04-26,31.47,31.84,31.47,31.78,1787300.0,18684980.0
2017-04-27,31.9,32.59,30.87,32.38,4032300.0,42158949.0
2017-04-28,32.44,32.53,32.14,32.53,1818026.0,19390970.0
2017-05-02,32.69,32.69,32.2,32.38,1650700.0,17620932.0
2017-05-03,32.69,32.87,32.14,32.26,1612800.0,17179094.0
2017-05-04,32.41,32.41,31.78,31.96,1935303.0,20417250.0
2017-05-05,31.68,31.9,31.08,31.23,2424900.0,25151905.0
2017-05-08,31.23,31.26,30.32,30.32,2577526.0,26116711.0
2017-05-09,30.5,30.84,30.32,30.8,1927700.0,19469097.0
2017-05-10,30.96,30.96,30.62,30.62,2120439.0,21526087.0
2017-05-11,30.5,30.5,27.99,29.62,3961463.0,38374167.0
2017-05-12,30.08,30.08,28.99,29.2,2148138.0,20769716.0
2017-05-15,28.96,29.38,28.96,28.99,1607619.0,15434251.0
2017-05-16,28.96,29.56,28.11,29.41,3008900.0,28617698.0
2017-05-17,29.53,29.96,29.32,29.65,2658581.0,26000409.0
2017-05-18,29.77,30.23,29.44,29.71,2120146.0,20740652.0
2017-05-19,29.8,29.87,29.38,29.47,1375252.0,13344287.0
2017-05-22,29.47,29.62,28.34,28.34,2129000.0,20153902.0
2017-05-23,28.34,28.34,26.36,26.42,4144700.0,37116204.0
2017-05-24,26.21,27.7,25.11,27.34,4189848.0,36261800.0
2017-05-25,27.4,27.58,26.88,27.28,2900796.0,25863272.0
2017-05-26,27.49,27.49,27.06,27.06,1714083.0,15332696.0
2017-05-31,27.4,28.19,27.37,27.46,2481926.0,22533073.0
2017-06-01,27.43,27.43,25.78,26.12,2831904.0,24710633.0
2017-06-02,26.06,26.61,25.69,26.27,2153778.0,18473624.0
2017-06-05,26.33,26.79,26.3,26.51,1588515.0,13822957.0
2017-06-06,26.91,26.91,26.36,26.73,1493960.0,13086188.0
2017-06-07,26.73,27.58,26.51,27.4,3129433.0,27984593.0
2017-06-08,27.58,27.61,27.15,27.18,2167156.0,19403501.0
2017-06-09,27.18,27.34,26.97,27.18,1717083.0,15282768.0
2017-06-12,27.15,27.15,26.45,26.48,1975373.0,17338712.0
2017-06-13,26.48,27.15,26.48,27.09,2032880.0,17972327.0
2017-06-14,27.12,29.8,27.06,28.59,10844114.0,102588145.0
2017-06-15,28.16,29.16,28.1,28.83,6916488.0,65182940.0
2017-06-16,28.65,28.77,28.22,28.46,3708065.0,34628076.0
2017-06-19,28.43,28.77,28.31,28.56,2807364.0,26227561.0
2017-06-20,28.62,28.77,28.37,28.43,2557400.0,23926888.0
2017-06-21,28.52,28.56,27.92,28.1,3110122.0,28758950.0
2017-06-22,28.13,28.13,27.37,27.4,3519400.0,31977010.0
2017-06-23,27.31,29.5,27.28,29.14,13174461.0,124275392.0
2017-06-26,29.07,32.06,28.68,32.06,22481745.0,228838293.0
2017-06-27,33.46,34.35,32.18,33.16,39137230.0,424439774.0
2017-06-28,33.49,33.77,32.0,32.34,23158003.0,249237239.0
2017-06-29,32.37,32.82,31.73,31.76,17144877.0,180687007.0
2017-06-30,31.48,32.21,31.02,31.6,14906674.0,155042998.0
2017-07-03,31.36,31.94,31.18,31.45,9080526.0,93520033.0
2017-07-04,31.42,33.07,31.24,32.43,19304902.0,205531975.0
2017-07-05,32.3,33.89,32.21,33.46,25570963.0,278490413.0
2017-07-06,32.91,33.25,32.4,32.88,18248669.0,196340093.0
2017-07-07,32.58,34.26,32.34,33.71,21785882.0,239593208.0
2017-07-10,33.52,34.68,33.16,33.89,18721915.0,208197696.0
2017-07-11,33.58,33.8,31.7,31.85,14570404.0,156525719.0
2017-07-12,32.46,33.13,31.85,32.61,8754557.0,93027815.0
2017-07-13,32.67,32.7,31.48,31.97,8240788.0,86281561.0
2017-07-14,32.0,32.0,31.39,31.45,4766117.0,49375292.0
2017-07-17,30.11,30.6,28.43,28.43,13539081.0,129762353.0
2017-07-18,28.43,29.99,28.22,29.56,8047493.0,76591792.0
2017-07-19,29.26,30.66,29.01,30.29,9072980.0,89860383.0
2017-07-20,29.93,33.13,29.87,31.88,17079089.0,178867699.0
2017-07-21,31.54,32.82,31.24,31.94,11673904.0,122973086.0
2017-07-24,31.94,32.91,30.66,30.87,18545811.0,191124997.0
2017-07-25,30.17,30.48,29.07,29.84,14975718.0,145254216.0
2017-07-26,29.5,30.17,29.38,29.87,8666724.0,84746022.0
2017-07-27,29.8,29.8,28.83,29.47,8432983.0,81018260.0
2017-07-28,29.47,31.39,29.29,30.78,15946351.0,159869790.0
2017-07-31,30.54,30.81,30.17,30.48,10114645.0,100911769.0
2017-08-01,30.35,30.38,29.59,29.9,8695584.0,85251363.0
2017-08-02,29.59,30.32,29.59,29.93,7235448.0,71222959.0
2017-08-03,29.84,29.84,29.29,29.56,7118857.0,68771921.0
2017-08-04,29.56,29.68,28.92,28.95,6391200.0,61183488.0
2017-08-07,28.74,29.29,28.65,29.14,3223781.0,30700023.0
2017-08-08,29.26,29.35,28.77,29.04,3978907.0,37757418.0
2017-08-09,28.89,28.98,28.52,28.68,3958800.0,37289747.0
2017-08-10,28.56,28.65,27.98,28.07,5223110.0,48427725.0
2017-08-11,27.67,28.07,27.61,27.7,4128559.0,37684662.0
2017-08-14,27.73,28.46,27.73,28.31,2988622.0,27701054.0
2017-08-15,28.31,28.95,28.01,28.83,5650604.0,52912327.0
2017-08-16,28.62,28.62,28.25,28.46,3713082.0,34590037.0
2017-08-17,28.28,28.77,28.28,28.71,3524886.0,33019842.0
2017-08-18,28.62,28.68,28.4,28.56,2413857.0,22592931.0
2017-08-21,28.59,29.07,28.59,28.95,3458404.0,32698963.0
2017-08-22,28.92,28.95,28.5,28.62,3134604.0,29472983.0
2017-08-23,28.74,29.56,28.5,28.98,7318629.0,70137241.0
2017-08-24,28.8,28.8,28.13,28.13,5162412.0,47973482.0
2017-08-25,28.13,28.4,28.13,28.31,2700032.0,25033715.0
2017-08-28,28.52,28.52,28.16,28.34,4016400.0,37319438.0
2017-08-29,28.31,28.5,28.19,28.25,3391196.0,31519587.0
2017-08-30,28.28,28.37,28.07,28.19,2959273.0,27335311.0
2017-08-31,28.25,28.28,28.01,28.25,3416305.0,31506096.0
2017-09-01,28.31,28.71,28.1,28.71,5804291.0,54204261.0
2017-09-04,28.74,29.56,28.56,29.56,11871907.0,113968448.0
2017-09-05,29.59,29.59,28.98,29.1,5623720.0,53755533.0
2017-09-06,28.98,29.53,28.68,29.44,7895205.0,75589903.0
2017-09-07,29.62,29.62,28.95,29.04,6113554.0,58645654.0
2017-09-08,28.95,29.29,28.8,29.1,4160011.0,39592920.0
2017-09-11,28.86,30.32,28.74,30.08,13232810.0,129201905.0
2017-09-12,29.96,30.78,29.68,30.38,15700571.0,156010387.0
2017-09-13,30.26,30.48,29.74,30.23,7225077.0,71216118.0
2017-09-14,30.17,31.39,30.11,31.24,19544757.0,198454921.0
2017-09-15,30.99,31.12,30.45,30.87,10779861.0,108615366.0
2017-09-18,30.72,31.42,30.6,30.87,9515514.0,96856377.0
2017-09-19,30.96,30.99,29.8,29.87,10288600.0,102001104.0
2017-09-20,29.9,30.08,29.41,29.87,6082929.0,59273130.0
2017-09-21,29.87,30.05,29.38,29.53,4871676.0,47518401.0
2017-09-22,29.35,29.5,28.77,29.1,4706640.0,44881154.0
2017-09-25,29.14,29.47,28.65,28.74,3224120.0,30806841.0
2017-09-26,28.74,29.26,28.74,29.07,2777262.0,26393009.0
2017-09-27,28.98,29.47,28.83,29.16,3920277.0,37552686.0
2017-09-28,29.23,29.23,28.65,28.74,3449930.0,32645026.0
2017-09-29,28.74,28.98,28.65,28.83,2929370.0,27691981.0
2017-10-09,29.07,29.47,29.01,29.16,3384400.0,32482556.0
2017-10-10,29.14,29.5,29.04,29.5,4120690.0,39600633.0
2017-10-11,29.5,29.5,29.23,29.29,2787889.0,26809996.0
2017-10-12,29.23,29.26,28.8,28.95,3215300.0,30623227.0
2017-10-13,28.98,29.14,28.83,29.04,2628531.0,24983249.0
2017-10-16,28.83,28.89,27.73,27.76,8066701.0,74242319.0
2017-10-17,27.76,28.1,27.73,27.89,2321500.0,21227034.0
2017-10-18,27.92,28.07,27.25,27.34,3403074.0,30864124.0
2017-10-19,27.34,27.34,26.27,26.48,5185400.0,45291542.0
2017-10-20,26.42,26.79,26.27,26.64,2540498.0,22186322.0
2017-10-23,26.7,27.03,26.67,26.94,1984272.0,17483612.0
2017-10-24,26.85,27.03,26.51,26.67,1899200.0,16672184.0
2017-10-25,26.54,26.88,26.54,26.88,1744404.0,15329495.0
2017-10-26,26.73,27.28,26.64,27.25,2841713.0,25189733.0
2017-10-27,27.25,27.31,26.88,26.91,2148500.0,19086315.0
2017-10-30,26.94,26.94,25.75,26.09,2941384.0,25303780.0
2017-10-31,26.09,26.3,25.81,26.18,1913200.0,16380877.0
2017-11-01,26.21,26.64,26.09,26.45,2250000.0,19532905.0
2017-11-02,26.64,26.64,26.06,26.15,1894500.0,16370653.0
2017-11-03,25.9,26.36,25.84,25.93,2058660.0,17540161.0
2017-11-06,25.93,26.73,25.9,26.64,2377929.0,20516258.0
2017-11-07,26.64,26.73,26.39,26.67,1794893.0,15628186.0
2017-11-08,26.67,27.25,26.64,26.91,3468443.0,30784938.0
2017-11-09,26.91,27.12,26.85,26.97,2302772.0,20376765.0
2017-11-10,26.94,27.06,26.57,27.03,2627592.0,23172867.0
2017-11-13,27.06,27.15,26.61,26.85,2415141.0,21275708.0
2017-11-14,26.82,26.91,26.57,26.79,2105801.0,18471591.0
2017-11-15,26.73,26.91,26.33,26.88,2606741.0,22763245.0
2017-11-16,26.91,27.55,26.88,27.4,4750598.0,42484784.0
2017-11-17,27.37,27.95,26.7,27.55,6571192.0,59095227.0
2017-11-20,27.55,27.82,26.48,27.64,4855565.0,43634415.0
2017-11-21,27.52,28.8,27.28,28.65,10444240.0,96707541.0
2017-11-22,28.65,28.8,28.07,28.46,6945273.0,64619163.0
2017-11-23,28.37,28.77,28.01,28.07,6184538.0,57512998.0
2017-11-24,27.98,28.59,27.73,28.5,5470772.0,50901411.0
2017-11-27,28.8,29.04,27.46,27.49,5376757.0,49812317.0
2017-11-28,27.52,28.19,27.46,27.98,3276439.0,30008397.0
2017-11-29,27.82,28.19,27.58,28.16,4168624.0,38206467.0
2017-11-30,28.04,28.62,27.82,28.52,4583006.0,42655456.0
2017-12-01,28.52,28.62,28.28,28.52,3012100.0,28143841.0
2017-12-04,28.1,28.74,28.1,28.59,4089163.0,38333210.0
2017-12-05,28.8,28.8,27.46,27.55,5103043.0,47122698.0
2017-12-06,27.31,27.49,26.48,27.0,4595684.0,40580784.0
2017-12-07,26.82,27.21,26.61,26.73,2146243.0,18899291.0
2017-12-08,26.94,27.15,26.82,27.06,2047543.0,18151118.0
2017-12-11,27.0,27.15,26.85,27.06,1298287.0,11501093.0
2017-12-12,26.97,27.06,26.85,26.97,1229500.0,10881137.0
2017-12-13,26.88,27.09,26.88,27.06,976609.0,8636321.0
2017-12-14,27.06,27.09,26.27,26.36,2520700.0,22015507.0
2017-12-15,26.39,26.42,25.96,26.06,1913600.0,16381525.0
2017-12-18,25.93,26.3,25.93,26.12,1084505.0,9297814.0
2017-12-19,26.12,26.27,26.09,26.15,1301458.0,11171527.0
2017-12-20,26.06,26.18,25.75,25.78,1439100.0,12231169.0
2017-12-21,25.72,25.72,24.93,25.42,1896774.0,15786172.0
2017-12-22,25.36,25.69,25.32,25.48,1052243.0,8813779.0
2017-12-25,25.81,25.81,25.3,25.32,962999.0,8061703.0
2017-12-26,25.32,25.48,24.99,25.45,1648797.0,13619129.0
2017-12-27,25.23,25.51,25.14,25.14,1230400.0,10211713.0
2017-12-28,25.32,25.36,24.68,24.93,2120682.0,17402734.0
2017-12-29,24.81,27.43,24.81,27.43,13367022.0,119565753.0
2018-01-02,27.73,28.95,27.43,28.07,28799830.0,266270737.0
2018-01-03,27.09,27.95,27.09,27.79,15079142.0,136081772.0
2018-01-04,27.34,27.7,27.25,27.61,10342956.0,93320503.0
2018-01-05,27.64,28.19,27.28,27.49,10026875.0,90891248.0
2018-01-08,27.46,27.49,26.94,27.25,7564104.0,67339321.0
2018-01-09,27.12,27.31,26.88,27.12,5893893.0,52378436.0
2018-01-10,27.06,27.15,26.15,26.36,6635792.0,57934963.0
2018-01-11,26.0,26.85,25.81,26.54,5002522.0,43295492.0
2018-01-12,26.54,26.94,26.39,26.45,3966593.0,34679628.0
2018-01-15,26.54,26.61,25.08,25.17,6273853.0,52683745.0
2018-01-16,25.17,25.6,25.17,25.45,3308316.0,27528238.0
2018-01-17,25.45,26.36,25.14,26.0,4953857.0,41952056.0
2018-01-18,26.09,26.09,25.66,25.87,2784630.0,23579271.0
2018-01-19,25.84,25.84,25.32,25.48,4074266.0,34103311.0
2018-01-22,25.3,26.15,25.08,26.09,6267575.0,52479393.0
2018-01-23,25.2,25.6,25.17,25.45,6843875.0,57036285.0
2018-01-24,25.57,25.66,25.23,25.51,4075000.0,33948812.0
2018-01-25,25.72,25.81,25.32,25.57,5210777.0,43425921.0
2018-01-26,25.6,25.66,25.48,25.57,3078382.0,25682692.0
2018-01-29,25.57,25.63,24.93,25.11,3526700.0,28995685.0
2018-01-30,25.2,25.45,24.99,25.32,2259056.0,18608264.0
2018-01-31,25.32,25.32,23.61,24.46,4240132.0,34209538.0
2018-02-01,24.43,24.43,22.99,23.02,4916500.0,37761148.0
2018-02-02,22.99,22.99,21.8,22.17,3091400.0,22447305.0
2018-02-05,21.86,22.32,21.71,22.11,1947900.0,14066538.0
2018-02-06,21.86,22.07,19.93,20.14,4699777.0,32368685.0
2018-02-07,20.39,20.82,20.08,20.69,7496741.0,50079351.0
2018-02-08,20.82,20.94,20.42,20.88,2478794.0,16808416.0
2018-02-09,20.45,20.82,19.99,20.08,2676378.0,17774842.0
2018-02-12,20.17,20.73,20.17,20.57,2128162.0,14248947.0
2018-02-13,20.57,20.88,20.48,20.6,1689700.0,11419060.0
2018-02-14,20.82,20.82,20.48,20.66,1017300.0,6856825.0
2018-02-22,20.66,21.12,20.66,20.94,1440062.0,9831860.0
2018-02-23,21.0,21.34,20.91,21.22,1713500.0,11812993.0
2018-02-26,20.97,21.68,20.91,21.49,2583483.0,17983547.0
2018-02-27,21.71,23.58,21.71,22.44,7736900.0,57362058.0
2018-02-28,22.38,22.38,21.71,22.23,4016000.0,28980831.0
2018-03-01,22.07,22.41,21.92,22.38,3095288.0,22423606.0
2018-03-02,22.32,22.38,22.11,22.23,2676588.0,19407235.0
2018-03-05,22.23,22.44,21.98,22.41,2769912.0,20064001.0
2018-03-06,22.26,22.53,22.11,22.47,4328914.0,31527305.0
2018-03-07,22.47,22.63,22.23,22.47,3140491.0,22904264.0
2018-03-08,22.29,22.44,22.17,22.26,2498906.0,18162651.0
2018-03-09,22.23,22.69,22.11,22.57,4346518.0,31886056.0
2018-03-12,22.63,23.12,22.59,23.02,4427020.0,33097233.0
2018-03-13,22.99,22.99,22.63,22.69,3001300.0,22330370.0
2018-03-14,22.63,23.09,22.41,22.5,2988959.0,22141852.0
2018-03-15,22.47,22.53,22.04,22.2,2906011.0,21057753.0
2018-03-16,22.2,22.38,22.07,22.14,2355234.0,17075135.0
2018-03-19,22.17,22.29,22.01,22.11,1953300.0,14122730.0
2018-03-20,22.07,22.11,21.8,22.04,1821441.0,13059954.0
2018-03-21,22.04,22.47,22.01,22.17,3058400.0,22231538.0
2018-03-22,22.26,22.38,21.92,22.07,1865630.0,13453888.0
2018-03-23,21.22,21.61,20.05,20.39,5777931.0,39444590.0
2018-03-26,19.96,20.6,19.62,20.57,3187803.0,21097870.0
2018-03-27,20.82,21.34,20.66,21.28,4250633.0,29200400.0
2018-03-28,21.0,22.96,20.94,22.26,8033412.0,58245535.0
2018-03-29,22.23,22.5,21.98,22.35,4444047.0,32324711.0
2018-03-30,22.38,23.15,22.38,22.57,4636228.0,34452569.0
2018-04-02,22.96,22.96,22.38,22.59,2868646.0,21151706.0
2018-04-03,22.07,22.93,22.04,22.59,3353882.0,24584458.0
2018-04-04,22.53,22.84,22.26,22.38,1808100.0,13302528.0
2018-04-09,22.14,23.55,22.01,22.66,4911057.0,36411823.0
2018-04-10,22.57,22.72,22.23,22.57,3622442.0,26428768.0
2018-04-11,22.47,22.66,22.26,22.41,3532615.0,25803642.0
2018-04-12,22.47,22.53,21.61,22.11,4541130.0,32561186.0
2018-04-13,22.07,22.14,21.64,21.71,2640900.0,18788026.0
2018-04-16,21.61,21.92,21.4,21.46,2523188.0,17769872.0
2018-04-17,21.43,21.71,20.94,21.03,2509682.0,17436713.0
2018-04-18,21.03,21.31,20.63,21.09,3290400.0,22445782.0
2018-04-19,21.18,21.37,21.03,21.22,3199782.0,22196640.0
2018-04-20,21.25,22.63,21.0,22.29,11873684.0,85512425.0
2018-04-23,22.66,22.66,21.77,22.17,5224462.0,37572467.0
2018-04-24,22.07,22.29,21.98,22.11,4391862.0,31719818.0
2018-04-25,22.17,22.17,21.77,21.8,3404406.0,24340646.0
2018-04-26,21.8,22.01,21.09,21.12,3245500.0,22735883.0
2018-04-27,21.18,21.43,20.88,21.12,1994586.0,13734228.0
2018-05-02,21.34,21.37,21.0,21.06,1745950.0,12059251.0
2018-05-03,21.06,21.8,20.82,21.74,3779500.0,26398348.0
2018-05-04,21.64,21.77,21.49,21.52,1673100.0,11785875.0
2018-05-07,21.55,23.15,21.49,22.26,6639870.0,48494821.0
2018-05-08,22.17,22.44,21.95,22.35,5226516.0,37898743.0
2018-05-09,22.29,22.66,22.14,22.29,4056103.0,29639285.0
2018-05-10,22.26,24.53,22.14,24.53,11450381.0,87924083.0
2018-05-11,24.53,24.53,23.27,23.33,17127512.0,132990008.0
2018-05-14,23.05,23.76,22.87,23.18,7216724.0,54887497.0
2018-05-15,23.21,23.42,22.78,23.33,5283879.0,39861024.0
2018-05-16,23.18,23.52,22.9,23.15,4721273.0,35714079.0
2018-05-17,23.02,24.01,23.02,23.45,6828973.0,52553518.0
2018-05-18,23.48,23.76,23.02,23.33,4239380.0,32178716.0
2018-05-21,23.39,23.76,23.33,23.67,5471264.0,42078688.0
2018-05-22,23.67,23.79,23.33,23.58,4757606.0,36494352.0
2018-05-23,23.45,23.48,22.69,22.78,4879418.0,36661157.0
2018-05-24,22.84,23.12,22.63,22.93,2746701.0,20547879.0
2018-05-25,22.87,23.09,22.41,22.41,2521647.0,18651993.0
2018-05-28,22.38,22.38,21.77,21.86,3482434.0,25026545.0
2018-05-29,21.86,21.98,21.68,21.71,2848000.0,20259241.0
2018-05-30,21.46,21.8,21.0,21.22,3618600.0,25092185.0
2018-05-31,21.31,21.64,21.31,21.61,2089200.0,14651094.0
2018-06-01,21.49,22.01,21.49,21.74,2383400.0,16896458.0
2018-06-04,21.71,22.04,21.61,21.68,1615900.0,11487780.0
2018-06-05,21.71,22.04,21.61,22.01,1846700.0,13151216.0
2018-06-06,21.95,22.11,21.77,21.95,1591700.0,11393072.0
2018-06-07,22.11,22.17,21.28,21.31,2365700.0,16737445.0
2018-06-08,21.37,21.58,21.06,21.18,2017300.0,13973198.0
2018-06-11,21.31,21.31,20.97,21.09,1202600.0,8296367.0
2018-06-12,21.18,21.25,20.85,21.15,1612500.0,11073252.0
2018-06-13,21.0,21.15,20.57,20.6,2243100.0,15274990.0
2018-06-14,20.54,20.94,20.45,20.63,1112442.0,7502594.0
2018-06-15,20.69,20.91,20.08,20.36,1526132.0,10149203.0
2018-06-19,20.2,20.2,18.36,18.73,3469501.0,21575119.0
2018-06-20,18.82,19.07,18.7,18.95,1573788.0,9701924.0
2018-06-21,18.95,19.04,18.33,18.36,2124900.0,12920020.0
2018-06-22,18.12,18.64,18.09,18.58,1257167.0,7573220.0
2018-06-25,18.7,18.95,18.58,18.61,1122533.0,6859878.0
2018-06-26,18.36,18.86,18.33,18.79,1332834.0,8126250.0
2018-06-27,18.79,18.86,18.46,18.49,1787700.0,10873229.0
2018-06-28,18.46,18.64,18.33,18.36,1557100.0,9404091.0
2018-06-29,18.36,19.04,18.36,18.89,2078129.0,12722005.0
2018-07-02,18.89,19.07,18.49,18.58,2054737.0,12590622.0
2018-07-03,18.58,18.89,18.52,18.89,2420200.0,14787879.0
2018-07-04,18.92,18.95,18.43,18.49,2191056.0,13331627.0
2018-07-05,18.46,18.64,16.65,17.48,2950100.0,17427735.0
2018-07-06,17.48,18.09,17.05,17.72,2992665.0,17286997.0
2018-07-09,17.81,18.33,17.81,18.18,1742095.0,10296197.0
2018-07-10,18.36,18.39,18.0,18.24,1600833.0,9529917.0
2018-07-11,18.15,18.33,17.54,17.97,1827957.0,10670607.0
2018-07-12,17.97,18.49,17.97,18.27,2521929.0,15074021.0
2018-07-13,18.43,18.49,18.18,18.43,1919728.0,11501795.0
2018-07-16,18.36,18.67,18.21,18.46,2341638.0,14066971.0
2018-07-17,18.49,20.3,18.27,20.3,15076011.0,98431451.0
2018-07-18,20.08,21.22,19.77,19.84,17997751.0,119963080.0
2018-07-19,19.56,19.56,18.95,19.1,10151414.0,63457146.0
2018-07-20,19.01,19.87,18.7,19.47,8327398.0,52480473.0
2018-07-23,19.28,20.23,19.16,19.65,7166518.0,46221246.0
2018-07-24,19.47,19.87,19.07,19.68,6969159.0,44391244.0
2018-07-25,19.56,19.8,19.32,19.5,4599103.0,29252884.0
2018-07-26,19.56,20.11,19.38,19.74,6232800.0,40107046.0
2018-07-27,19.59,19.65,19.16,19.19,4147205.0,26202069.0
2018-07-30,19.19,19.32,18.89,19.04,2667767.0,16586114.0
2018-07-31,18.86,19.41,18.86,19.32,2566000.0,16008285.0
2018-08-01,19.28,19.47,18.92,18.95,2358100.0,14765585.0
2018-08-02,18.92,18.92,17.93,18.06,3646864.0,21628049.0
2018-08-03,18.09,18.36,18.03,18.06,1457070.0,8637297.0
2018-08-06,18.33,18.33,17.66,17.75,1174600.0,6840636.0
2018-08-07,17.75,18.24,17.63,18.15,1717800.0,10128780.0
2018-08-08,18.18,18.27,18.0,18.09,1512510.0,8951133.0
2018-08-09,18.09,19.01,18.06,18.76,3415459.0,20744028.0
2018-08-10,18.82,18.82,18.55,18.76,2299010.0,14009346.0
2018-08-13,18.52,18.98,18.49,18.98,1929849.0,11801107.0
2018-08-14,18.92,19.01,18.76,18.98,1969930.0,12143698.0
2018-08-15,19.01,19.1,18.49,18.49,1848700.0,11271077.0
2018-08-16,18.27,18.67,18.15,18.33,1576300.0,9482831.0
2018-08-17,18.58,18.76,18.0,18.09,1508300.0,9019720.0
2018-08-20,18.18,18.46,17.93,18.43,992100.0,5900947.0
2018-08-21,18.52,18.67,18.3,18.52,1750700.0,10587003.0
2018-08-22,18.58,18.67,18.21,18.24,1527900.0,9154965.0
2018-08-23,18.0,18.36,18.0,18.27,1268700.0,7525355.0
2018-08-24,18.15,18.27,18.06,18.15,975300.0,5777369.0
2018-08-27,18.15,18.7,18.15,18.7,2499406.0,15124122.0
2018-08-28,18.64,18.98,18.55,18.76,2221000.0,13595340.0
2018-08-29,18.76,18.98,18.61,18.92,1744753.0,10713496.0
2018-08-30,18.58,18.73,17.81,17.93,5340348.0,31438943.0
2018-08-31,17.93,18.03,17.57,17.63,1721053.0,9962062.0
2018-09-03,17.54,17.54,16.89,17.14,3389347.0,18945589.0
2018-09-04,17.2,17.32,17.02,17.23,2477300.0,13884674.0
2018-09-05,17.17,17.32,16.8,16.8,3012100.0,16762787.0
2018-09-06,16.77,16.92,16.34,16.43,3440400.0,18679957.0
2018-09-07,16.49,16.74,16.34,16.52,2962629.0,15949262.0
2018-09-10,16.52,16.52,16.13,16.13,2226900.0,11832529.0
2018-09-11,16.13,16.28,16.0,16.25,1736149.0,9141714.0
2018-09-12,16.31,16.52,16.16,16.4,2165129.0,11572537.0
2018-09-13,16.46,16.68,16.25,16.56,2416113.0,12945313.0
2018-09-14,16.56,16.68,16.34,16.37,2066715.0,11109041.0
2018-09-17,16.37,16.37,16.03,16.13,1621937.0,8535214.0
2018-09-18,16.19,16.37,15.94,16.34,1904354.0,10079206.0
2018-09-19,16.34,16.65,16.25,16.56,2307960.0,12402969.0
2018-09-20,16.49,16.8,16.4,16.43,2157154.0,11641366.0
2018-09-21,16.4,16.62,16.4,16.56,2244988.0,12109871.0
2018-09-25,16.56,16.65,16.4,16.49,1856966.0,10009282.0
2018-09-26,16.49,16.65,16.49,16.56,2008900.0,10853847.0
2018-09-27,16.49,16.59,16.07,16.16,2618400.0,13897400.0
2018-09-28,16.16,16.31,16.03,16.31,1210300.0,6391192.0
2018-10-08,16.13,16.13,15.7,15.7,1770752.0,9166868.0
2018-10-09,15.73,15.94,15.67,15.73,1215452.0,6260526.0
2018-10-10,15.79,16.62,15.57,16.1,3726932.0,19630059.0
2018-10-11,15.48,15.48,14.56,14.72,4353037.0,21311096.0
2018-10-12,14.53,14.65,13.24,14.26,3393514.0,15521410.0
2018-10-15,14.16,14.5,13.98,14.04,1539314.0,7146066.0
2018-10-16,14.01,14.23,13.34,13.49,2159732.0,9636758.0
2018-10-17,13.73,13.73,13.4,13.67,1785600.0,7922463.0
2018-10-18,13.77,13.8,13.28,13.31,1653200.0,7272470.0
2018-10-19,13.12,13.58,12.72,13.46,1755642.0,7627000.0
2018-10-22,13.61,14.35,13.55,14.01,3254100.0,14840263.0
2018-10-23,14.1,14.16,13.67,13.77,2448219.0,11081643.0
2018-10-24,13.7,14.01,13.61,13.83,1518600.0,6846718.0
2018-10-25,13.31,13.83,13.12,13.77,2047600.0,9022588.0
2018-10-26,13.77,14.2,13.77,14.04,3000799.0,13743676.0
2018-10-29,13.8,14.07,13.64,13.86,1570600.0,7133397.0
2018-10-30,13.86,14.1,13.64,13.92,2080048.0,9426213.0
2018-10-31,14.07,14.23,13.92,14.13,2773089.0,12759279.0
2018-11-01,14.16,14.38,14.13,14.23,3649500.0,16964987.0
2018-11-02,14.41,14.59,14.29,14.5,3977200.0,18728090.0
2018-11-05,14.44,14.78,14.35,14.65,3540100.0,16804335.0
2018-11-06,14.56,14.65,14.41,14.62,2766300.0,13121542.0
2018-11-07,14.99,15.02,14.5,14.53,3235384.0,15544579.0
2018-11-08,14.53,14.78,14.5,14.53,2682400.0,12808624.0
2018-11-09,14.56,15.18,14.53,14.69,4070110.0,19718356.0
2018-11-12,14.62,15.12,14.62,15.02,3868839.0,18821824.0
2018-11-13,14.84,15.67,14.81,15.51,6503698.0,32702963.0
