2014-01-17,21.19,25.42,21.19,25.34,55742136.0,1315719936.0
2014-01-20,24.0,24.27,22.81,22.81,20472158.0,475780352.0
2014-01-21,21.9,22.65,21.21,21.87,24673192.0,541932736.0
2014-01-22,21.3,22.45,21.28,21.88,20460882.0,448099968.0
2014-01-23,21.64,22.39,21.53,21.68,17059156.0,374214048.0
2014-01-24,21.53,23.4,21.51,22.65,27549612.0,620996992.0
2014-01-27,22.25,22.35,21.18,21.34,17204404.0,371212832.0
2014-01-28,21.4,21.94,21.4,21.6,9636994.0,208682688.0
2014-01-29,21.57,21.79,19.87,20.06,17018544.0,348723488.0
2014-01-30,19.88,19.88,18.92,19.03,10449778.0,201112288.0
2014-02-07,18.84,19.42,18.64,19.39,7057067.0,135388816.0
2014-02-10,19.41,20.38,19.1,20.11,12553668.0,247952400.0
2014-02-11,19.93,20.36,19.61,19.97,12104717.0,242485920.0
2014-02-12,20.05,21.79,19.8,21.38,18432428.0,387105088.0
2014-02-13,21.18,21.35,20.4,20.42,12075535.0,250892496.0
2014-02-14,20.42,21.37,20.42,21.29,11978358.0,253220048.0
2014-02-17,21.31,22.47,21.01,22.15,17117814.0,372470880.0
2014-02-18,22.34,24.05,21.64,22.91,23900168.0,548152000.0
2014-02-19,22.51,23.56,22.35,22.58,18373684.0,420355616.0
2014-02-20,22.3,22.74,21.35,21.82,14978296.0,329643200.0
2014-02-21,21.72,22.15,20.88,21.05,10687324.0,228737968.0
2014-02-24,21.05,21.39,20.45,21.32,7501526.0,157770656.0
2014-02-25,21.33,21.65,19.42,19.82,11789177.0,244559440.0
2014-02-26,19.65,20.45,19.43,20.42,7282868.0,145850304.0
2014-02-27,20.46,20.58,19.6,19.72,7181015.0,144020624.0
2014-02-28,19.61,20.58,19.51,20.47,7664273.0,153890816.0
2014-03-03,20.39,21.76,20.25,21.62,12451513.0,264561424.0
2014-03-04,21.4,22.88,21.04,21.75,16780576.0,367224768.0
2014-03-05,21.52,21.58,20.8,20.86,8367123.0,176724272.0
2014-03-06,20.7,22.54,20.4,22.05,13952545.0,300280224.0
2014-03-07,21.76,21.98,20.88,21.09,9430675.0,201978176.0
2014-03-10,21.0,21.0,20.15,20.21,5858306.0,119713624.0
2014-03-11,20.08,20.79,20.0,20.47,5413564.0,110754768.0
2014-03-12,20.33,20.49,19.6,19.95,6792854.0,135779152.0
2014-03-13,19.8,20.19,19.8,20.07,3564912.0,71331064.0
2014-03-14,19.92,20.3,19.77,19.82,3360819.0,67080472.0
2014-03-17,19.79,20.15,19.77,20.14,3041750.0,60793192.0
2014-03-18,20.11,20.43,19.93,20.1,4790179.0,96585608.0
2014-03-19,20.0,20.14,19.46,19.65,4543897.0,89338880.0
2014-03-20,19.65,19.79,18.96,18.97,4825680.0,93205912.0
2014-03-21,18.88,19.46,18.58,19.39,5159675.0,98363008.0
2014-03-24,19.35,19.55,19.21,19.27,3063425.0,59176768.0
2014-03-25,19.4,19.4,19.07,19.18,2824953.0,54282668.0
2014-03-26,19.27,19.48,19.1,19.32,2276077.0,43940564.0
2014-03-27,19.34,19.34,18.7,18.71,3759198.0,71082064.0
2014-03-28,18.72,19.36,18.31,18.86,4844909.0,91345432.0
2014-03-31,18.76,18.84,18.38,18.47,2350051.0,43643448.0
2014-04-01,18.43,18.76,18.43,18.68,2157020.0,40265484.0
2014-04-02,18.68,18.91,18.55,18.9,2997685.0,56092136.0
2014-04-03,18.84,19.27,18.71,18.82,3375487.0,64032936.0
2014-04-04,18.83,18.97,18.67,18.93,2067893.0,38963664.0
2014-04-08,18.83,19.3,18.78,19.19,3479623.0,66386672.0
2014-04-09,19.17,19.33,19.1,19.22,3430703.0,65890208.0
2014-04-10,19.21,19.28,18.97,19.01,4184279.0,80152344.0
2014-04-11,19.01,19.04,18.57,18.59,4008158.0,74944936.0
2014-04-14,18.55,18.89,18.55,18.76,1873324.0,35114532.0
2014-04-15,18.84,18.84,18.59,18.61,1951366.0,36396888.0
2014-04-16,18.58,18.73,18.56,18.66,1877082.0,35041952.0
2014-04-17,18.71,19.24,18.69,19.16,4470534.0,85344696.0
2014-04-18,19.0,19.29,18.96,19.09,2781580.0,53175720.0
2014-04-21,19.19,19.59,19.08,19.21,5903532.0,114200864.0
2014-04-22,19.11,19.27,18.6,18.81,3538655.0,66689320.0
2014-04-23,18.82,18.91,18.68,18.7,1770204.0,33235700.0
2014-04-24,18.6,18.79,18.33,18.34,2452134.0,45406176.0
2014-04-25,18.3,18.64,18.02,18.16,2361285.0,43468156.0
2014-04-28,18.19,18.25,17.14,17.17,3146861.0,55567308.0
2014-04-29,17.17,17.49,17.17,17.35,2164622.0,37534028.0
2014-04-30,17.4,17.52,17.34,17.48,1474406.0,25709658.0
2014-05-05,17.5,17.86,17.3,17.86,2534422.0,44662204.0
2014-05-06,17.79,18.14,17.69,17.95,3046628.0,54809840.0
2014-05-07,17.81,18.2,17.6,17.94,2671051.0,47702292.0
2014-05-08,17.8,17.88,17.56,17.58,2296586.0,40620104.0
2014-05-09,17.66,17.66,17.29,17.34,1854989.0,32309424.0
2014-05-12,17.51,17.99,17.45,17.91,2769992.0,49262256.0
2014-05-13,17.98,18.14,17.8,17.88,2159620.0,38775620.0
2014-05-14,18.0,18.09,17.91,17.96,1967994.0,35431432.0
2014-05-15,17.9,18.05,17.59,17.63,2022936.0,36056176.0
2014-05-16,17.63,17.77,17.44,17.55,2062158.0,36261328.0
2014-05-19,17.5,17.65,17.31,17.45,1182209.0,20626372.0
2014-05-20,17.85,18.5,17.82,17.92,4159341.0,75467504.0
2014-05-21,17.77,18.09,17.54,18.08,2432690.0,43630340.0
2014-05-22,18.12,18.34,18.01,18.09,3264369.0,59411048.0
2014-05-23,18.1,18.18,17.94,18.15,1794542.0,32414538.0
2014-05-26,18.19,18.26,18.12,18.23,2091866.0,38059208.0
2014-05-27,18.23,18.23,17.88,17.89,2050769.0,36964392.0
2014-05-28,17.95,18.14,17.88,18.08,1744773.0,31431868.0
2014-05-29,18.09,18.19,17.74,17.78,1958793.0,35235360.0
2014-05-30,17.74,17.9,17.67,17.77,1531897.0,27249088.0
2014-06-03,17.78,18.09,17.78,18.02,1889193.0,33975380.0
2014-06-04,18.14,18.2,17.87,18.18,2342204.0,42259780.0
2014-06-05,18.2,18.27,18.04,18.26,2861676.0,52025540.0
2014-06-06,18.28,18.29,18.06,18.11,2063152.0,37454244.0
2014-06-09,18.08,18.25,17.95,17.98,2288429.0,41461916.0
2014-06-10,17.82,18.14,17.8,18.13,1834157.0,33035210.0
2014-06-11,18.16,18.22,18.05,18.12,1920640.0,34782472.0
2014-06-12,18.05,18.06,17.89,17.91,2103931.0,37769940.0
2014-06-13,17.99,18.16,17.8,18.15,3986250.0,71805456.0
2014-06-16,18.4,19.15,18.35,18.89,8859842.0,166359376.0
2014-06-17,18.71,19.09,18.61,18.71,5309157.0,99938744.0
2014-06-18,18.65,18.91,18.42,18.47,4439189.0,82964344.0
2014-06-19,18.52,18.98,18.4,18.83,6450180.0,121109160.0
2014-06-20,18.82,20.49,18.72,19.79,11054146.0,216651072.0
2014-06-23,19.9,20.19,19.55,19.83,7587456.0,151105568.0
2014-06-24,19.71,19.99,19.4,19.97,5229650.0,102988848.0
2014-06-25,19.93,20.31,19.78,19.89,7232362.0,145261568.0
2014-06-26,20.02,20.99,19.7,20.55,11179301.0,229254816.0
2014-06-27,20.61,21.08,19.96,20.56,11100868.0,223928192.0
2014-06-30,20.54,20.54,19.78,19.81,8002329.0,157819072.0
2014-07-01,19.76,20.05,19.57,19.91,5589670.0,108836680.0
2014-07-02,19.96,19.97,19.35,19.51,5995057.0,115218112.0
2014-07-03,19.56,19.66,19.41,19.56,3704234.0,71159728.0
2014-07-04,19.63,19.9,19.57,19.74,4794104.0,93163776.0
2014-07-07,19.66,19.83,19.23,19.49,3807330.0,72683176.0
2014-07-08,19.56,19.72,19.22,19.71,3008211.0,57686208.0
2014-07-09,19.61,19.81,19.13,19.14,3650915.0,69885120.0
2014-07-10,19.03,19.3,19.02,19.07,3064840.0,57668944.0
2014-07-11,19.09,19.42,19.02,19.35,2452351.0,46509744.0
2014-07-14,19.36,19.46,19.14,19.44,2453228.0,46627792.0
2014-07-15,19.51,19.51,19.02,19.07,2885174.0,54361856.0
2014-07-16,19.04,19.05,18.6,18.7,3137587.0,58056472.0
2014-07-17,18.67,18.86,18.58,18.84,1888996.0,34723916.0
2014-07-18,18.79,18.93,18.69,18.75,1811326.0,33507288.0
2014-07-21,18.77,18.91,18.72,18.89,1545239.0,28612710.0
2014-07-22,18.97,19.3,18.94,19.26,3512505.0,66250544.0
2014-07-23,19.27,19.29,18.83,18.86,3081282.0,57531744.0
2014-07-24,18.82,18.96,18.56,18.89,2445732.0,45208336.0
2014-07-25,19.0,19.13,18.88,19.07,1795010.0,33528256.0
2014-07-28,19.07,19.51,19.07,19.47,4894805.0,93373488.0
2014-07-29,19.63,19.92,19.5,19.66,4457190.0,85872984.0
2014-07-30,19.59,19.77,19.4,19.68,4501736.0,86733104.0
2014-07-31,20.14,20.14,19.79,19.81,4093448.0,80045568.0
2014-08-01,19.74,20.1,19.33,19.41,4471189.0,86722520.0
2014-08-04,19.43,19.77,19.4,19.76,3823303.0,73926800.0
2014-08-05,19.8,19.93,19.46,19.92,5206596.0,101018480.0
2014-08-06,20.2,20.2,19.77,19.79,4810835.0,94247600.0
2014-08-07,19.77,19.87,19.54,19.55,3774353.0,73005368.0
2014-08-08,19.62,19.81,19.56,19.73,2115957.0,40952196.0
2014-08-11,19.7,19.99,19.63,19.84,3992382.0,77978584.0
2014-08-12,19.84,19.91,19.62,19.68,3450350.0,66851720.0
2014-08-13,19.66,19.68,19.42,19.54,3501532.0,67225312.0
2014-08-14,19.58,19.81,19.51,19.53,2702827.0,52212432.0
2014-08-15,19.56,19.97,19.55,19.85,4543456.0,88345376.0
2014-08-18,19.89,20.48,19.82,20.43,8277107.0,164099200.0
2014-08-19,20.45,20.5,19.99,20.16,4199917.0,83364024.0
2014-08-20,20.22,20.53,20.12,20.33,4518097.0,90425360.0
2014-08-21,20.35,20.46,19.87,20.01,3704809.0,73103216.0
2014-08-22,20.05,20.44,19.99,20.38,3564731.0,70842752.0
2014-08-25,20.38,20.92,20.18,20.59,7138070.0,144723744.0
2014-08-26,20.55,20.63,19.74,19.75,5531521.0,109448880.0
2014-08-27,19.75,19.85,19.63,19.74,2179982.0,42276096.0
2014-08-28,19.74,20.07,19.62,19.66,2703260.0,52758812.0
2014-08-29,19.61,19.82,19.55,19.79,2009691.0,38942256.0
2014-09-01,19.8,20.07,19.79,19.99,2484378.0,48703788.0
2014-09-02,20.12,20.3,20.0,20.22,3707120.0,73424592.0
2014-09-03,20.21,20.33,20.02,20.31,4473117.0,88843000.0
2014-09-04,20.3,20.5,20.19,20.48,4830425.0,96771752.0
2014-09-05,20.47,20.51,20.27,20.44,3937449.0,78819280.0
2014-09-09,20.5,20.59,20.25,20.29,3254030.0,65059024.0
2014-09-10,20.2,20.51,20.15,20.48,3616176.0,72475680.0
2014-09-11,20.5,21.07,20.5,20.64,8107638.0,165260992.0
2014-09-12,20.65,20.94,20.53,20.93,4822417.0,98533888.0
2014-09-15,20.91,20.91,20.63,20.82,3924601.0,80145616.0
2014-09-16,20.9,20.9,19.96,20.0,5119789.0,102687464.0
2014-09-17,20.04,20.19,19.87,20.12,2990263.0,58812104.0
2014-09-18,20.11,20.17,19.95,20.07,2339844.0,46114688.0
2014-09-19,20.13,20.38,20.04,20.37,2335969.0,46388584.0
2014-09-22,20.22,20.29,19.63,19.8,2697630.0,52864936.0
2014-09-23,19.83,20.01,19.81,20.0,1670474.0,32713660.0
2014-09-24,19.95,20.21,19.85,20.2,2964135.0,58609544.0
2014-09-25,20.3,20.84,20.3,20.4,5384363.0,108922472.0
2014-09-26,20.46,20.53,20.25,20.43,2467115.0,49494288.0
2014-09-29,20.54,20.66,20.46,20.61,2956230.0,59737392.0
2014-09-30,20.55,20.79,20.55,20.72,3218160.0,65544668.0
2014-10-08,20.75,20.78,20.43,20.64,3940324.0,79600576.0
2014-10-09,20.69,21.01,20.56,20.84,4854026.0,99100696.0
2014-10-10,20.59,20.84,20.46,20.51,3506415.0,71087904.0
2014-10-13,20.44,20.44,20.15,20.39,2809367.0,56051284.0
2014-10-14,20.39,20.82,20.39,20.58,3855250.0,78261304.0
2014-10-15,20.72,20.72,20.25,20.65,3103130.0,62654384.0
2014-10-16,20.45,20.81,20.38,20.43,3645145.0,73854072.0
2014-10-17,20.22,22.26,20.04,21.45,9822469.0,204318432.0
2014-10-20,21.43,21.74,21.33,21.57,6700919.0,142083584.0
2014-10-21,21.51,22.7,21.38,21.94,9707601.0,211568800.0
2014-10-22,21.78,22.46,21.76,22.19,8281893.0,180665344.0
2014-10-23,22.15,22.7,21.21,21.86,6961016.0,149097856.0
2014-10-24,21.69,22.06,21.26,21.43,4273031.0,90564600.0
2014-10-27,21.37,21.6,20.96,21.51,3297739.0,69019448.0
2014-10-28,21.58,22.77,21.58,22.73,8929021.0,196200288.0
2014-10-29,22.76,22.91,22.44,22.73,9154057.0,203657088.0
2014-10-30,22.73,22.99,22.25,22.29,7036848.0,156119744.0
2014-10-31,22.43,22.67,22.05,22.61,6237890.0,137067088.0
2014-11-03,22.65,22.83,22.27,22.37,4501762.0,99521768.0
2014-11-04,22.24,22.59,21.79,22.56,5713519.0,124230560.0
2014-11-05,22.43,23.37,22.31,22.87,8061962.0,181550160.0
2014-11-06,22.97,24.26,22.72,23.86,11770869.0,272398304.0
2014-11-07,23.8,24.18,23.0,23.2,10552346.0,244642288.0
2014-11-10,23.04,24.39,22.89,24.31,9421263.0,219173856.0
2014-11-11,24.31,24.31,22.88,23.24,8435304.0,195024192.0
2014-11-12,23.33,23.87,23.02,23.82,6225615.0,144498768.0
2014-11-13,23.57,23.8,22.81,22.88,6704753.0,153129536.0
2014-11-14,22.59,22.77,21.56,21.71,6849853.0,148686752.0
2014-11-17,21.64,22.34,21.55,21.9,4088122.0,88653448.0
2014-11-18,21.93,22.36,21.87,22.25,3476159.0,75671464.0
2014-11-19,22.26,22.31,21.8,21.97,3209644.0,69356304.0
2014-11-20,21.87,22.33,21.81,22.21,3024563.0,66007248.0
2014-11-21,22.06,22.89,22.05,22.61,4729158.0,104769960.0
2014-11-24,22.79,22.96,22.31,22.62,5703695.0,126652400.0
2014-11-25,22.62,22.87,22.44,22.74,4286762.0,95289584.0
2014-11-26,22.83,23.08,22.38,22.64,4146083.0,92567432.0
2014-11-27,22.69,22.78,22.3,22.51,4972705.0,110144736.0
2014-11-28,22.52,22.57,21.85,22.05,5616265.0,121971304.0
2014-12-01,22.02,22.36,21.72,22.27,4368641.0,94795088.0
2014-12-02,22.24,22.72,22.13,22.59,4638067.0,102719928.0
2014-12-03,22.69,22.85,22.23,22.83,5589621.0,123830168.0
2014-12-04,22.83,23.3,22.71,23.14,6326941.0,142936496.0
2014-12-05,23.5,23.91,22.24,22.89,9906130.0,226854320.0
2014-12-08,22.49,23.65,22.18,23.02,6467099.0,145352960.0
2014-12-09,22.74,22.89,21.65,21.67,6065895.0,132785968.0
2014-12-10,21.6,22.29,21.58,22.15,3496205.0,75657168.0
2014-12-11,22.05,22.55,21.96,22.39,3721989.0,81193456.0
2014-12-12,22.36,22.47,22.0,22.15,3454897.0,75382272.0
2014-12-15,22.27,22.48,22.15,22.47,4754406.0,104479512.0
2014-12-16,22.47,22.69,22.08,22.13,4685664.0,102858296.0
2014-12-17,22.02,22.26,21.57,21.62,5060714.0,108567312.0
2014-12-18,21.88,22.16,21.67,21.85,3911599.0,84280024.0
2014-12-19,21.76,21.76,20.91,21.11,5867266.0,122016360.0
2014-12-22,21.01,21.11,19.36,19.63,5994053.0,118047248.0
2014-12-23,19.51,20.09,19.48,19.63,2581906.0,50310488.0
2014-12-24,19.85,20.17,19.85,20.09,2466770.0,48583588.0
2014-12-25,20.23,20.35,20.04,20.19,2480153.0,49097152.0
2014-12-26,20.19,20.19,19.91,20.16,2416208.0,47676800.0
2014-12-29,20.11,20.15,19.56,19.6,3386225.0,65724324.0
2014-12-30,19.78,19.78,19.4,19.52,2037518.0,39138864.0
2014-12-31,19.51,19.94,19.51,19.78,2342823.0,45405088.0
2015-01-05,19.72,20.1,19.43,20.07,3408316.0,66386620.0
2015-01-06,19.99,20.55,19.86,20.44,3917898.0,77648712.0
2015-01-07,20.41,20.78,20.14,20.62,5548337.0,111775160.0
2015-01-08,20.53,20.75,20.18,20.31,3998373.0,80243128.0
2015-01-09,20.25,20.43,20.07,20.09,2880153.0,57416448.0
2015-01-12,19.96,19.96,19.38,19.56,2497310.0,48274052.0
2015-01-13,19.6,19.96,19.54,19.9,1631440.0,31761850.0
2015-01-14,19.91,19.99,19.64,19.81,1346334.0,26248336.0
2015-01-15,19.86,20.02,19.74,19.97,1617929.0,31642880.0
2015-01-16,20.18,20.62,20.17,20.5,3768197.0,75837744.0
2015-01-19,20.1,20.74,19.55,19.89,3421317.0,68045216.0
2015-01-20,19.92,20.52,19.92,20.42,3437907.0,68723656.0
2015-01-21,20.37,20.75,20.36,20.61,5730881.0,116130440.0
2015-01-22,20.64,20.92,20.6,20.78,4389937.0,89613368.0
2015-01-23,20.86,20.9,20.42,20.5,4462462.0,90551712.0
2015-01-26,20.44,20.67,20.44,20.64,5102041.0,103027624.0
2015-01-27,20.65,20.93,20.42,20.59,6449005.0,131091032.0
2015-01-28,20.55,20.76,20.47,20.62,4624394.0,93889432.0
2015-01-29,20.38,20.57,20.15,20.27,4193881.0,83683712.0
2015-01-30,20.25,20.48,19.95,19.96,2858760.0,56465536.0
2015-02-02,19.84,20.17,19.76,20.0,2508719.0,49364912.0
2015-02-03,20.18,20.22,19.91,20.18,2001889.0,39532136.0
2015-02-04,20.18,20.25,20.07,20.13,2406456.0,47656688.0
2015-02-05,20.29,20.3,19.74,19.78,2613410.0,51429468.0
2015-02-06,19.78,20.02,19.55,19.6,2207998.0,42895772.0
2015-02-09,19.6,19.83,19.47,19.56,1334755.0,25709984.0
2015-02-10,19.57,19.66,19.51,19.61,1904867.0,36651132.0
2015-02-11,19.63,19.8,19.58,19.77,1691936.0,32766998.0
2015-02-12,19.79,20.05,19.75,19.93,1632858.0,31942046.0
2015-02-13,20.14,20.7,20.09,20.51,5268318.0,106045912.0
2015-02-16,20.55,20.68,20.35,20.57,3571653.0,72093856.0
2015-02-17,20.58,20.66,20.45,20.56,2260009.0,45659604.0
2015-02-25,20.53,20.61,20.35,20.51,1919565.0,38643836.0
2015-02-26,20.55,20.79,20.42,20.76,4471631.0,90803040.0
2015-02-27,20.69,20.8,20.58,20.62,3298344.0,66985552.0
2015-03-02,20.65,21.04,20.57,21.02,5487758.0,111972616.0
2015-03-03,20.86,21.62,20.78,21.17,8252121.0,172410512.0
2015-03-04,21.21,21.59,20.99,21.24,6074210.0,126958184.0
2015-03-05,21.3,21.33,21.01,21.21,4134435.0,85917016.0
2015-03-06,21.19,21.29,20.84,20.86,3477306.0,71831824.0
2015-03-09,20.76,21.07,20.6,21.06,3053940.0,62668872.0
2015-03-10,20.99,21.25,20.94,21.16,3361170.0,69803848.0
2015-03-11,21.13,21.3,20.8,20.92,4057148.0,83908048.0
2015-03-12,21.01,21.08,20.65,20.77,3388734.0,69328408.0
2015-03-13,20.93,21.09,20.8,21.07,2956035.0,60756864.0
2015-03-16,21.38,21.86,21.26,21.78,7410838.0,157036496.0
2015-03-17,21.87,22.15,21.57,21.81,7710097.0,165587776.0
2015-03-18,21.78,22.13,21.74,22.11,5801273.0,125403288.0
2015-03-19,22.09,22.33,21.9,22.12,6313934.0,137334224.0
2015-03-20,22.07,22.22,21.97,22.15,4868506.0,105699744.0
2015-03-23,22.36,22.69,22.18,22.38,7978277.0,175429728.0
2015-03-24,22.38,22.46,21.72,22.07,8235879.0,178399696.0
2015-03-25,21.98,23.37,21.84,23.03,13462830.0,302011392.0
2015-03-26,22.89,23.73,22.69,23.02,9367500.0,213327536.0
2015-03-27,23.02,23.6,22.88,23.18,7025244.0,160391664.0
2015-03-30,23.4,23.87,23.18,23.53,11501805.0,265755536.0
2015-03-31,23.53,23.91,23.2,23.26,8289161.0,191688432.0
2015-04-01,23.27,23.75,23.1,23.5,9580424.0,220572928.0
2015-04-02,23.69,23.7,23.2,23.48,10340700.0,237993040.0
2015-04-03,23.3,24.39,23.2,24.21,15876915.0,373081344.0
2015-04-07,24.23,25.44,24.01,24.86,14176563.0,344352192.0
2015-04-08,24.74,24.89,24.03,24.23,12203055.0,292964416.0
2015-04-09,24.67,25.99,24.57,25.13,21726252.0,538147840.0
2015-04-10,24.93,25.72,24.81,25.58,17725508.0,438915872.0
2015-04-13,25.68,25.99,25.16,25.63,13314948.0,335060672.0
2015-04-14,25.59,25.98,25.23,25.69,10823534.0,272066816.0
2015-04-15,25.65,25.65,24.22,24.23,11070637.0,269789888.0
2015-04-16,24.39,25.47,24.27,25.04,13247546.0,325061024.0
2015-04-17,25.26,25.62,24.48,24.62,14558668.0,356205184.0
2015-04-20,24.52,24.72,23.94,24.01,13199352.0,314442496.0
2015-04-21,24.0,24.68,23.96,24.66,9485267.0,226757600.0
2015-04-22,24.88,25.42,24.42,25.23,16145630.0,397304928.0
2015-04-23,25.55,25.93,25.11,25.33,14354593.0,359524928.0
2015-04-24,24.84,25.27,24.68,25.03,10009264.0,245062240.0
2015-04-27,25.18,27.47,25.18,26.59,19596812.0,510692480.0
2015-04-28,26.54,26.8,25.41,25.79,12548985.0,319927456.0
2015-04-29,25.54,26.56,25.43,26.03,10867955.0,278464000.0
2015-04-30,26.21,26.38,25.48,25.52,8280137.0,210151680.0
2015-05-04,25.34,25.61,24.95,25.22,7670189.0,189806800.0
2015-05-05,25.17,25.25,23.96,24.09,8569174.0,207854480.0
2015-05-06,24.21,24.59,23.3,23.47,7566593.0,179095776.0
2015-05-07,23.54,23.83,23.41,23.49,5847872.0,135623056.0
2015-05-08,23.82,24.27,23.57,24.17,6388767.0,149717488.0
2015-05-11,24.5,24.85,24.09,24.84,8982805.0,216334416.0
2015-05-12,24.85,25.59,24.74,25.22,10802889.0,267724160.0
2015-05-13,25.22,25.43,24.85,25.0,8176417.0,201407024.0
2015-05-14,25.23,26.35,25.0,25.99,15126197.0,383255616.0
2015-05-15,25.98,25.98,24.98,25.21,11552268.0,288038848.0
2015-05-18,25.22,27.73,25.21,27.73,24746888.0,651502272.0
2015-05-19,28.0,28.17,27.14,27.88,20352796.0,553784384.0
2015-05-20,28.33,30.31,27.78,27.86,19371456.0,548313536.0
2015-05-21,27.98,28.8,27.78,28.64,13947729.0,388690176.0
2015-05-22,28.99,29.44,28.18,29.14,16813160.0,476540000.0
2015-05-25,29.14,30.37,28.99,29.99,17051108.0,500343968.0
2015-05-26,30.2,31.5,29.62,30.9,17443564.0,525368896.0
2015-05-27,30.87,33.99,30.01,33.99,24759894.0,781086400.0
2015-05-28,35.26,36.97,31.65,32.53,34938000.0,1216469376.0
2015-05-29,33.08,33.99,30.74,32.85,22417548.0,722468864.0
2015-06-01,33.67,34.79,32.91,34.76,19123904.0,643968640.0
2015-06-02,36.22,36.22,34.29,35.85,19754668.0,685935232.0
2015-06-03,35.86,35.94,34.09,34.4,16114222.0,549937920.0
2015-06-04,34.4,34.49,30.96,33.1,16711432.0,533839744.0
2015-06-05,33.47,34.08,32.4,33.26,14535586.0,476642272.0
2015-06-08,33.41,33.45,31.64,32.34,12979532.0,414022240.0
2015-06-09,32.3,35.18,32.01,34.83,16016186.0,526356256.0
2015-06-10,33.81,34.37,33.16,33.64,13621245.0,453060800.0
2015-06-11,33.55,33.74,33.07,33.37,10058902.0,329471072.0
2015-06-12,33.52,34.39,33.37,33.96,13660307.0,457266560.0
2015-06-15,33.97,34.88,33.45,33.62,12067021.0,405315488.0
2015-06-16,33.78,34.49,33.07,33.47,14766507.0,490618240.0
2015-06-17,33.06,33.25,30.57,32.23,14607329.0,456037920.0
2015-06-18,31.69,32.49,30.1,30.13,9269416.0,286422816.0
2015-06-19,29.71,29.71,27.35,27.5,8960112.0,252655600.0
2015-06-23,27.77,28.36,26.24,28.2,8738611.0,235770752.0
2015-06-24,28.53,29.25,28.25,28.89,9153867.0,258800416.0
2015-06-25,28.89,28.94,27.16,27.3,8149406.0,226021792.0
2015-06-26,26.53,26.53,24.57,24.6,12083500.0,302834368.0
2015-06-29,25.54,25.55,22.39,23.28,11484116.0,271064416.0
2015-06-30,23.18,25.43,22.69,25.42,11301326.0,267655728.0
2015-07-01,25.33,26.48,24.42,24.59,12743970.0,322072160.0
2015-07-02,24.78,24.89,22.38,22.68,11267530.0,260646768.0
2015-07-03,21.87,23.29,20.45,21.31,9997626.0,213939920.0
2015-07-06,23.4,23.45,20.14,22.24,13614953.0,293425248.0
2015-07-07,21.36,21.87,20.01,20.02,11445324.0,229653360.0
2015-07-08,18.02,19.43,18.02,18.86,22060816.0,404823872.0
2015-07-09,18.88,20.74,18.87,20.74,8769764.0,174112320.0
2015-07-10,21.97,22.82,20.8,22.82,10496435.0,233035248.0
2015-07-13,23.7,25.1,21.89,25.1,22115062.0,528761408.0
2015-07-14,23.91,25.66,23.68,23.9,16872872.0,399702400.0
2015-07-15,23.39,23.39,21.51,21.51,11914116.0,256903520.0
2015-07-16,21.51,22.6,19.93,21.96,7958814.0,167669696.0
2015-07-17,22.25,23.65,21.96,23.39,7548081.0,167152352.0
2015-07-20,23.18,24.28,22.77,23.63,8466376.0,194098336.0
2015-07-21,23.33,24.32,22.99,23.84,6080937.0,139358928.0
2015-07-22,23.65,24.19,23.15,23.7,6901023.0,157931520.0
2015-07-23,23.75,24.83,23.65,24.65,10417109.0,245051696.0
2015-07-24,24.51,25.07,23.7,23.86,11868155.0,281152704.0
2015-07-27,23.59,23.86,21.48,21.48,8956668.0,197165440.0
2015-07-28,20.68,23.63,19.66,23.63,17119904.0,361580416.0
2015-07-29,24.63,25.99,24.32,25.99,21427128.0,521769568.0
2015-07-30,25.97,27.18,24.51,24.79,22767456.0,575367168.0
2015-07-31,24.6,26.42,24.32,26.24,16514401.0,406566496.0
2015-08-03,25.56,26.5,23.92,24.73,11853346.0,286484384.0
2015-08-04,24.38,26.91,23.93,26.68,14138823.0,347005792.0
2015-08-05,26.09,26.55,25.51,25.65,11236965.0,282491808.0
2015-08-06,24.84,26.25,24.75,25.16,7466296.0,183030624.0
2015-08-07,25.3,25.96,25.16,25.45,7560471.0,186719200.0
2015-08-10,25.86,26.91,25.54,26.64,11475948.0,291629632.0
2015-08-11,26.29,28.05,26.2,27.04,14478315.0,380439616.0
2015-08-12,26.58,27.04,25.87,25.89,7924414.0,203140304.0
2015-08-13,25.87,26.8,25.67,26.75,6682543.0,169028656.0
2015-08-14,26.96,27.78,26.33,26.35,8601988.0,225093536.0
2015-08-17,26.14,26.47,25.02,25.95,8948268.0,222511488.0
2015-08-18,26.16,26.34,23.35,23.35,11038597.0,265799248.0
2015-08-19,23.0,24.45,21.79,24.14,8480583.0,189691328.0
2015-08-20,23.95,23.95,22.88,22.91,5879927.0,132977208.0
2015-08-21,22.31,23.23,21.72,21.77,5456407.0,117704616.0
2015-08-24,20.54,21.48,19.59,19.59,5995777.0,115341024.0
2015-08-25,17.85,19.34,17.64,17.74,9265255.0,161706240.0
2015-08-26,18.52,19.3,17.7,18.34,7657051.0,136852208.0
2015-08-27,18.85,19.66,18.32,19.35,5739482.0,105054368.0
2015-08-28,19.64,20.75,18.93,20.57,10248499.0,194597792.0
2015-08-31,20.18,20.18,19.25,19.32,6369803.0,120531792.0
2015-09-01,18.99,18.99,17.7,17.87,5730626.0,100610888.0
2015-09-02,17.44,19.11,17.09,18.92,9083820.0,162477088.0
2015-09-07,18.89,19.94,18.5,18.83,4949940.0,92592904.0
2015-09-08,18.64,19.75,18.59,19.64,3946367.0,73176896.0
2015-09-09,19.73,20.33,19.56,20.09,6542254.0,126350832.0
2015-09-10,19.66,20.47,19.55,19.68,5459184.0,105199824.0
2015-09-11,19.63,19.88,19.23,19.6,3216562.0,60918292.0
2015-09-14,19.64,19.76,17.65,17.7,5402800.0,95927624.0
2015-09-15,17.49,18.08,17.26,17.43,4242879.0,72608448.0
2015-09-16,17.66,19.15,17.51,18.92,4583927.0,80699464.0
2015-09-17,18.63,19.24,18.16,18.24,5088821.0,92437776.0
2015-09-18,18.29,18.61,18.06,18.35,3357525.0,59368120.0
2015-09-21,18.16,19.11,17.62,19.01,4815858.0,87139328.0
2015-09-22,19.0,19.38,18.75,19.14,4846181.0,89604920.0
2015-09-23,18.77,19.33,18.68,18.82,3808832.0,69836536.0
2015-09-24,18.99,19.25,18.82,19.22,3503264.0,64488152.0
2015-09-25,19.15,19.21,18.11,18.27,3694672.0,66602592.0
2015-09-28,18.45,18.62,18.11,18.58,1956368.0,34813864.0
2015-09-29,18.31,18.48,18.27,18.42,2013366.0,35714784.0
2015-09-30,18.52,18.92,18.37,18.66,2500039.0,44986896.0
2015-10-08,19.35,19.79,19.09,19.42,4619200.0,86659352.0
2015-10-09,19.28,19.74,19.23,19.6,3718704.0,70081680.0
2015-10-12,19.59,20.55,19.59,20.42,5599524.0,109509248.0
2015-10-13,20.19,21.18,20.09,21.03,6871095.0,137249680.0
2015-10-14,20.94,20.95,20.35,20.43,5190714.0,103267320.0
2015-10-15,20.29,20.89,20.23,20.88,6140247.0,122700792.0
2015-10-16,20.97,22.96,20.86,22.96,16064806.0,339166592.0
2015-10-19,23.39,23.77,22.21,22.28,14273140.0,316197568.0
2015-10-20,22.53,22.56,22.04,22.49,6572176.0,141804512.0
2015-10-21,22.61,22.61,20.24,20.38,9699122.0,199953376.0
2015-10-22,20.39,21.4,20.08,21.22,6859711.0,137269232.0
2015-10-23,21.34,21.81,20.93,21.51,6639921.0,137336080.0
2015-10-26,21.75,21.94,21.33,21.69,6869990.0,143571392.0
2015-10-27,21.48,21.71,20.68,21.65,6055177.0,123497336.0
2015-10-28,21.53,21.93,21.11,21.22,5004770.0,104332656.0
2015-10-29,21.38,21.63,20.88,21.22,4107724.0,84482880.0
2015-10-30,21.2,21.59,20.86,21.26,3472680.0,71249088.0
2015-11-02,20.86,21.58,20.76,20.91,3916805.0,80092064.0
2015-11-03,21.24,22.54,21.11,22.14,10149262.0,213787632.0
2015-11-04,22.25,22.74,21.94,22.72,10530851.0,227289232.0
2015-11-05,23.39,23.66,22.42,22.5,12633447.0,281481568.0
2015-11-06,22.27,22.95,22.27,22.76,7397093.0,162576208.0
2015-11-09,22.46,23.08,22.39,22.68,8358240.0,183582992.0
2015-11-10,22.54,23.03,22.46,22.73,5782299.0,127193664.0
2015-11-11,22.73,23.54,22.62,23.25,7821546.0,174728816.0
2015-11-12,23.32,24.96,23.09,24.41,11339722.0,260371184.0
2015-11-13,23.78,24.07,22.87,23.05,8717028.0,197202688.0
2015-11-16,22.51,23.27,22.36,23.25,4594232.0,101296256.0
2015-11-17,23.32,23.64,22.73,22.76,6759943.0,152360816.0
2015-11-18,22.76,23.07,22.44,22.51,4027307.0,88567448.0
2015-11-19,22.46,23.05,22.46,23.0,3251803.0,71619816.0
2015-11-20,23.06,23.27,22.78,23.09,4394195.0,97980832.0
2015-11-23,22.95,23.25,22.79,22.87,4184940.0,93081576.0
2015-11-24,22.66,23.18,22.46,23.16,3912578.0,86284784.0
2015-11-25,22.98,23.75,22.95,23.6,5784914.0,131167680.0
2015-11-26,23.86,23.87,23.07,23.09,4972751.0,112459608.0
2015-11-27,23.03,23.27,20.92,21.42,5242702.0,113160624.0
2015-11-30,21.51,21.77,20.63,21.45,3843910.0,79000368.0
2015-12-01,21.56,21.82,21.29,21.63,3345748.0,69638491.0
2015-12-02,21.61,21.61,20.71,21.41,2938255.0,60179956.0
2015-12-03,21.49,21.86,21.41,21.84,2926750.0,61194311.0
2015-12-04,21.72,21.87,21.51,21.7,2901017.0,60807352.0
2015-12-07,21.77,22.24,21.65,22.09,3622801.0,77201184.0
2015-12-08,21.84,21.84,21.33,21.41,3412370.0,70995744.0
2015-12-09,21.48,21.52,21.09,21.18,2367615.0,48705195.0
2015-12-10,21.22,21.44,21.06,21.08,2195730.0,45002968.0
2015-12-11,21.06,21.13,20.78,20.98,1727401.0,34941680.0
2015-12-14,20.73,21.39,20.71,21.37,2354813.0,47935560.0
2015-12-15,21.42,21.73,21.3,21.64,2625256.0,54660076.0
2015-12-16,21.72,21.95,21.55,21.67,2563064.0,53864084.0
2015-12-17,22.0,22.19,21.73,22.14,3570246.0,76106624.0
2015-12-18,21.94,22.13,21.77,21.92,2835332.0,60133172.0
2015-12-21,21.93,22.41,21.74,22.25,3506809.0,75145384.0
2015-12-22,22.49,22.51,22.1,22.29,2461513.0,52942213.0
2015-12-23,22.44,22.44,21.87,21.92,3478984.0,74247968.0
2015-12-24,21.77,22.5,21.73,22.36,3889378.0,83120144.0
2015-12-25,22.36,22.92,22.19,22.86,4769900.0,103968872.0
2015-12-28,22.78,23.03,22.32,22.43,5410342.0,118617423.0
2015-12-29,22.36,23.03,22.2,23.0,3473931.0,75769651.0
2015-12-30,23.08,23.44,22.73,22.98,4186605.0,93461569.0
2015-12-31,22.88,23.17,22.54,22.58,2787290.0,61709621.0
2016-01-04,22.72,22.9,20.79,20.81,3005009.0,63834426.0
2016-01-05,20.2,21.08,19.89,20.85,3902010.0,77557557.0
2016-01-06,20.72,21.21,20.72,21.16,2313312.0,46924684.0
2016-01-07,20.7,20.74,19.09,19.64,1071015.0,20725455.0
2016-01-08,20.18,20.42,19.17,20.18,2641575.0,50958713.0
2016-01-11,19.89,20.13,19.07,19.36,3184479.0,60072823.0
2016-01-12,19.27,19.92,19.15,19.87,2222879.0,41967358.0
2016-01-13,20.06,20.14,19.26,19.27,1922112.0,36584686.0
2016-01-14,18.69,19.42,18.21,19.29,3482183.0,63074595.0
2016-01-15,19.04,19.14,18.23,18.65,2531627.0,45648031.0
2016-01-18,18.13,18.93,18.11,18.77,1896792.0,34190041.0
2016-01-19,18.54,19.32,18.54,19.2,2163026.0,39768393.0
2016-01-20,19.15,19.28,18.83,18.94,2029311.0,37387074.0
2016-01-21,18.72,19.04,18.27,18.43,1965560.0,35519544.0
2016-01-22,18.8,18.92,18.23,18.9,1870939.0,33665525.0
2016-01-25,19.01,19.28,18.84,19.04,1568622.0,28895492.0
2016-01-26,18.77,18.83,17.52,17.59,2414110.0,42417999.0
2016-01-27,17.57,18.03,16.73,17.19,3441871.0,57403244.0
2016-01-28,17.13,17.34,16.47,16.55,2128980.0,34899535.0
2016-01-29,16.58,17.23,16.52,17.12,1806482.0,29570661.0
2016-02-01,17.1,17.24,16.79,17.06,1372025.0,22572348.0
2016-02-02,16.83,17.65,16.83,17.5,2288802.0,38547007.0
2016-02-03,17.34,17.43,17.14,17.35,1613202.0,26894476.0
2016-02-04,17.48,17.71,17.46,17.65,1976939.0,33636468.0
2016-02-05,17.8,17.83,17.46,17.5,1320869.0,22398086.0
2016-02-15,17.02,17.61,16.76,17.47,1620121.0,27084280.0
2016-02-16,17.5,18.21,17.5,18.06,2570041.0,44487230.0
2016-02-17,17.96,18.25,17.81,18.17,2490454.0,43390351.0
2016-02-18,18.21,18.31,17.99,18.11,2195666.0,38464071.0
2016-02-19,18.04,18.16,17.95,18.14,2305959.0,40284648.0
2016-02-22,18.25,18.67,18.25,18.47,2934706.0,52379886.0
2016-02-23,18.52,18.57,18.11,18.26,1921114.0,33971247.0
2016-02-24,18.28,18.56,18.21,18.53,2431236.0,43120219.0
2016-02-25,18.5,18.5,16.78,17.02,2646354.0,45416112.0
2016-02-26,17.24,17.36,16.95,17.13,1667329.0,27652792.0
2016-02-29,17.18,17.24,15.89,16.34,2863637.0,45010034.0
2016-03-01,16.4,16.65,16.12,16.55,1777783.0,28218913.0
2016-03-02,16.5,17.32,16.41,17.22,3598555.0,59027558.0
2016-03-03,17.28,17.56,17.16,17.24,2651900.0,44492409.0
2016-03-04,17.18,17.35,16.57,16.84,2805126.0,46022419.0
2016-03-07,16.77,17.35,16.77,17.1,2498821.0,41300198.0
2016-03-08,17.15,17.37,16.54,17.27,3090988.0,50406634.0
2016-03-09,16.97,17.04,16.58,16.81,1516222.0,24698610.0
2016-03-10,16.77,16.95,16.56,16.63,1583014.0,25623509.0
2016-03-11,16.54,16.82,16.21,16.58,1478680.0,23661088.0
2016-03-14,16.75,17.26,16.73,17.1,3815245.0,62727102.0
2016-03-15,16.97,17.1,16.79,16.88,2191501.0,35882975.0
2016-03-16,16.82,17.08,16.77,16.82,1797477.0,29323393.0
2016-03-17,16.95,17.37,16.75,17.21,3379271.0,55847115.0
2016-03-18,17.27,17.86,17.18,17.75,4249772.0,72263156.0
2016-03-21,17.76,18.1,17.76,18.08,4447725.0,77022365.0
2016-03-22,17.96,18.27,17.83,18.06,3967128.0,69414333.0
2016-03-23,18.05,18.34,17.91,18.29,3061827.0,53716862.0
2016-03-24,18.23,18.72,18.01,18.02,4407456.0,78463156.0
2016-03-25,17.91,18.25,17.82,18.14,2356660.0,41228046.0
2016-03-28,18.16,18.42,17.76,17.87,2612947.0,45860302.0
2016-03-29,17.93,17.96,17.44,17.69,2292368.0,39123589.0
2016-03-30,17.8,18.27,17.79,18.24,2186328.0,38101982.0
2016-03-31,18.27,18.61,18.24,18.37,2643427.0,47045257.0
2016-04-01,18.42,18.49,17.91,18.18,2357492.0,41470180.0
2016-04-05,18.25,19.02,18.11,18.91,3972539.0,71932112.0
2016-04-06,18.89,18.9,18.65,18.8,2187566.0,39699896.0
2016-04-07,18.94,19.01,18.43,18.7,3020131.0,54571694.0
2016-04-08,18.58,18.75,18.34,18.48,1714722.0,30705106.0
2016-04-11,18.68,18.92,18.63,18.89,2800960.0,50922700.0
2016-04-12,18.71,18.87,18.42,18.69,1978145.0,35569804.0
2016-04-13,18.78,19.19,18.71,18.99,3456296.0,63576471.0
2016-04-14,19.18,19.31,18.98,19.18,2444609.0,45205642.0
2016-04-15,19.07,19.3,19.0,19.09,1893896.0,34984381.0
2016-04-18,18.63,18.73,18.39,18.61,3017568.0,54097873.0
2016-04-19,18.59,18.77,18.19,18.31,2770038.0,49146743.0
2016-04-20,18.34,18.43,17.2,17.58,2741096.0,47162578.0
2016-04-21,17.49,17.65,17.37,17.44,1618527.0,27397257.0
2016-04-22,17.39,17.7,17.28,17.54,1365617.0,23035187.0
2016-04-25,17.32,17.68,17.21,17.49,1787823.0,30050104.0
2016-04-26,17.49,17.65,17.34,17.58,1363883.0,23038865.0
2016-04-27,17.59,17.69,17.38,17.4,1272373.0,21539605.0
2016-04-28,17.51,17.54,16.88,17.2,2286568.0,37935426.0
2016-04-29,17.09,17.34,16.92,17.13,1954285.0,32303220.0
2016-05-03,17.15,17.77,17.13,17.67,2980253.0,50444411.0
2016-05-04,17.62,17.81,17.49,17.59,2804292.0,47807026.0
2016-05-05,17.67,17.77,17.53,17.74,1835004.0,31309452.0
2016-05-06,17.74,17.85,17.1,17.21,3239076.0,54464776.0
2016-05-09,17.2,17.2,16.7,16.73,2128817.0,34733034.0
2016-05-10,16.71,16.92,16.67,16.79,1190948.0,19340238.0
2016-05-11,16.79,17.02,16.67,16.81,1429350.0,23283927.0
2016-05-12,17.37,17.37,16.66,17.29,2952857.0,49040132.0
2016-05-13,17.24,17.27,16.73,16.88,2547861.0,41846268.0
2016-05-16,16.86,17.07,16.64,16.99,1751151.0,28509319.0
2016-05-17,17.06,17.1,16.81,16.91,1637296.0,26785777.0
2016-05-18,16.83,16.87,16.47,16.58,2054124.0,33018230.0
2016-05-19,16.6,16.96,16.6,16.75,1444873.0,23436211.0
2016-05-20,16.82,16.87,16.55,16.84,1075166.0,17364499.0
2016-05-23,16.85,17.22,16.85,17.04,1778586.0,29226663.0
2016-05-24,16.95,17.11,16.85,16.89,1454180.0,23804643.0
2016-05-25,16.91,17.08,16.81,16.85,1029888.0,16854542.0
2016-05-26,16.78,16.89,16.56,16.84,1267357.0,20439456.0
2016-05-27,16.85,16.96,16.76,16.92,1207126.0,19662887.0
2016-05-30,16.89,16.94,16.68,16.83,969648.0,15793877.0
2016-05-31,16.83,17.39,16.75,17.38,2861342.0,47601420.0
2016-06-01,17.4,17.44,17.26,17.34,2262838.0,37953341.0
2016-06-02,17.24,17.45,17.24,17.44,2052620.0,34404155.0
2016-06-03,17.48,17.66,17.38,17.59,2579958.0,43686023.0
2016-06-06,17.56,17.62,17.32,17.43,1514442.0,25541691.0
2016-06-07,17.4,17.58,17.29,17.57,1647973.0,27761420.0
2016-06-08,17.51,17.95,17.3,17.8,2984429.0,50979461.0
2016-06-13,17.58,17.58,16.85,16.9,3056692.0,51173152.0
2016-06-14,16.87,17.06,16.78,16.95,1671544.0,27365478.0
2016-06-15,16.58,17.36,16.58,17.29,2009397.0,33328438.0
2016-06-16,17.18,18.61,17.18,18.15,6046672.0,105365120.0
2016-06-17,18.36,18.47,17.83,18.08,3814865.0,66892124.0
2016-06-20,18.12,18.28,17.67,17.96,2626437.0,45355255.0
2016-06-21,18.14,18.36,17.68,17.76,2594560.0,45218979.0
2016-06-22,17.8,18.72,17.77,18.68,7508591.0,133712909.0
2016-06-23,18.62,18.62,18.3,18.38,4281233.0,76254823.0
2016-06-24,18.39,18.46,17.75,18.06,3364412.0,58956977.0
2016-06-27,17.88,18.47,17.88,18.45,2647786.0,46889807.0
2016-06-28,18.27,18.61,18.13,18.59,3177099.0,56477267.0
2016-06-29,18.7,18.72,18.27,18.47,2943353.0,52428219.0
2016-06-30,18.42,18.61,18.23,18.36,1798554.0,31879205.0
2016-07-01,18.36,18.46,18.29,18.33,1509248.0,26785278.0
2016-07-04,18.12,18.68,18.12,18.61,2659923.0,47526352.0
2016-07-05,18.82,18.9,18.54,18.66,2873988.0,51921046.0
2016-07-06,18.64,18.72,18.46,18.68,2479182.0,44554198.0
2016-07-07,18.77,18.77,18.38,18.53,2590882.0,46410724.0
2016-07-08,18.66,18.66,18.41,18.45,1700667.0,29957079.0
2016-07-11,18.38,18.76,18.38,18.52,2565877.0,45481294.0
2016-07-12,18.57,18.83,18.29,18.81,3186987.0,56301326.0
2016-07-13,18.79,19.02,18.75,18.9,3475087.0,62481096.0
2016-07-14,18.93,18.97,18.76,18.86,2084088.0,37451732.0
2016-07-15,18.94,19.14,18.86,19.0,2984532.0,54068544.0
2016-07-18,18.96,19.02,18.64,18.89,1900862.0,34042857.0
2016-07-19,18.8,18.89,18.66,18.88,1284769.0,22976787.0
2016-07-20,18.89,19.07,18.78,18.94,1827854.0,33038762.0
2016-07-21,18.89,19.03,18.75,18.8,2111649.0,37982067.0
2016-07-22,18.83,18.84,18.47,18.5,2024911.0,36013004.0
2016-07-25,18.4,18.57,18.39,18.44,1552784.0,27349984.0
2016-07-26,18.54,18.67,18.45,18.64,1603846.0,28407261.0
2016-07-27,18.65,18.83,17.32,17.86,3601833.0,62621567.0
2016-07-28,17.92,18.23,17.8,17.88,2336380.0,39968431.0
2016-07-29,17.88,18.01,17.66,17.74,1626444.0,27558797.0
2016-08-01,17.74,17.98,17.66,17.78,2025795.0,34407283.0
2016-08-02,17.83,17.95,17.74,17.86,1022800.0,17407735.0
2016-08-03,17.9,17.9,17.69,17.84,1184863.0,20070143.0
2016-08-04,17.86,17.86,17.67,17.8,1260570.0,21320842.0
2016-08-05,17.74,17.82,17.7,17.8,1016459.0,17185676.0
2016-08-08,17.74,17.83,17.55,17.82,1904606.0,32080848.0
2016-08-09,17.79,17.94,17.7,17.93,1963031.0,33332697.0
2016-08-10,17.93,17.99,17.83,17.94,1706913.0,29139052.0
2016-08-11,18.01,18.23,17.77,17.86,2412343.0,41443927.0
2016-08-12,17.86,18.01,17.71,18.0,2022605.0,34375627.0
2016-08-15,17.96,18.47,17.91,18.39,3001602.0,52330654.0
2016-08-16,18.39,18.62,18.29,18.6,2736582.0,47986905.0
2016-08-17,18.54,18.61,18.45,18.52,1180848.0,20832517.0
2016-08-18,18.58,18.58,18.34,18.37,1375364.0,24183940.0
2016-08-19,18.53,19.1,18.47,18.88,4769443.0,85621149.0
2016-08-22,18.77,18.88,18.37,18.41,2533398.0,44827846.0
2016-08-23,18.35,18.52,18.21,18.32,1462506.0,25580767.0
2016-08-24,18.37,18.48,18.29,18.38,1034879.0,18108804.0
2016-08-25,18.34,18.34,17.91,18.18,1301556.0,22470701.0
2016-08-26,18.23,18.34,18.09,18.16,834822.0,14493979.0
2016-08-29,18.26,18.57,18.17,18.39,1102918.0,19347371.0
2016-08-30,18.44,18.58,18.34,18.47,1643737.0,28934044.0
2016-08-31,18.46,18.75,18.41,18.65,2109086.0,37437970.0
2016-09-01,18.62,18.64,18.46,18.46,1225270.0,21652182.0
2016-09-02,18.41,18.51,18.17,18.26,1390594.0,24266877.0
2016-09-05,18.26,18.39,18.02,18.05,2039640.0,35382010.0
2016-09-06,18.02,18.56,18.02,18.54,2351850.0,40987985.0
2016-09-07,18.46,18.65,18.4,18.48,2147910.0,37993638.0
2016-09-08,18.57,18.62,18.37,18.6,1772270.0,31246606.0
2016-09-09,18.53,18.68,18.42,18.46,1643144.0,29069195.0
2016-09-12,18.27,18.32,17.84,17.88,1979074.0,33962648.0
2016-09-13,17.98,18.07,17.89,17.98,1053001.0,18022128.0
2016-09-14,17.94,18.15,17.84,17.99,1352023.0,23196744.0
2016-09-19,17.98,18.79,17.98,18.52,3787331.0,66881705.0
2016-09-20,18.47,18.5,18.27,18.39,1833303.0,32087702.0
2016-09-21,18.32,18.52,18.22,18.34,1736224.0,30391674.0
2016-09-22,18.44,18.57,18.41,18.45,1843046.0,32486722.0
2016-09-23,18.45,18.65,18.43,18.51,2123276.0,37493654.0
2016-09-26,18.41,18.63,17.9,17.97,2694643.0,46948103.0
2016-09-27,17.98,18.19,17.95,18.16,1327914.0,22848135.0
2016-09-28,18.19,18.21,17.96,18.07,1432452.0,24671042.0
2016-09-29,18.07,18.3,18.07,18.15,1623878.0,28140034.0
2016-09-30,18.14,18.37,18.07,18.25,1334684.0,23229410.0
2016-10-10,18.37,18.58,18.3,18.57,2100530.0,36960213.0
2016-10-11,18.56,18.71,18.51,18.57,2074654.0,36736812.0
2016-10-12,18.56,20.43,18.47,20.43,8785824.0,164459585.0
2016-10-13,20.89,21.15,20.28,20.39,17963892.0,352809136.0
2016-10-14,20.36,20.36,19.83,20.04,7933093.0,151289012.0
2016-10-17,20.12,20.39,19.67,19.92,6827193.0,130868662.0
2016-10-18,19.8,20.11,19.75,20.1,4288749.0,81588109.0
2016-10-19,20.15,20.17,19.85,20.08,3828764.0,72831385.0
2016-10-20,19.94,20.28,19.86,20.12,3743450.0,71637117.0
2016-10-21,20.04,20.25,19.63,19.86,3996571.0,75990888.0
2016-10-24,20.0,20.23,19.79,20.21,4129125.0,79042535.0
2016-10-25,20.25,20.25,19.89,20.06,2798560.0,53284190.0
2016-10-26,20.06,20.07,19.51,19.72,3442476.0,64665031.0
2016-10-27,19.6,19.79,19.57,19.67,1478935.0,27701128.0
2016-10-28,19.71,19.8,19.51,19.53,1649358.0,30841686.0
2016-10-31,19.42,19.46,19.09,19.45,2162160.0,39689311.0
2016-11-01,19.31,19.79,19.31,19.73,2454316.0,45772699.0
2016-11-02,19.61,19.7,19.32,19.34,1906259.0,35355110.0
2016-11-03,19.34,19.57,19.26,19.34,2408430.0,44567467.0
2016-11-04,19.4,19.63,19.31,19.46,1914569.0,35507753.0
2016-11-07,19.52,19.6,19.32,19.47,1741096.0,32286501.0
2016-11-08,19.47,19.58,19.4,19.55,2054479.0,38195776.0
2016-11-09,19.61,19.71,19.27,19.4,2555667.0,47401950.0
2016-11-10,19.5,19.79,19.45,19.67,3032062.0,56645174.0
2016-11-11,19.67,19.82,19.58,19.77,3347370.0,62905304.0
2016-11-14,19.79,20.04,19.57,19.64,3635430.0,68493885.0
2016-11-15,19.7,19.77,19.43,19.66,2678036.0,49972320.0
2016-11-16,19.67,19.82,19.57,19.81,2396944.0,44999052.0
2016-11-17,19.72,19.77,19.52,19.55,1763836.0,32922382.0
2016-11-18,19.62,19.68,19.21,19.29,2339037.0,43286172.0
2016-11-21,19.28,19.68,19.28,19.43,3092346.0,57357291.0
2016-11-22,19.45,19.68,19.44,19.62,2506291.0,46725051.0
2016-11-23,19.67,19.7,19.49,19.53,2857602.0,53370219.0
2016-11-24,19.55,19.58,19.23,19.28,2339202.0,43180121.0
2016-11-25,19.28,19.48,19.06,19.47,2250526.0,41329883.0
2016-11-28,19.5,19.51,19.3,19.45,2182233.0,40381223.0
2016-11-29,19.4,19.45,19.19,19.21,1697505.0,31239541.0
2016-11-30,19.18,19.27,19.1,19.12,1670055.0,30505714.0
2016-12-01,19.2,19.27,19.17,19.23,1713299.0,31371568.0
2016-12-02,19.28,19.36,19.03,19.05,2342858.0,42829673.0
2016-12-05,18.95,18.95,18.73,18.83,2739844.0,49132236.0
2016-12-06,18.89,18.99,18.7,18.74,1430045.0,25592458.0
2016-12-07,18.76,19.19,18.73,19.12,1982832.0,35872022.0
2016-12-08,19.17,19.42,19.15,19.26,3643040.0,66973727.0
2016-12-09,19.36,19.48,18.98,19.06,3932793.0,72111103.0
2016-12-12,19.06,19.06,18.16,18.32,3238621.0,57427254.0
2016-12-13,18.2,18.33,18.0,18.11,2124534.0,36657232.0
2016-12-14,18.05,18.23,16.8,17.8,1976504.0,33910402.0
2016-12-15,17.75,17.93,17.6,17.76,1761619.0,29771467.0
2016-12-16,17.78,17.86,17.63,17.82,1727985.0,29227503.0
2016-12-19,17.82,18.15,17.45,17.97,2722341.0,46510253.0
2016-12-20,17.91,18.02,17.79,17.94,1390202.0,23689881.0
2016-12-21,17.94,18.09,17.89,18.04,1469639.0,25164260.0
2016-12-22,18.14,18.18,17.92,17.94,1824121.0,31403111.0
2016-12-23,17.88,18.11,17.63,17.68,1525807.0,25951871.0
2016-12-26,17.73,17.8,17.42,17.75,1321309.0,22132907.0
2016-12-27,17.76,17.92,17.67,17.77,834096.0,14159620.0
2016-12-28,17.77,17.94,17.63,17.68,826459.0,14020180.0
2016-12-29,17.6,17.77,17.6,17.67,825924.0,13919540.0
2016-12-30,17.67,18.07,17.58,17.68,1978624.0,33824364.0
2017-01-03,17.72,18.04,17.72,18.0,1579028.0,26954142.0
2017-01-04,17.99,18.09,17.84,18.03,1274599.0,21851579.0
2017-01-05,18.09,18.7,18.09,18.43,4097898.0,72144998.0
2017-01-06,18.35,18.52,18.13,18.21,1356288.0,23542766.0
2017-01-09,18.16,18.27,18.07,18.24,1150808.0,19913692.0
2017-01-10,18.27,18.36,18.07,18.19,1421325.0,24659848.0
2017-01-11,18.15,18.33,18.07,18.07,1054464.0,18254757.0
2017-01-12,18.1,18.37,18.0,18.1,2066644.0,35876612.0
2017-01-13,18.11,18.11,17.51,17.55,1977601.0,33495566.0
2017-01-16,17.51,17.59,16.7,17.09,2070924.0,33952830.0
2017-01-17,17.09,17.23,16.77,17.23,1614542.0,26241125.0
2017-01-18,17.16,17.25,16.96,16.98,1540685.0,25073405.0
2017-01-19,16.96,17.16,16.91,17.0,1197152.0,19451730.0
2017-01-20,17.11,17.48,17.09,17.25,1815085.0,29886739.0
2017-01-23,17.27,17.35,17.17,17.26,1471502.0,24185139.0
2017-01-24,17.28,17.28,17.09,17.16,1454794.0,23793621.0
2017-01-25,17.16,17.37,17.08,17.35,1806376.0,29631400.0
2017-01-26,17.34,17.7,17.28,17.49,2215456.0,36849539.0
2017-02-03,17.49,17.49,17.27,17.36,1124656.0,18574067.0
2017-02-06,17.35,17.42,17.31,17.41,1407801.0,23276694.0
2017-02-07,17.38,17.53,17.27,17.32,1363825.0,22565017.0
2017-02-08,17.34,17.42,17.04,17.35,1564772.0,25656951.0
2017-02-09,17.32,17.5,17.32,17.49,1776336.0,29507987.0
2017-02-10,17.49,17.68,17.45,17.58,1972160.0,32961747.0
2017-02-13,17.61,17.71,17.51,17.64,1865059.0,31300845.0
2017-02-14,17.64,17.69,17.56,17.63,1303780.0,21889370.0
2017-02-15,17.67,17.7,17.43,17.5,1731895.0,29050423.0
2017-02-16,17.5,17.9,17.5,17.86,2474101.0,41771402.0
2017-02-17,17.82,17.83,17.58,17.66,1518528.0,25614317.0
2017-02-20,17.66,17.76,17.57,17.75,1279886.0,21548356.0
2017-02-21,17.75,17.9,17.63,17.86,1870487.0,31669166.0
2017-02-22,17.86,17.92,17.7,17.84,1360151.0,23072636.0
2017-02-23,17.84,17.86,17.63,17.72,1846369.0,31159306.0
2017-02-24,17.71,17.78,17.66,17.75,1690896.0,28549610.0
2017-02-27,17.76,17.77,17.57,17.62,1586705.0,26717726.0
2017-02-28,17.62,17.72,17.57,17.72,1038962.0,17457870.0
2017-03-01,17.72,17.81,17.64,17.66,1540402.0,25998576.0
2017-03-02,17.67,17.76,17.59,17.71,1469813.0,24769287.0
2017-03-03,17.66,17.71,17.42,17.7,1822209.0,30506207.0
2017-03-06,17.63,17.95,17.63,17.91,2310648.0,39196632.0
2017-03-07,17.93,17.95,17.8,17.9,1513296.0,25769115.0
2017-03-08,17.93,18.01,17.82,17.86,1191788.0,20342120.0
2017-03-09,17.76,17.9,17.66,17.68,1285254.0,21703022.0
2017-03-10,17.74,17.78,17.63,17.69,921465.0,15538715.0
2017-03-13,17.71,17.78,17.49,17.77,1089542.0,18312657.0
2017-03-14,17.74,17.94,17.7,17.91,2081794.0,35367370.0
2017-03-15,17.86,17.86,17.7,17.78,1127296.0,19076431.0
2017-03-16,17.81,17.98,17.78,17.97,1660112.0,28306776.0
2017-03-17,17.99,18.05,17.79,17.83,1819587.0,31105289.0
2017-03-20,17.9,18.03,17.83,18.03,1840119.0,31466606.0
2017-03-21,18.05,18.11,17.95,18.04,1699656.0,29214984.0
2017-03-22,18.05,18.22,17.91,18.1,1941425.0,33426680.0
2017-03-23,18.02,18.17,17.78,17.95,1846925.0,31644456.0
2017-03-24,17.96,18.09,17.9,18.07,1560739.0,26743404.0
2017-03-27,18.77,19.42,18.63,18.64,12685051.0,228560701.0
2017-03-28,18.21,18.48,18.12,18.15,6093106.0,105790045.0
2017-03-29,18.21,18.27,17.96,18.02,4078159.0,70282000.0
2017-03-30,17.99,18.07,17.43,17.76,4534905.0,76696135.0
2017-03-31,17.7,17.83,17.55,17.63,1996000.0,33621193.0
2017-04-05,17.63,17.89,17.59,17.86,1974336.0,33459765.0
2017-04-06,17.84,18.21,17.75,18.14,3065406.0,52730076.0
2017-04-07,18.19,18.19,17.95,18.0,1979670.0,33995457.0
2017-04-10,18.14,18.14,17.64,17.67,2356584.0,40071879.0
2017-04-11,17.7,18.11,17.61,18.02,2317568.0,39278069.0
2017-04-12,17.96,18.0,17.69,17.73,1339690.0,22788101.0
2017-04-13,17.82,17.83,17.72,17.73,1171313.0,19816244.0
2017-04-14,17.67,17.74,17.19,17.33,2711547.0,45025416.0
2017-04-17,17.32,17.36,17.12,17.23,1319585.0,21647522.0
2017-04-18,17.3,17.37,17.08,17.12,1089090.0,17891349.0
2017-04-19,17.06,17.19,16.8,16.98,1629505.0,26355563.0
2017-04-20,17.0,17.09,16.8,16.93,1198842.0,19333127.0
2017-04-21,16.8,16.97,16.8,16.91,898334.0,14471103.0
2017-04-24,16.9,16.93,16.35,16.55,1415963.0,22415683.0
2017-04-25,16.54,16.73,16.42,16.52,724800.0,11438475.0
2017-04-26,16.59,16.67,16.52,16.64,984955.0,15577810.0
2017-04-27,16.68,16.77,16.35,16.75,1018032.0,16096469.0
2017-04-28,16.77,16.92,16.64,16.87,840426.0,13440770.0
2017-05-02,16.9,16.92,16.71,16.75,842829.0,13473562.0
2017-05-03,16.75,16.86,16.71,16.72,681401.0,10895709.0
2017-05-04,16.8,16.8,16.63,16.68,608069.0,9672241.0
2017-05-05,16.62,16.85,16.62,16.72,916900.0,14636322.0
2017-05-08,16.77,16.77,16.42,16.43,717772.0,11357671.0
2017-05-09,16.5,16.5,16.16,16.44,886078.0,13800256.0
2017-05-10,16.43,16.49,16.2,16.23,730769.0,11400756.0
2017-05-11,15.74,16.1,15.25,15.66,1790692.0,26759452.0
2017-05-12,15.68,16.06,15.64,15.71,1175939.0,17715705.0
2017-05-15,15.69,15.78,15.62,15.67,717700.0,10724358.0
2017-05-16,15.67,15.91,15.45,15.86,1042463.0,15525010.0
2017-05-17,15.87,16.02,15.78,15.89,999132.0,15122673.0
2017-05-18,15.74,16.02,15.74,15.89,1039065.0,15711296.0
2017-05-19,16.02,16.94,15.93,16.59,3915556.0,61725199.0
2017-05-22,16.65,17.09,16.29,16.42,3273692.0,52228155.0
2017-05-23,16.38,16.38,15.55,15.63,2213242.0,33351111.0
2017-05-24,16.59,17.13,16.28,16.47,5837981.0,92033054.0
2017-05-25,16.15,16.73,15.86,16.65,4679835.0,72442499.0
2017-05-26,16.49,17.0,16.41,16.84,4592929.0,73284758.0
2017-05-31,16.82,16.9,16.47,16.5,3083712.0,48867986.0
2017-06-01,16.41,16.45,15.88,16.07,2373732.0,36516831.0
2017-06-02,16.06,16.25,15.76,16.16,1962361.0,29812105.0
2017-06-05,16.38,16.9,16.21,16.53,2793226.0,44059924.0
2017-06-06,16.46,16.46,16.16,16.33,1370327.0,21274411.0
2017-06-07,16.31,16.62,16.27,16.56,2020248.0,31719102.0
2017-06-08,16.65,16.65,16.42,16.47,1431332.0,22474028.0
2017-06-09,16.42,16.45,16.18,16.28,1353536.0,21037210.0
2017-06-12,16.28,16.28,15.92,15.94,1697362.0,26000966.0
2017-06-13,15.9,16.16,15.9,16.11,946607.0,14494596.0
2017-06-14,16.16,16.18,16.07,16.11,986705.0,15163485.0
2017-06-15,16.11,16.41,16.0,16.34,1341599.0,20791783.0
2017-06-16,16.27,16.45,16.27,16.4,1355229.0,21125961.0
2017-06-19,16.39,16.52,16.28,16.47,1686497.0,26326752.0
2017-06-20,16.43,16.55,16.41,16.52,1528806.0,23991131.0
2017-06-21,16.46,16.53,16.41,16.52,1037272.0,16270305.0
2017-06-22,16.52,16.55,16.25,16.27,1410430.0,22066963.0
2017-06-23,16.21,16.3,16.05,16.27,1114490.0,17190057.0
2017-06-26,16.29,16.35,16.14,16.34,1264495.0,19549225.0
2017-06-27,16.31,16.35,16.19,16.21,1191825.0,18458107.0
2017-06-28,16.21,16.31,16.18,16.25,854389.0,13223744.0
2017-06-29,16.31,16.31,16.23,16.27,961559.0,14900519.0
2017-06-30,16.25,16.25,16.04,16.14,1260828.0,19371663.0
2017-07-03,16.09,16.41,16.09,16.4,1258482.0,19546644.0
2017-07-04,16.46,16.46,16.25,16.43,1051245.0,16377312.0
2017-07-05,16.44,16.57,16.42,16.56,1430826.0,22522205.0
2017-07-06,16.59,16.96,16.59,16.93,3856194.0,61854686.0
2017-07-07,16.91,17.13,16.69,17.05,1739987.0,27697446.0
2017-07-10,17.05,17.21,16.77,17.18,2647493.0,42438599.0
2017-07-11,17.18,17.44,17.05,17.36,2947479.0,47993830.0
2017-07-12,17.39,17.47,16.98,17.22,1448656.0,23489228.0
2017-07-13,17.22,17.28,17.07,17.09,976017.0,15768182.0
2017-07-14,17.13,17.15,16.97,17.09,1500963.0,24165156.0
2017-07-17,17.05,17.06,16.41,16.44,1821911.0,28618493.0
2017-07-18,16.44,16.61,16.44,16.57,789383.0,12316522.0
2017-07-19,16.57,16.7,16.35,16.66,1743951.0,27186798.0
2017-07-20,16.66,17.02,16.59,16.96,1777394.0,28332471.0
2017-07-21,16.84,17.04,16.8,16.97,1365140.0,21838402.0
2017-07-24,16.95,17.04,16.84,17.02,696889.0,11146395.0
2017-07-25,17.05,17.05,16.82,16.98,1602315.0,25558340.0
2017-07-26,16.96,16.99,16.64,16.78,950350.0,15073658.0
2017-07-27,16.74,16.89,16.64,16.82,1220599.0,19309298.0
2017-07-28,16.86,16.9,16.74,16.78,721204.0,11436712.0
2017-07-31,16.78,17.07,16.78,17.04,1797750.0,28808266.0
2017-08-01,17.17,17.17,16.92,16.95,1085447.0,17420733.0
2017-08-02,16.87,17.04,16.84,16.94,895916.0,14299489.0
2017-08-03,16.91,17.05,16.82,17.02,1131008.0,18125133.0
2017-08-04,17.07,17.07,16.95,17.04,1198185.0,19211480.0
2017-08-07,16.99,17.15,16.92,17.11,1239311.0,19959298.0
2017-08-08,17.11,17.15,17.02,17.11,927947.0,14947511.0
2017-08-09,17.11,17.12,17.02,17.06,835900.0,13445026.0
2017-08-10,17.09,17.1,16.84,17.06,1081328.0,17325116.0
2017-08-11,16.99,17.02,16.75,16.8,924701.0,14723027.0
2017-08-14,16.8,17.02,16.8,16.97,1099977.0,17585438.0
2017-08-15,16.98,17.02,16.88,16.96,610100.0,9752296.0
2017-08-16,16.92,17.2,16.89,17.17,3955115.0,63723715.0
2017-08-17,17.17,17.22,17.06,17.17,1032284.0,16692494.0
2017-08-18,17.12,17.34,17.08,17.26,1708391.0,27703368.0
2017-08-21,17.28,17.44,17.15,17.24,1469936.0,23896623.0
2017-08-22,17.24,17.32,17.15,17.23,1270397.0,20621206.0
2017-08-23,17.23,17.28,17.12,17.25,802752.0,13026361.0
2017-08-24,17.25,17.34,17.09,17.31,1301600.0,21139587.0
2017-08-25,17.29,17.4,17.18,17.38,2766630.0,45124308.0
2017-08-28,17.39,17.41,17.26,17.29,2701410.0,44152670.0
2017-08-29,17.41,17.41,17.21,17.27,1842087.0,29993043.0
2017-08-30,17.24,17.29,17.14,17.15,1695100.0,27511568.0
2017-08-31,17.18,17.26,17.14,17.18,832600.0,13498981.0
2017-09-01,17.18,17.24,17.13,17.22,890298.0,14422307.0
2017-09-04,17.26,17.26,17.13,17.22,692589.0,11223254.0
2017-09-05,17.17,17.22,17.13,17.18,838222.0,13582760.0
2017-09-06,17.18,17.18,17.1,17.15,700371.0,11320995.0
2017-09-07,17.16,17.27,17.13,17.15,884445.0,14351299.0
2017-09-08,17.16,17.23,17.11,17.17,711348.0,11511836.0
2017-09-11,17.17,17.26,17.12,17.21,636401.0,10313890.0
2017-09-12,17.2,17.25,17.14,17.18,1009705.0,16364707.0
2017-09-13,17.18,17.24,17.14,17.24,913466.0,14808470.0
2017-09-14,17.26,17.49,17.26,17.45,2319258.0,38025151.0
2017-09-15,17.4,17.57,17.33,17.55,2025299.0,33372413.0
2017-09-18,17.55,17.65,17.44,17.57,1202396.0,19894435.0
2017-09-19,17.55,17.64,17.24,17.29,1452524.0,23877930.0
2017-09-20,17.34,17.6,17.26,17.43,4859900.0,80005664.0
2017-09-21,17.39,17.59,17.36,17.47,4514412.0,74426106.0
2017-09-22,17.43,17.7,17.08,17.47,3671100.0,60504653.0
2017-09-25,17.32,17.57,17.28,17.43,1046950.0,17215605.0
2017-09-26,17.41,17.46,17.17,17.21,1687546.0,27506188.0
2017-09-27,17.2,17.39,17.11,17.23,1305888.0,21215709.0
2017-09-28,17.17,17.27,17.09,17.1,1118100.0,18081631.0
2017-09-29,17.17,17.53,17.17,17.45,1759448.0,28854956.0
2017-10-09,17.45,17.63,17.44,17.57,1184822.0,19584411.0
2017-10-10,17.67,17.67,17.44,17.55,789962.0,13055134.0
2017-10-11,17.6,17.6,17.44,17.47,669562.0,11042415.0
2017-10-12,17.46,17.63,17.39,17.43,636900.0,10511018.0
2017-10-13,17.33,17.71,17.26,17.59,2976434.0,49288602.0
2017-10-16,17.55,17.74,17.38,17.68,3064108.0,50704004.0
2017-10-17,17.68,17.91,17.6,17.76,3243663.0,54430996.0
2017-10-18,17.7,17.8,17.55,17.77,1810279.0,30166660.0
2017-10-19,17.75,17.89,17.57,17.62,2455140.0,40997184.0
2017-10-20,17.62,17.84,17.55,17.83,1521662.0,25360473.0
2017-10-23,17.87,17.94,17.64,17.77,1485299.0,24840677.0
2017-10-24,17.81,17.81,17.64,17.7,996000.0,16630220.0
2017-10-25,17.6,17.76,17.57,17.74,1618200.0,26952415.0
2017-10-26,17.76,18.18,17.62,18.09,3280622.0,55240726.0
2017-10-27,18.09,18.38,17.98,18.24,5235113.0,90075892.0
2017-10-30,18.32,18.5,18.13,18.2,3640656.0,62739855.0
2017-10-31,18.19,18.83,18.19,18.75,6622500.0,115962451.0
2017-11-01,18.82,18.95,18.51,18.61,2785900.0,49034581.0
2017-11-02,18.65,18.89,18.23,18.71,2708122.0,47793921.0
2017-11-03,18.58,18.93,18.45,18.92,3671122.0,64906346.0
2017-11-06,18.92,19.96,18.77,19.7,8026541.0,148033285.0
2017-11-07,19.72,19.96,19.51,19.73,3024106.0,56187130.0
2017-11-08,19.73,20.13,19.56,19.92,3428333.0,64170200.0
2017-11-09,19.91,20.2,19.74,20.16,2591182.0,48968379.0
2017-11-10,20.6,20.7,19.58,19.93,8980145.0,169225125.0
2017-11-13,19.84,20.08,19.65,19.93,5272476.0,98647611.0
2017-11-14,19.93,20.02,19.72,19.82,2147274.0,40076710.0
2017-11-15,19.72,19.88,19.53,19.8,2244601.0,41724840.0
2017-11-16,19.84,20.02,19.76,19.82,1541484.0,28844583.0
2017-11-17,19.84,19.89,19.25,19.29,3892695.0,71509534.0
2017-11-20,19.35,20.0,18.99,19.84,2595329.0,47615364.0
2017-11-21,19.82,20.02,19.62,19.89,1400533.0,26186862.0
2017-11-22,19.84,20.04,19.65,19.84,1788500.0,33379151.0
2017-11-23,19.84,19.84,19.43,19.54,1479810.0,27286562.0
2017-11-24,19.54,19.88,19.48,19.55,1689944.0,31347003.0
2017-11-27,19.5,19.54,19.23,19.35,2062383.0,37669889.0
2017-11-28,19.38,19.66,19.29,19.43,1148684.0,21090269.0
2017-11-29,19.43,19.47,19.29,19.39,880100.0,16067436.0
2017-11-30,19.39,19.42,19.27,19.39,1223800.0,22337221.0
2017-12-01,19.4,19.7,19.33,19.39,920400.0,16921211.0
2017-12-04,19.45,19.63,19.2,19.45,2810380.0,51441660.0
2017-12-05,19.45,19.6,19.16,19.17,1233502.0,22487854.0
2017-12-06,19.11,19.58,19.07,19.56,1492846.0,27253679.0
2017-12-07,19.56,19.9,19.44,19.71,2436800.0,45346634.0
2017-12-08,19.72,19.98,19.62,19.91,2185977.0,40867313.0
2017-12-11,19.97,20.35,19.91,20.02,2908701.0,55291712.0
2017-12-12,20.04,20.14,19.82,20.07,2185101.0,41183808.0
2017-12-13,19.93,20.55,19.93,20.27,1784634.0,34189171.0
2017-12-14,20.25,20.41,19.88,20.13,1863700.0,35342759.0
2017-12-15,20.1,20.15,19.76,19.89,2859684.0,53707924.0
2017-12-18,19.88,19.99,19.73,19.75,766551.0,14335411.0
2017-12-19,19.75,19.91,19.51,19.8,1845257.0,34278737.0
2017-12-20,19.82,20.22,19.76,20.05,3029472.0,57241806.0
2017-12-21,20.07,20.12,19.84,20.06,2681186.0,50491994.0
2017-12-22,19.99,20.33,19.94,20.08,2063131.0,39103162.0
2017-12-25,20.08,20.1,19.88,19.95,918684.0,17281633.0
2017-12-26,19.94,20.3,19.88,20.29,1760496.0,33377495.0
2017-12-27,20.29,20.39,20.04,20.12,2142981.0,40863743.0
2017-12-28,20.02,20.13,19.84,20.02,1329374.0,25092365.0
2017-12-29,19.93,20.46,19.33,20.39,6296819.0,117796812.0
2018-01-02,20.43,21.15,20.33,20.93,4867054.0,95584015.0
2018-01-03,20.93,21.34,20.73,20.96,2822151.0,55953599.0
2018-01-04,20.97,21.43,20.88,21.07,2825456.0,56113675.0
2018-01-05,20.99,21.02,20.83,21.0,1664082.0,32810471.0
2018-01-08,20.99,21.37,20.87,21.34,2226123.0,44506298.0
2018-01-09,21.31,21.65,21.18,21.19,2197800.0,44355344.0
2018-01-10,21.15,21.37,20.94,21.12,1474948.0,29402941.0
2018-01-11,21.12,21.33,20.96,21.31,1318938.0,26321591.0
2018-01-12,21.32,21.5,21.2,21.39,1740263.0,35085999.0
2018-01-15,21.36,21.38,20.74,20.77,2481111.0,49102760.0
2018-01-16,20.94,21.03,20.81,20.95,1626120.0,32086821.0
2018-01-17,20.94,20.99,20.76,20.97,1236665.0,24357971.0
2018-01-18,21.07,21.25,20.86,21.11,1237063.0,24630919.0
2018-01-19,21.1,21.22,20.99,21.2,1039733.0,20735649.0
2018-01-22,21.21,21.52,21.05,21.28,1679481.0,33752115.0
2018-01-23,21.3,21.55,21.2,21.35,1601463.0,32298797.0
2018-01-24,21.35,21.48,20.95,21.25,2507425.0,49832924.0
2018-01-25,21.2,21.68,21.0,21.41,3102433.0,62212631.0
2018-01-26,21.29,21.55,21.24,21.32,985802.0,19850297.0
2018-01-29,21.27,21.45,21.2,21.27,975451.0,19585901.0
2018-01-30,21.27,23.06,21.15,22.74,7881455.0,162332669.0
2018-01-31,22.79,23.42,22.05,22.09,7587256.0,160925813.0
2018-02-01,21.2,21.43,19.89,19.89,5522602.0,107161487.0
2018-02-02,17.89,17.89,17.89,17.89,615700.0,10393016.0
2018-02-26,16.1,17.7,16.1,17.4,14755146.0,229753477.0
2018-02-27,17.3,17.57,16.83,17.33,5198218.0,84195296.0
2018-02-28,17.17,17.53,17.05,17.41,2035710.0,33332851.0
2018-03-01,17.42,18.13,17.28,17.97,3636362.0,61440772.0
2018-03-02,17.92,18.21,17.71,17.91,1741575.0,29430140.0
2018-03-05,17.91,18.76,17.83,18.11,2691415.0,46372696.0
2018-03-06,18.11,18.34,17.92,18.19,1524360.0,26055586.0
2018-03-07,18.19,19.15,18.16,18.74,5627221.0,99403415.0
2018-03-08,18.68,19.22,18.68,19.08,2766859.0,49810887.0
2018-03-09,19.05,19.33,18.87,19.18,1354000.0,24492064.0
2018-03-12,19.29,19.37,19.11,19.35,1353910.0,24562518.0
2018-03-13,19.2,19.45,19.19,19.2,1221200.0,22220488.0
2018-03-14,19.16,19.56,19.1,19.28,1963000.0,35936364.0
2018-03-15,19.25,19.55,18.84,18.87,2095769.0,37732893.0
2018-03-16,18.79,19.19,18.72,18.87,1646293.0,29411758.0
2018-03-19,18.83,19.22,18.64,19.16,2332048.0,41616306.0
2018-03-20,19.16,19.89,18.93,19.72,4234173.0,78043510.0
2018-03-21,19.81,19.93,19.64,19.71,1310901.0,24497898.0
2018-03-22,19.7,19.94,19.51,19.93,1123063.0,20954249.0
2018-03-23,19.57,19.93,19.21,19.33,2385700.0,43879134.0
2018-03-26,19.12,19.73,19.07,19.71,1573086.0,28703910.0
2018-03-27,19.63,20.16,19.63,20.07,2272681.0,42862859.0
2018-03-28,20.07,20.1,19.89,19.96,1516400.0,28610117.0
2018-03-29,19.94,20.25,19.94,20.0,1257400.0,23830047.0
2018-03-30,20.11,20.55,19.99,20.55,2369511.0,45188195.0
2018-04-02,20.59,21.11,20.46,20.59,4636001.0,91019516.0
2018-04-03,20.38,20.65,20.24,20.32,1122043.0,21564685.0
2018-04-04,20.46,20.58,20.23,20.32,764901.0,14713415.0
2018-04-09,20.31,20.52,19.94,20.04,993700.0,18834272.0
2018-04-10,20.26,20.3,19.93,20.13,1038690.0,19681848.0
2018-04-11,20.14,20.23,20.06,20.23,1460295.0,27742817.0
2018-04-12,20.26,20.4,20.13,20.13,1181400.0,22506743.0
2018-04-13,20.13,20.31,20.09,20.1,2105200.0,39993879.0
2018-04-16,20.02,20.23,19.92,20.12,1323800.0,25046938.0
2018-04-17,20.05,20.2,19.9,20.04,701871.0,13263519.0
2018-04-18,20.2,20.42,19.4,20.3,4872651.0,91467583.0
2018-04-19,20.28,21.16,20.28,20.63,5306675.0,103618506.0
2018-04-20,20.67,20.67,20.36,20.44,2483100.0,47955511.0
2018-04-23,20.34,20.55,20.05,20.45,4462844.0,85380896.0
2018-04-24,20.46,21.03,20.46,20.84,3920944.0,76831628.0
2018-04-25,20.83,21.2,20.16,20.96,4002644.0,78844602.0
2018-04-26,20.91,21.09,20.78,20.92,3064337.0,60344892.0
2018-04-27,20.92,21.36,20.81,21.34,3228263.0,64192896.0
2018-05-02,21.34,21.47,21.2,21.43,2356472.0,47492951.0
2018-05-03,21.31,21.5,21.19,21.41,2493656.0,50201576.0
2018-05-04,21.39,21.43,21.07,21.09,1128400.0,22624113.0
2018-05-07,21.11,21.34,21.03,21.16,1104787.0,22040142.0
2018-05-08,21.16,21.17,20.75,20.91,1048150.0,20664978.0
2018-05-09,21.04,21.04,20.77,20.89,1196600.0,23588463.0
2018-05-10,20.94,21.04,20.8,20.96,1218241.0,24046684.0
2018-05-11,20.97,21.02,20.86,20.89,707898.0,13967950.0
2018-05-14,20.88,21.04,20.83,21.01,926098.0,18313288.0
2018-05-15,20.96,21.71,20.95,21.59,4618273.0,93740888.0
2018-05-16,21.58,21.75,21.43,21.48,2404600.0,48926314.0
2018-05-17,21.47,21.48,21.22,21.38,941387.0,18942731.0
2018-05-18,21.52,21.57,21.31,21.55,1072636.0,21708312.0
2018-05-21,21.66,21.71,21.02,21.4,3322569.0,66954400.0
2018-05-22,21.35,21.5,21.22,21.48,1061196.0,21425586.0
2018-05-23,21.43,21.49,21.04,21.21,1710300.0,34240956.0
2018-05-24,21.18,21.34,21.0,21.13,1312688.0,26133540.0
2018-05-25,20.99,21.19,20.87,21.12,1293337.0,25631812.0
2018-05-28,21.12,21.22,21.03,21.15,1445416.0,28745503.0
2018-05-29,21.05,21.15,20.94,21.04,3248533.0,64374071.0
2018-05-30,20.92,21.09,20.84,20.95,1520400.0,30067964.0
2018-05-31,20.96,21.21,20.96,21.13,1735100.0,34496137.0
2018-06-01,21.19,21.2,20.93,21.16,1790300.0,35619969.0
2018-06-04,21.11,21.18,20.99,21.16,2465849.0,49074562.0
2018-06-05,21.1,21.81,21.07,21.79,3819163.0,76921599.0
2018-06-06,21.82,21.92,21.59,21.85,2923711.0,60066022.0
2018-06-07,21.87,21.87,21.64,21.65,989848.0,20260889.0
2018-06-08,21.66,21.75,21.57,21.66,1222760.0,24960791.0
2018-06-11,21.63,21.83,21.63,21.8,1410400.0,28941283.0
2018-06-12,21.77,21.9,21.73,21.84,1398572.0,28804472.0
2018-06-13,21.8,21.94,21.39,21.59,3083537.0,62617618.0
2018-06-14,21.52,21.84,21.51,21.83,2245148.0,45873321.0
2018-06-15,21.8,21.88,21.69,21.85,1103950.0,22653590.0
2018-06-19,21.77,21.77,19.66,19.66,5678173.0,113604907.0
2018-06-20,17.7,19.06,17.7,18.49,5447375.0,92542136.0
2018-06-21,16.64,16.64,16.64,16.64,1383800.0,21725660.0
2018-06-22,14.98,14.98,14.98,14.98,1012900.0,14312277.0
2018-06-25,13.48,15.48,13.48,14.29,8841317.0,115934754.0
2018-06-26,14.31,14.51,14.26,14.48,3139972.0,42559187.0
2018-06-27,14.49,14.7,14.49,14.65,2868536.0,39625515.0
2018-06-28,14.69,15.32,14.69,15.13,3155072.0,44449773.0
2018-06-29,15.13,15.36,15.09,15.35,4787334.0,68997181.0
2018-07-02,15.32,15.32,14.73,14.97,1239500.0,17461914.0
2018-07-03,15.19,15.19,13.47,13.47,2976707.0,39203750.0
2018-07-04,12.13,13.12,12.13,12.13,8536530.0,98682606.0
2018-07-05,11.25,11.63,10.97,11.25,11240593.0,119205422.0
2018-07-06,11.19,11.46,10.79,11.25,6092231.0,63277977.0
2018-07-09,11.35,11.6,11.25,11.46,4403101.0,46780971.0
2018-07-10,11.45,11.55,11.32,11.52,2746501.0,29107041.0
2018-07-11,11.21,11.36,10.87,11.06,3541071.0,36469258.0
2018-07-12,11.14,11.47,11.03,11.3,2852901.0,29909244.0
2018-07-13,11.43,11.43,11.19,11.35,1994141.0,20983378.0
2018-07-16,11.44,11.87,11.31,11.74,4648369.0,50290731.0
2018-07-17,11.85,12.0,11.63,11.94,3777691.0,41474867.0
2018-07-18,11.93,12.46,11.7,12.29,4553512.0,51727436.0
2018-07-19,12.34,12.71,12.22,12.57,4384104.0,51099766.0
2018-07-20,12.76,12.82,12.5,12.8,3231527.0,38203923.0
2018-07-23,12.95,13.51,12.57,13.0,6737895.0,81954721.0
2018-07-24,13.03,13.66,12.8,13.57,4409022.0,54561546.0
2018-07-25,13.66,13.87,13.38,13.64,4349458.0,55231470.0
2018-07-26,13.64,13.82,13.36,13.72,2434300.0,30662770.0
2018-07-27,13.71,13.78,13.52,13.52,1477355.0,18661954.0
2018-07-30,13.53,13.84,13.45,13.77,1921001.0,24386316.0
2018-07-31,13.59,14.43,13.52,14.23,2392473.0,31368132.0
2018-08-01,14.26,14.51,13.93,13.99,2977931.0,38931667.0
2018-08-02,13.99,14.19,13.24,14.1,3288069.0,41696497.0
2018-08-03,14.21,14.21,13.59,13.67,1894801.0,24375443.0
2018-08-06,13.88,13.88,13.39,13.63,3031206.0,38173293.0
2018-08-07,13.73,13.92,13.56,13.81,1554970.0,19818124.0
2018-08-08,13.99,14.39,13.81,14.37,5338688.0,70336553.0
2018-08-09,14.36,14.62,14.12,14.41,3628872.0,48553079.0
2018-08-10,14.53,14.53,14.18,14.26,2015660.0,26803127.0
2018-08-13,14.26,14.58,14.05,14.49,3597111.0,48252369.0
2018-08-14,14.53,14.55,14.28,14.41,954900.0,12810584.0
2018-08-15,14.4,14.4,14.12,14.24,684021.0,9048380.0
2018-08-16,14.21,14.37,13.98,14.27,1708300.0,22611053.0
2018-08-17,14.27,14.48,14.06,14.23,1485800.0,19624203.0
2018-08-20,14.1,14.21,13.78,13.96,1284800.0,16629466.0
2018-08-21,13.95,14.31,13.83,14.28,1892600.0,24841365.0
2018-08-22,14.28,14.29,14.12,14.21,775100.0,10238685.0
2018-08-23,14.22,14.35,14.15,14.31,1406200.0,18646051.0
2018-08-24,14.31,14.43,14.19,14.34,990800.0,13174642.0
2018-08-27,14.4,14.62,13.99,14.52,2425000.0,32269924.0
2018-08-28,14.54,14.54,14.37,14.39,914200.0,12284537.0
2018-08-29,14.49,14.49,14.24,14.37,699521.0,9318192.0
2018-08-30,14.42,14.46,14.08,14.18,542400.0,7147008.0
2018-08-31,14.19,14.3,14.14,14.2,491512.0,6482150.0
2018-09-03,14.15,14.19,13.84,14.07,868500.0,11288133.0
2018-09-04,13.96,14.48,13.78,14.26,3221900.0,42152565.0
2018-09-05,14.14,14.3,13.92,13.94,1086000.0,14262922.0
2018-09-06,13.78,14.15,13.65,13.96,497619.0,6441204.0
2018-09-07,13.96,14.03,13.4,13.88,2030769.0,25940656.0
2018-09-10,13.88,13.98,13.72,13.81,818900.0,10511875.0
2018-09-11,13.81,13.83,13.56,13.61,1391800.0,17721271.0
2018-09-12,13.95,13.95,13.52,13.52,405300.0,5116853.0
2018-09-13,13.58,13.69,13.25,13.3,759400.0,9475096.0
2018-09-14,13.28,13.72,13.28,13.53,1207000.0,15155025.0
2018-09-17,13.55,13.57,13.37,13.44,617800.0,7697457.0
2018-09-18,13.54,13.54,13.31,13.35,528735.0,6565812.0
2018-09-19,13.48,13.64,13.19,13.34,1124900.0,13948316.0
2018-09-20,13.34,13.41,13.32,13.36,1320100.0,16404758.0
2018-09-21,13.4,13.56,13.32,13.51,1724033.0,21520834.0
2018-09-25,13.45,13.83,13.42,13.67,1839900.0,23287356.0
2018-09-26,13.65,13.79,13.65,13.74,1988000.0,25351474.0
2018-09-27,13.78,13.84,13.69,13.7,1769400.0,22628343.0
2018-09-28,13.72,13.78,13.68,13.71,1176723.0,15012877.0
2018-10-08,13.68,13.68,13.34,13.36,465325.0,5837657.0
2018-10-09,13.5,13.61,13.42,13.46,1137201.0,14247562.0
2018-10-10,13.78,14.05,13.5,13.94,1776473.0,22612608.0
2018-10-11,13.87,13.88,12.97,13.52,2381808.0,30272626.0
2018-10-12,13.67,13.67,13.36,13.67,2347633.0,29477599.0
2018-10-15,13.79,13.82,13.58,13.68,1321654.0,16788888.0
2018-10-16,13.7,13.71,13.49,13.56,574370.0,7256599.0
2018-10-17,13.64,13.7,13.48,13.48,980726.0,12361533.0
2018-10-18,13.51,13.59,12.95,13.08,2486963.0,30784874.0
2018-10-19,13.08,13.08,11.78,11.78,2396100.0,26316940.0
2018-10-22,10.6,12.37,10.6,12.02,3389594.0,35750510.0
2018-10-23,11.63,12.32,11.6,11.89,2910529.0,32254510.0
2018-10-24,11.82,11.91,11.7,11.8,1060300.0,11614305.0
2018-10-25,11.72,11.73,11.35,11.51,1190248.0,12658697.0
2018-10-26,11.65,11.96,11.53,11.8,3230800.0,35293038.0
2018-10-29,11.71,11.9,11.54,11.65,482106.0,5221777.0
2018-10-30,11.81,11.81,11.53,11.66,1520613.0,16480589.0
2018-10-31,11.66,11.86,11.66,11.7,2430593.0,26496454.0
2018-11-01,11.65,11.81,11.58,11.68,2609472.0,28413941.0
2018-11-02,11.71,11.81,11.65,11.76,1714020.0,18657136.0
2018-11-05,11.73,11.87,11.68,11.86,3269758.0,35795818.0
2018-11-06,11.85,11.89,11.7,11.85,3518003.0,38505796.0
2018-11-07,11.9,12.0,11.8,11.85,2078442.0,22964030.0
2018-11-08,11.86,11.96,11.57,11.61,1286317.0,13972819.0
2018-11-09,11.47,11.61,11.47,11.61,930440.0,9973844.0
2018-11-12,11.59,11.85,11.53,11.83,2527990.0,27574397.0
2018-11-13,11.79,12.09,11.69,11.97,1963500.0,21781792.0
