2014-11-04,21.43,21.43,21.43,21.43,40510.0,868129.0
2014-11-05,23.57,23.57,23.57,23.57,5800.0,136706.0
2014-11-06,25.93,25.93,25.93,25.93,20500.0,531565.0
2014-11-07,28.52,28.52,28.52,28.52,21100.0,601772.0
2014-11-10,31.37,31.37,31.37,31.37,38000.0,1192060.0
2014-11-11,34.51,34.51,34.51,34.51,88400.0,3050684.0
2014-11-12,37.96,37.96,37.96,37.96,135600.0,5147376.0
2014-11-13,41.76,41.76,41.76,41.76,92500.0,3862800.0
2014-11-14,45.94,45.94,45.94,45.94,325999.0,14976394.0
2014-11-17,50.53,50.53,47.05,50.53,10937215.0,546586432.0
2014-11-18,49.6,51.12,47.0,47.75,9200492.0,447183552.0
2014-11-19,47.0,48.78,45.5,47.77,5515070.0,260655696.0
2014-11-20,46.71,52.55,46.34,52.55,8629654.0,436517504.0
2014-11-21,52.55,53.98,50.4,50.67,8137323.0,420386048.0
2014-11-24,50.01,51.38,49.48,49.98,4680747.0,234661520.0
2014-11-25,49.7,49.7,46.7,47.56,4961756.0,236957472.0
2014-11-26,47.24,48.3,47.02,48.02,2715633.0,129299920.0
2014-11-27,48.29,48.75,47.39,47.66,2763451.0,133063952.0
2014-11-28,47.38,47.97,46.5,46.94,2658529.0,124674944.0
2014-12-01,46.65,49.39,46.3,48.59,3885953.0,186668896.0
2014-12-02,48.2,51.63,47.82,49.68,4154523.0,208599888.0
2014-12-03,49.6,50.75,47.2,47.86,3269896.0,156902688.0
2014-12-04,48.0,48.4,47.31,47.64,2148206.0,102371160.0
2014-12-05,47.4,47.42,44.0,44.8,3065649.0,140058000.0
2014-12-08,44.32,44.35,43.0,43.24,2352655.0,102114168.0
2014-12-09,43.2,43.95,39.01,39.16,2565569.0,107501264.0
2014-12-10,39.2,40.58,38.16,40.22,1568518.0,62048048.0
2014-12-11,40.0,42.76,39.31,41.91,1933440.0,80326456.0
2014-12-12,41.67,41.99,40.81,41.15,1283137.0,52910184.0
2014-12-15,41.15,41.37,40.52,41.17,939003.0,38511736.0
2014-12-16,41.39,41.39,40.2,40.4,1120451.0,45594936.0
2014-12-17,40.02,40.41,38.58,38.81,1272465.0,50047312.0
2014-12-18,38.75,39.69,38.38,38.39,979016.0,38160864.0
2014-12-19,38.15,38.4,35.61,35.97,2004202.0,73379600.0
2014-12-22,35.98,35.98,32.49,32.58,1798116.0,60161160.0
2014-12-23,32.34,35.35,32.2,34.97,2026129.0,69911160.0
2014-12-24,35.0,38.47,34.97,38.47,3096960.0,114484752.0
2014-12-25,39.5,39.5,36.76,37.8,2841102.0,107574528.0
2014-12-26,37.3,37.8,36.78,37.58,1750752.0,64897080.0
2014-12-29,37.0,37.33,35.79,37.09,1207483.0,44150680.0
2014-12-30,36.5,39.69,36.5,38.18,2230499.0,85551944.0
2014-12-31,37.8,37.8,36.75,37.32,1298519.0,48315740.0
2015-01-05,37.0,37.3,35.33,35.95,1267004.0,45540296.0
2015-01-06,35.4,37.64,35.33,37.08,1421198.0,52268896.0
2015-01-07,36.74,36.74,35.5,35.95,1133509.0,40774748.0
2015-01-08,35.96,36.63,35.61,35.72,881646.0,31870148.0
2015-01-09,35.75,36.47,35.48,35.55,823834.0,29495196.0
2015-01-12,35.9,35.9,33.7,33.83,976019.0,33421814.0
2015-01-13,33.65,35.5,33.52,34.82,825380.0,28609604.0
2015-01-14,34.85,34.85,33.88,34.02,519500.0,17829172.0
2015-01-15,34.1,35.38,33.0,34.35,827256.0,28582058.0
2015-01-16,34.0,35.1,33.8,34.8,818243.0,28381978.0
2015-01-19,34.5,37.7,33.91,35.8,2155875.0,77784480.0
2015-01-20,35.5,39.38,35.24,39.38,3797299.0,144632016.0
2015-01-21,40.48,40.48,38.36,38.82,3019367.0,117643528.0
2015-01-22,38.53,40.88,38.31,40.08,2796805.0,110997832.0
2015-01-23,40.6,40.85,39.45,39.51,2728834.0,109340704.0
2015-01-26,39.5,39.5,38.64,39.01,1237337.0,48130328.0
2015-01-27,39.04,39.95,38.84,39.19,1169821.0,46049876.0
2015-01-28,38.8,39.6,38.0,38.62,1053458.0,41101696.0
2015-01-29,38.3,38.97,38.04,38.15,704721.0,27079908.0
2015-01-30,38.07,38.6,36.9,36.91,911077.0,34125424.0
2015-02-02,36.4,37.18,36.19,36.53,576842.0,21143680.0
2015-02-03,36.5,38.04,36.4,37.89,969965.0,36442040.0
2015-02-04,37.78,37.98,37.32,37.38,532627.0,20039640.0
2015-02-05,37.87,37.88,36.7,36.75,700545.0,26114260.0
2015-02-06,36.88,37.17,35.5,35.53,672366.0,24308776.0
2015-02-09,35.3,35.98,35.02,35.14,336108.0,11869500.0
2015-02-10,35.18,35.74,35.18,35.69,369600.0,13123638.0
2015-02-11,35.79,35.88,35.3,35.69,474617.0,16887948.0
2015-02-12,35.9,36.8,35.7,36.39,497775.0,18061366.0
2015-02-13,36.39,37.25,36.39,36.87,631688.0,23331348.0
2015-02-16,37.3,37.31,36.88,37.1,464393.0,17193764.0
2015-02-17,36.96,37.21,36.7,36.96,486114.0,17938146.0
2015-02-25,37.0,37.09,36.5,36.54,359599.0,13207327.0
2015-02-26,36.43,36.93,36.4,36.88,323232.0,11880758.0
2015-02-27,36.9,37.6,36.88,37.5,743768.0,27797496.0
2015-03-02,37.95,37.95,37.19,37.66,772451.0,28931148.0
2015-03-03,37.5,37.5,36.85,36.86,859913.0,32043808.0
2015-03-04,36.8,37.27,36.72,37.14,632216.0,23430080.0
2015-03-05,37.22,39.99,37.11,39.3,2789803.0,108021936.0
2015-03-06,39.3,39.33,38.16,38.52,1345740.0,52001112.0
2015-03-09,38.48,38.48,37.51,37.92,753417.0,28498392.0
2015-03-10,37.9,39.18,37.69,38.43,1055795.0,40757568.0
2015-03-11,38.38,38.7,37.51,37.67,844118.0,31921766.0
2015-03-12,37.5,37.7,37.01,37.1,741200.0,27614428.0
2015-03-13,37.17,37.85,37.16,37.61,709760.0,26690406.0
2015-03-16,37.99,38.77,37.85,38.76,1305061.0,50168768.0
2015-03-17,38.77,40.09,38.53,39.94,2190219.0,85791616.0
2015-03-18,39.32,40.28,39.32,40.2,1757429.0,70143616.0
2015-03-19,40.28,40.79,39.77,40.76,2005923.0,80752000.0
2015-03-20,40.77,44.19,40.77,42.25,3205109.0,136866160.0
2015-03-23,42.5,42.58,41.6,42.3,2167801.0,90726592.0
2015-03-24,42.42,42.43,40.38,41.46,2003402.0,82716256.0
2015-03-25,41.29,43.43,41.0,43.08,2497587.0,106492456.0
2015-03-26,42.98,43.24,42.0,42.15,1634125.0,69448056.0
2015-03-27,42.45,43.8,42.45,43.56,2230573.0,96375168.0
2015-03-30,43.63,44.43,42.76,43.02,1900767.0,82102840.0
2015-03-31,41.4,41.5,39.8,41.12,3550010.0,144347616.0
2015-04-01,40.8,41.31,40.37,41.3,1995051.0,81692200.0
2015-04-02,41.99,41.99,41.01,41.5,1821576.0,75238384.0
2015-04-03,41.52,42.57,41.2,42.54,2598311.0,108539392.0
2015-04-07,42.78,45.4,42.35,44.68,4345610.0,189875232.0
2015-04-08,44.64,48.68,44.2,48.34,5987818.0,276235072.0
2015-04-09,47.93,53.17,47.51,53.12,7578519.0,382694784.0
2015-04-10,52.5,54.3,50.28,52.86,4858645.0,255304560.0
2015-04-13,53.0,56.98,51.3,55.48,7783747.0,414262912.0
2015-04-14,53.98,54.2,51.4,51.85,4447640.0,233993344.0
2015-04-15,50.2,51.33,48.3,48.7,2678781.0,132539640.0
2015-04-16,48.03,50.96,47.01,50.25,2647399.0,130605856.0
2015-04-17,50.24,51.11,49.5,49.83,1742849.0,87546232.0
2015-04-20,49.83,49.95,46.37,46.41,2413572.0,114936624.0
2015-04-21,46.3,48.35,46.21,48.3,1567343.0,74672008.0
2015-04-22,48.54,52.19,48.03,52.0,2510831.0,127326744.0
2015-04-23,52.48,52.48,50.5,50.75,1903728.0,97393376.0
2015-04-24,49.99,49.99,48.39,49.3,1598450.0,78443872.0
2015-04-27,49.3,51.77,49.3,49.66,1421029.0,71157656.0
2015-04-28,49.72,49.88,47.0,47.84,1284530.0,61957956.0
2015-04-29,47.5,51.1,47.5,50.26,1824763.0,91166744.0
2015-04-30,50.5,51.35,49.66,49.87,1408390.0,71432152.0
2015-05-04,50.0,50.69,49.0,49.35,926666.0,45724512.0
2015-05-05,49.35,50.35,47.09,47.58,977800.0,47654896.0
2015-05-06,47.58,48.84,46.35,46.69,954811.0,45736916.0
2015-05-07,46.79,47.89,46.41,47.0,704951.0,33198548.0
2015-05-08,48.5,49.55,47.8,49.5,1381943.0,67349960.0
2015-05-11,49.52,51.79,49.33,51.64,2127205.0,107814976.0
2015-05-12,51.78,52.28,50.2,51.37,1931755.0,99077256.0
2015-05-13,51.3,56.0,50.7,53.2,2789412.0,149344880.0
2015-05-14,53.46,56.99,52.8,56.85,2860863.0,157419664.0
2015-05-15,56.31,58.4,54.02,55.34,2521320.0,140422464.0
2015-05-18,55.98,60.87,54.55,60.87,3752585.0,219566128.0
2015-05-19,61.56,61.56,57.4,59.43,3187719.0,189181408.0
2015-05-20,59.6,61.6,58.01,58.15,2826323.0,169448896.0
2015-05-21,57.9,59.98,57.1,59.74,1789852.0,104500840.0
2015-05-22,59.88,62.21,57.77,58.61,2518974.0,147719984.0
2015-05-25,58.1,63.22,57.48,61.16,3204324.0,193621024.0
2015-05-26,61.71,67.28,61.71,67.28,4137189.0,270960896.0
2015-05-27,69.96,74.01,67.33,74.0,4672283.0,333211360.0
2015-05-28,76.06,81.28,70.12,70.24,7701367.0,594317120.0
2015-05-29,66.63,72.45,63.24,68.12,3785534.0,257141936.0
2015-06-01,67.23,69.24,64.33,68.64,3446210.0,228587008.0
2015-06-02,68.83,69.21,66.43,68.78,2672121.0,180152752.0
2015-06-03,69.24,72.44,67.83,69.89,2539110.0,178089600.0
2015-06-04,69.46,69.46,62.91,65.39,3272514.0,210300688.0
2015-06-05,65.68,67.22,63.43,66.11,2733377.0,177433136.0
2015-06-08,66.11,66.11,62.91,63.76,1641350.0,104514744.0
2015-06-09,63.52,65.22,62.71,64.06,1425226.0,91115560.0
2015-06-10,64.1,67.13,63.22,65.69,2299547.0,150627136.0
2015-06-11,65.47,69.74,65.12,69.65,2612033.0,175676352.0
2015-06-12,69.74,71.37,67.53,68.32,2149161.0,147168480.0
2015-06-15,67.73,68.31,62.91,63.47,1987791.0,128136064.0
2015-06-16,61.32,67.21,58.22,65.18,3205084.0,204164448.0
2015-06-17,64.51,71.7,63.32,71.7,4117136.0,283961888.0
2015-06-18,74.15,74.15,65.3,66.37,2884803.0,199272608.0
2015-06-19,63.32,65.02,59.73,59.73,1596464.0,98177008.0
2015-06-23,59.65,62.21,54.16,55.12,2989867.0,169806176.0
2015-06-24,56.99,59.98,56.59,59.41,2394701.0,139188160.0
2015-06-25,59.25,59.39,56.2,56.79,1600841.0,92638048.0
2015-06-26,55.09,55.09,51.12,51.12,1721410.0,89152272.0
2015-06-29,51.98,56.21,46.01,56.16,4215620.0,209720752.0
2015-06-30,55.19,59.7,51.17,57.84,3228840.0,179562272.0
2015-07-01,56.19,59.49,54.57,58.58,2939405.0,169387440.0
2015-07-02,57.7,64.22,53.69,63.75,2901966.0,167699712.0
2015-07-03,58.3,63.62,57.38,59.32,2166361.0,128837544.0
2015-07-06,63.72,63.72,53.39,60.71,3196562.0,184516272.0
2015-07-07,56.06,57.7,54.64,54.64,933600.0,51320064.0
2015-07-08,49.18,49.18,49.18,49.18,79400.0,3891394.0
2015-07-09,44.26,54.09,44.26,54.09,3402739.0,170337232.0
2015-07-10,53.88,59.5,52.18,59.5,4280460.0,250276048.0
2015-07-13,59.5,65.21,58.21,63.47,8612808.0,531538784.0
2015-07-14,61.0,62.79,57.12,57.12,5792325.0,343210688.0
2015-07-15,53.68,53.68,51.42,51.42,2893600.0,149627184.0
2015-07-16,47.16,52.18,46.28,48.59,2578107.0,126056208.0
2015-07-17,49.65,52.25,48.6,51.34,1958506.0,98562080.0
2015-07-20,50.97,51.98,49.17,49.8,2250649.0,113144912.0
2015-07-21,49.47,51.48,48.16,51.45,2096584.0,104188408.0
2015-07-22,51.45,52.87,49.66,51.42,2227995.0,114442312.0
2015-07-23,51.47,56.55,51.07,56.55,3652700.0,200792288.0
2015-07-24,57.7,59.61,55.49,57.29,4414802.0,255077872.0
2015-07-27,55.14,56.88,51.56,51.56,1952736.0,106117208.0
2015-07-28,47.16,53.18,46.54,49.17,2055857.0,100624880.0
2015-07-29,50.17,52.18,47.16,51.9,1246714.0,62149780.0
2015-07-30,51.83,52.08,47.96,48.83,1544471.0,78334632.0
2015-07-31,48.0,50.17,47.61,48.24,1042152.0,50407616.0
2015-08-03,47.94,49.62,47.24,49.27,1056941.0,51041588.0
2015-08-04,49.27,52.48,48.65,52.33,1597543.0,80776672.0
2015-08-05,52.98,53.21,50.86,51.38,1780784.0,92797984.0
2015-08-06,50.18,52.38,49.59,50.47,1094850.0,55577128.0
2015-08-07,51.05,52.48,50.57,51.8,1182871.0,60971928.0
2015-08-10,53.03,54.9,51.88,54.22,2181935.0,117062832.0
2015-08-11,52.08,53.67,51.17,52.98,3355091.0,176485024.0
2015-08-12,51.83,52.45,50.67,50.72,1787953.0,91951304.0
2015-08-13,50.17,51.12,48.87,50.99,1311996.0,65558256.0
2015-08-14,50.99,51.68,50.37,50.62,1163861.0,59003972.0
2015-08-17,50.84,50.92,49.55,50.49,924232.0,46225084.0
2015-08-18,50.6,50.94,45.45,45.47,1471585.0,70936352.0
2015-08-19,44.15,46.12,41.79,45.11,1772209.0,78264288.0
2015-08-20,44.0,45.13,41.32,41.53,1709115.0,74244128.0
2015-08-21,41.09,41.09,37.63,37.97,1480809.0,58254992.0
2015-08-24,36.01,36.11,34.18,34.18,1098667.0,37717400.0
2015-08-25,30.91,32.81,30.75,30.75,1263098.0,39190636.0
2015-08-26,31.12,33.22,29.1,32.11,2165252.0,68646312.0
2015-08-27,32.3,33.12,31.24,33.1,1370437.0,44358048.0
2015-08-28,33.21,35.12,33.21,34.97,2202454.0,75601856.0
2015-08-31,34.88,36.24,33.62,34.19,1837344.0,63924416.0
2015-09-01,34.12,36.12,30.77,35.56,2109080.0,70483840.0
2015-09-02,33.81,37.69,33.19,37.24,2005413.0,71638416.0
2015-09-07,36.82,39.11,35.62,38.34,4864367.0,182153408.0
2015-09-08,36.78,38.13,35.14,37.51,3218685.0,117088576.0
2015-09-09,37.14,38.41,36.51,38.17,3544347.0,132920640.0
2015-09-10,37.1,37.96,35.22,35.33,1595039.0,58122020.0
2015-09-11,35.29,35.96,33.74,34.39,1241296.0,43096328.0
2015-09-14,34.68,35.09,30.95,30.95,1163599.0,37770400.0
2015-09-15,29.42,30.95,27.86,27.86,1082096.0,31639034.0
2015-09-16,28.09,30.64,27.86,30.64,1969574.0,56715800.0
2015-09-17,30.28,32.01,29.42,29.51,1929375.0,58697992.0
2015-09-18,29.94,32.46,28.82,32.46,1914661.0,58700380.0
2015-09-21,31.61,35.12,31.22,34.73,2256391.0,74713480.0
2015-09-22,34.67,35.56,34.03,34.11,1972001.0,68193648.0
2015-09-23,33.11,34.01,32.31,33.26,1032400.0,34304104.0
2015-09-24,33.36,35.22,33.36,34.17,1153875.0,39567732.0
2015-09-25,33.7,35.0,32.91,33.62,1759284.0,59871088.0
2015-09-28,33.11,33.89,32.61,33.66,980241.0,32423680.0
2015-09-29,33.11,33.39,32.61,32.73,528250.0,17335124.0
2015-09-30,33.46,34.09,32.62,33.21,604200.0,20062286.0
2015-10-08,34.0,36.53,34.0,36.52,1673124.0,59177004.0
2015-10-09,36.19,37.73,35.65,37.62,1735893.0,63356656.0
2015-10-12,37.43,39.74,36.93,38.67,2321549.0,88928824.0
2015-10-13,37.94,38.43,36.63,38.02,1923209.0,71913248.0
2015-10-14,37.75,37.75,36.02,36.82,1519640.0,55913184.0
2015-10-15,36.56,37.99,36.18,37.87,2091911.0,77660448.0
2015-10-16,37.94,38.71,37.08,38.05,1992900.0,75296560.0
2015-10-19,38.05,39.73,37.84,39.07,2406692.0,92683832.0
2015-10-20,38.88,39.6,38.17,39.25,1924173.0,74569376.0
2015-10-21,39.26,39.67,35.33,35.38,2386347.0,89170256.0
2015-10-22,35.41,37.32,35.3,37.18,1736848.0,63218148.0
2015-10-23,37.17,40.08,37.13,39.56,3100682.0,118707848.0
2015-10-26,39.53,42.02,39.53,41.33,3070631.0,124751224.0
2015-10-27,40.45,42.83,39.74,42.23,2871612.0,118045968.0
2015-10-28,42.6,43.0,41.25,42.05,2259434.0,94386112.0
2015-10-29,42.21,42.95,41.44,42.56,1357519.0,57215408.0
2015-10-30,42.74,46.76,41.46,46.26,2931805.0,131338696.0
2015-11-02,45.34,50.86,44.15,50.46,3707150.0,177695568.0
2015-11-03,49.38,52.18,47.98,48.11,3361263.0,166750112.0
2015-11-04,48.02,49.64,47.28,48.7,3238523.0,156762592.0
2015-11-05,48.37,48.57,46.73,47.37,2415797.0,114425088.0
2015-11-06,47.48,48.67,47.16,47.99,2174715.0,103852688.0
2015-11-09,47.75,49.17,47.41,48.44,2441156.0,117629176.0
2015-11-10,48.44,50.84,47.63,50.7,2360243.0,115238776.0
2015-11-11,51.17,53.13,49.87,52.31,3575067.0,182841952.0
2015-11-12,51.17,54.59,50.36,53.09,3649958.0,191722368.0
2015-11-13,51.99,51.99,48.02,48.27,2683410.0,133698072.0
2015-11-16,46.64,48.85,46.2,48.47,1076647.0,51490856.0
2015-11-17,49.23,49.74,46.86,47.07,1994094.0,96266816.0
2015-11-18,46.97,48.15,46.46,47.24,1211338.0,57149024.0
2015-11-19,47.34,48.67,47.34,48.63,1261468.0,60493472.0
2015-11-20,49.16,49.16,47.61,47.66,2648972.0,126844136.0
2015-11-23,47.74,48.67,47.68,47.95,2452846.0,117907448.0
2015-11-24,47.58,50.67,47.17,50.42,4221101.0,205147280.0
2015-11-25,50.66,51.44,49.14,50.72,3068411.0,153383200.0
2015-11-26,50.67,51.72,49.35,49.44,2940943.0,148447680.0
2015-11-27,49.04,50.37,47.44,48.58,3874749.0,190443568.0
2015-11-30,48.73,52.44,47.61,51.93,3077380.0,153840976.0
2015-12-01,52.13,52.13,49.07,50.72,3175221.0,161479342.0
2015-12-02,50.49,50.6,48.31,49.8,1824790.0,89795088.0
2015-12-03,49.75,51.95,49.38,51.9,2089664.0,106797445.0
2015-12-04,51.33,53.69,51.33,52.19,2602903.0,136100864.0
2015-12-07,52.57,53.16,51.59,52.37,2021198.0,105520413.0
2015-12-08,52.16,52.16,49.97,50.74,1672015.0,84946816.0
2015-12-09,50.83,50.83,48.88,49.12,1318200.0,65301025.0
2015-12-10,48.27,49.39,47.96,48.04,1304598.0,62946184.0
2015-12-11,47.82,48.84,47.82,48.47,726856.0,35047460.0
2015-12-14,48.16,49.55,47.26,49.52,907877.0,43849624.0
2015-12-15,49.56,50.15,49.05,49.08,681935.0,33676324.0
2015-12-16,49.52,50.19,49.16,50.16,1278386.0,63339168.0
2015-12-17,50.15,54.49,50.13,54.13,4469682.0,232950896.0
2015-12-18,53.08,58.18,52.69,56.48,5358609.0,288869760.0
2015-12-21,55.14,56.1,53.18,54.09,3848696.0,208760832.0
2015-12-22,53.88,54.68,53.28,54.2,2183228.0,117900044.0
2015-12-23,54.13,55.99,53.22,55.19,2972369.0,161513968.0
2015-12-24,55.21,55.88,53.98,55.28,2781552.0,152273984.0
2015-12-25,55.39,57.9,54.71,57.43,3675656.0,206464193.0
2015-12-28,57.09,57.64,53.18,54.15,2794814.0,154634161.0
2015-12-29,54.69,58.4,53.88,58.22,2747048.0,152892304.0
2015-12-30,58.22,60.13,56.99,59.22,3541578.0,207935685.0
2015-12-31,58.93,59.9,56.19,58.81,4267331.0,245846621.0
2016-01-04,57.7,58.1,52.93,52.93,1996850.0,107863716.0
2016-01-05,48.16,55.69,47.64,54.69,4341422.0,227194213.0
2016-01-06,54.69,60.01,54.17,59.46,3671564.0,210012460.0
2016-01-07,58.1,58.2,53.51,53.51,970400.0,53256056.0
2016-01-08,56.24,58.58,50.32,55.7,3038446.0,169719067.0
2016-01-11,55.89,59.0,54.19,56.41,4996856.0,286443608.0
2016-01-12,57.2,59.19,55.85,58.26,4647804.0,267263122.0
2016-01-13,57.5,60.13,55.99,58.08,5300281.0,304893407.0
2016-01-14,57.15,59.15,55.15,58.14,4165076.0,240177066.0
2016-01-15,57.38,59.7,55.39,57.12,3576514.0,205239436.0
2016-01-18,56.35,58.15,55.69,57.02,3149657.0,179171550.0
2016-01-19,56.48,61.21,56.29,59.26,4200445.0,246438722.0
2016-01-20,58.4,59.94,56.59,58.25,3773548.0,219044612.0
2016-01-21,57.6,64.08,56.93,64.08,7372713.0,445615660.0
2016-01-22,62.56,63.7,60.16,60.44,5436317.0,334434732.0
2016-01-25,59.58,61.71,58.7,60.69,5384497.0,321609724.0
2016-01-26,60.65,61.19,58.1,59.76,4172071.0,249023083.0
2016-01-27,59.19,59.98,53.78,59.18,5344188.0,297678656.0
2016-01-28,57.2,61.96,54.99,61.22,6006745.0,357591984.0
2016-01-29,61.21,62.01,59.42,59.52,3560855.0,213390172.0
2016-02-01,59.4,59.48,55.19,57.75,2974119.0,171450079.0
2016-02-02,57.7,58.4,57.2,57.7,3180981.0,183304505.0
2016-02-03,56.79,60.81,56.2,59.67,4666731.0,273703310.0
2016-02-04,61.86,61.86,59.1,60.42,3795921.0,227206166.0
2016-02-05,60.42,62.71,58.96,61.85,4291819.0,260323349.0
2016-02-15,61.85,68.03,60.16,67.58,5159570.0,317691936.0
2016-02-16,67.93,67.93,63.5,63.59,6858538.0,448711509.0
2016-02-17,60.85,63.22,59.65,62.1,7767651.0,476570806.0
2016-02-18,62.01,63.81,60.27,62.48,7175483.0,443083814.0
2016-02-19,61.3,64.72,60.92,62.68,4818263.0,302224120.0
2016-02-22,62.45,63.72,62.21,62.74,4757476.0,297996275.0
2016-02-23,63.1,63.1,60.2,61.69,4990237.0,304533643.0
2016-02-24,61.21,62.41,58.71,61.68,3050020.0,184821101.0
2016-02-25,60.62,61.81,55.51,57.16,3803630.0,224916631.0
2016-02-26,57.2,58.7,55.57,58.37,3815921.0,218116529.0
2016-02-29,58.01,58.8,52.53,58.61,3702618.0,213305580.0
2016-03-01,58.2,58.61,56.19,57.74,2526727.0,145017667.0
2016-03-02,57.56,58.57,55.67,58.03,5867576.0,332006708.0
2016-03-03,56.96,57.58,53.31,53.82,4782825.0,266680876.0
2016-03-04,52.25,52.25,48.45,48.45,4560242.0,225829530.0
2016-03-07,46.16,49.17,46.16,47.49,2796651.0,133775842.0
2016-03-08,47.24,49.08,42.95,47.44,3832220.0,176127361.0
2016-03-09,45.84,46.61,43.35,44.69,3684706.0,164119728.0
2016-03-10,44.65,45.45,43.98,45.2,2920861.0,130605812.0
2016-03-11,45.66,46.96,41.47,46.13,3842271.0,171677080.0
2016-03-14,46.1,47.96,45.55,47.0,3573948.0,166747973.0
2016-03-15,46.76,47.36,45.35,46.74,2632935.0,122267801.0
2016-03-16,46.88,47.09,45.41,46.05,1827452.0,83997197.0
2016-03-17,45.67,46.99,45.67,46.51,2763695.0,127922598.0
2016-03-18,46.45,49.66,46.26,49.03,3898726.0,187086685.0
2016-03-21,49.18,51.16,48.4,50.0,3992975.0,197709105.0
2016-03-22,49.37,49.97,48.55,48.6,2020630.0,98759233.0
2016-03-23,48.67,49.07,47.67,48.23,3742802.0,180056087.0
2016-03-24,47.77,48.17,46.87,47.91,2622255.0,124277304.0
2016-03-25,48.67,48.97,47.38,48.38,2460986.0,118080699.0
2016-03-28,48.27,50.47,48.1,49.22,4173242.0,203275623.0
2016-03-29,48.77,50.07,48.23,49.47,3624232.0,177592554.0
2016-03-30,49.37,51.9,49.18,51.56,4782905.0,240291448.0
2016-03-31,51.23,51.23,49.17,49.75,3865068.0,192662837.0
2016-04-01,49.67,51.07,49.38,50.96,4050235.0,203828824.0
2016-04-05,51.07,53.18,49.96,52.98,3986841.0,204214978.0
2016-04-06,52.68,55.05,51.69,54.93,4173709.0,223670498.0
2016-04-07,54.65,55.77,53.18,53.66,3444767.0,186274963.0
2016-04-08,54.17,54.19,52.18,52.77,2347391.0,123480608.0
2016-04-11,53.18,54.41,51.98,53.94,4616008.0,243884035.0
2016-04-12,53.33,55.74,52.7,55.1,3774156.0,204676708.0
2016-04-13,55.14,55.64,54.57,55.36,3813160.0,209677248.0
2016-04-14,56.19,56.79,53.38,53.82,5435400.0,296247973.0
2016-04-15,54.78,58.75,53.79,57.98,8738681.0,487360478.0
2016-04-18,59.2,63.77,57.2,63.56,8511147.0,510522589.0
2016-04-19,63.22,63.22,59.28,60.17,6652840.0,401651399.0
2016-04-20,59.21,61.7,58.28,59.28,6003730.0,359106269.0
2016-04-21,59.3,60.2,58.6,59.61,4442079.0,263609322.0
2016-04-22,58.21,60.09,58.19,59.13,1849476.0,109363915.0
2016-04-25,59.16,60.71,58.95,59.66,3390732.0,201343494.0
2016-04-26,58.74,65.22,58.74,65.05,4551658.0,282026953.0
2016-04-27,64.01,64.01,59.5,60.89,4125530.0,254747865.0
2016-04-28,57.2,66.89,56.85,58.0,4667906.0,273252981.0
2016-04-29,57.69,60.22,55.75,60.12,4456042.0,258253242.0
2016-05-03,61.51,63.23,59.53,62.47,3378322.0,207382223.0
2016-05-04,63.87,63.87,60.32,60.74,3140194.0,192037087.0
2016-05-05,60.9,62.49,60.2,60.63,2455325.0,149909035.0
2016-05-06,60.98,62.18,60.03,60.56,3478823.0,211185498.0
2016-05-09,59.21,61.76,58.76,61.47,2946079.0,177978209.0
2016-05-10,61.26,61.56,59.99,60.84,2423577.0,147204228.0
2016-05-11,60.66,61.4,60.31,60.76,1832719.0,110966804.0
2016-05-12,60.21,60.54,54.69,54.69,1885200.0,106357995.0
2016-05-13,49.22,49.22,49.22,49.22,513600.0,25192080.0
2016-05-16,44.3,53.18,44.3,50.14,7321139.0,340343093.0
2016-05-17,48.12,49.82,47.16,48.97,3951823.0,191565387.0
2016-05-18,48.67,49.07,46.44,46.95,3562352.0,170523379.0
2016-05-19,46.66,51.17,45.84,46.99,2748330.0,129792268.0
2016-05-20,46.76,47.66,45.91,46.61,2137904.0,99010488.0
2016-05-23,46.61,47.01,46.36,46.71,2221985.0,103374656.0
2016-05-24,47.06,47.46,46.16,46.74,2563303.0,119733476.0
2016-05-25,46.91,48.38,46.54,47.47,3966486.0,187188032.0
2016-05-26,47.44,47.74,45.34,47.43,2815805.0,131289134.0
2016-05-27,47.01,47.54,46.5,46.69,1871258.0,87828497.0
2016-05-30,46.26,47.36,45.72,47.01,1792210.0,83555045.0
2016-05-31,47.16,49.34,47.16,48.84,2908230.0,140300857.0
2016-06-01,48.84,50.17,48.57,48.98,2914654.0,143559140.0
2016-06-02,49.0,49.67,47.97,49.46,3141490.0,152367053.0
2016-06-03,49.17,52.56,48.99,52.01,4932675.0,250287282.0
2016-06-06,52.18,53.08,51.27,52.34,3650915.0,190172520.0
2016-06-07,51.93,56.69,51.19,54.48,5086159.0,268499587.0
2016-06-08,53.9,55.55,53.03,54.26,3175130.0,170356115.0
2016-06-13,54.2,54.2,48.83,48.83,4610988.0,233049824.0
2016-06-14,47.72,50.03,47.39,49.49,2404523.0,116965430.0
2016-06-15,49.12,51.31,48.52,50.51,2677710.0,134481319.0
2016-06-16,50.38,50.83,49.83,50.72,2082060.0,104277513.0
2016-06-17,50.73,52.24,50.48,51.65,3066492.0,157161744.0
2016-06-20,51.49,52.74,50.33,52.1,2995673.0,154143140.0
2016-06-21,51.84,54.86,51.84,53.01,4541112.0,242715190.0
2016-06-22,52.49,53.43,51.17,53.34,3349562.0,173856290.0
2016-06-23,52.54,53.03,51.22,51.63,2759060.0,142117109.0
2016-06-24,51.67,52.37,47.31,51.28,2527803.0,127452956.0
2016-06-27,50.46,52.42,50.45,52.21,1922245.0,98807278.0
2016-06-28,51.93,53.01,51.46,52.78,2065673.0,107846574.0
2016-06-29,53.05,53.05,51.98,52.7,1956564.0,102033155.0
2016-06-30,52.61,53.02,52.09,52.34,1713571.0,89246897.0
2016-07-01,52.84,53.73,52.44,53.32,2732287.0,144622220.0
2016-07-04,52.55,54.78,52.15,54.32,3129477.0,167709406.0
2016-07-05,54.34,57.37,54.16,56.36,5068950.0,281419316.0
2016-07-06,55.77,57.12,55.25,56.76,3528878.0,197002265.0
2016-07-07,56.75,57.23,55.92,56.24,2658747.0,149079995.0
2016-07-08,56.39,59.64,56.39,57.44,3965220.0,229796262.0
2016-07-11,56.83,57.76,54.81,55.01,3294703.0,183028105.0
2016-07-12,54.98,56.35,53.49,55.81,2100128.0,114814459.0
2016-07-13,56.77,58.25,56.13,56.95,2826819.0,160784509.0
2016-07-14,56.61,57.27,56.12,56.84,1768513.0,99272233.0
2016-07-15,56.83,57.09,56.27,56.29,1182401.0,66546609.0
2016-07-18,55.28,56.64,54.67,55.73,1313203.0,72303901.0
2016-07-19,55.17,55.62,54.96,55.48,955501.0,52535548.0
2016-07-20,55.56,57.14,55.47,56.43,1897231.0,106582140.0
2016-07-21,55.36,57.28,55.36,55.7,1426612.0,79311566.0
2016-07-22,55.4,56.31,54.46,54.59,1350317.0,74402185.0
2016-07-25,53.95,54.58,53.36,53.5,1222630.0,65360267.0
2016-07-26,53.5,54.42,53.5,54.16,979844.0,52617117.0
2016-07-27,54.36,54.46,50.33,50.51,1950728.0,101190290.0
2016-07-28,50.6,51.19,48.4,49.62,1443801.0,71237130.0
2016-07-29,49.42,50.13,48.92,49.31,879825.0,43076668.0
2016-08-01,49.0,49.1,46.75,48.33,961579.0,45561418.0
2016-08-02,47.76,48.78,47.76,48.77,656576.0,31663599.0
2016-08-03,48.8,49.2,48.53,48.98,861600.0,41813936.0
2016-08-04,48.87,49.27,48.45,49.18,766101.0,37236663.0
2016-08-05,49.22,49.22,48.53,48.73,679300.0,32993583.0
2016-08-08,48.44,49.51,48.33,49.45,786631.0,38457706.0
2016-08-09,49.26,50.02,49.26,49.91,865038.0,42690076.0
2016-08-10,49.82,51.33,49.82,50.49,1232149.0,61927359.0
2016-08-11,50.41,50.59,48.88,49.05,1055300.0,52151388.0
2016-08-12,49.02,49.8,48.33,49.67,847967.0,41455163.0
2016-08-15,50.02,50.88,49.6,50.58,1497615.0,75101301.0
2016-08-16,50.59,51.8,50.59,51.34,1203530.0,61318799.0
2016-08-17,51.35,52.54,50.88,52.5,1728019.0,88811462.0
2016-08-18,52.65,53.12,51.57,51.8,1259360.0,65479802.0
2016-08-19,51.39,52.17,51.39,51.6,803752.0,41284910.0
2016-08-22,50.83,50.87,49.4,49.42,2044204.0,101407690.0
2016-08-23,49.52,49.81,48.94,49.62,1086053.0,53429989.0
2016-08-24,49.44,50.42,49.44,50.35,1045881.0,52028473.0
2016-08-25,50.0,50.33,49.42,50.28,1062398.0,52641710.0
2016-08-26,50.25,55.31,50.25,55.31,4629448.0,251802634.0
2016-08-29,56.47,60.85,55.98,60.85,9113477.0,533498330.0
2016-08-30,61.4,61.7,58.01,59.16,4564932.0,268827334.0
2016-08-31,59.57,65.08,58.1,65.08,9373652.0,578576587.0
2016-09-01,63.29,71.59,63.06,71.59,5453413.0,369548607.0
2016-09-02,72.47,78.69,68.18,74.89,5283970.0,392782074.0
2016-09-05,72.47,82.38,72.17,82.19,6827966.0,533624798.0
2016-09-06,79.94,82.19,73.97,73.97,13351736.0,993110863.0
2016-09-07,71.57,72.47,67.9,68.73,11886700.0,814685655.0
2016-09-08,67.09,67.89,65.93,67.06,7569014.0,503339327.0
2016-09-09,67.21,67.84,65.68,65.8,5678496.0,376475589.0
2016-09-12,63.41,64.82,62.89,64.33,4244165.0,269915728.0
2016-09-13,64.52,65.23,63.6,64.54,4110137.0,262683498.0
2016-09-14,63.81,64.3,62.28,62.6,3792534.0,238572595.0
2016-09-19,63.86,64.3,62.91,63.81,3202970.0,202741454.0
2016-09-20,63.93,67.94,63.44,66.66,8245357.0,542934687.0
2016-09-21,65.81,65.83,63.21,63.35,5207748.0,333124350.0
2016-09-22,63.4,63.82,61.95,62.78,4556583.0,283993659.0
2016-09-23,62.49,63.92,62.07,63.31,3868319.0,242033349.0
2016-09-26,62.54,63.26,58.65,58.93,3912395.0,236720482.0
2016-09-27,58.58,59.69,58.28,59.6,2467727.0,144693272.0
2016-09-28,59.08,60.17,58.81,59.07,1989055.0,117209961.0
2016-09-29,59.09,59.54,58.74,58.87,1676564.0,98518306.0
2016-09-30,58.62,59.34,57.98,58.07,1764320.0,102798362.0
2016-10-10,58.28,60.73,58.28,60.34,2851049.0,169898370.0
2016-10-11,60.2,60.64,59.56,60.35,2344606.0,140173702.0
2016-10-12,62.73,65.31,62.51,62.57,7148037.0,451875067.0
2016-10-13,61.4,68.64,60.99,67.32,7394211.0,472287213.0
2016-10-14,65.95,69.44,65.13,66.38,6910328.0,461710829.0
2016-10-17,65.43,67.07,63.41,63.64,4953885.0,319810266.0
2016-10-18,63.23,64.64,62.63,64.58,3308620.0,210086847.0
2016-10-19,64.04,65.8,63.29,63.87,3358090.0,214966920.0
2016-10-20,63.88,65.45,62.76,65.43,4490682.0,286801972.0
2016-10-21,65.32,68.24,65.02,66.69,7333474.0,488862260.0
2016-10-24,65.43,66.23,63.78,65.87,4048013.0,261966451.0
2016-10-25,65.83,65.83,64.22,64.47,3191842.0,205126178.0
2016-10-26,64.52,64.52,62.91,62.91,2775700.0,174526291.0
2016-10-27,62.91,64.38,61.6,63.35,2462228.0,155014321.0
2016-10-28,63.26,64.52,62.74,64.1,3678332.0,233018882.0
2016-10-31,63.31,63.92,62.01,62.42,2315310.0,143931516.0
2016-11-01,62.3,64.92,62.04,64.35,3426109.0,217105704.0
2016-11-02,64.92,66.94,64.36,64.71,5113700.0,334517324.0
2016-11-03,63.5,66.05,62.51,64.83,3970285.0,253118695.0
2016-11-04,64.22,66.03,64.22,64.64,2987368.0,193219873.0
2016-11-07,64.7,69.13,64.69,67.38,6352546.0,423026996.0
2016-11-08,67.24,67.24,65.63,66.66,3690465.0,242955315.0
2016-11-09,66.29,66.55,63.42,64.86,3430075.0,221701098.0
2016-11-10,65.43,66.73,65.06,66.57,3563339.0,233506615.0
2016-11-11,66.24,67.94,65.51,67.43,4358500.0,289283937.0
2016-11-14,67.43,68.21,66.5,67.54,3272139.0,218558807.0
2016-11-15,67.35,70.89,66.97,70.47,6268358.0,430041760.0
2016-11-16,70.11,72.24,68.95,69.38,4197359.0,292558152.0
2016-11-17,69.38,72.47,68.8,71.71,4457079.0,314543982.0
2016-11-18,71.47,77.09,70.82,76.5,5477758.0,406832461.0
2016-11-21,76.51,80.33,74.69,76.38,4830177.0,370536101.0
2016-11-22,74.99,83.93,74.94,83.79,6509623.0,517492906.0
2016-11-23,81.61,83.89,79.32,80.42,4151224.0,335670416.0
2016-11-24,79.42,82.69,76.3,76.61,3944138.0,307064817.0
2016-11-25,76.58,79.11,74.54,77.23,2782421.0,212221406.0
2016-11-28,75.77,77.68,73.93,74.25,2214362.0,165995567.0
2016-11-29,74.19,74.75,71.47,71.84,1964860.0,142868012.0
2016-11-30,71.62,73.47,71.62,72.48,1360959.0,98419364.0
2016-12-01,72.47,75.95,71.95,75.13,1752810.0,129789467.0
2016-12-02,75.13,75.13,71.57,71.59,1708425.0,123583960.0
2016-12-05,71.11,72.35,69.86,70.14,890300.0,62578627.0
2016-12-06,70.51,72.45,70.51,71.42,1027289.0,73401700.0
2016-12-07,70.82,73.13,70.82,72.32,1001062.0,72047135.0
2016-12-08,71.89,72.94,71.27,71.46,739800.0,52963802.0
2016-12-09,71.46,73.43,70.97,73.38,1446189.0,104353303.0
2016-12-12,73.38,74.48,71.13,71.18,1423264.0,102744232.0
2016-12-13,71.16,71.74,65.52,69.02,1121964.0,76590784.0
2016-12-14,68.75,69.44,65.98,66.15,1022427.0,68567711.0
2016-12-15,65.51,68.02,65.51,67.09,693800.0,46376960.0
2016-12-16,67.09,69.64,66.44,69.28,878000.0,59798993.0
2016-12-19,69.07,72.68,69.07,71.22,1175455.0,83558793.0
2016-12-20,71.17,72.39,69.94,70.9,713440.0,50179032.0
2016-12-21,71.41,74.22,71.41,72.44,1072555.0,77830962.0
2016-12-22,71.62,73.36,71.47,72.55,630296.0,45274454.0
2016-12-23,72.47,72.47,70.14,70.44,739851.0,52072158.0
2016-12-26,69.96,72.71,69.96,71.02,485200.0,34335238.0
2016-12-27,71.9,72.47,70.37,70.51,621936.0,43821827.0
2016-12-28,71.37,71.47,69.18,69.25,496828.0,34633761.0
2016-12-29,68.75,70.26,68.46,68.72,505018.0,34815693.0
2016-12-30,69.44,69.64,68.31,68.4,382500.0,26143118.0
2017-01-03,68.54,71.77,68.54,71.63,903781.0,63312967.0
2017-01-04,71.97,78.8,71.97,78.8,3038790.0,229285372.0
2017-01-05,79.51,82.54,77.81,78.2,3889841.0,310433633.0
2017-01-06,77.23,80.43,76.18,76.24,2782880.0,217005380.0
2017-01-09,76.73,82.54,76.73,81.34,3195080.0,256833528.0
2017-01-10,80.52,82.26,79.82,81.5,2568272.0,207148711.0
2017-01-11,81.0,83.53,78.51,82.17,2407476.0,194934221.0
2017-01-12,81.53,87.38,81.0,84.78,3419218.0,290416209.0
2017-01-13,87.57,87.57,81.33,81.83,2152676.0,181091290.0
2017-01-16,81.34,84.24,73.64,80.79,2256071.0,177524726.0
2017-01-17,72.71,75.49,72.71,72.71,2692200.0,194695735.0
2017-01-18,69.79,72.05,67.34,68.5,2004741.0,138194617.0
2017-01-19,68.0,72.2,67.97,70.37,1171751.0,81729081.0
2017-01-20,70.6,71.17,68.45,70.46,906603.0,63252380.0
2017-01-23,70.46,71.47,70.24,70.67,608301.0,42870179.0
2017-01-24,71.21,71.21,70.17,70.34,482200.0,33877963.0
2017-01-25,70.4,70.95,70.31,70.53,519221.0,36387501.0
2017-01-26,70.53,70.91,69.98,70.77,382865.0,26848621.0
2017-02-03,71.23,71.23,68.6,70.15,362276.0,25192132.0
2017-02-06,70.14,70.78,69.96,70.5,442262.0,30903726.0
2017-02-07,70.5,70.56,69.14,69.55,559900.0,38754138.0
2017-02-08,69.61,71.15,69.61,71.06,774168.0,54358965.0
2017-02-09,70.53,71.43,70.51,71.12,592802.0,41817039.0
2017-02-10,70.84,71.47,70.73,70.8,479500.0,33836803.0
2017-02-13,70.97,77.11,70.97,75.64,1605826.0,118498709.0
2017-02-14,75.09,76.45,73.78,75.89,1136571.0,84843677.0
2017-02-15,75.9,75.9,73.78,73.84,926473.0,68811434.0
2017-02-16,73.95,75.13,73.52,74.09,473692.0,34906933.0
2017-02-17,73.58,74.02,71.08,71.54,739000.0,53146357.0
2017-02-20,71.48,72.36,70.95,72.26,405450.0,28823947.0
2017-02-21,72.31,74.41,71.75,73.53,660450.0,48323364.0
2017-02-22,73.58,75.5,73.58,74.26,738336.0,54783948.0
2017-02-23,74.27,74.99,72.48,73.47,601916.0,43769946.0
2017-02-24,73.38,74.36,73.16,73.34,382500.0,27909843.0
2017-02-27,73.17,74.94,73.17,73.63,601262.0,44226931.0
2017-02-28,73.63,74.17,73.33,74.08,463788.0,34000014.0
2017-03-01,74.08,74.44,73.67,73.98,447769.0,32930235.0
2017-03-02,73.73,74.49,72.8,72.85,434800.0,31764894.0
2017-03-03,72.85,73.26,71.06,71.76,530668.0,37770170.0
2017-03-06,72.02,73.33,71.48,73.07,476568.0,34427614.0
2017-03-07,73.09,74.37,73.09,73.46,413912.0,30282630.0
2017-03-08,73.49,73.93,72.47,72.79,386000.0,27879917.0
2017-03-09,72.76,72.76,71.45,71.52,473408.0,33750257.0
2017-03-10,71.52,72.87,71.52,72.21,416835.0,29873554.0
2017-03-13,72.17,72.78,71.0,72.64,442401.0,31627627.0
2017-03-14,72.64,73.46,72.47,72.72,444722.0,32198683.0
2017-03-15,72.48,73.28,72.07,72.53,373121.0,26960818.0
2017-03-16,72.85,73.85,72.58,73.77,612117.0,44452688.0
2017-03-17,73.88,76.59,73.86,74.68,1591455.0,119272195.0
2017-03-20,75.09,75.23,73.94,74.78,575446.0,42617684.0
2017-03-21,74.78,75.18,73.98,74.24,519644.0,38433618.0
2017-03-22,73.86,74.16,72.58,73.16,548100.0,39817751.0
2017-03-23,73.08,73.86,71.65,72.58,507100.0,36678724.0
2017-03-24,72.58,73.28,72.05,72.76,310787.0,22378956.0
2017-03-27,73.14,73.14,72.12,72.5,272739.0,19642536.0
2017-03-28,72.8,72.8,71.65,72.26,297600.0,21412334.0
2017-03-29,72.84,72.84,70.06,70.15,690590.0,48762537.0
2017-03-30,70.12,70.36,67.54,69.31,607257.0,41747802.0
2017-03-31,68.95,70.65,68.41,69.5,363743.0,25143931.0
2017-04-05,69.5,71.42,69.48,71.29,350390.0,24597364.0
2017-04-06,71.27,72.0,71.11,71.36,303500.0,21597063.0
2017-04-07,71.56,71.89,70.79,71.13,319023.0,22604614.0
2017-04-10,71.11,72.15,69.97,70.22,480903.0,33813907.0
2017-04-11,69.45,70.08,67.44,69.95,524901.0,36114314.0
2017-04-12,69.65,70.21,68.67,68.92,322600.0,22195936.0
2017-04-13,68.45,69.21,67.97,68.61,222600.0,15213165.0
2017-04-14,69.62,69.62,67.74,67.92,358256.0,24197927.0
2017-04-17,68.2,68.2,62.52,65.54,433309.0,28186412.0
2017-04-18,65.9,66.32,64.72,64.89,218000.0,14213833.0
2017-04-19,65.43,65.43,61.47,62.75,441529.0,27678120.0
2017-04-20,62.99,63.89,62.23,62.81,242500.0,15134448.0
2017-04-21,62.23,63.41,62.21,62.81,120373.0,7514564.0
2017-04-24,62.81,63.69,62.02,62.29,181800.0,11316555.0
2017-04-25,62.71,62.81,62.29,62.56,196504.0,12199474.0
2017-04-26,62.74,63.41,62.32,63.1,182000.0,11385866.0
2017-04-27,62.85,63.41,61.7,63.09,343301.0,21362837.0
2017-04-28,63.21,63.51,62.56,63.48,135100.0,8480823.0
2017-05-02,63.91,63.91,62.77,63.45,198900.0,12542523.0
2017-05-03,63.45,63.65,63.09,63.12,171400.0,10775067.0
2017-05-04,62.48,63.82,62.48,63.15,228000.0,14353825.0
2017-05-05,63.15,63.21,61.42,62.54,264450.0,16489934.0
2017-05-08,62.45,62.61,61.58,61.64,139110.0,8554302.0
2017-05-09,61.53,62.91,59.45,62.3,243866.0,14955964.0
2017-05-10,62.3,63.26,61.55,61.79,125800.0,7783309.0
2017-05-11,62.41,62.41,60.45,61.6,130200.0,7950002.0
2017-05-12,62.11,65.13,60.9,65.03,575494.0,36307055.0
2017-05-15,65.03,66.42,64.42,64.94,240599.0,15503320.0
2017-05-16,65.59,65.59,64.5,65.42,186800.0,12072572.0
2017-05-17,65.09,66.23,65.09,65.55,184958.0,12018738.0
2017-05-18,65.54,65.92,64.02,65.49,302360.0,19557161.0
2017-05-19,64.89,65.48,64.71,65.33,175510.0,11369347.0
2017-05-22,65.73,65.73,64.92,65.21,122910.0,7977759.0
2017-05-23,65.21,65.75,63.29,63.31,202100.0,12992599.0
2017-05-24,62.73,63.41,61.91,62.92,159940.0,9929864.0
2017-05-25,63.12,63.62,61.61,63.41,141438.0,8804609.0
2017-05-26,63.41,63.92,62.61,63.06,111337.0,6996754.0
2017-05-31,63.66,64.15,62.21,62.31,144023.0,8989118.0
2017-06-01,62.22,62.71,59.39,60.31,144900.0,8854994.0
2017-06-02,60.41,62.41,58.99,60.06,258700.0,15465419.0
2017-06-05,59.89,60.98,59.39,60.38,219033.0,13062736.0
2017-06-06,60.09,60.38,59.52,60.09,159834.0,9508871.0
2017-06-07,60.6,62.44,60.04,62.04,270929.0,16507984.0
2017-06-08,62.23,65.58,61.62,63.96,407246.0,25764238.0
2017-06-09,63.97,65.46,63.08,64.03,173873.0,11065821.0
2017-06-12,63.26,64.15,62.56,63.55,136726.0,8573574.0
2017-06-13,63.5,64.55,63.07,64.04,178637.0,11303898.0
2017-06-14,64.07,64.5,63.55,64.28,131500.0,8360206.0
2017-06-15,64.57,65.43,63.87,65.41,221156.0,14184559.0
2017-06-16,65.56,65.57,64.57,65.27,185936.0,12006353.0
2017-06-19,65.78,65.78,64.69,65.37,108600.0,7026746.0
2017-06-20,65.48,65.56,64.88,65.49,196800.0,12730084.0
2017-06-21,65.47,65.58,65.04,65.2,95700.0,6188318.0
2017-06-22,65.2,65.33,63.14,64.06,201400.0,12862741.0
2017-06-23,64.09,64.09,62.66,63.37,95323.0,5971502.0
2017-06-26,63.95,64.0,62.68,63.32,113200.0,7095301.0
2017-06-27,63.76,63.8,62.76,63.32,140900.0,8821908.0
2017-06-28,63.64,63.64,62.86,62.95,89800.0,5606238.0
2017-06-29,63.25,63.4,62.76,62.92,84100.0,5251516.0
2017-06-30,63.1,63.1,62.58,62.92,103300.0,6427462.0
2017-07-03,63.16,63.16,62.69,62.95,98400.0,6138466.0
2017-07-04,63.06,63.06,62.25,62.27,141800.0,8794763.0
2017-07-05,62.56,62.76,62.19,62.57,110781.0,6856090.0
2017-07-06,62.64,63.05,62.56,62.93,161600.0,10044638.0
2017-07-07,62.93,64.45,62.66,63.75,207196.0,13108289.0
2017-07-10,63.76,64.07,62.08,62.8,218873.0,13626806.0
2017-07-11,62.33,63.09,62.21,62.35,97100.0,6009696.0
2017-07-12,62.84,62.84,61.17,61.84,109633.0,6705960.0
2017-07-13,61.8,62.1,60.65,62.03,86300.0,5237145.0
2017-07-14,62.02,62.02,60.78,61.68,137800.0,8343819.0
2017-07-17,61.68,61.91,59.05,59.16,154200.0,9111172.0
2017-07-18,58.52,59.52,58.52,59.32,73800.0,4312883.0
2017-07-19,59.32,59.51,58.66,59.34,66700.0,3917434.0
2017-07-20,59.81,62.85,59.24,61.53,277523.0,16704628.0
2017-07-21,62.11,64.28,60.91,63.17,386694.0,23960769.0
2017-07-24,63.06,63.07,62.07,62.44,152774.0,9443216.0
2017-07-25,63.06,63.06,61.55,62.51,146100.0,8992137.0
2017-07-26,62.47,62.47,61.24,61.54,80450.0,4907856.0
2017-07-27,61.07,62.54,60.68,62.16,102752.0,6307211.0
2017-07-28,63.04,63.04,62.06,62.35,77500.0,4800315.0
2017-07-31,62.45,62.56,61.65,61.87,121600.0,7474811.0
2017-08-01,61.87,62.12,60.99,61.23,111200.0,6756162.0
2017-08-02,61.51,62.41,60.84,61.47,90700.0,5516145.0
2017-08-03,62.38,62.38,61.3,61.78,95600.0,5835567.0
2017-08-04,61.3,62.86,61.3,62.38,173200.0,10608206.0
2017-08-07,61.62,62.12,61.62,61.95,98700.0,6044741.0
2017-08-08,62.05,62.54,61.67,62.45,81400.0,5004487.0
2017-08-09,62.08,62.41,61.24,62.01,89301.0,5491628.0
2017-08-10,62.45,62.45,61.14,61.39,129800.0,7936247.0
2017-08-11,61.41,62.01,60.82,61.01,74500.0,4516404.0
2017-08-14,61.23,62.01,60.86,61.74,96199.0,5879120.0
2017-08-15,62.15,62.54,61.95,62.41,150123.0,9266008.0
2017-08-16,62.96,64.98,62.45,64.32,377673.0,24037554.0
2017-08-17,64.0,67.4,64.0,66.92,565636.0,37297748.0
2017-08-18,68.54,68.54,66.46,67.24,291100.0,19375673.0
2017-08-21,66.97,68.06,66.39,67.95,275835.0,18544191.0
2017-08-22,68.26,73.64,67.81,72.56,578225.0,40863257.0
2017-08-23,73.64,74.16,72.21,72.34,562924.0,40852909.0
2017-08-24,71.69,72.87,71.14,71.91,304101.0,21596084.0
2017-08-25,72.65,73.03,71.85,72.39,142900.0,10264994.0
2017-08-28,72.41,73.6,71.84,72.15,170400.0,12267673.0
2017-08-30,73.57,75.67,71.86,72.31,385200.0,28124435.0
2017-08-31,71.67,73.66,71.56,73.1,349056.0,25116426.0
2017-09-01,73.74,73.74,71.86,72.22,150001.0,10785950.0
2017-09-04,72.31,73.53,71.84,71.9,105600.0,7553351.0
2017-09-05,71.64,72.25,70.64,71.85,216456.0,15372284.0
2017-09-06,71.59,71.85,70.14,71.27,290863.0,20428496.0
2017-09-07,70.63,72.59,69.2,71.17,336144.0,23582702.0
2017-09-08,70.46,72.12,70.43,71.7,159700.0,11301152.0
2017-09-11,72.12,72.61,71.64,71.91,126100.0,9021909.0
2017-09-12,72.31,72.65,71.33,72.06,208200.0,14903501.0
2017-09-13,71.21,72.24,71.21,72.05,90200.0,6396549.0
2017-09-14,72.42,72.56,71.33,72.1,128450.0,9172423.0
2017-09-15,72.55,72.55,71.44,71.81,86200.0,6140558.0
2017-09-18,72.65,72.65,70.77,72.11,71700.0,5109857.0
2017-09-19,72.34,72.34,71.44,71.87,51650.0,3669199.0
2017-09-20,71.6,71.87,70.73,71.39,140700.0,9912329.0
2017-09-21,71.49,72.1,70.53,71.41,105762.0,7476533.0
2017-09-22,71.79,72.41,71.08,71.34,119500.0,8458327.0
2017-09-25,71.33,71.52,70.78,71.31,52200.0,3679629.0
2017-09-26,70.83,74.11,70.83,73.05,228700.0,16566117.0
2017-09-27,71.84,73.35,71.68,72.93,122250.0,8821512.0
2017-09-28,72.39,73.32,72.39,72.73,92807.0,6706807.0
2017-09-29,73.86,74.06,72.8,73.3,144107.0,10458020.0
2017-10-09,73.3,74.39,72.14,72.32,198924.0,14374471.0
2017-10-10,72.44,72.85,71.75,72.53,65400.0,4684937.0
2017-10-11,72.53,72.9,72.01,72.71,111207.0,8008244.0
2017-10-12,72.85,72.85,71.84,72.2,129200.0,9259203.0
2017-10-13,71.74,72.58,71.74,72.5,67798.0,4860756.0
2017-10-16,71.84,72.13,70.22,70.63,183200.0,12900934.0
2017-10-17,69.92,71.08,69.92,70.64,52605.0,3681795.0
2017-10-18,71.66,71.94,70.13,70.58,116100.0,8094688.0
2017-10-19,71.72,71.72,69.47,69.68,71600.0,4966736.0
2017-10-20,70.56,71.23,69.32,71.13,115100.0,7975437.0
2017-10-23,70.91,71.47,70.43,70.79,105300.0,7379954.0
2017-10-24,70.53,71.02,69.34,69.59,124000.0,8591418.0
2017-10-25,69.91,70.58,69.55,69.94,97400.0,6746529.0
2017-10-26,69.94,70.55,69.62,70.52,92023.0,6387780.0
2017-10-27,70.42,72.65,70.41,71.53,309500.0,21992882.0
2017-10-30,71.57,72.7,70.66,71.64,201852.0,14352091.0
2017-10-31,71.6,72.07,70.98,72.05,396033.0,28191136.0
2017-11-01,72.06,74.11,72.06,72.82,496366.0,35919355.0
2017-11-02,72.8,73.22,72.16,72.87,282400.0,20333310.0
2017-11-03,73.32,73.32,72.53,72.67,204633.0,14761854.0
2017-11-06,72.63,73.25,72.24,72.59,159000.0,11433376.0
2017-11-07,72.34,72.9,71.96,72.62,202500.0,14548976.0
2017-11-08,72.62,73.04,72.25,72.34,187400.0,13473894.0
2017-11-09,71.75,79.58,71.75,79.58,1336750.0,101565173.0
2017-11-10,80.38,82.69,79.61,80.86,1422408.0,114508297.0
2017-11-13,81.11,82.53,79.21,81.21,805973.0,64151380.0
2017-11-14,81.21,85.21,80.23,84.6,1088224.0,89746557.0
2017-11-15,83.07,85.61,82.12,83.65,809445.0,66960423.0
2017-11-16,83.71,87.58,77.37,84.89,925500.0,52144353.0
2017-11-17,83.71,84.77,77.19,78.58,1203209.0,64370923.0
2017-11-20,79.23,81.56,75.98,79.82,671275.0,35133039.0
2017-11-21,79.82,81.56,78.81,78.96,679328.0,36060432.0
2017-11-22,77.19,78.4,73.46,73.9,1115564.0,55355704.0
2017-11-23,76.46,77.08,74.16,75.23,943400.0,47248587.0
2017-11-24,75.52,79.34,75.2,77.79,869914.0,44655936.0
2017-11-27,77.66,79.96,77.66,79.49,635409.0,33230127.0
2017-11-28,79.5,80.14,78.4,79.43,422700.0,22113202.0
2017-11-29,79.15,80.21,78.85,80.03,565581.0,29852515.0
2017-11-30,80.03,80.77,77.34,77.58,490203.0,25601394.0
2017-12-01,77.94,79.28,77.49,78.43,312200.0,16187586.0
2017-12-04,78.62,79.28,76.54,76.78,406450.0,20779115.0
2017-12-05,78.31,78.31,71.97,72.15,522950.0,25730171.0
2017-12-06,72.16,74.07,71.13,72.96,341600.0,16433135.0
2017-12-07,74.01,74.01,71.89,72.06,395700.0,19063486.0
2017-12-08,71.28,73.52,71.28,72.33,246871.0,11841732.0
2017-12-11,72.33,73.15,72.12,72.89,152422.0,7324882.0
2017-12-12,72.87,73.03,69.63,70.0,419059.0,19645264.0
2017-12-13,71.09,71.53,70.01,71.04,218800.0,10252695.0
2017-12-14,72.33,72.33,69.77,70.6,328050.0,15264263.0
2017-12-15,70.83,72.65,70.22,72.34,299850.0,14080992.0
2017-12-18,71.62,73.37,71.44,72.36,253597.0,12126990.0
2017-12-19,72.19,72.69,71.56,72.48,138500.0,6602356.0
2017-12-20,72.95,73.86,71.19,73.24,365961.0,17426272.0
2017-12-21,73.28,73.87,72.25,73.16,494999.0,23786745.0
2017-12-22,76.73,76.73,72.74,74.4,594202.0,29064847.0
2017-12-25,74.31,75.14,72.65,74.45,577608.0,28085905.0
2017-12-26,74.92,74.92,72.8,73.58,456300.0,22153418.0
2017-12-27,73.71,76.01,72.69,75.64,1146004.0,56331581.0
2017-12-28,75.52,77.64,74.46,77.1,788964.0,39481598.0
2017-12-29,77.0,77.16,75.04,76.76,419450.0,21071888.0
2018-01-02,76.55,76.72,74.57,75.84,703524.0,35014760.0
2018-01-03,77.19,78.09,75.05,77.64,1137117.0,57512077.0
2018-01-04,77.56,81.47,76.44,77.52,1270686.0,65256777.0
2018-01-05,77.34,77.88,75.7,76.58,542000.0,27382274.0
2018-01-08,75.67,75.67,74.37,75.01,519450.0,25728117.0
2018-01-09,74.36,76.13,74.27,74.7,243750.0,12103386.0
2018-01-10,74.72,74.72,72.66,73.36,427850.0,20740733.0
2018-01-11,73.37,73.37,71.27,71.8,201752.0,9591079.0
2018-01-12,72.19,73.63,71.27,73.45,338452.0,16225977.0
2018-01-15,73.83,73.83,70.22,71.1,288800.0,13617806.0
2018-01-16,71.42,72.62,69.85,71.69,275750.0,12914754.0
2018-01-17,71.54,73.19,70.95,72.34,401802.0,19117263.0
2018-01-18,72.19,72.5,70.95,71.39,181871.0,8587012.0
2018-01-19,71.34,71.87,69.88,71.03,389202.0,18153626.0
2018-01-22,70.78,70.78,67.8,68.38,518550.0,23564389.0
2018-01-23,69.0,69.0,62.17,64.7,892912.0,38053737.0
2018-01-24,64.82,64.82,60.54,63.11,1415700.0,58095957.0
2018-01-25,62.38,63.53,61.75,62.57,506971.0,21010176.0
2018-01-26,63.26,63.29,61.31,61.84,470230.0,19225398.0
2018-01-29,61.6,62.54,60.42,60.75,385400.0,15557667.0
2018-01-30,61.3,61.3,56.77,57.38,661118.0,25490618.0
2018-01-31,57.25,58.42,51.64,57.3,1858827.0,67010979.0
2018-02-01,56.0,56.01,51.56,51.56,781039.0,27371351.0
2018-02-02,46.51,49.94,46.4,46.42,1777676.0,54795492.0
2018-02-05,45.4,45.4,41.77,41.77,1506522.0,42754204.0
2018-03-02,42.09,45.95,39.97,45.95,4467873.0,129653648.0
2018-03-05,46.92,50.55,46.72,50.55,6818367.0,224714757.0
2018-03-06,52.74,55.39,51.46,52.52,7992822.0,280607925.0
2018-03-07,50.94,55.21,48.46,53.42,7392584.0,249008071.0
2018-03-08,51.47,53.44,51.46,52.26,4239396.0,146790268.0
2018-03-09,51.5,52.91,50.75,52.02,3212732.0,109697846.0
2018-03-12,51.5,52.94,51.03,52.84,3267150.0,111870512.0
2018-03-13,52.52,54.41,52.21,52.74,4287932.0,151843016.0
2018-03-14,51.44,51.76,50.17,50.2,2672800.0,89909055.0
2018-03-15,49.48,49.67,45.95,47.43,2614902.0,82520695.0
2018-03-16,48.17,49.02,47.45,47.49,1591343.0,50656915.0
2018-03-19,46.25,48.73,46.25,47.67,1144993.0,36166340.0
2018-03-20,47.49,47.64,46.19,47.2,1112371.0,34403505.0
2018-03-21,47.51,48.34,46.19,46.34,1353571.0,42382559.0
2018-03-22,45.43,46.66,45.43,45.95,948550.0,28793353.0
2018-03-23,45.1,45.1,41.35,42.38,1922500.0,54462299.0
2018-03-26,42.0,46.62,41.24,46.62,2027512.0,59968690.0
2018-03-27,49.19,50.55,47.02,47.9,3673080.0,118289867.0
2018-03-28,46.93,47.9,46.74,47.39,2006682.0,62645256.0
2018-03-29,47.2,48.43,47.1,47.57,1674950.0,52835813.0
2018-03-30,47.67,49.19,47.67,48.52,2292132.0,73581761.0
2018-04-02,48.58,49.11,47.67,47.87,1544254.0,49209839.0
2018-04-03,47.14,47.14,45.24,45.33,1438400.0,43660324.0
2018-04-04,45.98,49.87,45.98,48.05,3050192.0,97760252.0
2018-04-09,47.7,47.7,45.4,46.65,1672750.0,51314469.0
2018-04-10,46.6,47.46,45.43,46.12,1536609.0,46579805.0
2018-04-11,46.27,46.45,45.49,45.95,1681034.0,50863318.0
2018-04-12,45.52,45.86,44.42,44.56,1688150.0,50136017.0
2018-04-13,44.6,46.13,44.6,45.1,1285750.0,38553235.0
2018-04-16,45.84,46.16,44.89,44.92,1122750.0,33765887.0
2018-04-17,43.94,45.68,43.92,44.16,908300.0,26609122.0
2018-04-18,44.75,44.75,42.98,44.24,1107900.0,32018705.0
2018-04-19,44.34,44.5,43.13,43.97,828450.0,24118347.0
2018-04-20,44.0,44.12,42.38,42.68,1000250.0,28575713.0
2018-04-23,42.53,43.1,40.86,41.71,779650.0,21607426.0
2018-04-24,41.32,42.65,41.05,42.32,926350.0,25789925.0
2018-04-25,42.21,42.38,41.77,42.3,759686.0,21146168.0
2018-04-26,42.36,42.98,40.42,40.5,1116550.0,30704870.0
2018-04-27,40.86,41.14,40.09,40.94,984100.0,26509765.0
2018-05-02,40.94,41.3,40.15,40.52,688050.0,18474595.0
2018-05-03,40.12,41.05,40.12,40.88,680150.0,18262236.0
2018-05-04,41.11,41.53,40.74,41.42,864800.0,23525109.0
2018-05-07,41.3,43.39,40.98,42.45,1337950.0,37300913.0
2018-05-08,42.35,43.54,42.1,42.51,1059521.0,29893271.0
2018-05-09,42.32,42.6,41.89,42.1,680030.0,18972233.0
2018-05-10,42.07,42.51,41.58,42.29,774384.0,21548706.0
2018-05-11,42.42,46.42,42.12,43.89,2797055.0,82360894.0
2018-05-14,43.6,45.01,42.8,44.8,1891305.0,54831915.0
2018-05-15,44.31,45.22,43.97,44.41,1189660.0,34922134.0
2018-05-16,43.59,45.09,43.59,44.21,1155388.0,33873836.0
2018-05-17,44.01,44.89,44.01,44.81,1132650.0,33251491.0
2018-05-18,44.81,45.1,44.19,44.71,986859.0,29144132.0
2018-05-21,45.83,45.83,44.3,44.74,1047250.0,30950172.0
2018-05-22,44.88,45.86,44.06,44.66,787616.0,16431262.0
2018-05-23,43.85,44.6,41.39,42.08,1942664.0,38701939.0
2018-05-24,42.05,42.55,41.63,41.76,1035307.0,20317891.0
2018-05-25,42.1,42.1,40.39,40.6,1260111.0,24163544.0
2018-05-28,40.28,41.24,39.85,40.26,831403.0,15726639.0
2018-05-29,40.24,40.86,38.89,39.0,1051110.0,19603587.0
2018-05-30,38.74,38.74,35.11,35.11,1932980.0,32724166.0
2018-05-31,35.22,36.18,34.75,35.26,1198403.0,19828804.0
2018-06-01,35.02,35.02,33.87,34.34,1282261.0,20611005.0
2018-06-04,34.83,34.88,33.14,33.85,969520.0,15492463.0
2018-06-05,34.49,36.03,32.38,35.69,1735944.0,28413602.0
2018-06-06,35.54,38.89,35.07,36.46,2220381.0,38596938.0
2018-06-07,36.14,37.16,35.26,35.37,1386018.0,23313984.0
2018-06-08,35.52,35.88,33.94,34.49,1254710.0,20245271.0
2018-06-11,34.34,35.26,33.94,34.51,1405944.0,22728690.0
2018-06-12,34.62,35.02,33.34,33.96,1740677.0,27556335.0
2018-06-13,33.98,34.08,31.16,31.63,2218610.0,34010869.0
2018-06-14,31.95,32.44,31.24,31.99,1566305.0,23498423.0
2018-06-15,32.55,32.61,29.77,29.83,1941120.0,28004483.0
2018-06-19,29.68,29.68,26.84,26.84,1832880.0,23861414.0
2018-06-20,26.8,26.8,24.85,25.92,3425396.0,41402812.0
2018-06-21,25.88,26.82,24.57,24.9,3074257.0,37188591.0
2018-06-22,24.6,27.4,24.25,27.4,2244485.0,27814319.0
2018-06-25,29.53,30.13,27.8,28.02,7379044.0,100099583.0
2018-06-26,26.93,27.63,26.61,27.52,4124640.0,52573579.0
2018-06-27,27.63,29.75,27.63,28.21,5128260.0,68519907.0
2018-06-28,26.97,27.72,26.52,26.61,3641700.0,46086850.0
2018-06-29,26.61,29.28,26.5,29.28,6706295.0,90159018.0
2018-07-02,29.92,31.5,29.34,30.62,10619450.0,150853315.0
2018-07-03,30.0,33.23,29.38,31.99,7833238.0,112792473.0
2018-07-04,31.78,31.78,29.96,30.09,4968261.0,71248903.0
2018-07-05,30.41,31.2,29.02,29.43,4149657.0,58564131.0
2018-07-06,29.02,30.3,28.14,29.15,3695507.0,50887803.0
2018-07-09,29.25,30.94,28.59,30.52,4474110.0,63127304.0
2018-07-10,30.2,30.47,29.45,30.34,3192355.0,44940668.0
2018-07-11,30.88,30.88,27.7,28.61,3547793.0,48125372.0
2018-07-12,28.79,29.85,28.79,29.58,3173330.0,43655538.0
2018-07-13,29.49,32.25,28.16,30.71,5706732.0,82421514.0
2018-07-16,30.09,30.99,29.96,30.84,3065083.0,43707286.0
2018-07-17,30.47,30.77,30.13,30.69,2298079.0,32779772.0
2018-07-18,30.77,32.84,30.77,31.97,6620393.0,98054604.0
2018-07-19,31.63,31.75,30.77,31.01,3449934.0,50354777.0
2018-07-20,30.79,31.35,30.56,31.05,2174262.0,31511254.0
2018-07-23,30.99,31.2,30.34,30.86,2447628.0,35174065.0
2018-07-24,30.73,31.95,30.56,31.86,3718233.0,54479959.0
2018-07-25,31.65,32.03,31.24,31.61,3331408.0,49178116.0
2018-07-26,31.29,32.01,31.29,31.39,2580260.0,38289284.0
2018-07-27,31.37,32.27,31.2,31.61,2328353.0,34622508.0
2018-07-30,31.35,31.39,30.15,31.11,1857147.0,26853079.0
2018-07-31,31.26,31.54,30.34,31.26,1934261.0,27997443.0
2018-08-01,34.38,34.38,34.38,34.38,1547610.0,24901045.0
2018-08-02,35.88,37.82,32.99,36.73,15464214.0,255907803.0
2018-08-03,35.69,36.16,33.76,33.96,8275291.0,135954461.0
2018-08-06,33.44,37.35,32.8,36.86,11503624.0,191886053.0
2018-08-07,35.9,39.04,35.69,37.63,11261422.0,196344064.0
2018-08-08,37.29,38.36,35.9,36.46,8102377.0,141406296.0
2018-08-09,36.33,38.17,35.52,37.76,7830731.0,135119649.0
2018-08-10,37.99,38.79,37.63,38.42,7234197.0,129531305.0
2018-08-13,37.57,38.74,37.27,38.06,5192246.0,92369992.0
2018-08-14,38.08,38.83,37.14,37.23,4806580.0,85171011.0
2018-08-15,37.35,37.35,35.47,35.77,5034267.0,85380910.0
2018-08-16,35.24,36.71,34.83,36.26,4847319.0,81794496.0
2018-08-17,36.71,36.95,34.41,34.53,3796460.0,63228005.0
2018-08-20,34.19,35.69,32.93,34.64,4026327.0,64125502.0
2018-08-21,34.62,34.73,33.87,34.19,3186507.0,51118136.0
2018-08-22,33.94,34.38,32.35,32.4,3900699.0,60344957.0
2018-08-23,32.95,35.58,32.95,33.68,5874199.0,92854222.0
2018-08-24,34.15,34.15,32.46,33.34,4752499.0,74089703.0
2018-08-27,35.47,36.67,35.43,36.67,3864540.0,65609240.0
2018-08-28,38.74,40.35,38.51,40.35,19733700.0,367904533.0
2018-08-29,39.81,41.2,38.53,40.92,19055454.0,355440275.0
2018-08-30,40.17,40.58,38.64,38.87,11709930.0,215780675.0
2018-08-31,39.52,40.45,37.11,38.17,9805001.0,126184849.0
2018-09-03,37.72,40.15,37.27,40.03,19396792.0,253267840.0
2018-09-04,39.82,39.97,38.53,39.37,14188373.0,185804349.0
2018-09-05,38.47,38.86,35.64,35.64,16800700.0,208039296.0
2018-09-06,34.35,34.95,33.24,33.84,12390168.0,140419401.0
2018-09-07,34.17,37.11,33.87,34.41,13467253.0,156333169.0
2018-09-10,36.21,37.87,36.21,37.87,5627167.0,70210731.0
2018-09-11,40.27,41.65,38.35,41.65,37502669.0,508146402.0
2018-09-12,42.07,43.58,38.47,40.24,33950086.0,461922924.0
2018-09-13,39.25,40.06,37.27,39.13,22353000.0,287798678.0
2018-09-14,38.02,38.59,36.06,36.24,16111121.0,198979605.0
2018-09-17,35.88,37.96,34.86,37.62,13399537.0,162426775.0
2018-09-18,36.93,37.53,36.36,37.3,11657014.0,143469168.0
2018-09-19,37.11,38.08,36.09,38.08,12164218.0,149649446.0
2018-09-20,37.72,39.49,37.66,37.84,15135245.0,193878777.0
2018-09-21,36.99,37.87,36.24,37.3,8586000.0,105996762.0
2018-09-25,35.34,36.66,35.34,36.48,5898893.0,71222678.0
2018-09-26,36.12,38.83,36.12,37.72,10425229.0,130015475.0
2018-09-27,37.72,37.87,35.64,35.7,8572004.0,104170997.0
2018-09-28,35.46,36.51,34.29,35.04,7429203.0,86655451.0
2018-10-08,34.29,34.41,32.4,32.46,6157471.0,68586678.0
2018-10-09,32.28,33.27,32.28,32.85,3529878.0,38569823.0
2018-10-10,32.91,33.24,31.86,33.18,4032401.0,43992121.0
2018-10-11,31.86,31.86,29.87,29.87,5706836.0,57664789.0
2018-10-12,28.58,28.85,27.05,28.73,5731048.0,53411317.0
2018-10-15,29.0,29.24,27.41,27.89,3285290.0,31016766.0
2018-10-16,27.92,28.16,26.11,26.39,5072086.0,45625981.0
2018-10-17,26.87,27.65,25.51,26.69,4392246.0,38749507.0
2018-10-18,26.69,26.72,25.54,25.91,3576798.0,31043968.0
2018-10-19,25.82,26.6,25.18,26.45,3163679.0,27515746.0
2018-10-22,28.01,28.04,27.11,27.83,5039612.0,46351898.0
2018-10-23,27.62,30.62,27.17,28.76,8306549.0,79989979.0
2018-10-24,28.55,28.64,27.53,28.43,5566748.0,52139569.0
2018-10-25,27.05,27.89,26.18,27.68,3793530.0,34321225.0
2018-10-26,28.46,28.46,27.38,27.56,2883623.0,26689104.0
2018-10-29,27.44,27.8,26.78,27.14,1929061.0,17494721.0
2018-10-30,27.29,27.8,26.78,27.71,3115715.0,28512027.0
2018-10-31,27.74,28.67,27.65,28.22,3704260.0,34890533.0
2018-11-01,28.43,28.82,28.1,28.1,3620672.0,34264501.0
2018-11-02,28.7,29.36,28.16,28.97,5199621.0,49650343.0
2018-11-05,28.88,29.51,28.61,29.33,5388065.0,52154028.0
2018-11-06,29.87,30.74,28.94,30.65,8685398.0,86504090.0
2018-11-07,30.5,30.56,29.84,30.26,5519508.0,55398975.0
2018-11-08,30.14,30.62,30.11,30.44,3933436.0,39743130.0
2018-11-09,30.35,30.35,29.81,30.02,2211292.0,22141486.0
2018-11-12,33.03,33.03,33.03,33.03,5186433.0,56998899.0
2018-11-13,33.03,35.55,32.64,33.12,15780365.0,177699394.0
